2014.10.23 11:00:01.839,0.98759,0.98785,1.27,1.27
2014.10.23 11:00:01.998,0.98759,0.98781,2.77,1.00
2014.10.23 11:00:02.526,0.98762,0.98781,1.15,1.00
2014.10.23 11:00:09.750,0.98762,0.98781,1.52,1.00
2014.10.23 11:00:09.851,0.98762,0.98787,1.52,1.00
2014.10.23 11:00:10.003,0.98762,0.98786,1.65,1.37
2014.10.23 11:00:10.305,0.9876,0.98782,1.50,1.17
2014.10.23 11:00:10.406,0.9876,0.98784,1.65,1.00
2014.10.23 11:00:10.809,0.98759,0.98783,2.40,1.00
2014.10.23 11:00:10.969,0.98759,0.98783,1.00,1.15
2014.10.23 11:00:11.500,0.98757,0.98781,1.57,1.20
2014.10.23 11:00:12.210,0.98758,0.98784,1.65,1.27
2014.10.23 11:00:17.090,0.98763,0.98787,1.00,4.20
2014.10.23 11:00:17.191,0.98763,0.98787,1.57,1.17
2014.10.23 11:00:17.764,0.98763,0.98787,1.65,1.00
2014.10.23 11:00:19.184,0.98767,0.98791,1.00,1.15
2014.10.23 11:00:19.285,0.98767,0.98791,2.77,1.00
2014.10.23 11:00:19.436,0.98769,0.98795,1.20,1.15
2014.10.23 11:00:19.538,0.98766,0.9879,1.15,1.00
2014.10.23 11:00:19.588,0.98766,0.9879,1.15,1.57
2014.10.23 11:00:20.230,0.98763,0.98789,2.02,1.27
2014.10.23 11:00:22.921,0.98767,0.98792,1.00,1.52
2014.10.23 11:00:23.022,0.98766,0.98792,1.27,2.02
2014.10.23 11:00:23.224,0.98769,0.98794,1.65,1.27
2014.10.23 11:00:23.787,0.98769,0.98794,2.02,1.10
2014.10.23 11:00:23.989,0.98764,0.98793,5.70,1.20
2014.10.23 11:00:24.040,0.98764,0.98791,5.70,1.37
2014.10.23 11:00:24.090,0.98765,0.98791,1.65,1.55
2014.10.23 11:00:24.505,0.98765,0.98789,1.07,1.17
2014.10.23 11:00:25.018,0.98765,0.98789,1.17,1.10
2014.10.23 11:00:25.655,0.98765,0.98789,1.17,1.47
2014.10.23 11:00:26.208,0.98765,0.98789,1.17,1.20
2014.10.23 11:00:27.948,0.98769,0.98791,1.00,1.17
2014.10.23 11:00:27.999,0.98769,0.98791,1.07,1.00
2014.10.23 11:00:28.100,0.98769,0.98793,1.65,1.00
2014.10.23 11:00:28.622,0.98769,0.98792,1.07,1.20
2014.10.23 11:00:28.824,0.98766,0.98791,2.40,1.27
2014.10.23 11:00:29.035,0.98766,0.98791,1.15,1.57
2014.10.23 11:00:29.238,0.98763,0.98789,2.40,1.27
2014.10.23 11:00:47.583,0.98764,0.9879,1.15,1.07
2014.10.23 11:00:47.633,0.98767,0.98791,1.17,1.12
2014.10.23 11:00:53.206,0.98769,0.98791,1.00,1.00
2014.10.23 11:00:53.833,0.98769,0.98793,1.00,1.55
2014.10.23 11:00:53.943,0.98771,0.98795,1.00,1.52
2014.10.23 11:00:54.044,0.98771,0.98795,1.10,1.10
2014.10.23 11:00:54.094,0.98771,0.98795,1.17,1.10
2014.10.23 11:00:54.251,0.98772,0.988,2.02,1.52
2014.10.23 11:00:58.405,0.98771,0.988,1.27,1.52
2014.10.23 11:00:58.949,0.9877,0.98798,5.62,1.37
2014.10.23 11:00:59.100,0.9877,0.98798,1.15,1.52
2014.10.23 11:00:59.944,0.98769,0.98797,1.15,1.52
2014.10.23 11:00:59.995,0.98769,0.98797,1.15,1.52
2014.10.23 11:01:00.146,0.98769,0.98792,1.15,1.37
2014.10.23 11:01:01.918,0.98769,0.98792,1.10,1.45
2014.10.23 11:01:03.045,0.98769,0.98792,1.10,1.45
2014.10.23 11:01:03.612,0.98765,0.98791,1.07,1.52
2014.10.23 11:01:03.714,0.98765,0.98791,1.00,1.52
2014.10.23 11:01:04.221,0.98763,0.98789,3.15,1.52
2014.10.23 11:01:21.842,0.98763,0.98789,2.02,1.07
2014.10.23 11:01:21.893,0.98764,0.98786,1.15,1.00
2014.10.23 11:01:22.146,0.98769,0.98795,1.55,1.65
2014.10.23 11:01:22.298,0.98769,0.98797,2.77,1.52
2014.10.23 11:01:25.753,0.98773,0.98798,1.50,1.52
2014.10.23 11:01:26.418,0.98774,0.98798,1.50,1.52
2014.10.23 11:01:27.328,0.98774,0.98798,1.65,1.55
2014.10.23 11:01:27.726,0.98769,0.98797,3.15,1.55
2014.10.23 11:01:28.028,0.9877,0.98797,4.20,1.12
2014.10.23 11:01:30.149,0.9877,0.988,1.52,1.52
2014.10.23 11:01:31.347,0.98769,0.98797,2.02,1.52
2014.10.23 11:01:31.878,0.98771,0.98798,1.17,1.27
2014.10.23 11:01:32.615,0.98771,0.98798,1.15,1.27
2014.10.23 11:01:33.358,0.98771,0.98798,1.52,1.20
2014.10.23 11:01:41.762,0.98775,0.98802,1.07,3.52
2014.10.23 11:01:41.813,0.98775,0.98802,1.15,3.52
2014.10.23 11:01:43.354,0.98775,0.98802,1.15,2.77
2014.10.23 11:01:44.302,0.98775,0.98802,1.15,2.77
2014.10.23 11:01:47.101,0.98775,0.98802,1.10,2.77
2014.10.23 11:01:52.183,0.98776,0.98802,1.00,2.02
2014.10.23 11:01:52.233,0.98776,0.98802,1.15,1.57
2014.10.23 11:01:56.355,0.98779,0.988,1.10,1.50
2014.10.23 11:01:56.709,0.98774,0.98798,1.65,1.00
2014.10.23 11:01:57.785,0.98776,0.988,1.15,1.10
2014.10.23 11:01:59.912,0.98776,0.988,1.15,1.47
2014.10.23 11:02:02.521,0.98774,0.988,1.15,1.05
2014.10.23 11:02:02.824,0.9877,0.98791,1.15,1.00
2014.10.23 11:02:02.875,0.9877,0.98794,1.15,2.70
2014.10.23 11:02:03.177,0.9877,0.98791,1.15,1.00
2014.10.23 11:02:03.278,0.9877,0.98791,1.00,1.00
2014.10.23 11:02:04.824,0.9877,0.98794,1.00,2.77
2014.10.23 11:02:11.844,0.98768,0.98792,1.15,1.12
2014.10.23 11:02:11.895,0.98769,0.98789,1.20,1.50
2014.10.23 11:02:12.409,0.98767,0.98789,1.15,1.50
2014.10.23 11:02:12.460,0.98768,0.98792,1.20,1.52
2014.10.23 11:02:20.720,0.98768,0.98792,1.20,1.52
2014.10.23 11:02:21.262,0.98766,0.9879,1.15,1.07
2014.10.23 11:02:21.825,0.98766,0.9879,1.15,1.00
2014.10.23 11:02:22.332,0.98766,0.9879,1.15,1.37
2014.10.23 11:02:22.383,0.98764,0.98788,1.17,1.17
2014.10.23 11:02:22.686,0.98766,0.9879,1.15,1.00
2014.10.23 11:02:22.787,0.98769,0.98793,1.10,1.20
2014.10.23 11:02:25.240,0.98769,0.98792,1.10,1.50
2014.10.23 11:02:25.592,0.98765,0.98791,1.15,1.55
2014.10.23 11:02:25.693,0.98763,0.98788,1.15,1.10
2014.10.23 11:02:38.848,0.98764,0.98788,1.15,1.37
2014.10.23 11:02:48.082,0.98766,0.9879,1.17,1.47
2014.10.23 11:02:52.874,0.98766,0.9879,1.17,1.20
2014.10.23 11:02:55.352,0.98768,0.9879,2.32,1.00
2014.10.23 11:02:55.402,0.98771,0.98795,1.17,1.10
2014.10.23 11:02:55.453,0.98771,0.98795,1.15,1.00
2014.10.23 11:02:55.769,0.98771,0.98791,1.15,1.00
2014.10.23 11:02:55.971,0.98769,0.98791,2.25,1.00
2014.10.23 11:02:56.022,0.98769,0.98792,1.50,1.95
2014.10.23 11:02:56.325,0.98768,0.98786,1.00,1.00
2014.10.23 11:02:56.476,0.98768,0.9879,1.00,1.50
2014.10.23 11:02:56.678,0.98764,0.98786,3.15,1.00
2014.10.23 11:02:56.980,0.98763,0.98786,2.32,1.07
2014.10.23 11:02:57.517,0.98763,0.98786,1.10,1.45
2014.10.23 11:02:58.071,0.98764,0.98786,1.00,1.95
2014.10.23 11:02:58.365,0.98764,0.98786,1.20,1.87
2014.10.23 11:02:58.516,0.98762,0.98786,1.07,2.02
2014.10.23 11:02:58.617,0.98759,0.98783,2.40,1.00
2014.10.23 11:02:58.768,0.98758,0.98783,1.17,1.27
2014.10.23 11:03:08.077,0.98756,0.98779,1.65,1.00
2014.10.23 11:03:08.178,0.98755,0.98779,2.40,1.00
2014.10.23 11:03:08.777,0.98757,0.98781,1.00,1.65
2014.10.23 11:03:09.939,0.98757,0.98781,1.07,1.57
2014.10.23 11:03:10.442,0.98757,0.98781,1.15,1.95
2014.10.23 11:03:10.950,0.98759,0.98781,1.65,1.00
2014.10.23 11:03:11.051,0.98759,0.98781,1.65,1.00
2014.10.23 11:03:11.612,0.98764,0.98785,1.00,1.12
2014.10.23 11:03:12.140,0.98763,0.98787,1.50,1.27
2014.10.23 11:03:12.392,0.98762,0.98783,1.65,1.37
2014.10.23 11:03:12.493,0.98759,0.98783,1.10,1.47
2014.10.23 11:03:12.997,0.98755,0.98781,1.15,2.02
2014.10.23 11:03:13.990,0.98755,0.98781,1.15,2.02
2014.10.23 11:03:14.041,0.98755,0.98776,1.15,1.00
2014.10.23 11:03:14.142,0.98759,0.98781,1.00,2.02
2014.10.23 11:03:16.880,0.98755,0.98777,2.40,1.00
2014.10.23 11:03:18.676,0.98757,0.98776,1.65,1.00
2014.10.23 11:03:21.610,0.98757,0.98777,1.65,1.00
2014.10.23 11:03:23.201,0.98757,0.98776,1.65,1.00
2014.10.23 11:03:26.161,0.98755,0.98781,1.15,3.52
2014.10.23 11:03:28.527,0.98755,0.98779,1.15,1.00
2014.10.23 11:03:31.015,0.98755,0.98779,1.15,1.37
2014.10.23 11:03:31.798,0.98755,0.98779,1.15,1.37
2014.10.23 11:03:32.610,0.98755,0.98776,1.15,1.00
2014.10.23 11:03:37.891,0.98755,0.98779,2.40,1.12
2014.10.23 11:03:38.880,0.98755,0.98776,2.40,1.00
2014.10.23 11:03:42.417,0.98757,0.98782,1.17,1.87
2014.10.23 11:03:42.569,0.98757,0.98782,1.15,1.80
2014.10.23 11:03:43.102,0.98759,0.98782,1.65,1.00
2014.10.23 11:03:44.330,0.9876,0.98782,1.50,1.00
2014.10.23 11:03:44.633,0.9876,0.98781,1.65,1.00
2014.10.23 11:03:45.186,0.9876,0.98786,2.40,1.52
2014.10.23 11:03:51.607,0.9876,0.98786,2.32,1.52
2014.10.23 11:03:51.657,0.9876,0.98786,2.25,3.45
2014.10.23 11:03:52.010,0.98757,0.98779,1.65,1.00
2014.10.23 11:03:52.162,0.98755,0.98779,1.10,1.10
2014.10.23 11:03:52.212,0.98759,0.98782,1.00,1.45
2014.10.23 11:03:52.263,0.98759,0.98782,2.32,1.45
2014.10.23 11:03:52.716,0.98761,0.98785,1.57,1.17
2014.10.23 11:03:52.767,0.98761,0.98785,1.65,1.17
2014.10.23 11:03:53.410,0.98761,0.98785,1.65,1.07
2014.10.23 11:03:53.732,0.98762,0.98786,1.15,1.00
2014.10.23 11:03:54.986,0.98762,0.98782,1.15,1.00
2014.10.23 11:03:55.288,0.98754,0.98778,2.40,1.27
2014.10.23 11:03:55.439,0.98754,0.98776,2.40,1.00
2014.10.23 11:03:55.982,0.98754,0.98777,1.20,1.12
2014.10.23 11:03:57.428,0.98754,0.98776,1.20,1.00
2014.10.23 11:03:59.169,0.98754,0.98777,1.20,1.12
2014.10.23 11:04:00.240,0.98754,0.98776,1.20,1.00
2014.10.23 11:04:04.466,0.98755,0.98776,1.00,1.00
2014.10.23 11:04:07.080,0.98755,0.98777,1.00,1.00
2014.10.23 11:04:07.879,0.98753,0.98776,1.65,1.12
2014.10.23 11:04:08.702,0.98752,0.98776,2.32,1.20
2014.10.23 11:04:15.175,0.98753,0.98776,1.57,1.45
2014.10.23 11:04:30.629,0.98753,0.98776,1.57,1.45
2014.10.23 11:04:32.126,0.98753,0.98776,1.57,1.45
2014.10.23 11:04:44.494,0.98751,0.98773,1.65,1.37
2014.10.23 11:04:44.545,0.98749,0.98773,1.10,1.47
2014.10.23 11:04:44.596,0.98748,0.98771,1.65,1.87
2014.10.23 11:04:44.747,0.98743,0.98768,1.15,1.20
2014.10.23 11:04:44.848,0.98743,0.98768,1.07,1.15
2014.10.23 11:04:46.178,0.98749,0.98768,1.00,1.52
2014.10.23 11:04:46.279,0.98749,0.98768,1.00,1.55
2014.10.23 11:04:46.802,0.98748,0.98768,1.00,1.55
2014.10.23 11:04:47.177,0.98748,0.98763,1.00,1.00
2014.10.23 11:04:47.793,0.98748,0.98766,1.00,1.27
2014.10.23 11:04:52.619,0.98744,0.98766,1.00,2.02
2014.10.23 11:05:04.824,0.98743,0.98766,2.25,1.55
2014.10.23 11:05:04.985,0.9875,0.98767,1.50,1.55
2014.10.23 11:05:05.087,0.9875,0.98772,1.50,1.55
2014.10.23 11:05:05.238,0.98751,0.98772,1.57,1.47
2014.10.23 11:05:05.968,0.98751,0.98772,1.57,1.10
2014.10.23 11:05:17.243,0.9875,0.98772,1.57,1.47
2014.10.23 11:05:18.168,0.9875,0.98772,1.57,1.47
2014.10.23 11:05:25.549,0.9875,0.98774,1.57,1.52
2014.10.23 11:05:30.872,0.9875,0.98774,1.50,1.52
2014.10.23 11:05:32.298,0.9875,0.98772,1.50,1.37
2014.10.23 11:05:34.982,0.9875,0.98772,1.50,1.37
2014.10.23 11:05:49.708,0.9875,0.98772,1.50,1.37
2014.10.23 11:05:50.251,0.9875,0.98771,1.50,1.37
2014.10.23 11:05:51.441,0.9875,0.98771,1.50,1.37
2014.10.23 11:05:51.643,0.98745,0.98766,1.50,1.37
2014.10.23 11:05:51.744,0.98741,0.98766,2.40,1.12
2014.10.23 11:05:54.360,0.98741,0.98767,2.40,1.95
2014.10.23 11:05:54.982,0.98741,0.98766,2.40,1.00
2014.10.23 11:05:55.894,0.98741,0.98767,2.40,1.95
2014.10.23 11:05:56.439,0.98741,0.98766,2.40,1.00
2014.10.23 11:05:56.489,0.98748,0.98766,1.50,1.00
2014.10.23 11:05:56.590,0.98748,0.98769,1.57,1.10
2014.10.23 11:05:56.661,0.9875,0.98773,1.50,1.52
2014.10.23 11:05:56.711,0.98748,0.98773,1.65,1.52
2014.10.23 11:05:56.762,0.98748,0.98773,1.65,1.37
2014.10.23 11:05:57.444,0.98748,0.98773,1.65,1.37
2014.10.23 11:05:57.953,0.98749,0.98773,1.65,1.37
2014.10.23 11:06:10.625,0.9875,0.98774,1.10,1.47
2014.10.23 11:06:11.989,0.9875,0.98774,1.10,1.47
2014.10.23 11:06:13.009,0.98749,0.98773,2.40,1.12
2014.10.23 11:06:15.298,0.98749,0.98773,1.65,1.37
2014.10.23 11:06:18.687,0.98749,0.98775,3.15,1.55
2014.10.23 11:06:19.242,0.98749,0.98775,3.15,1.57
2014.10.23 11:06:21.783,0.98749,0.98775,3.15,1.27
2014.10.23 11:06:30.583,0.98749,0.98775,2.40,1.57
2014.10.23 11:06:31.127,0.98749,0.98775,2.40,1.57
2014.10.23 11:06:31.649,0.98749,0.98775,2.32,1.52
2014.10.23 11:06:32.809,0.98749,0.98775,2.32,1.52
2014.10.23 11:06:33.762,0.98749,0.98775,2.25,1.90
2014.10.23 11:06:33.914,0.98743,0.98767,1.57,1.45
2014.10.23 11:06:34.065,0.98744,0.98767,1.00,1.45
2014.10.23 11:06:34.620,0.98743,0.98767,1.50,1.52
2014.10.23 11:06:35.281,0.98744,0.98767,1.00,1.52
2014.10.23 11:06:36.472,0.98744,0.98767,1.00,1.52
2014.10.23 11:06:36.535,0.98744,0.98767,1.00,1.27
2014.10.23 11:06:37.921,0.98744,0.98764,1.00,1.00
2014.10.23 11:06:37.972,0.98744,0.98764,1.00,1.37
2014.10.23 11:06:38.174,0.98738,0.98762,2.25,1.15
2014.10.23 11:06:38.325,0.98738,0.98762,2.32,1.10
2014.10.23 11:06:38.376,0.98739,0.98761,1.07,1.00
2014.10.23 11:06:39.123,0.98738,0.98762,2.40,1.00
2014.10.23 11:06:39.562,0.98743,0.98763,1.00,1.12
2014.10.23 11:06:43.602,0.98743,0.98766,1.00,1.27
2014.10.23 11:06:44.015,0.98744,0.98765,1.00,1.45
2014.10.23 11:06:44.267,0.98739,0.98765,2.40,1.15
2014.10.23 11:06:44.670,0.98743,0.98765,1.00,1.15
2014.10.23 11:06:45.173,0.98744,0.98765,1.00,1.52
2014.10.23 11:06:46.663,0.98744,0.98765,1.00,1.52
2014.10.23 11:06:47.337,0.98744,0.98765,1.00,1.52
2014.10.23 11:06:49.931,0.98743,0.98765,1.00,1.15
2014.10.23 11:06:50.452,0.98744,0.98765,1.00,1.15
2014.10.23 11:06:53.729,0.98745,0.98769,1.00,4.87
2014.10.23 11:06:54.244,0.98744,0.9877,1.00,2.70
2014.10.23 11:06:55.564,0.98743,0.98766,1.10,1.07
2014.10.23 11:06:56.733,0.98743,0.98766,1.00,1.15
2014.10.23 11:06:58.457,0.98743,0.98766,1.00,1.15
2014.10.23 11:06:58.988,0.98742,0.98766,1.00,1.55
2014.10.23 11:06:59.533,0.98739,0.98763,1.15,1.10
2014.10.23 11:06:59.835,0.98738,0.98759,1.00,1.15
2014.10.23 11:07:00.432,0.98738,0.98761,1.00,1.52
2014.10.23 11:07:00.533,0.98739,0.98761,1.10,1.65
2014.10.23 11:07:01.042,0.98739,0.98764,1.07,1.17
2014.10.23 11:07:01.142,0.9874,0.98764,1.65,1.20
2014.10.23 11:07:01.193,0.98742,0.98766,1.00,1.65
2014.10.23 11:07:04.766,0.98742,0.98766,1.17,1.65
2014.10.23 11:07:16.525,0.9874,0.98766,1.07,1.52
2014.10.23 11:07:16.576,0.9874,0.98766,1.10,1.52
2014.10.23 11:07:20.412,0.98741,0.98765,1.00,1.15
2014.10.23 11:07:21.236,0.98738,0.98767,2.40,4.20
2014.10.23 11:07:26.838,0.98738,0.98761,1.65,1.00
2014.10.23 11:07:27.341,0.98738,0.98763,1.65,1.07
2014.10.23 11:07:28.664,0.98738,0.98763,1.65,1.45
2014.10.23 11:07:29.194,0.98738,0.98763,1.65,1.07
2014.10.23 11:07:48.525,0.98739,0.98763,1.45,1.07
2014.10.23 11:07:49.246,0.98739,0.98763,1.45,1.00
2014.10.23 11:07:49.548,0.98748,0.9877,1.00,1.42
2014.10.23 11:07:49.649,0.98749,0.98771,1.10,1.10
2014.10.23 11:07:49.960,0.98749,0.98773,1.07,1.10
2014.10.23 11:07:50.061,0.98749,0.98773,1.17,1.00
2014.10.23 11:08:02.547,0.98754,0.98778,1.00,1.52
2014.10.23 11:08:02.698,0.98754,0.98778,1.20,1.20
2014.10.23 11:08:02.850,0.98753,0.98776,2.40,1.00
2014.10.23 11:08:03.102,0.98752,0.98776,1.20,2.02
2014.10.23 11:08:03.450,0.98749,0.98774,1.65,1.00
2014.10.23 11:08:04.611,0.98749,0.98774,1.65,1.20
2014.10.23 11:08:04.977,0.98749,0.98771,1.65,1.00
2014.10.23 11:08:16.405,0.98748,0.98768,2.02,1.00
2014.10.23 11:08:16.464,0.98748,0.98772,2.02,1.00
2014.10.23 11:08:16.799,0.98748,0.98769,2.02,1.00
2014.10.23 11:08:16.950,0.98748,0.98773,2.02,1.00
2014.10.23 11:08:22.428,0.98748,0.98774,2.77,1.20
2014.10.23 11:08:26.560,0.98748,0.98771,1.65,1.37
2014.10.23 11:08:26.812,0.98744,0.98766,1.00,1.00
2014.10.23 11:08:26.913,0.98742,0.98766,1.17,1.57
2014.10.23 11:08:27.497,0.98742,0.98766,1.10,1.65
2014.10.23 11:08:36.570,0.98744,0.98766,1.00,1.17
2014.10.23 11:08:38.132,0.98742,0.98766,1.10,1.17
2014.10.23 11:08:39.692,0.98744,0.98766,1.00,1.17
2014.10.23 11:08:40.772,0.98742,0.98766,1.10,1.65
2014.10.23 11:08:44.854,0.9874,0.98764,1.57,1.20
2014.10.23 11:08:45.055,0.98743,0.98764,1.00,1.27
2014.10.23 11:08:46.141,0.98743,0.98764,1.00,1.10
2014.10.23 11:08:46.665,0.98743,0.98766,1.00,1.17
2014.10.23 11:08:47.779,0.98744,0.98766,1.50,1.17
2014.10.23 11:08:48.280,0.98744,0.98764,1.00,1.15
2014.10.23 11:08:55.599,0.98743,0.98764,1.00,1.15
2014.10.23 11:08:55.925,0.98743,0.98764,1.00,1.17
2014.10.23 11:08:55.976,0.9874,0.98764,1.00,1.17
2014.10.23 11:08:56.480,0.98739,0.98763,1.57,1.10
2014.10.23 11:09:02.296,0.98741,0.98764,1.00,1.17
2014.10.23 11:09:02.642,0.98744,0.98764,1.10,1.00
2014.10.23 11:09:07.614,0.98743,0.98767,1.17,1.27
2014.10.23 11:09:08.905,0.98743,0.98767,1.15,1.12
2014.10.23 11:09:08.956,0.98747,0.98772,1.12,2.40
2014.10.23 11:09:09.006,0.98747,0.98772,1.27,2.32
2014.10.23 11:09:09.409,0.98751,0.98771,1.65,1.00
2014.10.23 11:09:09.460,0.98751,0.98775,1.65,1.07
2014.10.23 11:09:10.037,0.98751,0.98775,1.65,1.00
2014.10.23 11:09:14.310,0.98751,0.98775,1.65,1.17
2014.10.23 11:09:19.810,0.98749,0.98771,2.77,1.00
2014.10.23 11:09:20.112,0.98749,0.98771,1.57,1.10
2014.10.23 11:09:41.660,0.98748,0.98772,1.00,1.15
2014.10.23 11:09:41.997,0.98745,0.98767,1.50,1.07
2014.10.23 11:09:42.321,0.98744,0.98766,1.50,1.27
2014.10.23 11:09:42.372,0.98741,0.98766,1.07,1.27
2014.10.23 11:09:42.884,0.98739,0.98763,3.15,1.20
2014.10.23 11:09:49.420,0.98739,0.98763,2.40,1.65
2014.10.23 11:09:49.521,0.98734,0.98757,1.15,1.12
2014.10.23 11:09:49.572,0.98734,0.98757,1.17,1.20
2014.10.23 11:09:49.673,0.98733,0.98757,2.32,2.02
2014.10.23 11:09:50.176,0.98729,0.98755,2.40,1.52
2014.10.23 11:09:56.871,0.98729,0.98752,2.40,1.00
2014.10.23 11:09:57.482,0.98729,0.98755,3.15,1.52
2014.10.23 11:10:18.628,0.9873,0.98754,1.00,1.52
2014.10.23 11:10:35.378,0.98732,0.98754,1.50,1.27
2014.10.23 11:10:35.530,0.9873,0.98754,2.25,1.27
2014.10.23 11:10:47.893,0.9873,0.98754,2.25,1.52
2014.10.23 11:11:10.592,0.9873,0.98752,1.50,1.17
2014.10.23 11:11:10.743,0.9873,0.98753,1.50,1.17
2014.10.23 11:11:19.717,0.98729,0.98753,1.50,1.17
2014.10.23 11:11:20.226,0.98729,0.98753,1.50,1.55
2014.10.23 11:11:24.913,0.98729,0.98753,1.50,2.02
2014.10.23 11:11:27.683,0.98729,0.98752,1.00,1.52
2014.10.23 11:11:29.550,0.98729,0.98752,1.00,1.27
2014.10.23 11:11:33.653,0.98729,0.98752,1.20,1.57
2014.10.23 11:11:34.157,0.98729,0.98752,1.20,1.20
2014.10.23 11:11:34.547,0.98735,0.98756,1.00,2.32
2014.10.23 11:11:34.598,0.98735,0.98756,1.00,2.25
2014.10.23 11:11:34.800,0.98733,0.98755,1.00,1.07
2014.10.23 11:11:35.329,0.98729,0.98755,1.65,2.32
2014.10.23 11:11:35.771,0.98729,0.98755,1.57,2.40
2014.10.23 11:11:38.821,0.98742,0.98755,1.00,2.02
2014.10.23 11:11:38.872,0.98742,0.98756,1.00,1.87
2014.10.23 11:11:38.932,0.98742,0.98756,1.00,1.50
2014.10.23 11:11:38.984,0.98742,0.98761,1.00,1.00
2014.10.23 11:11:39.035,0.98745,0.98761,1.00,1.00
2014.10.23 11:11:39.136,0.98741,0.98766,1.15,1.10
2014.10.23 11:11:39.771,0.98741,0.98766,1.20,1.27
2014.10.23 11:11:40.168,0.98743,0.98766,1.00,1.27
2014.10.23 11:11:41.984,0.98743,0.98766,1.17,1.10
2014.10.23 11:11:42.876,0.98743,0.98766,1.00,1.15
2014.10.23 11:11:44.064,0.98741,0.98765,1.15,1.27
2014.10.23 11:11:53.084,0.98741,0.98765,1.15,1.00
2014.10.23 11:12:01.095,0.98741,0.98765,1.15,1.37
2014.10.23 11:12:01.297,0.98743,0.98766,1.17,1.95
2014.10.23 11:12:01.348,0.98754,0.98767,1.00,1.55
2014.10.23 11:12:01.398,0.98754,0.98768,1.00,1.50
2014.10.23 11:12:01.499,0.9875,0.9877,1.15,1.50
2014.10.23 11:12:01.550,0.98754,0.98776,1.00,1.17
2014.10.23 11:12:02.003,0.98753,0.98772,1.00,1.10
2014.10.23 11:12:02.205,0.98744,0.98766,1.10,1.10
2014.10.23 11:12:02.306,0.98748,0.98767,1.00,1.65
2014.10.23 11:12:02.508,0.98748,0.9877,1.00,1.15
2014.10.23 11:12:03.287,0.98749,0.9877,1.00,1.27
2014.10.23 11:12:03.823,0.98748,0.9877,1.00,1.27
2014.10.23 11:12:04.431,0.98749,0.9877,1.00,1.27
2014.10.23 11:12:05.033,0.98749,0.98771,1.00,1.65
2014.10.23 11:12:05.858,0.98748,0.98771,1.00,1.15
2014.10.23 11:12:06.367,0.98749,0.98771,1.00,1.65
2014.10.23 11:12:06.587,0.98745,0.98767,1.15,1.00
2014.10.23 11:12:09.888,0.98745,0.98771,1.27,2.02
2014.10.23 11:12:09.939,0.98744,0.98767,1.65,1.00
2014.10.23 11:12:10.040,0.98744,0.98767,1.65,1.00
2014.10.23 11:12:11.524,0.98744,0.98767,1.65,1.00
2014.10.23 11:12:11.824,0.98745,0.98769,1.15,1.20
2014.10.23 11:12:12.632,0.98745,0.98769,1.15,1.47
2014.10.23 11:12:14.429,0.98745,0.98769,2.40,1.47
2014.10.23 11:12:14.989,0.98745,0.98769,2.40,1.47
2014.10.23 11:12:17.524,0.98745,0.98763,1.65,1.00
2014.10.23 11:12:17.675,0.98743,0.98763,1.57,1.47
2014.10.23 11:12:17.726,0.98739,0.98763,1.20,1.57
2014.10.23 11:12:17.776,0.98738,0.9876,1.07,1.10
2014.10.23 11:12:18.290,0.98738,0.9876,1.00,1.27
2014.10.23 11:12:20.466,0.98739,0.9876,1.00,1.27
2014.10.23 11:12:20.934,0.98743,0.9876,1.00,1.20
2014.10.23 11:12:21.697,0.98743,0.98765,1.00,2.77
2014.10.23 11:12:21.798,0.98743,0.98765,1.00,2.70
2014.10.23 11:12:22.302,0.98743,0.98765,2.32,1.47
2014.10.23 11:12:23.356,0.98744,0.98768,1.00,1.52
2014.10.23 11:12:23.407,0.98748,0.98768,1.00,1.55
2014.10.23 11:12:23.457,0.98748,0.98768,1.00,1.55
2014.10.23 11:12:24.994,0.98748,0.98768,1.00,1.55
2014.10.23 11:12:25.164,0.98744,0.98768,1.65,1.55
2014.10.23 11:12:25.466,0.98743,0.98766,1.00,1.27
2014.10.23 11:12:25.769,0.98743,0.98766,2.40,1.12
2014.10.23 11:12:25.971,0.98743,0.98766,1.00,1.27
2014.10.23 11:12:27.801,0.98743,0.98766,1.00,1.55
2014.10.23 11:12:28.188,0.98739,0.98765,1.65,1.27
2014.10.23 11:12:28.289,0.98739,0.98765,1.65,1.27
2014.10.23 11:12:28.903,0.98739,0.98765,1.57,1.27
2014.10.23 11:12:29.513,0.98739,0.98765,1.57,3.45
2014.10.23 11:12:30.964,0.9874,0.98764,1.00,1.52
2014.10.23 11:12:31.263,0.9874,0.98764,1.10,1.52
2014.10.23 11:12:33.401,0.98743,0.98764,1.00,2.77
2014.10.23 11:12:33.854,0.98741,0.98766,1.00,1.52
2014.10.23 11:12:34.456,0.9874,0.98764,1.10,1.52
2014.10.23 11:12:34.506,0.9874,0.98764,1.17,1.45
2014.10.23 11:12:34.607,0.98745,0.98769,1.10,1.55
2014.10.23 11:12:34.709,0.98745,0.98769,1.15,1.45
2014.10.23 11:12:35.226,0.98747,0.98769,1.65,1.00
2014.10.23 11:12:35.613,0.98749,0.98769,1.00,1.00
2014.10.23 11:12:36.114,0.98749,0.98772,1.00,1.52
2014.10.23 11:12:37.373,0.98746,0.98767,1.65,1.37
2014.10.23 11:12:37.423,0.98744,0.98767,1.10,1.55
2014.10.23 11:12:37.676,0.9874,0.98764,1.15,1.17
2014.10.23 11:12:37.777,0.9874,0.98764,1.10,1.17
2014.10.23 11:12:40.616,0.9874,0.98763,1.10,2.02
2014.10.23 11:12:40.918,0.98744,0.98763,2.32,1.50
2014.10.23 11:12:40.969,0.98749,0.98771,1.10,1.27
2014.10.23 11:12:41.020,0.98749,0.98771,1.00,1.20
2014.10.23 11:12:41.121,0.98749,0.98771,1.10,1.45
2014.10.23 11:12:42.069,0.98749,0.98772,1.00,1.52
2014.10.23 11:12:42.715,0.98748,0.98772,1.57,1.45
2014.10.23 11:12:43.653,0.98748,0.98772,1.57,1.20
2014.10.23 11:12:46.609,0.9875,0.98775,1.00,2.02
2014.10.23 11:13:02.718,0.9875,0.98775,1.00,2.02
2014.10.23 11:13:04.387,0.98753,0.98775,1.00,2.02
2014.10.23 11:13:08.887,0.98751,0.98775,1.00,2.77
2014.10.23 11:13:11.096,0.98752,0.98775,1.50,1.52
2014.10.23 11:13:11.763,0.98752,0.98775,1.57,1.45
2014.10.23 11:13:12.927,0.98753,0.98776,1.07,1.47
2014.10.23 11:13:13.454,0.98754,0.98776,1.57,1.47
2014.10.23 11:13:14.397,0.98754,0.98777,1.57,1.95
2014.10.23 11:13:14.447,0.98754,0.98776,1.57,1.12
2014.10.23 11:13:14.649,0.98753,0.98777,2.40,1.95
2014.10.23 11:13:14.749,0.98757,0.98777,1.50,2.02
2014.10.23 11:13:15.001,0.98758,0.98779,1.50,1.47
2014.10.23 11:13:15.588,0.98758,0.98781,2.25,1.55
2014.10.23 11:13:16.207,0.98756,0.98781,1.57,1.65
2014.10.23 11:13:17.316,0.98757,0.98781,1.57,1.55
2014.10.23 11:13:17.986,0.98758,0.98781,1.50,1.55
2014.10.23 11:13:19.406,0.98758,0.98781,1.50,1.55
2014.10.23 11:13:19.607,0.9876,0.98781,1.50,2.02
2014.10.23 11:13:19.910,0.98758,0.98781,1.50,2.02
2014.10.23 11:13:20.011,0.98758,0.98781,1.50,2.02
2014.10.23 11:13:24.800,0.98758,0.98781,1.50,2.02
2014.10.23 11:13:25.342,0.98757,0.98781,1.57,2.02
2014.10.23 11:13:25.935,0.98756,0.98779,1.07,1.20
2014.10.23 11:13:26.253,0.98759,0.98781,1.00,1.10
2014.10.23 11:13:26.555,0.98759,0.9878,1.00,1.17
2014.10.23 11:13:27.079,0.98759,0.98781,1.00,1.17
2014.10.23 11:13:28.830,0.98764,0.98782,1.00,1.52
2014.10.23 11:13:29.032,0.98764,0.98786,1.50,2.02
2014.10.23 11:13:29.559,0.98763,0.98786,1.00,1.27
2014.10.23 11:13:35.626,0.98761,0.98786,1.57,2.02
2014.10.23 11:13:36.142,0.98761,0.98785,1.57,1.52
2014.10.23 11:13:36.444,0.98759,0.98781,1.00,1.17
2014.10.23 11:13:36.495,0.98759,0.98781,1.00,1.17
2014.10.23 11:13:36.646,0.98764,0.98782,1.50,1.15
2014.10.23 11:13:36.899,0.98764,0.98782,1.50,1.00
2014.10.23 11:13:37.298,0.98764,0.98785,1.50,1.15
2014.10.23 11:13:41.836,0.98772,0.98789,1.00,4.87
2014.10.23 11:13:41.886,0.98772,0.98791,1.00,1.50
2014.10.23 11:13:41.937,0.98774,0.98791,1.00,1.00
2014.10.23 11:13:42.089,0.98774,0.98796,1.00,1.10
2014.10.23 11:13:42.140,0.98775,0.98793,1.50,1.00
2014.10.23 11:13:42.342,0.98774,0.98796,2.25,1.55
2014.10.23 11:13:42.392,0.98774,0.98791,1.50,1.00
2014.10.23 11:13:43.049,0.98774,0.98797,1.50,3.45
2014.10.23 11:13:43.100,0.98774,0.98797,1.50,1.52
2014.10.23 11:13:43.662,0.98777,0.98797,1.50,1.27
2014.10.23 11:13:44.302,0.98777,0.98797,1.50,1.20
2014.10.23 11:13:44.803,0.98777,0.98797,1.57,1.12
2014.10.23 11:13:44.910,0.98777,0.98799,1.57,1.20
2014.10.23 11:13:46.305,0.98777,0.98799,1.50,1.27
2014.10.23 11:13:52.775,0.98777,0.98796,1.50,1.00
2014.10.23 11:13:52.927,0.9877,0.98792,1.50,1.07
2014.10.23 11:13:53.128,0.98769,0.98791,1.00,1.17
2014.10.23 11:13:54.775,0.9877,0.98791,1.50,2.02
2014.10.23 11:13:55.082,0.98777,0.98797,1.50,1.27
2014.10.23 11:13:55.133,0.98773,0.98796,1.15,1.50
2014.10.23 11:13:55.234,0.98773,0.98793,1.00,1.00
2014.10.23 11:13:55.335,0.9877,0.98792,1.50,1.20
2014.10.23 11:13:55.437,0.98773,0.98794,1.50,1.15
2014.10.23 11:13:55.689,0.98769,0.98794,1.50,1.15
2014.10.23 11:13:56.084,0.98769,0.98794,1.50,1.90
2014.10.23 11:13:56.239,0.98764,0.98792,1.65,2.40
2014.10.23 11:13:56.341,0.98764,0.98788,2.25,2.70
2014.10.23 11:13:57.017,0.98765,0.98788,1.50,2.70
2014.10.23 11:13:57.712,0.98765,0.98786,1.50,3.07
2014.10.23 11:13:57.864,0.98763,0.98785,1.00,2.32
2014.10.23 11:13:57.965,0.98763,0.98783,1.00,2.32
2014.10.23 11:13:58.121,0.98761,0.98783,1.50,2.32
2014.10.23 11:13:59.476,0.98761,0.98784,1.50,2.32
2014.10.23 11:13:59.876,0.98763,0.98784,1.00,2.32
2014.10.23 11:13:59.978,0.98763,0.98786,2.25,1.27
2014.10.23 11:14:00.179,0.98761,0.98786,1.50,1.27
2014.10.23 11:14:02.034,0.98763,0.98786,1.00,1.27
2014.10.23 11:14:02.567,0.98764,0.98785,1.00,1.27
2014.10.23 11:14:03.495,0.98762,0.98785,1.50,1.15
2014.10.23 11:14:04.141,0.98764,0.98785,2.25,1.15
2014.10.23 11:14:06.445,0.98762,0.98782,1.50,1.17
2014.10.23 11:14:06.546,0.98762,0.98782,1.50,1.15
2014.10.23 11:14:08.449,0.98763,0.98784,1.50,3.07
2014.10.23 11:14:08.998,0.98762,0.98783,1.50,2.32
2014.10.23 11:14:09.451,0.98755,0.98777,1.50,1.12
2014.10.23 11:14:09.502,0.98755,0.98775,1.50,1.07
2014.10.23 11:14:09.653,0.98751,0.98775,1.00,1.15
2014.10.23 11:14:09.703,0.98751,0.98773,1.00,2.32
2014.10.23 11:14:10.576,0.98755,0.98773,1.00,2.32
2014.10.23 11:14:10.626,0.98755,0.98776,1.00,1.15
2014.10.23 11:14:10.677,0.98752,0.98776,1.00,1.15
2014.10.23 11:14:10.728,0.98754,0.98778,1.00,1.15
2014.10.23 11:14:11.030,0.98754,0.98777,1.50,3.07
2014.10.23 11:14:11.559,0.98753,0.98777,1.50,3.07
2014.10.23 11:14:13.293,0.98754,0.98776,1.00,1.27
2014.10.23 11:14:13.804,0.98755,0.98777,1.50,4.20
2014.10.23 11:14:14.166,0.98753,0.98777,1.50,4.20
2014.10.23 11:14:16.835,0.98753,0.98774,1.50,1.15
2014.10.23 11:14:16.936,0.9875,0.98771,1.50,1.15
2014.10.23 11:14:19.246,0.98751,0.98775,1.00,4.87
2014.10.23 11:14:19.305,0.98753,0.98775,1.00,4.87
2014.10.23 11:14:19.557,0.9876,0.98782,1.50,1.15
2014.10.23 11:14:19.759,0.98754,0.98778,2.40,1.00
2014.10.23 11:14:19.860,0.98754,0.98776,1.50,1.17
2014.10.23 11:14:20.061,0.98751,0.98775,1.10,1.17
2014.10.23 11:14:20.882,0.98754,0.98775,1.00,1.17
2014.10.23 11:14:21.071,0.98751,0.98775,2.32,1.17
2014.10.23 11:14:22.824,0.98753,0.98775,1.00,1.17
2014.10.23 11:14:23.210,0.98751,0.98775,1.10,1.17
2014.10.23 11:14:25.172,0.98754,0.98775,1.00,1.17
2014.10.23 11:14:25.425,0.98752,0.98775,1.50,1.17
2014.10.23 11:14:25.595,0.98754,0.98775,1.00,1.17
2014.10.23 11:14:25.695,0.98754,0.98776,1.00,1.10
2014.10.23 11:14:26.112,0.98757,0.98776,1.00,1.10
2014.10.23 11:14:26.314,0.9876,0.98783,1.50,1.15
2014.10.23 11:14:26.415,0.9876,0.98783,1.50,1.10
2014.10.23 11:14:27.452,0.9876,0.98783,1.50,1.17
2014.10.23 11:14:28.043,0.9876,0.98783,1.50,1.15
2014.10.23 11:14:28.375,0.98763,0.98783,1.00,1.15
2014.10.23 11:14:28.712,0.98761,0.98783,1.50,1.15
2014.10.23 11:14:28.904,0.98759,0.98783,3.00,1.15
2014.10.23 11:14:30.148,0.98758,0.98783,1.10,2.02
2014.10.23 11:14:30.198,0.98758,0.98777,1.00,1.37
2014.10.23 11:14:30.320,0.98758,0.98777,1.00,1.20
2014.10.23 11:14:30.422,0.98754,0.9878,2.40,1.15
2014.10.23 11:14:30.473,0.98755,0.9878,1.65,1.07
2014.10.23 11:14:30.977,0.98758,0.98782,1.00,3.15
2014.10.23 11:14:31.028,0.98758,0.98782,1.10,1.65
2014.10.23 11:14:31.129,0.98758,0.98782,1.00,1.65
2014.10.23 11:14:31.230,0.98755,0.98781,2.40,1.07
2014.10.23 11:14:35.325,0.98755,0.98781,1.10,1.15
2014.10.23 11:14:35.629,0.98759,0.98783,1.50,1.52
2014.10.23 11:14:35.730,0.98759,0.98782,1.65,1.12
2014.10.23 11:14:36.354,0.98759,0.98782,1.00,1.15
2014.10.23 11:14:46.748,0.98759,0.98782,1.00,3.07
2014.10.23 11:14:46.853,0.98754,0.98778,1.00,1.27
2014.10.23 11:14:47.363,0.98751,0.98775,1.00,1.17
2014.10.23 11:14:47.413,0.98753,0.98775,1.50,1.17
2014.10.23 11:14:47.716,0.98758,0.9878,2.25,1.15
2014.10.23 11:14:47.766,0.98758,0.9878,2.32,1.17
2014.10.23 11:14:48.069,0.98758,0.98782,1.00,1.65
2014.10.23 11:14:48.288,0.98759,0.98782,1.07,1.07
2014.10.23 11:14:48.339,0.98759,0.98785,1.65,1.52
2014.10.23 11:14:49.124,0.98759,0.98782,1.65,1.00
2014.10.23 11:14:49.276,0.98759,0.98782,1.50,1.27
2014.10.23 11:14:49.427,0.98761,0.98785,1.00,2.02
2014.10.23 11:14:49.729,0.98765,0.98787,1.00,1.27
2014.10.23 11:14:49.880,0.98765,0.98787,1.10,1.20
2014.10.23 11:14:50.425,0.98764,0.98788,1.00,1.15
2014.10.23 11:14:52.695,0.98764,0.98786,1.00,1.57
2014.10.23 11:14:54.901,0.98764,0.98786,1.00,1.57
2014.10.23 11:14:56.205,0.98763,0.98784,1.00,1.87
2014.10.23 11:14:56.415,0.98765,0.98787,1.50,2.02
2014.10.23 11:14:57.955,0.98764,0.98787,1.50,1.27
2014.10.23 11:14:58.293,0.98766,0.98786,1.50,1.12
2014.10.23 11:14:58.664,0.98769,0.98786,1.00,1.15
2014.10.23 11:14:59.405,0.98764,0.98786,1.00,1.65
2014.10.23 11:14:59.657,0.98762,0.98786,2.25,1.15
2014.10.23 11:15:00.642,0.98764,0.98786,1.00,1.52
2014.10.23 11:15:00.794,0.98765,0.98789,1.00,1.52
2014.10.23 11:15:00.945,0.98767,0.98789,1.50,1.52
2014.10.23 11:15:03.591,0.98769,0.98789,1.00,1.52
2014.10.23 11:15:03.795,0.98765,0.98786,2.25,1.20
2014.10.23 11:15:04.047,0.98764,0.98786,1.00,1.20
2014.10.23 11:15:06.910,0.98764,0.98781,1.50,1.00
2014.10.23 11:15:07.212,0.98758,0.98776,1.17,1.00
2014.10.23 11:15:07.262,0.98758,0.98776,1.10,1.00
2014.10.23 11:15:07.782,0.98757,0.98776,1.50,1.10
2014.10.23 11:15:08.619,0.98762,0.98776,1.50,1.00
2014.10.23 11:15:08.770,0.9876,0.98781,1.50,1.15
2014.10.23 11:15:09.749,0.9876,0.98781,1.50,1.00
2014.10.23 11:15:15.157,0.98759,0.98781,1.00,1.00
2014.10.23 11:15:17.022,0.98762,0.98786,1.00,2.02
2014.10.23 11:15:17.325,0.98764,0.98786,1.00,2.02
2014.10.23 11:15:18.027,0.98763,0.98786,1.00,1.52
2014.10.23 11:15:18.330,0.98765,0.98791,1.00,4.20
2014.10.23 11:15:18.633,0.98769,0.98791,1.00,1.52
2014.10.23 11:15:20.110,0.98768,0.98791,1.00,2.02
2014.10.23 11:15:20.312,0.98766,0.9879,1.10,1.55
2014.10.23 11:15:23.345,0.98766,0.9879,1.10,1.52
2014.10.23 11:15:23.921,0.98766,0.9879,1.00,1.52
2014.10.23 11:15:23.972,0.98766,0.98789,1.00,2.70
2014.10.23 11:15:24.173,0.98764,0.98786,1.00,1.17
2014.10.23 11:15:24.952,0.98764,0.98786,1.00,1.55
2014.10.23 11:15:25.614,0.98763,0.98787,1.50,2.02
2014.10.23 11:15:26.222,0.98763,0.98787,1.50,2.02
2014.10.23 11:15:28.352,0.98764,0.98786,1.00,1.55
2014.10.23 11:15:31.549,0.98764,0.98786,1.00,1.55
2014.10.23 11:15:37.483,0.98763,0.98787,1.50,2.02
2014.10.23 11:15:38.370,0.98763,0.98784,1.00,1.47
2014.10.23 11:15:41.814,0.98763,0.98784,1.00,1.45
2014.10.23 11:15:41.915,0.9876,0.98784,1.10,1.55
2014.10.23 11:15:46.159,0.9876,0.98784,1.10,1.52
2014.10.23 11:15:46.411,0.98755,0.98781,1.15,1.27
2014.10.23 11:15:46.664,0.98755,0.9878,1.07,2.70
2014.10.23 11:15:46.714,0.98754,0.98777,1.10,1.20
2014.10.23 11:15:47.218,0.98754,0.98777,1.00,1.20
2014.10.23 11:15:48.928,0.98753,0.98777,1.20,1.20
2014.10.23 11:15:49.274,0.98753,0.98777,1.10,1.27
2014.10.23 11:15:49.780,0.98753,0.98777,1.50,1.27
2014.10.23 11:15:50.082,0.98755,0.98777,1.50,1.45
2014.10.23 11:15:50.629,0.98754,0.98777,1.00,1.52
2014.10.23 11:15:53.816,0.98754,0.98778,1.10,1.52
2014.10.23 11:15:54.465,0.98754,0.98778,1.55,1.07
2014.10.23 11:15:54.516,0.98758,0.98784,1.00,1.52
2014.10.23 11:15:54.717,0.98759,0.98777,1.00,1.00
2014.10.23 11:15:55.221,0.98758,0.98779,1.00,1.52
2014.10.23 11:15:55.853,0.98759,0.98779,1.00,1.52
2014.10.23 11:15:56.813,0.98759,0.98785,1.00,5.32
2014.10.23 11:15:56.914,0.98759,0.98777,1.00,1.00
2014.10.23 11:15:57.265,0.98759,0.98777,1.00,1.52
2014.10.23 11:15:59.334,0.98759,0.98782,2.25,1.15
2014.10.23 11:15:59.587,0.98758,0.98782,1.50,3.45
2014.10.23 11:15:59.889,0.98764,0.98782,1.00,2.70
2014.10.23 11:15:59.940,0.98764,0.98782,1.00,1.15
2014.10.23 11:16:00.041,0.98763,0.98785,1.00,2.02
2014.10.23 11:16:00.142,0.98758,0.98782,1.00,1.15
2014.10.23 11:16:00.395,0.98758,0.98781,1.00,1.27
2014.10.23 11:16:00.697,0.98758,0.98778,1.00,1.52
2014.10.23 11:16:01.718,0.98758,0.98778,1.00,1.55
2014.10.23 11:16:03.347,0.98758,0.98778,1.00,1.55
2014.10.23 11:16:05.423,0.98758,0.98778,1.00,1.17
2014.10.23 11:16:05.524,0.98758,0.98782,3.00,1.57
2014.10.23 11:16:05.575,0.98765,0.98787,1.00,7.87
2014.10.23 11:16:05.827,0.98769,0.9879,2.25,2.02
2014.10.23 11:16:06.079,0.98765,0.98786,1.00,1.00
2014.10.23 11:16:06.231,0.98765,0.98786,1.00,1.15
2014.10.23 11:16:07.852,0.98761,0.98784,1.00,1.65
2014.10.23 11:16:07.953,0.98758,0.98784,1.57,2.40
2014.10.23 11:16:13.461,0.98756,0.9878,1.10,1.07
2014.10.23 11:16:13.512,0.98754,0.98777,1.10,1.00
2014.10.23 11:16:13.562,0.98753,0.98777,1.57,1.07
2014.10.23 11:16:13.915,0.9875,0.98774,1.20,2.40
2014.10.23 11:16:13.965,0.9875,0.98774,1.10,2.40
2014.10.23 11:16:16.615,0.98764,0.98775,1.00,2.32
2014.10.23 11:16:16.716,0.98762,0.98781,1.00,1.20
2014.10.23 11:16:17.019,0.9876,0.98784,1.00,1.15
2014.10.23 11:16:22.289,0.98762,0.98782,1.00,1.10
2014.10.23 11:16:23.091,0.9876,0.98782,1.00,1.10
2014.10.23 11:16:24.104,0.98759,0.98782,1.00,2.32
2014.10.23 11:16:24.205,0.98763,0.98781,1.00,1.00
2014.10.23 11:16:24.684,0.98764,0.98786,1.00,1.07
2014.10.23 11:16:24.785,0.98765,0.98786,1.10,1.00
2014.10.23 11:16:25.041,0.98767,0.98787,1.00,1.00
2014.10.23 11:16:25.142,0.98767,0.98791,1.00,1.65
2014.10.23 11:16:25.712,0.98768,0.98791,1.00,1.15
2014.10.23 11:16:26.078,0.98768,0.98791,1.00,1.17
2014.10.23 11:16:26.279,0.98768,0.98791,1.00,1.15
2014.10.23 11:16:28.185,0.98768,0.98791,1.00,1.10
2014.10.23 11:16:30.550,0.98768,0.98791,1.00,1.17
2014.10.23 11:16:30.601,0.98768,0.98791,1.00,1.15
2014.10.23 11:16:33.639,0.98769,0.98791,1.00,1.15
2014.10.23 11:16:35.313,0.98769,0.98791,1.60,1.15
2014.10.23 11:16:35.515,0.98779,0.988,2.17,1.00
2014.10.23 11:16:35.565,0.98779,0.98796,1.60,1.65
2014.10.23 11:16:35.616,0.98779,0.98796,1.00,1.65
2014.10.23 11:16:35.717,0.98773,0.98799,5.85,1.00
2014.10.23 11:16:35.767,0.98773,0.98799,1.60,2.32
2014.10.23 11:16:35.868,0.98773,0.98799,1.00,2.70
2014.10.23 11:16:35.969,0.98772,0.98796,1.00,3.07
2014.10.23 11:16:36.070,0.98769,0.98793,1.15,1.10
2014.10.23 11:16:36.121,0.98773,0.98789,1.00,1.50
2014.10.23 11:16:36.222,0.98768,0.98789,1.17,1.50
2014.10.23 11:16:36.474,0.98766,0.9879,1.15,1.65
2014.10.23 11:16:36.983,0.98768,0.98791,1.00,1.65
2014.10.23 11:16:37.441,0.98769,0.98789,1.00,1.17
2014.10.23 11:16:37.642,0.98765,0.98789,1.00,1.15
2014.10.23 11:16:37.953,0.98765,0.98789,1.00,5.62
2014.10.23 11:16:41.264,0.98764,0.98786,1.00,1.15
2014.10.23 11:16:41.638,0.98762,0.98786,1.00,1.65
2014.10.23 11:16:42.143,0.98762,0.98782,1.00,1.50
2014.10.23 11:16:42.194,0.98759,0.98782,1.50,1.65
2014.10.23 11:16:42.615,0.98764,0.98782,1.00,1.65
2014.10.23 11:16:42.716,0.98759,0.98782,1.50,1.65
2014.10.23 11:16:44.957,0.98764,0.98782,1.00,1.65
2014.10.23 11:16:51.097,0.98764,0.98782,1.00,1.65
2014.10.23 11:16:52.621,0.98759,0.98782,1.00,1.65
2014.10.23 11:17:00.330,0.98763,0.9878,1.00,1.65
2014.10.23 11:17:00.431,0.98763,0.98785,1.00,1.15
2014.10.23 11:17:00.633,0.98763,0.98784,1.50,1.57
2014.10.23 11:17:00.734,0.98763,0.98783,1.00,1.65
2014.10.23 11:17:00.784,0.98761,0.98783,1.00,1.65
2014.10.23 11:17:00.886,0.98764,0.98783,1.00,1.65
2014.10.23 11:17:01.083,0.98761,0.98783,1.00,1.65
2014.10.23 11:17:03.084,0.98761,0.98781,1.00,1.65
2014.10.23 11:17:03.364,0.98759,0.98781,1.00,1.65
2014.10.23 11:17:05.812,0.98758,0.98781,1.50,1.65
2014.10.23 11:17:06.883,0.98759,0.98781,1.00,1.65
2014.10.23 11:17:07.602,0.98759,0.98781,1.00,1.65
2014.10.23 11:17:08.163,0.98758,0.98781,1.00,2.40
2014.10.23 11:17:27.083,0.98759,0.9878,3.75,1.07
2014.10.23 11:17:27.251,0.98765,0.98789,1.00,2.40
2014.10.23 11:17:27.402,0.98768,0.98789,1.00,1.65
2014.10.23 11:17:27.704,0.98766,0.9879,1.12,1.65
2014.10.23 11:17:27.755,0.98763,0.98788,1.27,1.10
2014.10.23 11:17:27.806,0.98763,0.98787,1.20,1.57
2014.10.23 11:17:27.957,0.98759,0.98782,1.00,1.57
2014.10.23 11:17:28.007,0.98758,0.98782,1.00,1.57
2014.10.23 11:17:28.512,0.98759,0.98781,1.00,1.65
2014.10.23 11:17:29.172,0.98759,0.98782,1.00,2.32
2014.10.23 11:17:31.662,0.98764,0.98782,1.00,2.32
2014.10.23 11:17:38.423,0.98759,0.98782,1.00,3.07
2014.10.23 11:17:41.816,0.98769,0.98782,1.00,2.70
2014.10.23 11:17:41.968,0.98774,0.98791,1.00,1.17
2014.10.23 11:17:42.125,0.98769,0.98791,1.10,1.57
2014.10.23 11:17:42.276,0.98769,0.9879,1.00,1.65
2014.10.23 11:17:42.880,0.98769,0.9879,1.00,3.07
2014.10.23 11:17:42.931,0.98764,0.98786,1.00,1.15
2014.10.23 11:17:43.032,0.98764,0.98786,1.00,3.45
2014.10.23 11:17:43.133,0.98764,0.98787,1.00,2.77
2014.10.23 11:17:43.184,0.98764,0.98787,1.00,3.45
2014.10.23 11:17:43.554,0.9876,0.98784,1.12,1.15
2014.10.23 11:17:43.907,0.98764,0.98782,1.00,1.65
2014.10.23 11:17:49.264,0.98764,0.98788,1.50,2.32
2014.10.23 11:17:49.365,0.98764,0.9879,1.87,2.77
2014.10.23 11:17:49.416,0.98769,0.9879,1.00,2.40
2014.10.23 11:17:49.567,0.98769,0.98791,1.12,1.10
2014.10.23 11:17:49.820,0.98775,0.98796,1.00,3.82
2014.10.23 11:17:49.870,0.98775,0.98796,1.00,1.65
2014.10.23 11:17:49.921,0.98777,0.98797,1.00,1.57
2014.10.23 11:17:49.971,0.98777,0.98797,1.00,1.57
2014.10.23 11:17:50.123,0.98774,0.98798,1.07,1.15
2014.10.23 11:17:50.274,0.98773,0.98799,1.65,1.10
2014.10.23 11:17:50.325,0.98773,0.98801,1.65,1.17
2014.10.23 11:17:50.375,0.98774,0.98801,1.15,1.20
2014.10.23 11:17:50.706,0.98774,0.988,1.65,1.07
2014.10.23 11:17:50.756,0.98774,0.988,1.65,1.15
2014.10.23 11:17:51.632,0.98774,0.98798,1.27,1.00
2014.10.23 11:17:51.733,0.98774,0.98798,1.07,1.20
2014.10.23 11:17:52.136,0.98772,0.98796,1.17,1.17
2014.10.23 11:17:52.657,0.98772,0.98795,1.00,1.65
2014.10.23 11:17:57.843,0.98773,0.98796,1.00,1.27
2014.10.23 11:17:58.044,0.98773,0.98796,1.10,1.00
2014.10.23 11:17:58.095,0.98774,0.98796,1.00,1.07
2014.10.23 11:17:58.246,0.98774,0.98799,1.17,1.52
2014.10.23 11:17:59.198,0.98773,0.98799,1.57,3.45
2014.10.23 11:17:59.913,0.98773,0.98799,1.50,4.95
2014.10.23 11:18:00.532,0.98773,0.98795,1.00,2.02
2014.10.23 11:18:00.834,0.98774,0.9879,1.00,2.40
2014.10.23 11:18:00.935,0.98774,0.9879,1.00,2.25
2014.10.23 11:18:01.402,0.98768,0.9879,1.00,1.50
2014.10.23 11:18:01.453,0.98768,0.9879,1.00,1.95
2014.10.23 11:18:01.503,0.98765,0.98789,1.10,1.15
2014.10.23 11:18:03.782,0.98765,0.98787,1.00,1.65
2014.10.23 11:18:04.187,0.98767,0.98787,1.00,1.50
2014.10.23 11:18:04.699,0.98767,0.98788,1.00,1.50
2014.10.23 11:18:04.951,0.98768,0.9879,1.10,1.57
2014.10.23 11:18:05.205,0.98768,0.98791,1.15,1.00
2014.10.23 11:18:05.513,0.98773,0.98791,1.00,1.00
2014.10.23 11:18:06.017,0.98773,0.98794,1.00,1.65
2014.10.23 11:18:06.170,0.98774,0.98798,1.10,1.17
2014.10.23 11:18:06.371,0.98774,0.98798,1.15,2.25
2014.10.23 11:18:06.908,0.98775,0.98798,1.17,1.57
2014.10.23 11:18:07.618,0.98778,0.98799,1.00,1.65
2014.10.23 11:18:08.395,0.98782,0.98801,1.00,1.15
2014.10.23 11:18:08.496,0.98782,0.98801,1.12,1.00
2014.10.23 11:18:08.648,0.98784,0.98802,1.07,1.50
2014.10.23 11:18:08.699,0.98784,0.98808,1.15,1.00
2014.10.23 11:18:08.900,0.9878,0.98804,3.45,1.00
2014.10.23 11:18:09.001,0.9878,0.98804,1.27,1.00
2014.10.23 11:18:09.203,0.98778,0.98803,1.17,1.10
2014.10.23 11:18:09.635,0.98781,0.98805,1.00,1.65
2014.10.23 11:18:09.938,0.98781,0.98805,1.27,1.57
2014.10.23 11:18:09.988,0.98781,0.98805,1.27,1.65
2014.10.23 11:18:10.190,0.98781,0.98805,1.00,1.65
2014.10.23 11:18:10.771,0.98779,0.98805,1.55,2.40
2014.10.23 11:18:12.794,0.98787,0.98805,1.00,1.65
2014.10.23 11:18:12.945,0.98792,0.9881,1.20,1.00
2014.10.23 11:18:13.046,0.98792,0.98812,1.12,1.50
2014.10.23 11:18:13.097,0.98791,0.98814,2.02,1.50
2014.10.23 11:18:13.198,0.98786,0.98811,1.27,1.00
2014.10.23 11:18:13.519,0.98784,0.98808,1.65,1.50
2014.10.23 11:18:14.094,0.98785,0.98808,1.00,1.10
2014.10.23 11:18:17.323,0.98789,0.98808,1.00,1.10
2014.10.23 11:18:17.838,0.98789,0.9881,1.00,1.57
2014.10.23 11:18:23.372,0.98787,0.98806,1.10,1.00
2014.10.23 11:18:27.652,0.98789,0.9881,1.00,1.57
2014.10.23 11:18:29.852,0.98787,0.9881,1.10,1.57
2014.10.23 11:18:30.154,0.98788,0.98811,1.27,1.10
2014.10.23 11:18:30.711,0.98788,0.98811,1.27,1.00
2014.10.23 11:18:32.733,0.98786,0.98811,1.15,1.95
2014.10.23 11:18:33.035,0.98783,0.98807,1.65,1.65
2014.10.23 11:18:34.317,0.98783,0.98807,1.57,2.02
2014.10.23 11:18:35.132,0.98784,0.98807,1.00,2.02
2014.10.23 11:18:38.102,0.98783,0.98807,1.00,2.40
2014.10.23 11:18:41.324,0.98789,0.98807,1.00,2.40
2014.10.23 11:18:41.473,0.98787,0.98807,1.00,1.00
2014.10.23 11:18:41.573,0.98788,0.9881,1.00,1.65
2014.10.23 11:18:44.624,0.98787,0.98807,1.00,1.00
2014.10.23 11:18:49.113,0.98789,0.98807,1.00,1.00
2014.10.23 11:18:49.314,0.98786,0.98807,1.27,1.00
2014.10.23 11:18:49.415,0.98785,0.98805,1.15,1.50
2014.10.23 11:18:49.924,0.98785,0.98805,1.00,1.50
2014.10.23 11:18:50.455,0.98784,0.98807,1.00,2.40
2014.10.23 11:18:50.705,0.98785,0.98807,1.27,1.50
2014.10.23 11:18:51.171,0.98789,0.98812,1.00,2.40
2014.10.23 11:18:53.279,0.98789,0.98813,1.00,1.65
2014.10.23 11:18:53.815,0.98789,0.98813,1.00,1.65
2014.10.23 11:18:56.104,0.98789,0.98813,1.37,1.65
2014.10.23 11:18:56.420,0.98791,0.98814,1.00,1.65
2014.10.23 11:18:58.600,0.98794,0.98814,1.00,1.65
2014.10.23 11:19:00.848,0.98791,0.98814,1.00,1.65
2014.10.23 11:19:02.290,0.98793,0.98814,1.00,1.65
2014.10.23 11:19:03.331,0.98793,0.98817,1.60,5.51
2014.10.23 11:19:03.583,0.98798,0.98819,1.60,1.10
2014.10.23 11:19:03.634,0.98798,0.98819,1.00,1.10
2014.10.23 11:19:03.684,0.98794,0.98813,1.07,1.00
2014.10.23 11:19:03.785,0.98789,0.98812,1.17,1.57
2014.10.23 11:19:03.836,0.98789,0.98812,1.10,2.25
2014.10.23 11:19:03.887,0.98787,0.98807,1.10,1.50
2014.10.23 11:19:04.189,0.98789,0.98811,1.57,1.17
2014.10.23 11:19:04.240,0.98789,0.98811,1.57,1.10
2014.10.23 11:19:04.392,0.98789,0.98812,1.07,1.57
2014.10.23 11:19:04.694,0.98794,0.98813,1.00,1.10
2014.10.23 11:19:05.911,0.98789,0.98813,1.65,1.10
2014.10.23 11:19:07.494,0.98793,0.98816,1.10,2.02
2014.10.23 11:19:07.969,0.98789,0.98813,2.02,1.50
2014.10.23 11:19:08.070,0.98789,0.98813,1.50,1.65
2014.10.23 11:19:08.211,0.98789,0.98813,1.50,1.65
2014.10.23 11:19:08.513,0.98789,0.98809,1.00,1.57
2014.10.23 11:19:08.665,0.98788,0.98812,1.10,2.77
2014.10.23 11:19:08.875,0.98793,0.98812,1.00,1.65
2014.10.23 11:19:08.925,0.98793,0.98812,1.00,1.57
2014.10.23 11:19:09.177,0.98789,0.98811,1.00,1.50
2014.10.23 11:19:09.228,0.98789,0.98811,1.07,1.50
2014.10.23 11:19:09.279,0.98789,0.98811,1.20,1.57
2014.10.23 11:19:10.422,0.98789,0.98812,1.00,2.32
2014.10.23 11:19:12.139,0.98786,0.98812,1.17,3.52
2014.10.23 11:19:12.703,0.98786,0.9881,1.10,2.02
2014.10.23 11:19:16.724,0.98786,0.98809,1.45,1.57
2014.10.23 11:19:16.978,0.9879,0.98815,1.10,1.65
2014.10.23 11:19:17.433,0.9879,0.98814,1.00,1.65
2014.10.23 11:19:25.550,0.98794,0.98813,1.00,1.65
2014.10.23 11:19:25.651,0.98794,0.98813,1.00,1.50
2014.10.23 11:19:25.752,0.98794,0.98816,1.00,2.25
2014.10.23 11:19:28.189,0.98794,0.98816,1.37,2.25
2014.10.23 11:19:28.492,0.988,0.98821,1.27,1.00
2014.10.23 11:19:28.794,0.98799,0.98819,1.10,1.50
2014.10.23 11:19:30.164,0.98798,0.98819,1.00,2.40
2014.10.23 11:19:30.618,0.98801,0.98822,1.00,1.17
2014.10.23 11:19:30.718,0.98801,0.98822,1.00,1.00
2014.10.23 11:19:30.920,0.98798,0.98822,2.02,1.50
2014.10.23 11:19:31.021,0.98798,0.98822,1.50,2.02
2014.10.23 11:19:31.122,0.98798,0.98822,1.65,3.15
2014.10.23 11:19:32.120,0.98798,0.98821,1.00,2.40
2014.10.23 11:19:33.934,0.98798,0.98821,1.00,2.70
2014.10.23 11:19:34.151,0.988,0.98822,1.00,1.17
2014.10.23 11:19:34.666,0.988,0.98822,1.00,1.00
2014.10.23 11:19:35.340,0.98802,0.98822,1.00,1.00
2014.10.23 11:19:35.441,0.98803,0.98826,1.00,1.27
2014.10.23 11:19:36.196,0.98803,0.98827,1.65,1.15
2014.10.23 11:19:36.752,0.98803,0.98827,1.00,1.27
2014.10.23 11:19:37.565,0.98809,0.9883,1.50,5.85
2014.10.23 11:19:37.666,0.98809,0.98829,1.00,1.00
2014.10.23 11:19:38.177,0.98808,0.98829,1.00,1.00
2014.10.23 11:19:39.741,0.98808,0.98832,1.15,1.10
2014.10.23 11:19:39.842,0.9881,0.98834,3.07,1.00
2014.10.23 11:19:39.892,0.98815,0.98839,1.10,2.40
2014.10.23 11:19:39.943,0.98815,0.98839,1.00,4.57
2014.10.23 11:19:39.994,0.98813,0.98835,1.00,1.17
2014.10.23 11:19:40.164,0.98809,0.98833,1.57,1.20
2014.10.23 11:19:40.366,0.98808,0.98831,1.00,1.10
2014.10.23 11:19:41.882,0.98809,0.98832,1.00,1.17
2014.10.23 11:19:43.572,0.9881,0.98834,1.00,2.77
2014.10.23 11:19:43.773,0.98812,0.98836,1.10,2.40
2014.10.23 11:19:44.179,0.98814,0.98839,2.32,1.17
2014.10.23 11:19:44.230,0.98814,0.98839,2.70,1.17
2014.10.23 11:19:45.085,0.98815,0.98841,1.00,1.65
2014.10.23 11:19:47.425,0.98814,0.98835,1.10,1.00
2014.10.23 11:19:47.777,0.98814,0.98835,1.00,1.27
2014.10.23 11:19:48.666,0.98814,0.98835,1.00,1.20
2014.10.23 11:19:53.050,0.98811,0.98835,1.20,1.20
2014.10.23 11:19:59.869,0.98811,0.98835,1.10,1.27
2014.10.23 11:20:00.412,0.98811,0.98835,1.00,1.27
2014.10.23 11:20:04.787,0.98809,0.98833,1.10,1.65
2014.10.23 11:20:05.620,0.98814,0.98836,1.15,1.37
2014.10.23 11:20:05.931,0.98812,0.98838,1.15,1.20
2014.10.23 11:20:05.981,0.98812,0.98838,1.17,1.17
2014.10.23 11:20:06.032,0.98812,0.98838,1.20,1.52
2014.10.23 11:20:06.685,0.98811,0.98836,1.07,1.17
2014.10.23 11:20:07.348,0.98809,0.98835,1.15,1.15
2014.10.23 11:20:09.910,0.98808,0.98832,1.65,1.00
2014.10.23 11:20:10.462,0.98808,0.98832,1.57,1.65
2014.10.23 11:20:14.323,0.98808,0.98832,1.65,1.57
2014.10.23 11:20:14.933,0.98809,0.98831,1.17,1.00
2014.10.23 11:20:15.851,0.98809,0.98828,1.00,1.17
2014.10.23 11:20:15.952,0.98804,0.98826,1.57,1.10
2014.10.23 11:20:16.053,0.98804,0.98823,1.10,1.50
2014.10.23 11:20:16.598,0.98804,0.98824,1.10,1.50
2014.10.23 11:20:18.437,0.98804,0.98824,1.17,1.50
2014.10.23 11:20:18.705,0.98806,0.98828,1.07,1.57
2014.10.23 11:20:18.856,0.9881,0.98828,1.00,1.57
2014.10.23 11:20:19.159,0.98814,0.98829,1.00,1.50
2014.10.23 11:20:19.462,0.98808,0.98829,1.10,1.50
2014.10.23 11:20:20.167,0.98808,0.98829,1.17,1.50
2014.10.23 11:20:20.720,0.9881,0.98829,1.10,1.50
2014.10.23 11:20:21.900,0.9881,0.98831,1.10,1.57
2014.10.23 11:20:24.810,0.98808,0.98831,1.50,1.57
2014.10.23 11:20:29.380,0.98814,0.98834,1.00,2.77
2014.10.23 11:20:32.393,0.98813,0.98833,1.00,1.27
2014.10.23 11:20:36.623,0.98814,0.98833,1.00,1.15
2014.10.23 11:20:38.589,0.98809,0.98831,1.87,1.10
2014.10.23 11:20:40.351,0.98813,0.98833,1.00,1.15
2014.10.23 11:20:40.929,0.98814,0.98833,1.00,1.15
2014.10.23 11:20:44.661,0.98813,0.98833,1.00,1.27
2014.10.23 11:20:44.861,0.98809,0.98832,1.00,1.17
2014.10.23 11:20:45.413,0.98809,0.98832,1.10,1.00
2014.10.23 11:20:49.545,0.9881,0.98832,1.00,1.12
2014.10.23 11:20:49.596,0.9881,0.98831,1.00,1.15
2014.10.23 11:20:49.853,0.98808,0.98832,1.00,1.27
2014.10.23 11:20:49.904,0.98808,0.98832,1.00,3.45
2014.10.23 11:20:50.466,0.98807,0.98831,1.00,3.45
2014.10.23 11:20:50.518,0.98804,0.98828,1.50,2.77
2014.10.23 11:20:51.230,0.98806,0.98829,1.00,2.70
2014.10.23 11:20:51.609,0.98804,0.98828,1.00,1.15
2014.10.23 11:20:51.710,0.98804,0.98827,1.00,4.20
2014.10.23 11:20:52.240,0.98803,0.98827,1.00,5.70
2014.10.23 11:20:52.771,0.98804,0.98822,1.00,1.57
2014.10.23 11:20:53.334,0.98803,0.98823,1.00,2.77
2014.10.23 11:20:57.801,0.98803,0.98823,1.00,2.77
2014.10.23 11:20:57.852,0.98799,0.98823,1.57,2.77
2014.10.23 11:20:58.507,0.98798,0.98821,1.00,1.55
2014.10.23 11:20:59.017,0.98798,0.98822,1.50,4.95
2014.10.23 11:21:06.534,0.98798,0.98821,1.00,2.70
2014.10.23 11:21:06.585,0.98794,0.98818,1.00,1.07
2014.10.23 11:21:06.972,0.98794,0.98817,1.00,2.77
2014.10.23 11:21:07.350,0.98793,0.98813,1.00,1.65
2014.10.23 11:21:07.866,0.98789,0.98812,1.00,2.77
2014.10.23 11:21:08.945,0.98789,0.98812,1.00,2.77
2014.10.23 11:21:09.526,0.98789,0.98808,1.00,1.57
2014.10.23 11:21:11.759,0.98789,0.98812,1.17,1.47
2014.10.23 11:21:11.961,0.98798,0.98819,1.00,1.65
2014.10.23 11:21:12.162,0.98794,0.98818,1.50,1.15
2014.10.23 11:21:25.230,0.98793,0.98817,1.10,2.02
2014.10.23 11:21:27.153,0.98794,0.98817,1.00,1.27
2014.10.23 11:21:30.489,0.98795,0.98819,1.00,2.40
2014.10.23 11:21:34.206,0.98795,0.98819,1.10,1.15
2014.10.23 11:21:34.408,0.98795,0.98819,1.17,1.10
2014.10.23 11:21:37.751,0.98795,0.98819,1.17,1.47
2014.10.23 11:21:37.802,0.98795,0.98819,1.00,2.77
2014.10.23 11:21:38.482,0.98794,0.98816,1.10,1.10
2014.10.23 11:21:39.005,0.98794,0.98816,1.10,1.47
2014.10.23 11:21:39.761,0.98794,0.98816,1.10,1.10
2014.10.23 11:21:40.277,0.98794,0.98816,1.10,1.47
2014.10.23 11:21:40.840,0.98793,0.98817,1.17,1.17
2014.10.23 11:21:42.869,0.98799,0.98819,1.00,1.65
2014.10.23 11:21:43.071,0.98799,0.98821,1.50,2.40
2014.10.23 11:21:43.596,0.98799,0.98821,1.00,2.40
2014.10.23 11:21:47.637,0.98802,0.98821,1.00,1.17
2014.10.23 11:21:47.940,0.98803,0.98825,1.10,1.57
2014.10.23 11:21:47.990,0.98803,0.98826,1.00,3.45
2014.10.23 11:21:48.041,0.988,0.98821,1.95,1.10
2014.10.23 11:21:48.192,0.98802,0.98826,1.50,3.82
2014.10.23 11:21:48.293,0.98804,0.98826,1.50,1.65
2014.10.23 11:21:48.394,0.98803,0.98827,3.15,1.07
2014.10.23 11:21:48.495,0.98805,0.98829,1.20,1.20
2014.10.23 11:21:48.647,0.98807,0.98831,1.00,2.40
2014.10.23 11:21:49.131,0.98809,0.98831,1.50,2.77
2014.10.23 11:21:57.426,0.98809,0.98831,1.50,1.20
2014.10.23 11:21:59.431,0.98809,0.98831,1.00,1.65
2014.10.23 11:22:00.059,0.98807,0.98831,1.17,2.77
2014.10.23 11:22:00.864,0.98805,0.98829,1.27,1.00
2014.10.23 11:22:00.914,0.98805,0.98829,1.17,1.47
2014.10.23 11:22:01.150,0.98799,0.98824,1.00,1.15
2014.10.23 11:22:01.301,0.98799,0.98824,1.17,1.20
2014.10.23 11:22:01.818,0.98804,0.98824,1.00,1.20
2014.10.23 11:22:02.355,0.98804,0.98824,1.10,1.00
2014.10.23 11:22:02.820,0.98804,0.98827,1.07,1.27
2014.10.23 11:22:03.333,0.98804,0.98825,1.00,1.17
2014.10.23 11:22:03.585,0.98799,0.98825,2.40,1.15
2014.10.23 11:22:04.248,0.98799,0.98825,1.57,1.52
2014.10.23 11:22:05.011,0.98799,0.98821,3.15,1.00
2014.10.23 11:22:05.323,0.988,0.98825,1.65,1.52
2014.10.23 11:22:05.424,0.98802,0.98826,1.00,1.27
2014.10.23 11:22:05.727,0.98804,0.98825,1.00,1.27
2014.10.23 11:22:06.130,0.988,0.98825,1.65,1.27
2014.10.23 11:22:08.827,0.98801,0.98827,1.15,1.20
2014.10.23 11:22:10.129,0.98801,0.98827,1.52,1.10
2014.10.23 11:22:10.435,0.98805,0.98831,1.20,2.02
2014.10.23 11:22:10.540,0.98805,0.98831,1.15,1.95
2014.10.23 11:22:15.021,0.98804,0.98825,2.77,1.00
2014.10.23 11:22:15.172,0.98803,0.98826,1.07,1.10
2014.10.23 11:22:15.474,0.988,0.98826,1.17,2.77
2014.10.23 11:22:15.777,0.98797,0.98822,1.10,1.17
2014.10.23 11:22:18.669,0.98798,0.98823,1.00,1.52
2014.10.23 11:22:19.228,0.98797,0.98822,1.10,1.55
2014.10.23 11:22:19.807,0.98797,0.98822,1.10,1.55
2014.10.23 11:22:21.259,0.98797,0.98822,1.10,1.55
2014.10.23 11:22:23.360,0.98798,0.98823,1.00,1.52
2014.10.23 11:22:23.461,0.988,0.98824,1.00,1.52
2014.10.23 11:22:24.179,0.988,0.98824,1.10,1.52
2014.10.23 11:22:24.693,0.988,0.98821,1.10,1.00
2014.10.23 11:22:25.338,0.988,0.98824,1.10,2.77
2014.10.23 11:22:26.920,0.988,0.98822,1.00,1.17
2014.10.23 11:22:27.186,0.98798,0.98823,1.00,2.77
2014.10.23 11:22:28.266,0.988,0.98824,1.00,1.52
2014.10.23 11:22:31.590,0.988,0.98821,1.00,1.07
2014.10.23 11:22:35.428,0.98805,0.98821,1.00,1.07
2014.10.23 11:22:35.530,0.98803,0.98826,1.07,2.32
2014.10.23 11:22:35.580,0.98809,0.98826,1.00,1.57
2014.10.23 11:22:35.723,0.98809,0.98831,1.00,1.65
2014.10.23 11:22:35.824,0.98814,0.98833,1.00,2.32
2014.10.23 11:22:35.925,0.98808,0.98834,1.65,2.40
2014.10.23 11:22:36.520,0.98809,0.98834,1.00,2.40
2014.10.23 11:22:37.126,0.98808,0.98832,1.20,1.20
2014.10.23 11:22:37.834,0.98808,0.98832,1.00,1.15
2014.10.23 11:22:44.680,0.98807,0.98831,1.00,1.15
2014.10.23 11:22:45.147,0.98809,0.98831,1.10,1.65
2014.10.23 11:22:45.658,0.98809,0.98831,1.10,1.57
2014.10.23 11:22:46.918,0.98807,0.98831,1.10,1.57
2014.10.23 11:22:47.871,0.98804,0.9883,3.52,1.15
2014.10.23 11:22:53.252,0.98804,0.98831,2.40,4.20
2014.10.23 11:22:53.907,0.98804,0.98831,1.57,3.45
2014.10.23 11:22:58.430,0.98806,0.9883,1.00,1.27
2014.10.23 11:23:05.032,0.98805,0.98829,1.00,1.15
2014.10.23 11:23:06.450,0.98804,0.98827,1.57,1.07
2014.10.23 11:23:13.577,0.98803,0.98827,1.50,1.17
2014.10.23 11:23:18.081,0.98803,0.98818,1.00,1.00
2014.10.23 11:23:18.285,0.98793,0.98816,1.52,1.00
2014.10.23 11:23:18.386,0.98794,0.98818,1.15,1.00
2014.10.23 11:23:18.487,0.98794,0.98818,1.20,1.20
2014.10.23 11:23:24.500,0.98795,0.98819,1.00,1.15
2014.10.23 11:23:24.601,0.98808,0.98821,1.00,1.15
2014.10.23 11:23:24.701,0.98807,0.98825,1.00,1.00
2014.10.23 11:23:25.156,0.98804,0.98826,1.17,1.00
2014.10.23 11:23:25.670,0.98804,0.9883,1.17,1.27
2014.10.23 11:23:33.971,0.98803,0.98824,1.00,1.10
2014.10.23 11:23:34.173,0.98797,0.98821,1.20,1.65
2014.10.23 11:23:34.677,0.98797,0.98821,1.00,3.52
2014.10.23 11:23:36.666,0.98798,0.98821,1.00,2.77
2014.10.23 11:23:38.326,0.98799,0.98821,1.50,1.87
2014.10.23 11:23:38.578,0.98799,0.98821,1.52,1.00
2014.10.23 11:23:38.716,0.98802,0.98826,1.00,1.65
2014.10.23 11:23:39.019,0.98802,0.98826,1.15,1.00
2014.10.23 11:23:39.538,0.98804,0.98828,1.17,2.77
2014.10.23 11:23:40.294,0.98808,0.98828,2.47,2.40
2014.10.23 11:23:40.395,0.98814,0.98832,1.50,1.57
2014.10.23 11:23:40.497,0.98814,0.98836,1.10,2.32
2014.10.23 11:23:41.225,0.98812,0.98836,1.10,2.40
2014.10.23 11:23:42.030,0.98812,0.98836,1.15,1.00
2014.10.23 11:23:43.487,0.98812,0.98836,1.17,2.70
2014.10.23 11:23:43.538,0.98812,0.98836,1.20,2.77
2014.10.23 11:23:43.588,0.98812,0.98836,1.10,2.77
2014.10.23 11:23:44.494,0.98812,0.98836,1.17,2.40
2014.10.23 11:23:45.814,0.98814,0.98837,1.00,1.65
2014.10.23 11:23:46.623,0.98812,0.98836,1.17,1.17
2014.10.23 11:23:47.136,0.98812,0.98836,1.15,1.00
2014.10.23 11:23:47.679,0.98812,0.98836,1.17,2.77
2014.10.23 11:23:48.220,0.98812,0.98835,1.20,1.57
2014.10.23 11:23:50.645,0.98812,0.98836,1.27,1.00
2014.10.23 11:23:50.910,0.98818,0.98839,1.00,1.17
2014.10.23 11:23:51.062,0.9882,0.98842,1.00,1.20
2014.10.23 11:23:51.163,0.98822,0.98843,1.00,1.65
2014.10.23 11:23:51.264,0.98822,0.98846,1.00,3.90
2014.10.23 11:23:51.736,0.98822,0.98845,1.00,2.32
2014.10.23 11:23:52.107,0.98822,0.98845,1.00,1.65
2014.10.23 11:23:52.266,0.98823,0.98847,1.00,1.15
2014.10.23 11:23:52.771,0.98824,0.98849,1.00,2.77
2014.10.23 11:23:53.656,0.98823,0.98847,1.00,2.40
2014.10.23 11:23:53.808,0.98821,0.98845,1.12,1.57
2014.10.23 11:23:54.386,0.9882,0.98844,1.10,2.40
2014.10.23 11:23:57.075,0.98822,0.98844,1.00,1.65
2014.10.23 11:23:57.176,0.98822,0.98846,1.10,2.40
2014.10.23 11:23:57.455,0.9882,0.98844,1.10,1.15
2014.10.23 11:23:57.757,0.9882,0.98844,1.00,1.52
2014.10.23 11:23:58.136,0.98819,0.9884,1.00,2.02
2014.10.23 11:23:58.388,0.98815,0.98837,1.27,1.10
2014.10.23 11:23:58.931,0.98815,0.98836,1.00,1.10
2014.10.23 11:24:01.291,0.9881,0.98833,4.87,1.00
2014.10.23 11:24:01.392,0.98809,0.98836,1.00,2.77
2014.10.23 11:24:01.443,0.98809,0.98834,1.00,1.65
2014.10.23 11:24:01.745,0.98812,0.98836,1.07,3.07
2014.10.23 11:24:02.047,0.98815,0.98836,1.00,2.32
2014.10.23 11:24:03.460,0.98815,0.98836,1.00,1.50
2014.10.23 11:24:04.907,0.98814,0.98836,1.20,1.50
2014.10.23 11:24:09.462,0.98814,0.98837,1.65,1.87
2014.10.23 11:24:09.979,0.98814,0.98839,1.65,2.77
2014.10.23 11:24:16.905,0.98816,0.98838,1.00,1.65
2014.10.23 11:24:17.256,0.98816,0.98835,1.00,1.50
2014.10.23 11:24:17.306,0.98814,0.98835,1.20,1.50
2014.10.23 11:24:17.407,0.98814,0.98838,1.50,4.95
2014.10.23 11:24:17.609,0.98815,0.98838,1.10,1.65
2014.10.23 11:24:17.709,0.98815,0.98835,1.00,1.57
2014.10.23 11:24:19.217,0.98817,0.98837,1.00,1.65
2014.10.23 11:24:19.469,0.98817,0.98837,1.00,1.57
2014.10.23 11:24:19.683,0.98815,0.98835,1.10,1.50
2014.10.23 11:24:21.107,0.98815,0.98837,1.00,1.65
2014.10.23 11:24:21.258,0.98816,0.98838,1.12,1.65
2014.10.23 11:24:21.618,0.98814,0.98837,1.20,1.50
2014.10.23 11:24:21.669,0.98814,0.98835,1.10,1.50
2014.10.23 11:24:22.122,0.98817,0.98837,1.00,1.65
2014.10.23 11:24:22.652,0.98818,0.98839,1.00,1.57
2014.10.23 11:24:22.703,0.98818,0.98839,1.00,1.57
2014.10.23 11:24:23.005,0.98819,0.98837,1.00,1.50
2014.10.23 11:24:23.454,0.98819,0.98841,1.00,2.02
2014.10.23 11:24:23.907,0.98818,0.98841,1.17,2.32
2014.10.23 11:24:24.311,0.98818,0.98841,1.15,1.00
2014.10.23 11:24:25.048,0.98817,0.98841,1.27,1.50
2014.10.23 11:24:27.020,0.9882,0.98841,1.00,1.50
2014.10.23 11:24:27.323,0.98823,0.98845,1.00,2.40
2014.10.23 11:24:27.625,0.98819,0.9884,1.00,1.65
2014.10.23 11:24:28.173,0.98819,0.9884,1.10,1.50
2014.10.23 11:24:28.614,0.98819,0.98838,1.10,1.50
2014.10.23 11:24:28.851,0.98819,0.9884,1.10,1.50
2014.10.23 11:24:30.646,0.98817,0.9884,1.17,1.57
2014.10.23 11:24:31.188,0.98817,0.9884,1.15,1.50
2014.10.23 11:24:31.394,0.98817,0.9884,1.10,1.65
2014.10.23 11:24:31.935,0.98817,0.98838,1.10,1.50
2014.10.23 11:24:33.891,0.98817,0.98839,1.10,1.57
2014.10.23 11:24:34.465,0.98823,0.98841,1.00,1.52
2014.10.23 11:24:34.566,0.98822,0.98842,1.07,1.00
2014.10.23 11:24:34.667,0.98826,0.98847,1.00,1.00
2014.10.23 11:24:34.768,0.98826,0.98848,1.15,1.00
2014.10.23 11:24:34.819,0.98826,0.9885,1.15,1.00
2014.10.23 11:24:37.659,0.98826,0.9885,1.17,1.07
2014.10.23 11:24:37.759,0.98826,0.9885,1.17,1.15
2014.10.23 11:24:38.855,0.98829,0.9885,1.00,1.15
2014.10.23 11:24:38.956,0.9883,0.98851,1.10,1.00
2014.10.23 11:24:39.057,0.98829,0.98855,1.27,1.20
2014.10.23 11:24:39.158,0.98829,0.98851,1.75,1.00
2014.10.23 11:24:39.259,0.98828,0.98851,1.17,1.10
2014.10.23 11:24:39.833,0.98828,0.98852,1.65,1.00
2014.10.23 11:24:40.235,0.98833,0.98851,1.00,1.00
2014.10.23 11:24:40.386,0.98835,0.98856,1.00,1.15
2014.10.23 11:24:42.235,0.98834,0.98856,1.00,1.15
2014.10.23 11:24:44.376,0.98831,0.98851,1.00,1.00
2014.10.23 11:24:45.131,0.98827,0.98846,1.27,1.00
2014.10.23 11:24:45.181,0.98827,0.98846,1.20,1.00
2014.10.23 11:24:45.868,0.98827,0.98851,1.10,2.70
2014.10.23 11:24:47.146,0.98826,0.98847,1.65,1.00
2014.10.23 11:24:47.448,0.9882,0.98844,1.15,1.07
2014.10.23 11:24:47.499,0.9882,0.98844,1.15,1.10
2014.10.23 11:24:48.298,0.98824,0.98844,1.00,1.10
2014.10.23 11:24:48.500,0.98824,0.98846,2.32,1.20
2014.10.23 11:24:48.752,0.98829,0.9885,1.50,3.37
2014.10.23 11:24:48.803,0.98829,0.9885,1.57,1.45
2014.10.23 11:24:48.904,0.98829,0.98851,2.40,1.00
2014.10.23 11:24:49.616,0.98828,0.98852,1.27,1.00
2014.10.23 11:24:50.131,0.98827,0.98851,2.77,1.00
2014.10.23 11:24:51.983,0.98829,0.98855,3.52,1.27
2014.10.23 11:24:52.185,0.98829,0.9885,1.07,1.20
2014.10.23 11:24:52.487,0.98829,0.9885,1.00,1.52
2014.10.23 11:24:52.607,0.98826,0.9885,1.00,1.15
2014.10.23 11:24:54.886,0.98826,0.98846,1.00,1.00
2014.10.23 11:24:55.495,0.98822,0.98846,1.52,1.00
2014.10.23 11:24:55.964,0.98827,0.98846,1.10,1.00
2014.10.23 11:24:56.115,0.98825,0.98849,1.15,1.10
2014.10.23 11:24:56.468,0.98825,0.98849,2.40,1.07
2014.10.23 11:24:57.145,0.98825,0.98849,2.32,1.15
2014.10.23 11:25:02.407,0.98827,0.98851,1.00,2.77
2014.10.23 11:25:02.950,0.98828,0.98851,1.00,1.27
2014.10.23 11:25:04.396,0.98828,0.98848,1.00,1.17
2014.10.23 11:25:04.497,0.98824,0.98848,2.85,3.45
2014.10.23 11:25:12.976,0.98824,0.98846,1.10,1.17
2014.10.23 11:25:13.177,0.98824,0.98848,1.20,2.32
2014.10.23 11:25:13.379,0.98823,0.98848,1.47,1.15
2014.10.23 11:25:13.480,0.98823,0.98848,1.52,1.20
2014.10.23 11:25:13.632,0.9882,0.98843,1.65,1.00
2014.10.23 11:25:13.783,0.9882,0.98843,1.00,1.15
2014.10.23 11:25:14.136,0.98823,0.98841,1.50,1.10
2014.10.23 11:25:14.186,0.98823,0.98845,1.57,1.10
2014.10.23 11:25:16.384,0.98821,0.98845,1.07,1.17
2014.10.23 11:25:16.435,0.98821,0.98845,1.00,1.15
2014.10.23 11:25:16.485,0.98821,0.98845,1.00,1.15
2014.10.23 11:25:17.031,0.98821,0.98845,1.00,1.15
2014.10.23 11:25:17.489,0.98819,0.98841,1.87,1.10
2014.10.23 11:25:17.842,0.98822,0.98841,2.62,1.00
2014.10.23 11:25:18.043,0.98823,0.98846,2.77,1.00
2014.10.23 11:25:18.296,0.98822,0.98843,4.50,1.50
2014.10.23 11:25:18.346,0.98821,0.98843,1.00,1.65
2014.10.23 11:25:18.548,0.98819,0.98842,1.00,1.10
2014.10.23 11:25:19.396,0.98818,0.98842,1.20,1.10
2014.10.23 11:25:20.229,0.98819,0.98845,1.00,2.77
2014.10.23 11:25:20.380,0.98823,0.98845,1.50,1.27
2014.10.23 11:25:20.582,0.98824,0.98848,1.87,1.15
2014.10.23 11:25:20.633,0.98827,0.98849,1.00,1.17
2014.10.23 11:25:20.692,0.98827,0.9885,1.00,2.77
2014.10.23 11:25:23.135,0.98824,0.98846,2.02,1.00
2014.10.23 11:25:23.639,0.98824,0.98846,1.00,1.50
2014.10.23 11:25:24.326,0.98824,0.98843,1.00,1.50
2014.10.23 11:25:24.628,0.98824,0.98843,1.00,2.40
2014.10.23 11:25:24.679,0.98817,0.98843,1.27,2.40
2014.10.23 11:25:24.780,0.98816,0.9884,1.47,1.15
2014.10.23 11:25:27.854,0.98816,0.9884,1.20,1.15
2014.10.23 11:25:30.658,0.98814,0.98835,1.27,1.00
2014.10.23 11:25:30.709,0.98811,0.98835,1.15,1.00
2014.10.23 11:25:30.810,0.98811,0.98835,1.00,1.15
2014.10.23 11:25:31.012,0.98809,0.98833,1.00,1.15
2014.10.23 11:25:31.314,0.98816,0.9884,1.00,1.15
2014.10.23 11:25:31.415,0.98814,0.98838,1.20,1.20
2014.10.23 11:25:33.791,0.98815,0.98841,1.00,1.52
2014.10.23 11:25:33.895,0.98819,0.98841,1.00,1.52
2014.10.23 11:25:34.621,0.98819,0.98841,1.00,1.55
2014.10.23 11:25:44.251,0.98818,0.98841,1.00,1.27
2014.10.23 11:25:44.826,0.98819,0.98843,1.00,1.52
2014.10.23 11:25:45.469,0.98818,0.98843,1.00,1.52
2014.10.23 11:25:46.234,0.98818,0.98843,1.07,1.55
2014.10.23 11:25:46.779,0.98821,0.98845,1.00,1.27
2014.10.23 11:25:46.830,0.98821,0.98845,1.07,1.20
2014.10.23 11:25:46.930,0.98823,0.98845,2.40,1.12
2014.10.23 11:25:47.425,0.98826,0.98845,1.50,1.00
2014.10.23 11:25:47.476,0.98826,0.98848,1.50,1.27
2014.10.23 11:25:47.677,0.98824,0.98847,1.50,1.20
2014.10.23 11:25:48.231,0.98823,0.98847,2.40,1.00
2014.10.23 11:25:48.432,0.98823,0.98847,1.15,1.37
2014.10.23 11:25:48.533,0.98821,0.98845,1.50,1.27
2014.10.23 11:25:48.684,0.98815,0.98839,3.45,1.00
2014.10.23 11:25:48.735,0.98815,0.98839,1.15,1.10
2014.10.23 11:25:48.836,0.98815,0.98839,1.27,1.20
2014.10.23 11:25:51.848,0.98815,0.98837,1.20,1.00
2014.10.23 11:25:54.596,0.98815,0.98836,1.20,1.00
2014.10.23 11:25:55.068,0.98813,0.98837,1.00,1.27
2014.10.23 11:25:55.669,0.98811,0.98835,1.07,1.07
2014.10.23 11:26:00.558,0.98811,0.98836,1.52,1.10
2014.10.23 11:26:02.106,0.98813,0.98833,1.65,1.00
2014.10.23 11:26:02.207,0.98811,0.98835,1.00,1.15
2014.10.23 11:26:02.258,0.98811,0.98835,1.20,1.20
2014.10.23 11:26:03.583,0.98809,0.98835,1.15,1.57
2014.10.23 11:26:05.224,0.98812,0.98836,1.00,1.27
2014.10.23 11:26:05.275,0.98812,0.98836,1.15,1.20
2014.10.23 11:26:08.155,0.98812,0.98837,1.00,1.52
2014.10.23 11:26:08.457,0.98812,0.98836,1.00,3.45
2014.10.23 11:26:08.558,0.98809,0.98836,1.95,3.45
2014.10.23 11:26:09.146,0.98813,0.98836,1.00,3.07
2014.10.23 11:26:09.197,0.98813,0.98836,1.10,1.17
2014.10.23 11:26:11.722,0.98815,0.98836,1.00,1.17
2014.10.23 11:26:14.631,0.98815,0.98831,1.00,1.00
2014.10.23 11:26:14.833,0.98815,0.98836,1.00,1.17
2014.10.23 11:26:14.984,0.98817,0.98836,1.00,1.17
2014.10.23 11:26:15.186,0.98814,0.98837,1.17,1.00
2014.10.23 11:26:15.387,0.98814,0.98831,1.10,1.00
2014.10.23 11:26:15.620,0.98814,0.98838,1.57,1.27
2014.10.23 11:26:15.670,0.98816,0.9884,1.00,2.77
2014.10.23 11:26:15.922,0.98816,0.9884,1.17,1.17
2014.10.23 11:26:16.095,0.98815,0.98839,1.50,1.15
2014.10.23 11:26:16.347,0.98813,0.98836,1.20,1.00
2014.10.23 11:26:16.398,0.98815,0.98836,1.50,1.00
2014.10.23 11:26:16.599,0.98815,0.98841,2.40,2.02
2014.10.23 11:26:16.700,0.98815,0.98836,2.40,1.00
2014.10.23 11:26:17.599,0.98815,0.98832,1.50,1.00
2014.10.23 11:26:18.225,0.98813,0.98832,1.17,1.00
2014.10.23 11:26:19.102,0.98813,0.98831,1.17,1.00
2014.10.23 11:26:20.085,0.98813,0.98836,2.40,1.00
2014.10.23 11:26:27.120,0.98815,0.98836,1.00,1.00
2014.10.23 11:26:27.372,0.98815,0.98837,1.07,1.00
2014.10.23 11:26:27.473,0.98815,0.98836,1.07,1.10
2014.10.23 11:26:27.624,0.98818,0.98836,1.00,1.00
2014.10.23 11:26:27.838,0.98815,0.98836,1.10,1.00
2014.10.23 11:26:28.339,0.98815,0.98836,1.07,1.00
2014.10.23 11:26:30.424,0.98819,0.98841,1.00,2.02
2014.10.23 11:26:30.655,0.98819,0.98841,1.10,1.65
2014.10.23 11:26:32.684,0.98819,0.98841,1.10,1.95
2014.10.23 11:26:33.075,0.98815,0.98837,1.27,1.00
2014.10.23 11:26:33.176,0.98818,0.98841,1.17,1.47
2014.10.23 11:26:44.431,0.98815,0.98841,2.40,1.95
2014.10.23 11:26:45.614,0.98815,0.98841,2.40,1.47
2014.10.23 11:26:45.766,0.98815,0.98841,2.40,1.52
2014.10.23 11:26:48.534,0.98812,0.98838,1.15,1.55
2014.10.23 11:26:48.685,0.98812,0.98838,1.15,1.52
2014.10.23 11:26:48.786,0.98812,0.98837,1.00,2.70
2014.10.23 11:26:48.954,0.98812,0.98838,1.10,1.52
2014.10.23 11:26:49.612,0.98813,0.98838,1.50,1.52
2014.10.23 11:26:57.351,0.98816,0.98839,1.00,2.70
2014.10.23 11:26:57.402,0.98816,0.9884,1.00,1.52
2014.10.23 11:26:57.453,0.98816,0.9884,1.00,1.52
2014.10.23 11:26:57.503,0.98819,0.9884,1.00,1.52
2014.10.23 11:26:57.605,0.98816,0.9884,1.07,1.55
2014.10.23 11:26:57.807,0.98815,0.98838,1.57,1.47
2014.10.23 11:27:09.396,0.98819,0.98841,1.00,1.55
2014.10.23 11:27:09.908,0.98819,0.98841,1.00,1.55
2014.10.23 11:27:10.060,0.98815,0.98841,2.40,1.55
2014.10.23 11:27:15.615,0.98821,0.98842,1.00,1.52
2014.10.23 11:27:15.921,0.98818,0.98842,1.00,1.52
2014.10.23 11:27:16.424,0.98816,0.98842,1.07,2.02
2014.10.23 11:27:17.412,0.98818,0.98842,1.00,1.52
2014.10.23 11:27:18.068,0.98819,0.98843,1.00,1.52
2014.10.23 11:27:18.694,0.98822,0.98844,1.00,2.32
2014.10.23 11:27:18.795,0.98822,0.98846,1.00,1.65
2014.10.23 11:27:18.896,0.98822,0.98846,1.10,1.65
2014.10.23 11:27:19.647,0.98822,0.98841,1.10,1.00
2014.10.23 11:27:19.748,0.98819,0.98841,1.17,1.00
2014.10.23 11:27:19.799,0.98819,0.98841,1.10,1.07
2014.10.23 11:27:20.108,0.98818,0.98842,1.50,3.82
2014.10.23 11:27:20.828,0.98819,0.98841,1.00,1.15
2014.10.23 11:27:21.370,0.98819,0.98841,1.10,1.10
2014.10.23 11:27:21.584,0.9882,0.98841,2.25,1.00
2014.10.23 11:27:21.634,0.98826,0.98846,1.00,1.00
2014.10.23 11:27:22.741,0.98825,0.98846,2.25,1.00
2014.10.23 11:27:23.008,0.98827,0.98846,1.00,1.00
2014.10.23 11:27:24.814,0.98825,0.98846,1.50,1.00
2014.10.23 11:27:26.686,0.98825,0.98847,1.50,1.20
2014.10.23 11:27:27.828,0.98825,0.98847,1.57,1.10
2014.10.23 11:27:28.347,0.98824,0.98847,2.92,1.10
2014.10.23 11:27:28.397,0.98824,0.98847,2.25,1.07
2014.10.23 11:27:28.905,0.98823,0.98846,2.32,1.17
2014.10.23 11:27:37.326,0.98824,0.98846,1.00,1.17
2014.10.23 11:27:37.871,0.98823,0.98846,3.07,1.17
2014.10.23 11:27:39.440,0.98824,0.9885,1.00,2.70
2014.10.23 11:27:39.853,0.98828,0.9885,1.00,2.70
2014.10.23 11:27:40.362,0.98825,0.9885,1.00,2.70
2014.10.23 11:27:49.893,0.98825,0.98851,1.10,2.77
2014.10.23 11:27:50.019,0.98825,0.9885,1.00,2.70
2014.10.23 11:27:50.204,0.98825,0.98851,1.10,2.77
2014.10.23 11:27:50.709,0.98824,0.9885,1.00,1.27
2014.10.23 11:27:50.914,0.98824,0.9885,1.10,1.27
2014.10.23 11:27:51.884,0.98824,0.98846,1.10,1.00
2014.10.23 11:27:52.103,0.98824,0.9885,1.10,1.52
2014.10.23 11:27:52.554,0.98824,0.98846,1.10,1.00
2014.10.23 11:28:03.130,0.98824,0.98847,1.10,1.00
2014.10.23 11:28:05.440,0.98824,0.98848,1.57,1.10
2014.10.23 11:28:05.882,0.98824,0.98846,1.10,1.00
2014.10.23 11:28:07.748,0.98824,0.98848,1.57,1.10
2014.10.23 11:28:10.388,0.98824,0.98846,1.10,1.00
2014.10.23 11:28:10.918,0.98825,0.98847,1.00,1.00
2014.10.23 11:28:11.170,0.98823,0.98847,1.20,1.65
2014.10.23 11:28:11.686,0.98822,0.98847,2.77,1.20
2014.10.23 11:28:12.387,0.98824,0.98846,1.12,1.00
2014.10.23 11:28:18.971,0.98824,0.98847,1.00,1.20
2014.10.23 11:28:22.765,0.98821,0.98847,2.02,1.20
2014.10.23 11:28:22.866,0.98821,0.98847,2.32,2.02
2014.10.23 11:28:23.173,0.98821,0.98842,1.00,1.00
2014.10.23 11:28:23.346,0.98821,0.98846,1.00,1.15
2014.10.23 11:28:25.102,0.98822,0.98847,1.50,1.65
2014.10.23 11:28:25.388,0.98824,0.98847,1.00,1.15
2014.10.23 11:28:25.589,0.98824,0.98847,1.00,1.15
2014.10.23 11:28:28.660,0.98824,0.98846,1.07,1.10
2014.10.23 11:28:29.199,0.98824,0.98846,1.27,1.00
2014.10.23 11:28:29.465,0.98824,0.98846,3.45,1.00
2014.10.23 11:28:29.617,0.98829,0.98852,1.20,1.17
2014.10.23 11:28:29.921,0.98829,0.98851,1.65,1.00
2014.10.23 11:28:30.224,0.98831,0.98852,2.32,1.00
2014.10.23 11:28:30.325,0.9883,0.98852,1.65,1.00
2014.10.23 11:28:30.476,0.98831,0.98852,1.15,1.00
2014.10.23 11:28:30.980,0.98831,0.98852,1.65,1.00
2014.10.23 11:28:31.783,0.98832,0.98852,1.17,1.00
2014.10.23 11:28:31.884,0.98832,0.98852,1.20,1.00
2014.10.23 11:28:32.167,0.98834,0.98856,1.00,1.65
2014.10.23 11:28:33.360,0.98833,0.98856,2.25,1.15
2014.10.23 11:28:33.663,0.98834,0.98859,1.57,1.15
2014.10.23 11:28:33.764,0.98834,0.98859,1.65,1.15
2014.10.23 11:28:33.814,0.98834,0.98859,1.65,1.15
2014.10.23 11:28:34.117,0.98839,0.98861,1.00,1.65
2014.10.23 11:28:34.562,0.98837,0.98857,1.00,1.10
2014.10.23 11:28:34.713,0.98835,0.98857,1.00,1.07
2014.10.23 11:28:34.965,0.98829,0.98853,1.57,1.15
2014.10.23 11:28:35.016,0.98829,0.98853,1.50,1.15
2014.10.23 11:28:35.851,0.98828,0.98852,1.10,1.15
2014.10.23 11:28:36.154,0.98834,0.98853,1.00,2.32
2014.10.23 11:28:36.204,0.98834,0.98855,1.60,2.32
2014.10.23 11:28:36.255,0.98834,0.98856,1.60,1.15
2014.10.23 11:28:36.306,0.98834,0.98856,1.07,1.07
2014.10.23 11:28:36.356,0.98833,0.98857,2.02,1.00
2014.10.23 11:28:36.558,0.98833,0.98851,2.77,1.00
2014.10.23 11:28:36.609,0.98833,0.98851,2.77,1.00
2014.10.23 11:28:37.142,0.98833,0.98856,1.27,1.10
2014.10.23 11:28:37.863,0.98836,0.98856,1.00,1.00
2014.10.23 11:28:38.403,0.98838,0.98856,1.10,1.00
2014.10.23 11:28:38.454,0.98838,0.98861,1.10,1.15
2014.10.23 11:28:38.656,0.98838,0.98861,1.17,1.10
2014.10.23 11:28:43.473,0.98839,0.98861,1.47,1.10
2014.10.23 11:28:43.524,0.98844,0.98861,1.00,1.00
2014.10.23 11:28:43.625,0.98846,0.98867,1.00,1.84
2014.10.23 11:28:43.726,0.98846,0.98871,1.07,4.01
2014.10.23 11:28:44.234,0.98847,0.98871,1.12,1.29
2014.10.23 11:28:46.166,0.98849,0.98871,1.00,1.19
2014.10.23 11:28:47.140,0.98851,0.98875,1.00,2.96
2014.10.23 11:28:47.291,0.98851,0.98875,1.00,2.02
2014.10.23 11:28:47.795,0.9885,0.98875,1.00,2.02
2014.10.23 11:28:48.914,0.98849,0.98871,1.00,1.00
2014.10.23 11:28:49.468,0.98847,0.98871,1.15,1.00
2014.10.23 11:28:49.602,0.9885,0.98872,1.00,1.20
2014.10.23 11:28:50.649,0.9885,0.98871,1.00,1.50
2014.10.23 11:28:51.059,0.98848,0.98871,2.02,1.50
2014.10.23 11:28:51.110,0.9885,0.98871,1.50,1.37
2014.10.23 11:28:51.412,0.98846,0.98868,1.10,1.57
2014.10.23 11:28:51.463,0.98846,0.98865,1.10,1.50
2014.10.23 11:28:51.564,0.98846,0.98867,1.10,1.50
2014.10.23 11:28:52.148,0.98846,0.98868,1.10,1.57
2014.10.23 11:28:52.443,0.98846,0.98868,1.07,1.50
2014.10.23 11:28:54.444,0.98846,0.98868,1.07,1.50
2014.10.23 11:28:54.972,0.98846,0.98868,1.00,1.50
2014.10.23 11:28:57.045,0.98848,0.98868,1.00,1.50
2014.10.23 11:28:57.096,0.98844,0.98865,1.00,1.50
2014.10.23 11:28:57.297,0.98843,0.98863,1.00,1.50
2014.10.23 11:28:57.824,0.98843,0.98863,1.00,1.65
2014.10.23 11:28:59.506,0.98844,0.98863,1.00,1.65
2014.10.23 11:29:00.212,0.98846,0.98863,1.00,1.65
2014.10.23 11:29:00.313,0.98843,0.98862,1.10,1.50
2014.10.23 11:29:00.515,0.98845,0.98867,1.00,1.15
2014.10.23 11:29:00.616,0.98845,0.98867,1.17,1.10
2014.10.23 11:29:00.817,0.98843,0.98867,1.57,1.57
2014.10.23 11:29:03.032,0.98843,0.98865,1.07,1.50
2014.10.23 11:29:03.616,0.98843,0.98865,1.00,1.65
2014.10.23 11:29:04.301,0.98844,0.98864,1.00,1.57
2014.10.23 11:29:05.382,0.98843,0.98865,1.00,1.65
2014.10.23 11:29:06.203,0.9884,0.98859,1.15,1.50
2014.10.23 11:29:06.506,0.98844,0.98862,1.00,1.65
2014.10.23 11:29:07.690,0.98844,0.98866,1.50,2.40
2014.10.23 11:29:07.741,0.98844,0.98865,1.00,1.65
2014.10.23 11:29:07.842,0.98848,0.98865,1.00,1.65
2014.10.23 11:29:08.163,0.98844,0.98864,1.00,1.50
2014.10.23 11:29:08.315,0.98844,0.98862,1.00,1.50
2014.10.23 11:29:08.642,0.98844,0.98864,1.00,1.50
2014.10.23 11:29:10.034,0.98844,0.98866,1.00,2.40
2014.10.23 11:29:10.722,0.98844,0.98863,1.00,1.50
2014.10.23 11:29:19.096,0.98845,0.98863,1.00,1.50
2014.10.23 11:29:19.641,0.98844,0.98863,1.00,1.50
2014.10.23 11:29:31.168,0.9884,0.98862,1.17,1.00
2014.10.23 11:29:33.381,0.98842,0.98862,1.00,1.00
2014.10.23 11:29:35.177,0.9884,0.98862,1.17,1.00
2014.10.23 11:29:35.444,0.98844,0.98862,1.00,1.00
2014.10.23 11:29:35.898,0.98844,0.98866,1.00,1.57
2014.10.23 11:29:36.151,0.98842,0.98862,1.07,1.00
2014.10.23 11:29:36.680,0.98842,0.98861,1.07,1.00
2014.10.23 11:29:39.119,0.98839,0.98861,1.65,1.00
2014.10.23 11:29:42.087,0.98839,0.98859,1.15,1.00
2014.10.23 11:29:42.174,0.98839,0.98861,1.15,2.25
2014.10.23 11:29:43.382,0.9884,0.98862,1.17,2.25
2014.10.23 11:29:43.615,0.98844,0.98865,1.00,2.02
2014.10.23 11:29:44.251,0.98844,0.98862,1.00,1.50
2014.10.23 11:29:46.661,0.9884,0.98861,1.17,1.00
2014.10.23 11:29:54.472,0.9884,0.98862,1.17,2.25
2014.10.23 11:29:56.154,0.9884,0.98862,1.00,2.32
2014.10.23 11:29:57.527,0.98839,0.98862,1.20,2.32
2014.10.23 11:29:58.280,0.98841,0.98862,1.00,2.32
2014.10.23 11:30:00.051,0.98838,0.98862,2.55,2.32
2014.10.23 11:30:03.402,0.98838,0.98858,1.45,1.50
2014.10.23 11:30:03.503,0.98837,0.98857,1.00,1.50
2014.10.23 11:30:03.957,0.98831,0.98856,2.32,3.37
2014.10.23 11:30:04.259,0.98831,0.98848,2.32,1.50
2014.10.23 11:30:04.773,0.98831,0.98846,2.32,1.00
2014.10.23 11:30:05.075,0.98831,0.98842,2.32,1.50
2014.10.23 11:30:05.378,0.98829,0.98835,4.34,1.50
2014.10.23 11:30:05.776,0.98814,0.98836,1.00,3.82
2014.10.23 11:30:06.163,0.9881,0.98831,1.12,1.17
2014.10.23 11:30:06.314,0.98809,0.98831,1.65,1.00
2014.10.23 11:30:06.415,0.98809,0.98834,1.00,3.82
2014.10.23 11:30:06.717,0.98809,0.98835,1.10,1.65
2014.10.23 11:30:06.923,0.98814,0.98836,1.00,1.15
2014.10.23 11:30:07.024,0.98814,0.98836,1.00,1.15
2014.10.23 11:30:07.276,0.98808,0.98835,1.65,1.65
2014.10.23 11:30:07.892,0.98809,0.98834,1.15,1.57
2014.10.23 11:30:08.564,0.98809,0.98833,1.17,1.50
2014.10.23 11:30:08.665,0.98809,0.98833,1.17,1.57
2014.10.23 11:30:09.168,0.98809,0.98832,1.17,1.50
2014.10.23 11:30:09.319,0.98817,0.98832,1.00,1.50
2014.10.23 11:30:09.470,0.98819,0.98838,2.55,1.10
2014.10.23 11:30:09.521,0.98819,0.98841,1.72,3.07
2014.10.23 11:30:09.571,0.98818,0.98836,1.00,1.10
2014.10.23 11:30:09.723,0.98814,0.98836,1.17,1.00
2014.10.23 11:30:10.272,0.98816,0.98842,1.07,2.40
2014.10.23 11:30:10.812,0.98818,0.98843,1.20,1.15
2014.10.23 11:30:11.573,0.98818,0.98844,1.47,1.65
2014.10.23 11:30:11.886,0.98824,0.98844,1.00,1.65
2014.10.23 11:30:14.773,0.98824,0.98846,1.00,1.17
2014.10.23 11:30:14.874,0.98829,0.9885,1.00,1.57
2014.10.23 11:30:14.992,0.98829,0.98851,1.60,1.00
2014.10.23 11:30:15.043,0.98828,0.98847,1.05,1.00
2014.10.23 11:30:15.094,0.98826,0.98847,1.50,1.00
2014.10.23 11:30:15.621,0.98826,0.9885,1.35,1.15
2014.10.23 11:30:16.155,0.98826,0.98851,1.17,1.15
2014.10.23 11:30:26.099,0.98826,0.98852,1.27,1.15
2014.10.23 11:30:26.720,0.98826,0.98852,1.27,1.15
2014.10.23 11:30:29.655,0.98824,0.98852,3.37,2.40
2014.10.23 11:30:33.042,0.98826,0.98852,1.00,2.77
2014.10.23 11:30:34.493,0.98826,0.98852,1.20,2.77
2014.10.23 11:30:34.616,0.98824,0.98852,2.62,2.77
2014.10.23 11:30:34.868,0.98827,0.98852,1.10,2.77
2014.10.23 11:30:35.410,0.98826,0.98851,1.47,1.15
2014.10.23 11:30:36.502,0.98824,0.98851,4.12,1.15
2014.10.23 11:30:38.910,0.98824,0.98851,3.37,1.15
2014.10.23 11:30:39.582,0.98826,0.98851,2.62,1.07
2014.10.23 11:30:39.633,0.98826,0.98851,2.70,1.00
2014.10.23 11:30:40.538,0.98825,0.98851,3.45,1.10
2014.10.23 11:30:40.639,0.98828,0.98851,2.62,1.00
2014.10.23 11:30:40.790,0.98831,0.98852,1.00,2.25
2014.10.23 11:30:41.481,0.98829,0.98852,1.00,2.40
2014.10.23 11:30:41.582,0.98829,0.98852,1.00,2.40
2014.10.23 11:30:42.149,0.98827,0.98852,1.47,2.40
2014.10.23 11:30:42.827,0.98827,0.98852,1.10,2.40
2014.10.23 11:30:47.679,0.98827,0.98852,1.47,1.15
2014.10.23 11:30:47.780,0.98827,0.98852,1.20,1.15
2014.10.23 11:30:47.995,0.98827,0.98851,1.20,1.17
2014.10.23 11:30:48.547,0.98827,0.98851,1.27,1.10
2014.10.23 11:30:48.878,0.98829,0.98857,2.62,5.70
2014.10.23 11:30:49.079,0.98829,0.98855,1.52,1.15
2014.10.23 11:30:49.281,0.98829,0.98855,1.00,2.40
2014.10.23 11:30:49.798,0.98828,0.98851,1.27,1.00
2014.10.23 11:30:50.371,0.98829,0.98853,1.00,1.65
2014.10.23 11:30:54.446,0.98826,0.98851,1.52,1.00
2014.10.23 11:30:55.660,0.98829,0.98855,1.00,1.52
2014.10.23 11:31:04.562,0.98826,0.98851,1.52,1.00
2014.10.23 11:31:06.121,0.98825,0.98846,1.55,1.00
2014.10.23 11:31:06.222,0.98823,0.98845,1.15,1.50
2014.10.23 11:31:06.273,0.98823,0.98843,1.15,1.50
2014.10.23 11:31:06.374,0.98823,0.98846,1.00,1.65
2014.10.23 11:31:06.650,0.98819,0.98846,2.02,2.40
2014.10.23 11:31:08.309,0.98819,0.98842,1.52,1.00
2014.10.23 11:31:08.852,0.98819,0.98846,2.02,1.15
2014.10.23 11:31:11.240,0.98819,0.98846,2.02,1.15
2014.10.23 11:31:11.826,0.98823,0.98847,1.00,1.15
2014.10.23 11:31:14.177,0.98819,0.98846,2.02,2.40
2014.10.23 11:31:14.482,0.98819,0.98846,1.45,1.65
2014.10.23 11:31:14.646,0.98819,0.98846,1.00,2.77
2014.10.23 11:31:14.747,0.98818,0.98845,1.87,2.32
2014.10.23 11:31:14.848,0.98819,0.98845,1.37,1.15
2014.10.23 11:31:15.223,0.98818,0.98843,1.47,1.65
2014.10.23 11:31:15.766,0.98818,0.98843,1.00,1.65
2014.10.23 11:31:19.300,0.98819,0.98843,1.00,1.65
2014.10.23 11:31:19.401,0.98819,0.98846,1.10,2.77
2014.10.23 11:31:19.920,0.98819,0.98846,1.47,2.77
2014.10.23 11:31:23.041,0.98818,0.98842,1.95,1.07
2014.10.23 11:31:23.429,0.98818,0.98838,1.00,1.50
2014.10.23 11:31:23.969,0.98819,0.98838,1.00,1.50
2014.10.23 11:31:25.760,0.98819,0.98841,1.00,1.65
2014.10.23 11:31:29.306,0.9882,0.98841,1.00,1.20
2014.10.23 11:31:29.413,0.98822,0.98841,1.00,1.20
2014.10.23 11:31:29.665,0.98823,0.98846,1.07,1.65
2014.10.23 11:31:30.189,0.98823,0.98847,1.17,1.17
2014.10.23 11:31:31.984,0.98823,0.98846,1.95,1.57
2014.10.23 11:31:32.487,0.98824,0.98846,1.00,1.65
2014.10.23 11:31:32.872,0.98823,0.98842,1.00,1.57
2014.10.23 11:31:33.910,0.98823,0.98844,1.00,1.27
2014.10.23 11:31:33.961,0.98823,0.98845,1.50,1.65
2014.10.23 11:31:34.163,0.98824,0.98847,1.00,1.65
2014.10.23 11:31:34.416,0.98824,0.98844,1.00,1.07
2014.10.23 11:31:34.618,0.9882,0.98844,1.12,1.15
2014.10.23 11:31:34.770,0.98823,0.98847,1.00,3.15
2014.10.23 11:31:34.871,0.98824,0.98847,1.00,2.40
2014.10.23 11:31:35.188,0.98824,0.98846,1.00,1.65
2014.10.23 11:31:37.291,0.98824,0.98846,1.00,3.82
2014.10.23 11:31:38.583,0.98824,0.98846,1.00,1.65
2014.10.23 11:31:39.102,0.98824,0.98846,1.00,6.37
2014.10.23 11:31:39.304,0.98819,0.98842,1.00,1.15
2014.10.23 11:31:39.557,0.98823,0.98844,1.00,1.65
2014.10.23 11:31:39.708,0.98823,0.98846,1.00,1.15
2014.10.23 11:31:39.912,0.98823,0.98846,1.00,3.45
2014.10.23 11:31:40.113,0.9882,0.98841,1.00,1.10
2014.10.23 11:31:40.215,0.98819,0.98841,1.00,1.07
2014.10.23 11:31:41.530,0.98818,0.98842,1.57,3.15
2014.10.23 11:31:42.140,0.98819,0.98841,1.00,1.17
2014.10.23 11:31:46.812,0.98818,0.98842,1.57,3.15
2014.10.23 11:31:50.471,0.98819,0.98841,1.00,1.17
2014.10.23 11:31:52.103,0.98818,0.98842,1.57,3.15
2014.10.23 11:31:55.620,0.98819,0.98841,1.00,1.17
2014.10.23 11:31:58.140,0.98817,0.98837,1.17,1.00
2014.10.23 11:32:02.653,0.98819,0.98841,1.57,1.07
2014.10.23 11:32:02.754,0.9882,0.98841,1.07,1.10
2014.10.23 11:32:02.956,0.98819,0.98845,2.17,1.65
2014.10.23 11:32:03.057,0.98824,0.98846,1.00,3.82
2014.10.23 11:32:03.158,0.98822,0.98842,1.00,1.00
2014.10.23 11:32:03.258,0.98822,0.98842,1.15,1.00
2014.10.23 11:32:03.561,0.98822,0.98846,1.15,2.25
2014.10.23 11:32:07.942,0.98823,0.98846,1.27,1.00
2014.10.23 11:32:08.416,0.98823,0.98846,1.10,1.17
2014.10.23 11:32:08.466,0.98821,0.98846,1.27,1.17
2014.10.23 11:32:08.769,0.98824,0.98847,1.00,1.15
2014.10.23 11:32:08.819,0.98824,0.98847,1.00,1.17
2014.10.23 11:32:12.850,0.98824,0.98847,1.07,2.32
2014.10.23 11:32:13.452,0.98824,0.98847,1.10,2.40
2014.10.23 11:32:16.254,0.98822,0.98846,1.27,1.00
2014.10.23 11:32:16.870,0.98825,0.98846,1.17,1.00
2014.10.23 11:32:17.172,0.98828,0.98846,1.15,1.00
2014.10.23 11:32:17.676,0.98828,0.98847,1.15,1.00
2014.10.23 11:32:19.619,0.98828,0.98846,1.15,1.00
2014.10.23 11:32:20.721,0.98824,0.98846,1.65,1.00
2014.10.23 11:32:20.822,0.98823,0.98846,3.37,1.00
2014.10.23 11:32:20.974,0.98822,0.98841,1.15,1.00
2014.10.23 11:32:21.421,0.9882,0.98841,1.27,1.00
2014.10.23 11:32:21.832,0.98821,0.98841,1.52,1.00
2014.10.23 11:32:21.933,0.98821,0.98841,1.17,1.00
2014.10.23 11:32:22.455,0.98819,0.98842,1.10,1.17
2014.10.23 11:32:29.250,0.98819,0.98841,1.17,1.00
2014.10.23 11:32:34.463,0.98819,0.98841,1.52,1.00
2014.10.23 11:32:34.615,0.98823,0.98847,1.10,2.02
2014.10.23 11:32:38.322,0.98824,0.98848,1.00,1.15
2014.10.23 11:32:38.373,0.98827,0.98851,1.00,3.82
2014.10.23 11:32:38.474,0.98828,0.98851,1.07,1.17
2014.10.23 11:32:38.574,0.98828,0.98852,1.20,1.20
2014.10.23 11:32:38.776,0.98827,0.98852,1.15,2.70
2014.10.23 11:32:39.078,0.98825,0.9885,1.45,2.25
2014.10.23 11:32:39.179,0.9882,0.98846,2.40,2.32
2014.10.23 11:32:39.280,0.98819,0.98846,1.10,2.77
2014.10.23 11:32:39.830,0.98818,0.98841,1.20,1.00
2014.10.23 11:32:40.396,0.98818,0.98841,1.20,1.07
2014.10.23 11:32:40.930,0.98814,0.98841,1.27,1.65
2014.10.23 11:32:41.473,0.98813,0.98841,2.02,1.65
2014.10.23 11:32:41.734,0.98813,0.98841,1.90,1.65
2014.10.23 11:32:41.986,0.98829,0.98851,1.00,1.15
2014.10.23 11:32:42.087,0.98829,0.98851,3.07,1.00
2014.10.23 11:32:42.289,0.98828,0.98852,2.40,1.20
2014.10.23 11:32:42.390,0.98829,0.98851,1.15,1.00
2014.10.23 11:32:42.642,0.98828,0.98856,2.40,1.17
2014.10.23 11:32:42.794,0.9883,0.98857,1.65,1.17
2014.10.23 11:32:43.266,0.98829,0.98856,2.40,1.17
2014.10.23 11:32:44.064,0.98829,0.98851,2.02,1.00
2014.10.23 11:32:44.594,0.98829,0.98846,2.02,1.00
2014.10.23 11:32:45.104,0.98826,0.98847,2.70,1.00
2014.10.23 11:32:45.306,0.98824,0.98847,2.77,1.00
2014.10.23 11:32:45.508,0.98826,0.98847,2.70,1.00
2014.10.23 11:32:45.719,0.98828,0.98852,1.27,2.25
2014.10.23 11:32:46.575,0.98828,0.98852,1.27,2.32
2014.10.23 11:32:47.120,0.98828,0.98852,1.27,2.40
2014.10.23 11:32:47.431,0.98824,0.9885,2.02,1.50
2014.10.23 11:32:47.727,0.98824,0.9885,1.27,1.65
2014.10.23 11:32:47.828,0.98823,0.98846,1.55,1.00
2014.10.23 11:32:49.061,0.98823,0.98846,1.55,1.00
2014.10.23 11:32:49.129,0.98824,0.9885,1.47,1.65
2014.10.23 11:32:49.350,0.98823,0.98846,1.55,1.00
2014.10.23 11:32:50.341,0.98823,0.9885,2.02,1.65
2014.10.23 11:32:55.141,0.98823,0.98852,2.02,2.77
2014.10.23 11:32:55.668,0.98823,0.98852,2.02,2.77
2014.10.23 11:33:02.117,0.98826,0.98847,1.57,1.00
2014.10.23 11:33:02.268,0.98834,0.98856,2.62,1.00
2014.10.23 11:33:02.319,0.98834,0.98856,1.50,1.00
2014.10.23 11:33:02.369,0.98831,0.98852,2.70,1.00
2014.10.23 11:33:02.521,0.98828,0.98852,3.45,1.00
2014.10.23 11:33:02.571,0.98828,0.98847,1.27,1.00
2014.10.23 11:33:02.622,0.98826,0.98847,2.40,1.00
2014.10.23 11:33:02.673,0.98826,0.98847,2.40,1.00
2014.10.23 11:33:02.925,0.98824,0.98852,1.15,2.40
2014.10.23 11:33:02.975,0.98825,0.98852,2.32,2.40
2014.10.23 11:33:03.131,0.98825,0.98849,1.15,1.50
2014.10.23 11:33:05.685,0.98824,0.98849,1.20,1.65
2014.10.23 11:33:05.887,0.98824,0.98846,1.20,1.00
2014.10.23 11:33:06.189,0.98819,0.98842,1.57,1.20
2014.10.23 11:33:06.290,0.98814,0.98841,2.02,1.17
2014.10.23 11:33:06.441,0.98814,0.98838,2.02,1.50
2014.10.23 11:33:07.006,0.98814,0.98838,1.15,1.57
2014.10.23 11:33:07.645,0.98811,0.98835,2.32,1.50
2014.10.23 11:33:07.695,0.9881,0.98835,1.52,1.57
2014.10.23 11:33:08.199,0.9881,0.98836,2.77,1.00
2014.10.23 11:33:08.729,0.98814,0.98839,1.10,1.65
2014.10.23 11:33:09.138,0.98814,0.98839,1.27,1.57
2014.10.23 11:33:09.491,0.98812,0.98836,1.52,1.00
2014.10.23 11:33:09.592,0.98814,0.98839,1.17,1.57
2014.10.23 11:33:09.844,0.98819,0.98839,1.00,1.57
2014.10.23 11:33:10.146,0.98815,0.98837,1.52,1.00
2014.10.23 11:33:12.131,0.98819,0.98841,1.00,2.40
2014.10.23 11:33:13.574,0.98815,0.98836,1.12,1.00
2014.10.23 11:33:14.080,0.98814,0.98836,1.95,1.00
2014.10.23 11:33:14.131,0.98818,0.98847,1.37,2.77
2014.10.23 11:33:14.332,0.98818,0.98842,1.00,1.12
2014.10.23 11:33:14.639,0.98814,0.98836,1.95,1.00
2014.10.23 11:33:14.949,0.98813,0.98836,1.00,1.00
2014.10.23 11:33:15.050,0.98809,0.98836,1.00,2.32
2014.10.23 11:33:15.315,0.98808,0.98832,1.00,1.00
2014.10.23 11:33:15.831,0.98808,0.98831,1.50,1.50
2014.10.23 11:33:16.133,0.98808,0.98827,1.00,1.50
2014.10.23 11:33:16.234,0.98808,0.98829,1.00,1.50
2014.10.23 11:33:17.019,0.98807,0.98829,1.00,1.50
2014.10.23 11:33:22.501,0.98804,0.98829,1.95,1.50
2014.10.23 11:33:22.789,0.98804,0.98826,1.12,1.00
2014.10.23 11:33:22.909,0.98803,0.98829,1.87,1.50
2014.10.23 11:33:23.158,0.98803,0.98827,1.00,1.00
2014.10.23 11:33:24.592,0.98803,0.98826,1.00,1.00
2014.10.23 11:33:30.298,0.98804,0.98829,1.00,1.87
2014.10.23 11:33:30.841,0.98804,0.98829,1.00,1.87
2014.10.23 11:33:30.892,0.98804,0.98826,1.00,1.00
2014.10.23 11:33:30.943,0.98804,0.98829,1.00,1.87
2014.10.23 11:33:31.446,0.98803,0.98829,1.00,1.87
2014.10.23 11:33:33.050,0.98804,0.98829,1.00,1.87
2014.10.23 11:33:36.365,0.98803,0.98829,1.00,1.87
2014.10.23 11:33:48.453,0.98803,0.9883,1.00,3.07
2014.10.23 11:33:48.605,0.98799,0.98823,2.25,1.45
2014.10.23 11:33:48.907,0.98794,0.9882,1.50,1.87
2014.10.23 11:33:49.537,0.98794,0.98821,1.50,2.77
2014.10.23 11:33:54.368,0.98797,0.98821,1.00,1.52
2014.10.23 11:33:54.469,0.98796,0.98823,1.12,1.50
2014.10.23 11:33:54.620,0.98802,0.98826,1.50,1.15
2014.10.23 11:33:55.932,0.98802,0.98826,1.50,1.07
2014.10.23 11:33:56.470,0.98802,0.98826,1.50,1.00
2014.10.23 11:33:58.170,0.98803,0.9883,1.00,2.02
2014.10.23 11:34:04.508,0.98802,0.98826,1.50,1.00
2014.10.23 11:34:05.053,0.98799,0.98826,3.37,1.00
2014.10.23 11:34:05.838,0.98808,0.98829,1.00,1.65
2014.10.23 11:34:06.040,0.98808,0.98832,1.00,1.55
2014.10.23 11:34:06.191,0.98804,0.98828,1.00,1.50
2014.10.23 11:34:06.700,0.98803,0.98828,1.00,1.95
2014.10.23 11:34:06.817,0.98809,0.98828,1.00,1.95
2014.10.23 11:34:11.106,0.98808,0.98828,1.00,1.57
2014.10.23 11:34:14.088,0.98809,0.98828,1.00,1.50
2014.10.23 11:34:14.189,0.98809,0.98832,1.12,1.00
2014.10.23 11:34:14.390,0.98812,0.98831,1.87,1.00
2014.10.23 11:34:14.441,0.98813,0.98836,1.00,1.00
2014.10.23 11:34:14.542,0.98813,0.9884,1.00,2.02
2014.10.23 11:34:14.857,0.98812,0.98837,1.87,1.00
2014.10.23 11:34:15.318,0.98811,0.98837,1.12,1.00
2014.10.23 11:34:15.470,0.98811,0.98837,1.12,1.17
2014.10.23 11:34:15.982,0.9881,0.98834,1.50,1.12
2014.10.23 11:34:16.401,0.98806,0.98832,1.00,1.00
2014.10.23 11:34:16.502,0.98804,0.98831,1.00,1.37
2014.10.23 11:34:16.837,0.98803,0.98827,1.00,1.00
2014.10.23 11:34:18.237,0.98799,0.98826,2.40,1.12
2014.10.23 11:34:18.338,0.98799,0.98825,2.25,1.37
2014.10.23 11:34:18.641,0.98794,0.98818,1.00,1.50
2014.10.23 11:34:18.950,0.98793,0.98816,1.12,1.50
2014.10.23 11:34:20.356,0.98793,0.98816,1.37,1.50
2014.10.23 11:34:20.659,0.98799,0.98821,1.00,2.77
2014.10.23 11:34:22.383,0.98798,0.98821,1.00,2.02
2014.10.23 11:34:22.484,0.98798,0.98822,1.00,1.17
2014.10.23 11:34:22.635,0.98799,0.98822,1.37,2.25
2014.10.23 11:34:22.905,0.98801,0.98826,1.12,1.00
2014.10.23 11:34:22.955,0.98803,0.98826,1.12,1.00
2014.10.23 11:34:23.481,0.98801,0.98826,1.37,1.07
2014.10.23 11:34:23.783,0.98799,0.98822,1.37,2.25
2014.10.23 11:34:24.326,0.98799,0.98821,1.37,2.25
2014.10.23 11:34:24.659,0.98799,0.98821,1.37,2.25
2014.10.23 11:34:25.252,0.98799,0.98821,1.00,2.25
2014.10.23 11:34:30.696,0.98798,0.98821,1.00,1.50
2014.10.23 11:34:34.880,0.98799,0.9882,1.00,1.50
2014.10.23 11:34:35.474,0.98799,0.98821,1.00,2.25
2014.10.23 11:34:36.243,0.988,0.98821,1.00,1.00
2014.10.23 11:34:36.744,0.98798,0.98822,1.87,1.00
2014.10.23 11:34:37.298,0.98804,0.98826,1.00,2.85
2014.10.23 11:34:37.830,0.98804,0.98828,1.00,1.57
2014.10.23 11:34:43.136,0.98804,0.98828,1.00,1.57
2014.10.23 11:34:43.649,0.98803,0.98828,1.00,1.15
2014.10.23 11:34:44.371,0.98799,0.98827,2.62,1.15
2014.10.23 11:34:45.097,0.98806,0.98827,1.00,1.15
2014.10.23 11:34:45.198,0.98809,0.98829,1.00,1.57
2014.10.23 11:34:45.581,0.98803,0.98827,1.87,1.00
2014.10.23 11:34:45.732,0.98803,0.98827,1.00,2.40
2014.10.23 11:34:45.890,0.98801,0.98826,1.00,1.17
2014.10.23 11:34:46.384,0.98803,0.98826,1.00,1.17
2014.10.23 11:34:46.686,0.988,0.98826,1.00,1.17
2014.10.23 11:34:47.437,0.988,0.98825,1.37,1.57
2014.10.23 11:34:50.841,0.988,0.98825,1.00,1.57
2014.10.23 11:34:52.836,0.98799,0.98827,1.50,2.77
2014.10.23 11:34:52.937,0.988,0.98827,1.00,5.70
2014.10.23 11:34:53.038,0.98801,0.98827,1.00,3.15
2014.10.23 11:34:53.139,0.98799,0.98826,3.00,1.17
2014.10.23 11:34:56.264,0.98799,0.98826,3.37,1.17
2014.10.23 11:34:56.315,0.98802,0.98826,1.00,1.17
2014.10.23 11:34:56.365,0.98802,0.98826,1.00,1.00
2014.10.23 11:34:59.793,0.98803,0.98826,1.00,1.00
2014.10.23 11:34:59.895,0.98809,0.98826,1.00,1.00
2014.10.23 11:35:00.096,0.9881,0.98835,1.00,1.50
2014.10.23 11:35:00.198,0.98813,0.98837,1.00,1.00
2014.10.23 11:35:00.717,0.9881,0.98836,1.00,1.00
2014.10.23 11:35:00.768,0.9881,0.98833,1.00,1.50
2014.10.23 11:35:00.869,0.98806,0.98831,1.00,2.25
2014.10.23 11:35:00.920,0.98804,0.9883,1.00,1.00
2014.10.23 11:35:01.442,0.98804,0.98829,1.00,1.50
2014.10.23 11:35:02.638,0.98805,0.98829,1.00,1.50
2014.10.23 11:35:02.739,0.98805,0.98831,1.00,1.00
2014.10.23 11:35:03.348,0.98804,0.9883,2.62,1.00
2014.10.23 11:35:03.500,0.98804,0.98828,1.00,1.50
2014.10.23 11:35:03.652,0.988,0.98827,1.37,2.25
2014.10.23 11:35:05.476,0.988,0.98827,1.37,3.00
2014.10.23 11:35:07.681,0.988,0.98827,1.37,3.00
2014.10.23 11:35:08.224,0.988,0.98826,1.37,1.00
2014.10.23 11:35:10.563,0.98804,0.98827,1.00,2.25
2014.10.23 11:35:10.865,0.98806,0.98826,1.00,1.00
2014.10.23 11:35:11.444,0.98805,0.98826,1.12,1.00
2014.10.23 11:35:11.804,0.98809,0.98827,1.00,1.50
2014.10.23 11:35:14.950,0.98805,0.98826,1.00,1.00
2014.10.23 11:35:15.209,0.98803,0.98827,1.12,2.25
2014.10.23 11:35:15.731,0.98804,0.98826,1.12,1.00
2014.10.23 11:35:17.601,0.98804,0.98826,1.87,1.00
2014.10.23 11:35:18.106,0.98804,0.98827,1.37,2.25
2014.10.23 11:35:18.589,0.98809,0.98828,1.00,1.50
2014.10.23 11:35:19.467,0.98809,0.9883,1.50,1.50
2014.10.23 11:35:19.618,0.98814,0.9883,1.00,1.50
2014.10.23 11:35:19.668,0.98814,0.98837,1.00,3.00
2014.10.23 11:35:20.129,0.9881,0.98836,1.00,1.37
2014.10.23 11:35:20.383,0.98806,0.98831,2.25,1.00
2014.10.23 11:35:20.585,0.98809,0.98835,1.00,1.37
2014.10.23 11:35:20.894,0.98804,0.98826,1.75,1.50
2014.10.23 11:35:21.046,0.98803,0.98826,1.57,1.50
2014.10.23 11:35:21.555,0.98802,0.98826,1.12,2.25
2014.10.23 11:35:21.888,0.98804,0.98826,1.00,1.50
2014.10.23 11:35:23.106,0.98802,0.98826,1.12,2.25
2014.10.23 11:35:24.609,0.98802,0.98826,1.20,2.32
2014.10.23 11:35:31.047,0.98804,0.98825,1.00,1.65
2014.10.23 11:35:34.427,0.98802,0.98825,1.47,1.65
2014.10.23 11:35:34.985,0.98804,0.98825,1.00,1.65
2014.10.23 11:35:37.048,0.98805,0.98825,1.00,1.65
2014.10.23 11:35:37.634,0.98804,0.98826,1.00,1.65
2014.10.23 11:35:38.245,0.98803,0.98826,1.12,2.40
2014.10.23 11:35:39.890,0.98801,0.98826,1.27,2.40
2014.10.23 11:35:40.200,0.98804,0.98826,1.00,1.65
2014.10.23 11:35:41.578,0.98801,0.98826,1.27,2.40
2014.10.23 11:35:43.926,0.98803,0.98826,1.00,1.65
2014.10.23 11:35:53.567,0.98801,0.98824,1.27,1.57
2014.10.23 11:35:54.105,0.98799,0.98824,1.00,2.77
2014.10.23 11:35:54.626,0.98798,0.9882,1.00,1.65
2014.10.23 11:35:55.139,0.98798,0.98821,1.17,1.57
2014.10.23 11:35:55.463,0.98798,0.98819,1.17,1.50
2014.10.23 11:35:55.655,0.98798,0.98821,1.17,1.57
2014.10.23 11:35:55.877,0.98798,0.98818,1.17,1.50
2014.10.23 11:35:57.597,0.98798,0.9882,1.17,1.50
2014.10.23 11:35:58.104,0.98798,0.9882,1.00,1.57
2014.10.23 11:36:03.860,0.98802,0.98819,1.00,1.57
2014.10.23 11:36:03.911,0.98802,0.98821,1.00,2.70
2014.10.23 11:36:04.163,0.98804,0.9882,1.00,1.50
2014.10.23 11:36:04.213,0.98804,0.98826,1.00,1.10
2014.10.23 11:36:33.282,0.98804,0.98826,1.00,1.07
2014.10.23 11:36:34.881,0.98804,0.98825,1.00,1.17
2014.10.23 11:36:35.157,0.98798,0.98822,1.15,1.65
2014.10.23 11:36:35.207,0.98798,0.98822,1.07,1.65
2014.10.23 11:36:35.538,0.98796,0.98822,1.27,2.40
2014.10.23 11:37:04.126,0.98794,0.98821,1.57,1.52
2014.10.23 11:37:04.176,0.98794,0.98818,1.00,1.55
2014.10.23 11:37:04.227,0.98794,0.98816,1.00,2.62
2014.10.23 11:37:04.429,0.98788,0.9881,1.00,1.57
2014.10.23 11:37:04.680,0.98786,0.98807,1.10,1.00
2014.10.23 11:37:05.231,0.98784,0.98806,2.02,1.00
2014.10.23 11:37:05.428,0.98784,0.98806,2.02,1.10
2014.10.23 11:37:12.655,0.98784,0.98806,1.15,1.00
2014.10.23 11:37:13.064,0.98785,0.98806,1.52,1.00
2014.10.23 11:37:13.165,0.98794,0.98815,1.00,1.50
2014.10.23 11:37:13.669,0.98794,0.98816,1.37,1.00
2014.10.23 11:37:16.392,0.98794,0.98815,1.37,1.50
2014.10.23 11:37:16.678,0.98794,0.98815,1.37,1.57
2014.10.23 11:37:16.880,0.98788,0.98812,1.10,2.40
2014.10.23 11:37:16.930,0.98788,0.98806,1.10,1.50
2014.10.23 11:37:16.981,0.98784,0.98806,1.52,1.50
2014.10.23 11:37:17.524,0.98784,0.98806,1.20,2.25
2014.10.23 11:37:18.240,0.98784,0.98804,1.07,1.50
2014.10.23 11:37:18.597,0.98784,0.98804,1.00,2.25
2014.10.23 11:37:18.648,0.98777,0.98797,1.00,1.00
2014.10.23 11:37:18.699,0.98775,0.98791,1.00,1.50
2014.10.23 11:37:18.750,0.98773,0.98791,1.50,1.50
2014.10.23 11:37:18.876,0.98778,0.98798,1.00,1.50
2014.10.23 11:37:18.927,0.98778,0.98801,1.00,1.50
2014.10.23 11:37:19.078,0.98773,0.98802,1.10,2.25
2014.10.23 11:37:19.129,0.98773,0.98797,1.00,1.50
2014.10.23 11:37:19.382,0.98769,0.98797,1.00,1.65
2014.10.23 11:37:19.483,0.98769,0.98791,1.00,1.50
2014.10.23 11:37:19.684,0.98769,0.98795,1.00,1.57
2014.10.23 11:37:19.735,0.98769,0.98791,1.00,1.00
2014.10.23 11:37:20.054,0.98773,0.98795,1.00,1.57
2014.10.23 11:37:20.608,0.98774,0.98795,1.00,1.50
2014.10.23 11:37:21.147,0.98769,0.98795,1.37,1.50
2014.10.23 11:37:21.450,0.98779,0.98801,1.00,1.50
2014.10.23 11:37:21.994,0.98778,0.98801,1.00,1.50
2014.10.23 11:37:22.196,0.98779,0.98807,1.00,1.65
2014.10.23 11:37:22.297,0.98779,0.98807,1.37,2.02
2014.10.23 11:37:22.636,0.98779,0.98805,1.52,1.50
2014.10.23 11:37:23.312,0.98779,0.98805,1.52,1.50
2014.10.23 11:37:23.575,0.98778,0.98807,2.02,2.25
2014.10.23 11:37:23.722,0.98778,0.98799,1.52,1.50
2014.10.23 11:37:24.226,0.98779,0.988,1.52,1.50
2014.10.23 11:37:25.197,0.98778,0.98802,1.52,1.50
2014.10.23 11:37:29.103,0.98778,0.98802,1.52,1.50
2014.10.23 11:37:31.094,0.98779,0.98799,1.52,1.50
2014.10.23 11:37:31.212,0.98778,0.98801,1.52,1.50
2014.10.23 11:37:39.376,0.98779,0.98804,1.52,1.50
2014.10.23 11:37:44.589,0.98779,0.98804,1.37,1.50
2014.10.23 11:37:45.250,0.98779,0.98805,1.37,1.50
2014.10.23 11:37:48.534,0.98781,0.98807,1.50,1.00
2014.10.23 11:37:49.076,0.98782,0.98806,1.12,1.00
2014.10.23 11:37:49.127,0.98787,0.98806,1.00,1.00
2014.10.23 11:37:49.429,0.98788,0.98807,1.87,1.00
2014.10.23 11:37:49.580,0.98789,0.98816,1.12,3.52
2014.10.23 11:37:49.681,0.98792,0.98816,1.50,1.55
2014.10.23 11:37:49.986,0.98792,0.98817,2.25,1.12
2014.10.23 11:37:50.571,0.98792,0.98811,1.12,1.00
2014.10.23 11:37:50.929,0.9879,0.98816,2.62,1.00
2014.10.23 11:37:51.904,0.9879,0.98811,1.12,1.00
2014.10.23 11:37:52.106,0.98789,0.98817,1.87,3.37
2014.10.23 11:37:52.358,0.98789,0.98811,2.62,1.00
2014.10.23 11:37:52.459,0.98787,0.98811,1.65,1.00
2014.10.23 11:37:52.760,0.98783,0.98811,1.45,1.12
2014.10.23 11:37:53.063,0.9878,0.98808,3.15,1.00
2014.10.23 11:37:53.315,0.98779,0.98808,1.95,1.00
2014.10.23 11:37:53.854,0.9878,0.98811,2.62,3.52
2014.10.23 11:37:55.610,0.98781,0.98811,2.62,1.55
2014.10.23 11:37:55.912,0.98784,0.98811,1.37,1.12
2014.10.23 11:37:55.964,0.98789,0.98811,2.62,1.00
2014.10.23 11:37:56.216,0.98791,0.98817,1.50,1.17
2014.10.23 11:37:56.317,0.98792,0.98817,1.50,1.00
2014.10.23 11:37:56.418,0.9879,0.98817,1.87,1.55
2014.10.23 11:37:56.519,0.98789,0.98817,1.50,1.52
2014.10.23 11:37:56.822,0.98787,0.98812,1.50,1.15
2014.10.23 11:37:57.124,0.98783,0.98806,1.50,1.17
2014.10.23 11:37:57.644,0.98782,0.98807,1.50,1.15
2014.10.23 11:38:00.265,0.9878,0.98806,1.50,1.17
2014.10.23 11:38:01.036,0.98784,0.98806,1.50,1.17
2014.10.23 11:38:01.238,0.98794,0.98816,1.00,1.00
2014.10.23 11:38:01.389,0.98792,0.98817,1.50,1.00
2014.10.23 11:38:02.546,0.98792,0.98816,2.25,1.00
2014.10.23 11:38:02.799,0.98789,0.98815,1.07,2.70
2014.10.23 11:38:02.900,0.98787,0.98812,1.87,1.00
2014.10.23 11:38:03.404,0.98785,0.98811,1.37,1.00
2014.10.23 11:38:03.857,0.98784,0.98809,1.37,1.50
2014.10.23 11:38:04.159,0.98779,0.98806,2.02,1.00
2014.10.23 11:38:04.663,0.98779,0.98807,1.52,1.00
2014.10.23 11:38:05.294,0.98784,0.98809,1.00,1.50
2014.10.23 11:38:07.191,0.98779,0.98807,1.52,1.00
2014.10.23 11:38:08.510,0.98778,0.98807,3.45,1.07
2014.10.23 11:38:08.813,0.98778,0.98805,1.87,1.95
2014.10.23 11:38:10.089,0.98777,0.988,1.50,1.00
2014.10.23 11:38:10.391,0.98771,0.98796,1.37,2.25
2014.10.23 11:38:10.593,0.98774,0.98796,1.00,2.25
2014.10.23 11:38:11.147,0.98775,0.98796,1.50,1.00
2014.10.23 11:38:11.660,0.98774,0.98796,1.12,1.00
2014.10.23 11:38:11.975,0.9877,0.98791,1.12,1.00
2014.10.23 11:38:12.127,0.98774,0.98796,1.00,2.70
2014.10.23 11:38:12.379,0.98768,0.98794,2.70,1.00
2014.10.23 11:38:12.479,0.98769,0.98794,1.12,1.07
2014.10.23 11:38:12.681,0.98765,0.9879,1.00,1.65
2014.10.23 11:38:12.883,0.98768,0.98792,1.00,2.40
2014.10.23 11:38:12.933,0.98768,0.98792,1.00,2.40
2014.10.23 11:38:13.034,0.98771,0.98792,1.00,2.40
2014.10.23 11:38:13.085,0.98768,0.98792,1.00,2.40
2014.10.23 11:38:13.379,0.98769,0.98795,1.00,1.50
2014.10.23 11:38:13.790,0.98769,0.98781,1.00,1.00
2014.10.23 11:38:13.891,0.9876,0.98779,3.07,1.50
2014.10.23 11:38:13.942,0.98759,0.98779,3.15,2.62
2014.10.23 11:38:14.043,0.98759,0.98779,1.00,2.62
2014.10.23 11:38:14.446,0.98755,0.98781,1.00,1.45
2014.10.23 11:38:14.698,0.98754,0.98779,1.12,1.57
2014.10.23 11:38:15.009,0.98758,0.98779,1.00,1.65
2014.10.23 11:38:15.275,0.98759,0.98785,1.00,1.57
2014.10.23 11:38:15.325,0.98764,0.98785,1.00,1.95
2014.10.23 11:38:15.376,0.98764,0.98785,1.00,1.87
2014.10.23 11:38:15.426,0.98769,0.98784,1.00,1.87
2014.10.23 11:38:15.836,0.98768,0.98787,1.00,2.02
2014.10.23 11:38:16.343,0.98769,0.98791,1.00,1.15
2014.10.23 11:38:16.444,0.98769,0.98791,1.00,1.17
2014.10.23 11:38:16.646,0.98771,0.98796,1.12,1.15
2014.10.23 11:38:16.747,0.98771,0.98796,1.12,1.00
2014.10.23 11:38:16.848,0.98767,0.98791,1.95,1.00
2014.10.23 11:38:17.049,0.98765,0.98791,1.37,2.25
2014.10.23 11:38:17.100,0.98769,0.98791,1.00,1.50
2014.10.23 11:38:17.201,0.98769,0.98794,1.50,1.95
2014.10.23 11:38:17.754,0.98769,0.98792,1.87,1.50
2014.10.23 11:38:17.855,0.98769,0.98795,1.87,2.77
2014.10.23 11:38:18.363,0.98769,0.98795,1.87,1.00
2014.10.23 11:38:18.464,0.98773,0.98796,1.00,1.50
2014.10.23 11:38:19.423,0.98773,0.98797,1.50,1.00
2014.10.23 11:38:19.770,0.98773,0.98794,1.00,1.50
2014.10.23 11:38:19.871,0.98769,0.98792,1.07,1.00
2014.10.23 11:38:19.921,0.98769,0.9879,1.00,1.50
2014.10.23 11:38:20.442,0.98768,0.9879,1.87,1.57
2014.10.23 11:38:20.744,0.98775,0.98798,1.00,1.65
2014.10.23 11:38:20.795,0.98775,0.98798,1.00,1.65
2014.10.23 11:38:20.896,0.9878,0.98798,1.00,1.65
2014.10.23 11:38:21.098,0.98781,0.98802,1.00,1.00
2014.10.23 11:38:21.199,0.98784,0.98806,2.32,1.00
2014.10.23 11:38:21.501,0.98784,0.98806,1.00,1.17
2014.10.23 11:38:21.603,0.98785,0.98806,1.00,1.20
2014.10.23 11:38:21.804,0.98784,0.98806,1.00,1.17
2014.10.23 11:38:22.317,0.98784,0.98806,1.20,1.00
2014.10.23 11:38:22.818,0.98784,0.98806,1.17,1.00
2014.10.23 11:38:23.020,0.98783,0.98807,1.17,1.15
2014.10.23 11:38:23.070,0.98783,0.98807,1.15,1.07
2014.10.23 11:38:23.121,0.98783,0.98807,1.15,1.00
2014.10.23 11:38:23.222,0.98783,0.98807,1.15,1.00
2014.10.23 11:38:23.970,0.98785,0.98806,1.00,1.00
2014.10.23 11:38:24.468,0.98788,0.98809,1.00,1.15
2014.10.23 11:38:24.619,0.98789,0.98812,1.00,3.37
2014.10.23 11:38:24.820,0.98785,0.9881,1.20,1.17
2014.10.23 11:38:24.921,0.98788,0.9881,1.00,1.17
2014.10.23 11:38:25.286,0.98785,0.98806,1.20,1.00
2014.10.23 11:38:25.623,0.98784,0.98806,2.25,1.65
2014.10.23 11:38:25.724,0.98784,0.98804,1.00,1.27
2014.10.23 11:38:25.875,0.98779,0.98801,1.65,1.00
2014.10.23 11:38:26.379,0.98778,0.98801,1.07,1.07
2014.10.23 11:38:27.076,0.98774,0.98796,3.45,1.00
2014.10.23 11:38:27.126,0.98774,0.98796,1.00,1.17
2014.10.23 11:38:27.328,0.98779,0.98797,1.00,1.65
2014.10.23 11:38:27.429,0.98779,0.98801,1.00,1.15
2014.10.23 11:38:27.682,0.98775,0.98802,1.37,1.15
2014.10.23 11:38:28.187,0.98775,0.98802,1.52,1.15
2014.10.23 11:38:29.053,0.98779,0.98801,1.00,1.15
2014.10.23 11:38:29.717,0.98779,0.98801,1.65,1.10
2014.10.23 11:38:29.871,0.98783,0.98801,1.00,1.10
2014.10.23 11:38:30.174,0.98798,0.98811,2.10,1.00
2014.10.23 11:38:30.225,0.98803,0.98818,1.00,1.10
2014.10.23 11:38:30.327,0.98804,0.98826,1.00,1.15
2014.10.23 11:38:30.428,0.98804,0.98826,1.00,1.15
2014.10.23 11:38:30.529,0.98804,0.98826,1.00,1.00
2014.10.23 11:38:30.630,0.98804,0.98826,1.00,1.15
2014.10.23 11:38:30.731,0.98804,0.98826,1.00,1.15
2014.10.23 11:38:30.832,0.98804,0.98826,1.17,1.00
2014.10.23 11:38:30.933,0.98802,0.98826,1.50,1.00
2014.10.23 11:38:31.034,0.98804,0.98826,1.50,1.00
2014.10.23 11:38:31.894,0.98803,0.98827,1.00,1.00
2014.10.23 11:38:32.415,0.98804,0.98826,1.00,1.00
2014.10.23 11:38:33.244,0.98806,0.98826,1.50,1.00
2014.10.23 11:38:33.766,0.98804,0.98826,2.62,1.00
2014.10.23 11:38:33.867,0.98809,0.98831,1.00,1.00
2014.10.23 11:38:34.089,0.98804,0.98831,2.25,1.00
2014.10.23 11:38:34.397,0.98808,0.98832,1.00,1.57
2014.10.23 11:38:34.914,0.98809,0.98831,1.00,1.00
2014.10.23 11:38:36.385,0.98804,0.98831,1.00,2.25
2014.10.23 11:38:36.602,0.98808,0.98831,1.00,1.50
2014.10.23 11:38:37.118,0.98808,0.98832,1.00,1.20
2014.10.23 11:38:38.344,0.98805,0.98832,1.50,1.20
2014.10.23 11:38:38.495,0.98804,0.98831,1.87,1.37
2014.10.23 11:38:38.797,0.98808,0.98832,1.00,1.52
2014.10.23 11:38:39.134,0.98809,0.98832,1.07,1.10
2014.10.23 11:38:39.185,0.98813,0.98832,1.50,1.10
2014.10.23 11:38:39.692,0.98811,0.98831,1.57,1.00
2014.10.23 11:38:39.859,0.9881,0.98831,1.50,1.10
2014.10.23 11:38:40.597,0.98809,0.98831,2.32,1.10
2014.10.23 11:38:41.455,0.98808,0.98832,1.00,2.77
2014.10.23 11:38:41.654,0.98805,0.98827,1.37,1.00
2014.10.23 11:38:43.539,0.98806,0.98826,1.50,1.17
2014.10.23 11:38:43.740,0.98809,0.98831,1.00,1.20
2014.10.23 11:38:44.106,0.98804,0.98826,1.15,1.00
2014.10.23 11:38:44.258,0.98804,0.98826,1.10,1.10
2014.10.23 11:38:44.308,0.98806,0.98826,1.00,1.10
2014.10.23 11:38:44.459,0.98809,0.98831,1.00,1.07
2014.10.23 11:38:45.824,0.98806,0.98826,1.95,1.00
2014.10.23 11:38:45.875,0.98804,0.98826,1.00,1.00
2014.10.23 11:38:46.177,0.98804,0.98826,1.27,1.00
2014.10.23 11:38:46.720,0.98804,0.98826,2.02,1.00
2014.10.23 11:38:47.873,0.98804,0.98826,1.15,1.00
2014.10.23 11:38:48.175,0.98808,0.98832,1.00,1.87
2014.10.23 11:38:48.986,0.98808,0.98832,1.07,1.50
2014.10.23 11:38:49.968,0.98804,0.98831,1.27,2.77
2014.10.23 11:38:50.069,0.98804,0.98831,1.27,2.77
2014.10.23 11:38:50.372,0.98808,0.98832,1.00,2.40
2014.10.23 11:38:50.689,0.98811,0.98832,1.87,1.00
2014.10.23 11:38:50.740,0.98808,0.98832,2.02,1.00
2014.10.23 11:38:51.289,0.98809,0.98831,1.20,1.00
2014.10.23 11:38:54.108,0.98808,0.98832,1.15,2.25
2014.10.23 11:38:54.665,0.98808,0.98832,1.07,2.32
2014.10.23 11:38:54.882,0.98805,0.98832,1.15,2.40
2014.10.23 11:38:54.983,0.98803,0.98832,2.02,6.75
2014.10.23 11:38:55.285,0.98805,0.98827,2.02,1.00
2014.10.23 11:38:58.383,0.98805,0.98827,2.62,1.00
2014.10.23 11:38:58.936,0.98808,0.98826,1.00,1.00
2014.10.23 11:39:02.379,0.9881,0.98826,1.00,1.00
2014.10.23 11:39:02.883,0.9881,0.98827,1.00,1.00
2014.10.23 11:39:05.178,0.9881,0.98826,1.00,1.00
2014.10.23 11:39:05.685,0.98811,0.98826,1.00,1.00
2014.10.23 11:39:05.837,0.98811,0.98837,1.00,3.52
2014.10.23 11:39:05.887,0.98809,0.98835,1.10,2.77
2014.10.23 11:39:06.141,0.98808,0.98837,3.15,2.02
2014.10.23 11:39:06.191,0.98813,0.98837,1.00,2.02
2014.10.23 11:39:06.694,0.98814,0.98836,1.00,1.52
2014.10.23 11:39:07.376,0.9881,0.98831,1.65,1.00
2014.10.23 11:39:07.594,0.98814,0.98836,1.00,1.52
2014.10.23 11:39:08.039,0.9881,0.98831,1.65,1.00
2014.10.23 11:39:08.341,0.9881,0.98831,1.57,1.00
2014.10.23 11:39:09.793,0.98814,0.98834,1.00,1.27
2014.10.23 11:39:10.014,0.9881,0.98831,1.10,1.00
2014.10.23 11:39:10.574,0.98812,0.98831,1.00,1.00
2014.10.23 11:39:11.011,0.9881,0.98831,1.10,1.00
2014.10.23 11:39:14.084,0.9881,0.98832,1.10,1.10
2014.10.23 11:39:15.073,0.9881,0.98831,1.10,1.00
2014.10.23 11:39:15.619,0.9881,0.98831,1.00,1.17
2014.10.23 11:39:18.463,0.9881,0.98831,1.10,1.00
2014.10.23 11:39:19.647,0.98809,0.98831,1.00,1.07
2014.10.23 11:39:20.177,0.98808,0.98832,1.57,1.65
2014.10.23 11:39:20.367,0.98808,0.98827,1.10,1.00
2014.10.23 11:39:20.672,0.98805,0.98826,2.77,1.00
2014.10.23 11:39:20.723,0.98805,0.98826,2.77,1.00
2014.10.23 11:39:20.824,0.98809,0.98831,1.00,1.17
2014.10.23 11:39:21.569,0.98807,0.98831,1.17,1.65
2014.10.23 11:39:22.072,0.98809,0.98831,1.00,1.65
2014.10.23 11:39:24.468,0.98807,0.98831,1.00,1.27
2014.10.23 11:39:24.973,0.98808,0.98831,1.10,1.07
2014.10.23 11:39:25.599,0.98809,0.98831,1.00,1.57
2014.10.23 11:39:28.102,0.98819,0.98832,1.00,1.57
2014.10.23 11:39:28.153,0.98819,0.98836,1.00,1.00
2014.10.23 11:39:28.203,0.98815,0.98832,1.07,1.00
2014.10.23 11:39:28.254,0.98815,0.98832,1.00,1.00
2014.10.23 11:39:28.355,0.98813,0.98832,2.40,1.00
2014.10.23 11:39:28.405,0.98814,0.98836,1.07,1.00
2014.10.23 11:39:28.456,0.98814,0.98836,1.10,1.10
2014.10.23 11:39:28.708,0.98813,0.98837,1.07,1.65
2014.10.23 11:39:29.068,0.98814,0.98835,1.00,1.15
2014.10.23 11:39:29.469,0.98814,0.98836,1.00,2.02
2014.10.23 11:39:29.670,0.98813,0.98836,1.00,3.45
2014.10.23 11:39:30.299,0.98812,0.98832,1.00,1.17
2014.10.23 11:39:30.820,0.98814,0.98836,1.00,4.20
2014.10.23 11:39:33.374,0.98809,0.98831,1.57,1.10
2014.10.23 11:39:34.262,0.9881,0.98831,1.07,1.00
2014.10.23 11:39:34.565,0.98821,0.98841,2.25,2.32
2014.10.23 11:39:34.616,0.98821,0.98842,2.25,1.15
2014.10.23 11:39:34.716,0.98817,0.98842,1.65,1.50
2014.10.23 11:39:34.767,0.98817,0.98842,1.65,1.57
2014.10.23 11:39:34.818,0.98817,0.98842,1.57,1.65
2014.10.23 11:39:37.715,0.98822,0.98841,1.50,1.17
2014.10.23 11:39:37.766,0.98822,0.98841,1.50,1.10
2014.10.23 11:39:37.867,0.98826,0.98841,1.67,1.00
2014.10.23 11:39:37.983,0.9883,0.98851,1.97,1.07
2014.10.23 11:39:38.085,0.98827,0.98841,2.32,1.00
2014.10.23 11:39:38.135,0.98827,0.98841,1.65,1.00
2014.10.23 11:39:38.186,0.98831,0.98841,1.50,1.00
2014.10.23 11:39:38.237,0.98831,0.98847,1.50,1.00
2014.10.23 11:39:38.338,0.98828,0.98841,1.10,1.00
2014.10.23 11:39:38.439,0.98828,0.98846,1.07,1.00
2014.10.23 11:39:38.540,0.98825,0.98846,2.32,1.00
2014.10.23 11:39:38.641,0.98825,0.98842,2.25,1.00
2014.10.23 11:39:39.094,0.98825,0.98846,1.00,1.10
2014.10.23 11:39:39.724,0.98827,0.98846,1.50,1.10
2014.10.23 11:39:39.996,0.98824,0.98848,3.00,1.15
2014.10.23 11:39:40.097,0.98824,0.98842,1.00,1.00
2014.10.23 11:39:40.488,0.98826,0.98846,1.00,1.17
2014.10.23 11:39:40.589,0.98831,0.98846,1.00,1.00
2014.10.23 11:39:40.639,0.98831,0.98851,1.00,1.15
2014.10.23 11:39:40.690,0.98829,0.98851,2.25,1.15
2014.10.23 11:39:40.791,0.98831,0.98851,1.00,1.07
2014.10.23 11:39:40.892,0.98831,0.98852,1.00,1.00
2014.10.23 11:39:41.376,0.98829,0.98852,1.00,1.17
2014.10.23 11:39:42.378,0.98831,0.98852,1.00,1.17
2014.10.23 11:39:42.590,0.98829,0.98852,1.50,1.65
2014.10.23 11:39:43.206,0.98836,0.98856,1.00,1.15
2014.10.23 11:39:43.307,0.98835,0.98856,1.15,1.00
2014.10.23 11:39:43.509,0.98834,0.98856,1.00,1.00
2014.10.23 11:39:43.811,0.98833,0.98852,1.20,1.00
2014.10.23 11:39:44.500,0.98833,0.98851,1.20,1.00
2014.10.23 11:39:46.795,0.98842,0.98851,1.00,1.00
2014.10.23 11:39:46.896,0.98839,0.98856,1.20,1.00
2014.10.23 11:39:47.098,0.9884,0.98856,3.00,1.00
2014.10.23 11:39:47.148,0.9884,0.98862,3.00,1.00
2014.10.23 11:39:47.249,0.98844,0.98866,1.00,1.10
2014.10.23 11:39:47.400,0.98839,0.98863,2.02,1.00
2014.10.23 11:39:47.609,0.98839,0.98861,1.10,1.00
2014.10.23 11:39:48.084,0.98839,0.98861,1.27,1.00
2014.10.23 11:39:48.336,0.98845,0.98866,1.50,1.00
2014.10.23 11:39:48.488,0.98847,0.98866,1.50,1.00
2014.10.23 11:39:48.790,0.98842,0.98861,1.65,1.00
2014.10.23 11:39:48.891,0.98844,0.98868,1.50,1.15
2014.10.23 11:39:48.942,0.98846,0.9887,1.00,1.15
2014.10.23 11:39:49.144,0.98839,0.98863,1.15,1.10
2014.10.23 11:39:49.194,0.98839,0.98863,1.00,1.15
2014.10.23 11:39:49.699,0.98837,0.98861,1.17,1.65
2014.10.23 11:39:50.060,0.9884,0.98865,1.00,2.32
2014.10.23 11:39:50.212,0.98843,0.98866,1.10,1.07
2014.10.23 11:39:50.773,0.98843,0.98867,1.00,1.65
2014.10.23 11:39:50.824,0.98843,0.98867,1.07,1.57
2014.10.23 11:39:50.925,0.98842,0.98866,1.15,1.50
2014.10.23 11:39:50.976,0.98846,0.98866,1.00,1.00
2014.10.23 11:39:51.325,0.98851,0.98871,1.07,1.00
2014.10.23 11:39:51.886,0.98851,0.98871,1.00,1.10
2014.10.23 11:39:52.397,0.98852,0.98871,1.10,1.00
2014.10.23 11:39:52.902,0.98853,0.98871,1.00,1.00
2014.10.23 11:39:53.422,0.98853,0.98872,1.00,1.00
2014.10.23 11:39:55.390,0.98849,0.98872,1.20,1.10
2014.10.23 11:39:57.355,0.98849,0.98871,1.50,1.07
2014.10.23 11:39:57.456,0.98846,0.9887,1.10,1.07
2014.10.23 11:39:58.330,0.98846,0.98861,1.00,1.00
2014.10.23 11:39:58.687,0.98846,0.9887,1.00,1.15
2014.10.23 11:39:58.788,0.98846,0.9887,1.20,1.20
2014.10.23 11:39:58.839,0.98846,0.9887,1.20,1.17
2014.10.23 11:40:00.011,0.98846,0.9887,1.00,3.07
2014.10.23 11:40:00.112,0.98844,0.98868,1.57,1.17
2014.10.23 11:40:00.213,0.98848,0.98873,1.00,2.70
2014.10.23 11:40:00.517,0.98863,0.98881,1.07,1.00
2014.10.23 11:40:00.568,0.98863,0.98887,1.07,1.15
2014.10.23 11:40:00.619,0.98863,0.98887,1.17,1.17
2014.10.23 11:40:01.403,0.98859,0.98883,2.32,1.00
2014.10.23 11:40:01.503,0.98858,0.98883,1.17,1.10
2014.10.23 11:40:01.554,0.98858,0.98883,1.20,1.07
2014.10.23 11:40:02.161,0.98858,0.98883,1.07,1.17
2014.10.23 11:40:02.211,0.98862,0.98888,1.00,2.70
2014.10.23 11:40:02.313,0.98862,0.98889,1.15,1.52
2014.10.23 11:40:02.526,0.98867,0.98889,1.00,2.02
2014.10.23 11:40:02.828,0.98873,0.98892,1.07,2.44
2014.10.23 11:40:02.929,0.98873,0.989,3.07,2.59
2014.10.23 11:40:03.081,0.98873,0.98897,3.07,1.19
2014.10.23 11:40:03.403,0.98871,0.98897,1.15,1.17
2014.10.23 11:40:03.554,0.98871,0.98897,1.10,1.15
2014.10.23 11:40:03.868,0.98868,0.98891,1.15,1.00
2014.10.23 11:40:04.023,0.98865,0.9889,1.15,1.50
2014.10.23 11:40:04.124,0.98865,0.9889,1.15,1.65
2014.10.23 11:40:04.361,0.98865,0.9889,1.65,1.65
2014.10.23 11:40:04.664,0.98875,0.989,1.00,2.32
2014.10.23 11:40:04.765,0.98875,0.98901,1.15,1.20
2014.10.23 11:40:04.815,0.98875,0.98901,1.15,1.10
2014.10.23 11:40:06.010,0.98875,0.98901,1.27,2.40
2014.10.23 11:40:06.077,0.98875,0.98901,1.27,2.40
2014.10.23 11:40:06.821,0.98875,0.98901,1.27,1.07
2014.10.23 11:40:06.872,0.98875,0.98901,1.27,1.10
2014.10.23 11:40:08.135,0.98878,0.98901,1.27,1.00
2014.10.23 11:40:08.454,0.98873,0.989,1.52,1.20
2014.10.23 11:40:08.555,0.98873,0.989,2.02,1.15
2014.10.23 11:40:08.858,0.98875,0.98902,1.17,1.52
2014.10.23 11:40:09.160,0.98874,0.98896,1.00,1.15
2014.10.23 11:40:09.362,0.98872,0.98896,1.00,1.15
2014.10.23 11:40:09.665,0.98868,0.98891,3.15,1.00
2014.10.23 11:40:09.766,0.98867,0.98891,1.52,1.00
2014.10.23 11:40:09.816,0.98865,0.98891,2.02,1.07
2014.10.23 11:40:10.320,0.98865,0.98887,1.55,1.00
2014.10.23 11:40:10.884,0.98863,0.98887,1.55,1.17
2014.10.23 11:40:11.136,0.98861,0.98882,1.27,1.00
2014.10.23 11:40:11.457,0.98862,0.98882,1.10,1.00
2014.10.23 11:40:11.860,0.98862,0.98882,1.15,1.00
2014.10.23 11:40:12.363,0.98862,0.98881,1.15,1.00
2014.10.23 11:40:12.664,0.98862,0.98881,1.17,1.00
2014.10.23 11:40:12.865,0.98864,0.98886,1.00,1.17
2014.10.23 11:40:13.089,0.98862,0.98882,1.27,1.00
2014.10.23 11:40:13.271,0.98858,0.98882,1.65,1.10
2014.10.23 11:40:13.321,0.98859,0.98881,1.07,1.07
2014.10.23 11:40:13.372,0.98859,0.98881,1.00,1.65
2014.10.23 11:40:13.423,0.98854,0.98876,2.25,1.00
2014.10.23 11:40:13.574,0.98854,0.98876,1.10,1.10
2014.10.23 11:40:13.676,0.98856,0.98876,1.00,1.10
2014.10.23 11:40:13.777,0.98854,0.98881,2.40,1.17
2014.10.23 11:40:13.928,0.98857,0.98885,1.07,4.57
2014.10.23 11:40:14.452,0.98857,0.98885,1.17,1.65
2014.10.23 11:40:14.653,0.98853,0.9888,1.15,2.40
2014.10.23 11:40:14.855,0.98853,0.98879,1.17,2.32
2014.10.23 11:40:15.328,0.98848,0.98872,3.07,1.00
2014.10.23 11:40:15.479,0.98846,0.98871,2.32,1.00
2014.10.23 11:40:15.530,0.98846,0.98871,2.25,2.32
2014.10.23 11:40:15.580,0.98845,0.98871,1.17,2.40
2014.10.23 11:40:15.994,0.98848,0.98871,1.00,1.15
2014.10.23 11:40:16.095,0.98848,0.98871,1.10,1.00
2014.10.23 11:40:16.146,0.98848,0.98875,1.17,1.07
2014.10.23 11:40:16.196,0.9885,0.98876,1.15,1.07
2014.10.23 11:40:16.398,0.9885,0.98877,1.15,1.87
2014.10.23 11:40:16.922,0.9885,0.98876,1.27,1.00
2014.10.23 11:40:17.575,0.9885,0.98877,1.52,1.50
2014.10.23 11:40:18.104,0.98853,0.9888,1.17,1.52
2014.10.23 11:40:18.614,0.98853,0.98877,1.17,1.00
2014.10.23 11:40:19.606,0.98853,0.9888,1.17,1.27
2014.10.23 11:40:20.839,0.98851,0.98878,1.52,1.17
2014.10.23 11:40:20.990,0.98851,0.98878,1.00,1.15
2014.10.23 11:40:22.784,0.98853,0.98876,1.00,1.15
2014.10.23 11:40:22.885,0.98853,0.98877,1.07,1.57
2014.10.23 11:40:23.641,0.98853,0.98872,1.07,1.00
2014.10.23 11:40:23.882,0.9885,0.98872,1.17,1.00
2014.10.23 11:40:25.643,0.9885,0.98876,1.55,1.65
2014.10.23 11:40:25.744,0.98856,0.98876,1.87,1.17
2014.10.23 11:40:25.895,0.98859,0.98882,1.00,1.17
2014.10.23 11:40:25.996,0.98859,0.98882,1.15,1.00
2014.10.23 11:40:26.198,0.98857,0.98882,1.17,1.15
2014.10.23 11:40:27.454,0.98855,0.98881,1.07,2.02
2014.10.23 11:40:27.505,0.98855,0.98881,1.10,2.02
2014.10.23 11:40:28.135,0.98855,0.98876,1.10,1.00
2014.10.23 11:40:28.743,0.98855,0.98881,1.10,2.02
2014.10.23 11:40:28.794,0.98856,0.98881,1.87,1.65
2014.10.23 11:40:28.895,0.98859,0.98881,1.00,1.17
2014.10.23 11:40:28.996,0.98858,0.98881,2.77,1.00
2014.10.23 11:40:29.349,0.98862,0.98886,1.10,1.65
2014.10.23 11:40:29.550,0.98865,0.98886,1.00,1.17
2014.10.23 11:40:29.601,0.98865,0.98887,1.00,1.17
2014.10.23 11:40:30.265,0.98863,0.98887,1.27,1.17
2014.10.23 11:40:30.916,0.98863,0.98886,1.00,1.15
2014.10.23 11:40:31.219,0.98865,0.98889,1.00,1.27
2014.10.23 11:40:31.319,0.98866,0.98891,1.10,1.52
2014.10.23 11:40:31.583,0.98864,0.9889,1.00,4.95
2014.10.23 11:40:32.205,0.98864,0.9889,1.07,2.77
2014.10.23 11:40:33.206,0.98862,0.98887,1.07,2.02
2014.10.23 11:40:33.307,0.98862,0.98888,1.10,2.77
2014.10.23 11:40:36.327,0.98859,0.98885,1.00,1.15
2014.10.23 11:40:36.834,0.98859,0.98885,1.15,1.17
2014.10.23 11:40:37.749,0.98859,0.98885,1.10,1.15
2014.10.23 11:40:40.720,0.98854,0.98878,1.17,1.07
2014.10.23 11:40:40.821,0.98852,0.98878,1.27,1.15
2014.10.23 11:40:41.325,0.98854,0.9888,1.00,2.77
2014.10.23 11:40:41.893,0.98851,0.98877,1.52,1.17
2014.10.23 11:40:43.232,0.98849,0.98874,3.07,1.00
2014.10.23 11:40:43.333,0.98849,0.98876,1.15,2.77
2014.10.23 11:40:43.434,0.98848,0.98872,1.27,1.17
2014.10.23 11:40:44.176,0.9885,0.98874,1.00,1.15
2014.10.23 11:40:45.799,0.98849,0.9887,1.12,1.00
2014.10.23 11:40:46.102,0.98845,0.98867,1.15,1.00
2014.10.23 11:40:46.404,0.98849,0.98871,1.00,1.15
2014.10.23 11:40:46.756,0.9885,0.98871,1.47,1.00
2014.10.23 11:40:46.958,0.9885,0.98876,1.55,1.17
2014.10.23 11:40:47.322,0.98848,0.98867,1.52,1.00
2014.10.23 11:40:47.423,0.98848,0.98867,1.00,2.40
2014.10.23 11:40:47.524,0.98844,0.98866,1.20,1.00
2014.10.23 11:40:47.726,0.98846,0.98866,1.00,1.00
2014.10.23 11:40:48.229,0.98848,0.98866,1.17,1.00
2014.10.23 11:40:48.431,0.98845,0.9887,1.52,1.00
2014.10.23 11:40:48.959,0.98846,0.98871,1.27,1.20
2014.10.23 11:40:49.032,0.98846,0.98871,1.27,1.80
2014.10.23 11:40:49.334,0.98844,0.98862,1.00,1.00
2014.10.23 11:40:49.385,0.98844,0.98866,1.87,1.17
2014.10.23 11:40:49.436,0.98847,0.98866,1.00,1.00
2014.10.23 11:40:49.738,0.98847,0.98861,1.00,1.00
2014.10.23 11:40:49.839,0.98847,0.98867,1.00,1.00
2014.10.23 11:40:49.940,0.98843,0.98861,1.27,1.00
2014.10.23 11:40:50.193,0.98844,0.9887,1.50,1.52
2014.10.23 11:40:50.243,0.98847,0.98871,1.00,6.37
2014.10.23 11:40:50.344,0.98847,0.98871,1.00,2.02
2014.10.23 11:40:50.395,0.98847,0.98866,1.00,1.00
2014.10.23 11:40:51.616,0.98847,0.98867,1.00,1.00
2014.10.23 11:40:52.120,0.98846,0.98866,1.10,1.00
2014.10.23 11:40:52.170,0.98846,0.98872,1.47,1.15
2014.10.23 11:40:53.874,0.9885,0.98872,1.00,1.15
2014.10.23 11:40:54.573,0.98853,0.98876,1.00,2.70
2014.10.23 11:40:54.674,0.98853,0.98877,1.00,2.77
2014.10.23 11:40:55.582,0.98856,0.98877,1.00,2.40
2014.10.23 11:40:55.894,0.98852,0.98871,1.55,1.00
2014.10.23 11:40:56.096,0.98852,0.98872,1.20,1.00
2014.10.23 11:40:56.248,0.98849,0.98872,1.10,1.17
2014.10.23 11:40:56.349,0.98846,0.98867,1.57,1.00
2014.10.23 11:40:56.450,0.98843,0.98867,1.00,1.65
2014.10.23 11:40:56.552,0.98843,0.98867,1.00,6.00
2014.10.23 11:40:57.055,0.98843,0.98861,1.00,1.00
2014.10.23 11:40:57.106,0.9884,0.98862,1.20,1.00
2014.10.23 11:40:57.182,0.98843,0.98862,1.00,1.00
2014.10.23 11:40:57.440,0.9884,0.98861,1.20,1.00
2014.10.23 11:40:57.645,0.9884,0.98864,1.20,1.20
2014.10.23 11:40:59.132,0.98842,0.98866,1.00,1.65
2014.10.23 11:40:59.512,0.98844,0.98866,1.00,1.17
2014.10.23 11:41:00.656,0.9884,0.98866,1.00,6.60
2014.10.23 11:41:00.762,0.98838,0.98862,1.00,1.15
2014.10.23 11:41:00.863,0.98839,0.98862,1.00,1.15
2014.10.23 11:41:00.964,0.9884,0.98865,1.00,2.70
2014.10.23 11:41:01.065,0.9884,0.98866,1.10,1.52
2014.10.23 11:41:01.947,0.98842,0.98861,1.00,1.00
2014.10.23 11:41:02.572,0.98842,0.98866,1.00,2.40
2014.10.23 11:41:04.057,0.98842,0.98867,1.00,1.15
2014.10.23 11:41:07.092,0.98842,0.98867,1.37,1.15
2014.10.23 11:41:07.143,0.98845,0.98867,1.00,1.15
2014.10.23 11:41:07.344,0.98845,0.98867,1.17,1.00
2014.10.23 11:41:07.446,0.98848,0.98867,1.00,1.00
2014.10.23 11:41:07.647,0.98848,0.98871,1.00,1.15
2014.10.23 11:41:09.749,0.98844,0.98871,2.02,1.15
2014.10.23 11:41:09.850,0.98842,0.98861,1.15,1.00
2014.10.23 11:41:10.001,0.98842,0.98861,1.00,1.00
2014.10.23 11:41:10.153,0.98845,0.98862,1.00,1.00
2014.10.23 11:41:10.405,0.98845,0.98866,1.00,1.17
2014.10.23 11:41:10.870,0.98844,0.98861,1.10,1.00
2014.10.23 11:41:11.392,0.98844,0.98867,1.00,1.20
2014.10.23 11:41:13.902,0.98844,0.98866,1.50,1.00
2014.10.23 11:41:14.013,0.98849,0.98868,1.00,1.15
2014.10.23 11:41:14.892,0.98848,0.98871,1.00,1.87
2014.10.23 11:41:15.437,0.98849,0.98868,1.00,1.27
2014.10.23 11:41:15.488,0.98844,0.98866,1.00,1.65
2014.10.23 11:41:15.589,0.98844,0.98868,1.50,2.77
2014.10.23 11:41:16.133,0.98844,0.98866,1.00,1.00
2014.10.23 11:41:18.680,0.98843,0.98866,1.57,1.00
2014.10.23 11:41:27.233,0.98846,0.9887,1.00,1.27
2014.10.23 11:41:27.535,0.98848,0.98872,1.10,2.02
2014.10.23 11:41:27.636,0.98846,0.98872,1.10,2.02
2014.10.23 11:41:27.737,0.98848,0.98872,1.00,2.02
2014.10.23 11:41:36.074,0.98845,0.98869,1.17,1.55
2014.10.23 11:41:36.124,0.98845,0.98869,1.00,1.52
2014.10.23 11:41:36.276,0.98843,0.98867,1.10,1.27
2014.10.23 11:41:39.251,0.98847,0.98871,1.00,3.15
2014.10.23 11:41:39.742,0.98847,0.98871,1.10,1.65
2014.10.23 11:41:39.793,0.98849,0.98871,1.00,1.15
2014.10.23 11:41:42.384,0.98847,0.98871,1.10,1.52
2014.10.23 11:41:42.536,0.98847,0.9887,1.00,2.70
2014.10.23 11:41:42.587,0.98844,0.9887,1.57,3.45
2014.10.23 11:41:42.688,0.98847,0.98871,1.00,2.02
2014.10.23 11:41:42.738,0.98847,0.98871,1.10,1.95
2014.10.23 11:41:44.516,0.98847,0.98871,1.10,1.55
2014.10.23 11:41:44.567,0.98844,0.9887,1.20,1.27
2014.10.23 11:41:44.617,0.98844,0.9887,1.10,1.52
2014.10.23 11:41:44.924,0.98842,0.98866,1.10,1.17
2014.10.23 11:41:45.237,0.98842,0.98866,1.00,1.15
2014.10.23 11:41:45.881,0.98842,0.98866,1.10,1.15
2014.10.23 11:41:46.997,0.98841,0.98865,1.20,1.17
2014.10.23 11:41:51.642,0.98842,0.98866,1.00,1.15
2014.10.23 11:41:51.794,0.98842,0.98866,1.10,1.27
2014.10.23 11:41:53.418,0.98845,0.98866,1.00,1.15
2014.10.23 11:41:53.619,0.98843,0.98866,1.00,1.15
2014.10.23 11:41:54.283,0.98843,0.98866,2.32,1.10
2014.10.23 11:41:58.391,0.98845,0.98866,1.50,1.10
2014.10.23 11:41:58.442,0.98847,0.98866,1.00,1.10
2014.10.23 11:41:58.493,0.98847,0.98871,1.00,2.02
2014.10.23 11:41:58.594,0.98847,0.98871,1.15,1.87
2014.10.23 11:41:59.104,0.9885,0.98872,1.00,1.00
2014.10.23 11:41:59.420,0.98848,0.98872,1.10,2.02
2014.10.23 11:41:59.759,0.98848,0.98871,1.17,1.12
2014.10.23 11:42:00.260,0.98849,0.98875,1.57,1.52
2014.10.23 11:42:00.830,0.98849,0.98871,1.07,1.12
2014.10.23 11:42:04.279,0.98849,0.98871,1.00,2.02
2014.10.23 11:42:09.181,0.98849,0.98871,1.57,1.07
2014.10.23 11:42:09.383,0.98849,0.98872,1.20,1.00
2014.10.23 11:42:09.602,0.98854,0.98873,1.00,1.27
2014.10.23 11:42:10.122,0.98854,0.98873,1.00,1.57
2014.10.23 11:42:10.507,0.98849,0.98871,1.20,1.12
2014.10.23 11:42:10.560,0.98849,0.98871,1.10,1.20
2014.10.23 11:42:10.711,0.98848,0.98872,1.50,2.02
2014.10.23 11:42:10.812,0.98853,0.98871,1.00,1.20
2014.10.23 11:42:10.913,0.98854,0.98873,1.00,1.50
2014.10.23 11:42:11.115,0.98854,0.98877,1.17,1.17
2014.10.23 11:42:11.951,0.98854,0.98875,1.17,1.00
2014.10.23 11:42:12.052,0.98849,0.98875,1.65,1.55
2014.10.23 11:42:12.602,0.98849,0.98876,1.17,1.52
2014.10.23 11:42:12.702,0.98849,0.98876,1.15,1.15
2014.10.23 11:42:13.425,0.98854,0.98877,1.00,1.27
2014.10.23 11:42:14.236,0.98854,0.98877,1.10,1.12
2014.10.23 11:42:18.601,0.98853,0.98876,1.17,1.00
2014.10.23 11:42:19.153,0.98853,0.98876,1.07,1.20
2014.10.23 11:42:19.355,0.98849,0.98875,1.15,1.27
2014.10.23 11:42:19.405,0.98849,0.98872,1.15,1.00
2014.10.23 11:42:19.951,0.98849,0.98875,1.10,1.52
2014.10.23 11:42:20.852,0.98847,0.98871,1.15,1.37
2014.10.23 11:42:21.163,0.98845,0.98871,1.17,1.65
2014.10.23 11:42:21.370,0.98843,0.98866,1.15,1.00
2014.10.23 11:42:21.878,0.98846,0.98867,1.10,1.00
2014.10.23 11:42:22.388,0.98846,0.98866,1.10,1.00
2014.10.23 11:42:25.860,0.98844,0.98867,1.15,1.00
2014.10.23 11:42:26.850,0.98844,0.98866,1.15,1.00
2014.10.23 11:42:27.661,0.98844,0.98866,1.00,1.00
2014.10.23 11:42:30.680,0.98843,0.98866,1.10,1.00
2014.10.23 11:42:31.184,0.98843,0.98867,1.10,1.10
2014.10.23 11:42:32.184,0.98846,0.9887,1.00,2.77
2014.10.23 11:42:32.691,0.98846,0.9887,1.10,1.15
2014.10.23 11:42:33.643,0.98846,0.9887,1.00,3.07
2014.10.23 11:42:33.693,0.98844,0.98868,1.10,1.07
2014.10.23 11:42:34.371,0.98844,0.98868,1.00,3.45
2014.10.23 11:42:37.753,0.98844,0.98868,1.10,1.27
2014.10.23 11:42:37.854,0.98846,0.98871,1.10,1.65
2014.10.23 11:42:37.905,0.98849,0.98872,1.00,2.32
2014.10.23 11:42:37.955,0.98849,0.98873,1.00,1.15
2014.10.23 11:42:38.056,0.98849,0.98873,1.10,1.15
2014.10.23 11:42:38.358,0.9885,0.98876,1.10,1.65
2014.10.23 11:42:38.660,0.98852,0.98871,1.50,1.00
2014.10.23 11:42:38.862,0.98853,0.98875,1.00,1.65
2014.10.23 11:42:38.913,0.98853,0.98876,1.00,1.15
2014.10.23 11:42:39.014,0.98857,0.98876,1.00,1.10
2014.10.23 11:42:39.215,0.98859,0.98882,1.20,1.00
2014.10.23 11:42:39.517,0.98863,0.98887,1.00,1.65
2014.10.23 11:42:39.837,0.98865,0.98886,1.00,1.17
2014.10.23 11:42:40.327,0.98863,0.98887,1.00,1.65
2014.10.23 11:42:46.828,0.98863,0.98886,1.10,1.10
2014.10.23 11:42:48.127,0.9886,0.98883,1.27,1.10
2014.10.23 11:42:48.330,0.98863,0.98887,1.00,1.27
2014.10.23 11:42:48.431,0.98866,0.98886,1.07,1.00
2014.10.23 11:42:48.632,0.98863,0.98886,1.17,1.00
2014.10.23 11:42:48.886,0.98863,0.98889,1.17,1.17
2014.10.23 11:42:49.403,0.98865,0.98889,1.00,1.17
2014.10.23 11:42:50.060,0.98864,0.98888,1.10,1.10
2014.10.23 11:42:50.645,0.9886,0.98885,1.00,1.65
2014.10.23 11:42:51.049,0.9886,0.98886,1.15,2.62
2014.10.23 11:42:55.468,0.98862,0.98886,1.15,1.17
2014.10.23 11:43:05.167,0.9886,0.98886,1.15,2.02
2014.10.23 11:43:05.268,0.9886,0.98886,1.00,2.02
2014.10.23 11:43:05.370,0.9886,0.98884,1.00,2.40
2014.10.23 11:43:05.470,0.98858,0.98883,1.00,1.65
2014.10.23 11:43:05.572,0.98856,0.98876,1.00,1.12
2014.10.23 11:43:05.673,0.98854,0.98876,1.00,2.77
2014.10.23 11:43:05.975,0.98851,0.98876,1.10,2.77
2014.10.23 11:43:09.863,0.98851,0.98876,1.10,2.02
2014.10.23 11:43:11.583,0.98851,0.98876,1.10,2.40
2014.10.23 11:43:14.921,0.98849,0.98873,2.02,1.00
2014.10.23 11:43:14.972,0.98849,0.98873,1.57,1.10
2014.10.23 11:43:15.022,0.98849,0.9887,1.10,1.00
2014.10.23 11:43:15.274,0.98838,0.98862,1.65,1.20
2014.10.23 11:43:15.325,0.98841,0.98862,1.00,1.20
2014.10.23 11:43:15.512,0.98844,0.98866,1.10,1.10
2014.10.23 11:43:15.714,0.98841,0.98865,1.07,1.57
2014.10.23 11:43:15.915,0.98843,0.98867,1.10,1.20
2014.10.23 11:43:16.429,0.98844,0.98866,1.00,1.00
2014.10.23 11:43:18.356,0.98844,0.98865,1.00,1.00
2014.10.23 11:43:18.457,0.98839,0.98862,1.17,1.00
2014.10.23 11:43:19.028,0.98839,0.98861,1.17,1.00
2014.10.23 11:43:19.921,0.98838,0.98862,1.27,1.00
2014.10.23 11:43:19.971,0.98838,0.98858,1.15,1.50
2014.10.23 11:43:20.022,0.98838,0.98858,1.10,1.50
2014.10.23 11:43:20.123,0.98834,0.98856,1.57,1.10
2014.10.23 11:43:20.425,0.98834,0.98856,2.02,1.00
2014.10.23 11:43:20.727,0.98839,0.98856,1.00,1.00
2014.10.23 11:43:20.878,0.98839,0.98861,1.50,1.10
2014.10.23 11:43:28.349,0.98843,0.98864,1.00,1.12
2014.10.23 11:43:28.400,0.98844,0.98866,1.00,1.15
2014.10.23 11:43:30.905,0.98844,0.98866,1.10,1.50
2014.10.23 11:43:31.106,0.98844,0.98866,1.50,1.17
2014.10.23 11:43:31.207,0.98844,0.98866,1.57,1.10
2014.10.23 11:43:31.409,0.98841,0.98867,1.17,1.15
2014.10.23 11:43:31.719,0.98844,0.98867,1.00,1.15
2014.10.23 11:43:31.827,0.98844,0.98867,1.10,1.07
2014.10.23 11:43:32.418,0.98845,0.98871,1.00,4.95
2014.10.23 11:43:34.310,0.98843,0.98866,1.00,1.15
2014.10.23 11:43:34.612,0.98841,0.98865,1.00,2.77
2014.10.23 11:43:35.137,0.98841,0.98861,1.00,1.00
2014.10.23 11:43:36.699,0.98839,0.98861,1.50,1.00
2014.10.23 11:43:36.750,0.98839,0.98861,1.50,1.15
2014.10.23 11:43:37.253,0.98838,0.98861,1.00,1.27
2014.10.23 11:43:38.359,0.98837,0.98856,1.00,1.00
2014.10.23 11:43:39.171,0.98837,0.98857,1.20,1.00
2014.10.23 11:43:39.659,0.98842,0.98861,1.00,1.00
2014.10.23 11:43:41.311,0.98842,0.98861,1.27,1.00
2014.10.23 11:43:41.667,0.98844,0.98861,1.07,1.00
2014.10.23 11:43:43.863,0.98844,0.98861,1.15,1.00
2014.10.23 11:43:44.883,0.98846,0.98862,1.17,1.00
2014.10.23 11:43:46.439,0.98843,0.98862,1.07,1.00
2014.10.23 11:43:46.540,0.98839,0.98862,1.15,1.00
2014.10.23 11:43:47.082,0.98844,0.98866,1.00,1.15
2014.10.23 11:43:47.269,0.98844,0.98866,1.15,1.00
2014.10.23 11:43:51.119,0.98843,0.98867,1.15,1.87
2014.10.23 11:43:51.641,0.98843,0.98866,1.15,1.50
2014.10.23 11:43:54.331,0.98841,0.98861,1.27,1.00
2014.10.23 11:43:54.941,0.98841,0.98861,1.27,1.00
2014.10.23 11:43:57.961,0.98841,0.98861,1.52,1.00
2014.10.23 11:43:58.113,0.98844,0.98866,1.10,1.10
2014.10.23 11:43:58.274,0.98844,0.98862,1.10,1.00
2014.10.23 11:43:58.808,0.98842,0.98861,1.15,1.00
2014.10.23 11:44:00.392,0.98844,0.98866,1.10,1.10
2014.10.23 11:44:00.767,0.98844,0.98869,1.15,1.00
2014.10.23 11:44:00.820,0.98843,0.98867,2.02,1.00
2014.10.23 11:44:02.390,0.98846,0.98866,1.00,1.00
2014.10.23 11:44:02.892,0.98842,0.98866,2.02,1.00
2014.10.23 11:44:03.989,0.98842,0.98866,1.00,1.52
2014.10.23 11:44:04.090,0.98839,0.98864,1.00,3.45
2014.10.23 11:44:04.342,0.98834,0.98857,1.00,1.17
2014.10.23 11:44:04.493,0.98835,0.98859,1.00,1.15
2014.10.23 11:44:04.745,0.98837,0.98861,1.00,1.17
2014.10.23 11:44:05.259,0.98836,0.98861,1.15,1.00
2014.10.23 11:44:07.658,0.98836,0.98861,1.07,1.47
2014.10.23 11:44:07.961,0.98833,0.98859,1.65,1.15
2014.10.23 11:44:12.589,0.98834,0.98856,1.65,1.00
2014.10.23 11:44:12.891,0.98835,0.98856,1.15,1.00
2014.10.23 11:44:13.424,0.98835,0.98857,1.15,1.00
2014.10.23 11:44:15.645,0.98838,0.98856,1.07,1.00
2014.10.23 11:44:16.352,0.98838,0.98857,1.07,1.00
2014.10.23 11:44:16.878,0.98838,0.98856,1.07,1.00
2014.10.23 11:44:33.378,0.98838,0.98857,1.07,1.00
2014.10.23 11:44:34.889,0.9884,0.98857,1.00,1.00
2014.10.23 11:44:36.370,0.9884,0.98861,1.00,1.10
2014.10.23 11:44:36.669,0.98846,0.98866,1.12,2.25
2014.10.23 11:44:36.770,0.98843,0.98866,1.20,1.50
2014.10.23 11:44:36.922,0.98843,0.98861,1.20,1.00
2014.10.23 11:44:37.360,0.98843,0.98866,1.20,1.50
2014.10.23 11:44:37.873,0.98843,0.98867,1.20,1.20
2014.10.23 11:44:38.680,0.98843,0.98866,1.27,1.00
2014.10.23 11:44:40.331,0.98844,0.98869,1.00,1.27
2014.10.23 11:44:41.078,0.98843,0.98866,1.27,1.00
2014.10.23 11:44:42.641,0.98843,0.98867,1.27,1.20
2014.10.23 11:44:44.697,0.98844,0.98867,1.12,1.20
2014.10.23 11:44:45.307,0.98845,0.98866,1.00,1.00
2014.10.23 11:44:47.249,0.98844,0.98866,1.00,1.00
2014.10.23 11:44:51.088,0.98844,0.98867,1.00,1.27
2014.10.23 11:44:55.332,0.98845,0.98867,1.00,1.27
2014.10.23 11:44:57.392,0.98845,0.98866,1.00,1.00
2014.10.23 11:44:58.026,0.98845,0.98866,1.00,1.17
2014.10.23 11:45:02.855,0.98848,0.98869,1.00,1.52
2014.10.23 11:45:03.851,0.98845,0.98869,1.00,1.52
2014.10.23 11:45:08.325,0.98845,0.98869,1.00,1.90
2014.10.23 11:45:08.477,0.9884,0.98866,1.17,2.02
2014.10.23 11:45:08.578,0.9884,0.98866,1.20,2.02
2014.10.23 11:45:08.779,0.98838,0.98862,1.50,1.15
2014.10.23 11:45:08.883,0.98841,0.98862,1.00,1.15
2014.10.23 11:45:08.984,0.98841,0.98865,1.00,1.15
2014.10.23 11:45:09.292,0.98843,0.98867,1.00,1.65
2014.10.23 11:45:12.092,0.9885,0.98866,1.00,1.00
2014.10.23 11:45:12.193,0.98851,0.98871,1.00,1.20
2014.10.23 11:45:12.701,0.98852,0.98872,1.00,1.10
2014.10.23 11:45:13.236,0.98851,0.98872,1.15,1.00
2014.10.23 11:45:17.271,0.98853,0.98872,1.00,1.00
2014.10.23 11:45:20.627,0.98849,0.98871,1.10,1.10
2014.10.23 11:45:20.728,0.98851,0.98871,1.00,1.10
2014.10.23 11:45:22.329,0.98849,0.98872,1.00,1.20
2014.10.23 11:45:22.380,0.98849,0.98866,1.00,1.00
2014.10.23 11:45:22.582,0.98849,0.98872,1.17,1.00
2014.10.23 11:45:26.758,0.98849,0.98871,1.65,1.00
2014.10.23 11:45:27.821,0.98849,0.98871,1.65,1.10
2014.10.23 11:45:28.241,0.98849,0.98871,1.65,1.00
2014.10.23 11:45:34.139,0.98849,0.98872,1.15,1.00
2014.10.23 11:45:37.980,0.98849,0.98866,1.15,1.00
2014.10.23 11:45:40.163,0.98849,0.98871,1.65,1.00
2014.10.23 11:45:45.921,0.9885,0.98871,1.15,2.62
2014.10.23 11:45:46.022,0.98848,0.98866,1.15,1.00
2014.10.23 11:45:46.123,0.98847,0.98866,1.10,1.00
2014.10.23 11:45:47.002,0.98845,0.98867,1.20,1.00
2014.10.23 11:45:47.153,0.98845,0.98865,1.10,1.50
2014.10.23 11:45:47.204,0.98841,0.98865,1.15,1.50
2014.10.23 11:45:52.581,0.98841,0.98861,1.15,1.00
2014.10.23 11:45:54.483,0.98841,0.98865,1.15,1.50
2014.10.23 11:45:55.650,0.98841,0.98861,1.15,1.00
2014.10.23 11:45:56.648,0.9884,0.98862,1.17,1.00
2014.10.23 11:45:56.901,0.9884,0.98861,1.20,1.00
2014.10.23 11:45:57.902,0.9884,0.98862,1.10,1.10
2014.10.23 11:45:59.831,0.9884,0.98856,1.10,1.00
2014.10.23 11:46:00.424,0.9884,0.98857,1.10,1.00
2014.10.23 11:46:03.394,0.9884,0.98856,1.10,1.00
2014.10.23 11:46:04.615,0.9884,0.98861,1.10,1.50
2014.10.23 11:46:05.170,0.9884,0.98862,1.10,2.32
2014.10.23 11:46:06.248,0.98838,0.98862,1.57,3.07
2014.10.23 11:46:07.370,0.98839,0.98861,1.00,1.20
2014.10.23 11:46:08.362,0.98837,0.98857,1.20,1.00
2014.10.23 11:46:12.324,0.98837,0.98856,1.20,1.00
2014.10.23 11:46:12.389,0.98839,0.98861,1.00,1.20
2014.10.23 11:46:18.329,0.98838,0.98862,1.00,2.40
2014.10.23 11:46:18.922,0.98837,0.98856,1.20,1.00
2014.10.23 11:46:19.023,0.98835,0.98856,1.20,1.00
2014.10.23 11:46:19.891,0.98835,0.98852,1.00,1.00
2014.10.23 11:46:19.992,0.98834,0.98856,1.10,3.07
2014.10.23 11:46:23.610,0.98832,0.98852,1.17,1.00
2014.10.23 11:46:25.039,0.98832,0.98851,1.17,1.00
2014.10.23 11:46:25.410,0.98834,0.98852,1.07,1.00
2014.10.23 11:46:25.658,0.98837,0.98856,1.17,1.00
2014.10.23 11:46:26.182,0.98837,0.98856,1.15,1.00
2014.10.23 11:46:29.583,0.98837,0.98857,1.15,1.00
2014.10.23 11:46:30.091,0.98837,0.98857,1.15,1.00
2014.10.23 11:46:45.512,0.98838,0.98856,1.10,1.00
2014.10.23 11:46:45.614,0.98833,0.98851,1.07,1.00
2014.10.23 11:46:45.667,0.98832,0.98851,1.17,1.00
2014.10.23 11:46:45.768,0.98832,0.98851,1.00,1.00
2014.10.23 11:46:45.869,0.98834,0.98857,1.00,1.52
2014.10.23 11:46:45.920,0.98834,0.98857,1.00,1.17
2014.10.23 11:46:45.970,0.9884,0.9886,1.00,2.32
2014.10.23 11:46:46.021,0.9884,0.98862,1.00,1.10
2014.10.23 11:46:46.223,0.98839,0.98862,1.00,1.15
2014.10.23 11:46:46.424,0.98839,0.98862,1.10,1.07
2014.10.23 11:46:46.626,0.98835,0.98857,1.17,1.00
2014.10.23 11:46:47.047,0.98839,0.98861,1.00,1.65
2014.10.23 11:46:47.350,0.98838,0.98862,1.65,1.12
2014.10.23 11:46:47.921,0.98838,0.98862,1.57,1.20
2014.10.23 11:46:48.434,0.98838,0.98862,1.50,1.27
2014.10.23 11:46:51.688,0.98838,0.98862,1.15,2.70
2014.10.23 11:46:51.738,0.98838,0.98862,1.00,2.77
2014.10.23 11:46:51.940,0.98838,0.98862,1.15,1.47
2014.10.23 11:46:53.419,0.98838,0.98862,1.15,1.20
2014.10.23 11:46:54.267,0.98838,0.98862,1.10,1.27
2014.10.23 11:46:57.129,0.98837,0.98859,1.07,1.87
2014.10.23 11:46:57.230,0.98835,0.98859,1.00,2.77
2014.10.23 11:46:57.820,0.98835,0.98859,1.00,1.52
2014.10.23 11:47:01.144,0.98835,0.98859,1.07,1.52
2014.10.23 11:47:06.481,0.98835,0.98859,1.07,1.45
2014.10.23 11:47:08.151,0.98834,0.98859,1.17,1.45
2014.10.23 11:47:08.202,0.98834,0.98859,1.00,1.52
2014.10.23 11:47:08.759,0.98833,0.98856,1.10,1.27
2014.10.23 11:47:08.919,0.98836,0.98857,1.00,1.12
2014.10.23 11:47:09.322,0.98836,0.98862,1.20,2.02
2014.10.23 11:47:14.836,0.98834,0.98858,3.15,1.00
2014.10.23 11:47:15.139,0.98834,0.98858,1.57,1.45
2014.10.23 11:47:15.413,0.98834,0.98858,1.57,1.45
2014.10.23 11:47:25.555,0.98834,0.98856,1.07,1.00
2014.10.23 11:47:27.084,0.98834,0.98858,1.57,1.20
2014.10.23 11:47:30.400,0.98834,0.98856,1.07,1.00
2014.10.23 11:47:33.480,0.98832,0.98856,1.10,1.17
2014.10.23 11:47:33.581,0.98832,0.98856,1.17,1.10
2014.10.23 11:47:33.947,0.98836,0.98857,1.00,1.00
2014.10.23 11:47:34.249,0.98834,0.98857,1.10,2.32
2014.10.23 11:47:34.699,0.98834,0.98857,1.00,2.40
2014.10.23 11:47:38.470,0.98834,0.98856,1.57,1.17
2014.10.23 11:47:39.179,0.98834,0.98856,1.57,1.10
2014.10.23 11:47:39.927,0.98836,0.98856,1.00,1.10
2014.10.23 11:47:40.400,0.98836,0.98857,1.17,1.00
2014.10.23 11:47:40.450,0.98838,0.98861,1.07,2.40
2014.10.23 11:47:40.984,0.98839,0.98861,1.10,2.32
2014.10.23 11:47:45.678,0.98838,0.98861,1.07,2.02
2014.10.23 11:47:46.215,0.98838,0.98861,1.00,2.77
2014.10.23 11:48:03.347,0.98838,0.9886,1.00,2.02
2014.10.23 11:48:18.351,0.98836,0.9886,1.00,2.77
2014.10.23 11:48:25.973,0.98836,0.9886,1.07,1.15
2014.10.23 11:48:26.497,0.98838,0.98862,1.00,1.65
2014.10.23 11:48:27.328,0.98838,0.98862,1.15,1.50
2014.10.23 11:48:29.313,0.9884,0.98862,1.00,2.25
2014.10.23 11:48:29.389,0.98847,0.98862,1.00,2.25
2014.10.23 11:48:29.592,0.9885,0.98866,1.00,1.00
2014.10.23 11:48:30.398,0.98848,0.98871,1.52,1.10
2014.10.23 11:48:30.600,0.98848,0.98871,1.00,1.20
2014.10.23 11:48:40.540,0.98845,0.98871,1.52,1.65
2014.10.23 11:48:40.590,0.98845,0.98866,1.52,1.00
2014.10.23 11:48:56.827,0.98844,0.98865,1.52,1.50
2014.10.23 11:48:57.028,0.9884,0.98862,1.52,1.00
2014.10.23 11:48:57.331,0.98839,0.98861,1.12,1.00
2014.10.23 11:49:01.128,0.98837,0.98861,1.55,1.50
2014.10.23 11:49:07.729,0.98839,0.98861,1.00,1.00
2014.10.23 11:49:08.277,0.98837,0.98861,1.27,1.15
2014.10.23 11:49:09.358,0.98837,0.98861,1.57,1.15
2014.10.23 11:49:13.651,0.98837,0.98861,1.20,1.15
2014.10.23 11:49:18.011,0.98839,0.98861,1.00,1.15
2014.10.23 11:49:18.531,0.98839,0.98861,1.00,1.00
2014.10.23 11:49:19.096,0.98839,0.98862,1.00,1.20
2014.10.23 11:49:24.944,0.98839,0.98862,1.00,1.15
2014.10.23 11:49:33.879,0.98839,0.98861,1.10,1.10
2014.10.23 11:49:34.390,0.9884,0.98861,1.00,1.10
2014.10.23 11:49:44.366,0.9884,0.98861,1.00,1.15
2014.10.23 11:49:44.741,0.98838,0.98856,1.00,1.00
2014.10.23 11:49:45.304,0.98835,0.98856,1.65,1.00
2014.10.23 11:49:45.407,0.98834,0.98856,1.57,1.10
2014.10.23 11:49:45.614,0.98834,0.98852,1.00,1.00
2014.10.23 11:49:47.627,0.98834,0.98857,1.00,1.15
2014.10.23 11:49:48.910,0.98837,0.98857,1.00,1.10
2014.10.23 11:50:00.974,0.98834,0.98857,1.00,1.17
2014.10.23 11:50:01.075,0.98834,0.98857,1.00,1.15
2014.10.23 11:50:01.579,0.98834,0.98857,1.00,3.07
2014.10.23 11:50:02.119,0.98832,0.98851,1.00,1.00
2014.10.23 11:50:02.835,0.98831,0.98851,1.50,1.00
2014.10.23 11:50:02.986,0.98827,0.98852,1.20,1.15
2014.10.23 11:50:06.086,0.98825,0.98846,1.57,1.00
2014.10.23 11:50:06.137,0.98825,0.98846,1.50,1.00
2014.10.23 11:50:06.666,0.98823,0.98847,1.65,1.50
2014.10.23 11:50:06.868,0.98826,0.98846,1.00,1.00
2014.10.23 11:50:07.440,0.98828,0.98852,1.00,1.65
2014.10.23 11:50:07.925,0.98828,0.98851,1.00,1.65
2014.10.23 11:50:09.886,0.98828,0.98848,1.00,1.10
2014.10.23 11:50:10.188,0.98824,0.98847,1.10,1.10
2014.10.23 11:50:10.239,0.98824,0.98847,1.00,1.17
2014.10.23 11:50:10.543,0.98829,0.98848,1.00,1.15
2014.10.23 11:50:11.049,0.98829,0.98851,1.00,2.25
2014.10.23 11:50:11.100,0.98829,0.98851,1.00,2.25
2014.10.23 11:50:11.603,0.98829,0.98853,1.00,1.15
2014.10.23 11:50:12.953,0.98828,0.98852,1.20,1.20
2014.10.23 11:50:13.003,0.98825,0.98852,1.27,1.15
2014.10.23 11:50:15.354,0.98829,0.98849,1.00,1.10
2014.10.23 11:50:15.506,0.98829,0.98853,1.50,1.15
2014.10.23 11:50:16.635,0.98825,0.98851,1.27,1.20
2014.10.23 11:50:16.937,0.98825,0.98851,1.07,1.17
2014.10.23 11:50:16.988,0.98825,0.98851,1.00,1.15
2014.10.23 11:50:33.553,0.98826,0.9885,1.00,1.15
2014.10.23 11:50:37.174,0.98826,0.9885,1.00,1.52
2014.10.23 11:50:42.708,0.98823,0.98847,1.20,1.27
2014.10.23 11:50:42.916,0.98823,0.98847,1.20,1.57
2014.10.23 11:50:46.451,0.98823,0.98847,1.20,1.27
2014.10.23 11:50:49.798,0.98822,0.98846,1.15,1.00
2014.10.23 11:50:49.956,0.98822,0.98846,1.00,1.15
2014.10.23 11:50:50.057,0.98822,0.98846,1.10,1.20
2014.10.23 11:50:50.625,0.98824,0.98848,1.00,1.52
2014.10.23 11:50:51.244,0.98821,0.98844,2.02,1.07
2014.10.23 11:50:51.547,0.9882,0.98844,1.00,1.27
2014.10.23 11:50:52.585,0.9882,0.98846,1.20,1.65
2014.10.23 11:50:54.614,0.98822,0.98846,1.50,1.65
2014.10.23 11:50:54.665,0.98823,0.98846,1.10,1.07
2014.10.23 11:50:55.181,0.98825,0.98847,1.50,1.17
2014.10.23 11:50:55.382,0.98823,0.98847,1.00,1.52
2014.10.23 11:50:55.645,0.9882,0.98846,2.40,1.52
2014.10.23 11:50:55.696,0.9882,0.98845,2.25,2.70
2014.10.23 11:50:56.934,0.98819,0.98844,2.25,1.15
2014.10.23 11:50:58.325,0.98818,0.98844,1.57,1.15
2014.10.23 11:50:58.859,0.98819,0.98844,1.00,1.52
2014.10.23 11:51:01.437,0.98818,0.98844,1.57,1.15
2014.10.23 11:51:01.986,0.98819,0.98844,1.00,1.52
2014.10.23 11:51:04.430,0.98818,0.98842,1.10,1.52
2014.10.23 11:51:08.109,0.98818,0.98841,1.17,1.12
2014.10.23 11:51:11.647,0.98818,0.98844,1.10,1.52
2014.10.23 11:51:11.949,0.98815,0.98841,1.10,1.27
2014.10.23 11:51:25.433,0.98814,0.98839,1.00,2.02
2014.10.23 11:51:25.745,0.98811,0.98835,1.00,1.27
2014.10.23 11:51:26.204,0.98813,0.98836,1.00,1.52
2014.10.23 11:51:26.305,0.98813,0.98837,1.07,3.15
2014.10.23 11:51:27.795,0.98811,0.98836,1.15,1.65
2014.10.23 11:51:27.896,0.98811,0.98836,1.15,1.15
2014.10.23 11:51:28.303,0.98813,0.98837,1.17,2.02
2014.10.23 11:51:32.616,0.98815,0.98839,1.00,1.15
2014.10.23 11:51:33.035,0.98815,0.98839,1.37,1.15
2014.10.23 11:51:33.136,0.98819,0.98842,1.00,1.15
2014.10.23 11:51:33.237,0.98821,0.98846,1.37,2.40
2014.10.23 11:51:33.339,0.98821,0.98846,1.52,1.07
2014.10.23 11:51:33.846,0.98821,0.98847,1.57,1.65
2014.10.23 11:51:34.148,0.98823,0.98849,2.02,1.27
2014.10.23 11:51:34.598,0.98823,0.98849,2.02,1.20
2014.10.23 11:51:34.649,0.98823,0.98849,2.02,1.20
2014.10.23 11:51:38.574,0.98823,0.98846,1.65,1.00
2014.10.23 11:51:38.625,0.9882,0.98846,2.77,1.00
2014.10.23 11:51:38.675,0.9882,0.98845,1.65,1.45
2014.10.23 11:51:38.726,0.98819,0.98845,1.65,1.55
2014.10.23 11:51:40.607,0.98817,0.98842,1.27,1.00
2014.10.23 11:51:40.658,0.98817,0.98842,1.17,1.20
2014.10.23 11:51:40.758,0.98815,0.98841,1.52,1.10
2014.10.23 11:51:43.406,0.98815,0.98838,1.65,1.00
2014.10.23 11:51:43.457,0.98814,0.98838,1.17,1.17
2014.10.23 11:51:44.599,0.98811,0.98836,1.17,1.07
2014.10.23 11:51:45.117,0.9881,0.98834,1.27,1.00
2014.10.23 11:51:45.647,0.98814,0.98837,1.00,1.17
2014.10.23 11:51:47.530,0.98814,0.98834,1.00,1.00
2014.10.23 11:51:47.681,0.9881,0.98834,1.27,1.20
2014.10.23 11:51:48.613,0.9881,0.98834,1.57,1.20
2014.10.23 11:51:48.764,0.98812,0.98836,1.20,1.07
2014.10.23 11:51:48.815,0.98812,0.98836,1.27,1.10
2014.10.23 11:51:49.303,0.98813,0.98838,1.00,1.27
2014.10.23 11:51:51.051,0.98813,0.98836,1.00,1.15
2014.10.23 11:51:51.600,0.98813,0.98836,1.00,1.15
2014.10.23 11:51:52.146,0.98814,0.98836,1.00,1.65
2014.10.23 11:51:52.524,0.98813,0.98837,1.50,1.15
2014.10.23 11:51:53.692,0.98814,0.98837,1.00,1.27
2014.10.23 11:51:54.440,0.98814,0.98837,1.00,1.15
2014.10.23 11:51:54.541,0.98812,0.98836,1.00,1.15
2014.10.23 11:51:57.504,0.98812,0.98836,1.10,1.15
2014.10.23 11:51:58.097,0.98819,0.98839,1.00,2.70
2014.10.23 11:51:58.248,0.98819,0.98838,1.00,1.45
2014.10.23 11:51:58.648,0.98822,0.98841,1.00,1.37
2014.10.23 11:51:58.850,0.98819,0.98847,1.20,2.40
2014.10.23 11:51:58.901,0.98821,0.98847,1.00,2.40
2014.10.23 11:51:59.204,0.98823,0.98847,1.17,2.40
2014.10.23 11:51:59.305,0.98825,0.98847,1.10,1.85
2014.10.23 11:51:59.406,0.9882,0.98844,2.40,1.37
2014.10.23 11:51:59.457,0.9882,0.98844,1.15,1.37
2014.10.23 11:51:59.558,0.9882,0.98844,1.10,1.17
2014.10.23 11:51:59.709,0.9882,0.98842,1.00,1.07
2014.10.23 11:52:00.233,0.98818,0.98842,1.00,1.65
2014.10.23 11:52:01.433,0.98818,0.98842,1.07,2.02
2014.10.23 11:52:01.735,0.98819,0.98841,1.20,1.00
2014.10.23 11:52:01.786,0.98819,0.98841,1.12,1.00
2014.10.23 11:52:01.887,0.98819,0.98837,1.12,1.00
2014.10.23 11:52:02.089,0.98819,0.98841,1.15,1.00
2014.10.23 11:52:02.139,0.98817,0.98841,1.17,1.57
2014.10.23 11:52:02.190,0.98817,0.98841,1.10,1.65
2014.10.23 11:52:02.442,0.98813,0.98837,3.15,1.10
2014.10.23 11:52:02.947,0.9881,0.98833,2.32,1.00
2014.10.23 11:52:03.048,0.98809,0.98833,2.02,1.00
2014.10.23 11:52:03.569,0.98809,0.98832,1.27,1.00
2014.10.23 11:52:04.085,0.9881,0.98832,1.52,1.00
2014.10.23 11:52:04.532,0.98809,0.98832,1.20,1.00
2014.10.23 11:52:04.583,0.98809,0.98832,1.17,1.00
2014.10.23 11:52:04.734,0.9881,0.98832,1.10,1.10
2014.10.23 11:52:05.272,0.9881,0.98831,1.10,1.00
2014.10.23 11:52:05.854,0.98813,0.98831,1.00,1.00
2014.10.23 11:52:05.955,0.98813,0.98837,1.00,1.65
2014.10.23 11:52:06.468,0.98809,0.98835,1.55,1.15
2014.10.23 11:52:06.770,0.98811,0.98837,1.47,3.82
2014.10.23 11:52:06.871,0.98811,0.98836,1.57,1.15
2014.10.23 11:52:07.868,0.98811,0.98836,1.20,1.15
2014.10.23 11:52:08.644,0.9881,0.98834,1.15,1.00
2014.10.23 11:52:08.694,0.9881,0.98834,1.07,1.07
2014.10.23 11:52:09.299,0.9881,0.98834,1.00,1.15
2014.10.23 11:52:09.895,0.9881,0.98831,1.00,1.00
2014.10.23 11:52:12.752,0.9881,0.98832,1.45,1.10
2014.10.23 11:52:13.196,0.98812,0.98837,1.10,1.15
2014.10.23 11:52:13.764,0.9881,0.98832,1.17,1.00
2014.10.23 11:52:17.355,0.9881,0.98836,1.17,1.65
2014.10.23 11:52:20.574,0.9881,0.98832,1.17,1.00
2014.10.23 11:52:21.777,0.9881,0.98831,1.17,1.00
2014.10.23 11:52:23.428,0.98809,0.98832,1.27,1.00
2014.10.23 11:52:23.961,0.98809,0.98831,1.27,1.00
2014.10.23 11:52:24.113,0.98809,0.98832,1.17,1.10
2014.10.23 11:52:25.429,0.98809,0.98831,1.17,1.00
2014.10.23 11:52:26.593,0.98809,0.98835,1.27,1.27
2014.10.23 11:52:27.505,0.98817,0.98836,1.00,1.15
2014.10.23 11:52:27.556,0.98815,0.98836,1.00,1.17
2014.10.23 11:52:27.657,0.98818,0.98841,1.00,1.15
2014.10.23 11:52:27.758,0.98819,0.98841,1.00,1.20
2014.10.23 11:52:28.261,0.98819,0.98842,1.20,1.00
2014.10.23 11:52:28.945,0.98819,0.98841,1.20,1.00
2014.10.23 11:52:30.633,0.98819,0.98841,1.00,1.17
2014.10.23 11:52:51.014,0.98819,0.98842,1.20,1.17
2014.10.23 11:52:51.632,0.98819,0.98841,1.12,1.07
2014.10.23 11:52:53.922,0.98819,0.98841,1.00,1.07
2014.10.23 11:52:55.555,0.98818,0.98841,1.00,1.15
2014.10.23 11:52:55.965,0.98816,0.9884,1.10,1.17
2014.10.23 11:52:56.460,0.98813,0.98837,1.20,1.07
2014.10.23 11:52:56.763,0.98809,0.98831,1.27,1.00
2014.10.23 11:52:57.015,0.98809,0.98832,1.20,1.00
2014.10.23 11:52:57.167,0.98809,0.98832,1.07,1.00
2014.10.23 11:52:57.318,0.98809,0.98832,1.10,1.00
2014.10.23 11:52:57.841,0.98807,0.98831,1.15,1.00
2014.10.23 11:53:04.077,0.98807,0.98831,3.45,1.50
2014.10.23 11:53:04.656,0.9881,0.98832,1.15,1.00
2014.10.23 11:53:06.361,0.9881,0.98831,1.15,1.00
2014.10.23 11:53:06.967,0.9881,0.98832,1.15,1.00
2014.10.23 11:53:08.301,0.9881,0.98832,1.07,1.10
2014.10.23 11:53:12.210,0.9881,0.98832,1.15,1.00
2014.10.23 11:53:13.402,0.9881,0.98831,1.15,1.00
2014.10.23 11:53:14.704,0.98815,0.98831,1.00,1.00
2014.10.23 11:53:14.855,0.98815,0.98836,1.27,1.00
2014.10.23 11:53:15.624,0.98817,0.98841,1.10,2.02
2014.10.23 11:53:18.722,0.98814,0.98838,2.77,1.00
2014.10.23 11:53:18.874,0.98814,0.98838,2.32,1.17
2014.10.23 11:53:20.432,0.98817,0.98839,1.50,1.15
2014.10.23 11:53:20.982,0.98817,0.98841,1.50,1.27
2014.10.23 11:53:21.319,0.98822,0.98841,1.50,1.15
2014.10.23 11:53:21.571,0.98824,0.98841,1.50,1.00
2014.10.23 11:53:21.773,0.98827,0.98841,1.50,1.00
2014.10.23 11:53:21.875,0.98824,0.98841,1.50,1.00
2014.10.23 11:53:22.689,0.98824,0.98846,1.57,1.20
2014.10.23 11:53:23.720,0.98826,0.98847,1.00,1.07
2014.10.23 11:53:24.023,0.9883,0.98846,1.65,1.00
2014.10.23 11:53:24.403,0.98835,0.98846,1.50,1.00
2014.10.23 11:53:24.521,0.98835,0.98852,1.50,1.50
2014.10.23 11:53:24.622,0.98835,0.98856,1.50,1.20
2014.10.23 11:53:25.055,0.98832,0.98852,1.57,1.07
2014.10.23 11:53:25.105,0.98832,0.98852,1.50,1.15
2014.10.23 11:53:25.156,0.9883,0.98852,1.50,1.15
2014.10.23 11:53:25.257,0.9883,0.98852,1.57,1.07
2014.10.23 11:53:25.307,0.9883,0.98852,1.65,1.00
2014.10.23 11:53:25.509,0.9883,0.98851,1.57,1.00
2014.10.23 11:53:25.727,0.98829,0.98851,1.57,1.10
2014.10.23 11:53:26.118,0.98829,0.98846,1.57,1.00
2014.10.23 11:53:27.431,0.98828,0.98852,1.65,1.17
2014.10.23 11:53:28.344,0.98824,0.98841,3.75,1.00
2014.10.23 11:53:28.394,0.9882,0.98841,2.32,1.00
2014.10.23 11:53:28.495,0.98816,0.98841,1.00,1.87
2014.10.23 11:53:28.596,0.98814,0.98839,1.00,1.12
2014.10.23 11:53:28.647,0.98811,0.98837,1.57,1.00
2014.10.23 11:53:28.911,0.9881,0.98839,1.65,1.00
2014.10.23 11:53:29.062,0.98809,0.98837,1.15,1.00
2014.10.23 11:53:29.402,0.98813,0.98839,1.00,1.87
2014.10.23 11:53:29.928,0.98814,0.9884,1.00,1.52
2014.10.23 11:53:30.511,0.98814,0.9884,1.00,1.52
2014.10.23 11:53:32.822,0.98813,0.9884,1.00,2.77
2014.10.23 11:53:35.391,0.98813,0.98839,1.00,1.95
2014.10.23 11:53:35.945,0.98809,0.98837,1.00,1.95
2014.10.23 11:53:35.996,0.98809,0.98835,1.00,1.37
2014.10.23 11:53:36.368,0.98806,0.98835,1.95,1.37
2014.10.23 11:53:37.165,0.98806,0.98835,1.57,1.37
2014.10.23 11:53:37.361,0.98809,0.98835,1.00,1.37
2014.10.23 11:53:37.462,0.98809,0.98835,1.00,1.12
2014.10.23 11:53:37.563,0.98809,0.98835,1.00,1.37
2014.10.23 11:53:39.691,0.98809,0.98835,1.00,1.45
2014.10.23 11:53:40.401,0.98809,0.98835,1.00,1.27
2014.10.23 11:53:40.973,0.98808,0.98835,1.00,1.52
2014.10.23 11:53:42.431,0.98809,0.98835,1.00,1.52
2014.10.23 11:53:42.582,0.98809,0.98835,1.00,1.52
2014.10.23 11:53:42.632,0.98807,0.98831,1.50,1.12
2014.10.23 11:53:42.683,0.98805,0.98831,1.50,1.37
2014.10.23 11:53:42.784,0.98803,0.98831,2.62,1.37
2014.10.23 11:53:43.288,0.98804,0.98828,1.00,1.12
2014.10.23 11:53:43.820,0.98804,0.98828,1.00,1.37
2014.10.23 11:53:43.871,0.988,0.98827,2.02,1.12
2014.10.23 11:53:44.287,0.98799,0.98827,1.95,1.12
2014.10.23 11:53:44.952,0.98799,0.98826,2.70,1.00
2014.10.23 11:53:45.204,0.98802,0.98826,1.50,1.00
2014.10.23 11:53:45.415,0.98802,0.98828,1.87,1.12
2014.10.23 11:53:46.461,0.98803,0.98828,1.00,1.12
2014.10.23 11:53:47.931,0.98804,0.98834,1.00,1.65
2014.10.23 11:53:48.195,0.98805,0.98833,1.50,1.45
2014.10.23 11:53:51.343,0.98805,0.98832,1.87,1.20
2014.10.23 11:53:51.856,0.98806,0.98831,1.50,1.12
2014.10.23 11:53:52.362,0.98804,0.98831,2.62,1.12
2014.10.23 11:53:52.933,0.98804,0.98831,2.62,1.37
2014.10.23 11:53:53.817,0.98803,0.98831,1.50,1.37
2014.10.23 11:53:55.372,0.98804,0.98831,1.00,1.37
2014.10.23 11:54:00.102,0.98803,0.98831,1.50,1.87
2014.10.23 11:54:00.333,0.98803,0.98831,1.87,1.87
2014.10.23 11:54:00.881,0.98805,0.98831,1.37,1.00
2014.10.23 11:54:01.970,0.98805,0.98837,1.37,6.45
2014.10.23 11:54:03.148,0.98805,0.98837,1.47,3.52
2014.10.23 11:54:03.405,0.98805,0.98831,2.70,1.00
2014.10.23 11:54:04.841,0.98805,0.98832,1.47,1.00
2014.10.23 11:54:05.146,0.98808,0.98832,1.50,1.00
2014.10.23 11:54:05.671,0.98808,0.98831,1.87,1.00
2014.10.23 11:54:06.847,0.98808,0.98832,1.87,1.00
2014.10.23 11:54:09.167,0.98808,0.98831,1.87,1.00
2014.10.23 11:54:12.386,0.98804,0.98831,1.12,1.00
2014.10.23 11:54:12.436,0.98804,0.98826,1.12,1.00
2014.10.23 11:54:12.890,0.98803,0.98822,1.50,1.00
2014.10.23 11:54:12.940,0.98798,0.98822,4.20,1.00
2014.10.23 11:54:13.393,0.98798,0.98822,2.62,1.00
2014.10.23 11:54:14.201,0.988,0.98822,1.37,1.00
2014.10.23 11:54:14.302,0.98804,0.98826,1.00,1.00
2014.10.23 11:54:15.063,0.98804,0.98831,1.00,1.27
2014.10.23 11:54:15.114,0.98807,0.98831,1.50,1.27
2014.10.23 11:54:15.215,0.98807,0.98831,1.50,1.00
2014.10.23 11:54:15.750,0.98807,0.98832,1.50,1.00
2014.10.23 11:54:16.710,0.98807,0.98831,1.50,1.00
2014.10.23 11:54:19.342,0.98807,0.98831,1.87,1.00
2014.10.23 11:54:23.126,0.98807,0.98832,2.62,1.00
2014.10.23 11:54:23.621,0.98807,0.98832,2.02,1.00
2014.10.23 11:54:23.773,0.98805,0.98831,2.02,1.00
2014.10.23 11:54:24.131,0.98801,0.98826,3.15,1.00
2014.10.23 11:54:24.442,0.98801,0.98826,2.40,1.00
2014.10.23 11:54:25.660,0.98803,0.98827,2.32,1.00
2014.10.23 11:54:25.856,0.98809,0.98836,1.00,3.45
2014.10.23 11:54:25.977,0.98809,0.98836,1.37,1.10
2014.10.23 11:54:26.583,0.98809,0.98836,1.10,1.12
2014.10.23 11:54:27.151,0.98809,0.98835,1.00,1.37
2014.10.23 11:54:27.252,0.98806,0.98835,1.12,2.62
2014.10.23 11:54:27.302,0.98805,0.98831,1.47,1.00
2014.10.23 11:54:27.861,0.98805,0.98831,1.47,1.00
2014.10.23 11:54:29.142,0.98807,0.98835,1.12,1.87
2014.10.23 11:54:30.482,0.98807,0.98832,1.12,1.00
2014.10.23 11:54:30.839,0.98804,0.98832,2.62,1.87
2014.10.23 11:54:31.141,0.98804,0.98831,1.87,1.00
2014.10.23 11:54:31.393,0.98805,0.98835,1.47,2.62
2014.10.23 11:54:33.010,0.98805,0.98831,1.47,1.00
2014.10.23 11:54:35.138,0.98805,0.98831,1.47,1.00
2014.10.23 11:54:36.970,0.98805,0.98832,1.47,1.12
2014.10.23 11:54:37.881,0.98804,0.98826,1.87,1.00
2014.10.23 11:54:37.982,0.98801,0.98826,2.70,1.00
2014.10.23 11:54:38.531,0.98801,0.98827,1.95,1.00
2014.10.23 11:54:38.632,0.98803,0.9883,1.00,1.87
2014.10.23 11:54:39.592,0.98803,0.98829,1.00,2.62
2014.10.23 11:54:39.842,0.98799,0.98826,2.62,1.00
2014.10.23 11:54:40.195,0.98796,0.98827,2.02,1.37
2014.10.23 11:54:40.698,0.98798,0.98822,1.12,1.00
2014.10.23 11:54:41.241,0.98799,0.98821,1.00,1.00
2014.10.23 11:54:42.321,0.98799,0.98821,1.37,1.00
2014.10.23 11:54:42.371,0.98798,0.98827,2.70,1.45
2014.10.23 11:54:42.422,0.98802,0.98827,1.50,1.37
2014.10.23 11:54:43.860,0.988,0.98827,1.87,1.37
2014.10.23 11:54:43.911,0.988,0.98822,1.87,1.00
2014.10.23 11:54:44.408,0.98802,0.98821,1.50,1.00
2014.10.23 11:54:44.609,0.98802,0.98826,1.50,1.12
2014.10.23 11:54:44.761,0.98806,0.98827,1.50,1.00
2014.10.23 11:54:45.339,0.98806,0.98826,1.50,1.00
2014.10.23 11:54:45.850,0.98806,0.98827,1.50,1.00
2014.10.23 11:54:45.997,0.98806,0.98831,1.50,1.12
2014.10.23 11:54:46.149,0.98806,0.98827,1.50,1.00
2014.10.23 11:54:46.451,0.98798,0.98821,1.75,1.00
2014.10.23 11:54:47.111,0.98796,0.98822,1.75,1.00
2014.10.23 11:54:47.162,0.98796,0.98822,1.75,1.00
2014.10.23 11:54:47.485,0.98796,0.98822,1.00,1.37
2014.10.23 11:54:48.084,0.98796,0.98822,2.62,1.12
2014.10.23 11:54:48.134,0.98799,0.98825,1.00,1.55
2014.10.23 11:54:48.185,0.98799,0.98825,1.00,1.55
2014.10.23 11:54:48.688,0.98799,0.98825,1.12,1.12
2014.10.23 11:54:49.279,0.98796,0.98826,1.17,1.75
2014.10.23 11:54:49.430,0.98795,0.98821,1.00,1.37
2014.10.23 11:54:49.728,0.98791,0.98818,1.52,1.00
2014.10.23 11:54:50.099,0.98791,0.98812,1.00,1.00
2014.10.23 11:54:50.150,0.98786,0.98812,1.52,1.00
2014.10.23 11:54:51.601,0.98788,0.98811,1.27,1.00
2014.10.23 11:54:52.112,0.98791,0.98811,1.50,1.00
2014.10.23 11:54:52.164,0.98791,0.98816,1.50,1.12
2014.10.23 11:54:52.416,0.98794,0.98816,1.50,1.50
2014.10.23 11:54:53.530,0.98791,0.98816,1.50,1.00
2014.10.23 11:54:53.581,0.98791,0.98812,1.50,1.00
2014.10.23 11:54:53.631,0.98786,0.98811,1.00,1.00
2014.10.23 11:54:53.732,0.98784,0.9881,1.50,1.37
2014.10.23 11:54:54.034,0.98785,0.98806,1.00,1.00
2014.10.23 11:54:54.337,0.98779,0.98801,1.50,1.00
2014.10.23 11:54:54.438,0.98777,0.98802,2.25,1.00
2014.10.23 11:54:54.964,0.98774,0.988,1.17,1.00
2014.10.23 11:54:55.065,0.98773,0.988,1.00,1.00
2014.10.23 11:54:55.115,0.98773,0.988,1.00,1.15
2014.10.23 11:54:55.630,0.98773,0.98797,1.00,1.12
2014.10.23 11:54:55.681,0.9877,0.98797,1.37,1.12
2014.10.23 11:54:56.184,0.9877,0.98798,1.12,1.47
2014.10.23 11:54:59.651,0.9877,0.98796,1.37,1.00
2014.10.23 11:54:59.752,0.98772,0.98796,2.62,1.00
2014.10.23 11:54:59.853,0.98774,0.98801,1.87,1.37
2014.10.23 11:54:59.904,0.98777,0.98801,2.25,1.37
2014.10.23 11:55:00.105,0.98778,0.98802,1.00,1.00
2014.10.23 11:55:00.559,0.98774,0.98801,2.02,2.25
2014.10.23 11:55:00.962,0.98774,0.98801,1.87,2.70
2014.10.23 11:55:01.063,0.98772,0.98797,2.62,1.00
2014.10.23 11:55:01.973,0.98772,0.98797,2.62,1.00
2014.10.23 11:55:02.301,0.98777,0.98797,1.00,1.00
2014.10.23 11:55:02.402,0.98777,0.98801,1.00,2.25
2014.10.23 11:55:02.705,0.98779,0.98801,1.00,1.00
2014.10.23 11:55:03.373,0.98778,0.98802,1.47,1.00
2014.10.23 11:55:03.877,0.98775,0.98801,1.52,1.00
2014.10.23 11:55:03.927,0.98776,0.98801,1.12,1.00
2014.10.23 11:55:03.978,0.98778,0.98801,1.50,1.00
2014.10.23 11:55:04.485,0.98778,0.98802,1.00,1.00
2014.10.23 11:55:05.472,0.98778,0.98802,1.87,1.00
2014.10.23 11:55:05.994,0.98778,0.98802,1.50,1.00
2014.10.23 11:55:06.916,0.98776,0.98801,1.00,1.00
2014.10.23 11:55:07.067,0.98774,0.98801,1.00,1.12
2014.10.23 11:55:07.118,0.98773,0.98796,1.12,1.00
2014.10.23 11:55:07.370,0.98773,0.98802,1.87,3.45
2014.10.23 11:55:08.242,0.98774,0.98799,1.00,1.12
2014.10.23 11:55:08.293,0.98775,0.98801,1.50,1.50
2014.10.23 11:55:09.684,0.98774,0.98801,1.50,1.87
2014.10.23 11:55:09.868,0.98774,0.98796,1.00,1.00
2014.10.23 11:55:10.543,0.98774,0.98797,1.00,1.00
2014.10.23 11:55:11.704,0.98778,0.98797,1.37,1.00
2014.10.23 11:55:11.755,0.98778,0.98801,1.37,1.00
2014.10.23 11:55:12.108,0.98781,0.98802,2.25,1.00
2014.10.23 11:55:12.310,0.98783,0.98807,2.40,1.00
2014.10.23 11:55:12.361,0.98783,0.98807,1.10,1.00
2014.10.23 11:55:12.411,0.98782,0.98801,1.07,1.00
2014.10.23 11:55:12.563,0.98781,0.98801,1.15,1.00
2014.10.23 11:55:12.663,0.98781,0.98807,2.40,1.65
2014.10.23 11:55:12.714,0.98786,0.98807,1.00,1.17
2014.10.23 11:55:12.865,0.98788,0.98811,1.17,1.17
2014.10.23 11:55:12.966,0.98788,0.98807,1.00,1.00
2014.10.23 11:55:13.504,0.98785,0.98807,1.15,1.00
2014.10.23 11:55:17.136,0.98784,0.98808,2.02,1.00
2014.10.23 11:55:19.116,0.98784,0.98807,1.27,1.00
2014.10.23 11:55:19.418,0.98784,0.98802,1.12,1.00
2014.10.23 11:55:19.670,0.98786,0.98806,1.00,1.10
2014.10.23 11:55:20.348,0.98782,0.98807,1.15,2.25
2014.10.23 11:55:20.449,0.9878,0.98806,1.15,1.07
2014.10.23 11:55:20.500,0.9878,0.98805,1.15,1.65
2014.10.23 11:55:23.133,0.9878,0.98805,1.15,1.65
2014.10.23 11:55:24.331,0.98776,0.98802,1.27,1.20
2014.10.23 11:55:24.381,0.98775,0.98802,2.77,1.27
2014.10.23 11:55:28.039,0.98775,0.98802,2.77,1.27
2014.10.23 11:55:28.654,0.98778,0.98801,1.47,1.07
2014.10.23 11:55:28.704,0.98778,0.98801,1.57,1.00
2014.10.23 11:55:29.164,0.9878,0.98804,1.17,1.17
2014.10.23 11:55:29.315,0.98774,0.98798,1.00,1.17
2014.10.23 11:55:29.366,0.98776,0.98797,1.00,1.10
2014.10.23 11:55:29.467,0.98773,0.98797,2.25,1.57
2014.10.23 11:55:29.568,0.98777,0.98797,1.00,1.15
2014.10.23 11:55:29.920,0.98776,0.988,2.40,1.10
2014.10.23 11:55:29.971,0.98776,0.988,1.07,1.07
2014.10.23 11:55:30.701,0.98776,0.988,1.00,1.15
2014.10.23 11:55:30.910,0.98774,0.98798,1.20,1.20
2014.10.23 11:55:31.957,0.98774,0.98798,1.57,1.20
2014.10.23 11:55:32.631,0.98774,0.988,1.27,1.15
2014.10.23 11:55:32.783,0.98773,0.98799,1.27,1.27
2014.10.23 11:55:33.287,0.98773,0.98796,1.20,1.07
2014.10.23 11:55:33.590,0.9877,0.98794,1.00,1.65
2014.10.23 11:55:33.892,0.98768,0.98787,1.00,1.00
2014.10.23 11:55:35.892,0.98769,0.98787,1.07,1.00
2014.10.23 11:55:35.943,0.98769,0.98792,1.15,1.00
2014.10.23 11:55:36.195,0.98772,0.98792,1.00,1.00
2014.10.23 11:55:36.396,0.98769,0.98792,1.65,1.50
2014.10.23 11:55:36.914,0.98769,0.98791,1.10,1.10
2014.10.23 11:55:37.116,0.98767,0.98787,1.15,1.00
2014.10.23 11:55:37.878,0.98767,0.98787,1.07,1.00
2014.10.23 11:55:38.407,0.98767,0.98786,1.00,1.00
2014.10.23 11:55:39.106,0.98763,0.98786,1.27,1.10
2014.10.23 11:55:42.763,0.98766,0.98787,1.00,1.17
2014.10.23 11:55:43.264,0.98763,0.98787,1.17,1.17
2014.10.23 11:55:44.423,0.98763,0.98786,1.15,1.00
2014.10.23 11:55:44.624,0.98765,0.98791,1.20,1.27
2014.10.23 11:55:44.725,0.9877,0.98792,1.00,1.15
2014.10.23 11:55:45.038,0.98773,0.98792,1.20,1.00
2014.10.23 11:55:45.588,0.98773,0.98791,1.20,1.00
2014.10.23 11:55:46.745,0.98771,0.98791,2.40,1.00
2014.10.23 11:55:47.722,0.98771,0.98791,1.65,1.00
2014.10.23 11:55:47.823,0.98769,0.98791,1.15,1.00
2014.10.23 11:55:47.924,0.98769,0.98791,1.10,1.10
2014.10.23 11:55:48.025,0.98769,0.98792,1.00,1.27
2014.10.23 11:55:48.370,0.98763,0.98786,1.17,1.00
2014.10.23 11:55:48.939,0.98762,0.98785,1.15,1.00
2014.10.23 11:55:51.258,0.98762,0.98788,1.15,1.47
2014.10.23 11:55:51.803,0.98764,0.9879,1.10,1.52
2014.10.23 11:55:56.143,0.98764,0.9879,1.27,1.20
2014.10.23 11:55:56.193,0.98764,0.9879,2.02,1.12
2014.10.23 11:55:57.022,0.98767,0.98791,1.20,2.40
2014.10.23 11:55:58.914,0.98767,0.98792,1.17,1.27
2014.10.23 11:55:59.452,0.98767,0.98792,1.15,1.10
2014.10.23 11:56:00.572,0.98767,0.98787,1.15,1.00
2014.10.23 11:56:00.723,0.98767,0.98787,1.15,1.00
2014.10.23 11:56:05.215,0.98763,0.98787,4.20,1.50
2014.10.23 11:56:05.871,0.98766,0.98786,1.15,1.00
2014.10.23 11:56:06.886,0.98769,0.98791,1.00,2.77
2014.10.23 11:56:06.937,0.98771,0.98791,1.00,1.27
2014.10.23 11:56:07.199,0.98773,0.98796,1.00,1.15
2014.10.23 11:56:07.400,0.98774,0.98797,1.20,1.00
2014.10.23 11:56:07.503,0.98774,0.98797,1.15,1.00
2014.10.23 11:56:07.604,0.98774,0.98797,1.17,1.10
2014.10.23 11:56:09.378,0.98773,0.98796,1.15,1.00
2014.10.23 11:56:09.479,0.9877,0.98793,2.32,1.12
2014.10.23 11:56:09.530,0.98769,0.98793,1.15,1.12
2014.10.23 11:56:09.631,0.98768,0.98791,1.15,1.00
2014.10.23 11:56:10.166,0.98768,0.98791,1.27,1.00
2014.10.23 11:56:10.267,0.9877,0.98796,1.52,1.57
2014.10.23 11:56:10.784,0.98769,0.98793,1.65,1.00
2014.10.23 11:56:11.086,0.98765,0.98791,4.95,1.00
2014.10.23 11:56:12.213,0.98769,0.98791,1.27,1.00
2014.10.23 11:56:12.582,0.98773,0.98791,1.00,1.00
2014.10.23 11:56:12.907,0.98773,0.98791,1.15,1.00
2014.10.23 11:56:15.882,0.98773,0.98792,1.15,1.00
2014.10.23 11:56:17.482,0.98776,0.98792,1.17,1.00
2014.10.23 11:56:17.656,0.98776,0.98797,1.15,1.00
2014.10.23 11:56:23.928,0.98776,0.98796,1.27,1.00
2014.10.23 11:56:24.111,0.98778,0.98801,1.00,2.40
2014.10.23 11:56:24.625,0.98778,0.98801,1.37,2.40
2014.10.23 11:56:24.727,0.98781,0.98802,1.12,1.10
2014.10.23 11:56:25.322,0.98781,0.98801,1.12,1.00
2014.10.23 11:56:25.914,0.98781,0.98802,1.00,1.10
2014.10.23 11:56:26.644,0.98781,0.98801,1.00,1.00
2014.10.23 11:56:27.201,0.98781,0.98801,1.00,1.17
2014.10.23 11:56:27.418,0.98779,0.988,1.00,1.10
2014.10.23 11:56:27.670,0.98776,0.98796,1.00,1.00
2014.10.23 11:56:28.390,0.98776,0.98796,1.37,1.00
2014.10.23 11:56:28.646,0.98779,0.98801,1.57,1.00
2014.10.23 11:56:30.795,0.98779,0.98801,3.45,1.00
2014.10.23 11:56:30.996,0.98779,0.988,1.00,1.07
2014.10.23 11:56:31.321,0.98777,0.98796,1.00,1.00
2014.10.23 11:56:31.623,0.98776,0.98801,1.17,1.27
2014.10.23 11:56:31.724,0.98776,0.988,1.15,1.10
2014.10.23 11:56:31.775,0.98776,0.988,1.15,1.00
2014.10.23 11:56:34.741,0.98779,0.98802,1.07,1.10
2014.10.23 11:56:35.273,0.98779,0.98801,1.07,1.00
2014.10.23 11:56:35.883,0.98779,0.98797,1.07,1.00
2014.10.23 11:56:35.984,0.98775,0.98797,1.27,1.00
2014.10.23 11:56:36.135,0.98775,0.98799,1.15,2.32
2014.10.23 11:56:36.295,0.98775,0.98799,1.17,2.32
2014.10.23 11:56:36.807,0.98775,0.98796,1.10,1.00
2014.10.23 11:56:37.980,0.98772,0.98797,1.27,1.10
2014.10.23 11:56:39.109,0.98772,0.98797,1.07,1.07
2014.10.23 11:56:39.411,0.98772,0.98797,1.00,3.45
2014.10.23 11:56:40.130,0.98772,0.98797,1.20,1.52
2014.10.23 11:56:52.415,0.98771,0.98795,1.52,1.20
2014.10.23 11:56:53.534,0.98771,0.98795,1.52,1.10
2014.10.23 11:56:54.177,0.98771,0.98795,1.52,1.00
2014.10.23 11:56:54.737,0.98771,0.98795,1.52,1.00
2014.10.23 11:56:55.651,0.98775,0.98796,1.12,1.10
2014.10.23 11:56:56.170,0.9878,0.98801,1.00,2.32
2014.10.23 11:56:56.271,0.9878,0.98802,1.00,1.15
2014.10.23 11:56:56.322,0.98778,0.98802,1.10,1.15
2014.10.23 11:56:56.372,0.98778,0.98805,1.17,1.15
2014.10.23 11:56:56.474,0.98782,0.98807,1.10,1.17
2014.10.23 11:56:57.028,0.9878,0.98806,1.65,1.07
2014.10.23 11:56:59.458,0.98779,0.98802,2.02,1.00
2014.10.23 11:56:59.999,0.98779,0.98807,2.02,1.65
2014.10.23 11:57:00.150,0.98779,0.98805,1.50,1.15
2014.10.23 11:57:00.712,0.98774,0.98803,2.02,1.65
2014.10.23 11:57:00.762,0.98774,0.98801,2.02,1.15
2014.10.23 11:57:01.064,0.98774,0.98801,1.95,1.15
2014.10.23 11:57:02.855,0.98774,0.988,1.00,2.32
2014.10.23 11:57:03.157,0.98771,0.98797,1.47,1.15
2014.10.23 11:57:04.461,0.9877,0.98797,1.55,1.65
2014.10.23 11:57:05.001,0.9877,0.98796,1.55,1.15
2014.10.23 11:57:05.514,0.9877,0.98792,1.45,1.00
2014.10.23 11:57:05.883,0.9877,0.98791,1.52,1.00
2014.10.23 11:57:06.141,0.98773,0.98797,1.17,3.15
2014.10.23 11:57:07.069,0.98773,0.98795,1.17,1.00
2014.10.23 11:57:07.131,0.98769,0.98791,3.45,1.00
2014.10.23 11:57:07.397,0.98769,0.98791,1.52,1.00
2014.10.23 11:57:11.113,0.98769,0.98791,1.52,1.00
2014.10.23 11:57:11.214,0.98769,0.98791,1.12,1.00
2014.10.23 11:57:11.466,0.98769,0.98791,1.12,1.07
2014.10.23 11:57:12.647,0.98769,0.98792,1.37,1.15
2014.10.23 11:57:12.698,0.98769,0.98792,1.37,1.20
2014.10.23 11:57:13.001,0.98774,0.98795,1.00,2.40
2014.10.23 11:57:13.253,0.98774,0.98796,1.00,1.65
2014.10.23 11:57:13.776,0.98774,0.98796,1.00,1.65
2014.10.23 11:57:14.179,0.98768,0.98792,1.20,1.07
2014.10.23 11:57:14.696,0.98769,0.98791,1.52,1.00
2014.10.23 11:57:15.201,0.98768,0.98792,2.40,1.00
2014.10.23 11:57:15.526,0.98774,0.98796,1.00,1.65
2014.10.23 11:57:16.371,0.98773,0.98796,1.12,1.15
2014.10.23 11:57:16.909,0.98772,0.98796,1.50,1.65
2014.10.23 11:57:17.060,0.98774,0.98799,1.00,1.15
2014.10.23 11:57:17.661,0.98774,0.98799,1.17,1.15
2014.10.23 11:57:18.264,0.98774,0.98799,1.10,3.07
2014.10.23 11:57:18.667,0.98774,0.98799,1.10,1.15
2014.10.23 11:57:25.021,0.98774,0.98799,1.00,3.07
2014.10.23 11:57:25.071,0.9877,0.98796,2.77,1.15
2014.10.23 11:57:25.386,0.9877,0.98795,1.65,1.17
2014.10.23 11:57:25.724,0.98769,0.98791,1.37,1.17
2014.10.23 11:57:26.333,0.98769,0.98791,1.12,1.17
2014.10.23 11:57:26.882,0.98768,0.98792,1.95,1.65
2014.10.23 11:57:27.184,0.98774,0.98796,1.00,1.17
2014.10.23 11:57:27.699,0.98774,0.98796,1.00,1.10
2014.10.23 11:57:28.217,0.98772,0.98796,1.27,1.57
2014.10.23 11:57:29.031,0.98772,0.98796,1.00,1.15
2014.10.23 11:57:29.233,0.98768,0.98793,1.60,1.15
2014.10.23 11:57:30.231,0.98773,0.98791,1.00,1.00
2014.10.23 11:57:30.382,0.98771,0.98796,1.90,1.00
2014.10.23 11:57:30.585,0.98774,0.98799,1.52,1.10
2014.10.23 11:57:30.636,0.98779,0.98801,1.20,2.25
2014.10.23 11:57:30.687,0.98779,0.98801,2.02,1.00
2014.10.23 11:57:30.919,0.98779,0.98801,1.65,1.00
2014.10.23 11:57:31.121,0.98778,0.98797,1.50,1.00
2014.10.23 11:57:31.322,0.98776,0.98796,1.50,1.00
2014.10.23 11:57:31.424,0.98772,0.98796,1.55,1.65
2014.10.23 11:57:33.091,0.98769,0.98794,1.52,1.50
2014.10.23 11:57:33.142,0.98769,0.98794,1.52,1.65
2014.10.23 11:57:33.243,0.98769,0.98793,1.10,1.65
2014.10.23 11:57:33.545,0.98767,0.98791,1.20,1.65
2014.10.23 11:57:33.873,0.98764,0.98787,1.55,1.10
2014.10.23 11:57:38.401,0.98764,0.9879,1.55,2.40
2014.10.23 11:57:41.236,0.98764,0.98789,1.45,1.65
2014.10.23 11:57:43.370,0.98764,0.98788,1.87,1.65
2014.10.23 11:57:51.584,0.98763,0.98786,1.12,1.20
2014.10.23 11:57:52.231,0.98764,0.98786,1.00,1.20
2014.10.23 11:57:52.816,0.98763,0.98786,1.12,1.20
2014.10.23 11:57:53.577,0.98762,0.98786,1.57,1.20
2014.10.23 11:57:54.390,0.98764,0.98784,1.00,1.00
2014.10.23 11:57:54.693,0.9876,0.98783,1.20,1.65
2014.10.23 11:57:56.581,0.9876,0.98782,1.12,1.57
2014.10.23 11:57:57.108,0.98758,0.98781,1.47,1.17
2014.10.23 11:57:57.611,0.98758,0.98781,1.20,1.17
2014.10.23 11:57:59.623,0.98759,0.98781,1.00,3.15
2014.10.23 11:58:00.198,0.98759,0.98778,1.00,1.57
2014.10.23 11:58:00.738,0.98757,0.98777,1.37,1.00
2014.10.23 11:58:01.377,0.98757,0.98777,1.00,1.00
2014.10.23 11:58:01.785,0.98755,0.98776,1.45,1.00
2014.10.23 11:58:01.886,0.98759,0.98781,1.12,1.57
2014.10.23 11:58:03.599,0.98757,0.98776,1.47,1.00
2014.10.23 11:58:06.730,0.98757,0.98776,1.47,1.00
2014.10.23 11:58:07.332,0.98759,0.98777,1.37,1.00
2014.10.23 11:58:08.610,0.98759,0.98777,1.37,1.00
2014.10.23 11:58:08.880,0.98759,0.98782,1.37,1.17
2014.10.23 11:58:17.403,0.98759,0.98781,1.87,1.10
2014.10.23 11:58:18.534,0.98759,0.9878,1.00,1.00
2014.10.23 11:58:18.585,0.98755,0.98776,2.02,1.00
2014.10.23 11:58:18.887,0.9876,0.98777,1.37,1.00
2014.10.23 11:58:18.988,0.98763,0.98787,1.00,1.65
2014.10.23 11:58:19.039,0.98763,0.98787,1.10,1.65
2014.10.23 11:58:19.586,0.98764,0.98787,1.00,1.15
2014.10.23 11:58:20.101,0.98763,0.98786,1.10,1.17
2014.10.23 11:58:24.921,0.98765,0.98786,1.00,1.17
2014.10.23 11:58:26.230,0.98763,0.98786,1.10,1.17
2014.10.23 11:58:26.810,0.98764,0.98789,1.00,2.40
2014.10.23 11:58:27.353,0.98763,0.98787,1.10,1.15
2014.10.23 11:58:27.783,0.98758,0.98775,3.82,1.00
2014.10.23 11:58:27.884,0.98758,0.98777,1.15,1.00
2014.10.23 11:58:27.935,0.98754,0.98771,4.50,1.00
2014.10.23 11:58:27.985,0.98753,0.98771,1.00,1.00
2014.10.23 11:58:28.036,0.98753,0.98776,1.00,2.40
2014.10.23 11:58:28.137,0.9875,0.9877,1.07,1.50
2014.10.23 11:58:28.238,0.98749,0.9877,1.20,2.25
2014.10.23 11:58:28.490,0.98748,0.98768,1.00,1.50
2014.10.23 11:58:29.120,0.98746,0.98767,1.20,1.00
2014.10.23 11:58:31.017,0.98744,0.98766,1.52,1.50
2014.10.23 11:58:32.295,0.98744,0.98766,1.45,1.50
2014.10.23 11:58:32.780,0.98748,0.98766,1.00,1.50
2014.10.23 11:58:32.881,0.98749,0.98771,1.00,1.15
2014.10.23 11:58:32.982,0.98749,0.98771,2.02,1.00
2014.10.23 11:58:35.022,0.98751,0.98771,1.00,1.00
2014.10.23 11:58:35.882,0.98751,0.98771,1.17,1.00
2014.10.23 11:58:36.400,0.98754,0.98776,1.00,2.40
2014.10.23 11:58:36.864,0.98751,0.98771,1.27,1.00
2014.10.23 11:58:37.373,0.98748,0.98771,1.55,1.00
2014.10.23 11:58:38.611,0.98748,0.98774,1.17,2.40
2014.10.23 11:58:38.863,0.98749,0.98774,1.10,2.40
2014.10.23 11:58:39.165,0.98744,0.98764,1.10,1.07
2014.10.23 11:58:39.468,0.98742,0.98761,1.00,1.00
2014.10.23 11:58:40.237,0.98739,0.98761,1.00,2.25
2014.10.23 11:58:40.572,0.98737,0.98756,1.27,1.00
2014.10.23 11:58:41.549,0.98737,0.98757,1.27,1.00
2014.10.23 11:58:41.910,0.98735,0.98752,1.00,1.00
2014.10.23 11:58:42.112,0.98733,0.98757,1.17,1.00
2014.10.23 11:58:42.687,0.98734,0.98757,1.47,1.00
2014.10.23 11:58:43.197,0.98734,0.98756,1.10,2.25
2014.10.23 11:58:43.449,0.98734,0.98753,1.10,1.50
2014.10.23 11:58:43.603,0.98734,0.98756,1.12,1.17
2014.10.23 11:58:43.809,0.98734,0.98757,1.27,1.00
2014.10.23 11:58:44.011,0.98734,0.98753,1.65,1.50
2014.10.23 11:58:44.338,0.98734,0.9875,1.00,1.50
2014.10.23 11:58:44.648,0.98729,0.9875,1.57,1.50
2014.10.23 11:58:44.699,0.98729,0.98748,1.50,1.50
2014.10.23 11:58:46.114,0.98729,0.98751,1.95,1.00
2014.10.23 11:58:46.214,0.98734,0.98754,1.00,1.50
2014.10.23 11:58:46.766,0.98733,0.98754,1.00,1.50
2014.10.23 11:58:47.312,0.98733,0.98757,1.00,2.77
2014.10.23 11:58:47.820,0.98734,0.98756,1.00,1.15
2014.10.23 11:58:49.788,0.98735,0.98756,1.00,1.15
2014.10.23 11:58:50.940,0.98735,0.98754,1.00,1.50
2014.10.23 11:58:51.160,0.98735,0.98752,1.00,1.00
2014.10.23 11:58:51.318,0.98733,0.98752,1.00,1.00
2014.10.23 11:58:51.419,0.98732,0.9875,1.10,1.50
2014.10.23 11:58:51.621,0.98729,0.9875,1.65,1.50
2014.10.23 11:58:51.722,0.98731,0.98755,1.10,1.10
2014.10.23 11:58:51.823,0.98731,0.98755,1.15,1.00
2014.10.23 11:58:52.125,0.98731,0.98751,1.15,1.00
2014.10.23 11:58:52.226,0.98731,0.98752,1.07,1.00
2014.10.23 11:58:52.428,0.98732,0.98751,1.15,1.00
2014.10.23 11:58:52.588,0.98732,0.98756,1.15,1.50
2014.10.23 11:58:53.141,0.98735,0.98756,1.00,1.00
2014.10.23 11:58:53.719,0.98735,0.98756,1.37,1.00
2014.10.23 11:58:54.082,0.98731,0.98756,1.52,1.00
2014.10.23 11:58:54.133,0.98732,0.98754,1.47,1.50
2014.10.23 11:58:54.234,0.98729,0.98752,1.27,1.50
2014.10.23 11:58:54.744,0.98727,0.98751,1.12,1.00
2014.10.23 11:58:56.428,0.98726,0.98751,1.12,1.00
2014.10.23 11:58:56.631,0.98726,0.98751,1.47,1.00
2014.10.23 11:58:56.954,0.9873,0.98753,1.12,1.50
2014.10.23 11:58:57.262,0.98733,0.98753,1.00,1.50
2014.10.23 11:58:57.552,0.98731,0.98753,1.00,1.50
2014.10.23 11:58:58.307,0.98731,0.98751,1.12,1.00
2014.10.23 11:58:58.740,0.98731,0.98755,1.12,1.50
2014.10.23 11:58:59.391,0.98731,0.98751,1.12,1.00
2014.10.23 11:58:59.829,0.98731,0.98755,1.12,1.50
2014.10.23 11:58:59.930,0.98731,0.98755,1.37,1.50
2014.10.23 11:59:00.384,0.98735,0.98757,1.00,1.00
2014.10.23 11:59:00.789,0.98733,0.98756,1.00,1.50
2014.10.23 11:59:01.196,0.98732,0.98753,1.00,1.50
2014.10.23 11:59:01.413,0.9873,0.98753,1.12,1.50
2014.10.23 11:59:01.624,0.9873,0.98751,1.00,1.00
2014.10.23 11:59:01.824,0.9873,0.98753,1.00,1.50
2014.10.23 11:59:02.076,0.9873,0.98751,1.00,1.00
2014.10.23 11:59:02.648,0.98729,0.98752,1.12,1.00
2014.10.23 11:59:03.158,0.98729,0.98751,1.00,1.00
2014.10.23 11:59:03.692,0.98728,0.98752,1.00,1.50
2014.10.23 11:59:04.034,0.98724,0.98746,1.20,1.00
2014.10.23 11:59:06.659,0.98718,0.98742,2.02,1.00
2014.10.23 11:59:06.911,0.9872,0.98746,1.10,1.00
2014.10.23 11:59:06.961,0.98723,0.98746,1.00,1.00
2014.10.23 11:59:07.479,0.98723,0.98747,1.00,1.12
2014.10.23 11:59:07.994,0.98724,0.98747,1.00,1.00
2014.10.23 11:59:08.498,0.98723,0.98747,1.00,1.12
2014.10.23 11:59:08.820,0.98722,0.98741,1.00,1.00
2014.10.23 11:59:09.071,0.98723,0.98747,1.00,1.37
2014.10.23 11:59:09.329,0.98723,0.98747,1.47,1.12
2014.10.23 11:59:09.843,0.98724,0.98746,1.12,1.00
2014.10.23 11:59:10.871,0.98724,0.98747,1.12,1.00
2014.10.23 11:59:11.635,0.98724,0.98751,1.12,1.12
2014.10.23 11:59:12.269,0.98724,0.98748,1.12,1.50
2014.10.23 11:59:12.571,0.98719,0.98741,1.87,1.00
2014.10.23 11:59:12.949,0.98721,0.98742,1.00,1.00
2014.10.23 11:59:13.467,0.98719,0.98742,1.12,1.00
2014.10.23 11:59:14.001,0.98719,0.98741,1.50,1.00
2014.10.23 11:59:14.509,0.98718,0.98742,1.10,1.00
2014.10.23 11:59:14.569,0.98724,0.98745,1.00,1.50
2014.10.23 11:59:14.976,0.98724,0.98745,1.00,2.62
2014.10.23 11:59:16.378,0.98718,0.98737,1.10,1.50
2014.10.23 11:59:16.681,0.98713,0.98734,1.00,1.50
2014.10.23 11:59:16.782,0.98711,0.98734,1.00,1.50
2014.10.23 11:59:17.299,0.98711,0.98733,1.00,1.50
2014.10.23 11:59:24.490,0.98711,0.98733,1.00,1.87
2014.10.23 11:59:24.746,0.98711,0.98733,1.00,1.87
2014.10.23 11:59:25.279,0.98711,0.98733,1.00,1.87
2014.10.23 11:59:25.329,0.98711,0.98733,1.00,1.87
2014.10.23 11:59:26.397,0.98711,0.98733,1.00,1.87
2014.10.23 11:59:29.321,0.98711,0.98733,1.00,1.87
2014.10.23 11:59:32.614,0.98711,0.98732,1.00,1.87
2014.10.23 11:59:34.748,0.9871,0.98732,1.00,1.87
2014.10.23 11:59:40.542,0.9871,0.98732,1.00,1.87
2014.10.23 11:59:40.693,0.98704,0.98729,1.95,1.50
2014.10.23 11:59:40.794,0.98704,0.98729,1.12,1.50
2014.10.23 11:59:40.895,0.98706,0.98729,1.10,1.87
2014.10.23 11:59:40.996,0.98706,0.98731,1.17,1.52
2014.10.23 11:59:41.548,0.98704,0.98728,1.27,1.50
2014.10.23 11:59:42.262,0.98703,0.98728,1.15,1.87
2014.10.23 11:59:42.363,0.98702,0.98728,1.27,2.02
2014.10.23 11:59:43.033,0.98702,0.98728,1.27,1.87
2014.10.23 11:59:46.159,0.98704,0.98727,1.10,1.95
2014.10.23 11:59:46.671,0.98702,0.98727,1.27,2.02
2014.10.23 11:59:48.140,0.98704,0.98727,1.00,2.02
2014.10.23 11:59:48.641,0.98704,0.98727,1.00,2.02
2014.10.23 11:59:50.428,0.98702,0.98728,1.27,2.02
2014.10.23 11:59:50.930,0.98702,0.98728,1.17,1.65
2014.10.23 11:59:52.660,0.987,0.98727,1.15,1.55
2014.10.23 11:59:52.761,0.98699,0.98724,1.17,1.07
2014.10.23 11:59:53.269,0.98699,0.98721,1.10,1.57
2014.10.23 11:59:54.970,0.98701,0.98721,1.00,1.57
2014.10.23 11:59:55.243,0.98699,0.98721,1.20,1.57
2014.10.23 11:59:57.672,0.98699,0.98721,1.95,1.57
2014.10.23 11:59:58.184,0.98699,0.98721,1.20,2.32
2014.10.23 11:59:58.738,0.98699,0.98721,1.27,1.57
2014.10.23 11:59:59.160,0.98699,0.98716,1.17,1.50
2014.10.23 11:59:59.663,0.98698,0.98717,1.07,1.50
2014.10.23 11:59:59.915,0.98694,0.98716,1.95,1.50
