2011.05.24 07:00:00.227,1.03018,1.0306,2.10,1.50
2011.05.24 07:00:03.096,1.03017,1.03058,3.83,1.35
2011.05.24 07:00:06.689,1.03017,1.0306,3.83,2.10
2011.05.24 07:00:06.800,1.03017,1.0306,3.08,2.10
2011.05.24 07:00:06.912,1.03019,1.03062,2.70,2.85
2011.05.24 07:00:07.247,1.03012,1.03058,2.70,1.35
2011.05.24 07:00:09.918,1.03012,1.03056,3.45,1.35
2011.05.24 07:00:10.247,1.03003,1.03047,2.70,2.70
2011.05.24 07:00:13.509,1.03004,1.03049,3.45,3.23
2011.05.24 07:00:13.728,1.03005,1.03049,1.35,1.73
2011.05.24 07:00:14.282,1.03007,1.03044,1.35,2.10
2011.05.24 07:00:16.678,1.0301,1.03044,2.10,2.10
2011.05.24 07:00:16.787,1.0301,1.03051,2.10,1.50
2011.05.24 07:00:16.898,1.03011,1.03055,2.70,3.08
2011.05.24 07:00:17.008,1.03021,1.03058,2.10,3.45
2011.05.24 07:00:17.229,1.03019,1.03062,1.35,2.85
2011.05.24 07:00:17.448,1.03033,1.03062,2.10,2.10
2011.05.24 07:00:18.009,1.03033,1.03067,2.10,3.60
2011.05.24 07:00:18.521,1.03033,1.03067,2.10,3.60
2011.05.24 07:00:19.122,1.03033,1.03067,2.10,3.60
2011.05.24 07:00:19.842,1.03033,1.03067,2.10,3.60
2011.05.24 07:00:20.609,1.03033,1.03067,2.10,3.60
2011.05.24 07:00:21.903,1.03033,1.03067,2.10,3.60
2011.05.24 07:00:22.018,1.03026,1.03066,1.73,2.10
2011.05.24 07:00:22.985,1.03024,1.03063,1.35,2.48
2011.05.24 07:00:23.101,1.03021,1.03062,1.35,3.08
2011.05.24 07:00:24.439,1.0302,1.0306,1.35,2.70
2011.05.24 07:00:24.769,1.03022,1.0306,1.35,2.70
2011.05.24 07:00:25.907,1.03022,1.0306,1.35,3.08
2011.05.24 07:00:26.018,1.03015,1.03059,2.70,1.73
2011.05.24 07:00:30.206,1.03019,1.0306,1.35,2.85
2011.05.24 07:00:31.027,1.03022,1.03058,1.35,2.10
2011.05.24 07:00:31.247,1.03022,1.0306,1.35,2.70
2011.05.24 07:00:31.811,1.03022,1.03065,1.73,3.45
2011.05.24 07:00:33.082,1.03022,1.03064,1.73,1.35
2011.05.24 07:00:34.288,1.03022,1.03059,1.35,2.10
2011.05.24 07:00:41.065,1.0302,1.03053,1.35,2.10
2011.05.24 07:00:41.638,1.03022,1.03057,1.35,2.70
2011.05.24 07:00:42.487,1.03025,1.03064,2.10,2.10
2011.05.24 07:00:43.477,1.03022,1.03059,2.70,2.10
2011.05.24 07:00:46.279,1.03023,1.03063,2.10,2.70
2011.05.24 07:00:46.390,1.0302,1.0306,2.70,2.10
2011.05.24 07:00:50.650,1.03019,1.03054,1.35,2.10
2011.05.24 07:00:50.980,1.03014,1.03047,2.10,2.10
2011.05.24 07:00:51.091,1.03008,1.03045,1.35,1.50
2011.05.24 07:00:51.319,1.03007,1.03043,1.35,2.10
2011.05.24 07:00:51.428,1.03007,1.03045,1.35,4.20
2011.05.24 07:00:51.537,1.03007,1.03043,1.35,2.10
2011.05.24 07:00:53.278,1.03005,1.03043,1.35,2.70
2011.05.24 07:00:54.709,1.03006,1.03043,1.73,2.10
2011.05.24 07:00:55.147,1.03006,1.03046,1.73,1.50
2011.05.24 07:00:55.698,1.03011,1.03047,1.13,1.50
2011.05.24 07:00:55.920,1.03011,1.03055,1.13,2.10
2011.05.24 07:00:56.027,1.03013,1.03056,1.35,2.70
2011.05.24 07:00:58.081,1.03018,1.03058,1.13,2.70
2011.05.24 07:00:58.458,1.03012,1.03057,1.73,2.70
2011.05.24 07:00:58.567,1.03013,1.03057,1.35,2.70
2011.05.24 07:00:58.896,1.03011,1.03057,1.73,2.70
2011.05.24 07:01:00.186,1.03013,1.03057,1.35,2.70
2011.05.24 07:01:00.519,1.03011,1.03052,1.73,2.10
2011.05.24 07:01:00.629,1.03009,1.03049,1.35,2.10
2011.05.24 07:01:00.739,1.03006,1.03048,1.88,2.10
2011.05.24 07:01:00.848,1.03002,1.03048,3.83,2.10
2011.05.24 07:01:02.039,1.03006,1.03048,1.13,2.10
2011.05.24 07:01:03.080,1.03006,1.0305,1.13,4.80
2011.05.24 07:01:03.851,1.03006,1.03048,1.13,2.10
2011.05.24 07:01:04.409,1.03002,1.03047,3.83,1.35
2011.05.24 07:01:04.846,1.03002,1.03043,3.23,2.10
2011.05.24 07:01:06.237,1.02997,1.03043,1.73,8.18
2011.05.24 07:01:07.479,1.02999,1.03043,1.35,7.43
2011.05.24 07:01:08.137,1.02999,1.03037,1.35,2.70
2011.05.24 07:01:08.687,1.03002,1.03043,1.13,8.40
2011.05.24 07:01:08.800,1.03002,1.03045,2.48,2.70
2011.05.24 07:01:09.456,1.03004,1.03048,2.48,2.70
2011.05.24 07:01:10.177,1.03007,1.03048,1.73,2.70
2011.05.24 07:01:10.288,1.03011,1.03053,2.48,1.35
2011.05.24 07:01:12.493,1.03012,1.03046,2.70,1.73
2011.05.24 07:01:12.827,1.03001,1.0304,3.45,2.10
2011.05.24 07:01:14.936,1.02999,1.03042,1.73,2.70
2011.05.24 07:01:15.267,1.02999,1.03042,4.20,2.70
2011.05.24 07:01:15.927,1.03001,1.03042,1.73,2.70
2011.05.24 07:01:16.541,1.03002,1.03043,3.45,2.70
2011.05.24 07:01:17.649,1.03004,1.03046,2.10,1.37
2011.05.24 07:01:17.978,1.03,1.03043,1.35,5.33
2011.05.24 07:01:18.529,1.02999,1.03037,2.70,1.35
2011.05.24 07:01:18.857,1.02999,1.03037,2.85,1.35
2011.05.24 07:01:19.190,1.02985,1.03027,2.48,2.85
2011.05.24 07:01:20.042,1.02983,1.0302,3.08,2.10
2011.05.24 07:01:20.599,1.02974,1.03012,3.45,2.10
2011.05.24 07:01:20.816,1.02974,1.03019,4.95,2.70
2011.05.24 07:01:23.673,1.02985,1.03021,2.48,2.10
2011.05.24 07:01:24.007,1.02989,1.03021,2.10,1.50
2011.05.24 07:01:24.229,1.0299,1.03023,3.23,2.10
2011.05.24 07:01:24.451,1.02991,1.03031,1.73,2.85
2011.05.24 07:01:25.228,1.02991,1.03029,2.10,2.48
2011.05.24 07:01:25.339,1.02987,1.03029,2.70,2.48
2011.05.24 07:01:26.228,1.02979,1.0302,1.35,2.10
2011.05.24 07:01:26.559,1.02979,1.03015,1.73,2.10
2011.05.24 07:01:27.598,1.02974,1.0301,3.08,2.10
2011.05.24 07:01:29.417,1.02974,1.03013,2.10,2.70
2011.05.24 07:01:30.042,1.02979,1.03017,2.10,2.10
2011.05.24 07:01:30.707,1.02979,1.03017,2.85,2.10
2011.05.24 07:01:31.037,1.02985,1.03026,2.10,3.08
2011.05.24 07:01:33.487,1.02989,1.03026,1.73,2.10
2011.05.24 07:01:33.598,1.02991,1.03031,1.13,2.10
2011.05.24 07:01:34.325,1.02991,1.03031,1.73,1.50
2011.05.24 07:01:35.207,1.02991,1.03032,1.73,2.10
2011.05.24 07:01:36.097,1.02997,1.03032,1.35,2.10
2011.05.24 07:01:36.318,1.03,1.03035,1.35,2.85
2011.05.24 07:01:36.428,1.02995,1.03036,3.45,2.10
2011.05.24 07:01:36.867,1.02995,1.03032,1.35,2.10
2011.05.24 07:01:37.416,1.02995,1.03032,1.35,2.10
2011.05.24 07:01:39.230,1.02992,1.03031,1.35,1.50
2011.05.24 07:01:39.342,1.02991,1.03026,1.35,2.10
2011.05.24 07:01:39.678,1.02983,1.03024,1.35,2.70
2011.05.24 07:01:40.860,1.02984,1.03024,1.73,2.70
2011.05.24 07:01:41.189,1.02988,1.03026,1.50,1.35
2011.05.24 07:01:41.299,1.02994,1.03027,1.35,1.50
2011.05.24 07:01:41.846,1.02993,1.03027,1.73,1.50
2011.05.24 07:01:42.488,1.02993,1.03027,1.73,1.50
2011.05.24 07:01:44.086,1.02989,1.03026,1.73,1.50
2011.05.24 07:01:44.747,1.02986,1.03027,1.73,1.50
2011.05.24 07:01:44.970,1.02984,1.03026,3.45,1.73
2011.05.24 07:01:45.301,1.02977,1.03022,3.83,2.70
2011.05.24 07:01:48.477,1.02978,1.0302,2.70,1.35
2011.05.24 07:01:49.031,1.02983,1.03022,1.35,2.70
2011.05.24 07:01:49.152,1.02986,1.03022,3.08,2.10
2011.05.24 07:01:49.600,1.02986,1.0303,2.70,3.83
2011.05.24 07:01:49.708,1.02986,1.0303,2.70,3.83
2011.05.24 07:01:50.677,1.02992,1.03033,2.48,2.10
2011.05.24 07:01:51.009,1.0299,1.03031,2.70,2.10
2011.05.24 07:01:52.929,1.02985,1.03024,1.35,2.10
2011.05.24 07:01:53.258,1.02983,1.03026,3.23,1.35
2011.05.24 07:01:53.916,1.02987,1.03032,3.08,2.70
2011.05.24 07:01:55.518,1.02986,1.03027,3.08,2.10
2011.05.24 07:01:59.536,1.02986,1.03029,1.73,3.45
2011.05.24 07:02:00.018,1.02988,1.03031,2.48,2.70
2011.05.24 07:02:02.178,1.02993,1.03037,4.20,2.48
2011.05.24 07:02:02.727,1.02993,1.03036,2.10,2.10
2011.05.24 07:02:03.936,1.02993,1.03037,2.10,5.33
2011.05.24 07:02:04.117,1.02993,1.03037,2.10,6.08
2011.05.24 07:02:05.156,1.02993,1.03036,2.10,1.50
2011.05.24 07:02:06.040,1.02993,1.03036,2.10,1.50
2011.05.24 07:02:06.667,1.02997,1.03036,3.45,1.50
2011.05.24 07:02:07.488,1.02997,1.03037,3.45,2.10
2011.05.24 07:02:08.145,1.02997,1.03037,3.45,2.85
2011.05.24 07:02:08.262,1.02999,1.03033,1.35,2.10
2011.05.24 07:02:10.459,1.03002,1.03036,1.35,3.60
2011.05.24 07:02:11.559,1.02999,1.03033,2.70,2.10
2011.05.24 07:02:12.858,1.02995,1.03026,2.10,2.10
2011.05.24 07:02:12.974,1.02992,1.03026,1.35,2.10
2011.05.24 07:02:13.310,1.02992,1.0303,1.35,2.10
2011.05.24 07:02:13.532,1.02992,1.03033,1.73,2.70
2011.05.24 07:02:13.869,1.02995,1.03035,1.73,2.10
2011.05.24 07:02:14.088,1.02995,1.0304,3.83,2.70
2011.05.24 07:02:15.190,1.03001,1.03043,2.10,2.48
2011.05.24 07:02:15.409,1.03,1.03044,4.58,2.70
2011.05.24 07:02:17.947,1.03004,1.03046,2.10,1.50
2011.05.24 07:02:18.277,1.03004,1.03044,2.10,2.85
2011.05.24 07:02:18.720,1.0301,1.03045,2.10,2.10
2011.05.24 07:02:19.160,1.03016,1.03045,2.10,2.10
2011.05.24 07:02:19.598,1.03018,1.03049,1.35,2.10
2011.05.24 07:02:19.708,1.03018,1.03057,1.35,3.62
2011.05.24 07:02:20.938,1.0302,1.03056,2.10,2.27
2011.05.24 07:02:24.738,1.03021,1.03055,1.35,1.35
2011.05.24 07:02:25.362,1.03015,1.03051,3.45,2.10
2011.05.24 07:02:26.139,1.03015,1.03051,1.35,2.10
2011.05.24 07:02:29.537,1.03017,1.03053,1.35,1.35
2011.05.24 07:02:33.366,1.03012,1.0305,1.35,2.10
2011.05.24 07:02:35.618,1.03006,1.03044,1.35,2.10
2011.05.24 07:02:38.727,1.03003,1.03047,3.83,2.70
2011.05.24 07:02:39.167,1.03007,1.0305,1.73,2.70
2011.05.24 07:02:39.496,1.03008,1.03051,1.35,2.70
2011.05.24 07:02:39.937,1.03012,1.03053,1.73,2.70
2011.05.24 07:02:40.377,1.03016,1.03054,2.10,2.10
2011.05.24 07:02:41.667,1.03016,1.03057,2.85,5.12
2011.05.24 07:02:42.637,1.03016,1.03056,1.35,1.35
2011.05.24 07:02:42.857,1.03015,1.03051,2.10,2.10
2011.05.24 07:02:42.969,1.03016,1.03057,1.73,3.02
2011.05.24 07:02:43.189,1.03017,1.03056,2.48,1.37
2011.05.24 07:02:43.298,1.03016,1.03056,1.35,1.74
2011.05.24 07:02:43.627,1.03013,1.03051,1.73,2.10
2011.05.24 07:02:43.846,1.03013,1.03055,1.73,2.70
2011.05.24 07:02:45.126,1.03016,1.03055,1.35,2.70
2011.05.24 07:02:58.507,1.03015,1.03056,3.08,1.35
2011.05.24 07:02:59.263,1.03016,1.03056,1.35,1.35
2011.05.24 07:03:01.578,1.03017,1.03056,2.85,1.35
2011.05.24 07:03:02.018,1.03017,1.03056,2.85,1.35
2011.05.24 07:03:03.008,1.0302,1.03056,1.13,2.10
2011.05.24 07:03:03.557,1.03021,1.03057,1.35,2.10
2011.05.24 07:03:03.667,1.03021,1.03057,1.35,2.10
2011.05.24 07:03:09.046,1.03014,1.03057,2.70,2.48
2011.05.24 07:03:10.358,1.03014,1.03056,3.45,1.73
2011.05.24 07:03:11.847,1.03014,1.03056,3.45,2.85
2011.05.24 07:03:11.957,1.03012,1.03053,2.70,1.73
2011.05.24 07:03:13.916,1.03009,1.03049,4.20,2.10
2011.05.24 07:03:16.338,1.03015,1.03049,2.10,2.85
2011.05.24 07:03:16.668,1.03025,1.03052,2.10,2.10
2011.05.24 07:03:16.777,1.03025,1.03064,2.10,2.85
2011.05.24 07:03:20.338,1.03032,1.03075,2.70,2.10
2011.05.24 07:03:20.448,1.03031,1.03074,1.73,2.70
2011.05.24 07:03:21.437,1.03034,1.03077,1.35,2.10
2011.05.24 07:03:22.019,1.03032,1.0307,1.35,2.10
2011.05.24 07:03:22.237,1.03026,1.0307,1.73,2.70
2011.05.24 07:03:23.117,1.03027,1.03071,2.10,3.08
2011.05.24 07:03:23.226,1.03027,1.03071,2.48,2.70
2011.05.24 07:03:25.517,1.03032,1.0307,1.35,2.10
2011.05.24 07:03:25.626,1.0303,1.0307,1.35,2.70
2011.05.24 07:03:26.338,1.03026,1.0307,1.73,2.70
2011.05.24 07:03:26.776,1.03025,1.03065,1.35,2.70
2011.05.24 07:03:27.108,1.03026,1.03065,1.35,2.10
2011.05.24 07:03:27.699,1.03026,1.03068,1.35,2.70
2011.05.24 07:03:31.021,1.03027,1.03064,1.35,2.10
2011.05.24 07:03:31.250,1.03021,1.03064,1.35,2.70
2011.05.24 07:03:31.688,1.03017,1.0306,4.20,2.48
2011.05.24 07:03:32.239,1.03016,1.03055,1.35,2.70
2011.05.24 07:03:33.387,1.03016,1.03059,1.73,2.70
2011.05.24 07:03:35.187,1.03021,1.03061,1.35,2.70
2011.05.24 07:03:36.910,1.03022,1.03064,2.10,1.35
2011.05.24 07:03:37.023,1.03022,1.03064,1.35,2.70
2011.05.24 07:03:37.138,1.03022,1.03064,1.35,2.10
2011.05.24 07:03:37.361,1.03025,1.03066,2.70,2.10
2011.05.24 07:03:37.590,1.03029,1.03067,1.13,2.10
2011.05.24 07:03:37.807,1.03027,1.03066,1.35,1.35
2011.05.24 07:03:38.465,1.0303,1.03071,3.45,1.35
2011.05.24 07:03:38.578,1.0303,1.03073,3.45,1.35
2011.05.24 07:03:39.397,1.03031,1.03075,2.48,2.10
2011.05.24 07:03:39.507,1.03032,1.03077,3.83,2.70
2011.05.24 07:03:40.076,1.03033,1.03078,2.70,3.08
2011.05.24 07:03:40.667,1.0303,1.03076,2.70,2.48
2011.05.24 07:03:44.147,1.03031,1.03075,2.85,2.10
2011.05.24 07:03:44.258,1.03029,1.03074,1.13,2.70
2011.05.24 07:03:44.838,1.03026,1.03069,2.85,2.10
2011.05.24 07:03:45.167,1.03016,1.0306,2.85,3.08
2011.05.24 07:03:45.387,1.03017,1.0306,1.35,3.08
2011.05.24 07:03:45.937,1.03021,1.03064,3.45,1.73
2011.05.24 07:03:47.199,1.03017,1.03061,1.35,3.08
2011.05.24 07:03:48.987,1.03021,1.03064,4.58,1.35
2011.05.24 07:03:53.168,1.03019,1.03063,3.08,2.70
2011.05.24 07:03:53.586,1.03016,1.03053,3.45,3.45
2011.05.24 07:03:54.136,1.0301,1.03052,2.10,3.08
2011.05.24 07:03:54.794,1.03006,1.03052,1.73,3.08
2011.05.24 07:03:56.497,1.03007,1.03052,2.10,3.08
2011.05.24 07:03:56.892,1.03007,1.03051,2.10,1.13
2011.05.24 07:03:57.117,1.03012,1.03052,1.35,3.08
2011.05.24 07:03:57.231,1.03012,1.03056,3.98,3.45
2011.05.24 07:03:57.557,1.03017,1.03058,2.10,2.10
2011.05.24 07:03:57.777,1.03017,1.0306,2.10,2.70
2011.05.24 07:03:58.728,1.03017,1.03058,2.10,2.10
2011.05.24 07:03:58.948,1.03015,1.03057,2.10,2.70
2011.05.24 07:03:59.276,1.03014,1.03059,2.48,3.45
2011.05.24 07:04:01.256,1.03016,1.03059,3.45,1.35
2011.05.24 07:04:02.469,1.03013,1.03053,2.10,1.73
2011.05.24 07:04:02.580,1.03009,1.03053,2.70,1.73
2011.05.24 07:04:06.978,1.03019,1.03052,2.48,2.10
2011.05.24 07:04:07.420,1.03025,1.03068,1.73,3.45
2011.05.24 07:04:08.057,1.03026,1.03073,3.08,4.58
2011.05.24 07:04:10.627,1.03024,1.03068,1.73,4.20
2011.05.24 07:04:12.630,1.03026,1.03068,1.73,4.20
2011.05.24 07:04:12.958,1.03027,1.03068,4.58,2.10
2011.05.24 07:04:14.159,1.03027,1.03067,1.13,2.70
2011.05.24 07:04:14.851,1.03026,1.0307,2.70,4.58
2011.05.24 07:04:16.018,1.03031,1.03073,2.85,2.10
2011.05.24 07:04:16.348,1.03038,1.03073,2.48,2.10
2011.05.24 07:04:16.898,1.03041,1.03081,2.10,2.10
2011.05.24 07:04:22.758,1.03036,1.03075,1.35,2.10
2011.05.24 07:04:22.977,1.03032,1.03071,3.45,2.48
2011.05.24 07:04:23.307,1.03029,1.03066,1.35,2.10
2011.05.24 07:04:24.186,1.03029,1.03066,1.35,2.10
2011.05.24 07:04:25.126,1.03029,1.03066,1.35,2.10
2011.05.24 07:04:26.087,1.03027,1.03066,3.45,2.10
2011.05.24 07:04:26.197,1.03027,1.03061,2.85,2.10
2011.05.24 07:04:26.859,1.03022,1.03061,2.70,2.10
2011.05.24 07:04:27.409,1.03022,1.03056,2.10,2.10
2011.05.24 07:04:27.853,1.03017,1.03056,3.45,2.10
2011.05.24 07:04:28.627,1.03017,1.03051,1.35,2.10
2011.05.24 07:04:29.547,1.03016,1.03056,1.35,2.10
2011.05.24 07:04:30.428,1.0302,1.0305,2.48,2.10
2011.05.24 07:04:30.540,1.03011,1.0305,2.10,2.10
2011.05.24 07:04:30.761,1.03007,1.03048,2.10,2.10
2011.05.24 07:04:34.699,1.03012,1.03051,2.10,2.48
2011.05.24 07:04:39.397,1.03006,1.03049,1.73,3.45
2011.05.24 07:04:57.147,1.03006,1.03046,1.13,2.10
2011.05.24 07:04:57.369,1.03001,1.03046,3.45,4.20
2011.05.24 07:04:58.063,1.03008,1.03046,2.10,2.70
2011.05.24 07:04:58.178,1.03008,1.03046,2.70,2.70
2011.05.24 07:05:00.698,1.03005,1.03047,1.13,2.70
2011.05.24 07:05:00.809,1.03003,1.03047,3.08,2.70
2011.05.24 07:05:00.917,1.03003,1.03047,2.70,3.08
2011.05.24 07:05:01.891,1.03004,1.03048,2.10,3.83
2011.05.24 07:05:02.449,1.03001,1.03041,1.73,2.10
2011.05.24 07:05:02.557,1.03001,1.03041,2.10,2.10
2011.05.24 07:05:03.107,1.03006,1.03049,2.10,3.23
2011.05.24 07:05:05.860,1.03002,1.03039,2.70,2.10
2011.05.24 07:05:07.216,1.03007,1.03039,2.10,2.10
2011.05.24 07:05:07.439,1.03007,1.03047,2.10,2.10
2011.05.24 07:05:07.659,1.03009,1.03047,2.10,2.10
2011.05.24 07:05:07.989,1.03007,1.03042,4.20,2.48
2011.05.24 07:05:08.100,1.03002,1.03046,2.70,4.20
2011.05.24 07:05:08.208,1.03002,1.03046,2.70,4.20
2011.05.24 07:05:09.589,1.03006,1.03049,2.48,1.35
2011.05.24 07:05:10.219,1.03007,1.03049,2.10,1.35
2011.05.24 07:05:10.878,1.03006,1.03048,2.48,1.35
2011.05.24 07:05:11.547,1.03008,1.03048,2.10,1.35
2011.05.24 07:05:12.486,1.03006,1.03048,2.48,1.35
2011.05.24 07:05:12.597,1.03006,1.03048,3.08,1.35
2011.05.24 07:05:15.818,1.03009,1.03051,2.10,1.73
2011.05.24 07:05:15.926,1.03009,1.03052,2.10,3.08
2011.05.24 07:05:17.747,1.03009,1.0305,2.10,2.10
2011.05.24 07:05:18.407,1.03006,1.03049,3.45,2.10
2011.05.24 07:05:18.738,1.03002,1.03045,1.50,2.48
2011.05.24 07:05:18.847,1.03001,1.03043,2.70,1.73
2011.05.24 07:05:19.981,1.03002,1.03043,2.10,1.35
2011.05.24 07:05:20.778,1.03,1.03043,3.45,1.73
2011.05.24 07:05:23.537,1.03008,1.03045,2.10,2.10
2011.05.24 07:05:23.646,1.03008,1.03049,2.10,1.73
2011.05.24 07:05:24.087,1.03008,1.03049,2.70,1.35
2011.05.24 07:05:24.771,1.03006,1.0305,2.70,4.20
2011.05.24 07:05:26.387,1.03002,1.03047,2.48,3.08
2011.05.24 07:05:26.937,1.02996,1.03042,3.08,3.08
2011.05.24 07:05:27.158,1.03001,1.03046,3.08,1.13
2011.05.24 07:05:27.486,1.02999,1.03044,3.08,2.85
2011.05.24 07:05:27.597,1.02997,1.03041,1.73,2.10
2011.05.24 07:05:27.817,1.02997,1.03044,3.83,2.85
2011.05.24 07:05:28.037,1.02996,1.03043,2.70,3.83
2011.05.24 07:05:28.699,1.02994,1.03041,3.83,2.70
2011.05.24 07:05:29.246,1.0299,1.03037,3.83,2.48
2011.05.24 07:05:30.029,1.0299,1.03037,2.48,3.08
2011.05.24 07:05:31.000,1.02992,1.03037,2.48,2.70
2011.05.24 07:05:31.218,1.02991,1.03036,2.48,3.08
2011.05.24 07:05:31.437,1.02991,1.03036,5.70,2.10
2011.05.24 07:05:32.437,1.02993,1.03037,1.73,2.10
2011.05.24 07:05:32.777,1.02994,1.03037,1.35,3.08
2011.05.24 07:05:34.808,1.02988,1.03032,3.23,2.10
2011.05.24 07:05:35.136,1.02989,1.0303,1.13,2.70
2011.05.24 07:05:35.247,1.02988,1.0303,1.35,2.70
2011.05.24 07:05:35.468,1.02986,1.0303,2.70,3.08
2011.05.24 07:05:35.797,1.02983,1.03027,2.70,3.45
2011.05.24 07:05:36.129,1.02978,1.03024,3.45,3.83
2011.05.24 07:05:37.161,1.02986,1.03024,2.48,2.10
2011.05.24 07:05:37.273,1.02989,1.03026,1.73,1.50
2011.05.24 07:05:37.719,1.0299,1.03027,1.35,1.50
2011.05.24 07:05:37.939,1.02991,1.03037,3.08,2.10
2011.05.24 07:05:38.160,1.02991,1.03038,3.08,2.70
2011.05.24 07:05:38.927,1.02992,1.03032,1.73,2.10
2011.05.24 07:05:39.479,1.0299,1.03027,3.23,2.10
2011.05.24 07:05:39.808,1.02989,1.03027,1.73,2.10
2011.05.24 07:05:39.918,1.0299,1.03027,3.23,2.10
2011.05.24 07:05:40.687,1.02985,1.03027,1.73,2.70
2011.05.24 07:05:40.798,1.02984,1.03019,1.73,2.10
2011.05.24 07:05:41.320,1.02981,1.03021,1.35,2.10
2011.05.24 07:05:41.427,1.02981,1.03017,1.35,2.10
2011.05.24 07:05:41.759,1.02981,1.03023,1.35,2.70
2011.05.24 07:05:41.980,1.02985,1.0302,2.10,2.10
2011.05.24 07:05:42.089,1.02988,1.03026,1.13,3.45
2011.05.24 07:05:42.308,1.02989,1.03026,1.73,2.10
2011.05.24 07:05:42.419,1.02989,1.03028,1.35,2.70
2011.05.24 07:05:42.968,1.02994,1.03034,2.48,2.10
2011.05.24 07:05:43.078,1.02994,1.03036,2.48,3.60
2011.05.24 07:05:43.407,1.02989,1.03033,1.73,2.70
2011.05.24 07:05:46.197,1.02987,1.03032,4.58,3.83
2011.05.24 07:05:48.946,1.02987,1.03028,1.73,1.35
2011.05.24 07:05:51.178,1.02988,1.0303,2.10,2.48
2011.05.24 07:05:51.728,1.02987,1.03029,2.70,1.35
2011.05.24 07:05:52.057,1.02988,1.03029,2.70,1.35
2011.05.24 07:05:53.086,1.02989,1.03033,4.58,1.35
2011.05.24 07:05:53.419,1.02989,1.03027,2.48,2.85
2011.05.24 07:05:53.640,1.02986,1.03027,2.85,2.10
2011.05.24 07:05:53.752,1.02986,1.03029,2.48,2.10
2011.05.24 07:05:54.307,1.02986,1.03031,2.48,2.70
2011.05.24 07:05:55.907,1.02992,1.03031,1.35,2.85
2011.05.24 07:05:56.017,1.02992,1.03031,1.35,2.10
2011.05.24 07:05:56.128,1.02994,1.03033,3.08,2.70
2011.05.24 07:05:57.897,1.02993,1.03033,2.48,2.10
2011.05.24 07:05:58.227,1.02993,1.03027,2.70,1.50
2011.05.24 07:05:58.337,1.02993,1.03032,2.70,2.10
2011.05.24 07:05:58.558,1.02989,1.03026,3.08,2.10
2011.05.24 07:05:58.668,1.02991,1.03032,1.35,2.70
2011.05.24 07:05:59.108,1.02991,1.0303,2.85,2.48
2011.05.24 07:05:59.714,1.02987,1.03024,2.10,2.70
2011.05.24 07:06:00.226,1.02981,1.03022,2.10,2.70
2011.05.24 07:06:00.338,1.02981,1.0302,1.73,2.10
2011.05.24 07:06:00.447,1.02984,1.03023,2.48,2.10
2011.05.24 07:06:00.557,1.02984,1.03026,2.48,2.10
2011.05.24 07:06:02.467,1.02984,1.03027,2.48,4.20
2011.05.24 07:06:03.239,1.0298,1.03013,1.13,2.10
2011.05.24 07:06:03.568,1.02973,1.03011,1.73,2.10
2011.05.24 07:06:03.898,1.02972,1.03016,3.98,4.20
2011.05.24 07:06:04.118,1.02979,1.03016,2.10,1.50
2011.05.24 07:06:05.000,1.02983,1.03016,2.10,1.50
2011.05.24 07:06:06.245,1.02989,1.03029,2.70,1.35
2011.05.24 07:06:06.471,1.02987,1.03031,3.08,3.60
2011.05.24 07:06:06.591,1.02991,1.03032,2.70,1.35
2011.05.24 07:06:07.028,1.02991,1.03032,2.70,3.08
2011.05.24 07:06:07.361,1.02991,1.03031,2.10,1.35
2011.05.24 07:06:07.808,1.02986,1.03028,1.35,1.35
2011.05.24 07:06:09.477,1.02984,1.03028,3.83,1.35
2011.05.24 07:06:09.950,1.02988,1.0303,5.18,1.35
2011.05.24 07:06:10.064,1.02994,1.03032,2.70,1.50
2011.05.24 07:06:10.399,1.02994,1.03031,2.10,2.10
2011.05.24 07:06:10.619,1.02992,1.03031,2.10,1.35
2011.05.24 07:06:10.949,1.02988,1.0303,2.70,1.73
2011.05.24 07:06:11.499,1.02985,1.03025,2.70,1.35
2011.05.24 07:06:11.828,1.02985,1.03026,2.70,1.73
2011.05.24 07:06:12.049,1.02988,1.03031,2.70,3.08
2011.05.24 07:06:12.158,1.0299,1.03031,2.70,2.70
2011.05.24 07:06:14.819,1.02992,1.03034,2.70,1.13
2011.05.24 07:06:15.149,1.02995,1.03033,2.10,3.23
2011.05.24 07:06:15.258,1.02991,1.03033,2.10,3.23
2011.05.24 07:06:15.477,1.02988,1.03033,3.08,5.33
2011.05.24 07:06:15.587,1.02988,1.03033,2.48,3.83
2011.05.24 07:06:15.918,1.02987,1.03027,2.70,2.48
2011.05.24 07:06:18.917,1.02982,1.03022,2.10,2.10
2011.05.24 07:06:19.430,1.02976,1.03022,2.70,4.95
2011.05.24 07:06:19.759,1.02972,1.03019,4.58,3.83
2011.05.24 07:06:19.978,1.02977,1.03021,3.08,3.45
2011.05.24 07:06:20.198,1.02976,1.03019,2.85,2.48
2011.05.24 07:06:24.148,1.02976,1.03018,4.20,1.13
2011.05.24 07:06:26.217,1.02974,1.03016,1.35,1.35
2011.05.24 07:06:26.944,1.0298,1.03021,2.10,1.50
2011.05.24 07:06:27.058,1.0298,1.03023,2.48,2.70
2011.05.24 07:06:27.169,1.02989,1.03027,2.10,4.35
2011.05.24 07:06:27.387,1.02985,1.03023,2.70,3.08
2011.05.24 07:06:27.608,1.0298,1.03023,2.10,4.58
2011.05.24 07:06:27.828,1.0298,1.03017,2.10,2.10
2011.05.24 07:06:28.157,1.02974,1.03017,1.73,4.20
2011.05.24 07:06:28.267,1.02979,1.03017,2.10,2.10
2011.05.24 07:06:29.289,1.02975,1.03021,3.08,2.70
2011.05.24 07:06:30.842,1.02972,1.03012,2.10,2.48
2011.05.24 07:06:30.957,1.02971,1.03012,2.70,2.48
2011.05.24 07:06:32.688,1.02975,1.03013,2.10,1.13
2011.05.24 07:06:32.798,1.02975,1.03015,2.48,2.10
2011.05.24 07:06:32.908,1.02979,1.0302,2.10,2.85
2011.05.24 07:06:33.677,1.02979,1.03021,2.10,2.48
2011.05.24 07:06:33.787,1.02979,1.03018,2.10,2.10
2011.05.24 07:06:35.695,1.02979,1.03018,2.10,3.60
2011.05.24 07:06:36.095,1.02979,1.03017,2.10,1.50
2011.05.24 07:06:36.910,1.02972,1.03014,2.48,1.35
2011.05.24 07:06:37.738,1.02976,1.03017,2.10,1.50
2011.05.24 07:06:38.288,1.02977,1.03016,2.70,2.10
2011.05.24 07:06:38.506,1.02977,1.03023,2.70,5.18
2011.05.24 07:06:39.337,1.02977,1.03021,2.10,2.70
2011.05.24 07:06:39.796,1.02977,1.03017,2.10,2.10
2011.05.24 07:06:40.019,1.02967,1.03011,2.10,3.08
2011.05.24 07:06:40.238,1.02967,1.03011,3.45,2.48
2011.05.24 07:06:40.788,1.0297,1.03012,2.70,2.48
2011.05.24 07:06:42.698,1.0297,1.03012,2.10,3.08
2011.05.24 07:06:43.281,1.02968,1.03012,2.10,5.18
2011.05.24 07:06:43.607,1.02965,1.03011,2.85,3.08
2011.05.24 07:06:45.177,1.02965,1.03009,3.23,1.35
2011.05.24 07:06:45.287,1.02966,1.03009,3.08,1.35
2011.05.24 07:06:46.058,1.02968,1.03009,2.10,1.35
2011.05.24 07:06:46.752,1.02966,1.03009,3.83,1.35
2011.05.24 07:06:47.438,1.02966,1.03012,4.58,2.70
2011.05.24 07:06:47.768,1.02966,1.03012,3.83,2.70
2011.05.24 07:06:48.879,1.02967,1.0301,1.35,2.70
2011.05.24 07:06:49.099,1.02972,1.03012,3.08,2.10
2011.05.24 07:06:49.317,1.02972,1.03017,4.58,2.48
2011.05.24 07:06:50.419,1.02973,1.03018,2.70,3.83
2011.05.24 07:06:50.731,1.02973,1.03016,2.70,1.73
2011.05.24 07:06:51.308,1.0297,1.03012,2.70,2.10
2011.05.24 07:06:52.222,1.02965,1.03008,3.45,1.13
2011.05.24 07:06:52.778,1.02969,1.03013,2.70,5.93
2011.05.24 07:06:53.957,1.02965,1.03008,1.73,2.10
2011.05.24 07:06:54.398,1.0297,1.03008,1.73,2.10
2011.05.24 07:06:54.509,1.0297,1.03014,1.73,2.85
2011.05.24 07:06:54.729,1.0297,1.03012,2.70,1.50
2011.05.24 07:06:54.950,1.02969,1.03011,2.10,2.85
2011.05.24 07:06:55.169,1.02969,1.03008,2.10,2.10
2011.05.24 07:06:55.278,1.02965,1.03008,3.23,2.10
2011.05.24 07:06:55.389,1.02965,1.03011,5.33,2.70
2011.05.24 07:06:56.118,1.02965,1.0301,5.33,1.35
2011.05.24 07:06:56.717,1.02965,1.03008,2.10,3.23
2011.05.24 07:06:57.728,1.02966,1.03008,1.73,2.85
2011.05.24 07:06:58.059,1.0297,1.03012,2.10,4.58
2011.05.24 07:06:58.837,1.0297,1.03007,2.48,1.50
2011.05.24 07:06:59.060,1.02969,1.03006,1.35,1.50
2011.05.24 07:07:00.138,1.02964,1.03006,2.10,1.88
2011.05.24 07:07:00.249,1.02961,1.03003,2.10,1.73
2011.05.24 07:07:01.300,1.02961,1.02999,2.10,2.10
2011.05.24 07:07:01.579,1.02957,1.02999,1.73,2.70
2011.05.24 07:07:02.348,1.02962,1.02998,2.10,2.10
2011.05.24 07:07:02.979,1.02962,1.03003,2.10,2.10
2011.05.24 07:07:04.018,1.02962,1.03005,2.10,2.70
2011.05.24 07:07:04.347,1.02962,1.03002,2.85,2.10
2011.05.24 07:07:07.269,1.02962,1.03004,2.48,2.85
2011.05.24 07:07:07.710,1.02967,1.03006,1.73,2.85
2011.05.24 07:07:07.929,1.02963,1.03006,2.85,3.45
2011.05.24 07:07:08.369,1.02963,1.03002,2.10,2.10
2011.05.24 07:07:09.006,1.02967,1.02998,2.48,2.10
2011.05.24 07:07:09.340,1.02973,1.02999,2.10,2.10
2011.05.24 07:07:11.388,1.02973,1.03001,2.10,2.10
2011.05.24 07:07:11.498,1.02973,1.03014,2.10,2.70
2011.05.24 07:07:13.035,1.02973,1.03014,2.10,3.45
2011.05.24 07:07:13.999,1.02969,1.0301,1.35,2.10
2011.05.24 07:07:14.109,1.02967,1.03008,1.35,2.10
2011.05.24 07:07:14.611,1.02967,1.03008,1.35,2.70
2011.05.24 07:07:16.097,1.02967,1.03008,2.85,2.85
2011.05.24 07:07:16.318,1.02971,1.03012,1.73,3.45
2011.05.24 07:07:16.539,1.02967,1.03007,2.85,2.10
2011.05.24 07:07:16.758,1.02967,1.03007,1.35,2.70
2011.05.24 07:07:21.938,1.02964,1.03004,1.35,2.10
2011.05.24 07:07:22.567,1.02962,1.03004,1.13,2.70
2011.05.24 07:07:22.677,1.0296,1.03004,1.35,3.83
2011.05.24 07:07:23.557,1.02964,1.03004,2.10,2.48
2011.05.24 07:07:24.348,1.02964,1.03004,2.70,1.13
2011.05.24 07:07:24.459,1.02964,1.03006,2.70,1.35
2011.05.24 07:07:24.678,1.02964,1.03005,2.70,1.35
2011.05.24 07:07:27.128,1.02966,1.03008,1.73,2.70
2011.05.24 07:07:27.459,1.02967,1.03011,2.70,3.45
2011.05.24 07:07:28.827,1.02968,1.03011,2.70,2.10
2011.05.24 07:07:29.208,1.02971,1.03011,1.50,1.35
2011.05.24 07:07:29.537,1.02972,1.03011,3.83,1.52
2011.05.24 07:07:31.868,1.02977,1.03012,1.73,5.12
2011.05.24 07:07:32.089,1.02979,1.03017,1.50,2.10
2011.05.24 07:07:32.200,1.02979,1.0302,1.35,2.10
2011.05.24 07:07:32.418,1.02978,1.03022,2.85,2.48
2011.05.24 07:07:32.708,1.02978,1.03019,2.10,2.10
2011.05.24 07:07:33.051,1.02978,1.03015,2.10,2.10
2011.05.24 07:07:33.159,1.02976,1.03015,1.73,2.10
2011.05.24 07:07:33.268,1.02976,1.03017,1.73,2.10
2011.05.24 07:07:33.878,1.02976,1.03019,2.48,1.35
2011.05.24 07:07:46.107,1.02976,1.03018,1.35,1.73
2011.05.24 07:07:46.219,1.02974,1.03011,1.35,2.48
2011.05.24 07:07:46.804,1.02972,1.03005,2.10,2.10
2011.05.24 07:07:46.919,1.02972,1.0301,2.10,2.10
2011.05.24 07:07:48.618,1.02964,1.03007,3.83,2.10
2011.05.24 07:07:49.171,1.02962,1.03004,1.35,2.70
2011.05.24 07:07:49.500,1.02958,1.03001,2.70,1.35
2011.05.24 07:07:50.378,1.02953,1.02996,1.35,2.48
2011.05.24 07:07:52.339,1.02955,1.02996,1.35,2.48
2011.05.24 07:07:52.810,1.02957,1.02998,1.35,3.83
2011.05.24 07:07:53.031,1.02962,1.03001,2.10,1.35
2011.05.24 07:07:53.361,1.02966,1.03006,2.10,2.10
2011.05.24 07:07:53.908,1.02966,1.03007,2.48,2.70
2011.05.24 07:07:54.020,1.02965,1.03008,3.23,2.10
2011.05.24 07:07:54.129,1.02965,1.0301,3.23,2.10
2011.05.24 07:07:54.798,1.02967,1.03008,1.73,2.10
2011.05.24 07:07:55.021,1.02967,1.03009,1.73,2.70
2011.05.24 07:07:55.451,1.02963,1.03007,2.70,1.35
2011.05.24 07:07:55.671,1.02962,1.03005,1.35,2.70
2011.05.24 07:07:55.781,1.02967,1.03009,2.10,2.48
2011.05.24 07:07:56.290,1.02967,1.03002,4.20,1.35
2011.05.24 07:07:56.429,1.02966,1.03002,2.10,1.73
2011.05.24 07:07:56.998,1.02966,1.03007,2.70,2.10
2011.05.24 07:07:57.153,1.02966,1.03007,2.70,1.35
2011.05.24 07:07:57.600,1.02966,1.03009,2.10,3.08
2011.05.24 07:07:57.818,1.02962,1.03006,3.45,2.10
2011.05.24 07:07:57.929,1.02965,1.03006,1.35,2.10
2011.05.24 07:07:58.042,1.02968,1.0301,3.08,1.35
2011.05.24 07:07:58.699,1.02966,1.03006,1.13,2.10
2011.05.24 07:07:59.274,1.02965,1.03009,3.08,2.70
2011.05.24 07:08:04.100,1.02963,1.03006,2.70,1.35
2011.05.24 07:08:04.524,1.02963,1.03,2.10,1.73
2011.05.24 07:08:04.643,1.02963,1.02998,2.10,2.48
2011.05.24 07:08:04.759,1.02956,1.02997,1.35,2.48
2011.05.24 07:08:07.074,1.02952,1.02997,2.85,3.23
2011.05.24 07:08:07.395,1.02952,1.02993,1.35,1.35
2011.05.24 07:08:07.949,1.02952,1.02992,1.35,2.10
2011.05.24 07:08:08.749,1.02951,1.0299,1.35,2.10
2011.05.24 07:08:09.079,1.02951,1.0299,1.35,2.70
2011.05.24 07:08:09.692,1.0295,1.02993,2.10,3.23
2011.05.24 07:08:10.258,1.02951,1.02994,2.48,2.70
2011.05.24 07:08:10.590,1.02951,1.02992,1.35,2.10
2011.05.24 07:08:11.030,1.02946,1.02991,2.48,2.70
2011.05.24 07:08:15.239,1.02947,1.02992,4.58,3.45
2011.05.24 07:08:15.740,1.02947,1.02992,4.58,2.70
2011.05.24 07:08:16.491,1.02954,1.02992,2.10,2.10
2011.05.24 07:08:17.040,1.02954,1.02994,2.10,2.85
2011.05.24 07:08:17.367,1.02947,1.02992,4.58,2.70
2011.05.24 07:08:18.850,1.02949,1.02992,1.35,2.70
2011.05.24 07:08:19.376,1.0295,1.02993,1.35,2.85
2011.05.24 07:08:19.493,1.0295,1.02993,1.35,3.45
2011.05.24 07:08:20.419,1.02947,1.02989,1.50,1.35
2011.05.24 07:08:20.529,1.02945,1.02989,1.34,1.35
2011.05.24 07:08:21.639,1.02942,1.02984,2.70,1.73
2011.05.24 07:08:21.749,1.02942,1.02983,2.70,1.35
2011.05.24 07:08:22.922,1.02941,1.02984,2.70,1.13
2011.05.24 07:08:23.840,1.02945,1.02989,3.08,1.35
2011.05.24 07:08:23.953,1.02946,1.02988,2.10,3.23
2011.05.24 07:08:24.292,1.02939,1.0298,2.10,2.48
2011.05.24 07:08:24.622,1.02936,1.02981,2.10,1.73
2011.05.24 07:08:24.840,1.02937,1.02981,2.70,2.10
2011.05.24 07:08:24.948,1.02937,1.02977,2.10,1.73
2011.05.24 07:08:25.059,1.0294,1.02977,2.10,1.73
2011.05.24 07:08:25.499,1.02937,1.02979,2.10,1.73
2011.05.24 07:08:25.829,1.02935,1.0298,3.08,4.58
2011.05.24 07:08:25.940,1.02937,1.0298,2.10,2.48
2011.05.24 07:08:26.546,1.02939,1.0298,2.10,2.48
2011.05.24 07:08:26.654,1.02936,1.0298,2.10,5.33
2011.05.24 07:08:27.178,1.02937,1.0298,2.10,3.23
2011.05.24 07:08:27.508,1.02938,1.02981,2.70,5.33
2011.05.24 07:08:28.108,1.02939,1.02975,2.70,1.35
2011.05.24 07:08:30.500,1.02948,1.02982,2.10,2.85
2011.05.24 07:08:30.723,1.02953,1.02987,2.10,2.10
2011.05.24 07:08:30.842,1.02953,1.02991,2.10,2.10
2011.05.24 07:08:32.080,1.02953,1.02998,2.10,3.83
2011.05.24 07:08:34.031,1.02953,1.02996,2.10,1.13
2011.05.24 07:08:34.728,1.02955,1.02998,2.70,1.73
2011.05.24 07:08:34.949,1.02957,1.02998,2.70,1.35
2011.05.24 07:08:35.720,1.02951,1.02993,3.08,1.35
2011.05.24 07:08:36.970,1.02944,1.02984,1.35,2.70
2011.05.24 07:08:38.289,1.02946,1.02982,2.10,2.70
2011.05.24 07:08:38.620,1.02951,1.02988,2.10,1.35
2011.05.24 07:08:39.168,1.02951,1.0299,2.10,2.85
2011.05.24 07:08:39.282,1.02951,1.0299,2.10,2.10
2011.05.24 07:08:39.390,1.02955,1.02993,1.35,1.50
2011.05.24 07:08:39.500,1.02955,1.02994,1.35,2.10
2011.05.24 07:08:39.720,1.02958,1.02999,4.20,2.10
2011.05.24 07:08:40.275,1.02955,1.02997,2.10,2.48
2011.05.24 07:08:40.828,1.02953,1.02995,2.10,2.48
2011.05.24 07:08:41.377,1.02948,1.02993,2.70,3.83
2011.05.24 07:08:41.489,1.02951,1.02993,2.10,3.83
2011.05.24 07:08:41.710,1.02947,1.0299,1.73,2.70
2011.05.24 07:08:41.931,1.02959,1.02993,1.35,2.85
2011.05.24 07:08:42.041,1.02958,1.03001,2.48,2.10
2011.05.24 07:08:42.479,1.02961,1.03006,2.48,2.10
2011.05.24 07:08:43.128,1.02961,1.03005,2.48,2.10
2011.05.24 07:08:43.922,1.02963,1.03008,3.83,2.70
2011.05.24 07:08:44.029,1.02961,1.03006,2.10,2.85
2011.05.24 07:08:44.140,1.02959,1.03005,2.10,1.35
2011.05.24 07:08:44.361,1.02958,1.03002,3.08,2.10
2011.05.24 07:08:44.469,1.02959,1.03004,2.48,3.45
2011.05.24 07:08:44.579,1.02958,1.03001,3.08,2.10
2011.05.24 07:08:44.908,1.02957,1.03003,2.70,2.85
2011.05.24 07:08:45.242,1.02954,1.02998,2.70,3.08
2011.05.24 07:08:48.991,1.02952,1.02994,2.70,1.73
2011.05.24 07:08:49.323,1.02958,1.02995,2.10,2.10
2011.05.24 07:08:49.439,1.02958,1.03001,2.70,2.48
2011.05.24 07:08:51.948,1.02953,1.02996,2.10,3.83
2011.05.24 07:08:52.058,1.02949,1.02993,4.58,1.35
2011.05.24 07:08:52.279,1.02949,1.02989,3.45,1.35
2011.05.24 07:08:52.614,1.02963,1.03002,1.35,1.50
2011.05.24 07:08:52.839,1.02962,1.03007,3.08,3.08
2011.05.24 07:08:54.494,1.02962,1.03004,3.08,1.35
2011.05.24 07:08:54.613,1.02962,1.03003,2.48,1.35
2011.05.24 07:08:56.429,1.02962,1.03003,3.23,1.35
2011.05.24 07:08:56.979,1.02962,1.03003,3.23,1.35
2011.05.24 07:08:57.556,1.02962,1.03001,3.23,2.10
2011.05.24 07:08:57.890,1.02957,1.03001,2.10,3.23
2011.05.24 07:08:58.108,1.02957,1.02998,2.10,2.48
2011.05.24 07:08:58.708,1.02967,1.02998,2.85,1.35
2011.05.24 07:08:58.825,1.02957,1.02999,1.50,2.70
2011.05.24 07:08:59.048,1.02956,1.03002,2.48,2.10
2011.05.24 07:08:59.718,1.02958,1.03003,2.10,3.08
2011.05.24 07:09:00.267,1.02956,1.03003,3.23,3.83
2011.05.24 07:09:00.600,1.02962,1.03003,2.10,1.35
2011.05.24 07:09:00.930,1.02968,1.03008,2.10,1.73
2011.05.24 07:09:01.150,1.0296,1.03006,3.45,1.35
2011.05.24 07:09:01.260,1.0296,1.03004,2.10,1.73
2011.05.24 07:09:01.368,1.0296,1.02998,2.10,2.10
2011.05.24 07:09:01.698,1.0296,1.02996,2.70,2.10
2011.05.24 07:09:03.499,1.02956,1.02995,2.10,2.10
2011.05.24 07:09:03.608,1.02951,1.02995,3.23,2.10
2011.05.24 07:09:03.718,1.02951,1.02995,2.48,2.10
2011.05.24 07:09:04.259,1.02953,1.02991,2.10,1.35
2011.05.24 07:09:04.478,1.02948,1.02991,2.10,2.12
2011.05.24 07:09:05.027,1.02946,1.02991,3.23,6.47
2011.05.24 07:09:06.168,1.02944,1.02984,2.85,2.10
2011.05.24 07:09:06.718,1.02943,1.02984,2.10,2.10
2011.05.24 07:09:07.219,1.02945,1.02984,2.10,2.10
2011.05.24 07:09:07.440,1.02943,1.02984,4.20,2.10
2011.05.24 07:09:08.328,1.02945,1.02984,2.10,2.10
2011.05.24 07:09:08.438,1.02943,1.02984,2.10,2.10
2011.05.24 07:09:09.677,1.02943,1.02984,2.10,1.35
2011.05.24 07:09:10.188,1.02943,1.02983,2.10,2.70
2011.05.24 07:09:10.301,1.02939,1.02983,2.10,3.83
2011.05.24 07:09:10.629,1.02939,1.02986,3.45,4.58
2011.05.24 07:09:10.738,1.02939,1.02977,2.70,1.13
2011.05.24 07:09:11.069,1.02939,1.02976,2.70,1.13
2011.05.24 07:09:11.178,1.02939,1.02978,2.10,1.35
2011.05.24 07:09:11.399,1.02936,1.02978,1.13,3.45
2011.05.24 07:09:11.508,1.02937,1.02979,1.35,2.10
2011.05.24 07:09:13.968,1.02936,1.02979,1.13,2.70
2011.05.24 07:09:14.190,1.02935,1.02979,3.23,2.70
2011.05.24 07:09:14.519,1.02934,1.02974,2.70,3.23
2011.05.24 07:09:14.629,1.02929,1.02971,2.09,2.10
2011.05.24 07:09:15.509,1.02931,1.02972,1.05,2.10
2011.05.24 07:09:16.220,1.02932,1.02972,2.09,2.48
2011.05.24 07:09:16.769,1.02929,1.02972,1.49,4.58
2011.05.24 07:09:17.500,1.02935,1.02972,2.10,2.48
2011.05.24 07:09:17.615,1.0294,1.0298,2.70,1.35
2011.05.24 07:09:17.730,1.0294,1.02986,2.70,3.83
2011.05.24 07:09:19.649,1.02941,1.02981,1.35,1.35
2011.05.24 07:09:22.149,1.02942,1.02982,2.10,1.35
2011.05.24 07:09:22.258,1.02942,1.02982,2.10,1.35
2011.05.24 07:09:22.369,1.02942,1.0298,1.35,1.35
2011.05.24 07:09:23.030,1.02938,1.02975,2.10,2.70
2011.05.24 07:09:23.578,1.02932,1.02972,1.80,1.35
2011.05.24 07:09:24.720,1.02937,1.02976,1.73,1.35
2011.05.24 07:09:26.117,1.02938,1.0298,3.08,2.70
2011.05.24 07:09:26.692,1.02938,1.02966,2.48,2.10
2011.05.24 07:09:26.801,1.02929,1.02966,1.80,2.10
2011.05.24 07:09:27.019,1.02929,1.02965,3.38,2.70
2011.05.24 07:09:27.607,1.0293,1.02965,1.49,2.70
2011.05.24 07:09:28.378,1.02929,1.02965,4.04,2.70
2011.05.24 07:09:29.047,1.02931,1.0297,1.49,4.20
2011.05.24 07:09:29.745,1.02929,1.0297,2.47,4.20
2011.05.24 07:09:30.696,1.02929,1.02969,2.47,1.35
2011.05.24 07:09:31.397,1.02929,1.02969,1.80,1.35
2011.05.24 07:09:32.367,1.02929,1.02969,4.04,1.35
2011.05.24 07:09:32.989,1.02929,1.02969,3.38,1.35
2011.05.24 07:09:33.710,1.02929,1.02969,4.04,1.35
2011.05.24 07:09:34.628,1.02929,1.02969,2.63,1.35
2011.05.24 07:09:35.559,1.02929,1.02969,2.09,1.35
2011.05.24 07:09:37.327,1.02929,1.02969,3.00,1.35
2011.05.24 07:09:37.878,1.0293,1.02969,1.49,1.35
2011.05.24 07:09:38.562,1.02929,1.02969,2.09,1.35
2011.05.24 07:09:39.229,1.02931,1.02969,3.53,1.35
2011.05.24 07:09:39.746,1.02931,1.02969,4.19,1.35
2011.05.24 07:09:40.667,1.02931,1.02969,2.78,1.35
2011.05.24 07:09:41.228,1.0293,1.02969,2.09,1.35
2011.05.24 07:09:41.999,1.0293,1.02969,1.43,1.35
2011.05.24 07:09:42.771,1.02932,1.02969,2.78,1.35
2011.05.24 07:09:43.918,1.0293,1.02969,3.53,1.35
2011.05.24 07:09:44.842,1.0293,1.02969,4.19,1.35
2011.05.24 07:09:45.622,1.0293,1.02969,3.53,1.35
2011.05.24 07:09:46.319,1.02926,1.02969,5.48,1.35
2011.05.24 07:09:46.868,1.02926,1.02969,3.38,1.35
2011.05.24 07:09:47.420,1.02925,1.0297,1.50,4.58
2011.05.24 07:09:47.530,1.02931,1.02969,1.05,2.10
2011.05.24 07:09:47.641,1.02931,1.02972,3.15,2.10
2011.05.24 07:09:47.753,1.02937,1.02971,2.10,2.48
2011.05.24 07:09:47.979,1.02929,1.02971,3.44,2.48
2011.05.24 07:09:49.770,1.02934,1.02975,2.10,2.10
2011.05.24 07:09:52.718,1.02937,1.02976,2.10,1.35
2011.05.24 07:09:53.342,1.02937,1.02976,2.10,1.35
2011.05.24 07:09:54.209,1.02943,1.0298,2.10,1.35
2011.05.24 07:09:54.429,1.02937,1.02979,2.70,1.73
2011.05.24 07:09:54.760,1.02933,1.02968,3.45,2.10
2011.05.24 07:09:55.089,1.02928,1.02961,2.85,2.10
2011.05.24 07:09:55.947,1.02927,1.0296,1.13,2.10
2011.05.24 07:09:56.458,1.02922,1.02959,3.29,2.10
2011.05.24 07:09:56.788,1.02922,1.02966,3.29,2.70
2011.05.24 07:09:57.129,1.02933,1.02968,1.34,1.35
2011.05.24 07:09:57.788,1.02933,1.02973,2.70,1.35
2011.05.24 07:09:58.118,1.02935,1.02973,2.10,2.10
2011.05.24 07:09:58.230,1.0293,1.02973,1.43,4.58
2011.05.24 07:09:58.449,1.02927,1.0297,1.88,2.10
2011.05.24 07:09:58.998,1.02926,1.0297,2.85,3.23
2011.05.24 07:09:59.549,1.02924,1.02969,1.50,1.73
2011.05.24 07:09:59.989,1.02934,1.02972,2.10,1.35
2011.05.24 07:10:00.098,1.02934,1.02973,3.08,1.35
2011.05.24 07:10:00.429,1.02939,1.02978,1.73,1.35
2011.05.24 07:10:00.649,1.02941,1.02982,1.73,3.45
2011.05.24 07:10:01.362,1.02938,1.02982,3.45,3.08
2011.05.24 07:10:04.038,1.02939,1.02978,2.85,1.35
2011.05.24 07:10:04.700,1.02941,1.02978,2.10,1.73
2011.05.24 07:10:05.139,1.02938,1.02978,2.10,1.73
2011.05.24 07:10:05.579,1.0294,1.02978,2.10,1.73
2011.05.24 07:10:05.869,1.02938,1.02978,2.10,1.73
2011.05.24 07:10:07.934,1.02939,1.02977,2.10,1.13
2011.05.24 07:10:08.042,1.02939,1.02982,4.20,1.35
2011.05.24 07:10:08.259,1.02939,1.0298,3.08,1.35
2011.05.24 07:10:08.370,1.02944,1.02983,2.70,1.73
2011.05.24 07:10:08.700,1.02943,1.02984,2.10,2.85
2011.05.24 07:10:09.250,1.02943,1.02984,2.70,1.73
2011.05.24 07:10:09.579,1.02943,1.02986,4.20,1.35
2011.05.24 07:10:10.490,1.02948,1.02989,2.70,2.10
2011.05.24 07:10:10.710,1.02948,1.0299,2.70,1.35
2011.05.24 07:10:11.041,1.02948,1.02989,2.70,1.35
2011.05.24 07:10:11.369,1.0295,1.02983,2.10,1.13
2011.05.24 07:10:11.698,1.02942,1.0298,2.10,1.13
2011.05.24 07:10:12.220,1.02935,1.0298,2.70,1.73
2011.05.24 07:10:19.019,1.02936,1.02976,2.70,1.35
2011.05.24 07:10:22.323,1.02937,1.02974,2.10,1.35
2011.05.24 07:10:22.878,1.02938,1.02977,2.10,2.10
2011.05.24 07:10:23.999,1.02937,1.02977,1.13,2.10
2011.05.24 07:10:25.197,1.02937,1.02978,1.73,1.35
2011.05.24 07:10:36.188,1.02942,1.02981,2.48,4.20
2011.05.24 07:10:36.519,1.02938,1.0298,2.70,2.10
2011.05.24 07:10:36.868,1.02937,1.02975,1.35,2.10
2011.05.24 07:10:41.250,1.02937,1.02977,2.10,3.23
2011.05.24 07:10:41.358,1.02937,1.02977,2.10,2.48
2011.05.24 07:10:41.469,1.02934,1.02977,3.08,2.70
2011.05.24 07:10:41.908,1.02936,1.0298,2.10,2.70
2011.05.24 07:10:42.024,1.02939,1.02982,1.73,2.10
2011.05.24 07:10:42.139,1.02942,1.02984,1.35,2.10
2011.05.24 07:10:42.471,1.02943,1.0299,4.58,2.85
2011.05.24 07:10:42.689,1.02946,1.02989,2.70,1.73
2011.05.24 07:10:43.019,1.02944,1.02989,3.08,2.85
2011.05.24 07:10:43.791,1.02947,1.02988,2.10,1.73
2011.05.24 07:10:44.009,1.02943,1.02987,3.45,2.70
2011.05.24 07:10:45.296,1.02944,1.02988,2.10,4.20
2011.05.24 07:10:45.413,1.02939,1.02986,3.45,3.08
2011.05.24 07:10:45.530,1.02943,1.02986,2.70,2.10
2011.05.24 07:10:46.079,1.02943,1.02987,1.35,2.48
2011.05.24 07:10:47.187,1.02944,1.02987,1.35,3.23
2011.05.24 07:10:51.292,1.02944,1.02983,1.35,1.35
2011.05.24 07:10:53.198,1.02946,1.02983,1.35,1.35
2011.05.24 07:10:53.312,1.02951,1.02992,2.48,2.10
2011.05.24 07:10:53.749,1.02951,1.02987,2.48,2.10
2011.05.24 07:10:54.079,1.02942,1.02987,1.35,2.85
2011.05.24 07:10:54.189,1.02942,1.02982,1.35,2.48
2011.05.24 07:10:54.410,1.02938,1.02977,1.35,2.10
2011.05.24 07:10:54.520,1.02938,1.02981,1.35,1.35
2011.05.24 07:10:54.628,1.02939,1.02981,1.13,1.35
2011.05.24 07:10:54.848,1.02939,1.0298,2.10,1.35
2011.05.24 07:10:55.729,1.02938,1.02979,2.70,1.35
2011.05.24 07:10:56.318,1.02939,1.02979,2.10,1.35
2011.05.24 07:10:56.868,1.02938,1.02978,1.35,2.10
2011.05.24 07:10:57.199,1.02942,1.02978,1.35,2.10
2011.05.24 07:10:59.098,1.02942,1.02976,1.35,2.10
2011.05.24 07:10:59.429,1.02942,1.02978,1.35,2.10
2011.05.24 07:11:00.007,1.02942,1.02977,1.35,2.10
2011.05.24 07:11:00.559,1.0294,1.0298,2.10,3.45
2011.05.24 07:11:02.147,1.0294,1.0298,2.10,2.10
2011.05.24 07:11:05.598,1.02937,1.02978,1.73,1.35
2011.05.24 07:11:05.992,1.02937,1.02982,3.23,6.68
2011.05.24 07:11:06.510,1.02937,1.02977,2.48,2.10
2011.05.24 07:11:06.839,1.02937,1.02975,2.48,2.10
2011.05.24 07:11:07.169,1.02937,1.02977,2.48,4.20
2011.05.24 07:11:07.720,1.02938,1.0298,1.73,2.10
2011.05.24 07:11:08.053,1.02948,1.02982,1.35,1.50
2011.05.24 07:11:08.608,1.02948,1.02982,1.35,1.50
2011.05.24 07:11:09.411,1.02948,1.02982,1.35,1.50
2011.05.24 07:11:10.248,1.02948,1.02985,1.35,1.50
2011.05.24 07:11:10.359,1.02948,1.0299,1.35,3.45
2011.05.24 07:11:12.343,1.02948,1.0299,1.35,1.35
2011.05.24 07:11:12.669,1.02949,1.02987,1.13,2.10
2011.05.24 07:11:13.000,1.02951,1.02988,1.13,2.10
2011.05.24 07:11:13.549,1.02948,1.02987,1.35,2.10
2011.05.24 07:11:13.989,1.02949,1.02987,1.13,2.10
2011.05.24 07:11:14.318,1.02951,1.02987,1.13,2.10
2011.05.24 07:11:14.757,1.02948,1.02987,3.83,2.10
2011.05.24 07:11:15.089,1.02948,1.02988,3.23,2.70
2011.05.24 07:11:15.309,1.02948,1.02984,2.10,2.10
2011.05.24 07:11:15.529,1.02945,1.02985,2.48,2.10
2011.05.24 07:11:15.641,1.02941,1.02984,3.45,2.48
2011.05.24 07:11:15.859,1.02938,1.02981,3.45,3.08
2011.05.24 07:11:21.500,1.02939,1.02981,1.73,2.10
2011.05.24 07:11:25.500,1.02942,1.02984,1.73,2.10
2011.05.24 07:11:26.048,1.02943,1.02983,1.73,2.10
2011.05.24 07:11:26.543,1.02942,1.02986,2.10,2.70
2011.05.24 07:11:27.068,1.02943,1.02988,1.35,3.08
2011.05.24 07:11:27.841,1.02943,1.02988,1.35,3.08
2011.05.24 07:11:29.487,1.02943,1.02985,1.35,1.35
2011.05.24 07:11:30.118,1.02943,1.02985,1.35,1.35
2011.05.24 07:11:31.139,1.02943,1.02985,1.35,1.35
2011.05.24 07:11:32.020,1.02944,1.02985,2.10,1.35
2011.05.24 07:11:32.348,1.02946,1.02985,2.10,1.35
2011.05.24 07:11:34.708,1.02943,1.02984,2.70,1.13
2011.05.24 07:11:34.928,1.02946,1.02985,2.10,1.35
2011.05.24 07:11:36.440,1.02946,1.02988,3.08,1.35
2011.05.24 07:11:38.688,1.02947,1.0299,1.35,2.70
2011.05.24 07:11:41.499,1.02952,1.0299,1.73,2.10
2011.05.24 07:11:41.940,1.02947,1.0299,1.35,2.10
2011.05.24 07:11:43.018,1.02948,1.02986,3.83,2.10
2011.05.24 07:11:43.129,1.02948,1.02989,1.73,2.10
2011.05.24 07:11:43.238,1.02948,1.02992,1.73,2.85
2011.05.24 07:11:43.788,1.02947,1.02991,4.20,2.10
2011.05.24 07:11:44.398,1.02947,1.02991,4.58,2.10
2011.05.24 07:11:46.229,1.02949,1.02991,2.10,2.10
2011.05.24 07:11:46.341,1.0295,1.02993,2.85,1.35
2011.05.24 07:11:46.448,1.0295,1.02993,2.48,1.35
2011.05.24 07:11:46.559,1.02949,1.02991,1.73,2.10
2011.05.24 07:11:48.094,1.02952,1.02993,1.50,2.70
2011.05.24 07:11:57.093,1.02952,1.02996,1.13,2.70
2011.05.24 07:11:57.211,1.02952,1.02991,1.13,2.10
2011.05.24 07:11:57.538,1.02946,1.02991,2.85,3.45
2011.05.24 07:11:57.649,1.02941,1.02986,1.73,2.48
2011.05.24 07:11:58.198,1.02943,1.02987,2.10,1.73
2011.05.24 07:11:58.858,1.02943,1.02987,2.48,1.35
2011.05.24 07:11:59.521,1.02943,1.02986,1.13,2.10
2011.05.24 07:11:59.835,1.02943,1.02986,1.73,2.10
2011.05.24 07:12:00.434,1.02948,1.02991,3.08,3.45
2011.05.24 07:12:00.549,1.02948,1.02991,3.08,2.85
2011.05.24 07:12:00.988,1.02948,1.02991,3.08,3.45
2011.05.24 07:12:01.318,1.02948,1.02991,3.08,2.85
2011.05.24 07:12:01.738,1.02948,1.02991,3.08,3.45
2011.05.24 07:12:02.178,1.02951,1.02991,1.35,3.60
2011.05.24 07:12:02.728,1.0295,1.02991,1.13,4.20
2011.05.24 07:12:03.939,1.02948,1.02991,4.80,2.48
2011.05.24 07:12:04.049,1.02948,1.02988,2.70,2.10
2011.05.24 07:12:04.269,1.02946,1.0299,3.83,2.70
2011.05.24 07:12:04.599,1.02946,1.02989,1.13,2.70
2011.05.24 07:12:04.929,1.02942,1.02985,1.35,2.70
2011.05.24 07:12:05.478,1.02942,1.02988,3.83,2.70
2011.05.24 07:12:05.809,1.02946,1.0299,2.70,4.20
2011.05.24 07:12:05.919,1.02947,1.02988,3.08,2.10
2011.05.24 07:12:06.138,1.02947,1.0299,3.08,2.70
2011.05.24 07:12:07.009,1.02947,1.02991,3.08,2.10
2011.05.24 07:12:08.051,1.02951,1.02991,1.73,2.10
2011.05.24 07:12:14.568,1.02951,1.02991,1.13,2.70
2011.05.24 07:12:20.077,1.02952,1.02989,1.13,2.70
2011.05.24 07:12:20.409,1.02953,1.02991,1.13,1.35
2011.05.24 07:12:20.519,1.02951,1.02991,1.13,1.35
2011.05.24 07:12:21.398,1.02952,1.02991,1.13,4.20
2011.05.24 07:12:22.689,1.02956,1.02991,1.13,1.35
2011.05.24 07:12:23.021,1.02955,1.02992,1.35,1.50
2011.05.24 07:12:23.130,1.02958,1.02996,3.08,2.10
2011.05.24 07:12:23.350,1.02958,1.02999,3.08,2.70
2011.05.24 07:12:23.569,1.02958,1.02997,3.08,2.10
2011.05.24 07:12:24.010,1.02958,1.02997,2.10,2.70
2011.05.24 07:12:24.119,1.02954,1.02997,1.73,2.70
2011.05.24 07:12:24.880,1.02954,1.02996,1.73,2.10
2011.05.24 07:12:24.993,1.02955,1.02996,1.35,2.10
2011.05.24 07:12:25.220,1.02957,1.02999,3.08,2.10
2011.05.24 07:12:25.441,1.02958,1.02999,1.35,2.10
2011.05.24 07:12:25.770,1.02963,1.03001,1.35,1.50
2011.05.24 07:12:26.680,1.02968,1.03002,2.48,1.50
2011.05.24 07:12:27.563,1.02968,1.03002,2.48,1.50
2011.05.24 07:12:27.679,1.02968,1.03002,2.10,1.50
2011.05.24 07:12:27.898,1.02963,1.03001,1.35,1.50
2011.05.24 07:12:28.399,1.02967,1.03005,3.83,2.85
2011.05.24 07:12:28.508,1.02967,1.03005,3.83,2.10
2011.05.24 07:12:33.588,1.02972,1.03005,2.85,2.10
2011.05.24 07:12:38.469,1.02971,1.03005,1.73,2.10
2011.05.24 07:12:40.130,1.02968,1.03005,1.73,2.10
2011.05.24 07:12:47.961,1.02971,1.03005,1.35,2.10
2011.05.24 07:12:53.309,1.02971,1.03007,1.35,2.10
2011.05.24 07:12:53.868,1.02971,1.03006,1.35,2.10
2011.05.24 07:12:54.308,1.02967,1.03006,4.20,2.70
2011.05.24 07:13:00.189,1.02967,1.03005,2.85,1.35
2011.05.24 07:13:02.359,1.02967,1.0301,2.10,5.33
2011.05.24 07:13:02.471,1.02961,1.03002,3.60,2.10
2011.05.24 07:13:02.579,1.02967,1.02999,2.10,2.10
2011.05.24 07:13:02.688,1.02958,1.02999,2.48,2.10
2011.05.24 07:13:02.801,1.02959,1.03001,1.35,2.10
2011.05.24 07:13:03.384,1.0296,1.03,2.48,2.10
2011.05.24 07:13:03.502,1.0296,1.03,2.70,2.10
2011.05.24 07:13:03.721,1.02966,1.03,1.73,2.10
2011.05.24 07:13:03.829,1.02968,1.03003,3.08,2.10
2011.05.24 07:13:03.939,1.02969,1.0301,2.48,1.35
2011.05.24 07:13:04.159,1.02972,1.0301,2.10,1.35
2011.05.24 07:13:04.268,1.02972,1.03015,2.10,1.73
2011.05.24 07:13:05.170,1.02971,1.03014,2.10,1.35
2011.05.24 07:13:05.282,1.02969,1.03013,2.10,3.08
2011.05.24 07:13:05.502,1.02967,1.0301,2.10,1.35
2011.05.24 07:13:06.048,1.02963,1.03007,2.70,3.08
2011.05.24 07:13:06.718,1.02959,1.03001,2.10,1.50
2011.05.24 07:13:06.834,1.02958,1.03001,1.35,4.20
2011.05.24 07:13:06.949,1.02958,1.02994,1.35,2.10
2011.05.24 07:13:07.769,1.02949,1.02994,3.08,2.70
2011.05.24 07:13:08.210,1.02966,1.03003,2.10,2.85
2011.05.24 07:13:08.320,1.02966,1.03005,2.10,2.10
2011.05.24 07:13:08.540,1.02962,1.03006,2.70,3.83
2011.05.24 07:13:08.648,1.02962,1.03006,2.70,3.83
2011.05.24 07:13:09.308,1.02961,1.03004,2.10,2.10
2011.05.24 07:13:10.051,1.02961,1.03004,2.10,2.85
2011.05.24 07:13:10.608,1.02961,1.03004,2.10,2.85
2011.05.24 07:13:10.831,1.02958,1.03001,4.58,1.35
2011.05.24 07:13:11.733,1.02958,1.02998,3.08,1.35
2011.05.24 07:13:14.901,1.02962,1.02998,2.10,1.35
2011.05.24 07:13:15.260,1.02962,1.02999,2.70,1.35
2011.05.24 07:13:15.813,1.02959,1.03001,2.10,2.70
2011.05.24 07:13:16.634,1.02961,1.03003,1.73,2.70
2011.05.24 07:13:17.508,1.02962,1.03006,2.70,5.33
2011.05.24 07:13:18.460,1.02962,1.03004,3.83,1.35
2011.05.24 07:13:19.010,1.02962,1.03006,2.70,3.83
2011.05.24 07:13:23.840,1.02966,1.03008,1.73,2.70
2011.05.24 07:13:26.188,1.02967,1.0301,2.85,2.10
2011.05.24 07:13:29.119,1.0297,1.03011,1.35,2.70
2011.05.24 07:13:34.262,1.02972,1.03013,1.35,1.73
2011.05.24 07:13:34.628,1.02972,1.03013,1.35,1.73
2011.05.24 07:13:34.739,1.02969,1.03012,2.70,3.08
2011.05.24 07:13:38.222,1.02969,1.03014,4.80,1.73
2011.05.24 07:13:40.670,1.02972,1.03013,1.35,1.13
2011.05.24 07:13:41.749,1.02973,1.03016,3.08,1.35
2011.05.24 07:13:42.189,1.02976,1.03016,2.10,2.10
2011.05.24 07:13:42.519,1.02977,1.03021,1.35,4.58
2011.05.24 07:13:42.628,1.02976,1.03021,1.35,4.58
2011.05.24 07:13:42.741,1.02978,1.03018,3.08,2.70
2011.05.24 07:13:45.519,1.02978,1.03021,4.58,2.70
2011.05.24 07:13:47.751,1.02979,1.03021,2.10,2.48
2011.05.24 07:13:47.969,1.02977,1.0302,2.70,3.08
2011.05.24 07:13:48.081,1.02982,1.0302,2.10,3.08
2011.05.24 07:13:48.628,1.0299,1.03019,2.10,2.48
2011.05.24 07:13:48.960,1.0299,1.03026,2.10,2.10
2011.05.24 07:13:49.069,1.02984,1.03026,2.10,4.73
2011.05.24 07:13:52.249,1.02982,1.0302,3.45,2.10
2011.05.24 07:13:52.580,1.02986,1.03022,2.10,2.48
2011.05.24 07:13:52.910,1.02978,1.03016,2.85,1.35
2011.05.24 07:13:53.021,1.02978,1.03008,2.85,2.48
2011.05.24 07:13:53.242,1.02978,1.0301,2.10,1.73
2011.05.24 07:13:53.908,1.02967,1.03011,4.80,1.73
2011.05.24 07:13:54.021,1.02967,1.03004,6.30,2.10
2011.05.24 07:13:54.555,1.02973,1.03009,2.10,2.48
2011.05.24 07:13:54.672,1.02974,1.03014,2.10,2.48
2011.05.24 07:13:55.219,1.02974,1.03009,2.10,1.13
2011.05.24 07:13:55.438,1.02974,1.03013,2.10,2.85
2011.05.24 07:13:55.553,1.02978,1.03015,2.10,1.35
2011.05.24 07:13:55.669,1.02978,1.03016,2.10,1.35
2011.05.24 07:13:56.001,1.02975,1.03016,2.10,1.73
2011.05.24 07:13:56.658,1.02975,1.03017,3.45,2.10
2011.05.24 07:13:57.390,1.02975,1.03016,2.10,1.73
2011.05.24 07:13:59.810,1.02971,1.03013,2.70,2.70
2011.05.24 07:14:00.139,1.02975,1.03016,2.10,2.48
2011.05.24 07:14:02.179,1.02975,1.03016,2.70,1.73
2011.05.24 07:14:02.296,1.02978,1.03023,3.08,1.35
2011.05.24 07:14:02.410,1.02978,1.0302,4.58,2.10
2011.05.24 07:14:02.849,1.02978,1.03025,5.33,3.23
2011.05.24 07:14:03.908,1.02981,1.03022,2.70,1.73
2011.05.24 07:14:04.569,1.02974,1.03017,3.83,2.10
2011.05.24 07:14:05.010,1.02976,1.03011,2.10,2.10
2011.05.24 07:14:07.359,1.02972,1.03011,3.45,2.10
2011.05.24 07:14:07.910,1.02974,1.03011,1.35,2.10
2011.05.24 07:14:08.241,1.0298,1.03011,2.85,2.10
2011.05.24 07:14:08.682,1.0298,1.03019,2.10,2.10
2011.05.24 07:14:08.790,1.0298,1.03021,2.70,2.48
2011.05.24 07:14:09.873,1.02969,1.03013,1.35,2.48
2011.05.24 07:14:09.986,1.02969,1.03013,3.08,2.10
2011.05.24 07:14:10.763,1.02968,1.03012,2.70,3.08
2011.05.24 07:14:11.421,1.02965,1.03007,2.70,2.48
2011.05.24 07:14:12.739,1.02964,1.03011,3.08,4.95
2011.05.24 07:14:14.650,1.02966,1.03007,1.35,2.85
2011.05.24 07:14:15.198,1.02961,1.03007,1.35,5.33
2011.05.24 07:14:16.879,1.0296,1.03004,3.45,2.10
2011.05.24 07:14:17.388,1.0296,1.03003,3.45,1.35
2011.05.24 07:14:21.811,1.02962,1.03003,1.35,1.35
2011.05.24 07:14:28.339,1.02965,1.03003,2.85,2.10
2011.05.24 07:14:28.560,1.02959,1.03003,2.70,4.58
2011.05.24 07:14:28.779,1.02959,1.03006,3.83,3.08
2011.05.24 07:14:31.389,1.02961,1.03002,2.85,2.48
2011.05.24 07:14:31.499,1.02958,1.03002,3.45,4.58
2011.05.24 07:14:31.719,1.02961,1.03002,2.70,2.70
2011.05.24 07:14:37.920,1.02963,1.03006,1.73,2.70
2011.05.24 07:14:38.619,1.02965,1.03009,3.08,1.35
2011.05.24 07:14:42.601,1.02962,1.03007,1.35,4.58
2011.05.24 07:14:42.929,1.02962,1.03008,4.95,1.73
2011.05.24 07:14:43.269,1.02962,1.03005,4.95,1.13
2011.05.24 07:14:43.712,1.02963,1.03003,2.10,1.73
2011.05.24 07:14:43.932,1.02961,1.03001,2.10,3.45
2011.05.24 07:14:44.039,1.02959,1.02999,1.35,1.73
2011.05.24 07:14:45.358,1.02955,1.02998,1.35,3.83
2011.05.24 07:14:46.209,1.02955,1.02998,2.70,2.48
2011.05.24 07:14:46.431,1.02954,1.02995,2.70,1.35
2011.05.24 07:14:47.480,1.02949,1.02993,1.73,2.70
2011.05.24 07:14:47.590,1.02949,1.02991,1.35,2.48
2011.05.24 07:14:48.139,1.02954,1.02995,1.35,2.70
2011.05.24 07:14:48.249,1.02954,1.02997,1.73,2.10
2011.05.24 07:14:48.578,1.02955,1.03001,4.58,1.35
2011.05.24 07:14:49.405,1.02955,1.03001,4.58,1.35
2011.05.24 07:14:49.628,1.02955,1.03,3.83,2.70
2011.05.24 07:14:50.189,1.02957,1.03001,2.10,2.10
2011.05.24 07:14:50.847,1.02957,1.03001,2.48,1.35
2011.05.24 07:14:51.374,1.02958,1.03001,3.83,1.35
2011.05.24 07:14:52.088,1.0296,1.03002,1.73,4.20
2011.05.24 07:14:53.629,1.02958,1.03001,3.83,1.35
2011.05.24 07:14:54.068,1.0296,1.03001,1.73,1.35
2011.05.24 07:14:57.511,1.02963,1.03002,2.48,2.10
2011.05.24 07:14:57.729,1.0296,1.03001,1.35,1.35
2011.05.24 07:14:58.278,1.02957,1.03001,3.45,2.48
2011.05.24 07:14:58.829,1.02957,1.03,1.35,2.10
2011.05.24 07:14:59.380,1.02957,1.02996,1.35,2.10
2011.05.24 07:14:59.489,1.02956,1.02996,1.73,2.70
2011.05.24 07:14:59.818,1.02957,1.02997,1.35,2.10
2011.05.24 07:15:01.439,1.02953,1.02998,3.08,2.10
2011.05.24 07:15:01.798,1.02954,1.02998,3.23,2.10
2011.05.24 07:15:02.824,1.02957,1.03001,2.70,1.88
2011.05.24 07:15:04.314,1.02959,1.03002,1.73,2.25
2011.05.24 07:15:05.639,1.02958,1.03001,3.08,2.10
2011.05.24 07:15:06.630,1.02962,1.02999,2.10,2.10
2011.05.24 07:15:07.069,1.02957,1.03002,2.70,6.08
2011.05.24 07:15:07.179,1.02954,1.02997,4.95,2.10
2011.05.24 07:15:07.511,1.02953,1.02994,4.20,1.73
2011.05.24 07:15:08.929,1.02949,1.02987,3.45,1.13
2011.05.24 07:15:09.039,1.02948,1.02987,2.70,1.13
2011.05.24 07:15:09.368,1.02944,1.0299,3.08,1.35
2011.05.24 07:15:10.138,1.0295,1.02991,2.10,1.73
2011.05.24 07:15:10.469,1.02947,1.0299,2.10,3.08
2011.05.24 07:15:13.040,1.02945,1.02986,2.70,1.73
2011.05.24 07:15:17.499,1.02937,1.02981,2.70,3.08
2011.05.24 07:15:18.600,1.02933,1.02974,1.73,2.10
2011.05.24 07:15:19.590,1.02936,1.02976,2.10,3.83
2011.05.24 07:15:20.173,1.02936,1.0298,2.70,2.70
2011.05.24 07:15:20.290,1.02938,1.02981,2.48,2.10
2011.05.24 07:15:20.400,1.02942,1.02987,2.70,3.08
2011.05.24 07:15:20.619,1.02942,1.02987,3.83,2.70
2011.05.24 07:15:20.840,1.02945,1.0299,3.83,2.70
2011.05.24 07:15:22.109,1.02945,1.0299,3.83,3.45
2011.05.24 07:15:22.951,1.02945,1.02992,3.83,8.78
2011.05.24 07:15:25.148,1.02945,1.02985,2.85,2.10
2011.05.24 07:15:25.370,1.02941,1.02985,1.35,4.20
2011.05.24 07:15:25.920,1.02941,1.02982,2.70,1.35
2011.05.24 07:15:27.172,1.02941,1.0298,1.35,2.70
2011.05.24 07:15:28.150,1.02941,1.02982,1.35,3.45
2011.05.24 07:15:29.494,1.0294,1.02975,1.13,2.10
2011.05.24 07:15:29.615,1.02931,1.02975,1.43,2.10
2011.05.24 07:15:30.168,1.02931,1.02972,1.43,1.35
2011.05.24 07:15:30.748,1.02931,1.02972,1.43,1.35
2011.05.24 07:15:31.778,1.0293,1.02975,3.15,2.10
2011.05.24 07:15:32.329,1.0293,1.02974,1.05,2.70
2011.05.24 07:15:32.908,1.0293,1.02974,1.05,2.70
2011.05.24 07:15:33.428,1.02931,1.02975,1.43,2.10
2011.05.24 07:15:34.011,1.02932,1.02977,3.53,1.73
2011.05.24 07:15:34.974,1.02931,1.02974,1.43,1.35
2011.05.24 07:15:35.310,1.02935,1.02973,1.13,2.70
2011.05.24 07:15:35.421,1.02937,1.02978,1.35,2.70
2011.05.24 07:15:35.641,1.02937,1.0298,1.73,2.70
2011.05.24 07:15:37.189,1.0294,1.02981,1.13,3.60
2011.05.24 07:15:37.680,1.02942,1.02982,1.35,2.10
2011.05.24 07:15:38.228,1.02942,1.02981,1.35,1.35
2011.05.24 07:15:38.779,1.02942,1.02981,3.45,1.37
2011.05.24 07:15:39.111,1.0294,1.02979,1.13,2.70
2011.05.24 07:15:39.220,1.0294,1.02981,1.73,2.85
2011.05.24 07:15:39.988,1.0294,1.0298,1.73,1.35
2011.05.24 07:15:40.830,1.02942,1.02981,1.50,4.20
2011.05.24 07:15:41.380,1.02939,1.02981,1.35,4.58
2011.05.24 07:15:42.770,1.02941,1.02985,2.10,4.58
2011.05.24 07:15:44.554,1.02942,1.02984,1.73,1.35
2011.05.24 07:15:44.671,1.02948,1.02986,2.10,2.70
2011.05.24 07:15:44.781,1.02948,1.02987,3.08,2.70
2011.05.24 07:15:46.958,1.0295,1.0299,1.35,3.45
2011.05.24 07:15:47.838,1.02949,1.02988,1.13,4.20
2011.05.24 07:15:47.949,1.02946,1.02986,1.50,2.70
2011.05.24 07:15:48.058,1.02944,1.02986,1.73,2.70
2011.05.24 07:15:50.658,1.02944,1.02985,1.13,2.70
2011.05.24 07:15:51.406,1.02941,1.02981,2.10,1.73
2011.05.24 07:15:51.524,1.02936,1.02981,3.45,5.33
2011.05.24 07:15:51.640,1.02938,1.02981,1.35,3.83
2011.05.24 07:15:51.972,1.02938,1.02981,5.55,2.48
2011.05.24 07:15:52.520,1.02936,1.02979,1.35,3.23
2011.05.24 07:15:52.853,1.02934,1.02972,2.10,2.70
2011.05.24 07:15:53.190,1.02932,1.02975,1.43,2.70
2011.05.24 07:15:53.518,1.02932,1.02976,3.90,2.70
2011.05.24 07:15:55.378,1.02936,1.02979,1.73,2.70
2011.05.24 07:15:56.198,1.02939,1.02982,4.58,2.25
2011.05.24 07:15:56.420,1.02945,1.02985,2.48,2.10
2011.05.24 07:15:56.639,1.02942,1.02985,1.35,2.10
2011.05.24 07:15:57.520,1.02944,1.02985,2.10,2.10
2011.05.24 07:15:58.070,1.02939,1.02982,1.35,3.08
2011.05.24 07:15:59.618,1.02945,1.02985,2.10,2.10
2011.05.24 07:15:59.731,1.0294,1.02983,2.70,1.73
2011.05.24 07:16:01.121,1.02945,1.02988,3.08,2.10
2011.05.24 07:16:03.860,1.0294,1.02984,1.13,2.85
2011.05.24 07:16:04.193,1.02932,1.02972,1.43,5.18
2011.05.24 07:16:04.638,1.02934,1.02977,2.70,1.73
2011.05.24 07:16:06.591,1.02939,1.02981,2.10,5.33
2011.05.24 07:16:07.221,1.0294,1.02981,2.10,2.10
2011.05.24 07:16:07.320,1.0294,1.02986,2.70,3.08
2011.05.24 07:16:09.493,1.02943,1.02984,1.35,1.35
2011.05.24 07:16:10.073,1.02943,1.02984,1.35,1.35
2011.05.24 07:16:10.813,1.02943,1.02984,1.35,1.35
2011.05.24 07:16:11.378,1.02943,1.02984,1.35,1.35
2011.05.24 07:16:12.749,1.02943,1.02984,1.35,1.35
2011.05.24 07:16:13.299,1.02948,1.0299,1.35,2.70
2011.05.24 07:16:13.850,1.02943,1.02985,1.35,2.70
2011.05.24 07:16:14.671,1.02944,1.02982,1.35,2.10
2011.05.24 07:16:15.339,1.02943,1.02983,1.35,2.85
2011.05.24 07:16:15.669,1.02944,1.02981,1.35,2.10
2011.05.24 07:16:15.889,1.02943,1.02984,1.35,1.35
2011.05.24 07:16:16.437,1.02948,1.0299,1.35,2.70
2011.05.24 07:16:17.440,1.02948,1.0298,1.35,1.13
2011.05.24 07:16:17.951,1.02942,1.0298,2.10,1.13
2011.05.24 07:16:20.289,1.02942,1.02984,4.20,1.35
2011.05.24 07:16:21.138,1.02947,1.02984,1.35,1.35
2011.05.24 07:16:23.729,1.02945,1.02985,2.70,1.35
2011.05.24 07:16:24.949,1.02949,1.02989,2.85,1.35
2011.05.24 07:16:25.940,1.02949,1.02991,1.13,2.85
2011.05.24 07:16:26.269,1.02951,1.02991,1.50,3.60
2011.05.24 07:16:27.064,1.02955,1.02991,2.10,5.12
2011.05.24 07:16:27.398,1.02954,1.02991,3.08,2.85
2011.05.24 07:16:28.399,1.02954,1.02987,3.98,2.10
2011.05.24 07:16:28.513,1.02954,1.02987,2.85,2.10
2011.05.24 07:16:28.633,1.02952,1.02988,2.10,2.10
2011.05.24 07:16:28.862,1.02944,1.02988,2.70,2.10
2011.05.24 07:16:28.970,1.02944,1.02985,1.35,2.10
2011.05.24 07:16:29.300,1.02947,1.02985,2.10,2.48
2011.05.24 07:16:29.628,1.02944,1.02981,1.35,2.10
2011.05.24 07:16:29.849,1.02946,1.02984,2.10,3.08
2011.05.24 07:16:36.902,1.02942,1.0297,2.10,2.10
2011.05.24 07:16:37.120,1.02929,1.0297,2.78,2.10
2011.05.24 07:16:37.838,1.02937,1.02973,2.10,3.08
2011.05.24 07:16:38.390,1.02937,1.02977,2.10,4.20
2011.05.24 07:16:38.719,1.02934,1.02972,1.35,2.10
2011.05.24 07:16:39.817,1.02937,1.02976,2.10,4.58
2011.05.24 07:16:41.539,1.02941,1.0298,2.10,2.70
2011.05.24 07:16:50.786,1.02931,1.02973,1.43,2.48
2011.05.24 07:16:51.230,1.02929,1.02973,3.60,3.08
2011.05.24 07:16:51.669,1.02931,1.02973,1.43,2.48
2011.05.24 07:16:52.000,1.02933,1.02976,3.08,2.70
2011.05.24 07:16:52.220,1.02935,1.0298,2.48,2.70
2011.05.24 07:16:55.349,1.02936,1.0298,1.73,1.35
2011.05.24 07:16:55.458,1.02935,1.0298,2.70,1.73
2011.05.24 07:16:55.569,1.02935,1.02976,2.10,2.10
2011.05.24 07:16:55.790,1.02932,1.02975,1.43,3.08
2011.05.24 07:17:03.189,1.02938,1.02975,1.35,2.10
2011.05.24 07:17:03.300,1.02939,1.02981,1.73,2.10
2011.05.24 07:17:03.848,1.02938,1.02981,1.73,3.45
2011.05.24 07:17:04.459,1.02942,1.02981,1.73,2.85
2011.05.24 07:17:06.200,1.02942,1.02982,1.73,2.10
2011.05.24 07:17:07.809,1.02946,1.02982,1.35,2.10
2011.05.24 07:17:11.527,1.02946,1.02982,1.35,2.10
2011.05.24 07:17:13.133,1.02946,1.02982,2.85,1.50
2011.05.24 07:17:13.245,1.02949,1.02993,3.08,2.70
2011.05.24 07:17:13.579,1.0295,1.02993,2.48,2.70
2011.05.24 07:17:15.089,1.02953,1.02993,1.13,2.70
2011.05.24 07:17:16.520,1.02957,1.02993,1.35,2.70
2011.05.24 07:17:26.439,1.02957,1.02996,1.73,3.45
2011.05.24 07:17:26.551,1.02958,1.02997,1.73,1.35
2011.05.24 07:17:29.085,1.02961,1.03001,1.35,2.70
2011.05.24 07:17:31.460,1.02962,1.03002,1.35,3.45
2011.05.24 07:17:33.386,1.02959,1.03001,2.10,1.35
2011.05.24 07:17:33.607,1.02959,1.03,1.50,2.10
2011.05.24 07:17:33.719,1.02957,1.03,1.50,2.48
2011.05.24 07:17:34.390,1.02956,1.02999,1.35,3.45
2011.05.24 07:17:35.025,1.02956,1.02999,1.35,4.20
2011.05.24 07:17:37.901,1.02956,1.03,3.83,4.95
2011.05.24 07:17:39.219,1.02957,1.02998,2.85,1.35
2011.05.24 07:17:42.066,1.02956,1.02994,1.35,1.35
2011.05.24 07:17:50.960,1.02953,1.02992,2.70,1.13
2011.05.24 07:17:51.071,1.02953,1.02991,2.10,1.13
2011.05.24 07:17:51.182,1.02951,1.0299,2.70,2.70
2011.05.24 07:17:54.360,1.02952,1.02996,2.48,2.10
2011.05.24 07:17:56.863,1.02951,1.02993,2.70,1.35
2011.05.24 07:17:57.529,1.02951,1.02994,1.35,3.08
2011.05.24 07:17:59.045,1.02951,1.02993,1.35,1.35
2011.05.24 07:17:59.160,1.02951,1.02994,2.48,3.45
2011.05.24 07:17:59.820,1.02951,1.02994,1.35,3.08
2011.05.24 07:18:00.482,1.02951,1.02991,1.35,2.10
2011.05.24 07:18:00.589,1.02951,1.02993,1.35,2.70
2011.05.24 07:18:00.922,1.02955,1.02997,3.45,1.50
2011.05.24 07:18:01.492,1.02959,1.02999,1.35,2.70
2011.05.24 07:18:03.811,1.02955,1.02995,1.35,2.70
2011.05.24 07:18:03.920,1.02952,1.02994,1.73,2.70
2011.05.24 07:18:05.139,1.02955,1.02996,1.35,3.45
2011.05.24 07:18:10.691,1.02956,1.02996,1.35,2.10
2011.05.24 07:18:15.500,1.02956,1.02994,1.35,2.10
2011.05.24 07:18:15.719,1.02955,1.02994,1.35,2.70
2011.05.24 07:18:16.973,1.02957,1.02994,1.35,2.10
2011.05.24 07:18:17.091,1.02957,1.02996,5.18,1.50
2011.05.24 07:18:17.948,1.02959,1.02997,2.70,1.50
2011.05.24 07:18:19.018,1.02961,1.02996,1.35,1.50
2011.05.24 07:18:19.690,1.02961,1.02997,1.35,1.50
2011.05.24 07:18:20.278,1.02961,1.02997,1.35,1.50
2011.05.24 07:18:20.939,1.02961,1.03003,1.35,1.35
2011.05.24 07:18:24.522,1.02959,1.03004,3.45,3.08
2011.05.24 07:18:25.572,1.02963,1.03005,2.10,2.48
2011.05.24 07:18:27.049,1.02961,1.03005,1.35,4.58
2011.05.24 07:18:27.732,1.02961,1.03003,1.35,1.35
2011.05.24 07:18:34.884,1.02962,1.03003,1.50,3.45
2011.05.24 07:18:35.006,1.02963,1.03006,1.35,3.45
2011.05.24 07:18:36.969,1.02967,1.03006,1.73,1.35
2011.05.24 07:18:37.302,1.02968,1.03007,1.13,2.10
2011.05.24 07:18:37.742,1.02971,1.03007,1.35,2.10
2011.05.24 07:18:41.489,1.02968,1.03006,1.13,1.35
2011.05.24 07:18:43.908,1.02964,1.03006,1.73,1.35
2011.05.24 07:18:44.349,1.02961,1.03004,1.35,2.70
2011.05.24 07:18:44.459,1.02959,1.03004,2.70,2.70
2011.05.24 07:18:45.733,1.02958,1.02999,1.35,2.70
2011.05.24 07:18:47.078,1.02958,1.02998,1.35,2.70
2011.05.24 07:18:52.198,1.02961,1.03,1.35,2.70
2011.05.24 07:18:53.146,1.02957,1.02999,1.73,2.10
2011.05.24 07:18:59.617,1.02961,1.02999,1.13,2.10
2011.05.24 07:18:59.729,1.02961,1.03004,1.73,3.45
2011.05.24 07:19:00.280,1.02957,1.03,1.73,2.70
2011.05.24 07:19:01.160,1.02958,1.03,1.13,2.70
2011.05.24 07:19:02.609,1.02958,1.02989,1.13,2.10
2011.05.24 07:19:02.720,1.02954,1.02987,1.50,2.70
2011.05.24 07:19:02.829,1.02947,1.02987,1.35,4.20
2011.05.24 07:19:03.270,1.02942,1.02984,3.23,2.10
2011.05.24 07:19:03.602,1.02947,1.0299,1.73,2.70
2011.05.24 07:19:03.931,1.02946,1.02988,3.23,2.10
2011.05.24 07:19:05.182,1.02948,1.02991,2.70,1.13
2011.05.24 07:19:05.290,1.02946,1.0299,2.10,2.48
2011.05.24 07:19:05.849,1.02946,1.0299,2.48,2.10
2011.05.24 07:19:06.259,1.02946,1.02987,2.48,2.10
2011.05.24 07:19:06.698,1.02945,1.02987,1.35,2.70
2011.05.24 07:19:08.149,1.0295,1.02987,2.48,2.10
2011.05.24 07:19:08.370,1.0295,1.02992,1.35,2.48
2011.05.24 07:19:10.584,1.02948,1.02988,1.35,2.70
2011.05.24 07:19:11.029,1.02952,1.02994,1.73,2.70
2011.05.24 07:19:11.142,1.0295,1.02991,1.35,3.08
2011.05.24 07:19:13.100,1.0295,1.02993,1.35,3.23
2011.05.24 07:19:19.418,1.02948,1.0299,1.35,3.45
2011.05.24 07:19:19.970,1.02948,1.02988,1.35,2.70
2011.05.24 07:19:20.191,1.02949,1.02993,1.73,4.95
2011.05.24 07:19:23.780,1.02948,1.02992,3.08,2.70
2011.05.24 07:19:24.110,1.02946,1.02988,1.35,2.10
2011.05.24 07:19:24.659,1.02946,1.02988,1.35,2.48
2011.05.24 07:19:25.376,1.02947,1.02989,1.35,3.08
2011.05.24 07:19:26.759,1.02947,1.02989,3.23,2.10
2011.05.24 07:19:26.979,1.02948,1.02993,3.08,3.08
2011.05.24 07:19:27.089,1.02947,1.02989,3.23,2.10
2011.05.24 07:19:29.732,1.02946,1.02989,1.35,3.08
2011.05.24 07:19:34.009,1.02947,1.02989,1.73,2.85
2011.05.24 07:19:34.448,1.02949,1.02989,2.48,2.10
2011.05.24 07:19:34.559,1.02949,1.02994,3.23,2.70
2011.05.24 07:19:36.469,1.02952,1.02996,2.70,3.98
2011.05.24 07:19:36.798,1.02952,1.02997,3.08,2.85
2011.05.24 07:19:39.259,1.02954,1.02997,2.48,1.50
2011.05.24 07:19:39.589,1.02962,1.02997,1.13,1.50
2011.05.24 07:19:40.230,1.02962,1.02996,1.13,1.50
2011.05.24 07:19:40.450,1.02958,1.02996,2.85,2.10
2011.05.24 07:19:40.560,1.02957,1.02996,1.35,1.37
2011.05.24 07:19:43.549,1.02956,1.02993,1.35,2.10
2011.05.24 07:19:43.771,1.0295,1.02993,1.35,2.10
2011.05.24 07:19:44.328,1.0295,1.02993,1.35,2.10
2011.05.24 07:19:45.663,1.0295,1.02989,1.35,2.10
2011.05.24 07:19:45.781,1.0295,1.02993,1.35,2.10
2011.05.24 07:19:46.574,1.02947,1.02993,1.73,2.10
2011.05.24 07:19:46.689,1.02947,1.0299,1.13,2.10
2011.05.24 07:19:47.019,1.02947,1.02991,3.83,1.35
2011.05.24 07:19:47.790,1.02944,1.02986,2.10,2.10
2011.05.24 07:19:48.009,1.02941,1.02986,2.48,2.70
2011.05.24 07:19:50.085,1.02946,1.0299,1.73,4.20
2011.05.24 07:19:52.899,1.02948,1.0299,1.13,2.10
2011.05.24 07:19:54.740,1.0295,1.0299,1.35,2.70
2011.05.24 07:20:04.823,1.0295,1.02987,1.35,5.12
2011.05.24 07:20:04.931,1.02943,1.02986,1.73,1.35
2011.05.24 07:20:05.480,1.02941,1.02984,1.73,4.20
2011.05.24 07:20:06.078,1.02942,1.02984,1.73,4.20
2011.05.24 07:20:07.033,1.02942,1.02984,1.73,4.20
2011.05.24 07:20:08.355,1.02943,1.02984,2.10,2.10
2011.05.24 07:20:08.918,1.02941,1.02984,2.70,2.48
2011.05.24 07:20:09.949,1.02943,1.02984,2.10,2.48
2011.05.24 07:20:10.499,1.02942,1.02984,1.35,4.20
2011.05.24 07:20:11.710,1.02942,1.02984,1.35,4.20
2011.05.24 07:20:12.149,1.02947,1.02983,2.48,2.10
2011.05.24 07:20:12.480,1.02949,1.02994,3.45,5.18
2011.05.24 07:20:14.149,1.0295,1.02989,3.60,2.70
2011.05.24 07:20:14.261,1.02945,1.02986,1.35,1.50
2011.05.24 07:20:14.479,1.02947,1.02985,2.85,2.10
2011.05.24 07:20:14.699,1.0295,1.02991,1.73,2.10
2011.05.24 07:20:14.919,1.02951,1.02996,3.08,2.70
2011.05.24 07:20:16.708,1.0295,1.02995,3.45,3.08
2011.05.24 07:20:16.820,1.02948,1.02992,1.35,2.70
2011.05.24 07:20:17.838,1.0295,1.02991,1.35,1.35
2011.05.24 07:20:21.410,1.02951,1.02991,2.85,1.35
2011.05.24 07:20:21.739,1.02951,1.02994,1.73,2.70
2011.05.24 07:20:22.818,1.02956,1.02994,1.35,2.70
2011.05.24 07:20:23.370,1.02956,1.02996,1.73,2.10
2011.05.24 07:20:23.591,1.02961,1.03007,3.08,2.70
2011.05.24 07:20:23.918,1.02965,1.03008,2.48,2.70
2011.05.24 07:20:29.950,1.02964,1.03007,1.35,4.20
2011.05.24 07:20:31.032,1.02964,1.03005,1.35,3.45
2011.05.24 07:20:31.781,1.02961,1.03005,1.73,3.45
2011.05.24 07:20:31.897,1.02963,1.03005,1.73,3.60
2011.05.24 07:20:32.739,1.02964,1.03006,2.48,2.10
2011.05.24 07:20:33.180,1.02968,1.03006,3.08,1.35
2011.05.24 07:20:33.509,1.02971,1.03006,1.73,1.50
2011.05.24 07:20:35.011,1.02968,1.03006,2.85,1.35
2011.05.24 07:20:35.120,1.02965,1.03005,1.35,2.70
2011.05.24 07:20:35.232,1.02962,1.03005,2.85,2.10
2011.05.24 07:20:36.381,1.02961,1.03004,1.73,2.70
2011.05.24 07:20:36.708,1.02961,1.03005,3.23,4.20
2011.05.24 07:20:37.262,1.02967,1.03005,3.23,1.50
2011.05.24 07:20:37.481,1.02963,1.03004,2.85,2.10
2011.05.24 07:20:37.701,1.02968,1.03007,1.35,1.35
2011.05.24 07:20:38.471,1.0297,1.03007,2.10,1.35
2011.05.24 07:20:38.909,1.0297,1.03006,2.10,1.35
2011.05.24 07:20:39.019,1.02964,1.03002,2.70,1.35
2011.05.24 07:20:40.064,1.02965,1.03002,1.35,1.35
2011.05.24 07:20:47.771,1.02958,1.03002,2.70,2.70
2011.05.24 07:20:48.833,1.02957,1.03001,1.73,2.70
2011.05.24 07:20:49.059,1.02961,1.03004,1.73,2.70
2011.05.24 07:20:50.062,1.02964,1.03004,1.35,2.70
2011.05.24 07:20:51.481,1.02959,1.02997,1.35,2.70
2011.05.24 07:20:52.140,1.02957,1.03001,2.10,2.70
2011.05.24 07:20:53.128,1.02961,1.03001,1.35,1.35
2011.05.24 07:20:53.460,1.02951,1.02991,1.35,2.10
2011.05.24 07:20:53.789,1.02958,1.02996,2.10,3.45
2011.05.24 07:20:55.272,1.02962,1.03004,2.70,1.35
2011.05.24 07:20:55.600,1.02962,1.03006,4.20,1.35
2011.05.24 07:20:57.400,1.02967,1.03013,4.58,1.35
2011.05.24 07:20:58.640,1.02968,1.03012,2.70,2.48
2011.05.24 07:21:01.129,1.0297,1.03012,1.35,2.48
2011.05.24 07:21:03.069,1.02972,1.03013,1.35,2.48
2011.05.24 07:21:06.793,1.02968,1.03013,2.70,2.48
2011.05.24 07:21:06.898,1.02969,1.03013,1.73,2.10
2011.05.24 07:21:07.010,1.02971,1.03015,3.08,1.50
2011.05.24 07:21:07.119,1.02971,1.03015,2.70,1.13
2011.05.24 07:21:09.911,1.02971,1.03012,1.73,2.10
2011.05.24 07:21:10.129,1.02971,1.03016,3.83,1.73
2011.05.24 07:21:10.649,1.02971,1.03016,3.83,3.23
2011.05.24 07:21:10.760,1.02971,1.03013,2.70,1.88
2011.05.24 07:21:15.190,1.02972,1.03016,2.70,3.60
2011.05.24 07:21:15.409,1.02972,1.03017,2.70,4.58
2011.05.24 07:21:17.120,1.02975,1.03016,1.35,1.35
2011.05.24 07:21:20.481,1.02977,1.03016,1.35,1.50
2011.05.24 07:21:20.810,1.0298,1.03023,3.08,1.50
2011.05.24 07:21:20.920,1.02981,1.03024,2.70,1.35
2011.05.24 07:21:21.420,1.02981,1.03023,2.70,1.35
2011.05.24 07:21:22.175,1.02981,1.03022,1.35,2.70
2011.05.24 07:21:22.900,1.02981,1.03022,1.35,2.70
2011.05.24 07:21:24.202,1.02981,1.03019,1.35,2.10
2011.05.24 07:21:24.729,1.02981,1.03018,1.35,2.10
2011.05.24 07:21:24.970,1.02981,1.03018,1.35,2.10
2011.05.24 07:21:25.520,1.02981,1.03017,1.35,2.10
2011.05.24 07:21:26.502,1.02981,1.03017,1.35,4.20
2011.05.24 07:21:27.072,1.02981,1.03017,1.35,4.20
2011.05.24 07:21:30.119,1.02981,1.03017,1.35,4.20
2011.05.24 07:21:33.762,1.02982,1.03018,1.35,2.70
2011.05.24 07:21:38.363,1.02985,1.03022,2.10,2.70
2011.05.24 07:21:39.150,1.02995,1.03024,2.48,2.10
2011.05.24 07:21:39.262,1.02995,1.03033,2.48,2.70
2011.05.24 07:21:41.630,1.02997,1.03036,4.58,1.35
2011.05.24 07:21:45.951,1.02994,1.03035,1.13,2.70
2011.05.24 07:21:46.584,1.02988,1.03033,5.18,2.70
2011.05.24 07:21:47.140,1.0299,1.03033,2.10,2.70
2011.05.24 07:21:47.468,1.02993,1.03035,2.48,2.85
2011.05.24 07:21:48.990,1.02998,1.03037,3.45,2.10
2011.05.24 07:21:49.759,1.02997,1.03036,1.35,3.62
2011.05.24 07:21:50.423,1.02995,1.03032,1.35,2.70
2011.05.24 07:21:50.532,1.02992,1.03032,1.35,2.70
2011.05.24 07:21:51.411,1.0299,1.03029,1.13,2.10
2011.05.24 07:21:51.632,1.02991,1.03034,2.70,2.48
2011.05.24 07:21:51.743,1.02993,1.03034,1.73,2.70
2011.05.24 07:21:51.962,1.02997,1.0304,3.08,1.35
2011.05.24 07:21:52.181,1.02999,1.0304,1.13,2.10
2011.05.24 07:21:52.291,1.02996,1.0304,3.45,2.48
2011.05.24 07:21:52.510,1.02996,1.03038,2.70,1.73
2011.05.24 07:21:52.730,1.02996,1.03036,1.35,1.73
2011.05.24 07:21:53.060,1.02991,1.03036,3.83,1.73
2011.05.24 07:21:53.695,1.02991,1.03036,3.83,1.73
2011.05.24 07:21:54.410,1.02995,1.03036,1.35,1.13
2011.05.24 07:21:54.519,1.02996,1.03037,1.13,3.45
2011.05.24 07:21:55.068,1.02996,1.03041,1.13,1.73
2011.05.24 07:21:55.801,1.02996,1.03041,1.13,1.73
2011.05.24 07:21:56.413,1.02996,1.03041,1.88,1.73
2011.05.24 07:21:57.669,1.02999,1.0304,1.35,1.35
2011.05.24 07:21:59.205,1.02998,1.03039,2.85,3.23
2011.05.24 07:22:00.269,1.02996,1.03039,1.35,2.10
2011.05.24 07:22:00.648,1.02997,1.03042,2.10,3.08
2011.05.24 07:22:01.190,1.02997,1.0304,2.10,1.35
2011.05.24 07:22:07.749,1.03001,1.03042,1.73,2.70
2011.05.24 07:22:08.079,1.03003,1.03046,2.10,1.88
2011.05.24 07:22:08.192,1.03001,1.03045,1.73,1.35
2011.05.24 07:22:08.740,1.02998,1.03042,3.45,3.08
2011.05.24 07:22:10.059,1.02995,1.03037,1.13,2.70
2011.05.24 07:22:10.168,1.02992,1.03037,2.48,2.70
2011.05.24 07:22:10.279,1.02992,1.03036,1.35,2.48
2011.05.24 07:22:10.833,1.02992,1.03032,1.35,2.10
2011.05.24 07:22:11.160,1.02994,1.03036,3.23,1.50
2011.05.24 07:22:11.864,1.02996,1.03037,1.35,1.50
2011.05.24 07:22:12.199,1.02998,1.03037,4.58,1.50
2011.05.24 07:22:12.530,1.03001,1.03037,1.35,1.50
2011.05.24 07:22:13.081,1.02992,1.03036,2.70,3.83
2011.05.24 07:22:13.555,1.02993,1.03036,3.23,2.85
2011.05.24 07:22:14.440,1.02993,1.03037,2.48,1.50
2011.05.24 07:22:14.949,1.02993,1.03037,2.48,1.50
2011.05.24 07:22:18.129,1.03001,1.03036,1.35,1.50
2011.05.24 07:22:18.460,1.03005,1.03037,4.20,1.50
2011.05.24 07:22:19.022,1.03005,1.03037,2.10,1.50
2011.05.24 07:22:19.239,1.03,1.03036,2.10,3.60
2011.05.24 07:22:19.788,1.02996,1.03033,1.35,2.70
2011.05.24 07:22:23.171,1.02992,1.03035,1.35,4.20
2011.05.24 07:22:29.531,1.02986,1.03028,1.35,2.10
2011.05.24 07:22:29.750,1.02986,1.03028,1.35,2.70
2011.05.24 07:22:38.092,1.02984,1.03025,1.13,2.10
2011.05.24 07:22:38.199,1.02982,1.03018,1.35,2.70
2011.05.24 07:22:38.310,1.02982,1.03016,1.35,2.85
2011.05.24 07:22:38.833,1.02982,1.03016,1.73,2.85
2011.05.24 07:22:38.941,1.02983,1.03027,1.73,2.70
2011.05.24 07:22:41.432,1.02987,1.03028,1.73,1.35
2011.05.24 07:22:41.762,1.02987,1.03024,3.23,2.10
2011.05.24 07:22:41.983,1.02988,1.03033,2.10,5.93
2011.05.24 07:22:42.212,1.02986,1.03032,2.70,5.70
2011.05.24 07:22:42.762,1.02986,1.03029,2.48,2.85
2011.05.24 07:22:42.870,1.02987,1.03032,2.70,3.83
2011.05.24 07:22:44.799,1.02986,1.03029,3.23,2.10
2011.05.24 07:22:45.348,1.02987,1.03032,1.35,3.08
2011.05.24 07:22:47.060,1.02987,1.0303,1.35,3.45
2011.05.24 07:22:50.349,1.02987,1.03028,1.35,1.35
2011.05.24 07:22:51.010,1.02987,1.0303,1.35,1.35
2011.05.24 07:22:52.659,1.02988,1.03028,2.70,1.35
2011.05.24 07:22:53.429,1.02985,1.03028,2.10,2.48
2011.05.24 07:22:54.751,1.02985,1.03028,2.10,2.48
2011.05.24 07:22:55.569,1.02985,1.03029,3.23,2.10
2011.05.24 07:22:56.075,1.02985,1.0303,3.23,2.70
2011.05.24 07:22:56.300,1.02988,1.03034,4.58,2.85
2011.05.24 07:22:57.178,1.02992,1.03036,2.70,6.84
2011.05.24 07:22:58.199,1.02992,1.03036,2.70,5.33
2011.05.24 07:23:00.139,1.02995,1.03036,1.35,4.59
2011.05.24 07:23:00.908,1.02995,1.03032,1.35,2.10
2011.05.24 07:23:01.240,1.02996,1.03032,3.23,2.10
2011.05.24 07:23:01.349,1.02996,1.03036,3.23,2.87
2011.05.24 07:23:10.314,1.02998,1.03042,1.35,2.70
2011.05.24 07:23:10.432,1.02999,1.03041,1.35,2.10
2011.05.24 07:23:10.763,1.03003,1.03046,2.70,1.35
2011.05.24 07:23:11.089,1.03007,1.03047,2.48,3.60
2011.05.24 07:23:11.642,1.03008,1.03047,2.70,1.50
2011.05.24 07:23:12.719,1.03004,1.03046,1.35,3.23
2011.05.24 07:23:13.160,1.02999,1.03043,2.70,4.58
2011.05.24 07:23:13.489,1.02999,1.03042,2.10,2.70
2011.05.24 07:23:16.599,1.02999,1.03042,1.35,4.22
2011.05.24 07:23:17.479,1.02999,1.03037,1.35,2.85
2011.05.24 07:23:17.809,1.02999,1.03033,1.35,2.10
2011.05.24 07:23:18.251,1.02997,1.03034,1.35,2.10
2011.05.24 07:23:18.469,1.02995,1.03034,1.35,4.80
2011.05.24 07:23:19.421,1.02997,1.03034,1.35,2.10
2011.05.24 07:23:21.148,1.03,1.03034,1.35,2.10
2011.05.24 07:23:23.171,1.02997,1.03032,1.35,2.10
2011.05.24 07:23:23.282,1.02997,1.03036,1.35,1.35
2011.05.24 07:23:23.499,1.02994,1.03036,1.35,2.10
2011.05.24 07:23:24.251,1.02992,1.03031,1.35,1.35
2011.05.24 07:23:24.825,1.02987,1.03029,3.83,2.10
2011.05.24 07:23:26.249,1.02991,1.03031,1.35,2.70
2011.05.24 07:23:32.138,1.02987,1.03029,1.73,2.70
2011.05.24 07:23:32.470,1.02993,1.03029,1.73,2.10
2011.05.24 07:23:32.582,1.02994,1.0304,3.08,2.70
2011.05.24 07:23:32.689,1.02996,1.0304,1.73,2.70
2011.05.24 07:23:33.748,1.03002,1.03041,2.10,1.52
2011.05.24 07:23:34.080,1.03003,1.03042,1.35,1.50
2011.05.24 07:23:34.629,1.03,1.03039,2.10,2.70
2011.05.24 07:23:34.962,1.02995,1.03037,2.48,2.10
2011.05.24 07:23:37.711,1.03001,1.03037,1.35,2.10
2011.05.24 07:23:38.960,1.02996,1.03035,1.35,2.70
2011.05.24 07:23:39.180,1.02992,1.03034,1.35,3.08
2011.05.24 07:23:39.290,1.02991,1.03032,1.35,2.70
2011.05.24 07:23:40.449,1.02991,1.03032,1.73,2.10
2011.05.24 07:23:41.198,1.02997,1.03036,1.13,5.70
2011.05.24 07:23:42.042,1.02998,1.03036,2.48,3.00
2011.05.24 07:23:42.700,1.02997,1.03035,3.08,1.35
2011.05.24 07:23:42.919,1.02997,1.03026,2.85,1.73
2011.05.24 07:23:43.031,1.02997,1.03025,2.10,1.73
2011.05.24 07:23:43.141,1.02987,1.03025,2.10,1.50
2011.05.24 07:23:43.471,1.02988,1.03026,1.35,1.35
2011.05.24 07:23:43.799,1.02982,1.03023,3.23,2.10
2011.05.24 07:23:48.460,1.02987,1.03027,1.35,3.62
2011.05.24 07:23:50.693,1.02987,1.03026,1.73,2.10
2011.05.24 07:23:51.020,1.02992,1.03027,1.35,2.10
2011.05.24 07:23:51.131,1.02993,1.03035,2.48,2.10
2011.05.24 07:23:52.489,1.02996,1.03032,1.35,2.10
2011.05.24 07:23:53.209,1.02996,1.03032,1.35,2.10
2011.05.24 07:23:54.100,1.02994,1.03032,1.35,2.70
2011.05.24 07:23:54.430,1.02992,1.03029,1.35,2.70
2011.05.24 07:23:54.541,1.02992,1.03027,1.35,2.10
2011.05.24 07:23:55.200,1.0299,1.03027,1.35,2.70
2011.05.24 07:23:57.281,1.02991,1.03031,1.13,2.70
2011.05.24 07:23:57.392,1.02991,1.03032,1.73,2.70
2011.05.24 07:23:57.720,1.02994,1.03032,1.73,2.70
2011.05.24 07:23:59.061,1.02994,1.03035,3.23,2.10
2011.05.24 07:23:59.822,1.02995,1.03035,1.35,3.45
2011.05.24 07:24:00.349,1.02995,1.03033,1.35,2.70
2011.05.24 07:24:01.439,1.02995,1.03031,1.35,2.10
2011.05.24 07:24:01.660,1.02995,1.03033,1.35,4.80
2011.05.24 07:24:02.262,1.02995,1.03032,1.35,2.10
2011.05.24 07:24:04.149,1.02995,1.03033,1.35,2.70
2011.05.24 07:24:05.793,1.02996,1.03032,1.13,2.10
2011.05.24 07:24:06.122,1.02992,1.03031,1.13,2.70
2011.05.24 07:24:06.679,1.02995,1.03032,1.35,2.10
2011.05.24 07:24:07.329,1.02995,1.03032,1.35,2.10
2011.05.24 07:24:07.439,1.02996,1.03032,1.73,2.10
2011.05.24 07:24:07.660,1.02996,1.03034,1.35,2.10
2011.05.24 07:24:07.770,1.02996,1.03034,1.35,2.70
2011.05.24 07:24:08.320,1.02996,1.03031,1.35,2.10
2011.05.24 07:24:09.922,1.02993,1.03031,1.13,2.70
2011.05.24 07:24:11.599,1.02997,1.03032,1.35,2.10
2011.05.24 07:24:12.152,1.02997,1.03035,1.35,4.20
2011.05.24 07:24:12.840,1.02997,1.0304,1.35,2.10
2011.05.24 07:24:13.530,1.03002,1.03042,1.73,2.70
2011.05.24 07:24:14.379,1.02998,1.03042,2.70,2.48
2011.05.24 07:24:14.919,1.02998,1.03042,2.70,2.48
2011.05.24 07:24:15.140,1.02998,1.03042,2.10,3.08
2011.05.24 07:24:15.360,1.02992,1.03039,3.08,3.08
2011.05.24 07:24:16.245,1.02995,1.03039,1.35,3.08
2011.05.24 07:24:16.549,1.02992,1.03039,3.23,3.08
2011.05.24 07:24:16.660,1.02992,1.03035,2.10,1.73
2011.05.24 07:24:16.771,1.02989,1.0303,1.35,2.48
2011.05.24 07:24:17.099,1.02988,1.03033,2.70,3.45
2011.05.24 07:24:18.921,1.02991,1.03033,1.35,3.45
2011.05.24 07:24:25.669,1.02991,1.03033,1.73,2.70
2011.05.24 07:24:25.780,1.02993,1.03035,3.08,1.35
2011.05.24 07:24:26.329,1.02995,1.03041,3.83,4.20
2011.05.24 07:24:26.659,1.02998,1.0304,2.48,2.70
2011.05.24 07:24:31.880,1.03002,1.0304,1.35,3.08
2011.05.24 07:24:32.870,1.02998,1.03039,2.48,2.10
2011.05.24 07:24:33.430,1.02999,1.03043,2.70,3.08
2011.05.24 07:24:34.199,1.02998,1.03039,2.10,2.48
2011.05.24 07:24:36.770,1.02998,1.0304,2.10,2.70
2011.05.24 07:24:38.424,1.02998,1.0304,2.10,3.08
2011.05.24 07:24:38.980,1.02998,1.03038,2.10,2.10
2011.05.24 07:24:40.040,1.02998,1.03042,4.58,3.45
2011.05.24 07:24:42.399,1.03004,1.03043,2.48,1.35
2011.05.24 07:24:46.078,1.03004,1.03043,2.10,1.35
2011.05.24 07:24:51.739,1.03006,1.03045,1.35,1.35
2011.05.24 07:24:54.369,1.03002,1.03043,2.10,2.10
2011.05.24 07:24:54.699,1.03005,1.03044,2.10,1.35
2011.05.24 07:24:55.151,1.03005,1.03042,2.10,1.35
2011.05.24 07:25:03.082,1.03001,1.03039,1.35,2.85
2011.05.24 07:25:03.842,1.02999,1.03036,1.35,2.10
2011.05.24 07:25:04.190,1.02998,1.03036,2.70,2.10
2011.05.24 07:25:04.411,1.02996,1.03032,1.35,2.10
2011.05.24 07:25:06.169,1.02996,1.03032,1.35,2.10
2011.05.24 07:25:06.669,1.03,1.03036,1.35,2.10
2011.05.24 07:25:08.119,1.03,1.03036,1.35,2.10
2011.05.24 07:25:09.182,1.03006,1.0304,1.35,2.10
2011.05.24 07:25:09.401,1.03005,1.03043,2.10,2.70
2011.05.24 07:25:10.612,1.03,1.03044,2.70,2.48
2011.05.24 07:25:11.244,1.03004,1.03043,2.70,1.73
2011.05.24 07:25:18.159,1.02998,1.03042,4.80,3.08
2011.05.24 07:25:18.708,1.02996,1.03038,1.35,3.45
2011.05.24 07:25:19.389,1.02996,1.03037,1.35,1.35
2011.05.24 07:25:20.140,1.02996,1.03038,1.35,3.45
2011.05.24 07:25:22.360,1.03001,1.03038,1.35,1.35
2011.05.24 07:25:23.982,1.03001,1.03037,1.35,1.35
2011.05.24 07:25:24.309,1.02997,1.03037,1.50,1.35
2011.05.24 07:25:24.858,1.02997,1.03038,1.50,1.35
2011.05.24 07:25:25.876,1.02997,1.03038,1.50,1.35
2011.05.24 07:25:26.090,1.03001,1.03038,1.35,1.35
2011.05.24 07:25:26.639,1.03001,1.03043,1.35,1.35
2011.05.24 07:25:28.209,1.03006,1.03045,2.10,2.70
2011.05.24 07:25:33.050,1.03011,1.03045,1.35,1.35
2011.05.24 07:25:33.559,1.03012,1.03046,1.35,3.02
2011.05.24 07:25:37.720,1.03012,1.03053,1.35,1.35
2011.05.24 07:25:41.733,1.03006,1.03049,1.35,2.48
2011.05.24 07:25:45.450,1.03007,1.03048,1.35,1.35
2011.05.24 07:25:45.999,1.03012,1.03052,1.35,2.10
2011.05.24 07:25:46.111,1.03012,1.03054,1.73,2.70
2011.05.24 07:25:46.220,1.0301,1.03054,1.35,2.70
2011.05.24 07:25:46.661,1.03016,1.03059,1.13,1.35
2011.05.24 07:25:47.381,1.03013,1.0306,3.08,3.83
2011.05.24 07:25:48.139,1.03015,1.0306,1.35,3.83
2011.05.24 07:25:49.209,1.03017,1.0306,1.13,3.45
2011.05.24 07:25:49.760,1.03015,1.03059,2.70,1.73
2011.05.24 07:25:49.870,1.03015,1.03059,1.35,1.73
2011.05.24 07:25:51.060,1.03014,1.03057,1.13,2.10
2011.05.24 07:25:51.422,1.03011,1.03053,1.13,2.70
2011.05.24 07:25:51.530,1.03009,1.03054,3.83,1.73
2011.05.24 07:25:51.971,1.03014,1.03055,2.10,1.73
2011.05.24 07:25:52.079,1.0301,1.03055,2.85,3.83
2011.05.24 07:26:04.702,1.0302,1.03054,2.10,2.10
2011.05.24 07:26:04.810,1.0302,1.03063,2.48,1.35
2011.05.24 07:26:04.920,1.03022,1.03061,3.83,1.35
2011.05.24 07:26:06.452,1.03016,1.03062,2.70,2.48
2011.05.24 07:26:07.001,1.03017,1.03063,1.73,2.70
2011.05.24 07:26:09.420,1.03021,1.03064,1.35,1.73
2011.05.24 07:26:11.315,1.03026,1.03067,1.35,3.45
2011.05.24 07:26:12.511,1.03021,1.03065,1.35,3.83
2011.05.24 07:26:12.620,1.03021,1.0306,1.35,2.10
2011.05.24 07:26:21.931,1.03022,1.03056,1.35,2.10
2011.05.24 07:26:22.150,1.03022,1.03061,1.35,2.10
2011.05.24 07:26:25.231,1.03022,1.03056,1.35,2.10
2011.05.24 07:26:26.311,1.03022,1.03059,1.35,2.10
2011.05.24 07:26:27.343,1.03022,1.03057,1.35,2.10
2011.05.24 07:26:27.780,1.03022,1.0306,1.35,4.20
2011.05.24 07:26:28.109,1.03022,1.03058,1.35,2.10
2011.05.24 07:26:28.658,1.03022,1.03059,1.35,2.10
2011.05.24 07:26:31.067,1.03022,1.03057,1.35,1.50
2011.05.24 07:26:31.619,1.03017,1.03058,1.35,2.48
2011.05.24 07:26:32.220,1.03023,1.03062,2.10,2.70
2011.05.24 07:26:34.022,1.03021,1.0306,1.35,2.10
2011.05.24 07:26:37.902,1.03021,1.03062,1.35,2.10
2011.05.24 07:26:42.273,1.03021,1.03064,1.35,3.83
2011.05.24 07:26:51.146,1.03025,1.03068,1.35,2.70
2011.05.24 07:26:52.940,1.03027,1.03068,2.10,2.70
2011.05.24 07:26:54.273,1.03027,1.03067,2.10,1.50
2011.05.24 07:26:54.600,1.03026,1.03063,1.35,2.10
2011.05.24 07:26:57.033,1.03026,1.03063,1.35,2.10
2011.05.24 07:26:57.352,1.03031,1.03068,2.48,1.50
2011.05.24 07:26:57.464,1.03029,1.03068,2.70,1.35
2011.05.24 07:26:57.689,1.03031,1.03072,2.10,1.50
2011.05.24 07:26:57.800,1.03031,1.03074,2.48,2.70
2011.05.24 07:26:58.131,1.03032,1.03075,2.48,2.85
2011.05.24 07:26:58.572,1.03025,1.03071,2.48,2.70
2011.05.24 07:26:58.902,1.03023,1.03068,3.08,2.70
2011.05.24 07:27:02.338,1.03022,1.03064,1.35,4.20
2011.05.24 07:27:04.334,1.03018,1.0306,1.13,2.10
2011.05.24 07:27:04.671,1.03016,1.03059,1.35,2.70
2011.05.24 07:27:09.229,1.03011,1.03058,4.20,3.08
2011.05.24 07:27:10.901,1.03011,1.03054,1.35,2.48
2011.05.24 07:27:15.096,1.03012,1.03053,1.35,3.45
2011.05.24 07:27:16.280,1.03016,1.03059,2.10,3.83
2011.05.24 07:27:20.770,1.03021,1.03064,2.85,3.23
2011.05.24 07:27:25.690,1.03021,1.03058,2.85,2.10
2011.05.24 07:27:25.801,1.03021,1.03061,1.35,2.70
2011.05.24 07:27:27.338,1.0302,1.03063,1.35,2.48
2011.05.24 07:27:34.809,1.03021,1.03064,1.35,1.73
2011.05.24 07:27:38.410,1.03022,1.03065,2.48,2.70
2011.05.24 07:27:38.741,1.03024,1.03067,2.70,3.60
2011.05.24 07:27:40.146,1.03025,1.03066,1.35,1.35
2011.05.24 07:27:44.329,1.03025,1.03066,1.35,1.35
2011.05.24 07:27:44.879,1.03028,1.03067,2.48,2.10
2011.05.24 07:27:46.201,1.03026,1.03067,2.85,4.20
2011.05.24 07:27:46.420,1.03023,1.03067,2.70,2.48
2011.05.24 07:27:46.749,1.03019,1.03064,3.83,4.58
2011.05.24 07:27:47.172,1.03022,1.03064,1.35,3.08
2011.05.24 07:27:47.499,1.03022,1.03066,1.35,4.58
2011.05.24 07:27:48.481,1.03025,1.03064,2.48,2.10
2011.05.24 07:27:49.123,1.03032,1.03074,3.23,2.85
2011.05.24 07:27:49.232,1.03034,1.03078,3.08,2.70
2011.05.24 07:27:49.451,1.03034,1.03074,3.08,2.10
2011.05.24 07:27:56.106,1.03037,1.03074,1.35,2.10
2011.05.24 07:27:57.264,1.0303,1.03066,1.35,2.10
2011.05.24 07:27:57.821,1.03028,1.03066,3.08,2.10
2011.05.24 07:27:59.365,1.03028,1.03071,3.08,2.70
2011.05.24 07:28:01.640,1.03038,1.0307,2.10,2.10
2011.05.24 07:28:01.971,1.03038,1.03079,4.95,1.35
2011.05.24 07:28:03.290,1.03038,1.03081,3.08,1.35
2011.05.24 07:28:04.820,1.03034,1.03079,2.70,3.45
2011.05.24 07:28:05.150,1.03031,1.03073,1.35,2.70
2011.05.24 07:28:07.529,1.03026,1.03068,2.10,2.10
2011.05.24 07:28:07.860,1.03026,1.03065,2.10,2.10
2011.05.24 07:28:08.079,1.03024,1.03065,1.35,2.10
2011.05.24 07:28:08.629,1.03024,1.03068,1.35,2.70
2011.05.24 07:28:08.740,1.03022,1.03068,2.10,3.08
2011.05.24 07:28:09.295,1.03022,1.03064,1.35,3.08
2011.05.24 07:28:11.797,1.03024,1.03064,2.10,2.48
2011.05.24 07:28:12.021,1.03024,1.03068,2.48,2.85
2011.05.24 07:28:13.930,1.03026,1.03069,2.10,3.08
2011.05.24 07:28:14.041,1.03027,1.03067,3.08,2.10
2011.05.24 07:28:18.251,1.03021,1.03066,1.35,3.08
2011.05.24 07:28:24.390,1.03021,1.03064,1.73,2.70
2011.05.24 07:28:26.315,1.03021,1.03066,1.73,2.70
2011.05.24 07:28:26.649,1.03024,1.0307,3.45,2.70
2011.05.24 07:28:27.201,1.03028,1.03072,3.08,2.10
2011.05.24 07:28:27.700,1.03028,1.0307,2.48,2.10
2011.05.24 07:28:29.523,1.03029,1.0307,1.13,2.10
2011.05.24 07:28:32.210,1.03023,1.03065,1.73,2.70
2011.05.24 07:28:32.431,1.03025,1.03068,1.73,2.70
2011.05.24 07:28:32.870,1.03028,1.03069,3.08,2.10
2011.05.24 07:28:33.607,1.03028,1.03073,3.08,1.35
2011.05.24 07:28:34.620,1.03028,1.03074,2.70,3.83
2011.05.24 07:28:35.170,1.03028,1.0307,1.35,2.70
2011.05.24 07:28:35.502,1.03038,1.03083,6.68,1.35
2011.05.24 07:28:37.490,1.03038,1.03083,4.80,1.73
2011.05.24 07:28:37.601,1.03037,1.03079,1.35,1.35
2011.05.24 07:28:37.931,1.03034,1.03077,2.70,1.73
2011.05.24 07:28:39.580,1.03029,1.03066,1.13,2.10
2011.05.24 07:28:40.215,1.03028,1.03066,2.10,3.60
2011.05.24 07:28:40.326,1.0302,1.03061,2.10,2.10
2011.05.24 07:28:41.330,1.03026,1.03061,2.10,2.10
2011.05.24 07:28:42.723,1.03024,1.03061,2.70,2.10
2011.05.24 07:28:42.939,1.03021,1.03064,2.85,3.08
2011.05.24 07:28:43.271,1.03027,1.03069,2.70,2.10
2011.05.24 07:28:43.380,1.03027,1.03071,2.70,2.48
2011.05.24 07:28:44.853,1.03028,1.03071,3.83,2.85
2011.05.24 07:28:45.400,1.03033,1.03076,3.08,2.70
2011.05.24 07:28:46.015,1.03033,1.03076,2.70,1.73
2011.05.24 07:28:46.660,1.0303,1.03074,2.70,2.10
2011.05.24 07:28:47.212,1.0303,1.03076,3.08,2.70
2011.05.24 07:28:47.322,1.0303,1.03074,3.08,2.10
2011.05.24 07:28:47.541,1.03032,1.03076,3.08,2.70
2011.05.24 07:28:47.649,1.03032,1.03076,2.70,3.08
2011.05.24 07:28:48.640,1.03031,1.03075,1.35,3.08
2011.05.24 07:28:48.969,1.03033,1.03073,1.73,2.10
2011.05.24 07:28:49.519,1.03031,1.03077,3.83,1.35
2011.05.24 07:28:53.260,1.03028,1.03074,3.83,1.35
2011.05.24 07:28:54.148,1.03029,1.0307,1.35,2.10
2011.05.24 07:28:54.479,1.03027,1.0307,1.35,4.20
2011.05.24 07:28:56.420,1.03021,1.03065,1.35,4.20
2011.05.24 07:28:56.749,1.03017,1.03058,3.60,2.10
2011.05.24 07:28:56.968,1.03017,1.03058,1.35,2.70
2011.05.24 07:28:58.679,1.03017,1.03058,2.48,2.10
2011.05.24 07:28:58.790,1.03019,1.03062,3.08,2.70
2011.05.24 07:28:59.340,1.03023,1.03066,3.83,3.60
2011.05.24 07:29:03.379,1.03025,1.03062,1.13,2.10
2011.05.24 07:29:04.479,1.03021,1.0306,1.35,2.70
2011.05.24 07:29:05.679,1.03021,1.0306,1.35,2.70
2011.05.24 07:29:05.921,1.03022,1.0306,1.35,2.10
2011.05.24 07:29:06.250,1.03028,1.03062,2.70,3.00
2011.05.24 07:29:06.581,1.03028,1.03062,3.08,1.50
2011.05.24 07:29:06.909,1.03028,1.03067,3.08,2.70
2011.05.24 07:29:07.133,1.03028,1.03067,2.70,2.70
2011.05.24 07:29:08.471,1.03027,1.0307,1.73,2.70
2011.05.24 07:29:08.580,1.03031,1.0307,2.10,2.70
2011.05.24 07:29:09.278,1.03026,1.03066,2.10,2.10
2011.05.24 07:29:11.641,1.03026,1.03062,1.35,2.10
2011.05.24 07:29:11.971,1.03021,1.03058,1.35,2.10
2011.05.24 07:29:12.411,1.03021,1.03061,2.10,2.85
2011.05.24 07:29:20.080,1.03021,1.03056,2.85,2.10
2011.05.24 07:29:21.371,1.03021,1.03059,2.85,4.20
2011.05.24 07:29:21.480,1.03021,1.03057,1.35,2.10
2011.05.24 07:29:21.699,1.0302,1.03059,2.10,3.45
2011.05.24 07:29:22.031,1.03018,1.03054,2.70,2.70
2011.05.24 07:29:24.111,1.0302,1.03055,1.35,2.10
2011.05.24 07:29:25.789,1.03022,1.03059,1.35,2.10
2011.05.24 07:29:39.974,1.03024,1.03057,2.10,4.37
2011.05.24 07:29:40.311,1.03024,1.03058,2.10,1.35
2011.05.24 07:29:40.421,1.03027,1.03062,2.10,4.35
2011.05.24 07:29:40.944,1.03027,1.03066,2.48,2.70
2011.05.24 07:29:41.063,1.03033,1.03068,2.10,1.35
2011.05.24 07:29:41.282,1.03026,1.03065,4.58,2.70
2011.05.24 07:29:43.502,1.03027,1.03064,1.35,2.70
2011.05.24 07:29:43.831,1.03027,1.03065,1.73,2.85
2011.05.24 07:29:43.942,1.03027,1.03065,1.35,2.10
2011.05.24 07:29:44.951,1.03021,1.03056,1.35,2.10
2011.05.24 07:29:45.499,1.03021,1.03056,1.35,4.20
2011.05.24 07:29:46.050,1.03016,1.03055,3.23,3.45
2011.05.24 07:29:48.140,1.03016,1.03056,1.35,3.02
2011.05.24 07:29:48.360,1.03021,1.03059,2.48,2.10
2011.05.24 07:29:48.470,1.03021,1.03065,2.48,2.70
2011.05.24 07:29:50.001,1.03032,1.03071,2.48,2.70
2011.05.24 07:29:50.472,1.03035,1.03071,1.35,2.85
2011.05.24 07:29:51.020,1.03034,1.03071,2.48,1.35
2011.05.24 07:29:51.760,1.03032,1.03071,1.35,2.10
2011.05.24 07:29:51.870,1.03032,1.03072,1.73,2.85
2011.05.24 07:29:52.378,1.03032,1.03071,1.13,2.10
2011.05.24 07:29:52.489,1.03031,1.03069,1.35,2.70
2011.05.24 07:29:53.068,1.03031,1.03069,1.35,2.70
2011.05.24 07:29:54.094,1.03031,1.03069,1.35,2.70
2011.05.24 07:29:54.431,1.03031,1.03069,1.35,2.70
2011.05.24 07:29:56.159,1.03035,1.03071,1.35,1.35
2011.05.24 07:29:56.904,1.03035,1.03071,1.35,1.35
2011.05.24 07:29:57.240,1.03032,1.03069,1.35,2.10
2011.05.24 07:29:57.681,1.03033,1.03071,2.48,2.10
2011.05.24 07:29:58.120,1.03036,1.03077,2.10,2.70
2011.05.24 07:30:00.036,1.03041,1.03076,1.35,2.70
2011.05.24 07:30:01.002,1.03042,1.03083,1.73,2.85
2011.05.24 07:30:01.659,1.03046,1.03083,1.35,2.10
2011.05.24 07:30:02.471,1.03042,1.03077,1.35,2.10
2011.05.24 07:30:03.402,1.03043,1.03077,1.35,2.10
2011.05.24 07:30:04.279,1.03046,1.0308,1.35,1.35
2011.05.24 07:30:05.627,1.03043,1.03078,1.35,2.10
2011.05.24 07:30:06.231,1.03046,1.0308,1.35,2.10
2011.05.24 07:30:06.781,1.03037,1.03076,1.35,2.10
2011.05.24 07:30:08.309,1.03036,1.03071,1.35,2.10
2011.05.24 07:30:09.420,1.0304,1.03074,1.35,2.10
2011.05.24 07:30:15.987,1.03041,1.03076,1.35,2.87
2011.05.24 07:30:16.354,1.0304,1.03074,1.35,2.10
2011.05.24 07:30:16.918,1.03035,1.03074,2.10,3.23
2011.05.24 07:30:19.131,1.03039,1.03076,2.10,2.10
2011.05.24 07:30:21.423,1.03044,1.03077,2.10,1.50
2011.05.24 07:30:21.949,1.03051,1.03088,2.10,2.70
2011.05.24 07:30:22.722,1.03051,1.0309,2.10,4.20
2011.05.24 07:30:22.832,1.03046,1.03086,2.10,1.73
2011.05.24 07:30:27.220,1.03051,1.03087,1.35,2.10
2011.05.24 07:30:29.451,1.03052,1.03091,1.35,1.35
2011.05.24 07:30:30.079,1.0305,1.03092,2.85,2.10
2011.05.24 07:30:34.471,1.03048,1.03092,3.08,2.10
2011.05.24 07:30:35.092,1.03043,1.03083,2.10,2.10
2011.05.24 07:30:35.791,1.03043,1.03087,2.10,3.08
2011.05.24 07:30:36.234,1.03049,1.03091,1.35,2.70
2011.05.24 07:30:36.352,1.03051,1.03095,3.45,2.10
2011.05.24 07:30:37.800,1.03054,1.03099,3.08,3.60
2011.05.24 07:30:39.700,1.03056,1.03092,1.13,1.35
2011.05.24 07:30:39.812,1.03051,1.0309,2.70,2.70
2011.05.24 07:30:39.923,1.03047,1.03087,2.85,2.10
2011.05.24 07:30:40.251,1.03048,1.03087,3.08,2.10
2011.05.24 07:30:40.910,1.0305,1.03091,2.48,2.10
2011.05.24 07:30:42.901,1.03051,1.03088,2.48,2.10
2011.05.24 07:30:43.017,1.03053,1.03096,3.08,2.85
2011.05.24 07:30:45.891,1.03057,1.03078,1.35,2.10
2011.05.24 07:30:46.001,1.03048,1.03075,2.85,2.10
2011.05.24 07:30:46.110,1.03037,1.03075,1.35,2.10
2011.05.24 07:30:46.440,1.03043,1.03078,2.10,2.10
2011.05.24 07:30:46.989,1.03041,1.03078,1.35,4.20
2011.05.24 07:30:49.950,1.03037,1.03079,2.10,2.10
2011.05.24 07:30:50.505,1.03031,1.03077,3.45,3.08
2011.05.24 07:30:50.621,1.03032,1.03074,2.10,2.10
2011.05.24 07:30:51.170,1.0303,1.03071,1.35,2.70
2011.05.24 07:30:51.942,1.03034,1.03074,2.10,2.10
2011.05.24 07:30:52.052,1.03034,1.03075,3.08,1.35
2011.05.24 07:30:52.273,1.03036,1.03076,3.83,1.35
2011.05.24 07:30:52.492,1.0304,1.03079,2.85,2.10
2011.05.24 07:30:52.712,1.03038,1.0308,2.48,2.70
2011.05.24 07:30:53.480,1.03034,1.03078,1.73,2.70
2011.05.24 07:30:53.810,1.03033,1.03077,1.13,2.70
2011.05.24 07:30:55.472,1.03033,1.03076,2.85,1.35
2011.05.24 07:30:55.581,1.03023,1.03066,1.35,1.35
2011.05.24 07:30:55.804,1.03032,1.03072,2.10,3.45
2011.05.24 07:30:56.664,1.03033,1.03078,2.48,1.35
2011.05.24 07:30:57.503,1.03041,1.03079,2.10,2.10
2011.05.24 07:30:57.832,1.03041,1.0308,2.10,2.10
2011.05.24 07:30:58.061,1.03039,1.03081,2.10,2.10
2011.05.24 07:30:58.169,1.03039,1.03079,2.10,1.35
2011.05.24 07:30:58.501,1.0303,1.03075,4.80,2.85
2011.05.24 07:30:58.719,1.0303,1.03075,2.70,3.45
2011.05.24 07:30:58.942,1.0303,1.03065,2.10,2.48
2011.05.24 07:30:59.051,1.03028,1.03064,2.10,1.73
2011.05.24 07:30:59.162,1.03024,1.03062,1.50,4.80
2011.05.24 07:30:59.381,1.03031,1.03069,2.10,3.08
2011.05.24 07:30:59.491,1.03033,1.03072,2.10,2.85
2011.05.24 07:30:59.601,1.03029,1.0307,2.10,2.85
2011.05.24 07:31:00.340,1.03022,1.03067,2.85,3.83
2011.05.24 07:31:00.848,1.03022,1.03065,2.85,1.35
2011.05.24 07:31:01.070,1.03022,1.03062,1.35,3.08
2011.05.24 07:31:01.179,1.03019,1.0306,1.35,2.48
2011.05.24 07:31:01.290,1.03016,1.0306,1.35,2.48
2011.05.24 07:31:01.941,1.03014,1.03051,2.70,2.10
2011.05.24 07:31:02.272,1.03011,1.03044,2.10,2.10
2011.05.24 07:31:02.381,1.03014,1.03054,2.10,2.70
2011.05.24 07:31:02.600,1.03022,1.03056,2.10,2.70
2011.05.24 07:31:05.652,1.03017,1.03057,1.35,2.10
2011.05.24 07:31:06.269,1.03017,1.03058,3.23,2.10
2011.05.24 07:31:06.822,1.03022,1.0306,2.10,2.10
2011.05.24 07:31:07.040,1.03017,1.0306,3.23,2.70
2011.05.24 07:31:07.373,1.03017,1.03056,2.48,2.10
2011.05.24 07:31:07.482,1.03021,1.03063,2.10,2.10
2011.05.24 07:31:07.842,1.0302,1.03065,2.70,4.58
2011.05.24 07:31:08.500,1.0302,1.03065,3.08,2.10
2011.05.24 07:31:09.051,1.0302,1.03065,2.70,3.08
2011.05.24 07:31:11.170,1.03014,1.0306,3.08,1.73
2011.05.24 07:31:11.389,1.03018,1.0306,2.10,1.13
2011.05.24 07:31:12.049,1.03017,1.0306,1.35,1.73
2011.05.24 07:31:12.863,1.03018,1.0306,2.10,1.73
2011.05.24 07:31:17.769,1.03021,1.03064,1.35,1.35
2011.05.24 07:31:18.099,1.03025,1.03065,2.10,4.73
2011.05.24 07:31:19.139,1.03027,1.03065,1.35,4.73
2011.05.24 07:31:19.989,1.03025,1.03063,2.10,1.13
2011.05.24 07:31:20.362,1.03024,1.03061,2.10,3.08
2011.05.24 07:31:20.471,1.03028,1.03065,2.10,1.35
2011.05.24 07:31:20.583,1.03033,1.03066,2.10,1.50
2011.05.24 07:31:21.108,1.03034,1.03067,2.10,1.50
2011.05.24 07:31:21.214,1.03027,1.03063,1.35,2.48
2011.05.24 07:31:21.441,1.03027,1.03063,1.35,2.10
2011.05.24 07:31:21.550,1.03026,1.03064,2.10,2.48
2011.05.24 07:31:24.030,1.03026,1.03064,2.10,2.48
2011.05.24 07:31:25.071,1.03023,1.03064,2.10,2.48
2011.05.24 07:31:27.094,1.03023,1.03064,2.48,2.85
2011.05.24 07:31:27.433,1.03027,1.03064,2.70,2.10
2011.05.24 07:31:28.004,1.03019,1.03064,3.23,2.48
2011.05.24 07:31:28.230,1.03019,1.03062,3.23,2.10
2011.05.24 07:31:28.340,1.0302,1.03064,2.70,2.48
2011.05.24 07:31:32.239,1.03022,1.03064,1.35,3.23
2011.05.24 07:31:37.080,1.03027,1.03066,1.35,2.10
2011.05.24 07:31:37.409,1.03027,1.03068,3.45,2.10
2011.05.24 07:31:37.520,1.03027,1.03071,3.45,1.88
2011.05.24 07:31:38.493,1.03028,1.03071,2.10,1.13
2011.05.24 07:31:47.530,1.03028,1.0307,2.10,1.13
2011.05.24 07:31:47.860,1.03028,1.03066,2.10,2.10
2011.05.24 07:31:48.189,1.03028,1.03064,2.10,2.10
2011.05.24 07:31:51.913,1.03028,1.03067,2.10,2.10
2011.05.24 07:31:52.022,1.03028,1.03073,4.20,2.48
2011.05.24 07:31:53.890,1.03028,1.03073,4.20,2.85
2011.05.24 07:31:54.111,1.03018,1.03063,4.58,2.85
2011.05.24 07:31:54.222,1.03026,1.03063,2.10,4.95
2011.05.24 07:31:54.441,1.03026,1.03065,2.10,2.48
2011.05.24 07:31:54.991,1.03026,1.03067,4.20,2.10
2011.05.24 07:31:55.101,1.03028,1.03073,2.70,2.48
2011.05.24 07:31:56.109,1.03026,1.03069,2.70,2.10
2011.05.24 07:31:56.845,1.03026,1.03058,2.10,2.10
2011.05.24 07:31:56.965,1.03026,1.03064,2.10,2.48
2011.05.24 07:31:58.901,1.03021,1.03059,1.35,2.10
2011.05.24 07:31:59.121,1.03021,1.03061,1.35,2.10
2011.05.24 07:31:59.710,1.03022,1.03059,1.35,2.10
2011.05.24 07:32:02.640,1.0302,1.03058,2.10,2.10
2011.05.24 07:32:03.080,1.0302,1.0306,2.10,2.10
2011.05.24 07:32:05.383,1.0302,1.03061,2.10,2.10
2011.05.24 07:32:05.713,1.0302,1.03058,2.10,2.10
2011.05.24 07:32:06.043,1.03026,1.03058,2.48,2.10
2011.05.24 07:32:06.261,1.03028,1.03063,3.08,2.10
2011.05.24 07:32:06.824,1.03028,1.03059,2.70,2.10
2011.05.24 07:32:08.839,1.03027,1.03066,1.35,5.10
2011.05.24 07:32:10.600,1.03026,1.03067,2.85,1.50
2011.05.24 07:32:11.150,1.03027,1.03065,1.35,1.50
2011.05.24 07:32:14.452,1.03028,1.03066,3.08,1.50
2011.05.24 07:32:14.674,1.03028,1.03066,2.48,1.50
2011.05.24 07:32:14.894,1.03031,1.03067,2.10,2.48
2011.05.24 07:32:15.234,1.03019,1.03064,2.70,1.13
2011.05.24 07:32:16.166,1.03018,1.03054,2.10,1.13
2011.05.24 07:32:16.287,1.03013,1.03055,2.10,2.10
2011.05.24 07:32:16.732,1.03013,1.03058,2.70,3.23
2011.05.24 07:32:17.733,1.0301,1.03054,2.10,2.10
2011.05.24 07:32:18.119,1.0301,1.03052,2.10,2.10
2011.05.24 07:32:20.429,1.0301,1.03055,2.10,2.85
2011.05.24 07:32:21.229,1.03021,1.03053,2.10,2.10
2011.05.24 07:32:21.782,1.03013,1.03056,3.08,5.12
2011.05.24 07:32:21.889,1.0301,1.03054,1.35,2.10
2011.05.24 07:32:24.720,1.0301,1.03052,1.35,2.10
2011.05.24 07:32:25.325,1.0301,1.03054,1.35,2.10
2011.05.24 07:32:25.552,1.03008,1.03049,2.48,2.10
2011.05.24 07:32:25.770,1.03007,1.03049,3.83,2.10
2011.05.24 07:32:28.751,1.0301,1.03054,3.08,2.85
2011.05.24 07:32:29.192,1.03007,1.03046,2.70,3.23
2011.05.24 07:32:29.301,1.03004,1.03045,1.35,1.35
2011.05.24 07:32:29.519,1.03004,1.03042,1.35,1.13
2011.05.24 07:32:30.096,1.03009,1.03049,2.10,2.10
2011.05.24 07:32:32.121,1.03009,1.03049,2.10,2.85
2011.05.24 07:32:34.180,1.03012,1.03049,2.10,2.85
2011.05.24 07:32:34.760,1.03012,1.03049,2.10,2.10
2011.05.24 07:32:36.940,1.03008,1.0305,4.20,2.10
2011.05.24 07:32:38.052,1.03008,1.0305,2.10,2.85
2011.05.24 07:32:41.191,1.03006,1.03049,1.35,1.35
2011.05.24 07:32:41.519,1.03006,1.03049,1.35,1.35
2011.05.24 07:32:51.069,1.03011,1.03048,1.35,1.35
2011.05.24 07:32:52.335,1.03011,1.03048,1.35,1.73
2011.05.24 07:32:52.451,1.03006,1.03043,1.35,2.10
2011.05.24 07:32:53.582,1.03009,1.03049,2.10,2.10
2011.05.24 07:32:53.799,1.03006,1.03044,4.58,2.10
2011.05.24 07:32:54.972,1.03011,1.0305,1.73,2.10
2011.05.24 07:32:56.109,1.03015,1.0305,1.35,2.10
2011.05.24 07:32:57.663,1.03015,1.03056,1.35,3.08
2011.05.24 07:32:58.102,1.03011,1.03056,1.73,3.23
2011.05.24 07:32:58.212,1.03011,1.03053,1.73,1.35
2011.05.24 07:32:58.321,1.03012,1.03053,1.35,1.35
2011.05.24 07:33:05.800,1.03011,1.03053,3.83,1.35
2011.05.24 07:33:06.243,1.03003,1.03042,1.35,2.48
2011.05.24 07:33:06.570,1.03001,1.03042,1.35,3.08
2011.05.24 07:33:07.261,1.03002,1.0304,1.35,2.10
2011.05.24 07:33:07.830,1.03002,1.03041,1.35,2.70
2011.05.24 07:33:08.490,1.03003,1.03043,2.10,2.70
2011.05.24 07:33:12.462,1.0301,1.03049,2.48,2.70
2011.05.24 07:33:12.902,1.03017,1.0305,2.10,2.10
2011.05.24 07:33:13.784,1.03011,1.03049,1.35,2.10
2011.05.24 07:33:13.900,1.03013,1.0305,2.10,2.70
2011.05.24 07:33:21.950,1.03013,1.03045,2.10,2.10
2011.05.24 07:33:22.280,1.03013,1.0305,2.10,2.70
2011.05.24 07:33:23.990,1.03011,1.0305,3.23,2.10
2011.05.24 07:33:24.542,1.03015,1.0305,1.35,2.10
2011.05.24 07:33:25.381,1.03017,1.0305,1.35,2.10
2011.05.24 07:33:26.703,1.03012,1.0305,2.10,2.70
2011.05.24 07:33:28.030,1.03007,1.0305,2.70,3.45
2011.05.24 07:33:29.620,1.03011,1.0305,1.13,2.10
2011.05.24 07:33:29.730,1.03009,1.03049,2.10,1.73
2011.05.24 07:33:29.950,1.03006,1.03049,2.10,1.73
2011.05.24 07:33:30.170,1.03005,1.03049,2.48,3.45
2011.05.24 07:33:34.511,1.03007,1.03045,1.35,2.10
2011.05.24 07:33:36.030,1.03008,1.03048,2.10,1.73
2011.05.24 07:33:37.380,1.03006,1.03047,1.35,3.08
2011.05.24 07:33:38.390,1.03012,1.03048,1.50,1.35
2011.05.24 07:33:38.503,1.03024,1.03052,2.70,2.85
2011.05.24 07:33:38.610,1.03024,1.03052,2.70,2.10
2011.05.24 07:33:38.720,1.03024,1.03069,2.70,3.45
2011.05.24 07:33:38.940,1.03024,1.03062,2.70,2.10
2011.05.24 07:33:39.269,1.03021,1.0306,2.10,2.70
2011.05.24 07:33:39.600,1.03018,1.03058,2.85,4.20
2011.05.24 07:33:39.710,1.03018,1.03058,1.35,2.10
2011.05.24 07:33:39.821,1.03023,1.03062,1.13,2.10
2011.05.24 07:33:40.040,1.03023,1.03065,3.23,2.10
2011.05.24 07:33:40.372,1.03027,1.03066,2.10,2.70
2011.05.24 07:33:42.999,1.03031,1.03069,1.73,2.10
2011.05.24 07:33:44.990,1.03031,1.03069,1.35,2.10
2011.05.24 07:33:46.960,1.03031,1.03074,2.10,3.23
2011.05.24 07:33:47.510,1.03031,1.03069,2.10,3.08
2011.05.24 07:33:49.840,1.03027,1.03066,1.35,2.10
2011.05.24 07:33:52.364,1.03035,1.03068,2.10,3.23
2011.05.24 07:33:52.921,1.03035,1.03073,2.10,2.70
2011.05.24 07:33:54.720,1.03031,1.03073,2.10,1.73
2011.05.24 07:33:55.320,1.03032,1.03074,1.73,2.70
2011.05.24 07:33:55.759,1.03035,1.03076,2.10,2.10
2011.05.24 07:33:57.390,1.03032,1.03076,3.83,2.70
2011.05.24 07:33:58.050,1.03036,1.03074,1.35,2.70
2011.05.24 07:33:58.690,1.03032,1.03073,3.08,2.10
2011.05.24 07:33:58.913,1.0303,1.03072,2.10,2.48
2011.05.24 07:33:59.239,1.03028,1.03069,2.10,4.58
2011.05.24 07:34:01.682,1.03031,1.03069,1.35,2.10
2011.05.24 07:34:01.792,1.03038,1.03073,2.48,2.10
2011.05.24 07:34:01.899,1.03038,1.0308,2.48,1.35
2011.05.24 07:34:02.011,1.03037,1.03079,3.08,1.35
2011.05.24 07:34:02.230,1.03038,1.03082,2.48,3.23
2011.05.24 07:34:02.970,1.03038,1.03082,2.48,2.48
2011.05.24 07:34:05.349,1.03038,1.03082,2.48,1.13
2011.05.24 07:34:05.689,1.03042,1.03083,1.35,2.70
2011.05.24 07:34:06.242,1.03039,1.03084,3.83,2.70
2011.05.24 07:34:06.462,1.03039,1.03079,2.10,2.48
2011.05.24 07:34:07.037,1.03036,1.0308,1.73,2.70
2011.05.24 07:34:07.590,1.03041,1.03085,1.73,4.80
2011.05.24 07:34:11.159,1.03045,1.03085,1.35,2.70
2011.05.24 07:34:16.472,1.03041,1.03083,1.35,4.58
2011.05.24 07:34:16.581,1.03037,1.03082,1.35,3.08
2011.05.24 07:34:16.694,1.03049,1.03078,2.48,2.10
2011.05.24 07:34:16.812,1.03049,1.03083,2.48,2.10
2011.05.24 07:34:16.920,1.03054,1.03092,2.10,2.10
2011.05.24 07:34:17.030,1.03054,1.03095,2.10,2.10
2011.05.24 07:34:17.471,1.03058,1.03097,3.08,2.70
2011.05.24 07:34:18.379,1.03059,1.031,2.10,2.10
2011.05.24 07:34:18.721,1.03058,1.03101,3.08,2.70
2011.05.24 07:34:20.370,1.03058,1.031,2.70,1.35
2011.05.24 07:34:20.484,1.03053,1.03098,2.70,1.73
2011.05.24 07:34:20.591,1.03049,1.03092,2.10,2.10
2011.05.24 07:34:21.032,1.03047,1.0309,3.83,2.70
2011.05.24 07:34:21.972,1.03055,1.03093,2.10,2.70
2011.05.24 07:34:26.100,1.03051,1.0309,2.10,2.70
2011.05.24 07:34:27.771,1.03051,1.03084,2.10,2.10
2011.05.24 07:34:28.301,1.03046,1.03084,1.35,2.70
2011.05.24 07:34:29.301,1.03046,1.03084,1.35,2.70
2011.05.24 07:34:29.796,1.03046,1.03085,1.35,4.20
2011.05.24 07:34:30.480,1.03043,1.03085,1.35,4.58
2011.05.24 07:34:30.590,1.03042,1.03081,1.35,2.10
2011.05.24 07:34:31.229,1.03042,1.03081,1.35,2.70
2011.05.24 07:34:32.807,1.03041,1.03078,1.35,2.10
2011.05.24 07:34:33.832,1.03041,1.03083,1.73,2.70
2011.05.24 07:34:33.941,1.03041,1.03083,1.73,2.10
2011.05.24 07:34:38.051,1.03046,1.03084,1.35,2.10
2011.05.24 07:34:38.382,1.03046,1.03084,1.35,2.10
2011.05.24 07:34:39.051,1.03046,1.03082,1.35,2.70
2011.05.24 07:34:39.381,1.03046,1.03084,1.35,2.10
2011.05.24 07:34:39.602,1.03046,1.03087,1.35,4.58
2011.05.24 07:34:39.931,1.03051,1.03089,1.73,2.10
2011.05.24 07:34:40.266,1.03053,1.03093,1.73,4.80
2011.05.24 07:34:40.819,1.03057,1.03091,2.10,3.23
2011.05.24 07:34:41.151,1.0305,1.03095,3.08,3.45
2011.05.24 07:34:41.371,1.03053,1.03095,1.35,2.70
2011.05.24 07:34:41.699,1.03058,1.03095,3.08,2.10
2011.05.24 07:34:44.189,1.03057,1.03092,2.85,2.10
2011.05.24 07:34:50.431,1.03057,1.03094,2.85,2.70
2011.05.24 07:34:50.979,1.03051,1.03093,2.10,2.70
2011.05.24 07:34:51.532,1.03049,1.03092,1.35,4.20
2011.05.24 07:34:51.750,1.0305,1.03088,1.73,2.10
2011.05.24 07:34:52.080,1.0305,1.03086,1.73,2.10
2011.05.24 07:34:52.630,1.03042,1.03085,2.48,2.70
2011.05.24 07:34:52.960,1.03046,1.03081,1.35,2.10
2011.05.24 07:34:53.071,1.03046,1.03084,1.35,2.10
2011.05.24 07:34:54.940,1.03046,1.03082,1.35,2.10
2011.05.24 07:34:55.644,1.03042,1.03082,1.35,2.10
2011.05.24 07:34:57.981,1.03041,1.03082,1.35,2.70
2011.05.24 07:34:58.543,1.03041,1.03081,1.35,4.97
2011.05.24 07:34:58.762,1.03042,1.03081,1.35,4.20
2011.05.24 07:34:58.981,1.03042,1.03082,3.23,3.60
2011.05.24 07:34:59.821,1.03042,1.03082,3.23,1.50
2011.05.24 07:35:00.149,1.03049,1.03082,2.10,1.50
2011.05.24 07:35:00.701,1.03049,1.03082,2.10,1.52
2011.05.24 07:35:01.225,1.03043,1.03081,1.73,2.10
2011.05.24 07:35:01.346,1.03043,1.03082,1.73,2.10
2011.05.24 07:35:02.081,1.03041,1.03081,2.48,1.35
2011.05.24 07:35:04.160,1.03043,1.03081,1.73,1.35
2011.05.24 07:35:05.471,1.03058,1.03083,1.73,2.10
2011.05.24 07:35:06.020,1.03056,1.03095,2.10,2.70
2011.05.24 07:35:08.092,1.03058,1.03096,3.83,3.60
2011.05.24 07:35:08.202,1.03059,1.03095,1.35,1.35
2011.05.24 07:35:08.530,1.03054,1.03093,1.35,2.10
2011.05.24 07:35:09.129,1.03056,1.03093,1.35,2.10
2011.05.24 07:35:09.692,1.03051,1.03092,2.85,1.73
2011.05.24 07:35:10.239,1.03051,1.03087,2.10,2.10
2011.05.24 07:35:10.350,1.03047,1.03087,1.35,2.70
2011.05.24 07:35:10.981,1.03049,1.03092,1.35,4.20
2011.05.24 07:35:12.870,1.03052,1.03092,1.35,2.70
2011.05.24 07:35:13.421,1.03057,1.03096,1.13,1.35
2011.05.24 07:35:13.531,1.03058,1.03097,1.13,1.50
2011.05.24 07:35:13.860,1.03058,1.03101,1.13,1.35
2011.05.24 07:35:16.099,1.03058,1.03098,1.13,2.10
2011.05.24 07:35:16.431,1.03052,1.03094,1.35,2.70
2011.05.24 07:35:16.651,1.03051,1.03094,1.35,4.20
2011.05.24 07:35:19.677,1.03052,1.03093,1.35,1.35
2011.05.24 07:35:20.231,1.03054,1.03096,1.35,4.20
2011.05.24 07:35:21.342,1.03054,1.03096,1.35,3.23
2011.05.24 07:35:21.669,1.03051,1.03093,2.10,2.70
2011.05.24 07:35:23.261,1.03047,1.03084,1.35,2.70
2011.05.24 07:35:26.059,1.03043,1.03073,1.13,2.10
2011.05.24 07:35:26.282,1.03039,1.03073,1.50,2.10
2011.05.24 07:35:26.501,1.03031,1.03073,1.35,2.10
2011.05.24 07:35:28.055,1.03028,1.03072,2.70,3.83
2011.05.24 07:35:30.980,1.03025,1.0307,2.10,3.45
2011.05.24 07:35:31.608,1.03025,1.03069,2.10,1.73
2011.05.24 07:35:32.051,1.03029,1.03072,2.48,1.50
2011.05.24 07:35:32.381,1.03034,1.03072,2.10,1.50
2011.05.24 07:35:32.710,1.03031,1.03072,1.35,2.10
2011.05.24 07:35:36.401,1.03033,1.03076,3.23,2.10
2011.05.24 07:35:37.132,1.03033,1.03073,3.23,2.10
2011.05.24 07:35:37.232,1.03034,1.03078,2.48,2.70
2011.05.24 07:35:37.452,1.03034,1.03073,2.85,2.10
2011.05.24 07:35:37.891,1.03027,1.0307,1.35,3.08
2011.05.24 07:35:39.210,1.03023,1.03068,2.10,3.08
2011.05.24 07:35:39.323,1.03021,1.03066,3.45,3.60
2011.05.24 07:35:39.432,1.03026,1.03064,1.73,2.10
2011.05.24 07:35:39.761,1.03026,1.03066,1.35,4.80
2011.05.24 07:35:41.180,1.03022,1.03066,2.10,2.48
2011.05.24 07:35:41.400,1.03022,1.03064,1.35,2.70
2011.05.24 07:35:41.880,1.03022,1.03066,1.73,4.20
2011.05.24 07:35:41.990,1.03023,1.03067,1.73,2.10
2011.05.24 07:35:43.787,1.03021,1.03065,1.35,2.70
2011.05.24 07:35:44.341,1.03023,1.03066,1.73,2.85
2011.05.24 07:35:45.110,1.03025,1.03066,1.13,5.72
2011.05.24 07:35:46.201,1.03022,1.03064,1.35,2.70
2011.05.24 07:35:46.646,1.03022,1.03063,1.73,2.70
2011.05.24 07:35:50.114,1.03026,1.03064,1.73,2.70
2011.05.24 07:35:50.799,1.03026,1.03066,1.13,5.70
2011.05.24 07:35:50.911,1.03022,1.03063,1.35,2.70
2011.05.24 07:35:51.461,1.03021,1.03065,1.73,3.45
2011.05.24 07:35:53.132,1.03022,1.03066,1.35,7.20
2011.05.24 07:35:53.791,1.03022,1.03064,2.48,2.70
2011.05.24 07:35:55.209,1.03022,1.03066,1.35,5.49
2011.05.24 07:35:59.123,1.03021,1.03058,1.35,2.10
2011.05.24 07:35:59.341,1.03021,1.0306,1.73,2.70
2011.05.24 07:36:00.039,1.03021,1.0306,1.73,2.10
2011.05.24 07:36:03.019,1.03022,1.0306,1.35,2.10
2011.05.24 07:36:03.974,1.03021,1.0306,1.73,2.10
2011.05.24 07:36:06.056,1.03021,1.03058,1.35,4.20
2011.05.24 07:36:06.392,1.03012,1.03048,1.35,2.70
2011.05.24 07:36:07.421,1.03015,1.03048,2.48,2.70
2011.05.24 07:36:08.432,1.03011,1.03051,1.35,5.18
2011.05.24 07:36:09.780,1.03011,1.03051,1.35,2.70
2011.05.24 07:36:10.236,1.03007,1.03048,2.10,1.35
2011.05.24 07:36:10.570,1.03007,1.03043,3.23,2.10
2011.05.24 07:36:10.683,1.03009,1.03047,2.10,1.50
2011.05.24 07:36:10.794,1.03009,1.03046,2.10,1.35
2011.05.24 07:36:11.132,1.03013,1.03047,2.10,2.10
2011.05.24 07:36:12.050,1.03013,1.03047,2.10,2.10
2011.05.24 07:36:12.272,1.03016,1.03057,2.48,2.10
2011.05.24 07:36:12.816,1.03018,1.03062,1.73,4.95
2011.05.24 07:36:12.932,1.03019,1.03059,1.73,2.10
2011.05.24 07:36:13.260,1.03018,1.03061,1.73,2.85
2011.05.24 07:36:13.813,1.03019,1.03055,1.35,2.10
2011.05.24 07:36:13.920,1.03014,1.03055,1.73,2.10
2011.05.24 07:36:14.140,1.03013,1.03053,1.35,2.10
2011.05.24 07:36:16.211,1.03014,1.03055,1.73,2.10
2011.05.24 07:36:16.321,1.03014,1.03057,1.73,2.70
2011.05.24 07:36:16.430,1.03013,1.03054,1.73,2.10
2011.05.24 07:36:16.761,1.03017,1.03054,3.23,2.10
2011.05.24 07:36:16.981,1.03018,1.03061,3.83,1.35
2011.05.24 07:36:17.201,1.0302,1.03062,2.48,1.50
2011.05.24 07:36:18.110,1.03026,1.03062,1.35,1.50
2011.05.24 07:36:18.440,1.03028,1.03061,2.48,1.50
2011.05.24 07:36:18.772,1.03026,1.03062,1.73,1.50
2011.05.24 07:36:19.228,1.03023,1.03061,1.50,1.74
2011.05.24 07:36:19.344,1.03017,1.03058,1.35,2.70
2011.05.24 07:36:21.252,1.03013,1.03058,1.35,3.08
2011.05.24 07:36:21.800,1.03013,1.03053,1.35,2.10
2011.05.24 07:36:22.368,1.03013,1.03053,1.35,2.70
2011.05.24 07:36:23.579,1.03013,1.03053,2.85,2.10
2011.05.24 07:36:23.800,1.03019,1.03058,1.35,2.70
2011.05.24 07:36:24.461,1.03023,1.03058,2.10,2.70
2011.05.24 07:36:26.993,1.03029,1.03061,1.13,2.10
2011.05.24 07:36:27.103,1.03033,1.03062,1.35,1.50
2011.05.24 07:36:27.321,1.03025,1.03062,2.10,2.48
2011.05.24 07:36:29.192,1.0303,1.03061,1.35,1.35
2011.05.24 07:36:30.183,1.0303,1.03061,1.35,1.35
2011.05.24 07:36:30.401,1.03028,1.03062,1.35,2.10
2011.05.24 07:36:32.540,1.03023,1.0306,1.35,2.10
2011.05.24 07:36:33.550,1.03026,1.03062,2.48,4.20
2011.05.24 07:36:34.101,1.03032,1.03061,1.35,1.50
2011.05.24 07:36:34.691,1.03032,1.03062,1.35,1.50
2011.05.24 07:36:34.910,1.03028,1.03062,1.35,1.50
2011.05.24 07:36:35.460,1.03022,1.03061,2.85,2.10
2011.05.24 07:36:35.682,1.03021,1.03061,1.35,1.35
2011.05.24 07:36:36.452,1.03019,1.03061,3.23,1.35
2011.05.24 07:36:37.115,1.03022,1.03062,3.23,1.50
2011.05.24 07:36:37.223,1.03022,1.03062,1.73,2.10
2011.05.24 07:36:38.091,1.03025,1.03062,1.73,2.10
2011.05.24 07:36:39.382,1.03026,1.03062,1.35,1.50
2011.05.24 07:36:39.980,1.0303,1.03062,1.35,1.50
2011.05.24 07:36:40.953,1.03025,1.0306,2.70,2.10
2011.05.24 07:36:41.171,1.03018,1.03058,5.18,1.35
2011.05.24 07:36:41.392,1.03015,1.03056,2.10,1.13
2011.05.24 07:36:42.162,1.03015,1.03055,2.10,1.52
2011.05.24 07:36:42.271,1.03012,1.03051,1.35,3.62
2011.05.24 07:36:43.065,1.03012,1.03051,3.45,1.35
2011.05.24 07:36:43.186,1.03012,1.03041,2.10,1.50
2011.05.24 07:36:43.305,1.03008,1.0305,2.70,1.73
2011.05.24 07:36:43.425,1.03009,1.03052,3.45,6.08
2011.05.24 07:36:43.764,1.03018,1.03056,2.10,1.37
2011.05.24 07:36:44.201,1.03018,1.03062,2.10,1.73
2011.05.24 07:36:44.312,1.03017,1.0306,2.10,1.35
2011.05.24 07:36:44.741,1.03019,1.03062,2.10,1.73
2011.05.24 07:36:45.327,1.03019,1.03059,2.48,1.35
2011.05.24 07:36:45.970,1.03023,1.03064,2.10,2.10
2011.05.24 07:36:46.086,1.03023,1.03062,1.13,2.10
2011.05.24 07:36:46.423,1.03016,1.03059,1.35,2.10
2011.05.24 07:36:46.533,1.03018,1.03061,1.35,1.13
2011.05.24 07:36:46.644,1.03016,1.03061,2.10,3.24
2011.05.24 07:36:46.763,1.03015,1.03055,2.10,2.48
2011.05.24 07:36:46.870,1.03012,1.03052,1.35,2.48
2011.05.24 07:36:46.981,1.03013,1.03053,1.35,2.10
2011.05.24 07:36:47.093,1.03018,1.03057,3.45,1.50
2011.05.24 07:36:47.202,1.03018,1.03064,3.45,3.08
2011.05.24 07:36:47.424,1.03024,1.03062,1.13,2.70
2011.05.24 07:36:47.641,1.03028,1.03072,1.73,3.45
2011.05.24 07:36:47.972,1.03028,1.03071,3.45,2.10
2011.05.24 07:36:48.520,1.03029,1.03073,2.48,2.70
2011.05.24 07:36:48.741,1.03027,1.0307,2.10,2.48
2011.05.24 07:36:48.962,1.03028,1.0307,2.48,2.10
2011.05.24 07:36:49.526,1.03028,1.03072,3.45,5.70
2011.05.24 07:36:51.627,1.03021,1.03068,3.83,3.08
2011.05.24 07:36:52.403,1.03021,1.03063,2.85,2.48
2011.05.24 07:36:52.733,1.03022,1.03061,1.35,4.22
2011.05.24 07:36:53.062,1.03018,1.03058,2.70,2.10
2011.05.24 07:36:53.392,1.03022,1.03061,2.10,3.45
2011.05.24 07:36:53.943,1.03024,1.03063,1.73,1.35
2011.05.24 07:36:54.815,1.03024,1.03069,3.83,3.45
2011.05.24 07:36:54.937,1.0302,1.03065,3.83,2.70
2011.05.24 07:36:58.400,1.03022,1.03063,3.83,1.35
2011.05.24 07:36:58.620,1.0303,1.03068,2.70,1.35
2011.05.24 07:36:58.841,1.0303,1.03072,3.08,1.35
2011.05.24 07:36:59.060,1.03034,1.03076,1.73,1.35
2011.05.24 07:37:00.881,1.03031,1.03072,2.70,2.10
2011.05.24 07:37:01.210,1.03027,1.03069,1.35,2.10
2011.05.24 07:37:02.852,1.03032,1.03069,2.10,2.70
2011.05.24 07:37:03.952,1.03033,1.03072,2.48,2.25
2011.05.24 07:37:04.172,1.03039,1.03071,1.73,1.50
2011.05.24 07:37:04.393,1.03038,1.03084,1.73,2.70
2011.05.24 07:37:06.415,1.03039,1.0308,1.35,2.10
2011.05.24 07:37:06.972,1.03039,1.0308,1.35,4.58
2011.05.24 07:37:07.300,1.03039,1.03078,1.35,2.70
2011.05.24 07:37:10.150,1.03042,1.03078,2.85,3.45
2011.05.24 07:37:15.652,1.03042,1.03078,2.85,4.20
2011.05.24 07:37:15.763,1.03042,1.03071,1.35,2.25
2011.05.24 07:37:15.983,1.03034,1.0307,1.35,3.23
2011.05.24 07:37:16.641,1.03026,1.03064,2.10,2.70
2011.05.24 07:37:16.971,1.03024,1.03061,1.35,2.10
2011.05.24 07:37:17.960,1.03019,1.03061,1.35,3.08
2011.05.24 07:37:19.500,1.03025,1.03066,1.73,2.10
2011.05.24 07:37:21.169,1.03025,1.03066,1.73,2.10
2011.05.24 07:37:21.281,1.03028,1.03069,1.35,2.70
2011.05.24 07:37:21.500,1.03026,1.03068,1.35,2.10
2011.05.24 07:37:22.559,1.03026,1.03068,2.10,2.10
2011.05.24 07:37:23.250,1.03028,1.0307,1.35,1.73
2011.05.24 07:37:23.472,1.03035,1.03072,2.10,2.10
2011.05.24 07:37:23.580,1.03041,1.03076,1.35,2.10
2011.05.24 07:37:24.129,1.03041,1.03078,1.35,2.70
2011.05.24 07:37:24.351,1.03036,1.03078,1.35,3.08
2011.05.24 07:37:24.581,1.03036,1.03075,1.35,2.70
2011.05.24 07:37:24.800,1.03036,1.03078,1.35,2.70
2011.05.24 07:37:24.910,1.0304,1.03078,1.35,2.70
2011.05.24 07:37:25.565,1.0304,1.03078,1.35,2.70
2011.05.24 07:37:26.190,1.03043,1.03078,1.35,2.10
2011.05.24 07:37:26.742,1.03044,1.03084,1.35,2.48
2011.05.24 07:37:27.874,1.03044,1.03084,1.35,2.48
2011.05.24 07:37:31.888,1.03044,1.03079,1.35,2.10
2011.05.24 07:37:32.339,1.03044,1.03079,1.35,2.10
2011.05.24 07:37:33.039,1.03044,1.03079,2.10,2.10
2011.05.24 07:37:39.671,1.03044,1.03079,1.35,1.35
2011.05.24 07:37:39.893,1.03035,1.03079,1.13,3.45
2011.05.24 07:37:40.000,1.03031,1.03076,2.85,2.48
2011.05.24 07:37:40.331,1.03037,1.03077,1.35,2.85
2011.05.24 07:37:40.442,1.03037,1.03079,1.35,1.35
2011.05.24 07:37:40.552,1.03039,1.03078,1.35,2.10
2011.05.24 07:37:40.662,1.03039,1.03081,1.35,4.58
2011.05.24 07:37:40.771,1.03039,1.03081,1.73,2.10
2011.05.24 07:37:41.209,1.03041,1.03084,3.23,1.35
2011.05.24 07:37:42.013,1.03041,1.03084,3.23,1.35
2011.05.24 07:37:42.592,1.03041,1.03084,3.23,1.35
2011.05.24 07:37:43.153,1.03041,1.03084,1.13,1.35
2011.05.24 07:37:44.132,1.03041,1.03084,1.88,1.35
2011.05.24 07:37:44.899,1.03041,1.03084,1.88,1.35
2011.05.24 07:37:45.471,1.03041,1.03084,1.88,1.35
2011.05.24 07:37:46.019,1.03041,1.03083,1.88,2.70
2011.05.24 07:37:46.651,1.03043,1.03083,1.35,2.10
2011.05.24 07:37:46.979,1.03044,1.0308,2.10,2.10
2011.05.24 07:37:47.421,1.03046,1.03083,1.35,2.70
2011.05.24 07:37:47.752,1.03052,1.03086,2.10,3.62
2011.05.24 07:37:48.082,1.03046,1.03085,3.08,2.10
2011.05.24 07:37:48.190,1.03046,1.03085,2.70,2.10
2011.05.24 07:37:51.161,1.03041,1.03083,1.35,2.10
2011.05.24 07:37:51.501,1.03044,1.03082,1.35,2.70
2011.05.24 07:37:51.940,1.03039,1.03081,1.35,2.48
2011.05.24 07:37:56.331,1.03036,1.03077,1.50,2.10
2011.05.24 07:37:57.759,1.03036,1.03077,1.50,2.10
2011.05.24 07:37:58.870,1.03037,1.03077,1.50,2.10
2011.05.24 07:37:58.980,1.03035,1.03077,2.48,2.10
2011.05.24 07:37:59.201,1.03037,1.03076,4.95,2.48
2011.05.24 07:37:59.421,1.03039,1.03081,2.85,2.48
2011.05.24 07:37:59.641,1.03036,1.03078,1.35,1.35
2011.05.24 07:38:00.192,1.03039,1.03081,1.13,3.45
2011.05.24 07:38:00.412,1.03044,1.03084,1.73,2.10
2011.05.24 07:38:00.631,1.03044,1.03086,1.73,1.35
2011.05.24 07:38:02.961,1.03044,1.03085,1.73,3.45
2011.05.24 07:38:03.291,1.03041,1.03082,1.50,4.80
2011.05.24 07:38:03.621,1.03044,1.03082,1.73,2.10
2011.05.24 07:38:03.950,1.03047,1.03085,2.85,2.48
2011.05.24 07:38:04.060,1.03042,1.03085,4.20,2.48
2011.05.24 07:38:04.643,1.03044,1.03085,1.13,3.45
2011.05.24 07:38:05.742,1.03049,1.03086,1.35,2.10
2011.05.24 07:38:06.299,1.03048,1.03087,1.35,2.70
2011.05.24 07:38:08.152,1.03048,1.03086,1.35,2.10
2011.05.24 07:38:08.702,1.03049,1.03087,1.35,2.70
2011.05.24 07:38:09.030,1.03049,1.03084,1.35,2.10
2011.05.24 07:38:09.360,1.03048,1.03081,1.35,3.08
2011.05.24 07:38:09.909,1.03048,1.03078,1.35,2.10
2011.05.24 07:38:10.450,1.03045,1.03077,1.35,2.70
2011.05.24 07:38:11.617,1.03045,1.0308,1.35,3.08
2011.05.24 07:38:11.840,1.03046,1.0308,1.35,2.48
2011.05.24 07:38:12.061,1.03041,1.03079,1.35,2.70
2011.05.24 07:38:12.720,1.03041,1.0308,1.35,3.08
2011.05.24 07:38:13.381,1.03041,1.03078,1.35,1.35
2011.05.24 07:38:14.220,1.03041,1.03078,1.35,1.35
2011.05.24 07:38:14.550,1.03038,1.03077,1.35,2.10
2011.05.24 07:38:16.775,1.03038,1.03078,1.35,1.35
2011.05.24 07:38:17.438,1.0304,1.03079,2.10,2.85
2011.05.24 07:38:17.555,1.03038,1.03078,1.35,1.35
2011.05.24 07:38:18.581,1.03044,1.03082,1.35,2.70
2011.05.24 07:38:19.890,1.0304,1.03082,1.35,2.70
2011.05.24 07:38:20.220,1.03043,1.03082,1.35,2.70
2011.05.24 07:38:21.040,1.03042,1.03082,1.50,4.20
2011.05.24 07:38:21.371,1.03044,1.03082,1.35,2.70
2011.05.24 07:38:23.461,1.03043,1.03082,1.35,3.08
2011.05.24 07:38:24.126,1.03044,1.03079,1.35,2.10
2011.05.24 07:38:24.942,1.03044,1.03078,1.35,2.10
2011.05.24 07:38:25.490,1.03039,1.03078,1.35,2.70
2011.05.24 07:38:26.316,1.03039,1.03078,1.35,2.70
2011.05.24 07:38:26.982,1.03039,1.03077,1.35,3.08
2011.05.24 07:38:27.089,1.03034,1.03077,3.59,3.83
2011.05.24 07:38:27.200,1.03034,1.03077,3.59,3.83
2011.05.24 07:38:27.422,1.03034,1.03075,3.59,1.35
2011.05.24 07:38:27.534,1.03033,1.03073,1.49,5.18
2011.05.24 07:38:28.301,1.03032,1.03072,1.35,3.08
2011.05.24 07:38:29.111,1.03032,1.03072,1.35,3.08
2011.05.24 07:38:29.630,1.03032,1.0307,1.35,3.83
2011.05.24 07:38:30.241,1.03032,1.0307,1.35,3.83
2011.05.24 07:38:30.781,1.03032,1.0307,1.35,3.83
2011.05.24 07:38:31.769,1.03032,1.0307,1.35,3.83
2011.05.24 07:38:32.461,1.03032,1.0307,1.35,1.73
2011.05.24 07:38:33.300,1.03032,1.0307,1.35,1.73
2011.05.24 07:38:33.851,1.03032,1.0307,1.35,1.73
2011.05.24 07:38:34.422,1.03032,1.0307,1.35,1.73
2011.05.24 07:38:35.900,1.03032,1.03069,1.35,2.85
2011.05.24 07:38:36.780,1.03032,1.03069,1.35,2.85
2011.05.24 07:38:40.520,1.03032,1.03069,1.35,2.85
2011.05.24 07:38:42.010,1.03028,1.03069,1.35,1.35
2011.05.24 07:38:42.539,1.03028,1.03069,1.35,1.35
2011.05.24 07:38:43.965,1.03028,1.03069,1.35,1.35
2011.05.24 07:38:44.596,1.03028,1.03069,1.35,1.35
2011.05.24 07:38:45.272,1.03033,1.03073,1.35,3.45
2011.05.24 07:38:45.379,1.03036,1.03073,1.35,1.35
2011.05.24 07:38:46.070,1.03038,1.03074,1.35,2.85
2011.05.24 07:38:47.597,1.03032,1.03073,2.10,1.35
2011.05.24 07:38:47.820,1.03032,1.03073,1.35,4.58
2011.05.24 07:38:48.732,1.03032,1.03072,1.35,3.08
2011.05.24 07:38:49.282,1.03032,1.0307,1.35,1.35
2011.05.24 07:38:49.960,1.03032,1.03069,1.35,2.85
2011.05.24 07:38:50.645,1.03032,1.03069,1.35,2.85
2011.05.24 07:38:51.629,1.03032,1.03069,1.35,2.85
2011.05.24 07:38:52.181,1.03032,1.03069,1.35,2.85
2011.05.24 07:38:52.732,1.03033,1.03067,1.35,2.10
2011.05.24 07:38:52.842,1.03034,1.03071,1.35,3.60
2011.05.24 07:38:52.953,1.03033,1.03071,3.23,2.85
2011.05.24 07:38:53.393,1.03041,1.03075,2.10,1.50
2011.05.24 07:38:53.833,1.03041,1.03078,2.10,2.85
2011.05.24 07:38:53.936,1.03049,1.03086,1.73,3.60
2011.05.24 07:38:54.161,1.03057,1.0309,1.35,2.85
2011.05.24 07:38:54.272,1.03057,1.03095,1.35,1.13
2011.05.24 07:38:54.494,1.03057,1.03096,1.35,2.10
2011.05.24 07:38:54.603,1.03057,1.031,1.35,1.73
2011.05.24 07:38:54.713,1.03057,1.03099,1.35,3.23
2011.05.24 07:38:54.930,1.03053,1.03096,1.35,3.23
2011.05.24 07:38:55.481,1.03055,1.031,3.08,1.73
2011.05.24 07:38:55.703,1.03059,1.03101,2.10,1.37
2011.05.24 07:38:56.031,1.03064,1.03101,1.35,2.10
2011.05.24 07:38:56.690,1.03064,1.03099,1.35,2.10
2011.05.24 07:38:57.955,1.03058,1.03094,1.35,2.10
2011.05.24 07:38:58.429,1.03058,1.03098,1.35,3.45
2011.05.24 07:39:02.412,1.03057,1.03098,1.50,3.45
2011.05.24 07:39:03.052,1.03059,1.03101,1.35,3.98
2011.05.24 07:39:03.380,1.03056,1.03098,1.13,4.20
2011.05.24 07:39:03.493,1.03054,1.03098,1.35,4.58
2011.05.24 07:39:03.714,1.03053,1.03096,1.35,2.70
2011.05.24 07:39:03.830,1.03054,1.03096,2.10,2.70
2011.05.24 07:39:04.052,1.03058,1.03096,3.08,2.10
2011.05.24 07:39:04.160,1.03062,1.03101,1.35,1.35
2011.05.24 07:39:04.271,1.03063,1.03102,1.35,4.20
2011.05.24 07:39:04.823,1.03063,1.03102,1.73,1.35
2011.05.24 07:39:05.042,1.03065,1.03108,1.35,3.83
2011.05.24 07:39:05.150,1.03063,1.03105,1.35,3.08
2011.05.24 07:39:05.261,1.03064,1.03102,1.35,1.73
2011.05.24 07:39:05.811,1.03062,1.03098,1.35,2.70
2011.05.24 07:39:06.360,1.03055,1.03102,5.33,5.18
2011.05.24 07:39:10.283,1.03062,1.03102,2.10,4.20
2011.05.24 07:39:10.500,1.03063,1.03104,1.35,3.45
2011.05.24 07:39:10.831,1.03058,1.03102,3.08,2.10
2011.05.24 07:39:11.160,1.03059,1.03095,1.35,2.10
2011.05.24 07:39:11.270,1.03059,1.03098,1.35,2.70
2011.05.24 07:39:11.820,1.03053,1.03095,2.48,2.10
2011.05.24 07:39:12.370,1.03056,1.03096,1.35,1.52
2011.05.24 07:39:13.380,1.03057,1.03097,1.35,2.10
2011.05.24 07:39:14.591,1.03057,1.03097,1.35,2.10
2011.05.24 07:39:14.921,1.03057,1.03093,1.73,2.10
2011.05.24 07:39:15.253,1.03059,1.03096,1.35,3.02
2011.05.24 07:39:15.800,1.03059,1.03096,1.73,3.00
2011.05.24 07:39:16.350,1.03061,1.03096,1.73,2.25
2011.05.24 07:39:17.781,1.03064,1.03096,2.48,2.25
2011.05.24 07:39:18.551,1.03067,1.03096,3.23,2.25
2011.05.24 07:39:18.881,1.03073,1.03107,2.10,2.10
2011.05.24 07:39:22.554,1.03073,1.0311,2.10,1.50
2011.05.24 07:39:23.741,1.03073,1.03105,2.10,1.50
2011.05.24 07:39:24.073,1.03067,1.03101,2.70,2.25
2011.05.24 07:39:24.181,1.03063,1.03101,2.10,3.38
2011.05.24 07:39:24.292,1.03058,1.03099,4.20,1.13
2011.05.24 07:39:24.401,1.03058,1.03099,2.10,1.50
2011.05.24 07:39:24.511,1.03057,1.03094,2.70,1.13
2011.05.24 07:39:25.472,1.03054,1.03092,2.10,2.10
2011.05.24 07:39:26.201,1.03054,1.03092,2.10,2.48
2011.05.24 07:39:26.532,1.0305,1.03089,1.35,2.48
2011.05.24 07:39:27.147,1.03058,1.03095,2.10,2.70
2011.05.24 07:39:31.700,1.03062,1.03101,2.10,2.70
2011.05.24 07:39:32.030,1.03058,1.03098,2.48,2.10
2011.05.24 07:39:33.295,1.03064,1.03101,2.10,3.45
2011.05.24 07:39:33.523,1.03066,1.03102,1.35,2.10
2011.05.24 07:39:33.962,1.03061,1.031,1.35,2.10
2011.05.24 07:39:34.623,1.03064,1.031,1.35,2.10
2011.05.24 07:39:34.950,1.03067,1.03101,1.35,2.10
2011.05.24 07:39:36.002,1.03071,1.03098,2.10,2.10
2011.05.24 07:39:36.221,1.03071,1.03101,2.48,2.10
2011.05.24 07:39:36.333,1.03071,1.0311,2.48,2.10
2011.05.24 07:39:36.551,1.03075,1.03112,2.10,2.10
2011.05.24 07:39:42.055,1.0308,1.03111,1.35,1.35
2011.05.24 07:39:42.391,1.03082,1.03118,1.35,1.35
2011.05.24 07:39:42.720,1.03081,1.03116,1.35,2.10
2011.05.24 07:39:43.271,1.03077,1.03116,1.35,2.10
2011.05.24 07:39:45.111,1.03072,1.03111,2.10,2.70
2011.05.24 07:39:48.700,1.03071,1.03107,1.35,2.10
2011.05.24 07:39:51.539,1.03067,1.03103,1.35,2.10
2011.05.24 07:39:58.921,1.03067,1.03102,1.35,2.10
2011.05.24 07:40:06.120,1.03067,1.03099,1.13,2.10
2011.05.24 07:40:06.453,1.03054,1.03094,2.70,1.35
2011.05.24 07:40:07.110,1.03051,1.03092,1.35,2.10
2011.05.24 07:40:08.089,1.03048,1.03092,3.08,2.10
2011.05.24 07:40:08.622,1.03052,1.03092,1.13,2.10
2011.05.24 07:40:08.952,1.03067,1.031,2.10,2.10
2011.05.24 07:40:09.281,1.03067,1.03102,2.10,2.10
2011.05.24 07:40:09.392,1.03067,1.03111,2.10,3.83
2011.05.24 07:40:22.261,1.03073,1.0311,3.08,2.70
2011.05.24 07:40:22.481,1.03074,1.03117,2.48,2.70
2011.05.24 07:40:22.923,1.0308,1.03122,1.73,2.10
2011.05.24 07:40:25.591,1.03078,1.03119,2.48,2.10
2011.05.24 07:40:25.922,1.03079,1.03121,3.83,1.50
2011.05.24 07:40:27.680,1.03087,1.03121,1.73,1.50
2011.05.24 07:40:28.194,1.03087,1.03122,1.73,1.50
2011.05.24 07:40:28.959,1.03087,1.03122,1.73,1.50
2011.05.24 07:40:30.121,1.03089,1.03121,1.35,1.50
2011.05.24 07:40:32.390,1.03089,1.03122,1.35,1.50
2011.05.24 07:40:34.394,1.03092,1.03122,1.35,1.50
2011.05.24 07:40:35.182,1.03092,1.03122,1.35,1.50
2011.05.24 07:40:35.950,1.03092,1.03122,1.35,1.50
2011.05.24 07:40:37.260,1.03092,1.03122,1.35,1.50
2011.05.24 07:40:39.564,1.0309,1.03122,1.35,1.52
2011.05.24 07:40:39.961,1.03086,1.0312,1.35,2.10
2011.05.24 07:40:40.520,1.03079,1.03117,1.35,2.70
2011.05.24 07:40:41.380,1.03076,1.03116,1.35,1.37
2011.05.24 07:40:41.982,1.03076,1.03117,4.95,1.50
2011.05.24 07:40:42.589,1.03078,1.03117,3.08,2.25
2011.05.24 07:40:43.284,1.03082,1.03117,1.35,2.25
2011.05.24 07:40:43.872,1.03082,1.03117,1.35,2.27
2011.05.24 07:40:44.313,1.03081,1.03118,3.23,2.10
2011.05.24 07:40:44.907,1.03082,1.03119,1.73,2.10
2011.05.24 07:40:45.242,1.03082,1.03122,1.73,3.62
2011.05.24 07:40:46.762,1.03086,1.03121,2.48,1.50
2011.05.24 07:40:50.490,1.03092,1.03131,1.35,4.20
2011.05.24 07:40:52.169,1.03092,1.03131,1.35,4.20
2011.05.24 07:41:00.333,1.03086,1.03129,3.23,3.45
2011.05.24 07:41:00.552,1.03086,1.03121,1.35,2.10
2011.05.24 07:41:01.323,1.03086,1.03122,1.73,1.50
2011.05.24 07:41:01.890,1.03086,1.03122,1.73,1.50
2011.05.24 07:41:02.243,1.03088,1.03127,1.73,1.35
2011.05.24 07:41:02.351,1.03088,1.0313,1.73,2.70
2011.05.24 07:41:02.463,1.031,1.0313,2.48,2.10
2011.05.24 07:41:02.573,1.031,1.03132,2.48,2.10
2011.05.24 07:41:02.681,1.031,1.03135,2.48,2.10
2011.05.24 07:41:03.232,1.031,1.03133,2.10,2.10
2011.05.24 07:41:07.612,1.031,1.03135,2.10,2.70
2011.05.24 07:41:09.021,1.03093,1.03135,3.08,2.10
2011.05.24 07:41:10.176,1.03091,1.03135,1.73,2.10
2011.05.24 07:41:10.295,1.03091,1.0313,1.35,2.70
2011.05.24 07:41:12.021,1.03095,1.0313,2.10,2.10
2011.05.24 07:41:14.623,1.03097,1.03128,1.35,2.10
2011.05.24 07:41:15.293,1.03097,1.03128,1.35,2.93
2011.05.24 07:41:15.840,1.03097,1.03131,1.35,3.53
2011.05.24 07:41:22.463,1.031,1.03132,1.35,2.18
2011.05.24 07:41:22.795,1.03095,1.03131,2.10,1.43
2011.05.24 07:41:25.950,1.03096,1.0313,1.35,2.78
2011.05.24 07:41:32.871,1.03086,1.03126,1.35,4.20
2011.05.24 07:41:43.482,1.03086,1.03126,2.10,1.95
2011.05.24 07:41:43.812,1.03088,1.03125,2.10,1.50
2011.05.24 07:41:44.484,1.03088,1.03127,2.10,1.43
2011.05.24 07:41:44.921,1.03084,1.03124,2.10,2.70
2011.05.24 07:41:56.630,1.03087,1.03128,2.85,3.53
2011.05.24 07:42:06.023,1.03087,1.03128,2.85,1.43
2011.05.24 07:42:06.461,1.03092,1.03131,3.83,2.93
2011.05.24 07:42:06.792,1.03099,1.03132,2.10,1.58
2011.05.24 07:42:08.522,1.03105,1.03132,2.10,1.58
2011.05.24 07:42:09.093,1.03105,1.03136,2.48,1.18
2011.05.24 07:42:13.710,1.03099,1.03136,2.10,1.48
2011.05.24 07:42:16.162,1.03104,1.03136,1.35,1.48
2011.05.24 07:42:20.500,1.03104,1.03135,1.35,1.43
2011.05.24 07:42:20.722,1.03099,1.03138,4.20,1.58
2011.05.24 07:42:21.394,1.03099,1.0314,2.10,3.03
2011.05.24 07:42:26.860,1.03098,1.03128,3.23,2.18
2011.05.24 07:42:26.971,1.03096,1.03128,2.10,2.18
2011.05.24 07:42:27.192,1.03098,1.0313,2.48,1.58
2011.05.24 07:42:27.742,1.03102,1.03132,2.70,1.58
2011.05.24 07:42:28.546,1.03103,1.03136,2.70,1.43
2011.05.24 07:42:30.972,1.03093,1.03133,2.48,1.58
2011.05.24 07:42:31.521,1.03097,1.03137,2.70,1.57
2011.05.24 07:42:32.071,1.03099,1.03137,2.70,1.55
2011.05.24 07:42:32.182,1.03102,1.03142,1.13,3.80
2011.05.24 07:42:32.513,1.03103,1.03141,2.10,1.53
2011.05.24 07:42:33.130,1.03103,1.0314,2.10,3.08
2011.05.24 07:42:33.681,1.03101,1.0314,2.85,2.97
2011.05.24 07:42:36.592,1.03106,1.03141,2.10,1.02
2011.05.24 07:42:38.873,1.03103,1.03142,2.70,2.36
2011.05.24 07:42:41.236,1.03101,1.03141,1.35,1.80
2011.05.24 07:42:41.683,1.03107,1.03141,1.13,1.05
2011.05.24 07:42:42.011,1.03111,1.03146,2.10,1.04
2011.05.24 07:42:42.760,1.03107,1.03146,3.83,1.04
2011.05.24 07:42:44.051,1.03111,1.03146,1.35,1.04
2011.05.24 07:42:48.666,1.03107,1.03146,3.83,1.04
2011.05.24 07:42:49.569,1.03107,1.03144,2.70,1.15
2011.05.24 07:42:51.254,1.03106,1.03142,2.10,1.51
2011.05.24 07:42:51.362,1.03102,1.03139,2.70,1.43
2011.05.24 07:42:54.262,1.03101,1.03135,1.35,2.18
2011.05.24 07:43:03.402,1.03096,1.03131,1.35,2.10
2011.05.24 07:43:03.732,1.03094,1.03133,4.34,3.90
2011.05.24 07:43:03.951,1.03094,1.03128,4.34,2.10
2011.05.24 07:43:04.061,1.03094,1.03126,2.10,2.70
2011.05.24 07:43:05.543,1.03089,1.03123,2.10,2.48
2011.05.24 07:43:05.652,1.03089,1.03121,2.10,1.13
2011.05.24 07:43:06.255,1.0308,1.03121,3.59,2.48
2011.05.24 07:43:08.471,1.03081,1.03122,1.35,2.70
2011.05.24 07:43:13.973,1.03084,1.03127,2.70,2.85
2011.05.24 07:43:15.351,1.03093,1.03131,2.10,2.93
2011.05.24 07:43:15.462,1.03088,1.03131,2.48,2.78
2011.05.24 07:43:15.683,1.03092,1.03131,3.23,2.18
2011.05.24 07:43:21.221,1.03092,1.03133,3.45,1.05
2011.05.24 07:43:21.774,1.03086,1.03129,2.10,4.58
2011.05.24 07:43:27.701,1.03082,1.03126,3.45,3.08
2011.05.24 07:43:28.355,1.03086,1.03126,4.95,2.10
2011.05.24 07:43:29.493,1.03087,1.03128,1.35,1.35
2011.05.24 07:43:30.053,1.03087,1.03128,1.35,1.35
2011.05.24 07:43:35.950,1.03087,1.03128,1.35,1.35
2011.05.24 07:43:36.910,1.03087,1.03128,1.35,1.35
2011.05.24 07:43:38.082,1.03087,1.03128,1.35,1.35
2011.05.24 07:43:42.042,1.03087,1.03129,2.70,2.48
2011.05.24 07:43:42.480,1.03086,1.03129,1.35,1.73
2011.05.24 07:43:46.491,1.03086,1.03129,1.35,3.23
2011.05.24 07:43:47.591,1.03085,1.03129,4.20,1.73
2011.05.24 07:43:48.031,1.03085,1.03129,2.70,3.23
2011.05.24 07:43:49.302,1.03086,1.03129,2.10,1.73
2011.05.24 07:43:53.226,1.03086,1.03128,1.35,3.08
2011.05.24 07:44:00.742,1.03098,1.03133,2.70,2.93
2011.05.24 07:44:01.457,1.03092,1.03135,3.08,2.18
2011.05.24 07:44:01.966,1.03092,1.03139,4.58,3.90
2011.05.24 07:44:06.121,1.03096,1.03131,1.35,2.34
2011.05.24 07:44:06.232,1.03092,1.03129,2.10,1.73
2011.05.24 07:44:06.342,1.03087,1.03122,2.10,2.10
2011.05.24 07:44:06.783,1.03082,1.03125,1.73,2.70
2011.05.24 07:44:06.892,1.03086,1.03125,2.10,2.10
2011.05.24 07:44:07.003,1.03086,1.03129,2.10,3.08
2011.05.24 07:44:07.113,1.03084,1.03129,3.45,3.08
2011.05.24 07:44:10.150,1.03086,1.03121,1.35,2.10
2011.05.24 07:44:10.650,1.03086,1.03121,1.35,2.10
2011.05.24 07:44:18.533,1.03084,1.03124,2.10,2.85
2011.05.24 07:44:25.242,1.03083,1.03121,2.70,2.10
2011.05.24 07:44:25.683,1.03077,1.03114,1.35,2.10
2011.05.24 07:44:27.774,1.03076,1.03121,1.73,7.95
2011.05.24 07:44:34.482,1.03075,1.03114,3.45,2.48
2011.05.24 07:44:34.811,1.03078,1.03118,2.10,2.70
2011.05.24 07:44:39.371,1.03076,1.03114,1.35,2.10
2011.05.24 07:44:42.743,1.03071,1.03109,3.45,2.85
2011.05.24 07:44:48.610,1.03075,1.03109,1.35,2.10
2011.05.24 07:44:48.722,1.03079,1.03116,2.70,2.10
2011.05.24 07:44:50.042,1.03077,1.03113,1.35,2.10
2011.05.24 07:44:54.621,1.03078,1.03118,2.10,2.48
2011.05.24 07:44:57.950,1.03075,1.03113,2.70,2.85
2011.05.24 07:44:58.172,1.03072,1.03108,1.35,2.10
2011.05.24 07:44:58.501,1.0307,1.03106,2.10,2.10
2011.05.24 07:44:59.052,1.03066,1.03106,1.35,2.10
2011.05.24 07:45:06.503,1.03065,1.031,2.10,2.48
2011.05.24 07:45:07.081,1.03063,1.031,2.70,5.33
2011.05.24 07:45:12.252,1.03067,1.031,1.35,2.10
2011.05.24 07:45:19.232,1.03069,1.03108,2.10,1.35
2011.05.24 07:45:19.452,1.03077,1.03113,2.10,3.60
2011.05.24 07:45:19.563,1.03077,1.03118,2.10,3.45
2011.05.24 07:45:28.903,1.03077,1.03116,2.10,1.73
2011.05.24 07:45:29.014,1.03071,1.03111,1.35,2.48
2011.05.24 07:45:29.123,1.0307,1.03111,2.70,2.48
2011.05.24 07:45:29.896,1.03062,1.03108,1.35,3.08
2011.05.24 07:45:32.090,1.03062,1.03104,1.35,1.35
2011.05.24 07:45:33.080,1.03062,1.03105,2.85,1.13
2011.05.24 07:45:34.771,1.03064,1.03108,1.73,3.45
2011.05.24 07:45:34.881,1.03068,1.03111,2.10,3.23
2011.05.24 07:45:34.991,1.03068,1.03111,2.85,2.48
2011.05.24 07:45:35.540,1.03068,1.03113,7.43,1.35
2011.05.24 07:45:40.079,1.03074,1.03113,1.35,2.70
2011.05.24 07:45:41.070,1.03072,1.03113,1.35,2.70
2011.05.24 07:45:41.632,1.03071,1.03113,1.35,4.20
2011.05.24 07:45:49.973,1.03084,1.03117,1.73,1.50
2011.05.24 07:45:50.082,1.03084,1.03123,1.73,2.10
2011.05.24 07:45:50.193,1.03086,1.03128,3.08,1.35
2011.05.24 07:45:57.130,1.03088,1.03128,1.35,1.35
2011.05.24 07:46:14.099,1.03091,1.0313,1.13,4.20
2011.05.24 07:46:22.245,1.03088,1.0313,1.35,3.45
2011.05.24 07:46:27.431,1.03092,1.03128,1.35,1.35
2011.05.24 07:46:32.465,1.03092,1.03126,1.35,2.10
2011.05.24 07:46:35.142,1.0308,1.03117,3.08,2.10
2011.05.24 07:46:36.245,1.0307,1.03114,2.70,3.08
2011.05.24 07:46:41.933,1.03067,1.03112,3.45,2.48
2011.05.24 07:46:42.423,1.03068,1.03112,1.35,2.48
2011.05.24 07:46:44.170,1.03072,1.03109,1.35,2.10
2011.05.24 07:46:44.391,1.03072,1.03115,2.10,2.48
2011.05.24 07:46:44.503,1.03075,1.03118,1.73,1.35
2011.05.24 07:46:44.613,1.03075,1.0312,1.73,2.70
2011.05.24 07:46:47.398,1.03076,1.0312,1.35,3.08
2011.05.24 07:46:47.499,1.03076,1.03121,4.20,3.45
2011.05.24 07:46:47.722,1.03079,1.03125,1.73,2.70
2011.05.24 07:46:47.943,1.03081,1.03125,1.73,2.70
2011.05.24 07:46:49.081,1.03085,1.03127,1.13,2.70
2011.05.24 07:46:50.320,1.03085,1.03127,1.13,2.70
2011.05.24 07:46:52.860,1.03082,1.03127,1.73,2.70
2011.05.24 07:46:53.491,1.03082,1.03127,1.73,2.70
2011.05.24 07:46:54.685,1.03085,1.03126,1.13,1.35
2011.05.24 07:46:55.681,1.03076,1.03122,4.95,1.73
2011.05.24 07:46:56.230,1.03076,1.03118,2.85,2.10
2011.05.24 07:46:58.561,1.03081,1.03118,1.35,2.70
2011.05.24 07:46:58.991,1.03076,1.03118,1.35,2.70
2011.05.24 07:46:59.221,1.03081,1.03118,1.35,2.10
2011.05.24 07:46:59.701,1.03077,1.03118,1.35,2.70
2011.05.24 07:47:01.202,1.03073,1.03117,3.45,1.73
2011.05.24 07:47:07.052,1.03077,1.03115,1.35,1.73
2011.05.24 07:47:08.606,1.03074,1.03113,1.35,1.35
2011.05.24 07:47:08.720,1.03072,1.03116,1.35,2.48
2011.05.24 07:47:08.833,1.03067,1.03112,1.35,2.48
2011.05.24 07:47:11.711,1.03066,1.03104,1.35,1.35
2011.05.24 07:47:16.712,1.03068,1.03104,2.10,1.35
2011.05.24 07:47:17.540,1.03066,1.03103,1.35,2.10
2011.05.24 07:47:26.203,1.03066,1.03104,2.85,1.35
2011.05.24 07:47:26.974,1.03072,1.03112,2.10,5.55
2011.05.24 07:47:27.194,1.03077,1.03118,2.10,4.20
2011.05.24 07:47:30.455,1.03079,1.03116,2.10,2.10
2011.05.24 07:47:30.563,1.03076,1.03116,1.73,2.10
2011.05.24 07:47:30.675,1.03076,1.03118,1.73,2.70
2011.05.24 07:47:42.512,1.03076,1.03117,3.08,2.10
2011.05.24 07:47:44.323,1.03075,1.0312,3.23,4.20
2011.05.24 07:47:46.432,1.03077,1.0312,1.35,2.10
2011.05.24 07:47:46.541,1.03077,1.0312,1.35,2.85
2011.05.24 07:47:47.320,1.03077,1.03118,1.35,1.35
2011.05.24 07:47:48.912,1.03072,1.03116,2.10,1.35
2011.05.24 07:47:49.023,1.03068,1.03107,2.70,2.10
2011.05.24 07:47:49.681,1.03066,1.03107,1.35,2.10
2011.05.24 07:47:50.962,1.03064,1.03111,3.08,3.08
2011.05.24 07:47:54.121,1.03067,1.03111,1.35,1.73
2011.05.24 07:47:55.683,1.03065,1.03106,1.35,1.35
2011.05.24 07:47:55.793,1.03062,1.03103,2.70,1.73
2011.05.24 07:47:56.013,1.03061,1.03103,1.35,3.83
2011.05.24 07:47:58.202,1.03058,1.03099,2.70,1.35
2011.05.24 07:47:58.885,1.03059,1.03099,2.10,1.35
2011.05.24 07:47:59.353,1.03059,1.03102,2.48,2.10
2011.05.24 07:47:59.468,1.03061,1.03107,3.08,4.58
2011.05.24 07:48:02.382,1.03063,1.03107,2.10,4.58
2011.05.24 07:48:02.603,1.03061,1.03107,3.08,2.48
2011.05.24 07:48:04.504,1.03062,1.03105,2.10,1.35
2011.05.24 07:48:04.613,1.03059,1.03105,3.45,3.45
2011.05.24 07:48:05.051,1.03065,1.03108,2.10,3.23
2011.05.24 07:48:05.602,1.03064,1.03108,2.10,3.23
2011.05.24 07:48:06.476,1.03063,1.03108,2.10,3.23
2011.05.24 07:48:06.811,1.03065,1.03108,2.10,3.23
2011.05.24 07:48:07.321,1.03062,1.03107,2.10,3.08
2011.05.24 07:48:08.422,1.03063,1.03108,2.10,5.33
2011.05.24 07:48:08.532,1.03061,1.03108,2.10,5.33
2011.05.24 07:48:09.133,1.03065,1.03108,2.10,3.23
2011.05.24 07:48:09.353,1.03063,1.03108,2.10,3.23
2011.05.24 07:48:10.452,1.03064,1.03108,2.10,3.23
2011.05.24 07:48:12.461,1.03065,1.03108,2.10,3.23
2011.05.24 07:48:14.441,1.03062,1.03108,2.10,3.23
2011.05.24 07:48:16.011,1.03063,1.03108,2.10,5.33
2011.05.24 07:48:16.522,1.03062,1.03108,2.85,3.23
2011.05.24 07:48:17.442,1.03064,1.03108,2.10,3.23
2011.05.24 07:48:18.154,1.03061,1.03105,2.10,2.70
2011.05.24 07:48:18.532,1.03062,1.03106,2.48,2.70
2011.05.24 07:48:18.753,1.03064,1.03105,2.48,2.70
2011.05.24 07:48:20.721,1.03066,1.03104,2.70,2.10
2011.05.24 07:48:21.061,1.03066,1.03108,2.85,4.20
2011.05.24 07:48:32.523,1.03066,1.03108,2.48,2.10
2011.05.24 07:48:32.636,1.03066,1.03111,4.58,1.37
2011.05.24 07:48:32.755,1.03076,1.03107,2.10,2.10
2011.05.24 07:48:32.863,1.03072,1.03107,2.10,2.10
2011.05.24 07:48:32.977,1.03072,1.03111,2.48,1.50
2011.05.24 07:48:33.093,1.03075,1.03115,1.35,2.85
2011.05.24 07:48:33.204,1.03073,1.03115,1.73,2.10
2011.05.24 07:48:34.195,1.03072,1.03113,2.48,2.10
2011.05.24 07:48:34.522,1.03074,1.03119,3.08,2.70
2011.05.24 07:48:34.851,1.03078,1.03121,3.08,1.50
2011.05.24 07:48:35.182,1.03086,1.03121,2.10,1.50
2011.05.24 07:48:35.512,1.03086,1.03125,2.10,2.70
2011.05.24 07:48:36.362,1.03082,1.03125,1.73,4.20
2011.05.24 07:48:37.897,1.0308,1.03123,1.35,4.20
2011.05.24 07:48:38.879,1.0308,1.03123,1.35,4.20
2011.05.24 07:48:39.212,1.03076,1.03114,1.35,2.10
2011.05.24 07:48:39.982,1.03069,1.0311,2.10,4.58
2011.05.24 07:48:41.858,1.03082,1.0311,2.10,2.48
2011.05.24 07:48:41.973,1.03082,1.03117,2.10,1.50
2011.05.24 07:48:42.083,1.03082,1.03122,2.10,2.70
2011.05.24 07:48:42.192,1.03078,1.03117,2.10,2.10
2011.05.24 07:48:42.633,1.03082,1.03118,2.10,2.70
2011.05.24 07:48:43.878,1.03087,1.03125,2.10,2.70
2011.05.24 07:48:44.211,1.03082,1.03118,1.35,2.10
2011.05.24 07:48:45.492,1.03071,1.03113,3.83,2.70
2011.05.24 07:48:47.543,1.03071,1.03112,1.35,2.70
2011.05.24 07:48:49.981,1.03066,1.03109,2.10,3.08
2011.05.24 07:48:50.641,1.03064,1.03108,1.73,2.70
2011.05.24 07:48:51.249,1.03077,1.03112,2.10,2.10
2011.05.24 07:48:51.803,1.03077,1.03117,2.10,2.70
2011.05.24 07:48:53.423,1.03077,1.03118,1.35,2.85
2011.05.24 07:48:54.224,1.03077,1.03117,1.35,2.10
2011.05.24 07:48:54.783,1.03077,1.03118,1.35,2.85
2011.05.24 07:48:57.591,1.03076,1.03118,1.35,4.95
2011.05.24 07:48:58.142,1.03075,1.03119,2.10,3.83
2011.05.24 07:48:59.333,1.03077,1.03121,3.45,2.10
2011.05.24 07:48:59.962,1.03078,1.03118,2.10,2.10
2011.05.24 07:49:00.072,1.03078,1.03122,4.20,3.08
2011.05.24 07:49:05.152,1.03085,1.03122,1.35,3.08
2011.05.24 07:49:06.219,1.03079,1.03118,2.10,3.83
2011.05.24 07:49:07.662,1.03075,1.03117,1.35,2.70
2011.05.24 07:49:07.991,1.03077,1.03119,4.20,2.70
2011.05.24 07:49:08.212,1.03076,1.03115,1.35,1.35
2011.05.24 07:49:08.762,1.0307,1.03113,2.85,3.08
2011.05.24 07:49:08.982,1.03071,1.03114,1.35,2.70
2011.05.24 07:49:09.203,1.03078,1.03119,2.10,1.35
2011.05.24 07:49:13.463,1.03076,1.03114,1.35,2.70
2011.05.24 07:49:14.231,1.03073,1.03115,2.70,1.35
2011.05.24 07:49:16.163,1.03072,1.03114,1.35,3.45
2011.05.24 07:49:16.604,1.03073,1.03114,2.10,2.70
2011.05.24 07:49:17.042,1.03078,1.03119,2.70,2.70
2011.05.24 07:49:19.131,1.03078,1.03119,2.70,3.45
2011.05.24 07:49:19.462,1.03072,1.03111,2.10,2.70
2011.05.24 07:49:19.683,1.03076,1.03115,1.35,3.08
2011.05.24 07:49:25.503,1.03075,1.03114,2.10,3.08
2011.05.24 07:49:26.101,1.03069,1.03107,2.10,2.10
2011.05.24 07:49:26.322,1.03063,1.03106,2.10,3.45
2011.05.24 07:49:26.433,1.03062,1.03106,1.35,3.45
2011.05.24 07:49:26.653,1.03059,1.031,2.70,1.35
2011.05.24 07:49:28.142,1.03056,1.03094,1.35,2.48
2011.05.24 07:49:28.252,1.03052,1.03094,1.35,3.08
2011.05.24 07:49:28.803,1.03055,1.03099,2.70,1.73
2011.05.24 07:49:32.392,1.03053,1.03097,2.70,3.08
2011.05.24 07:49:32.614,1.03051,1.03095,2.85,5.33
2011.05.24 07:49:33.193,1.03048,1.03094,2.70,1.73
2011.05.24 07:49:34.027,1.0305,1.03094,1.35,1.73
2011.05.24 07:49:35.042,1.0305,1.03093,1.35,1.73
2011.05.24 07:49:37.836,1.03052,1.03093,1.35,1.73
2011.05.24 07:49:39.523,1.03054,1.03093,2.70,2.70
2011.05.24 07:49:40.072,1.03059,1.03099,2.10,1.73
2011.05.24 07:49:40.623,1.03061,1.03102,2.10,2.48
2011.05.24 07:49:41.171,1.03061,1.03102,2.85,2.10
2011.05.24 07:49:41.712,1.03064,1.03106,2.70,2.48
2011.05.24 07:49:43.318,1.03057,1.03096,2.85,1.73
2011.05.24 07:49:43.436,1.03054,1.03096,3.45,2.10
2011.05.24 07:49:43.664,1.03054,1.03098,2.70,3.08
2011.05.24 07:49:44.105,1.03051,1.03091,2.10,1.35
2011.05.24 07:49:44.432,1.03052,1.03092,1.35,3.08
2011.05.24 07:49:45.551,1.03052,1.03094,1.35,2.48
2011.05.24 07:49:45.661,1.03052,1.03094,1.35,2.10
2011.05.24 07:49:45.992,1.03054,1.03098,2.70,2.48
2011.05.24 07:49:46.214,1.03053,1.03097,2.70,3.08
2011.05.24 07:49:46.836,1.03052,1.03097,3.45,3.45
2011.05.24 07:49:47.173,1.03061,1.03097,1.35,2.10
2011.05.24 07:49:47.502,1.03061,1.03105,3.45,1.35
2011.05.24 07:49:49.764,1.03056,1.031,1.35,3.08
2011.05.24 07:49:49.981,1.03057,1.03101,2.85,1.35
2011.05.24 07:49:51.113,1.03056,1.031,3.45,3.08
2011.05.24 07:49:52.702,1.03053,1.03098,2.70,5.70
2011.05.24 07:49:53.252,1.03053,1.03098,2.70,3.23
2011.05.24 07:49:56.537,1.03056,1.03097,1.35,2.48
2011.05.24 07:49:56.982,1.03049,1.03089,2.70,1.35
2011.05.24 07:49:59.443,1.03046,1.03088,3.45,1.35
2011.05.24 07:49:59.558,1.03042,1.03085,2.10,3.08
2011.05.24 07:49:59.783,1.03047,1.03089,1.35,1.35
2011.05.24 07:50:00.401,1.03047,1.03088,1.35,1.35
2011.05.24 07:50:00.514,1.03046,1.03085,1.35,3.08
2011.05.24 07:50:00.622,1.03047,1.03085,1.35,2.48
2011.05.24 07:50:00.732,1.03047,1.03085,1.35,2.48
2011.05.24 07:50:07.359,1.03047,1.03088,1.35,1.35
2011.05.24 07:50:07.802,1.03051,1.03094,2.70,4.20
2011.05.24 07:50:22.452,1.03051,1.03093,2.85,1.73
2011.05.24 07:50:24.363,1.03051,1.0309,2.10,1.35
2011.05.24 07:50:24.475,1.03045,1.03089,1.35,2.48
2011.05.24 07:50:24.803,1.0304,1.03085,4.20,2.48
2011.05.24 07:50:25.351,1.0304,1.03085,4.20,2.48
2011.05.24 07:50:26.366,1.03042,1.03085,1.35,2.48
2011.05.24 07:50:26.482,1.03046,1.03087,2.10,1.35
2011.05.24 07:50:26.591,1.03047,1.03093,1.13,3.45
2011.05.24 07:50:26.925,1.03047,1.03092,1.35,1.35
2011.05.24 07:50:28.346,1.03046,1.03089,1.35,1.35
2011.05.24 07:50:28.572,1.03046,1.03091,1.35,1.35
2011.05.24 07:50:28.902,1.03045,1.03089,1.35,1.35
2011.05.24 07:50:33.075,1.03044,1.03085,1.50,2.48
2011.05.24 07:50:33.191,1.03043,1.03085,3.45,2.48
2011.05.24 07:50:33.744,1.03041,1.03085,1.35,4.58
2011.05.24 07:50:34.981,1.03046,1.03085,1.35,3.08
2011.05.24 07:50:35.312,1.03042,1.03082,1.35,2.48
2011.05.24 07:50:35.533,1.03047,1.03087,1.35,2.48
2011.05.24 07:50:35.642,1.03045,1.03081,2.70,2.10
2011.05.24 07:50:37.053,1.03044,1.03083,2.10,1.73
2011.05.24 07:50:37.585,1.0304,1.03082,3.45,2.48
2011.05.24 07:50:37.932,1.03044,1.03083,2.10,1.73
2011.05.24 07:50:41.251,1.03044,1.03081,2.10,1.73
2011.05.24 07:50:41.922,1.03046,1.03086,1.35,5.70
2011.05.24 07:50:42.033,1.03051,1.03089,2.10,2.85
2011.05.24 07:50:42.253,1.03045,1.03085,2.70,2.48
2011.05.24 07:50:43.352,1.03042,1.03079,1.35,2.10
2011.05.24 07:50:43.903,1.03035,1.03074,1.35,2.48
2011.05.24 07:50:44.655,1.03045,1.03076,2.10,2.48
2011.05.24 07:50:44.779,1.03049,1.03081,2.10,2.85
2011.05.24 07:50:47.232,1.03049,1.03082,2.10,1.50
2011.05.24 07:50:47.821,1.03049,1.03086,2.10,2.70
2011.05.24 07:50:55.837,1.03052,1.03087,1.35,1.35
2011.05.24 07:50:55.952,1.03042,1.03087,2.85,2.85
2011.05.24 07:50:56.063,1.03041,1.03081,2.10,2.70
2011.05.24 07:50:56.174,1.03041,1.03081,1.35,2.70
2011.05.24 07:50:56.392,1.03045,1.03082,1.35,2.10
2011.05.24 07:50:57.552,1.03045,1.03084,1.35,2.70
2011.05.24 07:50:57.772,1.03046,1.03087,1.35,5.33
2011.05.24 07:51:04.643,1.03046,1.03087,1.35,5.33
2011.05.24 07:51:05.561,1.03046,1.03086,2.85,1.13
2011.05.24 07:51:06.171,1.03041,1.03086,4.95,2.85
2011.05.24 07:51:06.595,1.03047,1.03091,2.70,4.20
2011.05.24 07:51:06.814,1.03042,1.03087,4.20,3.08
2011.05.24 07:51:08.111,1.03042,1.03086,2.70,1.73
2011.05.24 07:51:08.771,1.03041,1.03085,3.83,1.35
2011.05.24 07:51:09.651,1.03042,1.03085,3.45,1.73
2011.05.24 07:51:09.762,1.0304,1.03083,1.35,1.73
2011.05.24 07:51:10.425,1.03037,1.03082,1.35,1.73
2011.05.24 07:51:10.542,1.03037,1.03081,1.35,1.35
2011.05.24 07:51:13.463,1.03035,1.03076,2.70,2.25
2011.05.24 07:51:13.685,1.03026,1.03065,1.35,2.48
2011.05.24 07:51:14.123,1.0303,1.03066,2.10,3.08
2011.05.24 07:51:14.673,1.03031,1.03071,1.35,2.48
2011.05.24 07:51:16.383,1.0303,1.03067,2.10,1.35
2011.05.24 07:51:16.493,1.03024,1.03064,2.70,2.48
2011.05.24 07:51:17.041,1.03026,1.03063,2.85,2.10
2011.05.24 07:51:17.483,1.03032,1.03072,2.10,4.58
2011.05.24 07:51:17.703,1.0303,1.03067,1.35,2.48
2011.05.24 07:51:17.924,1.0303,1.03069,1.35,2.70
2011.05.24 07:51:18.143,1.03028,1.03067,2.10,2.48
2011.05.24 07:51:18.363,1.03025,1.03066,2.10,2.10
2011.05.24 07:51:18.474,1.03027,1.03066,2.10,2.85
2011.05.24 07:51:18.987,1.03026,1.03072,2.70,2.10
2011.05.24 07:51:19.212,1.03037,1.03071,2.10,1.13
2011.05.24 07:51:19.543,1.03037,1.03078,2.10,3.23
2011.05.24 07:51:20.731,1.03037,1.03077,2.10,2.10
2011.05.24 07:51:20.844,1.03032,1.0307,2.70,2.10
2011.05.24 07:51:21.062,1.03033,1.03074,2.10,2.48
2011.05.24 07:51:22.243,1.03029,1.03071,2.48,2.10
2011.05.24 07:51:22.571,1.03035,1.03074,2.10,2.10
2011.05.24 07:51:22.791,1.0303,1.03074,3.23,2.70
2011.05.24 07:51:23.233,1.03032,1.03074,2.10,4.20
2011.05.24 07:51:23.343,1.03032,1.03071,2.10,2.10
2011.05.24 07:51:23.672,1.03032,1.03065,2.10,2.48
2011.05.24 07:51:23.782,1.03027,1.03064,2.70,2.48
2011.05.24 07:51:24.332,1.03023,1.03062,2.10,2.10
2011.05.24 07:51:24.992,1.03023,1.03064,2.10,2.10
2011.05.24 07:51:25.514,1.0303,1.03066,2.10,2.10
2011.05.24 07:51:25.623,1.0303,1.03069,2.10,2.10
2011.05.24 07:51:25.953,1.0303,1.03065,2.10,2.10
2011.05.24 07:51:26.172,1.0303,1.03072,2.10,3.08
2011.05.24 07:51:26.502,1.0303,1.03068,2.10,2.10
2011.05.24 07:51:27.052,1.0303,1.03069,2.10,2.10
2011.05.24 07:51:27.382,1.03031,1.03066,1.35,2.10
2011.05.24 07:51:27.932,1.03031,1.03067,1.35,2.10
2011.05.24 07:51:28.042,1.03031,1.03069,1.35,2.10
2011.05.24 07:51:28.262,1.03031,1.03067,1.35,4.20
2011.05.24 07:51:28.956,1.03031,1.03066,1.35,2.10
2011.05.24 07:51:29.292,1.03031,1.03072,1.35,5.18
2011.05.24 07:51:29.513,1.03027,1.03068,2.70,1.35
2011.05.24 07:51:30.172,1.03024,1.03068,2.10,1.88
2011.05.24 07:51:30.722,1.03025,1.0307,2.70,1.73
2011.05.24 07:51:31.382,1.03025,1.0307,2.70,1.35
2011.05.24 07:51:31.712,1.03026,1.03067,2.10,3.23
2011.05.24 07:51:32.151,1.03026,1.03062,2.10,1.35
2011.05.24 07:51:32.263,1.03022,1.03062,2.10,1.35
2011.05.24 07:51:32.701,1.03032,1.03066,2.10,2.10
2011.05.24 07:51:32.812,1.03032,1.03067,2.10,1.35
2011.05.24 07:51:34.214,1.03026,1.03055,2.85,2.10
2011.05.24 07:51:34.543,1.03026,1.03065,3.45,2.10
2011.05.24 07:51:34.763,1.03029,1.0307,2.10,2.10
2011.05.24 07:51:35.642,1.03029,1.03067,2.10,1.35
2011.05.24 07:51:35.753,1.03025,1.03067,1.35,1.35
2011.05.24 07:51:36.193,1.03022,1.03061,1.35,2.85
2011.05.24 07:51:36.303,1.03016,1.03058,1.35,2.85
2011.05.24 07:51:36.414,1.03024,1.03061,2.10,3.23
2011.05.24 07:51:38.014,1.03017,1.03061,2.10,2.85
2011.05.24 07:51:38.124,1.03019,1.03062,2.70,1.13
2011.05.24 07:51:38.233,1.03021,1.03064,2.10,3.60
2011.05.24 07:51:41.271,1.03017,1.03058,3.45,1.50
2011.05.24 07:51:41.492,1.03017,1.03062,3.45,3.08
2011.05.24 07:51:41.711,1.03017,1.03063,2.70,1.73
2011.05.24 07:51:41.823,1.03025,1.03064,2.10,2.48
2011.05.24 07:51:42.623,1.03025,1.03064,2.10,2.10
2011.05.24 07:51:43.246,1.03029,1.03066,2.10,1.52
2011.05.24 07:51:43.474,1.03026,1.03067,2.10,1.50
2011.05.24 07:51:43.941,1.0303,1.03067,2.10,1.50
2011.05.24 07:51:44.272,1.03035,1.03067,2.10,1.50
2011.05.24 07:51:44.492,1.0303,1.03067,2.10,1.88
2011.05.24 07:51:45.040,1.0303,1.03066,2.10,1.50
2011.05.24 07:51:45.592,1.0303,1.03069,2.10,2.48
2011.05.24 07:51:45.703,1.0303,1.03067,2.10,2.85
2011.05.24 07:51:45.922,1.0303,1.03066,2.10,2.10
2011.05.24 07:51:46.034,1.0303,1.03069,2.10,1.13
2011.05.24 07:51:49.266,1.03041,1.0307,2.10,1.88
2011.05.24 07:51:49.386,1.03041,1.03071,2.10,1.88
2011.05.24 07:51:49.724,1.03041,1.03077,2.10,2.10
2011.05.24 07:51:49.831,1.03041,1.03084,2.10,2.48
2011.05.24 07:51:49.942,1.03041,1.03077,2.10,2.48
2011.05.24 07:51:50.493,1.03041,1.03075,2.10,2.10
2011.05.24 07:51:51.503,1.03038,1.03076,2.10,2.10
2011.05.24 07:51:51.832,1.03038,1.03073,2.10,1.50
2011.05.24 07:51:51.943,1.03032,1.03072,2.10,1.35
2011.05.24 07:51:52.682,1.03032,1.03066,2.10,2.10
2011.05.24 07:51:53.904,1.03032,1.03068,2.10,2.48
2011.05.24 07:51:54.454,1.03032,1.03066,2.10,2.48
2011.05.24 07:51:55.865,1.03032,1.03069,2.10,1.50
2011.05.24 07:51:56.946,1.03027,1.03063,1.35,1.13
2011.05.24 07:51:57.282,1.03029,1.03062,2.10,2.10
2011.05.24 07:51:57.611,1.03029,1.0307,2.10,3.08
2011.05.24 07:51:58.595,1.03029,1.03066,2.10,2.10
2011.05.24 07:51:58.923,1.03022,1.03065,2.10,3.08
2011.05.24 07:51:59.255,1.03022,1.03063,2.10,1.35
2011.05.24 07:52:00.462,1.03025,1.03063,2.10,3.23
2011.05.24 07:52:00.681,1.03025,1.03063,2.10,3.23
2011.05.24 07:52:01.373,1.03025,1.03065,2.10,2.85
2011.05.24 07:52:02.172,1.03022,1.03061,1.35,3.99
2011.05.24 07:52:02.844,1.0302,1.03056,2.10,2.10
2011.05.24 07:52:02.951,1.0302,1.03058,2.10,2.48
2011.05.24 07:52:04.124,1.03024,1.03057,2.10,2.10
2011.05.24 07:52:04.453,1.03024,1.03061,2.10,3.62
2011.05.24 07:52:05.003,1.03029,1.03062,2.10,1.50
2011.05.24 07:52:05.332,1.03023,1.03061,2.10,1.50
2011.05.24 07:52:05.776,1.03023,1.03061,2.10,1.88
2011.05.24 07:52:06.490,1.03017,1.03061,2.70,6.08
2011.05.24 07:52:06.601,1.03012,1.03054,2.10,2.48
2011.05.24 07:52:07.441,1.03012,1.03052,2.85,2.27
2011.05.24 07:52:07.552,1.03012,1.03051,1.35,2.12
2011.05.24 07:52:07.662,1.03012,1.03051,1.35,3.83
2011.05.24 07:52:07.993,1.03006,1.03047,2.85,2.48
2011.05.24 07:52:08.322,1.03002,1.03043,4.20,1.50
2011.05.24 07:52:12.044,1.03005,1.03044,2.70,1.13
2011.05.24 07:52:12.262,1.03007,1.03044,2.70,1.50
2011.05.24 07:52:12.591,1.03008,1.03046,2.10,1.88
2011.05.24 07:52:15.223,1.03013,1.03047,2.10,1.88
2011.05.24 07:52:16.421,1.03013,1.03046,2.10,1.13
2011.05.24 07:52:16.532,1.03009,1.03046,2.10,1.13
2011.05.24 07:52:16.645,1.03012,1.03047,2.10,1.50
2011.05.24 07:52:17.194,1.03012,1.03047,2.10,1.50
2011.05.24 07:52:17.413,1.03012,1.03053,2.10,1.13
2011.05.24 07:52:18.604,1.0301,1.03053,2.70,1.73
2011.05.24 07:52:18.712,1.03008,1.03053,7.05,4.20
2011.05.24 07:52:23.912,1.03013,1.03049,2.10,1.13
2011.05.24 07:52:37.671,1.03008,1.03049,2.10,1.73
2011.05.24 07:52:37.784,1.03008,1.03041,2.10,1.50
2011.05.24 07:52:38.001,1.03003,1.03041,2.10,1.13
2011.05.24 07:52:38.113,1.03003,1.03043,2.10,2.48
2011.05.24 07:52:38.221,1.03001,1.03041,2.70,1.35
2011.05.24 07:52:38.552,1.02996,1.03041,2.85,4.20
2011.05.24 07:52:39.791,1.02996,1.03041,2.85,3.45
2011.05.24 07:52:43.612,1.02996,1.03039,2.85,2.25
2011.05.24 07:52:44.161,1.02996,1.03035,1.35,2.48
2011.05.24 07:52:53.083,1.03001,1.03034,2.10,1.13
2011.05.24 07:52:53.192,1.03001,1.03039,2.10,1.73
2011.05.24 07:52:54.902,1.03006,1.03041,2.10,2.85
2011.05.24 07:52:55.013,1.03006,1.03043,2.10,3.45
2011.05.24 07:52:55.233,1.03013,1.03052,2.10,4.20
2011.05.24 07:52:55.451,1.03013,1.03052,2.10,3.08
2011.05.24 07:52:55.672,1.03016,1.03054,2.10,3.83
2011.05.24 07:52:56.001,1.03016,1.03051,2.10,1.35
2011.05.24 07:52:59.463,1.03016,1.03047,2.10,2.85
2011.05.24 07:52:59.574,1.03007,1.03044,2.10,2.48
2011.05.24 07:53:03.325,1.02999,1.03042,2.10,2.48
2011.05.24 07:53:07.133,1.03005,1.03044,2.10,1.13
2011.05.24 07:53:07.245,1.03005,1.03043,2.10,2.10
2011.05.24 07:53:07.463,1.03015,1.03051,2.10,3.23
2011.05.24 07:53:07.794,1.03015,1.03053,2.10,2.10
2011.05.24 07:53:08.507,1.03017,1.03059,1.35,3.08
2011.05.24 07:53:08.844,1.03016,1.03059,3.45,2.10
2011.05.24 07:53:09.503,1.03014,1.03055,1.35,1.35
2011.05.24 07:53:12.714,1.03011,1.03046,1.35,2.10
2011.05.24 07:53:13.593,1.03008,1.03047,2.10,2.10
2011.05.24 07:53:13.701,1.03005,1.03047,3.08,2.10
2011.05.24 07:53:18.152,1.03005,1.03045,1.35,2.70
2011.05.24 07:53:19.194,1.03007,1.03047,1.35,2.70
2011.05.24 07:53:20.313,1.03009,1.03051,1.35,3.08
2011.05.24 07:53:21.295,1.03009,1.03051,1.35,3.08
2011.05.24 07:53:24.933,1.03017,1.0305,1.35,2.10
2011.05.24 07:53:35.763,1.03015,1.03053,2.10,3.08
2011.05.24 07:53:35.983,1.03015,1.03047,2.10,1.50
2011.05.24 07:53:36.094,1.0301,1.03046,2.10,1.35
2011.05.24 07:53:36.313,1.03004,1.03046,2.85,1.73
2011.05.24 07:53:36.534,1.03004,1.03047,2.10,1.73
2011.05.24 07:53:37.064,1.03006,1.03048,2.10,1.35
2011.05.24 07:53:37.642,1.03007,1.0305,2.10,2.48
2011.05.24 07:53:38.472,1.03007,1.03047,2.85,1.35
2011.05.24 07:53:38.836,1.03003,1.03046,1.35,3.08
2011.05.24 07:53:38.957,1.02996,1.03041,4.95,2.48
2011.05.24 07:53:39.912,1.02998,1.03041,3.45,2.10
2011.05.24 07:53:40.131,1.03002,1.03044,2.10,1.73
2011.05.24 07:53:48.082,1.03002,1.03043,2.10,1.73
2011.05.24 07:53:49.241,1.03003,1.03047,2.10,2.48
2011.05.24 07:53:49.351,1.03005,1.03047,2.10,2.48
2011.05.24 07:53:51.382,1.03007,1.03047,2.10,2.48
2011.05.24 07:53:51.602,1.03007,1.03049,2.70,1.73
2011.05.24 07:54:01.391,1.03005,1.03047,2.70,1.35
2011.05.24 07:54:01.612,1.03005,1.03049,2.70,3.08
2011.05.24 07:54:04.024,1.03007,1.03048,2.70,1.73
2011.05.24 07:54:05.163,1.03007,1.03051,4.20,1.50
2011.05.24 07:54:05.272,1.03012,1.03055,2.70,1.35
2011.05.24 07:54:09.421,1.03016,1.03056,2.10,1.35
2011.05.24 07:54:09.982,1.03014,1.03056,3.45,1.35
2011.05.24 07:54:10.091,1.03014,1.03056,4.20,1.35
2011.05.24 07:54:12.703,1.03013,1.03055,1.35,2.48
2011.05.24 07:54:13.455,1.03012,1.03051,2.10,1.35
2011.05.24 07:54:13.562,1.0301,1.03051,2.10,1.35
2011.05.24 07:54:13.893,1.03007,1.03051,4.80,3.45
2011.05.24 07:54:14.326,1.0301,1.03051,2.10,1.35
2011.05.24 07:54:14.553,1.03007,1.03051,2.70,1.35
2011.05.24 07:54:25.662,1.03004,1.03043,2.70,1.50
2011.05.24 07:54:25.773,1.02996,1.03037,2.10,1.35
2011.05.24 07:54:25.993,1.02997,1.03037,1.35,3.08
2011.05.24 07:54:26.583,1.03003,1.03043,2.10,1.73
2011.05.24 07:54:26.911,1.03003,1.03041,2.10,1.73
2011.05.24 07:54:27.433,1.03003,1.03042,2.10,3.08
2011.05.24 07:54:27.983,1.03003,1.03046,3.45,3.83
2011.05.24 07:54:32.573,1.03006,1.03046,3.45,1.73
2011.05.24 07:54:32.683,1.03003,1.03046,2.10,1.73
2011.05.24 07:54:33.233,1.03003,1.03045,1.35,4.58
2011.05.24 07:54:34.013,1.03001,1.03044,1.35,3.08
2011.05.24 07:54:35.539,1.02997,1.03041,1.35,3.08
2011.05.24 07:54:37.133,1.02999,1.03041,2.10,2.70
2011.05.24 07:54:37.462,1.02999,1.03041,2.10,1.35
2011.05.24 07:54:37.572,1.02997,1.03041,3.45,3.45
2011.05.24 07:54:38.015,1.02996,1.03041,1.35,2.85
2011.05.24 07:54:38.345,1.03001,1.03043,2.10,2.48
2011.05.24 07:54:42.143,1.03001,1.03042,2.85,1.35
2011.05.24 07:54:45.996,1.03001,1.03042,4.20,1.73
2011.05.24 07:54:47.393,1.03003,1.03047,2.70,1.73
2011.05.24 07:54:50.393,1.03006,1.03049,4.95,1.13
2011.05.24 07:54:51.204,1.03006,1.03049,1.35,1.73
2011.05.24 07:54:51.826,1.03006,1.0305,3.45,2.85
2011.05.24 07:54:52.373,1.03007,1.03046,2.10,1.35
2011.05.24 07:54:52.482,1.03007,1.03051,2.70,1.50
2011.05.24 07:54:56.043,1.03006,1.03049,2.85,1.73
2011.05.24 07:54:56.375,1.03007,1.03047,2.10,1.35
2011.05.24 07:54:56.482,1.03005,1.03047,2.10,1.35
2011.05.24 07:54:56.592,1.03003,1.03047,2.10,1.35
2011.05.24 07:54:57.271,1.03005,1.03047,2.10,1.35
2011.05.24 07:54:58.001,1.03007,1.03048,2.70,2.10
2011.05.24 07:54:58.115,1.03007,1.03048,2.70,1.73
2011.05.24 07:55:01.262,1.03005,1.03043,2.10,2.10
2011.05.24 07:55:01.483,1.02996,1.03039,3.23,2.85
2011.05.24 07:55:01.593,1.02998,1.03043,3.08,1.35
2011.05.24 07:55:01.703,1.02998,1.03045,2.70,3.45
2011.05.24 07:55:01.924,1.03,1.03042,3.08,2.85
2011.05.24 07:55:02.472,1.03,1.03045,3.08,1.73
2011.05.24 07:55:02.691,1.03,1.03045,2.70,1.73
2011.05.24 07:55:05.082,1.02998,1.03041,2.70,1.13
2011.05.24 07:55:07.631,1.02997,1.03042,2.70,5.33
2011.05.24 07:55:07.960,1.03,1.03044,3.08,1.35
2011.05.24 07:55:08.293,1.03005,1.03047,2.10,2.70
2011.05.24 07:55:11.952,1.03008,1.03051,2.48,1.35
2011.05.24 07:55:17.442,1.03011,1.03052,1.35,4.35
2011.05.24 07:55:18.110,1.03012,1.03052,1.35,2.85
2011.05.24 07:55:18.331,1.03011,1.03052,1.35,4.35
2011.05.24 07:55:19.032,1.0301,1.03052,1.73,2.85
2011.05.24 07:55:19.499,1.03012,1.03052,1.35,2.10
2011.05.24 07:55:22.382,1.0301,1.03052,1.73,2.10
2011.05.24 07:55:22.732,1.03012,1.03052,1.35,2.10
2011.05.24 07:55:23.724,1.03016,1.03058,1.73,2.85
2011.05.24 07:55:24.053,1.0302,1.03064,1.35,2.70
2011.05.24 07:55:24.164,1.03021,1.03064,2.48,2.70
2011.05.24 07:55:24.829,1.03016,1.0306,2.10,3.08
2011.05.24 07:55:35.702,1.0302,1.0306,2.10,1.13
2011.05.24 07:55:36.141,1.03017,1.03058,2.70,1.35
2011.05.24 07:55:36.253,1.03014,1.03057,2.10,2.48
2011.05.24 07:55:38.001,1.03014,1.03053,2.10,2.10
2011.05.24 07:55:38.551,1.03014,1.03054,2.10,2.85
2011.05.24 07:55:40.232,1.03011,1.03051,1.35,2.10
2011.05.24 07:55:56.813,1.03009,1.03046,2.10,2.48
2011.05.24 07:55:57.348,1.03009,1.03048,2.10,1.35
2011.05.24 07:55:59.481,1.03004,1.03044,2.70,2.48
2011.05.24 07:56:03.100,1.03002,1.03044,2.85,1.13
2011.05.24 07:56:04.309,1.03002,1.03043,1.35,1.35
2011.05.24 07:56:08.820,1.03004,1.03044,2.10,1.13
2011.05.24 07:56:09.180,1.03004,1.03047,2.10,2.70
2011.05.24 07:56:21.901,1.03011,1.03052,1.35,2.10
2011.05.24 07:56:22.014,1.03012,1.03053,1.35,1.35
2011.05.24 07:56:22.453,1.03014,1.03057,2.10,2.10
2011.05.24 07:56:23.002,1.03014,1.03058,4.20,1.35
2011.05.24 07:56:24.369,1.03011,1.0305,2.10,2.48
2011.05.24 07:56:24.593,1.03007,1.0305,2.70,2.48
2011.05.24 07:56:27.432,1.03019,1.03052,2.10,2.85
2011.05.24 07:56:27.653,1.03021,1.03055,2.10,1.35
2011.05.24 07:56:27.872,1.03009,1.03052,2.70,1.73
2011.05.24 07:56:28.933,1.03013,1.03055,3.08,1.35
2011.05.24 07:56:31.832,1.03017,1.03062,3.08,3.45
2011.05.24 07:56:32.274,1.03015,1.03062,2.70,5.33
2011.05.24 07:56:32.824,1.03018,1.03063,4.20,1.35
2011.05.24 07:56:33.264,1.03023,1.03065,2.10,1.35
2011.05.24 07:56:33.486,1.03025,1.03069,2.70,1.73
2011.05.24 07:56:33.705,1.03026,1.03069,2.10,1.73
2011.05.24 07:56:35.121,1.03026,1.03069,2.10,1.73
2011.05.24 07:56:35.934,1.03027,1.03071,1.35,4.20
2011.05.24 07:56:36.481,1.03027,1.0307,1.35,3.08
2011.05.24 07:56:36.812,1.03027,1.03071,1.35,1.73
2011.05.24 07:56:42.901,1.03027,1.03068,1.35,4.20
2011.05.24 07:56:43.231,1.03025,1.03067,1.49,3.83
2011.05.24 07:56:53.403,1.03025,1.03064,1.35,1.35
2011.05.24 07:56:57.294,1.0303,1.03072,2.70,1.35
2011.05.24 07:56:57.402,1.03031,1.03073,2.10,1.50
2011.05.24 07:56:57.941,1.03031,1.03074,2.10,1.73
2011.05.24 07:56:58.059,1.03027,1.0307,1.35,1.73
2011.05.24 07:57:02.928,1.03036,1.0307,2.10,3.60
2011.05.24 07:57:03.048,1.03038,1.03076,4.80,1.50
2011.05.24 07:57:03.385,1.0304,1.03084,2.70,1.73
2011.05.24 07:57:06.094,1.03039,1.03079,2.85,2.10
2011.05.24 07:57:06.202,1.03039,1.03078,2.10,2.10
2011.05.24 07:57:06.313,1.03037,1.03078,2.70,4.20
2011.05.24 07:57:06.861,1.03036,1.0308,2.70,3.83
2011.05.24 07:57:10.043,1.03036,1.03079,3.45,1.73
2011.05.24 07:57:12.092,1.03036,1.03079,3.45,1.35
2011.05.24 07:57:12.316,1.03039,1.03083,4.20,3.08
2011.05.24 07:57:12.873,1.03043,1.03085,1.35,2.85
2011.05.24 07:57:12.983,1.0304,1.03084,2.10,1.35
2011.05.24 07:57:13.561,1.03038,1.03084,2.70,1.35
2011.05.24 07:57:14.070,1.03039,1.03084,1.35,1.35
2011.05.24 07:57:17.532,1.03039,1.03083,1.35,1.73
2011.05.24 07:57:17.862,1.03039,1.03083,1.35,2.10
2011.05.24 07:57:23.641,1.03039,1.03081,1.35,1.35
2011.05.24 07:57:23.754,1.03037,1.03077,1.35,2.85
2011.05.24 07:57:23.972,1.03033,1.03075,3.74,1.35
2011.05.24 07:57:24.411,1.03034,1.03074,2.24,1.50
2011.05.24 07:57:24.632,1.0303,1.03073,1.35,2.85
2011.05.24 07:57:24.742,1.03029,1.03069,2.10,1.35
2011.05.24 07:57:25.831,1.03026,1.03069,1.35,3.45
2011.05.24 07:57:27.141,1.03026,1.03068,1.35,1.50
2011.05.24 07:57:27.684,1.03032,1.03068,2.10,1.50
2011.05.24 07:57:28.017,1.03034,1.03069,2.10,2.48
2011.05.24 07:57:28.244,1.03031,1.03071,2.10,3.08
2011.05.24 07:57:28.462,1.03025,1.03071,2.70,3.08
2011.05.24 07:57:29.452,1.03028,1.03074,2.10,3.45
2011.05.24 07:57:33.146,1.03026,1.03071,1.73,2.70
2011.05.24 07:57:33.264,1.03033,1.03076,2.10,2.48
2011.05.24 07:57:33.592,1.03033,1.03077,2.10,3.08
2011.05.24 07:57:34.412,1.03032,1.03075,2.10,3.45
2011.05.24 07:57:34.962,1.03031,1.0307,1.35,3.08
2011.05.24 07:57:35.743,1.03028,1.03068,2.70,2.48
2011.05.24 07:57:36.072,1.03026,1.03064,2.85,2.48
2011.05.24 07:57:42.483,1.03027,1.03069,2.10,1.35
2011.05.24 07:57:49.933,1.03026,1.03069,3.45,2.10
2011.05.24 07:57:57.871,1.03027,1.03069,2.10,1.50
2011.05.24 07:58:01.139,1.03026,1.03069,3.45,2.10
2011.05.24 07:58:06.862,1.03024,1.03063,1.35,1.35
2011.05.24 07:58:06.972,1.03023,1.03063,1.35,1.35
2011.05.24 07:58:08.654,1.03022,1.03068,1.35,3.60
2011.05.24 07:58:08.763,1.03022,1.03065,1.35,2.48
2011.05.24 07:58:08.873,1.03021,1.03065,2.10,2.48
2011.05.24 07:58:12.038,1.03022,1.03067,2.85,3.08
2011.05.24 07:58:35.052,1.03026,1.03067,1.35,2.48
2011.05.24 07:58:37.802,1.03024,1.03067,3.45,2.48
2011.05.24 07:58:38.023,1.03027,1.03066,1.35,2.48
2011.05.24 07:58:38.352,1.03027,1.03067,1.35,3.08
2011.05.24 07:58:38.683,1.03023,1.03056,2.10,2.48
2011.05.24 07:58:38.903,1.03017,1.03056,2.10,2.48
2011.05.24 07:58:39.014,1.0302,1.03056,2.10,2.48
2011.05.24 07:58:39.123,1.0302,1.03057,2.10,2.10
2011.05.24 07:58:39.235,1.03018,1.03056,2.10,2.10
2011.05.24 07:58:39.343,1.03022,1.03056,2.10,1.35
2011.05.24 07:58:39.675,1.03027,1.03056,2.70,1.50
2011.05.24 07:58:39.785,1.03027,1.03066,2.70,1.13
2011.05.24 07:58:40.358,1.03019,1.03064,2.70,2.48
2011.05.24 07:58:40.472,1.0302,1.03064,2.48,2.10
2011.05.24 07:58:40.693,1.03024,1.03069,2.70,2.48
2011.05.24 07:58:40.803,1.03024,1.03067,2.70,1.13
2011.05.24 07:58:41.134,1.03032,1.03072,2.70,1.13
2011.05.24 07:58:41.242,1.03032,1.03073,2.70,1.13
2011.05.24 07:58:41.465,1.0303,1.0307,2.10,3.23
2011.05.24 07:58:41.792,1.03033,1.03077,2.70,2.10
2011.05.24 07:58:41.903,1.03033,1.03076,2.70,2.10
2011.05.24 07:58:42.582,1.03032,1.03072,2.70,1.13
2011.05.24 07:58:43.243,1.03034,1.03076,2.10,1.50
2011.05.24 07:58:43.355,1.03034,1.03077,2.10,2.48
2011.05.24 07:58:43.573,1.03036,1.03081,2.70,3.23
2011.05.24 07:58:43.683,1.03036,1.03077,2.70,1.35
2011.05.24 07:58:43.793,1.03032,1.03077,2.70,3.45
2011.05.24 07:58:43.902,1.03032,1.03073,2.70,1.35
2011.05.24 07:58:44.399,1.03032,1.03072,2.10,1.35
2011.05.24 07:58:44.517,1.03028,1.03072,2.10,1.35
2011.05.24 07:58:44.634,1.03023,1.03066,2.70,1.50
2011.05.24 07:58:44.962,1.03023,1.03066,2.10,1.35
2011.05.24 07:58:45.549,1.03023,1.03068,2.70,2.48
2011.05.24 07:58:45.998,1.03024,1.03068,1.35,2.48
2011.05.24 07:58:47.152,1.03023,1.03068,2.70,2.48
2011.05.24 07:58:47.435,1.03023,1.03068,2.70,3.08
2011.05.24 07:58:47.755,1.03023,1.03065,2.70,1.35
2011.05.24 07:58:47.975,1.03023,1.03068,2.70,3.08
2011.05.24 07:58:48.086,1.03026,1.03069,2.10,2.48
2011.05.24 07:58:48.414,1.03025,1.0307,3.08,2.70
2011.05.24 07:58:48.523,1.03028,1.03072,2.10,2.48
2011.05.24 07:58:49.094,1.03025,1.0307,3.08,2.70
2011.05.24 07:58:50.234,1.03025,1.03069,2.70,1.35
2011.05.24 07:58:50.454,1.03028,1.03072,2.70,1.50
2011.05.24 07:58:50.565,1.03021,1.03065,1.35,2.10
2011.05.24 07:58:50.783,1.03024,1.03067,1.35,2.48
2011.05.24 07:58:51.372,1.03023,1.03065,1.35,1.13
2011.05.24 07:58:51.702,1.03024,1.03067,1.35,2.10
2011.05.24 07:58:52.212,1.03025,1.03069,2.70,2.48
2011.05.24 07:58:53.648,1.03025,1.03069,2.70,3.23
2011.05.24 07:58:53.986,1.03026,1.03069,4.20,2.10
2011.05.24 07:58:54.606,1.03028,1.03071,2.70,1.35
2011.05.24 07:58:55.359,1.03028,1.03073,4.20,2.85
2011.05.24 07:58:57.212,1.03029,1.03074,2.70,3.98
2011.05.24 07:58:57.543,1.03034,1.03074,2.10,1.13
2011.05.24 07:58:59.284,1.03036,1.03081,2.70,2.85
2011.05.24 07:59:03.609,1.03033,1.0308,3.45,2.48
2011.05.24 07:59:03.722,1.03033,1.0308,3.45,2.85
2011.05.24 07:59:05.039,1.03035,1.03081,2.70,1.50
2011.05.24 07:59:05.152,1.03035,1.03082,2.70,5.70
2011.05.24 07:59:05.482,1.03035,1.03077,2.70,2.85
2011.05.24 07:59:06.032,1.03033,1.03071,2.10,2.48
2011.05.24 07:59:06.864,1.03039,1.0307,2.10,2.10
2011.05.24 07:59:07.385,1.03034,1.03071,2.10,2.10
2011.05.24 07:59:08.163,1.03028,1.03071,2.85,2.85
2011.05.24 07:59:08.383,1.03028,1.03072,2.10,3.23
2011.05.24 07:59:08.493,1.03034,1.03073,2.10,2.48
2011.05.24 07:59:08.604,1.03036,1.03076,2.70,2.85
2011.05.24 07:59:10.098,1.03032,1.03075,2.70,1.35
2011.05.24 07:59:10.212,1.03031,1.03071,2.70,1.35
2011.05.24 07:59:19.224,1.03032,1.03073,2.70,1.13
2011.05.24 07:59:21.193,1.03032,1.03072,2.70,1.35
2011.05.24 07:59:21.523,1.03031,1.03071,2.70,1.50
2011.05.24 07:59:21.962,1.03025,1.03067,4.20,1.35
2011.05.24 07:59:23.423,1.03024,1.03066,2.10,2.48
2011.05.24 07:59:23.973,1.03028,1.03071,2.70,1.13
2011.05.24 07:59:24.194,1.03031,1.03074,4.20,1.13
2011.05.24 07:59:26.598,1.03031,1.03074,3.45,1.13
2011.05.24 07:59:26.713,1.03027,1.03071,1.35,1.50
2011.05.24 07:59:29.200,1.03029,1.03073,2.85,1.50
2011.05.24 07:59:29.314,1.03029,1.03073,1.35,3.60
2011.05.24 07:59:30.822,1.03027,1.03069,1.35,2.79
2011.05.24 07:59:33.923,1.03027,1.03068,1.35,1.44
2011.05.24 07:59:34.439,1.03034,1.03071,2.10,1.35
2011.05.24 07:59:34.554,1.03025,1.03068,2.10,1.29
2011.05.24 07:59:34.773,1.03025,1.03063,2.70,1.29
2011.05.24 07:59:35.684,1.03025,1.0307,2.70,2.10
2011.05.24 07:59:35.902,1.03021,1.03065,2.70,2.85
2011.05.24 07:59:36.673,1.03021,1.03066,2.10,2.85
2011.05.24 07:59:36.786,1.03025,1.03069,2.10,2.70
2011.05.24 07:59:37.005,1.03025,1.0306,2.10,1.35
2011.05.24 07:59:37.114,1.03014,1.03059,2.10,1.35
2011.05.24 07:59:37.553,1.03016,1.03059,2.10,1.35
2011.05.24 07:59:37.883,1.03033,1.03064,2.10,2.10
2011.05.24 07:59:38.103,1.03038,1.03081,1.34,1.50
2011.05.24 07:59:38.214,1.03036,1.0308,1.49,2.70
2011.05.24 07:59:38.700,1.03035,1.03078,1.49,2.10
2011.05.24 07:59:39.024,1.03033,1.03078,2.70,2.10
2011.05.24 07:59:39.573,1.03036,1.03081,2.70,3.60
2011.05.24 07:59:41.236,1.0304,1.03083,1.50,2.85
2011.05.24 07:59:41.343,1.0304,1.03085,3.60,2.10
2011.05.24 07:59:41.563,1.03041,1.03088,3.60,2.85
2011.05.24 07:59:41.674,1.03042,1.03088,1.35,2.85
2011.05.24 07:59:42.003,1.03044,1.03091,2.70,2.85
2011.05.24 07:59:42.712,1.03046,1.0309,2.10,1.35
2011.05.24 07:59:43.672,1.03046,1.03089,2.10,3.45
2011.05.24 07:59:44.243,1.03046,1.03089,2.85,1.35
2011.05.24 07:59:45.024,1.03046,1.03088,2.85,2.10
2011.05.24 07:59:45.573,1.03046,1.03086,2.10,2.10
2011.05.24 07:59:45.793,1.03046,1.03089,2.10,3.45
2011.05.24 07:59:46.016,1.03041,1.03081,1.35,2.70
2011.05.24 07:59:46.344,1.03036,1.03076,2.10,2.10
2011.05.24 07:59:46.562,1.03032,1.03076,1.35,2.70
2011.05.24 07:59:46.784,1.03035,1.03076,2.10,2.10
2011.05.24 07:59:47.738,1.03033,1.03076,2.70,2.70
2011.05.24 07:59:48.076,1.03036,1.03078,4.20,2.10
2011.05.24 07:59:48.483,1.03036,1.03076,2.10,2.10
2011.05.24 07:59:50.006,1.03033,1.03073,2.10,2.10
2011.05.24 07:59:50.226,1.03038,1.03076,2.10,2.10
2011.05.24 07:59:50.335,1.03039,1.03075,2.70,2.10
2011.05.24 07:59:52.151,1.03027,1.03071,1.35,1.35
2011.05.24 07:59:52.372,1.0303,1.0307,2.10,1.35
2011.05.24 07:59:52.482,1.0303,1.03076,2.10,2.10
2011.05.24 07:59:52.811,1.03028,1.0307,2.10,2.10
2011.05.24 07:59:52.922,1.03027,1.03065,1.35,2.10
2011.05.24 07:59:57.671,1.03017,1.03061,1.35,2.10
2011.05.24 07:59:58.001,1.03019,1.03064,2.10,1.35
