2013.02.19 11:00:01.610,1.04726,1.04747,1.50,1.73
2013.02.19 11:00:01.850,1.04725,1.04747,2.25,2.33
2013.02.19 11:00:02.289,1.04721,1.04742,1.50,1.73
2013.02.19 11:00:08.019,1.04724,1.04742,1.50,1.73
2013.02.19 11:00:08.139,1.04723,1.04745,1.73,2.48
2013.02.19 11:00:16.199,1.04728,1.04747,1.50,1.73
2013.02.19 11:00:16.439,1.04728,1.04752,2.48,1.35
2013.02.19 11:00:23.270,1.04728,1.04753,2.48,3.23
2013.02.19 11:00:27.619,1.04735,1.04753,1.50,1.73
2013.02.19 11:00:27.922,1.04735,1.04749,1.50,1.50
2013.02.19 11:00:27.979,1.04731,1.04747,1.50,1.73
2013.02.19 11:00:28.039,1.04729,1.04747,1.50,1.73
2013.02.19 11:00:28.220,1.04728,1.0475,3.00,2.25
2013.02.19 11:00:28.339,1.04728,1.04749,2.25,1.50
2013.02.19 11:00:28.690,1.04728,1.04747,1.50,1.73
2013.02.19 11:00:29.413,1.04727,1.04747,2.25,1.73
2013.02.19 11:00:31.862,1.04727,1.04744,1.50,1.73
2013.02.19 11:00:31.979,1.04723,1.04743,1.50,1.73
2013.02.19 11:00:32.219,1.04723,1.04742,1.73,1.50
2013.02.19 11:00:32.648,1.0472,1.04742,2.25,1.73
2013.02.19 11:00:40.544,1.04717,1.04738,1.73,2.25
2013.02.19 11:00:40.729,1.04715,1.04738,3.23,3.23
2013.02.19 11:01:24.919,1.04711,1.04731,1.17,1.35
2013.02.19 11:01:24.980,1.04708,1.04727,1.92,1.50
2013.02.19 11:01:25.099,1.04707,1.04727,1.35,1.50
2013.02.19 11:01:28.762,1.04705,1.04726,1.50,2.48
2013.02.19 11:01:28.879,1.047,1.04722,2.85,1.50
2013.02.19 11:01:29.059,1.047,1.04722,2.63,2.48
2013.02.19 11:01:29.299,1.04699,1.04713,1.73,1.50
2013.02.19 11:01:29.419,1.04697,1.0472,2.10,2.48
2013.02.19 11:01:29.752,1.04697,1.04717,1.13,1.73
2013.02.19 11:01:29.823,1.047,1.04717,1.50,1.73
2013.02.19 11:02:14.212,1.04702,1.04721,1.13,2.48
2013.02.19 11:02:17.410,1.047,1.04718,1.13,2.48
2013.02.19 11:02:20.089,1.04702,1.04722,1.50,2.48
2013.02.19 11:02:20.269,1.04702,1.04724,3.83,2.85
2013.02.19 11:02:20.389,1.04706,1.04726,2.25,1.73
2013.02.19 11:02:20.571,1.04708,1.04729,1.73,2.48
2013.02.19 11:02:26.089,1.04707,1.04729,1.73,2.48
2013.02.19 11:02:26.329,1.04704,1.04726,3.23,2.48
2013.02.19 11:02:26.609,1.04704,1.04723,2.85,1.73
2013.02.19 11:02:26.669,1.04704,1.0472,2.10,1.50
2013.02.19 11:02:26.729,1.04701,1.0472,1.13,1.73
2013.02.19 11:02:26.849,1.04701,1.0472,1.13,1.73
2013.02.19 11:02:27.559,1.047,1.04719,1.65,1.73
2013.02.19 11:02:32.369,1.04695,1.04717,1.35,2.48
2013.02.19 11:02:32.429,1.04692,1.04714,3.23,3.23
2013.02.19 11:02:32.610,1.04691,1.04712,2.10,2.25
2013.02.19 11:02:32.971,1.0469,1.04711,1.13,3.23
2013.02.19 11:02:33.149,1.04693,1.04713,3.23,1.73
2013.02.19 11:02:33.329,1.04693,1.04714,2.48,1.73
2013.02.19 11:02:33.511,1.0469,1.04711,3.00,1.73
2013.02.19 11:02:36.040,1.0469,1.04709,1.50,1.73
2013.02.19 11:02:36.160,1.04692,1.04709,1.50,1.50
2013.02.19 11:02:36.219,1.04692,1.04711,1.50,1.50
2013.02.19 11:02:36.279,1.04692,1.04714,1.50,2.25
2013.02.19 11:02:36.520,1.04694,1.04717,2.25,3.60
2013.02.19 11:02:36.700,1.04699,1.04719,2.25,1.50
2013.02.19 11:02:36.820,1.04701,1.04721,1.50,1.50
2013.02.19 11:02:37.121,1.04703,1.04721,1.58,1.50
2013.02.19 11:02:37.180,1.04703,1.04725,1.58,1.73
2013.02.19 11:02:37.579,1.04703,1.04725,1.58,1.73
2013.02.19 11:02:38.476,1.04701,1.04722,2.10,1.50
2013.02.19 11:02:40.130,1.04701,1.04722,2.10,2.25
2013.02.19 11:02:40.189,1.04701,1.04721,1.35,1.50
2013.02.19 11:02:40.370,1.04701,1.04721,1.13,1.73
2013.02.19 11:02:47.069,1.04699,1.04721,1.88,1.73
2013.02.19 11:02:47.429,1.04692,1.04711,1.58,1.50
2013.02.19 11:02:47.489,1.04692,1.04711,1.13,1.73
2013.02.19 11:02:47.795,1.0469,1.04711,1.28,1.73
2013.02.19 11:02:50.121,1.0469,1.04713,1.28,3.23
2013.02.19 11:02:50.240,1.04694,1.04713,1.35,2.48
2013.02.19 11:02:50.590,1.04698,1.04715,1.50,1.73
2013.02.19 11:02:50.829,1.04698,1.04715,1.73,1.50
2013.02.19 11:02:50.949,1.04698,1.04718,1.73,1.73
2013.02.19 11:02:55.409,1.04701,1.04723,1.73,1.50
2013.02.19 11:03:14.289,1.04701,1.04721,1.73,1.50
2013.02.19 11:03:30.869,1.04701,1.04721,2.10,1.50
2013.02.19 11:03:31.001,1.04701,1.04721,2.10,1.50
2013.02.19 11:03:33.371,1.04701,1.04721,2.10,1.50
2013.02.19 11:03:34.033,1.04701,1.04721,1.73,1.50
2013.02.19 11:03:34.100,1.04699,1.04721,2.48,2.25
2013.02.19 11:03:34.681,1.04699,1.04719,1.35,1.73
2013.02.19 11:03:36.290,1.04698,1.04718,1.35,3.23
2013.02.19 11:03:36.409,1.04693,1.04715,2.40,1.73
2013.02.19 11:03:36.470,1.04693,1.04715,2.40,1.73
2013.02.19 11:03:36.969,1.04693,1.04715,1.50,1.73
2013.02.19 11:03:56.245,1.04692,1.04715,4.35,1.73
2013.02.19 11:03:58.089,1.04696,1.04717,1.50,2.85
2013.02.19 11:03:58.270,1.04696,1.04717,2.10,2.25
2013.02.19 11:03:59.048,1.04695,1.04717,2.10,2.25
2013.02.19 11:04:23.850,1.04697,1.04716,1.35,1.50
2013.02.19 11:04:23.909,1.04697,1.04713,1.13,1.73
2013.02.19 11:04:24.390,1.04694,1.04718,2.48,4.73
2013.02.19 11:04:24.569,1.04695,1.04718,1.73,3.23
2013.02.19 11:04:25.621,1.04694,1.04718,2.48,3.23
2013.02.19 11:04:25.740,1.04692,1.04709,2.48,1.50
2013.02.19 11:04:28.056,1.04692,1.04709,2.25,1.73
2013.02.19 11:04:29.279,1.04692,1.04714,2.25,1.50
2013.02.19 11:04:29.339,1.04692,1.04714,1.50,1.50
2013.02.19 11:04:29.794,1.04692,1.04709,1.50,1.73
2013.02.19 11:04:30.430,1.04689,1.04709,1.35,1.73
2013.02.19 11:04:32.399,1.04692,1.04709,1.50,1.73
2013.02.19 11:04:37.306,1.04694,1.0471,1.50,1.73
2013.02.19 11:04:37.431,1.04692,1.04714,1.50,3.23
2013.02.19 11:04:37.492,1.04692,1.04714,1.50,3.00
2013.02.19 11:04:37.551,1.04692,1.04714,1.50,3.00
2013.02.19 11:04:37.610,1.04691,1.04712,1.73,1.50
2013.02.19 11:04:37.729,1.04692,1.04714,1.50,3.00
2013.02.19 11:04:37.849,1.04692,1.04709,2.25,1.50
2013.02.19 11:04:38.370,1.04688,1.04708,1.73,2.48
2013.02.19 11:04:42.152,1.04685,1.04703,2.48,1.50
2013.02.19 11:04:42.330,1.04682,1.04703,3.83,1.73
2013.02.19 11:04:42.580,1.04682,1.04703,3.23,1.73
2013.02.19 11:04:42.760,1.04682,1.04699,2.25,1.73
2013.02.19 11:04:48.302,1.04682,1.04703,3.23,1.50
2013.02.19 11:04:48.719,1.04685,1.04704,1.50,1.73
2013.02.19 11:04:50.850,1.04685,1.04709,2.25,2.48
2013.02.19 11:04:50.970,1.04686,1.04709,1.73,1.73
2013.02.19 11:04:52.610,1.04685,1.04707,2.48,1.50
2013.02.19 11:04:52.669,1.04685,1.04707,2.25,1.73
2013.02.19 11:04:53.309,1.04685,1.04705,1.50,1.73
2013.02.19 11:05:02.839,1.04685,1.04709,2.25,1.73
2013.02.19 11:05:03.020,1.04686,1.04709,1.73,1.73
2013.02.19 11:05:09.769,1.04691,1.0471,2.25,1.73
2013.02.19 11:05:10.305,1.04691,1.04714,3.23,3.00
2013.02.19 11:05:28.890,1.04691,1.04712,1.73,1.50
2013.02.19 11:05:32.779,1.04691,1.04713,3.23,1.50
2013.02.19 11:06:13.370,1.04689,1.04714,1.73,1.50
2013.02.19 11:06:20.287,1.04689,1.04714,1.73,1.88
2013.02.19 11:06:25.605,1.04689,1.04714,1.73,1.50
2013.02.19 11:06:33.180,1.04689,1.04714,2.48,1.50
2013.02.19 11:06:33.775,1.04691,1.04715,2.48,3.60
2013.02.19 11:06:35.180,1.04691,1.0471,1.73,1.50
2013.02.19 11:06:35.300,1.04691,1.04714,2.25,1.73
2013.02.19 11:06:35.419,1.04691,1.04714,3.23,2.10
2013.02.19 11:06:36.118,1.04692,1.04714,2.48,2.48
2013.02.19 11:06:53.240,1.04692,1.04714,2.48,2.48
2013.02.19 11:07:00.759,1.04694,1.04715,1.50,2.85
2013.02.19 11:07:00.999,1.04693,1.04712,2.25,1.50
2013.02.19 11:07:02.980,1.04693,1.04715,2.25,4.35
2013.02.19 11:07:15.120,1.04691,1.04714,1.73,3.23
2013.02.19 11:07:15.654,1.04691,1.04714,1.73,3.23
2013.02.19 11:07:18.579,1.04691,1.04714,1.73,3.23
2013.02.19 11:07:18.700,1.04689,1.04711,3.00,1.73
2013.02.19 11:07:27.261,1.04689,1.04712,2.25,1.50
2013.02.19 11:07:28.117,1.04687,1.04711,2.10,2.48
2013.02.19 11:07:58.299,1.04685,1.0471,2.85,3.60
2013.02.19 11:07:58.420,1.04685,1.04705,1.88,1.73
2013.02.19 11:07:59.066,1.04684,1.04705,1.50,1.73
2013.02.19 11:08:05.580,1.04684,1.04705,1.50,1.73
2013.02.19 11:08:05.880,1.04681,1.04702,1.73,1.73
2013.02.19 11:08:07.879,1.04685,1.04703,1.50,1.73
2013.02.19 11:08:08.120,1.04687,1.04707,1.50,1.73
2013.02.19 11:08:08.989,1.04687,1.04707,1.73,1.50
2013.02.19 11:08:12.239,1.04688,1.04709,2.48,1.73
2013.02.19 11:08:14.600,1.04688,1.04709,1.73,1.73
2013.02.19 11:08:14.792,1.04682,1.04705,3.38,2.48
2013.02.19 11:08:14.850,1.04682,1.04705,3.00,2.48
2013.02.19 11:08:18.470,1.04686,1.04705,1.73,1.50
2013.02.19 11:08:19.813,1.04686,1.04708,1.73,1.73
2013.02.19 11:08:33.600,1.04685,1.04708,1.35,3.08
2013.02.19 11:08:33.660,1.04684,1.04702,2.10,1.73
2013.02.19 11:08:33.900,1.04687,1.04708,1.73,2.48
2013.02.19 11:08:33.960,1.04687,1.04708,1.73,1.73
2013.02.19 11:08:34.080,1.04686,1.04709,2.48,3.98
2013.02.19 11:08:34.260,1.04686,1.04701,1.50,1.50
2013.02.19 11:08:34.560,1.04682,1.04706,2.48,2.48
2013.02.19 11:08:34.620,1.04682,1.04706,3.23,2.48
2013.02.19 11:08:34.681,1.04683,1.04706,1.73,1.50
2013.02.19 11:08:35.074,1.04685,1.04706,1.50,1.73
2013.02.19 11:08:40.059,1.04683,1.04706,1.88,1.73
2013.02.19 11:08:42.537,1.04683,1.04706,1.88,1.73
2013.02.19 11:08:43.079,1.04683,1.04701,1.50,1.73
2013.02.19 11:08:43.749,1.04679,1.04701,3.00,1.73
2013.02.19 11:08:47.002,1.04684,1.04701,1.50,1.73
2013.02.19 11:08:47.361,1.04687,1.04707,1.50,1.73
2013.02.19 11:08:50.030,1.04687,1.04709,1.73,1.73
2013.02.19 11:09:02.070,1.04692,1.04713,1.35,3.23
2013.02.19 11:09:02.250,1.04696,1.04716,1.50,1.35
2013.02.19 11:09:02.310,1.04696,1.04718,1.50,4.35
2013.02.19 11:09:03.000,1.04696,1.04718,1.73,4.35
2013.02.19 11:09:05.001,1.04696,1.04718,1.73,2.48
2013.02.19 11:09:05.760,1.04702,1.04723,1.50,1.88
2013.02.19 11:09:13.320,1.04702,1.04724,1.50,2.25
2013.02.19 11:09:13.620,1.04703,1.04724,1.35,2.25
2013.02.19 11:09:13.681,1.04703,1.04723,1.13,1.50
2013.02.19 11:09:13.908,1.04702,1.04723,1.73,1.50
2013.02.19 11:09:15.840,1.04703,1.04724,1.50,2.85
2013.02.19 11:09:16.050,1.04706,1.04724,1.35,2.25
2013.02.19 11:09:16.170,1.04703,1.04724,1.13,2.48
2013.02.19 11:09:16.290,1.04702,1.04723,1.73,1.50
2013.02.19 11:09:30.151,1.04701,1.04724,1.73,1.73
2013.02.19 11:09:30.708,1.047,1.04722,2.25,3.23
2013.02.19 11:09:47.491,1.04702,1.04721,1.50,1.73
2013.02.19 11:09:50.688,1.047,1.04721,2.25,1.73
2013.02.19 11:09:52.790,1.04697,1.04716,1.73,1.50
2013.02.19 11:09:54.250,1.04697,1.04719,1.73,3.23
2013.02.19 11:09:54.971,1.04697,1.04715,1.73,1.50
2013.02.19 11:09:55.036,1.04692,1.04715,2.48,2.25
2013.02.19 11:09:55.159,1.04692,1.04715,2.48,3.23
2013.02.19 11:09:58.600,1.04695,1.04717,2.25,2.48
2013.02.19 11:09:58.840,1.04702,1.04721,1.50,1.73
2013.02.19 11:09:58.901,1.04703,1.04721,1.50,1.73
2013.02.19 11:09:59.020,1.04706,1.04727,1.50,2.48
2013.02.19 11:09:59.440,1.04702,1.04727,3.00,3.23
2013.02.19 11:10:06.401,1.04702,1.0472,1.50,2.48
2013.02.19 11:10:06.707,1.04699,1.04719,1.50,2.48
2013.02.19 11:10:06.950,1.04699,1.04719,1.50,2.48
2013.02.19 11:10:07.610,1.04694,1.04719,2.25,2.48
2013.02.19 11:10:07.671,1.04694,1.04716,1.50,1.73
2013.02.19 11:10:07.849,1.04691,1.04715,3.60,2.48
2013.02.19 11:10:12.991,1.04691,1.04712,1.73,1.50
2013.02.19 11:10:13.722,1.04691,1.04709,1.73,1.50
2013.02.19 11:10:14.081,1.04688,1.04709,1.73,2.48
2013.02.19 11:10:25.360,1.04684,1.04707,1.73,1.73
2013.02.19 11:10:25.420,1.04684,1.04707,1.50,1.73
2013.02.19 11:10:25.480,1.04681,1.04702,1.73,1.50
2013.02.19 11:10:37.560,1.04681,1.04702,1.73,1.50
2013.02.19 11:10:45.027,1.0468,1.04702,1.73,1.50
2013.02.19 11:10:45.117,1.0468,1.04702,1.73,2.25
2013.02.19 11:10:45.635,1.0468,1.04702,1.50,2.48
2013.02.19 11:10:55.283,1.04677,1.04699,1.50,1.73
2013.02.19 11:10:55.581,1.04669,1.0469,1.88,1.73
2013.02.19 11:11:02.060,1.04667,1.0469,1.73,1.73
2013.02.19 11:11:02.181,1.04665,1.04689,1.73,1.50
2013.02.19 11:11:02.510,1.04664,1.04684,1.13,1.73
2013.02.19 11:11:43.430,1.04661,1.04684,2.48,1.73
2013.02.19 11:12:02.364,1.0466,1.04688,2.10,1.73
2013.02.19 11:12:29.100,1.0466,1.04682,1.35,1.35
2013.02.19 11:12:29.401,1.04657,1.04675,1.73,1.50
2013.02.19 11:12:33.427,1.04656,1.04679,1.73,1.50
2013.02.19 11:12:36.340,1.04655,1.04673,2.48,2.10
2013.02.19 11:12:36.461,1.0465,1.04665,2.25,1.50
2013.02.19 11:12:36.521,1.04647,1.04665,1.35,1.50
2013.02.19 11:12:36.640,1.04651,1.04673,1.50,2.48
2013.02.19 11:12:37.862,1.04654,1.04679,1.50,1.73
2013.02.19 11:12:57.308,1.04654,1.04679,1.50,1.50
2013.02.19 11:12:57.635,1.04655,1.04674,1.50,1.73
2013.02.19 11:13:57.349,1.04652,1.04682,1.35,1.89
2013.02.19 11:14:09.340,1.04651,1.04682,1.35,1.52
2013.02.19 11:14:09.461,1.04649,1.04668,4.50,1.73
2013.02.19 11:14:09.581,1.04648,1.04668,1.43,1.73
2013.02.19 11:14:09.702,1.04648,1.04671,2.48,1.50
2013.02.19 11:14:09.884,1.04647,1.04671,1.50,1.73
2013.02.19 11:14:10.024,1.04646,1.04668,1.73,1.50
2013.02.19 11:14:10.352,1.04645,1.04666,3.38,1.73
2013.02.19 11:14:10.897,1.04648,1.04666,1.50,1.73
2013.02.19 11:14:13.023,1.04645,1.04666,1.50,1.73
2013.02.19 11:14:13.381,1.04642,1.04657,2.25,1.73
2013.02.19 11:14:13.742,1.04641,1.04657,1.50,1.73
2013.02.19 11:14:13.861,1.04637,1.04657,1.50,1.73
2013.02.19 11:14:20.662,1.04637,1.0466,2.48,1.92
2013.02.19 11:14:20.721,1.0464,1.04661,1.50,2.48
2013.02.19 11:14:21.082,1.0464,1.04663,2.25,3.23
2013.02.19 11:14:21.201,1.04642,1.04663,1.73,2.25
2013.02.19 11:14:21.320,1.0464,1.04663,2.48,2.25
2013.02.19 11:14:21.681,1.0464,1.04661,1.50,1.73
2013.02.19 11:14:23.440,1.0464,1.04657,1.50,1.50
2013.02.19 11:14:23.501,1.04636,1.04655,1.73,1.50
2013.02.19 11:14:23.634,1.04636,1.0465,2.48,1.50
2013.02.19 11:14:23.811,1.04634,1.04656,3.00,1.35
2013.02.19 11:14:23.871,1.04637,1.04657,1.50,2.50
2013.02.19 11:14:24.111,1.0464,1.04657,3.00,1.34
2013.02.19 11:14:24.232,1.04637,1.04659,3.75,2.48
2013.02.19 11:14:31.330,1.04638,1.04656,1.50,1.17
2013.02.19 11:14:31.451,1.04637,1.04656,1.50,1.17
2013.02.19 11:14:33.602,1.04635,1.04644,2.25,2.10
2013.02.19 11:14:33.663,1.04635,1.04642,1.50,2.10
2013.02.19 11:14:33.726,1.0463,1.04642,1.20,2.10
2013.02.19 11:14:33.913,1.04629,1.04645,1.50,1.13
2013.02.19 11:14:34.042,1.04632,1.04647,1.50,1.50
2013.02.19 11:14:34.102,1.04633,1.04649,1.50,3.83
2013.02.19 11:14:34.282,1.0463,1.04649,2.25,1.59
2013.02.19 11:14:35.017,1.04629,1.04649,1.50,1.17
2013.02.19 11:14:39.360,1.04633,1.04651,1.50,1.92
2013.02.19 11:14:39.481,1.04633,1.04654,1.50,1.17
2013.02.19 11:14:39.542,1.04636,1.04654,1.50,1.17
2013.02.19 11:14:39.961,1.04633,1.04652,1.50,1.27
2013.02.19 11:14:42.381,1.04635,1.04652,1.50,1.27
2013.02.19 11:14:42.560,1.04635,1.04652,2.25,1.50
2013.02.19 11:14:42.862,1.04638,1.04656,2.25,1.29
2013.02.19 11:14:46.121,1.04637,1.04656,3.38,1.29
2013.02.19 11:14:46.241,1.04637,1.04652,1.88,1.56
2013.02.19 11:14:46.481,1.04637,1.04657,1.50,1.43
2013.02.19 11:14:47.422,1.04636,1.04656,1.13,3.08
2013.02.19 11:14:47.543,1.04633,1.04651,1.20,3.06
2013.02.19 11:14:47.870,1.04627,1.04648,3.00,1.34
2013.02.19 11:14:49.371,1.04634,1.04653,1.50,1.34
2013.02.19 11:14:49.551,1.04637,1.04656,1.50,2.48
2013.02.19 11:14:49.610,1.04634,1.04656,1.50,2.48
2013.02.19 11:14:49.730,1.04633,1.04656,1.50,2.48
2013.02.19 11:14:50.171,1.04632,1.04651,2.25,1.32
2013.02.19 11:14:50.420,1.04633,1.04651,1.50,1.92
2013.02.19 11:14:50.601,1.04633,1.04651,1.50,1.17
2013.02.19 11:14:50.841,1.04637,1.04656,1.50,2.95
2013.02.19 11:14:51.081,1.04635,1.04651,2.25,1.25
2013.02.19 11:14:51.494,1.04635,1.04657,2.25,2.12
2013.02.19 11:14:51.570,1.04639,1.04657,2.25,1.52
2013.02.19 11:14:52.180,1.04636,1.04652,2.25,1.43
2013.02.19 11:14:55.281,1.04637,1.04657,1.13,1.94
2013.02.19 11:14:55.921,1.04637,1.04658,1.88,1.35
2013.02.19 11:14:57.391,1.04641,1.04663,1.50,2.48
2013.02.19 11:14:57.452,1.04641,1.04663,1.50,2.48
2013.02.19 11:14:57.633,1.04641,1.04663,1.73,1.50
2013.02.19 11:14:58.181,1.04642,1.04664,2.48,2.25
2013.02.19 11:14:58.292,1.04642,1.04664,2.48,2.25
2013.02.19 11:14:58.650,1.04646,1.04664,2.48,2.25
2013.02.19 11:15:01.881,1.04648,1.04668,2.48,1.13
2013.02.19 11:15:02.001,1.04647,1.04664,2.25,1.50
2013.02.19 11:15:02.061,1.04648,1.04664,2.25,1.50
2013.02.19 11:15:02.621,1.04649,1.04667,1.13,1.35
2013.02.19 11:15:02.684,1.04651,1.04668,1.50,2.10
2013.02.19 11:15:02.742,1.04651,1.04668,1.50,1.73
2013.02.19 11:15:03.951,1.04651,1.04672,1.73,1.50
2013.02.19 11:15:10.631,1.04651,1.04667,2.48,1.50
2013.02.19 11:15:11.001,1.04646,1.04664,2.48,1.50
2013.02.19 11:15:11.061,1.04646,1.04664,2.48,1.50
2013.02.19 11:15:11.704,1.04646,1.0466,1.73,1.50
2013.02.19 11:15:11.882,1.04646,1.04662,1.73,1.50
2013.02.19 11:15:12.001,1.04646,1.04658,1.73,1.50
2013.02.19 11:15:12.122,1.04646,1.04664,1.73,2.25
2013.02.19 11:15:12.181,1.04646,1.04664,1.73,1.50
2013.02.19 11:15:13.851,1.04645,1.04664,2.48,1.50
2013.02.19 11:15:13.913,1.04645,1.04664,1.73,2.25
2013.02.19 11:15:13.971,1.04645,1.04664,1.50,2.48
2013.02.19 11:15:18.562,1.04642,1.04664,1.73,2.48
2013.02.19 11:15:18.620,1.04647,1.04664,1.50,1.73
2013.02.19 11:15:19.363,1.04644,1.04664,1.73,2.25
2013.02.19 11:15:19.601,1.04638,1.04658,1.73,2.25
2013.02.19 11:15:20.244,1.04638,1.04658,1.50,2.25
2013.02.19 11:15:22.921,1.04632,1.04654,3.98,2.48
2013.02.19 11:15:23.340,1.04632,1.04654,3.98,2.48
2013.02.19 11:15:23.460,1.04636,1.04654,1.50,2.48
2013.02.19 11:15:28.820,1.04636,1.04654,1.73,2.25
2013.02.19 11:15:28.961,1.04636,1.04654,1.73,2.25
2013.02.19 11:15:32.535,1.04634,1.04658,2.25,2.14
2013.02.19 11:15:32.712,1.04632,1.04654,5.85,2.25
2013.02.19 11:15:39.268,1.04636,1.04654,1.73,2.25
2013.02.19 11:15:39.581,1.04625,1.04646,2.33,2.25
2013.02.19 11:15:39.761,1.0463,1.04649,2.25,1.88
2013.02.19 11:15:46.620,1.04631,1.04649,1.50,2.63
2013.02.19 11:15:46.681,1.04631,1.04649,1.50,2.25
2013.02.19 11:15:47.051,1.0463,1.04651,1.73,2.63
2013.02.19 11:15:47.260,1.04628,1.04651,2.48,3.45
2013.02.19 11:15:48.290,1.04628,1.04651,2.48,3.45
2013.02.19 11:15:48.411,1.04629,1.04651,1.73,2.85
2013.02.19 11:15:48.971,1.0463,1.04651,2.48,1.13
2013.02.19 11:16:08.800,1.04633,1.04654,1.50,2.25
2013.02.19 11:16:08.860,1.04636,1.04654,1.50,3.00
2013.02.19 11:16:09.220,1.04635,1.04654,1.73,1.50
2013.02.19 11:16:10.550,1.04633,1.04649,2.48,1.13
2013.02.19 11:16:10.811,1.04629,1.04649,1.73,1.13
2013.02.19 11:16:10.931,1.04629,1.04649,2.48,1.13
2013.02.19 11:16:11.050,1.04631,1.04649,1.73,1.13
2013.02.19 11:16:11.291,1.04633,1.04657,2.93,3.00
2013.02.19 11:16:11.710,1.04633,1.04657,2.48,2.25
2013.02.19 11:16:16.601,1.04633,1.04657,2.48,2.25
2013.02.19 11:16:16.721,1.04633,1.04656,1.73,1.73
2013.02.19 11:16:20.325,1.04635,1.04656,1.50,1.73
2013.02.19 11:16:20.580,1.04635,1.04656,1.50,1.73
2013.02.19 11:16:20.831,1.04635,1.04658,2.48,1.13
2013.02.19 11:16:34.550,1.04635,1.04659,2.48,2.25
2013.02.19 11:16:34.670,1.04635,1.04659,2.48,2.25
2013.02.19 11:16:45.540,1.04639,1.04661,2.48,2.25
2013.02.19 11:16:45.611,1.04639,1.04661,2.48,2.48
2013.02.19 11:17:02.912,1.04633,1.04656,2.48,2.85
2013.02.19 11:17:03.093,1.04633,1.04656,2.48,3.08
2013.02.19 11:17:09.401,1.04631,1.04654,1.73,2.48
2013.02.19 11:17:30.371,1.04627,1.04648,2.48,2.63
2013.02.19 11:17:30.912,1.04628,1.04651,1.73,2.25
2013.02.19 11:17:31.331,1.04627,1.04651,1.73,2.25
2013.02.19 11:17:31.451,1.04626,1.04651,2.48,2.48
2013.02.19 11:17:32.881,1.04627,1.0465,1.73,2.48
2013.02.19 11:17:41.091,1.04636,1.04652,1.50,1.13
2013.02.19 11:17:41.761,1.04632,1.04652,2.48,1.13
2013.02.19 11:17:43.204,1.04635,1.04652,1.50,1.13
2013.02.19 11:17:46.293,1.04635,1.04652,2.25,1.13
2013.02.19 11:17:46.411,1.04636,1.04659,1.50,2.48
2013.02.19 11:17:46.591,1.04637,1.04659,1.73,2.48
2013.02.19 11:17:46.650,1.04637,1.04659,1.73,2.48
2013.02.19 11:17:55.900,1.04638,1.04662,2.48,4.35
2013.02.19 11:17:55.960,1.04638,1.04662,2.48,4.20
2013.02.19 11:18:03.093,1.0464,1.04661,1.50,1.35
2013.02.19 11:18:04.561,1.04636,1.04661,3.98,2.85
2013.02.19 11:18:04.620,1.04636,1.0466,2.48,1.35
2013.02.19 11:18:04.681,1.04636,1.04658,1.50,1.58
2013.02.19 11:18:05.123,1.04636,1.04658,2.25,1.58
2013.02.19 11:18:05.660,1.04636,1.0466,2.48,1.35
2013.02.19 11:18:18.821,1.0464,1.0466,1.50,1.35
2013.02.19 11:18:20.100,1.04641,1.04662,1.50,2.85
2013.02.19 11:18:20.887,1.04638,1.04662,2.25,2.85
2013.02.19 11:18:24.572,1.04641,1.04662,1.50,1.35
2013.02.19 11:18:24.831,1.04641,1.04662,1.50,1.35
2013.02.19 11:18:24.892,1.04641,1.04662,2.25,2.85
2013.02.19 11:18:25.231,1.04645,1.04662,2.25,1.13
2013.02.19 11:18:39.001,1.04647,1.04667,1.50,1.35
2013.02.19 11:18:41.951,1.04645,1.04667,2.25,1.35
2013.02.19 11:18:57.368,1.04645,1.04667,2.25,1.35
2013.02.19 11:19:00.331,1.04645,1.04667,2.25,1.35
2013.02.19 11:19:00.452,1.04648,1.04667,1.50,1.35
2013.02.19 11:19:00.987,1.04648,1.04671,1.50,3.98
2013.02.19 11:19:01.330,1.0465,1.04672,2.25,1.58
2013.02.19 11:19:02.111,1.04651,1.04673,1.50,1.73
2013.02.19 11:19:02.171,1.04652,1.04673,1.50,1.73
2013.02.19 11:19:02.231,1.04652,1.04673,1.73,1.13
2013.02.19 11:19:05.303,1.04652,1.0467,1.73,1.50
2013.02.19 11:19:05.618,1.0465,1.0467,1.73,2.25
2013.02.19 11:19:05.801,1.04647,1.0467,1.73,2.25
2013.02.19 11:19:09.381,1.04652,1.04673,1.50,1.35
2013.02.19 11:19:09.501,1.04655,1.04673,1.50,1.73
2013.02.19 11:19:12.332,1.04655,1.04674,3.23,1.35
2013.02.19 11:19:12.393,1.04656,1.04674,1.50,1.35
2013.02.19 11:19:13.049,1.04656,1.04677,1.73,2.25
2013.02.19 11:19:14.383,1.04662,1.04678,1.50,5.25
2013.02.19 11:19:14.740,1.04657,1.04678,1.73,2.48
2013.02.19 11:19:15.577,1.0466,1.04678,1.73,2.48
2013.02.19 11:19:15.761,1.04662,1.04678,1.73,2.25
2013.02.19 11:19:19.661,1.04657,1.04678,1.73,2.25
2013.02.19 11:19:28.601,1.04657,1.04681,3.23,1.35
2013.02.19 11:19:36.321,1.04661,1.04681,1.50,1.73
2013.02.19 11:19:38.611,1.04658,1.04682,2.25,3.23
2013.02.19 11:19:39.668,1.04657,1.04679,1.73,2.25
2013.02.19 11:19:39.791,1.04657,1.04679,1.73,2.25
2013.02.19 11:19:40.551,1.04656,1.04679,3.23,3.00
2013.02.19 11:19:40.611,1.04656,1.04679,2.48,3.00
2013.02.19 11:19:40.671,1.04652,1.04677,3.60,2.48
2013.02.19 11:19:40.861,1.04654,1.04677,1.73,1.73
2013.02.19 11:19:41.041,1.04657,1.04678,1.73,3.75
2013.02.19 11:19:42.800,1.04656,1.04678,2.48,2.25
2013.02.19 11:19:42.981,1.04656,1.04677,1.50,1.35
2013.02.19 11:19:43.351,1.04656,1.04678,3.00,2.48
2013.02.19 11:19:43.411,1.04656,1.04678,3.23,2.25
2013.02.19 11:19:43.951,1.04659,1.04679,1.50,1.13
2013.02.19 11:19:44.381,1.04661,1.04679,1.50,1.13
2013.02.19 11:19:46.411,1.04657,1.04679,2.48,1.13
2013.02.19 11:19:55.622,1.04661,1.04679,2.25,1.50
2013.02.19 11:19:56.017,1.04663,1.04682,1.73,1.88
2013.02.19 11:19:57.574,1.04662,1.04683,2.48,1.35
2013.02.19 11:19:57.702,1.0466,1.04682,2.48,1.88
2013.02.19 11:20:00.811,1.04662,1.04683,2.48,1.13
2013.02.19 11:20:01.171,1.04662,1.04686,2.48,1.88
2013.02.19 11:20:01.291,1.04662,1.04685,1.73,1.50
2013.02.19 11:20:01.591,1.04662,1.04684,1.73,1.50
2013.02.19 11:20:01.651,1.04662,1.04686,2.48,1.73
2013.02.19 11:20:02.367,1.04662,1.04686,2.48,1.50
2013.02.19 11:20:02.942,1.04662,1.04686,2.48,3.38
2013.02.19 11:20:07.531,1.04666,1.04687,2.48,1.50
2013.02.19 11:20:08.011,1.04666,1.04686,2.48,1.13
2013.02.19 11:20:09.062,1.04666,1.04686,2.48,1.13
2013.02.19 11:20:09.371,1.04666,1.04688,2.85,1.13
2013.02.19 11:20:09.552,1.04668,1.04693,2.48,1.65
2013.02.19 11:20:09.611,1.04668,1.04693,2.48,1.65
2013.02.19 11:20:09.731,1.04668,1.04694,2.48,3.00
2013.02.19 11:20:12.581,1.04669,1.04694,1.58,3.00
2013.02.19 11:20:13.159,1.04671,1.04693,1.74,1.50
2013.02.19 11:20:13.225,1.0467,1.04693,2.48,1.50
2013.02.19 11:20:18.781,1.04673,1.04694,1.73,1.50
2013.02.19 11:20:45.126,1.04669,1.04693,2.48,1.50
2013.02.19 11:21:02.782,1.04671,1.04694,2.48,1.13
2013.02.19 11:21:02.971,1.04671,1.04694,2.25,1.35
2013.02.19 11:21:23.051,1.04673,1.04696,1.50,1.73
2013.02.19 11:21:23.412,1.04674,1.04696,1.73,2.48
2013.02.19 11:21:23.994,1.04677,1.047,1.50,3.23
2013.02.19 11:21:30.601,1.04679,1.04702,1.50,3.33
2013.02.19 11:21:37.132,1.04678,1.04698,1.50,2.85
2013.02.19 11:21:37.191,1.04676,1.04698,3.00,2.85
2013.02.19 11:21:41.021,1.04676,1.04697,1.50,2.48
2013.02.19 11:21:41.081,1.04676,1.04697,1.73,2.25
2013.02.19 11:21:41.202,1.0468,1.047,1.50,1.35
2013.02.19 11:21:41.512,1.0468,1.04703,2.25,2.85
2013.02.19 11:21:54.351,1.04685,1.04706,2.25,2.10
2013.02.19 11:21:54.591,1.04686,1.04707,1.50,1.73
2013.02.19 11:21:56.131,1.04682,1.04707,2.48,2.48
2013.02.19 11:21:56.253,1.04682,1.04706,2.25,2.48
2013.02.19 11:21:56.312,1.04681,1.04706,3.00,2.48
2013.02.19 11:22:04.151,1.04681,1.04702,2.25,1.58
2013.02.19 11:22:04.211,1.04681,1.04702,2.25,1.58
2013.02.19 11:22:04.912,1.04673,1.04696,1.73,2.48
2013.02.19 11:22:04.971,1.04673,1.04693,1.50,1.73
2013.02.19 11:22:05.331,1.04673,1.04692,1.50,1.95
2013.02.19 11:22:05.571,1.04668,1.04691,3.00,1.35
2013.02.19 11:22:06.101,1.04668,1.04691,2.25,1.35
2013.02.19 11:22:09.221,1.04667,1.04689,1.50,2.48
2013.02.19 11:22:09.282,1.04664,1.04688,2.25,1.73
2013.02.19 11:22:09.641,1.04662,1.04685,2.25,2.48
2013.02.19 11:22:13.105,1.04662,1.04685,2.25,2.48
2013.02.19 11:22:13.161,1.04666,1.04685,1.50,2.48
2013.02.19 11:22:17.424,1.04664,1.04688,1.73,1.58
2013.02.19 11:22:17.481,1.04664,1.04688,1.50,1.58
2013.02.19 11:22:17.804,1.04662,1.04686,1.50,2.48
2013.02.19 11:22:18.784,1.04666,1.04687,1.50,2.48
2013.02.19 11:22:20.431,1.04664,1.04686,3.00,2.48
2013.02.19 11:22:22.191,1.04662,1.04685,1.50,2.48
2013.02.19 11:22:22.818,1.04661,1.04685,1.50,2.48
2013.02.19 11:22:26.461,1.04663,1.04685,1.50,2.48
2013.02.19 11:22:27.167,1.04664,1.04688,1.50,2.33
2013.02.19 11:22:30.060,1.04663,1.04686,1.50,2.48
2013.02.19 11:22:30.601,1.04662,1.04686,1.50,2.48
2013.02.19 11:22:34.632,1.04664,1.04687,1.50,2.48
2013.02.19 11:22:34.752,1.04662,1.04686,3.00,2.48
2013.02.19 11:22:37.461,1.04662,1.04686,2.25,2.48
2013.02.19 11:22:37.702,1.04665,1.04688,1.50,3.08
2013.02.19 11:22:43.902,1.04665,1.04688,2.25,2.48
2013.02.19 11:22:44.083,1.04665,1.04688,2.25,2.48
2013.02.19 11:22:44.141,1.04665,1.04688,2.25,1.73
2013.02.19 11:22:44.201,1.04671,1.04688,1.50,1.50
2013.02.19 11:22:44.987,1.04671,1.04694,3.00,2.48
2013.02.19 11:22:58.432,1.04669,1.04691,2.25,2.48
2013.02.19 11:22:58.612,1.04665,1.04689,2.25,2.48
2013.02.19 11:23:15.722,1.04663,1.04683,1.50,1.50
2013.02.19 11:23:36.032,1.04663,1.04684,1.50,1.50
2013.02.19 11:23:38.552,1.04663,1.04682,1.50,1.50
2013.02.19 11:23:54.654,1.04665,1.04684,1.50,1.50
2013.02.19 11:23:55.197,1.04665,1.04686,1.50,1.73
2013.02.19 11:23:58.661,1.04661,1.04686,3.60,1.73
2013.02.19 11:24:10.942,1.04665,1.0469,2.25,1.73
2013.02.19 11:24:11.122,1.04666,1.0469,1.50,1.73
2013.02.19 11:24:11.243,1.0467,1.0469,1.50,1.73
2013.02.19 11:24:44.512,1.04675,1.04696,1.50,2.48
2013.02.19 11:25:22.612,1.04675,1.04697,3.00,1.73
2013.02.19 11:25:22.672,1.04679,1.04697,1.50,1.50
2013.02.19 11:25:22.851,1.04677,1.04697,1.73,1.50
2013.02.19 11:25:22.912,1.04676,1.04697,1.50,1.73
2013.02.19 11:25:26.572,1.04676,1.04695,1.50,1.73
2013.02.19 11:25:28.721,1.04679,1.04698,1.50,3.00
2013.02.19 11:25:31.352,1.04679,1.04698,1.50,2.25
2013.02.19 11:25:31.412,1.04679,1.04698,1.50,2.48
2013.02.19 11:25:48.582,1.04678,1.04697,1.50,1.50
2013.02.19 11:25:48.702,1.04686,1.047,1.50,1.73
2013.02.19 11:25:49.182,1.04687,1.04704,1.50,1.73
2013.02.19 11:25:50.395,1.04686,1.04704,1.50,1.73
2013.02.19 11:25:50.467,1.04686,1.04704,1.50,1.50
2013.02.19 11:25:50.538,1.04685,1.04704,1.13,1.50
2013.02.19 11:25:57.861,1.04684,1.04704,1.50,1.50
2013.02.19 11:25:58.592,1.04689,1.04704,1.50,1.50
2013.02.19 11:25:58.964,1.04684,1.04701,2.10,1.50
2013.02.19 11:26:00.361,1.04684,1.04701,1.88,1.73
2013.02.19 11:26:00.661,1.04679,1.04701,2.25,2.48
2013.02.19 11:26:00.902,1.0468,1.04699,1.50,1.73
2013.02.19 11:26:00.962,1.0468,1.04699,1.50,1.73
2013.02.19 11:26:01.142,1.04678,1.04699,2.18,2.48
2013.02.19 11:26:01.202,1.04677,1.04699,2.25,2.48
2013.02.19 11:26:04.872,1.04676,1.047,3.23,1.73
2013.02.19 11:26:07.962,1.04681,1.04696,1.50,1.50
2013.02.19 11:26:13.621,1.04681,1.04698,1.50,3.00
2013.02.19 11:26:57.152,1.04677,1.047,2.48,1.58
2013.02.19 11:26:57.332,1.04677,1.047,2.25,1.58
2013.02.19 11:27:07.133,1.04679,1.04702,1.50,2.00
2013.02.19 11:27:07.377,1.04681,1.04702,1.50,1.73
2013.02.19 11:27:07.505,1.04682,1.04702,1.50,1.29
2013.02.19 11:27:08.106,1.04682,1.04702,1.50,2.75
2013.02.19 11:27:08.317,1.04681,1.04702,1.50,1.92
2013.02.19 11:27:09.096,1.0468,1.04702,2.25,1.73
2013.02.19 11:27:09.222,1.0468,1.04701,2.25,1.58
2013.02.19 11:27:42.604,1.04682,1.04702,1.50,2.48
2013.02.19 11:27:42.663,1.04682,1.04702,1.50,1.73
2013.02.19 11:27:54.826,1.04683,1.04702,1.50,1.73
2013.02.19 11:27:54.953,1.04687,1.04702,1.50,1.50
2013.02.19 11:27:55.492,1.04687,1.04704,1.50,1.50
2013.02.19 11:27:56.045,1.04687,1.04705,1.50,1.50
2013.02.19 11:28:04.122,1.04687,1.04705,1.50,2.25
2013.02.19 11:28:04.422,1.04692,1.04708,1.50,1.73
2013.02.19 11:28:08.320,1.04691,1.04708,1.50,1.73
2013.02.19 11:28:08.449,1.04687,1.04708,1.50,1.73
2013.02.19 11:28:19.351,1.04691,1.04714,2.25,3.33
2013.02.19 11:28:19.532,1.04697,1.04714,1.50,1.92
2013.02.19 11:28:19.592,1.04695,1.04714,1.13,2.48
2013.02.19 11:28:19.652,1.04694,1.04714,1.13,2.48
2013.02.19 11:28:19.893,1.04694,1.04714,1.88,1.73
2013.02.19 11:28:19.952,1.04694,1.04714,1.73,1.73
2013.02.19 11:28:20.132,1.04693,1.04714,1.35,2.48
2013.02.19 11:28:20.191,1.04691,1.04714,3.00,2.48
2013.02.19 11:28:29.882,1.04689,1.04712,1.50,2.33
2013.02.19 11:28:29.946,1.04689,1.04712,2.25,2.33
2013.02.19 11:28:30.521,1.04693,1.04712,1.50,1.73
2013.02.19 11:28:34.319,1.04692,1.04712,1.50,2.48
2013.02.19 11:28:34.382,1.04692,1.04712,1.50,2.48
2013.02.19 11:28:34.942,1.04689,1.04711,1.50,1.58
2013.02.19 11:28:36.849,1.04689,1.04712,1.50,2.33
2013.02.19 11:28:36.912,1.04693,1.04712,1.50,2.33
2013.02.19 11:28:42.412,1.04697,1.04719,1.50,4.37
2013.02.19 11:28:42.472,1.04697,1.04719,1.50,3.23
2013.02.19 11:29:24.743,1.04697,1.0472,1.50,2.48
2013.02.19 11:29:34.532,1.04698,1.04719,1.50,1.58
2013.02.19 11:29:34.593,1.04698,1.04719,1.50,1.58
2013.02.19 11:29:34.952,1.04696,1.04715,1.50,1.73
2013.02.19 11:29:54.073,1.04696,1.04719,1.50,3.75
2013.02.19 11:29:54.383,1.04698,1.04719,2.25,1.65
2013.02.19 11:29:54.444,1.04698,1.04719,2.25,1.35
2013.02.19 11:29:56.738,1.04698,1.04719,2.25,1.35
2013.02.19 11:30:06.283,1.04696,1.04716,1.50,1.35
2013.02.19 11:30:06.462,1.04696,1.04718,1.50,1.20
2013.02.19 11:30:42.863,1.04696,1.04717,1.50,2.48
2013.02.19 11:30:43.222,1.04697,1.04717,1.50,1.73
2013.02.19 11:30:46.040,1.04695,1.04717,2.25,1.73
2013.02.19 11:30:46.163,1.04695,1.04717,1.50,2.48
2013.02.19 11:30:46.494,1.04695,1.04716,1.50,1.35
2013.02.19 11:31:05.394,1.0469,1.04709,1.50,2.48
2013.02.19 11:31:05.454,1.04687,1.04709,1.73,2.48
2013.02.19 11:31:05.573,1.04687,1.04705,1.50,1.73
2013.02.19 11:31:05.877,1.0469,1.04705,1.50,1.50
2013.02.19 11:31:05.943,1.04686,1.04705,1.50,2.48
2013.02.19 11:31:06.244,1.04684,1.04702,1.50,3.00
2013.02.19 11:31:06.858,1.04684,1.04701,1.50,1.50
2013.02.19 11:31:08.402,1.04684,1.04703,1.50,1.50
2013.02.19 11:31:24.158,1.04684,1.047,1.50,1.50
2013.02.19 11:31:24.517,1.04683,1.04697,1.73,1.50
2013.02.19 11:31:24.823,1.04683,1.04701,1.73,1.50
2013.02.19 11:31:31.428,1.04683,1.04701,1.50,1.73
2013.02.19 11:32:00.378,1.04678,1.04698,1.35,2.10
2013.02.19 11:32:00.498,1.04678,1.04698,1.13,2.10
2013.02.19 11:32:01.169,1.04674,1.04695,1.50,2.48
2013.02.19 11:32:01.288,1.04674,1.04695,1.50,2.48
2013.02.19 11:32:02.688,1.04672,1.04693,1.50,2.48
2013.02.19 11:32:13.999,1.04672,1.04687,1.50,2.25
2013.02.19 11:32:14.358,1.04666,1.04688,1.50,2.48
2013.02.19 11:32:16.021,1.0467,1.0469,1.50,1.58
2013.02.19 11:32:16.319,1.04674,1.04693,1.50,1.35
2013.02.19 11:32:18.598,1.04674,1.04697,2.25,2.63
2013.02.19 11:32:18.720,1.04674,1.04697,2.48,2.10
2013.02.19 11:32:26.486,1.04681,1.04701,1.50,3.08
2013.02.19 11:32:39.557,1.04682,1.04701,1.50,1.73
2013.02.19 11:32:39.738,1.04682,1.04703,1.73,2.85
2013.02.19 11:32:44.078,1.04685,1.04706,1.50,1.73
2013.02.19 11:32:44.198,1.04686,1.04707,1.50,1.50
2013.02.19 11:32:44.740,1.04686,1.04709,1.50,2.48
2013.02.19 11:32:45.248,1.0469,1.0471,2.25,2.85
2013.02.19 11:32:50.507,1.04691,1.04709,2.48,1.50
2013.02.19 11:32:50.824,1.04691,1.04709,2.48,1.50
2013.02.19 11:32:51.698,1.04691,1.04709,1.73,1.50
2013.02.19 11:33:00.518,1.04691,1.04713,1.73,2.10
2013.02.19 11:33:00.577,1.04691,1.04713,1.73,2.10
2013.02.19 11:33:03.128,1.04694,1.04713,1.50,1.73
2013.02.19 11:33:03.209,1.04691,1.0471,1.73,1.50
2013.02.19 11:33:05.068,1.0469,1.04714,2.48,2.48
2013.02.19 11:33:05.128,1.0469,1.04711,2.48,1.13
2013.02.19 11:33:05.368,1.04686,1.04707,1.50,1.50
2013.02.19 11:33:10.033,1.04686,1.04707,1.50,1.50
2013.02.19 11:33:10.522,1.04693,1.0471,1.73,1.50
2013.02.19 11:33:11.088,1.04689,1.0471,1.73,2.25
2013.02.19 11:33:11.229,1.04686,1.0471,3.23,2.48
2013.02.19 11:33:11.944,1.04686,1.04709,3.00,1.73
2013.02.19 11:33:20.369,1.04693,1.0471,1.50,2.48
2013.02.19 11:33:20.428,1.04693,1.0471,1.50,2.48
2013.02.19 11:33:20.548,1.04688,1.0471,1.73,2.48
2013.02.19 11:33:20.608,1.04686,1.0471,3.23,3.23
2013.02.19 11:33:20.669,1.04686,1.0471,2.25,5.48
2013.02.19 11:33:20.794,1.04686,1.04707,1.50,2.48
2013.02.19 11:33:20.858,1.04686,1.04707,1.73,1.50
2013.02.19 11:34:00.308,1.04686,1.04705,1.73,1.50
2013.02.19 11:34:00.610,1.04686,1.04703,1.73,1.50
2013.02.19 11:34:06.729,1.04686,1.04705,1.73,3.00
2013.02.19 11:34:16.818,1.04685,1.04705,1.73,1.50
2013.02.19 11:34:17.119,1.04687,1.04705,1.73,2.25
2013.02.19 11:34:17.239,1.04685,1.04705,1.50,2.48
2013.02.19 11:34:17.478,1.04685,1.04702,1.50,1.73
2013.02.19 11:34:25.543,1.0468,1.04699,1.73,2.48
2013.02.19 11:34:25.609,1.0468,1.04699,1.73,2.48
2013.02.19 11:34:25.730,1.04676,1.04696,3.23,2.25
2013.02.19 11:34:25.789,1.04676,1.04696,2.25,1.73
2013.02.19 11:34:25.909,1.04676,1.04694,1.73,1.50
2013.02.19 11:34:26.510,1.04676,1.04694,1.73,2.10
2013.02.19 11:34:26.809,1.04665,1.04685,1.13,2.25
2013.02.19 11:34:27.336,1.04666,1.04683,1.50,1.50
2013.02.19 11:34:27.810,1.04666,1.04687,1.50,2.85
2013.02.19 11:34:30.268,1.04666,1.04687,1.50,2.48
2013.02.19 11:34:30.579,1.04663,1.04687,2.25,2.86
2013.02.19 11:34:30.949,1.04663,1.04687,2.25,2.11
2013.02.19 11:34:31.015,1.04666,1.04687,1.50,1.73
2013.02.19 11:34:33.558,1.04668,1.04684,1.50,2.33
2013.02.19 11:34:33.869,1.04664,1.0468,1.73,1.35
2013.02.19 11:34:33.933,1.04659,1.0468,2.85,1.58
2013.02.19 11:34:33.998,1.04659,1.0468,1.88,3.08
2013.02.19 11:34:37.328,1.04659,1.04678,1.88,1.73
2013.02.19 11:34:37.389,1.04659,1.0468,2.63,1.73
2013.02.19 11:34:37.938,1.04662,1.04684,3.00,2.48
2013.02.19 11:34:40.004,1.04662,1.04684,3.00,2.48
2013.02.19 11:34:40.250,1.04669,1.04684,1.50,1.73
2013.02.19 11:34:41.108,1.04671,1.04689,1.50,1.73
2013.02.19 11:34:41.168,1.04671,1.04689,1.50,1.73
2013.02.19 11:34:41.348,1.04668,1.04689,1.50,2.48
2013.02.19 11:34:48.869,1.04663,1.04686,2.10,2.48
2013.02.19 11:34:48.989,1.04665,1.04688,1.50,2.85
2013.02.19 11:34:52.108,1.04663,1.04685,2.25,2.48
2013.02.19 11:34:54.878,1.04669,1.04684,1.50,1.73
2013.02.19 11:34:54.938,1.04669,1.04687,1.50,2.48
2013.02.19 11:35:00.598,1.0467,1.04689,1.35,1.50
2013.02.19 11:35:00.659,1.04679,1.04689,1.50,1.73
2013.02.19 11:35:00.839,1.04674,1.04694,1.50,3.23
2013.02.19 11:35:00.898,1.04672,1.04694,1.50,2.48
2013.02.19 11:35:01.018,1.04672,1.04693,1.50,1.59
2013.02.19 11:35:02.451,1.04679,1.04694,1.50,2.11
2013.02.19 11:35:02.509,1.04679,1.04694,1.50,1.73
2013.02.19 11:35:03.162,1.04679,1.047,1.50,2.48
2013.02.19 11:35:12.808,1.04675,1.04696,1.13,2.48
2013.02.19 11:35:12.867,1.04675,1.04696,1.13,2.48
2013.02.19 11:35:16.128,1.04674,1.04696,3.00,1.73
2013.02.19 11:35:16.308,1.0468,1.04698,1.50,1.73
2013.02.19 11:35:20.638,1.04676,1.04696,1.50,2.48
2013.02.19 11:35:20.698,1.04676,1.04694,1.50,2.48
2013.02.19 11:35:33.258,1.04675,1.04694,1.50,2.48
2013.02.19 11:35:38.882,1.04675,1.04693,1.50,2.48
2013.02.19 11:35:39.108,1.04681,1.04693,1.50,1.73
2013.02.19 11:35:39.618,1.04682,1.04698,1.50,2.48
2013.02.19 11:35:39.678,1.04683,1.04698,1.50,1.50
2013.02.19 11:35:39.859,1.04682,1.04698,2.25,2.48
2013.02.19 11:35:40.218,1.04681,1.04698,1.50,1.50
2013.02.19 11:35:40.798,1.04682,1.047,1.50,1.73
2013.02.19 11:35:43.078,1.04682,1.04698,1.50,1.50
2013.02.19 11:35:43.468,1.04681,1.04695,2.25,1.50
2013.02.19 11:35:45.990,1.04681,1.04699,1.50,1.73
2013.02.19 11:35:46.459,1.04676,1.04699,1.73,2.48
2013.02.19 11:35:46.519,1.04676,1.04699,1.50,2.48
2013.02.19 11:35:56.329,1.04679,1.04701,2.25,2.48
2013.02.19 11:35:58.348,1.04683,1.04705,1.50,1.73
2013.02.19 11:35:58.708,1.04692,1.0471,1.50,1.50
2013.02.19 11:35:58.768,1.04692,1.04713,1.50,2.93
2013.02.19 11:35:59.009,1.04697,1.04716,1.50,1.58
2013.02.19 11:35:59.130,1.04697,1.04715,1.50,2.10
2013.02.19 11:35:59.488,1.04696,1.04715,2.25,1.58
2013.02.19 11:35:59.879,1.04698,1.04719,1.50,3.08
2013.02.19 11:35:59.938,1.04698,1.04719,1.50,2.85
2013.02.19 11:36:00.841,1.04696,1.04714,1.50,1.73
2013.02.19 11:36:00.899,1.04696,1.04714,1.50,1.73
2013.02.19 11:36:01.019,1.04696,1.04718,3.00,2.33
2013.02.19 11:36:03.628,1.04702,1.04719,1.50,1.73
2013.02.19 11:36:03.808,1.04702,1.04724,3.00,2.48
2013.02.19 11:36:04.361,1.04702,1.04721,1.50,1.73
2013.02.19 11:36:04.658,1.04699,1.04721,2.25,2.48
2013.02.19 11:36:04.718,1.04699,1.04721,1.50,3.98
2013.02.19 11:36:05.336,1.04696,1.04719,3.00,2.48
2013.02.19 11:36:07.139,1.04698,1.04719,1.50,1.73
2013.02.19 11:36:07.320,1.04702,1.04724,1.50,2.48
2013.02.19 11:36:07.559,1.04706,1.04728,1.50,3.23
2013.02.19 11:36:07.679,1.04704,1.04725,2.25,1.73
2013.02.19 11:36:07.859,1.04705,1.04728,1.50,2.48
2013.02.19 11:36:08.099,1.04705,1.04725,1.50,2.25
2013.02.19 11:36:08.459,1.04702,1.04724,3.00,1.73
2013.02.19 11:36:18.848,1.04699,1.04721,1.35,2.48
2013.02.19 11:36:19.028,1.04698,1.04719,1.50,1.73
2013.02.19 11:36:19.233,1.04694,1.04718,2.03,1.73
2013.02.19 11:36:19.878,1.04696,1.04718,1.50,1.73
2013.02.19 11:36:20.438,1.04699,1.0472,1.50,1.73
2013.02.19 11:36:21.577,1.04699,1.04723,2.25,2.48
2013.02.19 11:36:21.758,1.047,1.04723,3.00,1.73
2013.02.19 11:36:22.337,1.04702,1.04724,1.50,1.73
2013.02.19 11:36:22.578,1.04702,1.04725,3.00,1.73
2013.02.19 11:36:22.760,1.04706,1.04727,1.50,1.73
2013.02.19 11:36:23.059,1.0471,1.04727,1.73,1.73
2013.02.19 11:36:23.301,1.0472,1.04739,1.50,1.73
2013.02.19 11:36:23.359,1.04716,1.04739,2.25,3.08
2013.02.19 11:36:23.419,1.04716,1.04736,1.50,1.50
2013.02.19 11:36:23.718,1.04712,1.04732,1.73,1.50
2013.02.19 11:36:24.099,1.04709,1.04732,2.10,2.48
2013.02.19 11:36:24.159,1.04707,1.04728,1.73,2.25
2013.02.19 11:36:24.519,1.04712,1.04728,1.50,1.50
2013.02.19 11:36:24.638,1.04706,1.04728,3.30,1.73
2013.02.19 11:36:25.049,1.04708,1.04732,2.25,2.48
2013.02.19 11:36:25.168,1.04712,1.04732,1.50,1.73
2013.02.19 11:36:25.289,1.04712,1.04728,1.50,1.50
2013.02.19 11:36:25.528,1.04712,1.04732,1.50,1.73
2013.02.19 11:36:25.757,1.04714,1.04732,1.50,1.73
2013.02.19 11:36:25.939,1.04716,1.04735,1.50,1.50
2013.02.19 11:36:26.463,1.04716,1.04737,1.50,1.73
2013.02.19 11:36:33.128,1.04716,1.04737,1.50,1.73
2013.02.19 11:36:33.665,1.04716,1.04737,1.50,1.73
2013.02.19 11:36:35.327,1.04717,1.04737,1.50,1.73
2013.02.19 11:36:36.005,1.0472,1.04737,1.50,1.50
2013.02.19 11:36:36.208,1.0472,1.04743,1.50,2.48
2013.02.19 11:36:37.138,1.0472,1.04741,1.50,1.50
2013.02.19 11:36:37.684,1.04721,1.04744,2.25,1.73
2013.02.19 11:36:42.587,1.04717,1.04742,2.48,1.73
2013.02.19 11:36:42.768,1.04718,1.04736,1.50,1.50
2013.02.19 11:36:43.002,1.04718,1.04736,1.50,1.73
2013.02.19 11:36:43.058,1.04715,1.04736,1.50,1.73
2013.02.19 11:36:48.878,1.04711,1.04736,3.00,1.73
2013.02.19 11:36:53.078,1.04711,1.04733,1.50,1.73
2013.02.19 11:36:54.978,1.04711,1.04729,1.50,1.50
2013.02.19 11:36:55.268,1.04711,1.04732,1.50,1.73
2013.02.19 11:36:55.328,1.04712,1.04732,1.50,1.73
2013.02.19 11:36:55.819,1.04712,1.04732,1.73,2.48
2013.02.19 11:36:55.878,1.04711,1.0473,1.50,1.73
2013.02.19 11:36:55.939,1.04711,1.0473,1.28,1.73
2013.02.19 11:36:56.358,1.0471,1.04733,2.48,1.73
2013.02.19 11:36:56.538,1.0471,1.04734,3.23,1.73
2013.02.19 11:36:56.848,1.04714,1.04734,1.50,1.73
2013.02.19 11:36:57.199,1.04712,1.04734,2.25,3.23
2013.02.19 11:36:59.009,1.04714,1.04734,1.50,1.73
2013.02.19 11:37:03.798,1.04714,1.04737,2.25,2.79
2013.02.19 11:37:03.920,1.04717,1.04737,1.50,1.73
2013.02.19 11:37:04.039,1.04716,1.04737,1.50,1.73
2013.02.19 11:37:04.480,1.04716,1.04733,1.50,1.73
2013.02.19 11:37:04.539,1.0471,1.04733,2.25,1.73
2013.02.19 11:37:05.079,1.04713,1.04733,1.50,1.73
2013.02.19 11:37:05.348,1.04713,1.04736,3.00,2.07
2013.02.19 11:37:05.408,1.04713,1.04736,3.00,1.73
2013.02.19 11:37:07.298,1.04713,1.04736,2.25,2.48
2013.02.19 11:37:07.358,1.04713,1.04733,1.50,1.73
2013.02.19 11:37:07.478,1.04713,1.04733,1.50,1.73
2013.02.19 11:37:13.878,1.04713,1.04736,2.25,2.48
2013.02.19 11:37:13.999,1.04713,1.04736,2.25,2.48
2013.02.19 11:37:16.018,1.04713,1.04736,2.25,2.48
2013.02.19 11:37:16.288,1.04713,1.04734,1.50,1.73
2013.02.19 11:37:21.888,1.04713,1.04736,2.25,2.48
2013.02.19 11:37:25.838,1.04715,1.04739,2.25,2.48
2013.02.19 11:37:25.960,1.04718,1.04739,1.50,1.73
2013.02.19 11:37:28.778,1.04718,1.04742,1.50,2.48
2013.02.19 11:37:28.958,1.04715,1.04738,3.53,3.23
2013.02.19 11:37:33.048,1.04715,1.04737,2.25,1.73
2013.02.19 11:37:33.170,1.04715,1.04733,2.25,1.73
2013.02.19 11:37:35.546,1.04711,1.04735,2.25,1.43
2013.02.19 11:37:35.789,1.04715,1.04739,3.00,3.70
2013.02.19 11:37:42.259,1.04714,1.04735,1.20,1.73
2013.02.19 11:37:42.318,1.04713,1.04733,1.95,1.73
2013.02.19 11:37:42.499,1.04713,1.04733,1.95,1.73
2013.02.19 11:37:43.033,1.04713,1.04733,1.50,1.73
2013.02.19 11:37:45.298,1.0471,1.04733,2.25,1.73
2013.02.19 11:37:47.418,1.04714,1.04733,1.50,1.73
2013.02.19 11:37:49.040,1.04712,1.04734,2.25,1.73
2013.02.19 11:37:58.525,1.04706,1.04731,3.00,2.48
2013.02.19 11:37:58.588,1.0471,1.04732,1.50,3.23
2013.02.19 11:37:58.949,1.0471,1.04729,1.50,1.73
2013.02.19 11:37:59.138,1.04708,1.04729,2.25,2.48
2013.02.19 11:37:59.319,1.04707,1.04729,3.00,2.48
2013.02.19 11:37:59.379,1.04707,1.04728,2.25,1.73
2013.02.19 11:37:59.708,1.04709,1.04729,1.50,1.73
2013.02.19 11:37:59.859,1.04707,1.04728,2.25,1.73
2013.02.19 11:37:59.918,1.04707,1.04728,2.25,1.73
2013.02.19 11:38:00.158,1.04709,1.04729,1.50,1.73
2013.02.19 11:38:00.318,1.04707,1.04729,2.25,2.48
2013.02.19 11:38:00.378,1.04707,1.04729,1.50,3.23
2013.02.19 11:38:00.438,1.04707,1.04729,1.50,3.23
2013.02.19 11:38:01.658,1.04707,1.04729,2.25,2.48
2013.02.19 11:38:01.778,1.04709,1.04729,1.50,1.73
2013.02.19 11:38:02.418,1.04712,1.04734,1.50,4.73
2013.02.19 11:38:05.028,1.04709,1.04733,1.50,2.48
2013.02.19 11:38:05.578,1.04707,1.04728,2.25,1.73
2013.02.19 11:38:05.759,1.04707,1.04728,2.25,1.73
2013.02.19 11:38:21.058,1.04707,1.04729,3.00,2.48
2013.02.19 11:38:21.360,1.04708,1.04729,1.50,1.73
2013.02.19 11:38:41.598,1.04711,1.04735,2.25,2.48
2013.02.19 11:38:41.719,1.04714,1.04735,1.50,2.48
2013.02.19 11:38:43.619,1.04711,1.04733,1.73,1.73
2013.02.19 11:38:43.739,1.04709,1.04733,1.28,2.48
2013.02.19 11:38:48.541,1.0471,1.04733,1.35,2.48
2013.02.19 11:38:48.743,1.04713,1.04735,1.50,1.73
2013.02.19 11:38:52.868,1.04713,1.04734,1.73,1.50
2013.02.19 11:38:53.589,1.04718,1.04736,1.35,2.48
2013.02.19 11:38:53.709,1.04723,1.04737,1.73,1.50
2013.02.19 11:38:53.769,1.04723,1.04741,1.73,1.73
2013.02.19 11:38:53.829,1.04723,1.04743,1.73,1.73
2013.02.19 11:38:54.618,1.0472,1.0474,1.73,1.50
2013.02.19 11:38:54.819,1.04719,1.0474,1.43,2.25
2013.02.19 11:38:54.897,1.04719,1.0474,1.20,2.48
2013.02.19 11:38:55.019,1.04717,1.04739,2.25,1.73
2013.02.19 11:38:59.859,1.04717,1.0474,2.25,2.48
2013.02.19 11:39:00.468,1.04719,1.0474,1.73,1.50
2013.02.19 11:39:04.729,1.04723,1.04743,1.50,1.73
2013.02.19 11:39:05.369,1.04723,1.04745,2.25,2.85
2013.02.19 11:39:05.488,1.04724,1.04745,1.73,1.88
2013.02.19 11:39:05.565,1.04724,1.04745,1.73,1.88
2013.02.19 11:39:05.689,1.04728,1.04752,3.00,1.58
2013.02.19 11:39:05.749,1.04728,1.04753,3.23,3.98
2013.02.19 11:39:18.477,1.04732,1.04757,3.08,2.48
2013.02.19 11:39:18.541,1.04735,1.04757,1.73,2.48
2013.02.19 11:39:20.309,1.04735,1.04757,1.73,3.23
2013.02.19 11:39:20.488,1.04732,1.04753,2.48,1.73
2013.02.19 11:39:23.818,1.04731,1.04752,2.48,1.58
2013.02.19 11:39:23.879,1.04731,1.04748,1.73,1.50
2013.02.19 11:39:23.999,1.04725,1.04746,2.48,1.50
2013.02.19 11:39:24.479,1.04723,1.04745,1.73,3.23
2013.02.19 11:39:24.869,1.04727,1.04745,1.50,1.73
2013.02.19 11:39:24.928,1.04727,1.04745,1.50,1.50
2013.02.19 11:39:25.189,1.04727,1.04748,1.50,1.73
2013.02.19 11:39:25.672,1.04732,1.0475,1.50,1.50
2013.02.19 11:39:26.882,1.04732,1.0475,1.73,1.50
2013.02.19 11:39:26.999,1.04732,1.04752,1.73,1.50
2013.02.19 11:39:27.539,1.04732,1.04754,3.23,1.50
2013.02.19 11:39:28.074,1.04732,1.04752,1.73,1.50
2013.02.19 11:39:28.379,1.04732,1.04749,1.73,1.50
2013.02.19 11:39:30.393,1.04727,1.04749,1.73,2.25
2013.02.19 11:39:30.459,1.04727,1.04749,1.73,2.25
2013.02.19 11:39:30.640,1.04721,1.04746,3.23,2.25
2013.02.19 11:39:30.759,1.04721,1.04744,3.23,1.50
2013.02.19 11:39:32.919,1.04721,1.04743,1.73,1.88
2013.02.19 11:39:33.658,1.04721,1.04743,1.73,1.88
2013.02.19 11:39:34.999,1.04721,1.04737,1.73,1.50
2013.02.19 11:39:35.378,1.04721,1.04737,1.73,1.50
2013.02.19 11:39:35.924,1.04718,1.04734,1.73,1.50
2013.02.19 11:39:36.508,1.04714,1.04734,1.73,2.25
2013.02.19 11:39:36.749,1.04714,1.04732,1.73,1.50
2013.02.19 11:39:36.929,1.04709,1.0473,1.43,2.25
2013.02.19 11:39:36.989,1.04709,1.0473,1.43,2.25
2013.02.19 11:39:41.610,1.04712,1.0473,1.50,1.50
2013.02.19 11:39:42.088,1.04714,1.04732,1.73,1.50
2013.02.19 11:39:42.288,1.04712,1.04734,2.48,2.25
2013.02.19 11:39:42.409,1.04712,1.04733,2.48,1.58
2013.02.19 11:39:42.468,1.04712,1.04731,1.73,1.73
2013.02.19 11:39:43.008,1.0471,1.04726,1.73,1.50
2013.02.19 11:39:47.940,1.0471,1.04731,1.73,3.23
2013.02.19 11:39:48.173,1.04714,1.04731,1.50,1.73
2013.02.19 11:39:48.239,1.04714,1.04733,1.73,2.25
2013.02.19 11:39:50.893,1.04712,1.04733,1.73,2.25
2013.02.19 11:39:51.030,1.0471,1.04731,1.73,3.23
2013.02.19 11:39:51.089,1.0471,1.04731,1.73,2.48
2013.02.19 11:39:51.269,1.04714,1.04732,1.73,1.50
2013.02.19 11:39:51.329,1.04714,1.04736,1.73,1.73
2013.02.19 11:39:53.019,1.04714,1.04733,1.73,1.50
2013.02.19 11:39:53.079,1.04712,1.04733,2.10,2.25
2013.02.19 11:39:53.199,1.04712,1.04733,1.73,3.08
2013.02.19 11:39:53.258,1.04714,1.04733,1.50,3.08
2013.02.19 11:39:53.563,1.04713,1.04733,1.73,2.25
2013.02.19 11:39:55.015,1.04713,1.04736,2.48,2.48
2013.02.19 11:39:55.279,1.04711,1.04732,1.35,1.73
2013.02.19 11:40:10.281,1.04708,1.04727,2.10,1.50
2013.02.19 11:40:10.785,1.04708,1.04727,1.73,1.50
2013.02.19 11:40:11.029,1.04713,1.0473,1.73,3.38
2013.02.19 11:40:11.428,1.04707,1.04729,1.35,1.50
2013.02.19 11:40:20.023,1.04707,1.04729,1.73,1.50
2013.02.19 11:40:20.139,1.04705,1.04725,2.48,1.73
2013.02.19 11:40:20.439,1.04708,1.04725,1.50,1.73
2013.02.19 11:40:20.752,1.04708,1.04723,1.73,1.50
2013.02.19 11:40:20.870,1.04703,1.04723,1.73,2.25
2013.02.19 11:40:24.049,1.04703,1.0472,1.35,1.50
2013.02.19 11:40:24.868,1.047,1.04723,3.23,3.00
2013.02.19 11:40:26.529,1.04703,1.04726,2.48,2.25
2013.02.19 11:40:26.719,1.04706,1.04726,1.73,1.50
2013.02.19 11:40:31.032,1.04703,1.04726,2.48,2.25
2013.02.19 11:40:31.149,1.04701,1.04722,2.48,1.50
2013.02.19 11:40:31.209,1.04703,1.04724,2.48,2.25
2013.02.19 11:40:31.619,1.04707,1.04727,1.50,1.50
2013.02.19 11:40:32.238,1.04707,1.04729,1.73,2.25
2013.02.19 11:40:33.619,1.0471,1.04729,1.35,1.50
2013.02.19 11:40:33.994,1.04712,1.04729,1.73,1.50
2013.02.19 11:40:34.059,1.04712,1.04731,2.33,1.50
2013.02.19 11:40:34.119,1.04715,1.04732,1.73,1.50
2013.02.19 11:40:34.299,1.04715,1.04734,1.73,1.50
2013.02.19 11:40:38.063,1.04716,1.04738,2.85,1.50
2013.02.19 11:40:38.135,1.04722,1.04739,2.70,1.50
2013.02.19 11:40:38.449,1.04723,1.04739,1.63,1.50
2013.02.19 11:40:38.628,1.04723,1.04744,2.01,1.50
2013.02.19 11:40:40.108,1.04723,1.04738,2.01,1.50
2013.02.19 11:40:44.729,1.04723,1.04734,1.63,1.50
2013.02.19 11:40:44.909,1.04722,1.04739,1.48,1.50
2013.02.19 11:40:45.029,1.0472,1.04739,1.35,1.50
2013.02.19 11:40:45.579,1.04719,1.04737,1.73,1.50
2013.02.19 11:40:52.159,1.0472,1.04737,2.78,1.50
2013.02.19 11:40:52.219,1.04722,1.0474,2.33,1.50
2013.02.19 11:41:12.511,1.04721,1.0474,1.35,1.50
2013.02.19 11:41:17.098,1.04718,1.0474,1.73,1.50
2013.02.19 11:41:17.339,1.04723,1.0474,2.33,1.50
2013.02.19 11:41:28.469,1.04718,1.04736,2.10,1.50
2013.02.19 11:41:28.770,1.04717,1.04733,1.63,1.50
2013.02.19 11:41:28.828,1.04716,1.04733,1.35,1.50
2013.02.19 11:41:30.618,1.04712,1.04729,3.02,1.50
2013.02.19 11:41:38.661,1.04716,1.04738,2.48,3.00
2013.02.19 11:41:39.078,1.04714,1.04734,1.73,1.50
2013.02.19 11:41:45.138,1.04717,1.04738,1.35,3.00
2013.02.19 11:41:45.200,1.04717,1.04738,1.35,2.25
2013.02.19 11:41:45.441,1.04719,1.04742,2.48,2.25
2013.02.19 11:41:45.999,1.04718,1.0474,1.73,1.50
2013.02.19 11:41:54.062,1.04718,1.0474,1.73,1.50
2013.02.19 11:41:54.180,1.04722,1.04742,2.91,1.50
2013.02.19 11:41:54.479,1.04722,1.04742,1.56,2.25
2013.02.19 11:41:54.609,1.04719,1.04742,1.73,2.25
2013.02.19 11:41:56.042,1.04719,1.04742,1.73,3.75
2013.02.19 11:41:56.239,1.04723,1.04742,2.23,1.50
2013.02.19 11:41:56.359,1.04723,1.04739,2.23,1.50
2013.02.19 11:41:58.829,1.04722,1.04739,1.73,1.50
2013.02.19 11:41:59.199,1.04718,1.04741,3.23,2.25
2013.02.19 11:41:59.665,1.04718,1.04739,1.73,1.50
2013.02.19 11:42:02.683,1.04717,1.04739,2.48,2.25
2013.02.19 11:42:02.742,1.04714,1.04736,3.23,1.50
2013.02.19 11:42:07.128,1.04719,1.04736,1.73,1.50
2013.02.19 11:42:07.249,1.04719,1.0474,1.73,2.25
2013.02.19 11:42:07.369,1.04717,1.04738,1.52,1.50
2013.02.19 11:42:07.428,1.04715,1.04738,2.85,1.50
2013.02.19 11:42:09.120,1.04714,1.04736,2.48,2.25
2013.02.19 11:42:09.239,1.04713,1.04733,1.73,1.50
2013.02.19 11:42:09.612,1.04713,1.04736,1.73,2.25
2013.02.19 11:42:09.669,1.04716,1.04736,1.73,1.50
2013.02.19 11:42:09.729,1.04716,1.04736,2.36,1.50
2013.02.19 11:42:10.089,1.04712,1.0473,1.61,1.50
2013.02.19 11:42:10.149,1.0471,1.0473,2.78,1.50
2013.02.19 11:42:10.776,1.04711,1.04733,2.48,2.25
2013.02.19 11:42:11.240,1.04711,1.04733,2.48,1.50
2013.02.19 11:42:13.022,1.04709,1.04729,2.10,1.50
2013.02.19 11:42:13.093,1.04709,1.04729,2.10,1.50
2013.02.19 11:42:13.154,1.04709,1.04728,1.73,1.50
2013.02.19 11:42:13.471,1.04705,1.04728,2.48,3.00
2013.02.19 11:42:16.578,1.04705,1.04728,2.48,2.25
2013.02.19 11:42:16.908,1.04709,1.04728,1.73,1.50
2013.02.19 11:42:24.829,1.04709,1.04728,1.73,1.50
2013.02.19 11:42:24.889,1.04716,1.04731,1.13,2.25
2013.02.19 11:42:24.950,1.04717,1.04738,1.50,4.73
2013.02.19 11:42:25.590,1.04717,1.04738,1.73,2.25
2013.02.19 11:42:26.843,1.04717,1.04738,1.73,2.25
2013.02.19 11:43:24.660,1.04718,1.04738,1.73,1.50
2013.02.19 11:43:24.719,1.04718,1.04738,1.73,1.50
2013.02.19 11:43:39.139,1.04713,1.04734,1.73,1.50
2013.02.19 11:43:39.199,1.04713,1.04734,1.73,1.50
2013.02.19 11:44:09.370,1.0471,1.04732,2.48,2.25
2013.02.19 11:44:12.962,1.04708,1.04729,2.48,1.50
2013.02.19 11:44:23.148,1.04708,1.04729,2.48,1.50
2013.02.19 11:44:27.579,1.04708,1.04729,2.85,1.50
2013.02.19 11:44:32.499,1.04714,1.04729,1.50,1.50
2013.02.19 11:44:32.619,1.0471,1.04729,2.48,1.50
2013.02.19 11:44:34.340,1.0471,1.04731,2.48,1.73
2013.02.19 11:44:34.399,1.04714,1.04733,1.73,1.35
2013.02.19 11:44:34.459,1.04714,1.04735,1.73,3.08
2013.02.19 11:44:35.020,1.04718,1.04738,2.48,1.50
2013.02.19 11:44:40.320,1.04723,1.04738,1.20,3.00
2013.02.19 11:44:40.620,1.0472,1.04738,1.35,1.50
2013.02.19 11:44:40.739,1.0472,1.04738,1.35,1.50
2013.02.19 11:44:43.900,1.04716,1.04738,3.90,2.25
2013.02.19 11:44:44.320,1.04716,1.04738,2.48,2.48
2013.02.19 11:44:53.379,1.04716,1.04738,2.48,2.25
2013.02.19 11:45:13.209,1.0472,1.04739,1.73,1.50
2013.02.19 11:45:24.768,1.04717,1.04738,1.73,1.50
2013.02.19 11:45:24.970,1.04713,1.04734,1.73,1.50
2013.02.19 11:45:25.099,1.04713,1.04738,2.48,3.23
2013.02.19 11:45:25.159,1.04714,1.04738,1.73,3.23
2013.02.19 11:45:25.219,1.04714,1.04734,1.73,1.50
2013.02.19 11:45:25.339,1.04714,1.04738,1.73,3.00
2013.02.19 11:45:43.239,1.04713,1.04738,3.23,3.00
2013.02.19 11:45:49.830,1.04715,1.04738,2.85,1.50
2013.02.19 11:45:49.949,1.04715,1.04734,1.35,1.50
2013.02.19 11:45:50.009,1.04715,1.04733,1.35,2.25
2013.02.19 11:45:53.192,1.04715,1.04733,1.35,2.25
2013.02.19 11:46:01.558,1.04714,1.04737,2.48,3.23
2013.02.19 11:46:01.680,1.04714,1.04737,2.48,2.48
2013.02.19 11:46:02.341,1.04714,1.04737,2.48,2.25
2013.02.19 11:46:03.197,1.04714,1.04737,3.23,2.25
2013.02.19 11:46:04.394,1.04714,1.04734,1.73,1.50
2013.02.19 11:46:04.629,1.04712,1.04733,4.22,1.50
2013.02.19 11:46:04.750,1.04712,1.04733,2.48,1.50
2013.02.19 11:46:08.034,1.04713,1.04735,1.73,1.50
2013.02.19 11:46:08.103,1.04713,1.04736,1.73,3.23
2013.02.19 11:46:08.400,1.04712,1.04733,3.08,1.50
2013.02.19 11:46:23.212,1.04714,1.04733,2.48,1.50
2013.02.19 11:46:44.609,1.04713,1.04736,1.73,2.48
2013.02.19 11:46:44.729,1.04713,1.04736,1.73,2.25
2013.02.19 11:46:53.327,1.04715,1.04736,2.48,1.50
2013.02.19 11:46:53.655,1.04715,1.04734,1.35,1.50
2013.02.19 11:47:29.849,1.04712,1.04732,2.48,1.50
2013.02.19 11:47:29.910,1.04712,1.04732,2.48,2.33
2013.02.19 11:47:30.448,1.0471,1.04728,2.48,1.50
2013.02.19 11:47:33.022,1.0471,1.04728,2.48,1.50
2013.02.19 11:47:33.426,1.0471,1.04728,2.48,1.50
2013.02.19 11:47:33.550,1.0471,1.04728,2.48,1.50
2013.02.19 11:47:33.610,1.0471,1.0473,2.48,1.35
2013.02.19 11:47:33.730,1.0471,1.04732,2.48,2.63
2013.02.19 11:47:33.792,1.0471,1.04732,3.90,2.25
2013.02.19 11:47:36.165,1.0471,1.04729,1.73,1.50
2013.02.19 11:47:36.459,1.0471,1.04733,1.73,3.00
2013.02.19 11:47:43.141,1.04711,1.04733,2.48,1.50
2013.02.19 11:47:44.391,1.04715,1.04735,1.35,2.25
2013.02.19 11:47:44.510,1.04712,1.04735,1.35,2.25
2013.02.19 11:47:54.031,1.04717,1.04739,1.73,1.50
2013.02.19 11:47:55.457,1.04717,1.04739,1.73,1.50
2013.02.19 11:48:03.170,1.04713,1.04736,3.23,2.25
2013.02.19 11:48:05.581,1.04716,1.04738,2.48,2.25
2013.02.19 11:48:43.178,1.04715,1.04739,2.48,1.88
2013.02.19 11:48:45.884,1.04719,1.04738,2.48,1.50
2013.02.19 11:48:46.244,1.04719,1.04741,2.48,1.50
2013.02.19 11:48:46.364,1.04719,1.04739,1.73,1.50
2013.02.19 11:48:46.555,1.04719,1.04738,2.48,1.50
2013.02.19 11:48:47.021,1.04719,1.04738,2.48,1.50
2013.02.19 11:48:47.144,1.04719,1.04738,1.73,1.50
2013.02.19 11:48:49.434,1.04721,1.04738,1.50,1.50
2013.02.19 11:48:49.674,1.04722,1.04738,2.48,1.50
2013.02.19 11:48:50.586,1.04725,1.04747,2.48,1.73
2013.02.19 11:48:50.824,1.04725,1.04749,2.48,1.50
2013.02.19 11:48:55.271,1.04725,1.04747,1.73,1.50
2013.02.19 11:48:55.554,1.04722,1.04743,2.48,1.50
2013.02.19 11:49:09.521,1.04722,1.04743,2.48,2.10
2013.02.19 11:49:09.824,1.04721,1.04739,1.73,1.50
2013.02.19 11:49:27.914,1.04716,1.04732,1.73,1.50
2013.02.19 11:49:28.034,1.04713,1.04732,1.73,1.50
2013.02.19 11:49:30.102,1.04714,1.04736,2.33,2.48
2013.02.19 11:49:30.224,1.04714,1.04736,1.73,2.25
2013.02.19 11:49:30.645,1.04718,1.04736,1.73,1.50
2013.02.19 11:49:30.705,1.04718,1.04738,1.73,1.50
2013.02.19 11:49:31.005,1.04718,1.04742,1.73,2.25
2013.02.19 11:49:41.147,1.04721,1.04745,2.48,2.25
2013.02.19 11:49:41.204,1.04723,1.04745,1.73,2.25
2013.02.19 11:49:41.264,1.04724,1.04746,2.48,2.25
2013.02.19 11:49:42.214,1.04726,1.04748,2.48,1.50
2013.02.19 11:49:49.505,1.04722,1.04745,3.23,1.50
2013.02.19 11:49:49.745,1.04722,1.04741,2.48,1.50
2013.02.19 11:49:50.046,1.04718,1.04738,2.48,1.50
2013.02.19 11:49:50.167,1.04718,1.04739,1.73,1.50
2013.02.19 11:49:53.198,1.04715,1.04739,2.48,3.00
2013.02.19 11:49:54.344,1.04715,1.04738,3.08,1.50
2013.02.19 11:49:54.704,1.04715,1.04732,1.73,1.50
2013.02.19 11:49:54.824,1.04715,1.04737,2.48,1.50
2013.02.19 11:49:54.885,1.04716,1.04737,1.27,1.50
2013.02.19 11:49:55.124,1.04715,1.04739,2.48,3.00
2013.02.19 11:50:03.233,1.04714,1.04737,1.73,2.25
2013.02.19 11:50:36.333,1.04715,1.04737,1.73,1.50
2013.02.19 11:50:36.514,1.04712,1.04734,1.73,1.50
2013.02.19 11:50:47.848,1.04712,1.04737,2.48,2.48
2013.02.19 11:50:47.917,1.04714,1.04737,1.73,2.48
2013.02.19 11:50:48.036,1.04714,1.04737,1.73,2.25
2013.02.19 11:50:48.274,1.04712,1.04734,2.48,1.50
2013.02.19 11:50:53.705,1.04714,1.04737,1.73,2.25
2013.02.19 11:50:55.794,1.04714,1.04734,1.73,1.50
2013.02.19 11:50:57.824,1.04715,1.04737,2.48,2.25
2013.02.19 11:51:07.052,1.04715,1.04737,2.48,2.25
2013.02.19 11:51:16.508,1.04715,1.04737,1.73,3.00
2013.02.19 11:51:16.675,1.04715,1.04734,1.50,1.73
2013.02.19 11:51:16.797,1.04713,1.04734,1.73,3.23
2013.02.19 11:51:17.827,1.04711,1.04734,1.73,3.23
2013.02.19 11:51:19.807,1.04711,1.04734,2.48,3.23
2013.02.19 11:51:26.298,1.04711,1.04734,2.48,2.48
2013.02.19 11:51:26.474,1.04718,1.04737,1.73,1.50
2013.02.19 11:51:28.114,1.04718,1.04737,1.73,1.50
2013.02.19 11:51:41.485,1.04719,1.04734,1.73,1.50
2013.02.19 11:51:41.925,1.04715,1.04734,1.58,2.25
2013.02.19 11:51:49.166,1.04714,1.04734,1.73,2.25
2013.02.19 11:51:56.165,1.04713,1.04734,3.00,2.25
2013.02.19 11:51:56.240,1.04711,1.04733,2.48,1.73
2013.02.19 11:52:09.244,1.04705,1.04729,1.73,3.23
2013.02.19 11:52:09.486,1.04705,1.04726,1.73,1.50
2013.02.19 11:52:09.932,1.04705,1.04724,1.73,1.50
2013.02.19 11:52:11.903,1.04701,1.04722,1.73,1.50
2013.02.19 11:52:12.025,1.04701,1.04722,1.50,1.50
2013.02.19 11:52:12.384,1.04698,1.04718,1.73,1.50
2013.02.19 11:52:13.945,1.04698,1.04721,1.73,1.50
2013.02.19 11:52:14.254,1.047,1.04723,2.48,2.48
2013.02.19 11:52:15.914,1.047,1.04723,2.48,2.48
2013.02.19 11:52:29.425,1.04705,1.04728,1.73,2.48
2013.02.19 11:52:31.407,1.04705,1.04726,1.73,1.50
2013.02.19 11:52:31.943,1.04705,1.04725,1.73,1.50
2013.02.19 11:53:10.572,1.04703,1.04725,1.50,1.73
2013.02.19 11:53:15.964,1.047,1.04725,2.25,1.73
2013.02.19 11:53:23.604,1.04698,1.04722,3.60,1.50
2013.02.19 11:53:29.097,1.04699,1.04722,2.10,1.50
2013.02.19 11:53:29.275,1.04699,1.04722,1.50,1.73
2013.02.19 11:53:37.986,1.047,1.04716,1.50,1.50
2013.02.19 11:53:39.924,1.047,1.0472,1.50,1.73
2013.02.19 11:53:40.266,1.047,1.0472,1.50,1.73
2013.02.19 11:53:40.455,1.04704,1.0472,1.50,1.50
2013.02.19 11:53:54.676,1.04706,1.0472,1.50,1.50
2013.02.19 11:53:57.665,1.04702,1.0472,1.50,1.50
2013.02.19 11:53:57.725,1.04701,1.0472,1.50,1.73
2013.02.19 11:54:02.935,1.04698,1.04715,1.50,1.73
2013.02.19 11:54:06.891,1.04696,1.04715,1.50,1.73
2013.02.19 11:54:09.534,1.04696,1.04715,1.50,1.73
2013.02.19 11:54:10.959,1.04696,1.04711,1.50,1.50
2013.02.19 11:54:11.086,1.04694,1.04711,1.50,2.25
2013.02.19 11:54:11.207,1.04694,1.04709,1.50,2.48
2013.02.19 11:54:11.656,1.04686,1.04709,3.83,2.48
2013.02.19 11:54:11.716,1.04686,1.04706,1.50,1.73
2013.02.19 11:54:12.646,1.04691,1.04708,1.50,1.73
2013.02.19 11:54:14.075,1.04686,1.04708,2.25,1.73
2013.02.19 11:54:14.195,1.04686,1.04708,1.50,1.73
2013.02.19 11:54:16.545,1.04688,1.04708,1.50,1.73
2013.02.19 11:54:16.724,1.04691,1.04708,1.50,1.73
2013.02.19 11:54:17.315,1.04687,1.04708,2.25,2.48
2013.02.19 11:54:17.496,1.04687,1.04708,1.50,2.48
2013.02.19 11:54:21.197,1.04687,1.04705,1.50,1.50
2013.02.19 11:54:21.794,1.04691,1.04705,1.50,1.50
2013.02.19 11:54:23.046,1.04686,1.04705,2.25,2.25
2013.02.19 11:54:23.480,1.04686,1.04705,1.50,2.48
2013.02.19 11:54:27.385,1.04691,1.04702,1.50,1.50
2013.02.19 11:54:33.465,1.04691,1.04702,1.50,1.50
2013.02.19 11:54:35.996,1.04691,1.04705,1.50,3.00
2013.02.19 11:54:38.286,1.04692,1.04705,1.50,1.50
2013.02.19 11:54:38.647,1.04695,1.04709,1.50,1.50
2013.02.19 11:54:39.115,1.04691,1.04709,3.08,1.50
2013.02.19 11:54:39.177,1.04691,1.04707,2.48,1.73
2013.02.19 11:54:39.575,1.04691,1.04707,2.10,1.73
2013.02.19 11:54:39.874,1.04692,1.04708,1.50,3.23
2013.02.19 11:54:40.375,1.04692,1.04705,1.50,1.50
2013.02.19 11:55:00.264,1.0469,1.04706,1.50,1.73
2013.02.19 11:55:10.644,1.04686,1.04706,1.35,2.48
2013.02.19 11:55:10.705,1.04682,1.04706,2.93,2.48
2013.02.19 11:55:10.945,1.04682,1.04703,1.13,1.73
2013.02.19 11:55:11.034,1.04681,1.04703,1.50,1.73
2013.02.19 11:55:12.029,1.04682,1.04703,1.50,1.73
2013.02.19 11:55:12.165,1.04686,1.04703,1.50,1.73
2013.02.19 11:55:30.544,1.04687,1.04703,1.50,1.73
2013.02.19 11:55:30.664,1.04687,1.04706,1.50,1.73
2013.02.19 11:55:30.964,1.04682,1.04706,1.35,2.48
2013.02.19 11:55:31.298,1.04685,1.04702,1.50,1.73
2013.02.19 11:55:31.355,1.04685,1.04702,1.73,1.50
2013.02.19 11:55:32.096,1.04685,1.04702,1.73,1.50
2013.02.19 11:55:32.396,1.04691,1.04705,1.73,1.50
2013.02.19 11:55:32.867,1.04691,1.04707,1.73,2.25
2013.02.19 11:55:32.925,1.04691,1.04709,1.73,1.73
2013.02.19 11:55:33.874,1.04691,1.04709,1.50,1.73
2013.02.19 11:55:35.685,1.04691,1.04706,1.50,1.50
2013.02.19 11:55:36.954,1.04691,1.04708,1.50,1.73
2013.02.19 11:55:47.695,1.04686,1.04707,2.25,2.48
2013.02.19 11:56:17.475,1.04681,1.047,1.50,1.73
2013.02.19 11:56:17.844,1.04681,1.04694,1.50,1.50
2013.02.19 11:56:19.634,1.04681,1.04697,1.50,1.73
2013.02.19 11:56:29.523,1.04677,1.04697,1.50,2.48
2013.02.19 11:56:29.705,1.04676,1.04697,1.50,2.48
2013.02.19 11:56:50.543,1.04672,1.04694,1.43,2.48
2013.02.19 11:56:50.725,1.0467,1.04691,1.50,2.33
2013.02.19 11:56:50.964,1.04667,1.04689,2.33,1.47
2013.02.19 11:56:51.415,1.04667,1.04689,1.50,1.47
2013.02.19 11:57:10.416,1.04667,1.0469,2.25,2.22
2013.02.19 11:57:10.536,1.04671,1.04693,1.50,3.23
2013.02.19 11:57:14.904,1.0467,1.04692,1.50,3.83
2013.02.19 11:57:15.205,1.04668,1.04689,1.13,1.61
2013.02.19 11:57:15.715,1.0467,1.04689,1.50,1.61
2013.02.19 11:57:15.834,1.04667,1.04689,1.50,1.61
2013.02.19 11:57:16.543,1.04667,1.04691,1.50,2.36
2013.02.19 11:57:16.605,1.04667,1.04691,1.50,1.73
2013.02.19 11:57:16.905,1.04671,1.04691,1.50,2.48
2013.02.19 11:57:16.965,1.04671,1.04689,1.50,1.20
2013.02.19 11:57:25.904,1.04671,1.04689,1.50,2.48
2013.02.19 11:57:33.042,1.04671,1.04691,1.50,1.73
2013.02.19 11:57:33.285,1.04676,1.04691,1.50,1.73
2013.02.19 11:57:34.288,1.04672,1.04693,2.33,2.48
2013.02.19 11:57:34.416,1.04672,1.04696,2.48,1.73
2013.02.19 11:57:34.546,1.04672,1.04695,2.25,1.36
2013.02.19 11:57:34.785,1.04675,1.04693,1.50,1.73
2013.02.19 11:57:37.565,1.04671,1.04693,3.00,2.48
2013.02.19 11:57:37.626,1.04671,1.04693,3.00,2.48
2013.02.19 11:57:37.745,1.04671,1.04693,3.00,2.48
2013.02.19 11:57:46.425,1.04668,1.0469,2.25,2.48
2013.02.19 11:57:46.545,1.04668,1.04688,2.25,1.27
2013.02.19 11:57:49.878,1.0467,1.04688,1.50,1.27
2013.02.19 11:57:50.654,1.04667,1.04688,4.50,1.27
2013.02.19 11:57:50.835,1.04667,1.04688,3.00,1.27
2013.02.19 11:57:50.956,1.04671,1.04691,1.50,1.73
2013.02.19 11:58:05.594,1.04671,1.04693,1.50,1.73
2013.02.19 11:58:05.715,1.04676,1.04693,1.50,1.73
2013.02.19 11:58:42.095,1.04676,1.04696,1.50,1.73
2013.02.19 11:58:42.215,1.0468,1.04695,1.50,1.50
2013.02.19 11:58:42.275,1.0468,1.04693,1.50,1.50
2013.02.19 11:58:42.860,1.0468,1.04694,1.50,1.50
2013.02.19 11:58:43.045,1.04676,1.04694,1.50,2.25
2013.02.19 11:58:43.165,1.04675,1.04694,1.50,2.25
2013.02.19 11:58:43.225,1.04675,1.04694,1.50,2.48
2013.02.19 11:58:43.665,1.04674,1.04694,2.25,1.35
2013.02.19 11:58:43.785,1.04671,1.04693,3.00,2.10
2013.02.19 11:58:44.625,1.04673,1.04693,3.00,1.35
2013.02.19 11:58:44.745,1.04675,1.04693,1.50,1.35
2013.02.19 11:58:53.876,1.04675,1.04694,1.50,1.73
2013.02.19 11:58:54.057,1.04671,1.04693,2.33,2.48
2013.02.19 11:58:54.348,1.04671,1.04693,1.50,3.00
2013.02.19 11:58:56.555,1.04671,1.04693,1.50,3.00
2013.02.19 11:58:57.131,1.04671,1.04693,1.50,2.10
2013.02.19 11:58:57.447,1.04676,1.04696,1.50,2.40
2013.02.19 11:58:57.954,1.04676,1.04696,1.50,1.88
2013.02.19 11:58:58.824,1.04676,1.04696,1.50,2.40
2013.02.19 11:58:59.245,1.04676,1.04696,1.50,2.40
2013.02.19 11:59:03.836,1.04676,1.04696,1.50,2.40
2013.02.19 11:59:04.285,1.04676,1.04696,1.50,1.50
2013.02.19 11:59:05.305,1.04676,1.04697,1.50,2.70
2013.02.19 11:59:05.751,1.04674,1.04693,1.50,1.13
2013.02.19 11:59:05.935,1.04671,1.04693,3.23,1.13
2013.02.19 11:59:07.835,1.04671,1.04693,1.50,2.85
2013.02.19 11:59:08.526,1.04671,1.04693,1.50,2.10
2013.02.19 11:59:08.705,1.04675,1.04693,1.50,1.88
2013.02.19 11:59:09.336,1.04672,1.04693,1.73,2.25
2013.02.19 11:59:09.396,1.04676,1.04693,1.50,2.25
2013.02.19 11:59:12.828,1.04676,1.04693,1.50,2.63
2013.02.19 11:59:13.435,1.04676,1.04693,1.50,2.25
2013.02.19 11:59:15.505,1.04676,1.04693,1.50,2.63
2013.02.19 11:59:15.565,1.04671,1.0469,1.73,1.35
2013.02.19 11:59:15.865,1.04676,1.04689,1.50,1.50
2013.02.19 11:59:15.986,1.04676,1.04689,1.73,1.88
2013.02.19 11:59:16.286,1.04676,1.04691,1.73,1.88
2013.02.19 11:59:16.906,1.04676,1.04691,1.73,1.88
2013.02.19 11:59:17.570,1.04676,1.04693,1.73,1.58
2013.02.19 11:59:19.795,1.04677,1.04696,1.50,1.20
2013.02.19 11:59:20.098,1.04681,1.04701,1.50,2.55
2013.02.19 11:59:20.455,1.04687,1.04703,1.50,3.30
2013.02.19 11:59:20.765,1.04687,1.04703,1.50,1.80
2013.02.19 11:59:21.035,1.04687,1.04703,1.50,1.35
2013.02.19 11:59:21.288,1.04687,1.04703,1.50,1.35
2013.02.19 11:59:22.673,1.04687,1.04703,1.50,1.35
2013.02.19 11:59:22.760,1.04692,1.04708,1.50,2.03
2013.02.19 11:59:26.118,1.04692,1.04708,1.50,2.03
2013.02.19 11:59:26.593,1.04692,1.04708,1.50,2.40
2013.02.19 11:59:35.595,1.04692,1.04709,1.50,2.40
2013.02.19 11:59:40.176,1.04687,1.04703,1.50,1.13
2013.02.19 11:59:40.515,1.04687,1.04703,1.50,1.73
2013.02.19 11:59:43.116,1.04687,1.04703,1.50,3.15
2013.02.19 11:59:43.802,1.04687,1.04703,1.50,2.63
2013.02.19 11:59:44.055,1.04683,1.04703,1.73,2.63
2013.02.19 11:59:44.185,1.04682,1.04703,1.73,3.23
2013.02.19 11:59:44.525,1.04682,1.047,1.50,1.88
2013.02.19 11:59:46.588,1.04677,1.04692,1.73,1.35
2013.02.19 11:59:46.706,1.04673,1.04692,1.05,1.35
2013.02.19 11:59:46.766,1.04671,1.04693,2.85,2.25
2013.02.19 11:59:46.826,1.04672,1.04691,1.35,1.50
2013.02.19 11:59:47.466,1.04677,1.04691,1.73,1.88
2013.02.19 11:59:49.395,1.04671,1.04691,1.50,1.88
2013.02.19 11:59:49.902,1.04671,1.04691,1.50,1.88
2013.02.19 11:59:52.424,1.04671,1.0469,1.50,1.20
2013.02.19 11:59:53.267,1.04671,1.04691,1.50,2.10
2013.02.19 11:59:54.104,1.04676,1.04693,1.73,1.05
2013.02.19 11:59:54.846,1.04677,1.04694,1.50,1.05
2013.02.19 11:59:55.085,1.04677,1.04694,1.73,1.13
2013.02.19 11:59:55.869,1.04676,1.04694,1.50,2.85
2013.02.19 11:59:56.795,1.04676,1.04694,1.50,3.45
2013.02.19 11:59:57.035,1.04666,1.0469,2.48,2.48
2013.02.19 11:59:58.862,1.04666,1.04686,2.48,1.35
