2012.07.16 14:00:00.036,1.03905,1.03923,1.50,1.09
2012.07.16 14:00:00.153,1.03896,1.03918,1.84,1.50
2012.07.16 14:00:00.216,1.03896,1.03918,1.43,1.50
2012.07.16 14:00:00.277,1.039,1.03923,1.50,1.84
2012.07.16 14:00:00.561,1.03898,1.03921,1.50,1.50
2012.07.16 14:00:01.017,1.03903,1.03924,1.50,1.09
2012.07.16 14:00:01.563,1.03902,1.03924,1.50,1.09
2012.07.16 14:00:01.861,1.03906,1.03928,1.50,1.84
2012.07.16 14:00:01.979,1.03906,1.03928,3.00,1.84
2012.07.16 14:00:02.325,1.0391,1.03928,1.50,1.84
2012.07.16 14:00:02.395,1.0391,1.03931,1.50,2.14
2012.07.16 14:00:02.458,1.03907,1.03931,1.50,2.14
2012.07.16 14:00:02.746,1.03912,1.03933,1.50,1.39
2012.07.16 14:00:03.081,1.03912,1.03931,1.50,1.05
2012.07.16 14:00:03.143,1.03912,1.03933,1.50,1.05
2012.07.16 14:00:03.262,1.03913,1.03936,1.50,1.24
2012.07.16 14:00:03.325,1.03913,1.03937,1.50,3.64
2012.07.16 14:00:03.386,1.03911,1.03935,1.50,2.25
2012.07.16 14:00:03.560,1.03913,1.03937,3.00,1.99
2012.07.16 14:00:03.623,1.03916,1.03938,1.50,2.14
2012.07.16 14:00:03.948,1.03916,1.03938,1.50,2.44
2012.07.16 14:00:04.178,1.03908,1.0393,1.92,1.50
2012.07.16 14:00:04.410,1.03911,1.0393,1.02,1.50
2012.07.16 14:00:04.726,1.03914,1.03932,1.50,1.50
2012.07.16 14:00:04.845,1.03915,1.03938,1.50,1.09
2012.07.16 14:00:04.996,1.03915,1.03939,1.92,1.84
2012.07.16 14:00:05.418,1.03917,1.03939,1.50,1.09
2012.07.16 14:00:05.905,1.03917,1.03937,1.50,1.69
2012.07.16 14:00:05.980,1.03915,1.03937,1.50,1.09
2012.07.16 14:00:06.045,1.03908,1.0393,1.80,1.84
2012.07.16 14:00:06.107,1.03908,1.0393,1.50,1.84
2012.07.16 14:00:06.450,1.03911,1.03934,1.50,1.84
2012.07.16 14:00:06.812,1.0391,1.03932,1.92,1.50
2012.07.16 14:00:07.947,1.03911,1.03935,1.50,3.34
2012.07.16 14:00:08.008,1.0391,1.03932,1.92,1.50
2012.07.16 14:00:08.298,1.03911,1.03935,1.50,3.34
2012.07.16 14:00:09.725,1.03911,1.03935,1.50,1.50
2012.07.16 14:00:09.960,1.03918,1.0394,1.50,1.84
2012.07.16 14:00:10.281,1.03916,1.03938,1.50,1.84
2012.07.16 14:00:10.351,1.03913,1.03937,1.50,1.84
2012.07.16 14:00:11.648,1.03916,1.03938,1.50,2.59
2012.07.16 14:00:11.973,1.03918,1.0394,1.50,1.84
2012.07.16 14:00:12.512,1.03918,1.0394,1.50,1.84
2012.07.16 14:00:12.830,1.03918,1.0394,1.50,1.84
2012.07.16 14:00:12.949,1.03916,1.03938,1.92,1.50
2012.07.16 14:00:13.286,1.03918,1.0394,1.92,1.50
2012.07.16 14:00:13.411,1.0392,1.03942,1.50,1.84
2012.07.16 14:00:13.890,1.03926,1.03943,1.73,1.84
2012.07.16 14:00:13.954,1.03927,1.03951,2.52,2.18
2012.07.16 14:00:14.072,1.03933,1.03954,1.50,1.42
2012.07.16 14:00:14.532,1.03933,1.0395,1.50,1.43
2012.07.16 14:00:14.683,1.03933,1.03954,1.50,1.02
2012.07.16 14:00:14.800,1.03933,1.03956,1.92,2.18
2012.07.16 14:00:14.918,1.03928,1.0395,2.52,2.18
2012.07.16 14:00:15.151,1.03932,1.03955,1.92,2.18
2012.07.16 14:00:15.379,1.03932,1.03955,2.67,1.50
2012.07.16 14:00:15.554,1.03932,1.03955,1.92,1.50
2012.07.16 14:00:15.840,1.0393,1.03953,1.17,1.50
2012.07.16 14:00:16.159,1.03931,1.03956,1.92,1.65
2012.07.16 14:00:16.725,1.03934,1.03959,1.92,1.65
2012.07.16 14:00:17.321,1.03934,1.03959,1.92,2.39
2012.07.16 14:00:18.851,1.03936,1.03961,1.92,2.39
2012.07.16 14:00:19.505,1.03931,1.03954,1.92,1.50
2012.07.16 14:00:22.141,1.03933,1.03956,1.92,1.50
2012.07.16 14:00:22.716,1.03931,1.03952,1.50,1.50
2012.07.16 14:00:23.101,1.03925,1.03947,1.92,1.50
2012.07.16 14:00:23.910,1.03925,1.03947,1.92,2.24
2012.07.16 14:00:24.547,1.0392,1.03944,1.92,1.50
2012.07.16 14:00:25.145,1.03919,1.03943,1.92,1.50
2012.07.16 14:00:27.401,1.03921,1.03945,1.92,3.74
2012.07.16 14:00:27.633,1.0392,1.03942,3.42,1.50
2012.07.16 14:00:28.869,1.03922,1.03944,1.92,2.24
2012.07.16 14:00:29.585,1.03919,1.03943,1.92,1.50
2012.07.16 14:00:29.997,1.03921,1.03945,1.92,2.24
2012.07.16 14:00:31.318,1.03926,1.03948,1.92,1.49
2012.07.16 14:00:31.379,1.03926,1.03948,1.92,2.99
2012.07.16 14:00:31.553,1.03928,1.0395,1.92,2.24
2012.07.16 14:00:32.075,1.03928,1.0395,1.92,2.24
2012.07.16 14:00:32.598,1.03928,1.0395,1.92,2.24
2012.07.16 14:00:33.148,1.03925,1.03949,1.92,2.24
2012.07.16 14:00:33.410,1.03924,1.03945,1.92,1.50
2012.07.16 14:00:33.931,1.03923,1.03944,1.17,1.50
2012.07.16 14:00:35.556,1.03924,1.03948,1.92,1.50
2012.07.16 14:00:35.844,1.03923,1.03945,1.92,1.50
2012.07.16 14:00:36.070,1.03924,1.03948,1.92,1.50
2012.07.16 14:00:38.708,1.03926,1.0395,1.92,2.24
2012.07.16 14:00:38.900,1.03926,1.0395,1.92,2.24
2012.07.16 14:00:39.706,1.03929,1.03951,1.92,1.50
2012.07.16 14:00:39.982,1.03929,1.03951,1.92,1.50
2012.07.16 14:00:40.045,1.0393,1.03955,2.29,2.24
2012.07.16 14:00:40.218,1.03932,1.03953,1.17,1.50
2012.07.16 14:00:40.280,1.03932,1.03957,2.67,2.39
2012.07.16 14:00:40.341,1.03932,1.03957,1.92,2.39
2012.07.16 14:00:40.457,1.03932,1.03957,1.92,2.39
2012.07.16 14:00:40.579,1.03932,1.03953,1.92,1.50
2012.07.16 14:00:40.893,1.0393,1.0395,1.17,1.50
2012.07.16 14:00:41.609,1.0393,1.0395,1.17,1.50
2012.07.16 14:00:41.670,1.0393,1.03954,2.67,1.50
2012.07.16 14:00:41.732,1.03931,1.03956,2.67,2.24
2012.07.16 14:00:42.008,1.03933,1.03958,1.92,3.89
2012.07.16 14:00:42.223,1.0393,1.03953,2.25,2.25
2012.07.16 14:00:42.363,1.03929,1.03951,1.17,1.50
2012.07.16 14:00:42.696,1.03931,1.03953,1.17,2.25
2012.07.16 14:00:42.907,1.03931,1.03953,1.17,2.25
2012.07.16 14:00:43.277,1.03929,1.03953,1.92,1.49
2012.07.16 14:00:43.798,1.03929,1.03953,1.92,1.49
2012.07.16 14:00:44.365,1.03928,1.03951,1.92,1.50
2012.07.16 14:00:44.705,1.03925,1.03949,1.92,1.50
2012.07.16 14:00:44.767,1.03928,1.03951,1.92,1.50
2012.07.16 14:00:45.890,1.03928,1.03951,1.50,2.58
2012.07.16 14:00:46.008,1.03925,1.03949,2.67,2.25
2012.07.16 14:00:46.525,1.03925,1.03946,1.17,1.50
2012.07.16 14:00:47.621,1.03926,1.03948,1.92,2.99
2012.07.16 14:00:48.171,1.03926,1.03948,1.92,2.99
2012.07.16 14:00:48.712,1.03926,1.03947,1.92,1.49
2012.07.16 14:00:48.996,1.03924,1.03946,1.92,1.50
2012.07.16 14:00:49.058,1.03925,1.03949,1.92,2.99
2012.07.16 14:00:49.613,1.03923,1.03947,1.92,1.50
2012.07.16 14:00:50.136,1.03924,1.03946,1.92,1.50
2012.07.16 14:00:50.665,1.03923,1.03947,1.92,2.24
2012.07.16 14:00:52.368,1.03923,1.03947,1.92,2.24
2012.07.16 14:00:52.594,1.03922,1.03944,2.52,1.50
2012.07.16 14:00:52.820,1.03926,1.03948,1.92,2.24
2012.07.16 14:00:53.351,1.03924,1.03946,1.92,1.50
2012.07.16 14:00:53.467,1.03924,1.03946,1.50,1.50
2012.07.16 14:00:53.721,1.03924,1.03946,1.50,2.44
2012.07.16 14:00:54.063,1.03919,1.03939,1.17,1.50
2012.07.16 14:00:54.361,1.03917,1.03939,1.92,1.50
2012.07.16 14:00:54.915,1.03917,1.03939,1.17,1.50
2012.07.16 14:00:55.326,1.03917,1.03941,2.67,1.84
2012.07.16 14:00:55.615,1.03917,1.03941,2.25,1.84
2012.07.16 14:00:56.017,1.03914,1.03938,2.10,2.58
2012.07.16 14:00:57.145,1.03914,1.03938,2.10,2.58
2012.07.16 14:00:57.691,1.03917,1.03938,1.50,1.08
2012.07.16 14:00:58.248,1.03917,1.03938,1.50,1.08
2012.07.16 14:00:58.487,1.03915,1.03937,1.50,1.50
2012.07.16 14:00:59.029,1.03916,1.03938,1.50,1.08
2012.07.16 14:00:59.541,1.03915,1.03937,1.50,2.24
2012.07.16 14:00:59.898,1.03915,1.03937,1.92,2.24
2012.07.16 14:01:00.216,1.03919,1.03941,1.92,2.58
2012.07.16 14:01:00.838,1.03916,1.0394,1.92,2.58
2012.07.16 14:01:01.290,1.03918,1.03942,1.92,2.24
2012.07.16 14:01:01.758,1.03918,1.0394,1.50,1.50
2012.07.16 14:01:03.729,1.03918,1.0394,1.50,1.84
2012.07.16 14:01:04.045,1.03915,1.03936,1.17,1.50
2012.07.16 14:01:04.625,1.03915,1.03938,2.67,1.08
2012.07.16 14:01:05.139,1.03914,1.03936,1.92,1.50
2012.07.16 14:01:05.387,1.03915,1.03938,1.92,1.08
2012.07.16 14:01:12.670,1.03915,1.03938,1.92,1.08
2012.07.16 14:01:12.995,1.03918,1.03938,1.50,1.08
2012.07.16 14:01:13.405,1.03916,1.03938,1.50,2.58
2012.07.16 14:01:14.117,1.03916,1.03938,1.50,2.58
2012.07.16 14:01:15.461,1.03916,1.03938,1.50,2.58
2012.07.16 14:01:15.722,1.03917,1.03941,1.92,2.24
2012.07.16 14:01:16.095,1.0392,1.03943,1.50,1.08
2012.07.16 14:01:16.620,1.03917,1.03939,1.92,1.50
2012.07.16 14:01:16.816,1.03919,1.03941,1.92,1.50
2012.07.16 14:01:17.159,1.03921,1.03942,1.50,1.08
2012.07.16 14:01:17.676,1.03921,1.03942,1.50,1.08
2012.07.16 14:01:18.393,1.03921,1.03942,2.25,1.08
2012.07.16 14:01:18.737,1.03926,1.03943,1.17,2.24
2012.07.16 14:01:18.799,1.03929,1.03951,1.50,1.84
2012.07.16 14:01:18.917,1.03928,1.03948,1.92,1.50
2012.07.16 14:01:19.034,1.03924,1.03946,1.50,1.50
2012.07.16 14:01:19.094,1.03926,1.03946,1.17,1.50
2012.07.16 14:01:19.876,1.03925,1.03947,1.92,2.24
2012.07.16 14:01:20.204,1.03923,1.03945,2.52,1.50
2012.07.16 14:01:20.321,1.03924,1.03948,1.92,2.24
2012.07.16 14:01:20.952,1.03924,1.03947,1.50,1.08
2012.07.16 14:01:21.069,1.03921,1.03943,1.50,1.50
2012.07.16 14:01:21.185,1.03921,1.03943,1.92,1.50
2012.07.16 14:01:21.832,1.03919,1.03941,1.92,1.50
2012.07.16 14:01:22.406,1.0392,1.03943,1.50,1.84
2012.07.16 14:01:22.524,1.03918,1.03942,4.17,1.84
2012.07.16 14:01:22.754,1.0392,1.03944,1.92,3.74
2012.07.16 14:01:23.199,1.0392,1.03944,1.92,2.24
2012.07.16 14:01:23.265,1.03918,1.03941,1.92,2.58
2012.07.16 14:01:23.569,1.03919,1.03941,1.88,2.58
2012.07.16 14:01:23.914,1.03924,1.03944,1.50,1.49
2012.07.16 14:01:24.235,1.03925,1.03948,1.92,1.49
2012.07.16 14:01:24.423,1.03925,1.03948,3.42,1.49
2012.07.16 14:01:24.967,1.03927,1.03951,1.50,3.33
2012.07.16 14:01:26.227,1.03923,1.03947,2.67,1.84
2012.07.16 14:01:26.345,1.03923,1.03945,1.17,2.25
2012.07.16 14:01:26.615,1.0392,1.03942,3.42,2.24
2012.07.16 14:01:26.680,1.03918,1.0394,1.92,1.50
2012.07.16 14:01:27.228,1.03919,1.03942,1.92,2.58
2012.07.16 14:01:28.004,1.03918,1.0394,1.92,1.50
2012.07.16 14:01:28.513,1.03915,1.03939,1.92,2.24
2012.07.16 14:01:29.019,1.03916,1.03938,1.92,1.50
2012.07.16 14:01:29.150,1.03918,1.03939,1.50,1.08
2012.07.16 14:01:29.267,1.03915,1.03939,2.25,2.58
2012.07.16 14:01:29.793,1.03915,1.03939,1.50,2.58
2012.07.16 14:01:32.193,1.03914,1.03936,1.50,1.50
2012.07.16 14:01:32.528,1.03916,1.03938,1.50,2.58
2012.07.16 14:01:33.286,1.03914,1.03936,1.92,1.50
2012.07.16 14:01:33.402,1.03914,1.03936,1.92,2.10
2012.07.16 14:01:33.521,1.03912,1.03934,2.25,2.44
2012.07.16 14:01:33.638,1.03912,1.03934,2.25,2.44
2012.07.16 14:01:34.033,1.03912,1.03933,1.50,2.44
2012.07.16 14:01:34.094,1.03912,1.03932,1.50,1.08
2012.07.16 14:01:34.463,1.03908,1.03927,1.50,1.50
2012.07.16 14:01:34.581,1.03909,1.03931,1.50,2.24
2012.07.16 14:01:35.683,1.03909,1.03931,1.50,2.24
2012.07.16 14:01:36.142,1.03906,1.0393,1.92,2.24
2012.07.16 14:01:36.370,1.03909,1.03931,1.50,2.24
2012.07.16 14:01:36.489,1.03912,1.03934,1.92,1.49
2012.07.16 14:01:36.550,1.03914,1.03938,1.50,3.33
2012.07.16 14:01:37.173,1.03915,1.03937,1.50,2.58
2012.07.16 14:01:38.813,1.03916,1.03937,1.50,1.08
2012.07.16 14:01:40.792,1.03914,1.03937,1.50,1.08
2012.07.16 14:01:41.295,1.03913,1.03935,1.50,1.50
2012.07.16 14:01:41.544,1.03915,1.03937,1.50,1.84
2012.07.16 14:01:42.405,1.03912,1.03936,1.92,1.84
2012.07.16 14:01:42.753,1.03911,1.03933,2.25,1.84
2012.07.16 14:01:43.202,1.03912,1.03936,1.92,1.84
2012.07.16 14:01:43.317,1.03915,1.03937,1.50,2.58
2012.07.16 14:01:44.347,1.03916,1.03937,1.50,1.08
2012.07.16 14:01:44.691,1.0391,1.03933,1.17,1.50
2012.07.16 14:01:44.810,1.0391,1.03931,1.17,1.50
2012.07.16 14:01:44.872,1.03909,1.03931,2.25,1.50
2012.07.16 14:01:45.045,1.03909,1.03931,1.92,1.50
2012.07.16 14:01:45.309,1.03909,1.03931,3.00,1.50
2012.07.16 14:01:45.426,1.03911,1.03933,1.50,1.09
2012.07.16 14:01:45.782,1.03908,1.0393,3.42,1.50
2012.07.16 14:01:47.743,1.03909,1.03933,1.50,1.84
2012.07.16 14:01:47.810,1.03908,1.0393,1.92,1.50
2012.07.16 14:01:48.152,1.03913,1.03935,1.50,2.24
2012.07.16 14:01:48.493,1.03915,1.03935,1.50,1.50
2012.07.16 14:01:48.665,1.03916,1.03939,1.50,1.08
2012.07.16 14:01:48.728,1.03914,1.03935,1.92,1.50
2012.07.16 14:01:49.509,1.03911,1.03934,1.17,1.50
2012.07.16 14:01:50.027,1.03913,1.03935,1.92,1.50
2012.07.16 14:01:50.487,1.03914,1.03938,1.92,3.33
2012.07.16 14:01:50.717,1.03916,1.0394,1.92,2.24
2012.07.16 14:01:50.953,1.03916,1.0394,1.50,1.84
2012.07.16 14:01:51.125,1.03916,1.0394,1.92,2.24
2012.07.16 14:01:51.465,1.03917,1.0394,1.17,1.50
2012.07.16 14:01:51.927,1.0392,1.03943,1.50,1.08
2012.07.16 14:01:54.631,1.0392,1.03941,1.50,1.09
2012.07.16 14:01:54.802,1.03918,1.03939,3.00,1.35
2012.07.16 14:01:55.327,1.03917,1.03939,2.25,1.35
2012.07.16 14:01:55.875,1.03916,1.03939,2.67,1.35
2012.07.16 14:01:56.612,1.03916,1.0394,2.67,2.10
2012.07.16 14:01:57.128,1.03918,1.03941,1.50,2.44
2012.07.16 14:01:57.521,1.03917,1.03939,1.50,2.58
2012.07.16 14:01:57.943,1.03916,1.0394,1.92,2.24
2012.07.16 14:01:58.117,1.03918,1.03941,1.50,1.08
2012.07.16 14:01:58.726,1.03918,1.03934,1.50,3.00
2012.07.16 14:01:58.956,1.03915,1.03934,1.50,1.84
2012.07.16 14:01:59.018,1.03906,1.03929,1.18,1.50
2012.07.16 14:01:59.191,1.0391,1.03931,1.50,1.08
2012.07.16 14:01:59.705,1.03907,1.03929,1.50,2.10
2012.07.16 14:02:00.226,1.03905,1.03927,1.92,2.10
2012.07.16 14:02:00.568,1.03904,1.03927,2.25,1.84
2012.07.16 14:02:01.376,1.03904,1.03928,2.25,3.19
2012.07.16 14:02:01.604,1.03901,1.03926,2.25,1.84
2012.07.16 14:02:02.199,1.03902,1.03924,1.50,1.09
2012.07.16 14:02:02.371,1.03902,1.03924,1.50,3.19
2012.07.16 14:02:02.738,1.03896,1.03919,1.50,2.58
2012.07.16 14:02:02.807,1.03898,1.0392,1.50,1.08
2012.07.16 14:02:03.162,1.039,1.03918,1.50,1.09
2012.07.16 14:02:03.515,1.03902,1.03919,1.50,1.08
2012.07.16 14:02:04.043,1.03901,1.03919,1.50,1.08
2012.07.16 14:02:04.494,1.03899,1.0392,1.50,2.24
2012.07.16 14:02:04.667,1.03897,1.0392,1.92,1.50
2012.07.16 14:02:04.728,1.03899,1.03921,1.50,1.08
2012.07.16 14:02:05.262,1.03899,1.03922,1.50,2.58
2012.07.16 14:02:05.603,1.03899,1.03922,1.92,2.24
2012.07.16 14:02:05.664,1.03899,1.0392,1.50,1.08
2012.07.16 14:02:05.894,1.03898,1.03923,1.92,4.49
2012.07.16 14:02:06.082,1.03898,1.03921,1.50,1.08
2012.07.16 14:02:06.257,1.03899,1.03921,1.50,1.83
2012.07.16 14:02:06.911,1.03898,1.03921,1.50,1.08
2012.07.16 14:02:07.547,1.03897,1.0392,1.92,1.50
2012.07.16 14:02:07.663,1.03897,1.0392,1.92,2.25
2012.07.16 14:02:08.003,1.03901,1.0392,1.50,1.08
2012.07.16 14:02:08.064,1.03898,1.0392,1.50,1.08
2012.07.16 14:02:08.347,1.03896,1.0392,3.00,1.08
2012.07.16 14:02:09.449,1.03896,1.03921,1.92,2.24
2012.07.16 14:02:09.951,1.03899,1.03922,1.50,2.58
2012.07.16 14:02:10.293,1.03899,1.03922,1.50,2.58
2012.07.16 14:02:10.409,1.03899,1.03922,1.50,2.58
2012.07.16 14:02:10.910,1.03897,1.0392,1.92,1.50
2012.07.16 14:02:11.464,1.03898,1.03922,1.92,1.08
2012.07.16 14:02:12.074,1.03898,1.03922,1.92,1.08
2012.07.16 14:02:12.135,1.03898,1.0392,1.50,1.08
2012.07.16 14:02:12.417,1.03896,1.03919,3.75,1.84
2012.07.16 14:02:13.258,1.03897,1.0392,1.50,1.08
2012.07.16 14:02:13.542,1.03897,1.0392,1.92,1.08
2012.07.16 14:02:14.104,1.03895,1.0392,1.92,2.58
2012.07.16 14:02:14.504,1.03895,1.0392,1.92,1.50
2012.07.16 14:02:14.732,1.03895,1.0392,1.50,2.58
2012.07.16 14:02:15.966,1.03894,1.03917,2.67,1.50
2012.07.16 14:02:16.507,1.03894,1.03917,1.92,2.24
2012.07.16 14:02:17.182,1.03893,1.03918,1.92,2.58
2012.07.16 14:02:17.772,1.03893,1.03918,1.92,2.58
2012.07.16 14:02:18.113,1.03891,1.03914,1.92,1.50
2012.07.16 14:02:18.453,1.03891,1.03912,1.50,1.08
2012.07.16 14:02:18.626,1.03892,1.03914,1.92,1.08
2012.07.16 14:02:18.745,1.03895,1.03914,1.50,1.08
2012.07.16 14:02:18.973,1.03892,1.03914,3.42,1.08
2012.07.16 14:02:19.204,1.03892,1.03917,1.92,2.58
2012.07.16 14:02:19.331,1.03892,1.03917,1.92,2.24
2012.07.16 14:02:19.393,1.03897,1.03918,1.50,2.58
2012.07.16 14:02:19.739,1.03902,1.03918,1.50,1.08
2012.07.16 14:02:19.911,1.03902,1.03921,1.50,1.08
2012.07.16 14:02:21.540,1.03903,1.03922,1.50,1.08
2012.07.16 14:02:22.125,1.03903,1.03923,1.50,1.08
2012.07.16 14:02:22.659,1.03903,1.03923,1.50,1.08
2012.07.16 14:02:23.210,1.03902,1.03922,1.50,1.08
2012.07.16 14:02:23.644,1.03904,1.03922,1.50,1.08
2012.07.16 14:02:25.374,1.03901,1.03923,1.50,1.08
2012.07.16 14:02:25.491,1.03904,1.03924,1.50,1.49
2012.07.16 14:02:25.664,1.03904,1.03926,1.50,2.58
2012.07.16 14:02:26.202,1.03905,1.03926,1.50,2.58
2012.07.16 14:02:26.749,1.03906,1.03926,1.50,1.08
2012.07.16 14:02:27.300,1.03907,1.03926,1.50,1.08
2012.07.16 14:02:27.827,1.03908,1.03927,1.50,1.08
2012.07.16 14:02:28.540,1.03908,1.03927,1.50,1.08
2012.07.16 14:02:30.013,1.03908,1.03927,1.50,1.08
2012.07.16 14:02:30.874,1.03906,1.03927,1.50,1.08
2012.07.16 14:02:31.098,1.03906,1.03925,1.50,1.49
2012.07.16 14:02:31.215,1.03902,1.03924,1.50,1.09
2012.07.16 14:02:31.442,1.03902,1.03925,1.92,2.24
2012.07.16 14:02:31.727,1.03903,1.03926,1.92,2.24
2012.07.16 14:02:32.120,1.03908,1.03931,1.50,1.08
2012.07.16 14:02:32.292,1.03906,1.0393,1.50,2.58
2012.07.16 14:02:32.633,1.03905,1.03927,1.50,1.84
2012.07.16 14:02:33.167,1.03906,1.03929,1.50,1.09
2012.07.16 14:02:35.500,1.03909,1.03929,1.50,1.09
2012.07.16 14:02:35.949,1.03904,1.03928,1.50,2.58
2012.07.16 14:02:36.179,1.03902,1.03924,1.50,1.08
2012.07.16 14:02:36.971,1.03904,1.03923,1.50,1.09
2012.07.16 14:02:37.538,1.03903,1.03923,1.50,1.09
2012.07.16 14:02:39.021,1.03903,1.03923,1.50,1.09
2012.07.16 14:02:40.304,1.03905,1.03924,1.50,1.08
2012.07.16 14:02:40.531,1.03902,1.03925,1.50,1.08
2012.07.16 14:02:40.646,1.03905,1.03925,1.50,1.08
2012.07.16 14:02:40.762,1.03903,1.03925,3.00,2.58
2012.07.16 14:02:41.411,1.03905,1.03925,1.50,1.08
2012.07.16 14:02:42.477,1.03903,1.03923,1.50,1.09
2012.07.16 14:02:43.637,1.03901,1.03923,1.50,2.59
2012.07.16 14:02:44.138,1.039,1.03923,1.50,2.59
2012.07.16 14:02:44.202,1.03904,1.03923,1.50,1.09
2012.07.16 14:02:44.321,1.03905,1.03924,1.50,1.09
2012.07.16 14:02:44.772,1.03905,1.03925,1.50,1.08
2012.07.16 14:02:45.191,1.03907,1.03928,1.50,1.09
2012.07.16 14:02:45.833,1.03907,1.03928,1.50,1.08
2012.07.16 14:02:45.951,1.03904,1.03924,1.50,1.09
2012.07.16 14:02:46.180,1.039,1.03923,2.52,1.08
2012.07.16 14:02:46.614,1.039,1.03923,2.10,1.08
2012.07.16 14:02:47.097,1.03903,1.03923,1.50,1.09
2012.07.16 14:02:47.215,1.03899,1.03923,1.50,1.09
2012.07.16 14:02:48.081,1.039,1.03923,1.50,1.09
2012.07.16 14:02:48.210,1.03903,1.03923,1.50,1.08
2012.07.16 14:02:48.439,1.03899,1.03924,1.50,3.33
2012.07.16 14:02:48.918,1.03901,1.03924,1.50,3.33
2012.07.16 14:02:49.153,1.03899,1.03921,1.50,1.08
2012.07.16 14:02:49.673,1.03903,1.03921,1.50,1.08
2012.07.16 14:02:50.074,1.039,1.0392,3.00,1.08
2012.07.16 14:02:52.447,1.03903,1.03921,1.50,1.08
2012.07.16 14:02:52.509,1.039,1.03921,3.00,1.08
2012.07.16 14:02:53.513,1.039,1.03921,1.50,1.08
2012.07.16 14:02:54.127,1.039,1.03921,1.50,1.08
2012.07.16 14:02:54.657,1.039,1.03921,1.50,1.08
2012.07.16 14:02:55.336,1.03898,1.03921,1.92,2.58
2012.07.16 14:02:55.936,1.03898,1.03921,1.92,3.18
2012.07.16 14:02:56.446,1.03898,1.03921,1.92,3.18
2012.07.16 14:02:56.615,1.03898,1.03921,1.92,3.93
2012.07.16 14:02:58.133,1.03897,1.03921,1.92,1.68
2012.07.16 14:02:58.647,1.039,1.03921,1.50,1.68
2012.07.16 14:02:59.198,1.03898,1.03921,1.92,3.18
2012.07.16 14:02:59.749,1.03898,1.03921,1.92,2.44
2012.07.16 14:03:02.639,1.03897,1.03922,1.92,2.58
2012.07.16 14:03:04.312,1.03898,1.03921,1.50,1.08
2012.07.16 14:03:04.372,1.039,1.03921,1.50,1.08
2012.07.16 14:03:04.709,1.03903,1.03921,1.50,1.08
2012.07.16 14:03:04.892,1.03901,1.03923,2.10,1.84
2012.07.16 14:03:05.284,1.03898,1.03922,1.50,1.84
2012.07.16 14:03:06.241,1.039,1.03923,1.50,3.33
2012.07.16 14:03:10.513,1.03899,1.03922,1.50,1.84
2012.07.16 14:03:10.938,1.03901,1.03923,1.50,1.83
2012.07.16 14:03:11.000,1.03899,1.03922,1.50,1.84
2012.07.16 14:03:11.703,1.039,1.03923,1.50,1.83
2012.07.16 14:03:12.082,1.03898,1.03923,1.50,3.93
2012.07.16 14:03:12.718,1.03898,1.03923,1.92,3.93
2012.07.16 14:03:12.778,1.03901,1.03923,1.50,1.69
2012.07.16 14:03:15.857,1.03901,1.03921,1.50,1.68
2012.07.16 14:03:16.174,1.03901,1.03921,1.50,1.08
2012.07.16 14:03:16.255,1.03901,1.03921,1.50,1.08
2012.07.16 14:03:16.370,1.03901,1.03921,1.50,1.08
2012.07.16 14:03:16.431,1.03899,1.03921,3.00,1.08
2012.07.16 14:03:16.604,1.03899,1.0392,1.50,1.08
2012.07.16 14:03:16.722,1.03899,1.03922,1.92,2.24
2012.07.16 14:03:17.140,1.03903,1.03922,1.50,2.24
2012.07.16 14:03:17.645,1.03902,1.03923,1.50,1.42
2012.07.16 14:03:18.396,1.03902,1.03921,1.50,1.08
2012.07.16 14:03:18.736,1.03897,1.03921,1.92,1.08
2012.07.16 14:03:18.909,1.03895,1.03918,1.50,1.08
2012.07.16 14:03:19.027,1.03889,1.03914,1.92,2.59
2012.07.16 14:03:19.089,1.03889,1.03914,1.92,1.50
2012.07.16 14:03:19.316,1.03893,1.03918,1.92,2.24
2012.07.16 14:03:19.609,1.03895,1.03918,1.50,3.33
2012.07.16 14:03:19.954,1.03897,1.03918,1.50,1.83
2012.07.16 14:03:20.159,1.03895,1.03918,3.00,1.09
2012.07.16 14:03:20.386,1.03898,1.03919,1.50,1.08
2012.07.16 14:03:20.914,1.03896,1.03919,1.50,3.33
2012.07.16 14:03:21.335,1.03898,1.03919,1.50,1.83
2012.07.16 14:03:21.562,1.03896,1.03918,1.50,1.08
2012.07.16 14:03:22.088,1.03895,1.03919,1.50,1.83
2012.07.16 14:03:23.889,1.03894,1.03917,1.92,1.84
2012.07.16 14:03:24.124,1.03894,1.03916,1.92,1.09
2012.07.16 14:03:24.349,1.03894,1.03917,1.92,1.84
2012.07.16 14:03:24.595,1.03897,1.03918,1.50,1.83
2012.07.16 14:03:24.868,1.03897,1.03918,1.92,1.49
2012.07.16 14:03:25.094,1.03895,1.03918,1.50,1.08
2012.07.16 14:03:25.609,1.03894,1.03917,1.50,4.09
2012.07.16 14:03:26.163,1.03891,1.03916,1.92,1.50
2012.07.16 14:03:26.780,1.03893,1.03918,1.92,4.83
2012.07.16 14:03:26.841,1.03893,1.03918,1.50,3.33
2012.07.16 14:03:27.609,1.03894,1.03914,1.50,1.09
2012.07.16 14:03:28.173,1.03892,1.03914,2.25,1.69
2012.07.16 14:03:28.459,1.03892,1.03915,2.67,1.50
2012.07.16 14:03:28.862,1.03901,1.03919,1.50,1.24
2012.07.16 14:03:29.175,1.03901,1.03917,1.50,1.09
2012.07.16 14:03:29.364,1.03895,1.03916,1.92,1.49
2012.07.16 14:03:30.024,1.03896,1.03916,1.50,1.09
2012.07.16 14:03:30.335,1.03894,1.03913,1.50,1.49
2012.07.16 14:03:30.957,1.03892,1.03913,1.92,1.49
2012.07.16 14:03:31.460,1.03891,1.03912,1.50,1.08
2012.07.16 14:03:31.996,1.0389,1.03911,1.50,1.09
2012.07.16 14:03:32.397,1.03888,1.03908,1.50,1.09
2012.07.16 14:03:32.515,1.03886,1.03909,1.50,1.09
2012.07.16 14:03:33.032,1.03885,1.03908,1.92,1.83
2012.07.16 14:03:33.563,1.03885,1.03908,1.92,1.08
2012.07.16 14:03:34.091,1.03886,1.03908,1.50,1.83
2012.07.16 14:03:34.624,1.03887,1.03908,1.50,1.83
2012.07.16 14:03:35.311,1.03888,1.03908,1.50,1.08
2012.07.16 14:03:35.482,1.0389,1.03913,1.50,4.83
2012.07.16 14:03:35.770,1.03895,1.03917,1.92,1.08
2012.07.16 14:03:36.263,1.03897,1.03917,1.50,1.08
2012.07.16 14:03:36.886,1.03897,1.03917,1.50,1.08
2012.07.16 14:03:37.095,1.03895,1.03917,1.92,1.08
2012.07.16 14:03:37.628,1.03895,1.03917,1.92,1.08
2012.07.16 14:03:38.068,1.03895,1.03916,1.50,1.68
2012.07.16 14:03:38.137,1.03887,1.03908,1.50,1.08
2012.07.16 14:03:38.733,1.03887,1.03908,1.50,1.83
2012.07.16 14:03:39.237,1.03883,1.03906,2.68,1.50
2012.07.16 14:03:39.298,1.03885,1.03908,1.92,2.59
2012.07.16 14:03:39.809,1.03887,1.03908,1.50,1.09
2012.07.16 14:03:41.004,1.03885,1.03908,1.92,2.59
2012.07.16 14:03:41.641,1.03886,1.0391,2.67,1.34
2012.07.16 14:03:41.759,1.0389,1.03913,1.17,1.50
2012.07.16 14:03:42.269,1.03895,1.03917,1.92,1.09
2012.07.16 14:03:42.599,1.03892,1.03914,3.00,1.09
2012.07.16 14:03:43.110,1.03892,1.03914,1.50,2.43
2012.07.16 14:03:43.535,1.0389,1.03914,1.92,2.43
2012.07.16 14:03:44.264,1.03889,1.03911,1.50,1.50
2012.07.16 14:03:44.494,1.03887,1.03911,1.17,2.25
2012.07.16 14:03:45.371,1.03887,1.03911,1.17,1.50
2012.07.16 14:03:45.712,1.03891,1.03914,1.50,2.59
2012.07.16 14:03:45.942,1.03888,1.03913,3.42,1.84
2012.07.16 14:03:46.255,1.03887,1.0391,1.92,1.50
2012.07.16 14:03:46.857,1.03886,1.03911,1.92,1.50
2012.07.16 14:03:47.434,1.03888,1.03912,1.92,1.08
2012.07.16 14:03:50.213,1.03887,1.03911,1.17,1.50
2012.07.16 14:03:50.548,1.03887,1.03909,1.17,1.50
2012.07.16 14:03:50.854,1.0389,1.03912,1.50,2.58
2012.07.16 14:03:50.916,1.0389,1.03913,1.92,2.24
2012.07.16 14:03:51.200,1.03894,1.03915,1.50,1.08
2012.07.16 14:03:51.705,1.03894,1.03917,1.50,2.58
2012.07.16 14:03:52.027,1.03896,1.03917,1.50,1.08
2012.07.16 14:03:52.488,1.03894,1.03917,3.00,2.58
2012.07.16 14:03:53.218,1.03894,1.03917,1.50,2.58
2012.07.16 14:03:53.721,1.03891,1.03916,2.67,2.24
2012.07.16 14:03:54.025,1.0389,1.03913,2.52,1.50
2012.07.16 14:03:54.529,1.0389,1.03913,3.00,1.84
2012.07.16 14:03:54.645,1.0389,1.03913,3.00,2.58
2012.07.16 14:03:55.150,1.03891,1.03912,1.50,1.08
2012.07.16 14:03:55.487,1.03893,1.03912,1.50,1.08
2012.07.16 14:03:56.161,1.03892,1.03912,1.50,1.08
2012.07.16 14:03:56.673,1.03892,1.03912,1.50,1.08
2012.07.16 14:03:57.238,1.03892,1.03912,1.50,1.08
2012.07.16 14:03:57.665,1.03894,1.03912,1.50,1.08
2012.07.16 14:03:57.783,1.03891,1.03912,1.50,1.08
2012.07.16 14:03:58.345,1.03891,1.03912,1.50,1.08
2012.07.16 14:03:59.897,1.03891,1.03912,1.50,1.08
2012.07.16 14:04:00.629,1.03891,1.03912,1.50,1.08
2012.07.16 14:04:01.289,1.03891,1.03912,1.50,1.08
2012.07.16 14:04:02.175,1.03891,1.03912,1.50,1.08
2012.07.16 14:04:02.800,1.03891,1.03912,1.50,1.08
2012.07.16 14:04:03.999,1.03891,1.03912,1.50,1.08
2012.07.16 14:04:04.337,1.03889,1.03912,3.00,2.58
2012.07.16 14:04:04.398,1.03889,1.03912,1.92,2.24
2012.07.16 14:04:04.515,1.0389,1.03915,1.92,2.58
2012.07.16 14:04:05.721,1.03892,1.03916,1.17,1.84
2012.07.16 14:04:06.151,1.03895,1.0392,1.92,2.24
2012.07.16 14:04:06.696,1.03894,1.03916,1.92,2.24
2012.07.16 14:04:06.981,1.03897,1.03919,1.92,1.49
2012.07.16 14:04:07.591,1.03897,1.03919,1.92,1.49
2012.07.16 14:04:08.103,1.03897,1.03919,1.92,1.49
2012.07.16 14:04:10.408,1.03897,1.03919,1.50,1.08
2012.07.16 14:04:10.469,1.03895,1.03918,1.92,1.84
2012.07.16 14:04:10.640,1.03895,1.03918,1.92,2.24
2012.07.16 14:04:11.434,1.03897,1.03921,1.92,2.24
2012.07.16 14:04:12.700,1.03897,1.03921,1.92,2.58
2012.07.16 14:04:13.254,1.03897,1.03919,1.92,1.49
2012.07.16 14:04:17.598,1.03896,1.03918,1.50,1.83
2012.07.16 14:04:17.768,1.03896,1.03918,1.92,1.49
2012.07.16 14:04:18.300,1.03894,1.03917,1.92,1.50
2012.07.16 14:04:18.824,1.03896,1.03918,1.92,1.49
2012.07.16 14:04:19.864,1.03897,1.03918,1.92,1.49
2012.07.16 14:04:20.231,1.03894,1.03917,1.92,2.24
2012.07.16 14:04:20.292,1.03894,1.03917,1.92,2.24
2012.07.16 14:04:20.407,1.03894,1.03917,1.92,2.24
2012.07.16 14:04:20.522,1.03892,1.03913,1.92,1.50
2012.07.16 14:04:20.639,1.03892,1.03916,1.92,1.50
2012.07.16 14:04:21.141,1.03893,1.03917,1.92,1.08
2012.07.16 14:04:21.509,1.03892,1.03915,3.42,1.50
2012.07.16 14:04:22.534,1.03892,1.03915,1.92,1.50
2012.07.16 14:04:23.803,1.03891,1.03914,1.17,1.50
2012.07.16 14:04:24.218,1.03891,1.03916,2.67,1.50
2012.07.16 14:04:24.432,1.03891,1.03913,1.17,1.50
2012.07.16 14:04:24.990,1.03891,1.03913,2.67,1.50
2012.07.16 14:04:25.052,1.03893,1.03918,1.92,2.99
2012.07.16 14:04:27.906,1.03893,1.03918,1.92,4.83
2012.07.16 14:04:27.968,1.03892,1.03915,1.92,1.50
2012.07.16 14:04:28.407,1.0389,1.0391,1.50,1.08
2012.07.16 14:04:28.471,1.03885,1.0391,1.92,1.84
2012.07.16 14:04:28.589,1.03888,1.03911,1.50,4.08
2012.07.16 14:04:28.817,1.03886,1.03909,1.92,1.84
2012.07.16 14:04:29.403,1.03887,1.03911,1.50,1.08
2012.07.16 14:04:30.089,1.03887,1.03912,1.92,2.58
2012.07.16 14:04:30.636,1.03889,1.03912,1.50,1.08
2012.07.16 14:04:30.809,1.03892,1.03912,1.50,1.08
2012.07.16 14:04:31.218,1.03889,1.0391,1.50,1.08
2012.07.16 14:04:31.344,1.03884,1.03909,2.27,1.84
2012.07.16 14:04:31.885,1.03885,1.03909,1.50,1.84
2012.07.16 14:04:32.395,1.03887,1.0391,1.50,2.58
2012.07.16 14:04:32.733,1.03889,1.03911,1.50,1.08
2012.07.16 14:04:32.905,1.03887,1.0391,3.42,2.24
2012.07.16 14:04:33.021,1.03889,1.03911,1.50,1.08
2012.07.16 14:04:33.664,1.03888,1.03911,3.00,1.08
2012.07.16 14:04:34.226,1.03891,1.03911,1.50,1.08
2012.07.16 14:04:35.451,1.03889,1.03911,1.50,1.08
2012.07.16 14:04:36.519,1.03889,1.03911,1.50,1.08
2012.07.16 14:04:37.425,1.03891,1.03911,1.50,1.08
2012.07.16 14:04:37.928,1.03891,1.03911,1.50,1.08
2012.07.16 14:04:39.405,1.03891,1.03911,1.50,1.08
2012.07.16 14:04:39.935,1.03891,1.03911,1.50,1.08
2012.07.16 14:04:41.105,1.03891,1.03912,1.50,1.08
2012.07.16 14:04:42.847,1.03891,1.03912,1.50,1.08
2012.07.16 14:04:45.284,1.03891,1.03914,1.50,2.58
2012.07.16 14:04:45.566,1.03894,1.03914,1.50,1.08
2012.07.16 14:04:46.659,1.03892,1.03914,1.50,1.08
2012.07.16 14:04:48.023,1.03894,1.03914,1.50,1.08
2012.07.16 14:04:48.400,1.03892,1.03914,3.00,1.08
2012.07.16 14:04:50.042,1.03893,1.03914,1.50,1.08
2012.07.16 14:04:50.583,1.03893,1.03914,1.50,1.08
2012.07.16 14:04:51.240,1.03889,1.03914,1.92,2.58
2012.07.16 14:04:53.615,1.03889,1.03914,1.92,2.58
2012.07.16 14:04:54.695,1.03892,1.03914,1.92,1.08
2012.07.16 14:04:55.265,1.03897,1.03914,1.50,1.08
2012.07.16 14:04:56.140,1.03897,1.03914,1.50,1.08
2012.07.16 14:04:56.914,1.03897,1.03914,1.50,1.08
2012.07.16 14:04:57.215,1.03891,1.03914,1.92,2.58
2012.07.16 14:04:57.559,1.03895,1.03914,1.50,1.08
2012.07.16 14:04:58.088,1.03892,1.03914,2.67,1.08
2012.07.16 14:05:02.252,1.03893,1.03914,1.50,1.08
2012.07.16 14:05:02.501,1.03893,1.03917,1.92,2.24
2012.07.16 14:05:02.617,1.03893,1.03917,1.92,1.50
2012.07.16 14:05:03.260,1.03895,1.03919,1.92,2.58
2012.07.16 14:05:03.411,1.03895,1.03919,2.67,2.58
2012.07.16 14:05:03.942,1.03895,1.03919,2.67,2.58
2012.07.16 14:05:04.392,1.03895,1.03919,1.92,2.58
2012.07.16 14:05:04.454,1.03895,1.03919,1.50,2.58
2012.07.16 14:05:04.682,1.03895,1.03919,1.50,2.58
2012.07.16 14:05:04.832,1.03895,1.03911,1.50,1.50
2012.07.16 14:05:05.062,1.03892,1.03916,1.50,1.84
2012.07.16 14:05:05.179,1.0389,1.03913,1.92,1.84
2012.07.16 14:05:05.409,1.0389,1.03913,1.92,1.50
2012.07.16 14:05:05.749,1.03893,1.03917,3.42,2.24
2012.07.16 14:05:05.925,1.03896,1.03918,1.92,3.33
2012.07.16 14:05:06.571,1.03897,1.03918,1.50,1.83
2012.07.16 14:05:06.803,1.039,1.03919,1.50,1.08
2012.07.16 14:05:06.866,1.039,1.03921,1.50,1.08
2012.07.16 14:05:07.397,1.039,1.03922,1.92,2.24
2012.07.16 14:05:07.625,1.039,1.03922,1.92,1.50
2012.07.16 14:05:07.687,1.03903,1.03925,1.50,2.24
2012.07.16 14:05:08.189,1.03903,1.03925,1.50,2.58
2012.07.16 14:05:08.443,1.039,1.03924,1.92,1.84
2012.07.16 14:05:08.560,1.039,1.03922,1.92,1.50
2012.07.16 14:05:08.902,1.039,1.03918,1.50,1.09
2012.07.16 14:05:09.452,1.03896,1.03919,2.67,1.09
2012.07.16 14:05:09.963,1.03898,1.03919,1.50,1.83
2012.07.16 14:05:10.472,1.03899,1.03918,1.50,1.09
2012.07.16 14:05:10.873,1.03901,1.0392,1.50,1.08
2012.07.16 14:05:12.228,1.039,1.03918,1.50,1.09
2012.07.16 14:05:12.401,1.039,1.0392,1.50,1.08
2012.07.16 14:05:12.913,1.03899,1.03921,1.92,2.24
2012.07.16 14:05:13.252,1.03901,1.03922,1.50,1.08
2012.07.16 14:05:13.602,1.03897,1.03919,1.92,1.50
2012.07.16 14:05:14.133,1.039,1.03922,1.50,1.08
2012.07.16 14:05:15.469,1.039,1.0392,1.50,1.49
2012.07.16 14:05:15.534,1.03895,1.03917,1.92,2.58
2012.07.16 14:05:15.707,1.03895,1.03916,1.50,1.08
2012.07.16 14:05:16.063,1.03897,1.03916,3.00,1.08
2012.07.16 14:05:16.614,1.03898,1.03916,1.50,1.08
2012.07.16 14:05:17.155,1.03897,1.03916,1.50,1.08
2012.07.16 14:05:17.723,1.03891,1.03913,1.50,2.59
2012.07.16 14:05:17.784,1.03891,1.03913,1.50,2.59
2012.07.16 14:05:18.202,1.03893,1.03913,1.50,1.09
2012.07.16 14:05:18.771,1.03893,1.03915,1.50,1.84
2012.07.16 14:05:18.942,1.03891,1.03913,1.50,1.84
2012.07.16 14:05:19.278,1.03894,1.03916,1.50,1.08
2012.07.16 14:05:19.901,1.03894,1.03917,1.50,1.08
2012.07.16 14:05:20.436,1.03893,1.03915,1.50,1.84
2012.07.16 14:05:20.498,1.03892,1.03916,2.67,2.24
2012.07.16 14:05:21.003,1.03896,1.03916,1.17,1.50
2012.07.16 14:05:21.349,1.03899,1.03914,1.50,1.08
2012.07.16 14:05:21.577,1.03891,1.03913,2.25,1.50
2012.07.16 14:05:21.914,1.03891,1.03913,1.92,2.10
2012.07.16 14:05:22.144,1.03886,1.03907,1.17,1.50
2012.07.16 14:05:22.205,1.03886,1.03907,1.17,1.50
2012.07.16 14:05:22.267,1.03886,1.03909,1.17,1.50
2012.07.16 14:05:22.441,1.03888,1.03909,1.17,1.50
2012.07.16 14:05:22.560,1.0389,1.03914,2.67,2.58
2012.07.16 14:05:22.717,1.03894,1.03914,1.50,1.08
2012.07.16 14:05:23.281,1.03894,1.03915,1.50,1.08
2012.07.16 14:05:23.560,1.03896,1.03915,1.50,1.08
2012.07.16 14:05:23.818,1.03894,1.03915,1.50,1.08
2012.07.16 14:05:24.744,1.03894,1.03915,1.50,1.08
2012.07.16 14:05:25.377,1.03894,1.03909,1.50,1.50
2012.07.16 14:05:25.682,1.03886,1.0391,2.67,1.84
2012.07.16 14:05:25.748,1.0389,1.0391,1.92,1.50
2012.07.16 14:05:25.811,1.03891,1.03915,1.92,2.58
2012.07.16 14:05:25.873,1.03894,1.03916,1.50,1.08
2012.07.16 14:05:26.057,1.03894,1.03915,1.50,1.08
2012.07.16 14:05:26.204,1.03892,1.03914,1.50,1.84
2012.07.16 14:05:26.264,1.03892,1.03914,1.50,1.84
2012.07.16 14:05:26.492,1.0389,1.03913,1.50,1.84
2012.07.16 14:05:26.935,1.03888,1.0391,1.50,1.84
2012.07.16 14:05:27.275,1.03888,1.03909,3.00,1.08
2012.07.16 14:05:27.842,1.03889,1.03909,1.50,1.84
2012.07.16 14:05:27.904,1.03887,1.0391,1.50,1.84
2012.07.16 14:05:27.967,1.0389,1.0391,1.02,1.50
2012.07.16 14:05:28.031,1.03894,1.03916,1.50,2.24
2012.07.16 14:05:28.093,1.03894,1.03916,1.92,2.24
2012.07.16 14:05:28.222,1.03894,1.03916,1.92,1.50
2012.07.16 14:05:28.340,1.03891,1.03913,1.92,1.50
2012.07.16 14:05:28.517,1.03891,1.0391,2.25,1.09
2012.07.16 14:05:28.693,1.03888,1.03908,1.50,1.69
2012.07.16 14:05:29.212,1.03884,1.03907,1.50,1.84
2012.07.16 14:05:29.275,1.03884,1.03908,1.50,3.93
2012.07.16 14:05:29.791,1.03884,1.03908,1.50,3.93
2012.07.16 14:05:30.328,1.03883,1.03905,2.25,3.34
2012.07.16 14:05:30.680,1.03885,1.03907,1.50,1.84
2012.07.16 14:05:31.172,1.03886,1.03908,1.50,2.43
2012.07.16 14:05:31.290,1.03884,1.03908,1.50,3.93
2012.07.16 14:05:31.352,1.03884,1.03908,1.50,3.18
2012.07.16 14:05:31.413,1.03884,1.03908,1.50,2.58
2012.07.16 14:05:31.474,1.03883,1.03903,2.25,1.50
2012.07.16 14:05:31.814,1.03887,1.03907,1.50,1.08
2012.07.16 14:05:32.012,1.03885,1.03905,1.50,1.08
2012.07.16 14:05:32.665,1.03887,1.03903,1.50,1.08
2012.07.16 14:05:33.002,1.03887,1.03908,1.50,1.83
2012.07.16 14:05:33.285,1.03887,1.03909,1.50,2.58
2012.07.16 14:05:33.424,1.03887,1.03908,1.50,1.08
2012.07.16 14:05:33.487,1.03885,1.03907,1.50,1.84
2012.07.16 14:05:33.715,1.03885,1.03904,1.50,1.09
2012.07.16 14:05:34.253,1.03884,1.03904,1.50,1.09
2012.07.16 14:05:34.772,1.03879,1.03904,2.25,2.59
2012.07.16 14:05:34.888,1.03883,1.03904,1.17,1.50
2012.07.16 14:05:35.164,1.03885,1.03906,1.50,1.08
2012.07.16 14:05:35.504,1.03887,1.03906,1.50,1.08
2012.07.16 14:05:35.622,1.03885,1.03907,1.50,1.84
2012.07.16 14:05:35.684,1.03885,1.03907,1.92,1.50
2012.07.16 14:05:36.024,1.03888,1.03908,1.50,1.49
2012.07.16 14:05:36.538,1.03884,1.03906,1.92,1.50
2012.07.16 14:05:36.603,1.03885,1.03909,1.92,3.33
2012.07.16 14:05:37.402,1.03885,1.03908,1.50,1.09
2012.07.16 14:05:37.856,1.03883,1.03907,1.17,1.50
2012.07.16 14:05:38.210,1.03888,1.03907,1.50,1.50
2012.07.16 14:05:38.392,1.03891,1.03912,1.50,1.08
2012.07.16 14:05:38.877,1.03894,1.03913,1.50,1.09
2012.07.16 14:05:42.469,1.03894,1.03916,1.50,1.84
2012.07.16 14:05:42.698,1.03897,1.03917,1.50,1.08
2012.07.16 14:05:43.451,1.03897,1.03921,1.50,2.58
2012.07.16 14:05:43.794,1.03896,1.03918,1.50,2.59
2012.07.16 14:05:43.910,1.03893,1.03916,2.25,1.84
2012.07.16 14:05:44.248,1.03895,1.03913,1.50,1.09
2012.07.16 14:05:44.474,1.03895,1.03917,1.50,1.84
2012.07.16 14:05:45.031,1.03896,1.03918,1.50,1.83
2012.07.16 14:05:45.385,1.03896,1.0392,1.92,2.92
2012.07.16 14:05:45.667,1.03898,1.0392,1.50,2.24
2012.07.16 14:05:46.153,1.03899,1.0392,1.50,1.08
2012.07.16 14:05:46.271,1.03899,1.03921,1.50,1.08
2012.07.16 14:05:46.777,1.03899,1.03923,3.00,2.58
2012.07.16 14:05:46.838,1.03901,1.03923,1.50,1.08
2012.07.16 14:05:47.066,1.03896,1.03918,2.67,1.50
2012.07.16 14:05:47.572,1.03896,1.03918,2.67,1.50
2012.07.16 14:05:48.254,1.03896,1.03918,2.67,1.50
2012.07.16 14:05:49.068,1.03896,1.03918,3.42,1.50
2012.07.16 14:05:49.379,1.03899,1.03923,1.50,1.84
2012.07.16 14:05:49.609,1.03895,1.03917,2.25,1.84
2012.07.16 14:05:49.727,1.03892,1.03914,2.67,1.50
2012.07.16 14:05:50.398,1.03893,1.03917,1.92,2.24
2012.07.16 14:05:50.930,1.03897,1.03918,1.50,1.08
2012.07.16 14:05:51.462,1.03897,1.03918,1.50,1.08
2012.07.16 14:05:51.988,1.03898,1.03918,1.50,1.08
2012.07.16 14:05:52.104,1.03898,1.03921,1.92,1.84
2012.07.16 14:05:52.222,1.03898,1.03918,1.50,1.83
2012.07.16 14:05:52.561,1.03895,1.03917,1.92,1.50
2012.07.16 14:05:52.988,1.03899,1.0392,1.50,1.08
2012.07.16 14:05:53.054,1.03896,1.0392,1.92,2.58
2012.07.16 14:05:53.577,1.03896,1.0392,2.67,2.58
2012.07.16 14:05:54.215,1.03896,1.0392,2.67,2.58
2012.07.16 14:05:55.108,1.03896,1.0392,2.67,2.58
2012.07.16 14:05:55.832,1.03896,1.0392,2.67,2.58
2012.07.16 14:05:56.391,1.03898,1.0392,1.50,1.08
2012.07.16 14:05:57.001,1.03897,1.03919,3.42,2.24
2012.07.16 14:05:57.801,1.03899,1.0392,1.50,1.08
2012.07.16 14:05:58.058,1.03897,1.03919,3.42,2.24
2012.07.16 14:05:58.121,1.03897,1.03918,3.42,1.34
2012.07.16 14:05:58.629,1.03897,1.03916,1.50,1.08
2012.07.16 14:05:58.943,1.03897,1.03915,1.50,1.32
2012.07.16 14:05:59.349,1.03885,1.03906,2.25,1.08
2012.07.16 14:05:59.580,1.03882,1.03905,3.00,1.84
2012.07.16 14:06:00.947,1.03882,1.03905,2.25,1.84
2012.07.16 14:06:01.230,1.03882,1.03905,2.25,1.84
2012.07.16 14:06:01.291,1.03882,1.03905,2.25,2.58
2012.07.16 14:06:02.049,1.03883,1.03906,2.25,2.58
2012.07.16 14:06:02.332,1.03885,1.03908,1.92,1.68
2012.07.16 14:06:02.788,1.03882,1.03906,2.67,1.50
2012.07.16 14:06:03.492,1.03882,1.03907,2.67,2.58
2012.07.16 14:06:03.919,1.03882,1.03904,1.17,1.50
2012.07.16 14:06:04.800,1.03883,1.03906,2.25,1.50
2012.07.16 14:06:05.331,1.03885,1.03908,1.50,1.08
2012.07.16 14:06:05.808,1.03883,1.03906,2.25,1.50
2012.07.16 14:06:06.142,1.03882,1.03904,1.17,1.50
2012.07.16 14:06:06.293,1.03882,1.03907,2.67,1.84
2012.07.16 14:06:07.655,1.03886,1.03908,1.50,2.58
2012.07.16 14:06:08.175,1.03886,1.03907,1.50,1.32
2012.07.16 14:06:08.298,1.03881,1.03903,1.92,1.50
2012.07.16 14:06:08.608,1.03881,1.03901,1.17,1.50
2012.07.16 14:06:09.069,1.03881,1.03904,1.17,2.24
2012.07.16 14:06:09.518,1.03885,1.03907,1.50,1.08
2012.07.16 14:06:09.852,1.03883,1.03906,2.25,2.24
2012.07.16 14:06:10.369,1.03884,1.03906,1.50,2.24
2012.07.16 14:06:10.430,1.03886,1.03907,1.50,1.08
2012.07.16 14:06:10.942,1.03886,1.03907,1.50,1.08
2012.07.16 14:06:11.223,1.03884,1.03907,2.25,1.08
2012.07.16 14:06:11.291,1.03887,1.03907,2.25,1.08
2012.07.16 14:06:11.838,1.03885,1.03907,2.25,2.58
2012.07.16 14:06:12.692,1.03883,1.03906,1.50,2.24
2012.07.16 14:06:12.809,1.03882,1.03906,1.17,2.24
2012.07.16 14:06:13.352,1.03882,1.03906,1.17,3.74
2012.07.16 14:06:13.907,1.03885,1.03907,1.50,2.24
2012.07.16 14:06:14.459,1.03881,1.03902,1.92,1.50
2012.07.16 14:06:15.167,1.03881,1.03903,1.17,1.50
2012.07.16 14:06:15.684,1.03882,1.03905,2.25,2.24
2012.07.16 14:06:16.215,1.03882,1.03905,2.67,2.24
2012.07.16 14:06:16.684,1.03884,1.03908,2.25,2.58
2012.07.16 14:06:17.029,1.03884,1.03902,3.00,1.09
2012.07.16 14:06:17.094,1.03876,1.03898,3.00,2.22
2012.07.16 14:06:17.268,1.03878,1.03901,2.25,2.22
2012.07.16 14:06:17.497,1.03878,1.03901,3.75,2.25
2012.07.16 14:06:18.043,1.03881,1.03902,2.25,1.08
2012.07.16 14:06:19.284,1.03882,1.03906,1.50,2.58
2012.07.16 14:06:19.454,1.03885,1.03906,1.50,1.08
2012.07.16 14:06:19.955,1.03882,1.03905,3.00,2.58
2012.07.16 14:06:20.679,1.03885,1.03905,1.50,1.08
2012.07.16 14:06:22.575,1.03882,1.03905,1.92,1.08
2012.07.16 14:06:23.077,1.03881,1.03904,1.17,1.50
2012.07.16 14:06:23.413,1.0388,1.03901,1.17,1.50
2012.07.16 14:06:23.803,1.03881,1.03904,1.92,1.84
2012.07.16 14:06:24.528,1.0388,1.03902,1.17,1.50
2012.07.16 14:06:25.139,1.0388,1.03903,2.25,1.84
2012.07.16 14:06:25.863,1.03881,1.03903,1.50,1.84
2012.07.16 14:06:26.543,1.03881,1.03903,1.50,1.84
2012.07.16 14:06:27.265,1.03882,1.03903,2.25,1.50
2012.07.16 14:06:27.802,1.03882,1.03905,2.25,1.84
2012.07.16 14:06:28.187,1.03885,1.03905,1.50,1.08
2012.07.16 14:06:28.692,1.03882,1.03905,2.25,2.58
2012.07.16 14:06:32.612,1.03884,1.03907,1.50,1.08
2012.07.16 14:06:33.489,1.03881,1.03906,3.42,2.58
2012.07.16 14:06:35.091,1.03884,1.03906,3.00,1.08
2012.07.16 14:06:35.344,1.03888,1.03906,1.50,1.08
2012.07.16 14:06:35.406,1.03888,1.03908,1.50,1.09
2012.07.16 14:06:35.861,1.03883,1.03906,2.25,2.95
2012.07.16 14:06:36.197,1.03886,1.03905,1.50,1.45
2012.07.16 14:06:37.802,1.03883,1.03905,2.25,1.45
2012.07.16 14:06:39.134,1.03882,1.03905,1.50,2.22
2012.07.16 14:06:40.476,1.03882,1.03905,2.25,1.45
2012.07.16 14:06:41.033,1.03882,1.03906,2.25,2.05
2012.07.16 14:06:42.480,1.0388,1.03905,2.25,2.95
2012.07.16 14:06:42.996,1.03879,1.03903,2.25,2.22
2012.07.16 14:06:43.796,1.0388,1.03905,2.25,2.22
2012.07.16 14:06:44.314,1.03877,1.03898,1.17,1.50
2012.07.16 14:06:44.782,1.03875,1.03897,2.25,1.68
2012.07.16 14:06:44.954,1.03876,1.03898,1.17,2.24
2012.07.16 14:06:45.072,1.03876,1.03896,1.17,1.50
2012.07.16 14:06:45.535,1.03876,1.03899,1.17,2.24
2012.07.16 14:06:46.843,1.03876,1.03898,1.17,1.34
2012.07.16 14:06:47.296,1.03875,1.03898,2.22,3.74
2012.07.16 14:06:47.810,1.03879,1.03901,1.80,1.08
2012.07.16 14:06:47.984,1.03876,1.03901,1.92,1.84
2012.07.16 14:06:48.515,1.03878,1.03903,1.50,2.82
2012.07.16 14:06:48.577,1.03878,1.03902,1.80,1.68
2012.07.16 14:06:49.065,1.03877,1.039,1.80,1.84
2012.07.16 14:06:49.412,1.03877,1.03896,1.80,1.84
2012.07.16 14:06:49.964,1.03873,1.03896,1.80,1.84
2012.07.16 14:06:50.733,1.03873,1.03896,1.80,1.84
2012.07.16 14:06:51.271,1.03873,1.03896,1.80,1.84
2012.07.16 14:06:51.498,1.03873,1.03896,1.80,2.44
2012.07.16 14:06:52.074,1.03873,1.03896,1.80,2.44
2012.07.16 14:06:52.191,1.03873,1.03896,1.80,1.84
2012.07.16 14:06:52.719,1.03878,1.03901,1.80,1.84
2012.07.16 14:06:53.492,1.03878,1.03901,1.80,1.84
2012.07.16 14:06:54.042,1.03878,1.03901,1.80,1.84
2012.07.16 14:06:55.126,1.03878,1.03901,1.80,2.44
2012.07.16 14:06:55.466,1.03871,1.03892,1.52,1.84
2012.07.16 14:06:55.987,1.03871,1.03894,3.30,1.84
2012.07.16 14:06:58.213,1.03871,1.03894,2.22,1.50
2012.07.16 14:06:58.749,1.03872,1.03896,2.22,1.08
2012.07.16 14:06:59.035,1.03879,1.039,1.80,1.08
2012.07.16 14:06:59.304,1.03879,1.03902,1.80,2.95
2012.07.16 14:06:59.482,1.03877,1.039,1.80,1.84
2012.07.16 14:07:00.333,1.03879,1.03902,1.80,2.58
2012.07.16 14:07:00.600,1.03879,1.03901,1.80,1.08
2012.07.16 14:07:00.718,1.03879,1.03901,1.80,1.08
2012.07.16 14:07:00.944,1.03879,1.03902,2.22,1.50
2012.07.16 14:07:01.173,1.03882,1.03904,1.80,1.83
2012.07.16 14:07:01.697,1.03882,1.03905,1.80,1.08
2012.07.16 14:07:02.198,1.03882,1.03904,1.80,1.08
2012.07.16 14:07:02.713,1.0388,1.03905,2.22,2.58
2012.07.16 14:07:03.535,1.03883,1.03904,1.80,1.08
2012.07.16 14:07:04.303,1.03882,1.03905,1.80,1.08
2012.07.16 14:07:06.118,1.03882,1.03904,1.80,1.08
2012.07.16 14:07:08.054,1.03882,1.03905,1.80,1.08
2012.07.16 14:07:08.693,1.03882,1.03904,1.80,1.08
2012.07.16 14:07:11.005,1.03882,1.03907,1.80,1.84
2012.07.16 14:07:11.939,1.03886,1.03908,1.50,4.83
2012.07.16 14:07:12.333,1.03882,1.03907,1.80,1.84
2012.07.16 14:07:12.934,1.03881,1.03904,2.27,1.84
2012.07.16 14:07:13.487,1.03881,1.03904,1.80,1.84
2012.07.16 14:07:13.729,1.0388,1.03902,1.18,1.50
2012.07.16 14:07:14.284,1.0388,1.03904,2.68,1.84
2012.07.16 14:07:15.043,1.0388,1.03905,2.68,1.84
2012.07.16 14:07:15.159,1.03878,1.03903,2.27,1.84
2012.07.16 14:07:15.220,1.03878,1.03903,2.25,1.84
2012.07.16 14:07:15.392,1.03877,1.03901,2.52,1.50
2012.07.16 14:07:15.509,1.03878,1.03903,1.50,2.58
2012.07.16 14:07:15.681,1.03878,1.03903,2.25,1.84
2012.07.16 14:07:15.990,1.03881,1.03904,2.25,2.44
2012.07.16 14:07:16.382,1.03886,1.03906,2.25,1.84
2012.07.16 14:07:16.500,1.03886,1.03907,2.25,1.08
2012.07.16 14:07:16.617,1.03886,1.03907,2.25,1.08
2012.07.16 14:07:17.141,1.03888,1.03908,1.50,1.02
2012.07.16 14:07:18.022,1.03883,1.03906,2.67,1.50
2012.07.16 14:07:18.643,1.03883,1.03906,2.67,1.50
2012.07.16 14:07:18.870,1.03883,1.03904,1.17,1.50
2012.07.16 14:07:19.390,1.03883,1.03906,2.67,1.50
2012.07.16 14:07:19.905,1.03883,1.03906,2.67,1.50
2012.07.16 14:07:20.411,1.03885,1.03906,1.50,1.50
2012.07.16 14:07:20.666,1.03885,1.03906,1.50,1.84
2012.07.16 14:07:21.021,1.03882,1.03905,1.50,1.84
2012.07.16 14:07:21.566,1.03882,1.03905,1.50,1.84
2012.07.16 14:07:22.071,1.03881,1.03904,2.25,1.84
2012.07.16 14:07:22.187,1.03878,1.03903,2.25,1.84
2012.07.16 14:07:22.248,1.03879,1.03903,1.17,1.84
2012.07.16 14:07:22.365,1.03878,1.03903,2.25,1.84
2012.07.16 14:07:23.386,1.03878,1.03903,2.25,3.34
2012.07.16 14:07:23.450,1.0388,1.03902,1.92,1.50
2012.07.16 14:07:23.568,1.0388,1.03905,3.42,1.84
2012.07.16 14:07:23.629,1.0388,1.03905,3.00,1.84
2012.07.16 14:07:24.371,1.03881,1.03904,1.92,3.34
2012.07.16 14:07:24.710,1.03878,1.03902,2.25,1.84
2012.07.16 14:07:25.289,1.03877,1.03901,1.50,1.84
2012.07.16 14:07:26.359,1.03879,1.03902,2.25,1.84
2012.07.16 14:07:26.664,1.0388,1.03902,1.17,1.50
2012.07.16 14:07:26.725,1.0388,1.039,1.17,1.50
2012.07.16 14:07:27.080,1.03877,1.039,3.00,1.84
2012.07.16 14:07:27.617,1.03877,1.039,3.42,1.84
2012.07.16 14:07:28.066,1.03877,1.039,1.92,1.84
2012.07.16 14:07:28.183,1.03875,1.03897,1.17,1.50
2012.07.16 14:07:28.411,1.03872,1.03897,2.67,1.84
2012.07.16 14:07:28.529,1.0387,1.03895,2.67,1.50
2012.07.16 14:07:29.118,1.0387,1.03895,2.67,1.84
2012.07.16 14:07:29.873,1.03872,1.03897,2.67,1.84
2012.07.16 14:07:29.934,1.03873,1.03897,1.17,1.84
2012.07.16 14:07:30.475,1.03875,1.03898,1.50,1.84
2012.07.16 14:07:30.593,1.03873,1.03896,4.17,1.50
2012.07.16 14:07:31.155,1.03873,1.03896,2.67,1.50
2012.07.16 14:07:31.550,1.03873,1.03896,3.75,1.84
2012.07.16 14:07:31.666,1.03871,1.03895,2.67,1.84
2012.07.16 14:07:32.610,1.03872,1.03896,1.50,1.84
2012.07.16 14:07:33.119,1.03872,1.03897,1.50,1.84
2012.07.16 14:07:33.746,1.03878,1.03898,1.50,1.08
2012.07.16 14:07:34.032,1.03878,1.03902,1.50,1.08
2012.07.16 14:07:34.149,1.03876,1.03901,3.75,1.84
2012.07.16 14:07:34.735,1.0388,1.03905,2.25,2.58
2012.07.16 14:07:35.260,1.0388,1.03905,2.25,4.08
2012.07.16 14:07:35.434,1.03878,1.03903,2.25,1.84
2012.07.16 14:07:35.609,1.03875,1.039,3.02,1.84
2012.07.16 14:07:35.726,1.03875,1.039,2.27,1.84
2012.07.16 14:07:35.787,1.03873,1.03896,3.72,1.84
2012.07.16 14:07:35.961,1.03874,1.03899,1.92,2.58
2012.07.16 14:07:36.597,1.03876,1.03899,1.50,1.84
2012.07.16 14:07:37.015,1.03872,1.03897,1.92,1.50
2012.07.16 14:07:37.363,1.03875,1.03898,1.50,1.84
2012.07.16 14:07:37.479,1.03872,1.03894,1.17,1.50
2012.07.16 14:07:38.123,1.03872,1.03894,1.17,1.50
2012.07.16 14:07:38.717,1.03875,1.03894,2.25,2.25
2012.07.16 14:07:38.789,1.03875,1.0389,1.50,1.50
2012.07.16 14:07:38.851,1.03868,1.0389,1.17,1.50
2012.07.16 14:07:39.023,1.03867,1.0389,2.67,1.50
2012.07.16 14:07:39.268,1.03869,1.03892,1.50,2.58
2012.07.16 14:07:39.770,1.0387,1.03893,1.50,1.08
2012.07.16 14:07:43.058,1.0387,1.03895,1.92,2.58
2012.07.16 14:07:43.119,1.0387,1.03895,1.92,1.84
2012.07.16 14:07:43.674,1.03878,1.03897,1.50,1.08
2012.07.16 14:07:44.106,1.03878,1.039,1.92,1.08
2012.07.16 14:07:44.391,1.03878,1.039,1.50,1.08
2012.07.16 14:07:44.453,1.03876,1.039,1.50,1.08
2012.07.16 14:07:44.625,1.03876,1.039,1.92,2.58
2012.07.16 14:07:45.127,1.03877,1.03901,1.50,1.08
2012.07.16 14:07:45.368,1.03875,1.039,2.25,2.58
2012.07.16 14:07:45.484,1.03875,1.039,2.67,2.58
2012.07.16 14:07:45.546,1.03874,1.03897,2.67,1.50
2012.07.16 14:07:46.052,1.03877,1.039,1.50,2.58
2012.07.16 14:07:46.563,1.03876,1.03901,1.92,2.58
2012.07.16 14:07:47.080,1.03876,1.03901,1.92,2.58
2012.07.16 14:07:48.555,1.03879,1.039,1.50,1.08
2012.07.16 14:07:48.616,1.03879,1.03901,1.50,1.08
2012.07.16 14:07:49.145,1.03878,1.039,1.92,1.08
2012.07.16 14:07:49.904,1.03875,1.039,1.92,1.84
2012.07.16 14:07:50.413,1.03877,1.039,1.92,1.50
2012.07.16 14:07:50.694,1.03877,1.03901,1.17,2.24
2012.07.16 14:07:50.865,1.03879,1.03903,1.17,1.84
2012.07.16 14:07:51.373,1.03881,1.03904,1.50,1.84
2012.07.16 14:07:51.434,1.03881,1.03904,1.92,1.50
2012.07.16 14:07:53.677,1.03881,1.03904,1.92,2.25
2012.07.16 14:07:53.739,1.03879,1.03897,1.17,1.50
2012.07.16 14:07:53.801,1.03877,1.03897,1.17,1.50
2012.07.16 14:07:53.865,1.03879,1.03902,1.50,1.84
2012.07.16 14:07:55.769,1.03876,1.03901,2.67,3.34
2012.07.16 14:07:58.091,1.03874,1.03899,1.92,2.58
2012.07.16 14:07:58.159,1.03874,1.03897,1.50,1.08
2012.07.16 14:07:58.224,1.03872,1.03897,1.92,2.58
2012.07.16 14:07:58.285,1.03872,1.03897,1.50,2.58
2012.07.16 14:07:58.630,1.03871,1.03893,1.17,1.50
2012.07.16 14:07:58.967,1.03872,1.03893,1.17,1.50
2012.07.16 14:07:59.088,1.03872,1.03895,2.67,1.50
2012.07.16 14:07:59.372,1.03875,1.03899,1.17,1.50
2012.07.16 14:07:59.602,1.03875,1.03896,1.17,1.50
2012.07.16 14:07:59.718,1.03874,1.03899,2.67,1.50
2012.07.16 14:07:59.846,1.03874,1.03899,2.67,1.84
2012.07.16 14:08:00.076,1.03874,1.03899,2.25,1.84
2012.07.16 14:08:00.474,1.03871,1.03894,2.25,1.84
2012.07.16 14:08:00.537,1.03872,1.03894,1.17,1.50
2012.07.16 14:08:01.012,1.03875,1.03898,1.92,1.50
2012.07.16 14:08:01.840,1.03875,1.03898,1.92,3.00
2012.07.16 14:08:02.155,1.03875,1.03896,1.92,2.24
2012.07.16 14:08:02.338,1.03872,1.03892,1.17,1.50
2012.07.16 14:08:02.573,1.03871,1.03894,1.92,1.50
2012.07.16 14:08:02.691,1.0388,1.03896,1.50,1.08
2012.07.16 14:08:02.810,1.03879,1.03903,1.50,1.83
2012.07.16 14:08:03.046,1.03877,1.03902,1.50,2.58
2012.07.16 14:08:03.329,1.03875,1.03898,1.17,1.50
2012.07.16 14:08:03.853,1.03875,1.03898,1.17,1.84
2012.07.16 14:08:04.197,1.03876,1.03899,1.50,1.84
2012.07.16 14:08:04.733,1.03872,1.03895,1.17,1.50
2012.07.16 14:08:04.793,1.03872,1.03895,1.17,1.50
2012.07.16 14:08:05.341,1.03873,1.03896,1.50,1.84
2012.07.16 14:08:06.570,1.03873,1.03896,3.42,1.50
2012.07.16 14:08:06.631,1.03874,1.03899,1.92,2.58
2012.07.16 14:08:06.858,1.03876,1.039,1.92,1.08
2012.07.16 14:08:07.365,1.03876,1.03894,1.50,1.08
2012.07.16 14:08:07.698,1.03875,1.03894,1.50,1.08
2012.07.16 14:08:07.982,1.03871,1.03891,1.50,1.08
2012.07.16 14:08:08.264,1.03869,1.03891,3.00,1.08
2012.07.16 14:08:08.999,1.03866,1.03889,1.92,1.84
2012.07.16 14:08:09.127,1.03867,1.03889,1.17,1.50
2012.07.16 14:08:09.537,1.03868,1.03891,1.92,1.50
2012.07.16 14:08:11.928,1.03869,1.03892,1.92,1.08
2012.07.16 14:08:12.138,1.03869,1.03894,1.92,2.24
2012.07.16 14:08:12.201,1.03872,1.03895,2.67,2.24
2012.07.16 14:08:12.377,1.03873,1.03898,2.67,1.84
2012.07.16 14:08:12.550,1.03875,1.03899,1.50,1.08
2012.07.16 14:08:12.666,1.03874,1.03898,1.17,1.84
2012.07.16 14:08:12.948,1.03876,1.03899,1.50,1.84
2012.07.16 14:08:13.157,1.03872,1.03896,1.17,1.84
2012.07.16 14:08:13.219,1.03872,1.03893,1.50,1.84
2012.07.16 14:08:13.614,1.03871,1.0389,1.50,1.08
2012.07.16 14:08:13.847,1.03869,1.03892,1.50,2.24
2012.07.16 14:08:14.185,1.03866,1.0389,3.75,1.08
2012.07.16 14:08:14.881,1.03863,1.03887,1.78,1.50
2012.07.16 14:08:15.420,1.03866,1.03887,1.50,1.50
2012.07.16 14:08:15.925,1.03867,1.0389,2.25,2.58
2012.07.16 14:08:16.455,1.03866,1.03889,1.50,1.84
2012.07.16 14:08:16.932,1.03866,1.03883,1.50,1.50
2012.07.16 14:08:17.160,1.03866,1.03885,3.00,1.50
2012.07.16 14:08:17.223,1.03866,1.03889,3.00,3.34
2012.07.16 14:08:17.563,1.03866,1.03889,3.42,1.50
2012.07.16 14:08:17.679,1.03867,1.03891,2.68,1.50
2012.07.16 14:08:17.909,1.03869,1.03894,1.92,2.24
2012.07.16 14:08:18.427,1.03871,1.03894,2.25,2.58
2012.07.16 14:08:18.655,1.03873,1.03896,1.92,1.50
2012.07.16 14:08:18.772,1.03875,1.03898,1.92,1.50
2012.07.16 14:08:19.129,1.03874,1.03897,3.00,1.84
2012.07.16 14:08:19.468,1.03873,1.03895,1.17,1.50
2012.07.16 14:08:20.029,1.03876,1.03895,1.17,1.50
2012.07.16 14:08:20.383,1.03871,1.03896,3.42,1.84
2012.07.16 14:08:20.500,1.03871,1.03896,3.42,1.50
2012.07.16 14:08:20.672,1.03873,1.03898,1.92,3.34
2012.07.16 14:08:21.217,1.03877,1.03901,1.92,1.08
2012.07.16 14:08:21.702,1.03873,1.03898,1.50,1.84
2012.07.16 14:08:22.263,1.03873,1.03897,1.50,1.08
2012.07.16 14:08:22.604,1.03873,1.03893,1.50,1.09
2012.07.16 14:08:22.958,1.03867,1.03884,1.17,1.50
2012.07.16 14:08:23.480,1.03863,1.03883,1.14,1.50
2012.07.16 14:08:23.600,1.03863,1.03881,1.14,1.50
2012.07.16 14:08:24.240,1.03863,1.03881,1.54,1.50
2012.07.16 14:08:24.414,1.03863,1.03884,1.54,1.50
2012.07.16 14:08:25.183,1.03863,1.03884,1.17,1.50
2012.07.16 14:08:25.727,1.03866,1.03886,1.50,1.50
2012.07.16 14:08:25.955,1.03866,1.03888,1.17,3.74
2012.07.16 14:08:26.128,1.03867,1.0389,3.42,2.24
2012.07.16 14:08:26.190,1.03867,1.0389,3.42,1.50
2012.07.16 14:08:27.075,1.03867,1.0389,3.42,1.50
2012.07.16 14:08:29.101,1.03871,1.0389,1.17,1.50
2012.07.16 14:08:29.654,1.03873,1.03896,1.17,1.50
2012.07.16 14:08:29.996,1.03876,1.03899,1.50,4.08
2012.07.16 14:08:30.223,1.03872,1.03896,2.67,1.50
2012.07.16 14:08:30.397,1.03871,1.03896,3.00,1.84
2012.07.16 14:08:30.460,1.0387,1.03893,3.42,1.50
2012.07.16 14:08:30.634,1.03868,1.03889,1.17,1.50
2012.07.16 14:08:30.752,1.03868,1.03892,1.17,3.00
2012.07.16 14:08:31.821,1.0387,1.03893,1.92,1.50
2012.07.16 14:08:32.490,1.03871,1.03892,1.17,1.50
2012.07.16 14:08:33.094,1.03871,1.03894,1.17,1.50
2012.07.16 14:08:33.631,1.03871,1.03896,1.92,2.58
2012.07.16 14:08:33.748,1.0387,1.03893,3.42,1.50
2012.07.16 14:08:34.690,1.0387,1.03893,1.92,1.50
2012.07.16 14:08:35.030,1.03872,1.03895,1.50,1.84
2012.07.16 14:08:35.443,1.03872,1.03895,2.67,1.84
2012.07.16 14:08:35.672,1.03872,1.03895,2.25,1.84
2012.07.16 14:08:35.901,1.03873,1.03897,1.17,3.34
2012.07.16 14:08:35.962,1.03873,1.03895,1.17,1.50
2012.07.16 14:08:36.390,1.03874,1.03898,1.50,1.83
2012.07.16 14:08:36.733,1.03866,1.03891,4.18,1.84
2012.07.16 14:08:37.019,1.03868,1.03891,1.50,1.84
2012.07.16 14:08:37.249,1.03868,1.03893,2.07,2.58
2012.07.16 14:08:38.042,1.0387,1.03895,1.92,2.24
2012.07.16 14:08:38.158,1.0387,1.03895,2.67,1.84
2012.07.16 14:08:38.498,1.03875,1.03896,1.50,1.84
2012.07.16 14:08:38.672,1.03873,1.03894,1.50,1.84
2012.07.16 14:08:38.789,1.03871,1.03894,2.67,1.84
2012.07.16 14:08:39.133,1.03869,1.03892,1.50,1.84
2012.07.16 14:08:39.251,1.03868,1.03891,1.17,1.50
2012.07.16 14:08:39.536,1.03871,1.03894,1.50,2.58
2012.07.16 14:08:41.601,1.03873,1.03894,1.50,1.08
2012.07.16 14:08:41.939,1.03881,1.03894,1.13,1.50
2012.07.16 14:08:42.224,1.03888,1.03907,1.50,1.08
2012.07.16 14:08:42.286,1.03884,1.03907,1.50,1.08
2012.07.16 14:08:42.405,1.03885,1.03907,1.92,1.50
2012.07.16 14:08:42.635,1.03889,1.0391,1.17,1.50
2012.07.16 14:08:42.897,1.03889,1.03912,2.67,2.18
2012.07.16 14:08:43.013,1.03889,1.0391,1.17,1.50
2012.07.16 14:08:43.516,1.03886,1.03909,1.17,1.84
2012.07.16 14:08:43.578,1.03886,1.03907,1.17,1.50
2012.07.16 14:08:44.299,1.03881,1.03904,2.67,1.50
2012.07.16 14:08:44.642,1.03882,1.03904,1.17,1.50
2012.07.16 14:08:44.760,1.03883,1.03907,1.17,1.50
2012.07.16 14:08:46.039,1.03884,1.03907,1.02,3.75
2012.07.16 14:08:46.213,1.03881,1.03907,3.42,2.59
2012.07.16 14:08:46.385,1.03882,1.03907,1.17,4.09
2012.07.16 14:08:46.614,1.03887,1.03907,2.85,1.09
2012.07.16 14:08:46.847,1.03888,1.03909,1.92,1.49
2012.07.16 14:08:47.187,1.03892,1.03909,1.02,1.49
2012.07.16 14:08:47.249,1.03892,1.03913,1.02,2.25
2012.07.16 14:08:47.367,1.03892,1.03913,1.02,1.50
2012.07.16 14:08:47.430,1.0389,1.03913,2.68,1.50
2012.07.16 14:08:47.675,1.03891,1.03912,1.17,1.50
2012.07.16 14:08:48.092,1.03893,1.03917,1.92,2.24
2012.07.16 14:08:48.436,1.03892,1.03916,1.50,2.59
2012.07.16 14:08:48.995,1.03891,1.03915,2.67,1.84
2012.07.16 14:08:49.056,1.03891,1.03915,2.25,1.84
2012.07.16 14:08:49.286,1.03887,1.03913,2.67,2.58
2012.07.16 14:08:49.627,1.03887,1.03907,1.17,1.50
2012.07.16 14:08:49.928,1.03888,1.03912,1.92,1.50
2012.07.16 14:08:50.103,1.03888,1.03912,1.92,1.50
2012.07.16 14:08:50.388,1.03894,1.03918,1.17,2.52
2012.07.16 14:08:51.249,1.03895,1.03916,1.17,1.50
2012.07.16 14:08:51.701,1.03891,1.03915,3.60,1.84
2012.07.16 14:08:52.252,1.03892,1.03915,1.50,1.84
2012.07.16 14:08:52.612,1.03891,1.03916,1.92,1.84
2012.07.16 14:08:52.787,1.03891,1.03916,1.92,2.58
2012.07.16 14:08:53.124,1.03892,1.03916,1.02,2.24
2012.07.16 14:08:53.402,1.03891,1.03916,1.92,4.08
2012.07.16 14:08:53.940,1.03888,1.03912,1.92,1.50
2012.07.16 14:08:54.058,1.03892,1.03917,1.92,1.84
2012.07.16 14:08:54.365,1.03891,1.03914,1.92,1.50
2012.07.16 14:08:54.927,1.03893,1.03916,1.50,1.84
2012.07.16 14:08:55.490,1.0389,1.03916,2.67,1.84
2012.07.16 14:08:55.557,1.0389,1.03913,1.17,1.50
2012.07.16 14:08:56.145,1.03891,1.03914,2.67,1.50
2012.07.16 14:08:56.542,1.03891,1.03905,1.92,1.50
2012.07.16 14:08:56.660,1.03888,1.03905,2.25,1.50
2012.07.16 14:08:56.836,1.03886,1.03907,1.17,2.24
2012.07.16 14:08:57.248,1.03887,1.03909,1.92,1.50
2012.07.16 14:08:57.536,1.03887,1.03911,2.52,1.84
2012.07.16 14:08:57.655,1.03891,1.03908,1.17,1.50
2012.07.16 14:08:57.884,1.03888,1.0391,2.67,1.50
2012.07.16 14:08:58.295,1.03888,1.03909,1.17,1.50
2012.07.16 14:08:58.603,1.03889,1.0391,1.17,1.50
2012.07.16 14:08:58.665,1.03889,1.03912,1.17,1.84
2012.07.16 14:08:58.782,1.03895,1.03912,1.02,1.50
2012.07.16 14:08:59.068,1.03896,1.03912,1.17,1.50
2012.07.16 14:08:59.470,1.03894,1.03915,1.92,1.50
2012.07.16 14:08:59.537,1.03892,1.03913,3.42,1.50
2012.07.16 14:08:59.600,1.03892,1.03916,3.42,1.50
2012.07.16 14:08:59.833,1.03894,1.03918,1.92,2.24
2012.07.16 14:09:00.359,1.03895,1.03917,1.17,1.50
2012.07.16 14:09:00.421,1.03895,1.03915,1.17,1.50
2012.07.16 14:09:00.661,1.03897,1.03917,1.17,1.50
2012.07.16 14:09:00.949,1.03896,1.03912,1.17,1.50
2012.07.16 14:09:01.634,1.03897,1.03915,1.17,3.00
2012.07.16 14:09:01.920,1.03897,1.0391,1.17,1.50
2012.07.16 14:09:02.259,1.03897,1.0391,1.17,1.50
2012.07.16 14:09:02.434,1.03897,1.03917,1.17,1.50
2012.07.16 14:09:03.153,1.03897,1.03917,1.92,1.50
2012.07.16 14:09:03.280,1.03898,1.03915,1.17,1.50
2012.07.16 14:09:03.343,1.03897,1.03918,1.92,1.50
2012.07.16 14:09:03.747,1.03898,1.03915,1.17,1.50
2012.07.16 14:09:03.994,1.03898,1.03918,1.17,1.50
2012.07.16 14:09:04.702,1.03898,1.03919,1.17,1.50
2012.07.16 14:09:05.433,1.03897,1.03917,1.17,1.50
2012.07.16 14:09:06.013,1.03898,1.03919,1.54,1.50
2012.07.16 14:09:06.240,1.03899,1.03921,1.92,1.50
2012.07.16 14:09:06.302,1.03899,1.03923,1.92,1.50
2012.07.16 14:09:06.436,1.03898,1.0392,1.54,1.50
2012.07.16 14:09:07.015,1.03897,1.0392,1.13,1.84
2012.07.16 14:09:07.325,1.03897,1.03919,2.29,1.50
2012.07.16 14:09:07.779,1.03898,1.03922,1.92,1.50
2012.07.16 14:09:08.199,1.03896,1.03918,4.13,1.50
2012.07.16 14:09:08.540,1.03896,1.03916,1.88,1.50
2012.07.16 14:09:08.877,1.03896,1.03918,1.17,3.74
2012.07.16 14:09:09.403,1.03896,1.03917,1.17,1.50
2012.07.16 14:09:09.781,1.03896,1.03917,1.13,1.50
2012.07.16 14:09:09.955,1.03899,1.0392,3.60,1.08
2012.07.16 14:09:10.018,1.03899,1.03921,4.02,1.50
2012.07.16 14:09:10.136,1.03901,1.03923,2.25,1.50
2012.07.16 14:09:10.418,1.03906,1.03923,1.17,1.50
2012.07.16 14:09:10.479,1.03906,1.03927,1.17,1.50
2012.07.16 14:09:10.596,1.03902,1.03919,1.17,1.50
2012.07.16 14:09:10.825,1.03901,1.03921,3.42,1.50
2012.07.16 14:09:10.943,1.03899,1.03919,1.17,1.50
2012.07.16 14:09:11.284,1.03899,1.03917,1.17,1.50
2012.07.16 14:09:11.573,1.03897,1.03917,1.17,3.00
2012.07.16 14:09:12.099,1.03895,1.03918,1.17,1.50
2012.07.16 14:09:12.397,1.03896,1.03915,1.17,1.50
2012.07.16 14:09:12.459,1.03896,1.03917,1.17,1.50
2012.07.16 14:09:13.024,1.03896,1.03917,1.17,1.50
2012.07.16 14:09:13.942,1.03896,1.03916,1.17,1.50
2012.07.16 14:09:14.003,1.03896,1.03916,1.17,1.50
2012.07.16 14:09:14.066,1.03896,1.03914,1.17,1.50
2012.07.16 14:09:14.481,1.03896,1.03911,1.17,1.50
2012.07.16 14:09:14.604,1.03897,1.03919,1.92,2.24
2012.07.16 14:09:15.138,1.03897,1.03919,1.92,2.24
2012.07.16 14:09:16.150,1.03894,1.03918,1.92,2.99
2012.07.16 14:09:16.212,1.03894,1.03916,1.92,1.50
2012.07.16 14:09:16.442,1.03887,1.03908,1.39,2.24
2012.07.16 14:09:17.104,1.03886,1.03905,1.17,1.50
2012.07.16 14:09:17.613,1.03885,1.03907,2.25,3.34
2012.07.16 14:09:17.674,1.03883,1.03902,1.50,1.50
2012.07.16 14:09:17.735,1.03883,1.03904,1.50,1.50
2012.07.16 14:09:18.036,1.03882,1.03904,1.17,1.50
2012.07.16 14:09:18.612,1.03883,1.03906,1.17,1.50
2012.07.16 14:09:19.197,1.03885,1.03906,1.17,2.10
2012.07.16 14:09:19.543,1.03888,1.03909,1.17,1.50
2012.07.16 14:09:19.918,1.03887,1.03906,1.54,1.50
2012.07.16 14:09:20.228,1.03887,1.03911,3.04,2.24
2012.07.16 14:09:20.290,1.03887,1.03911,3.04,2.24
2012.07.16 14:09:20.640,1.03891,1.03908,1.17,1.50
2012.07.16 14:09:20.703,1.03891,1.0391,1.17,1.50
2012.07.16 14:09:21.540,1.0389,1.03909,1.17,1.50
2012.07.16 14:09:21.602,1.03889,1.03913,2.67,1.50
2012.07.16 14:09:21.888,1.03892,1.03915,1.17,1.50
2012.07.16 14:09:22.124,1.0389,1.03913,1.78,1.50
2012.07.16 14:09:22.352,1.03892,1.03913,1.17,1.50
2012.07.16 14:09:22.506,1.03892,1.03913,1.17,1.50
2012.07.16 14:09:22.683,1.03893,1.03915,1.17,1.50
2012.07.16 14:09:22.910,1.03894,1.03915,1.17,1.50
2012.07.16 14:09:23.027,1.03893,1.03915,1.17,1.50
2012.07.16 14:09:23.507,1.03891,1.03913,1.13,1.50
2012.07.16 14:09:23.911,1.03892,1.03915,1.17,1.50
2012.07.16 14:09:24.255,1.03891,1.03915,2.25,1.84
2012.07.16 14:09:24.596,1.03887,1.03907,1.17,1.50
2012.07.16 14:09:24.712,1.03884,1.03907,1.50,1.50
2012.07.16 14:09:25.257,1.03885,1.03909,2.25,1.84
2012.07.16 14:09:26.462,1.03885,1.03909,2.25,1.84
2012.07.16 14:09:26.700,1.03883,1.03907,3.00,1.50
2012.07.16 14:09:27.061,1.03884,1.03907,1.50,1.88
2012.07.16 14:09:27.404,1.03878,1.03902,2.27,3.94
2012.07.16 14:09:27.690,1.03872,1.03896,1.13,1.50
2012.07.16 14:09:28.059,1.03871,1.03894,1.17,1.50
2012.07.16 14:09:28.742,1.03871,1.03894,1.17,1.50
2012.07.16 14:09:29.081,1.0387,1.03891,1.17,1.50
2012.07.16 14:09:29.422,1.03873,1.03894,1.50,2.43
2012.07.16 14:09:29.540,1.0387,1.0389,1.50,1.08
2012.07.16 14:09:29.657,1.03872,1.03889,1.50,1.08
2012.07.16 14:09:29.885,1.0387,1.0389,1.50,1.08
2012.07.16 14:09:30.115,1.03868,1.03889,1.50,1.08
2012.07.16 14:09:30.234,1.03866,1.03887,2.25,1.50
2012.07.16 14:09:30.762,1.03864,1.03887,2.25,1.50
2012.07.16 14:09:30.878,1.03866,1.03889,1.17,2.24
2012.07.16 14:09:30.996,1.0387,1.03892,1.50,1.08
2012.07.16 14:09:31.494,1.03866,1.03886,1.17,1.50
2012.07.16 14:09:32.439,1.0386,1.03884,2.68,1.84
2012.07.16 14:09:33.091,1.03866,1.03886,1.17,1.50
2012.07.16 14:09:33.152,1.03866,1.03884,1.17,1.50
2012.07.16 14:09:33.657,1.03863,1.03885,1.18,1.50
2012.07.16 14:09:34.004,1.03859,1.03878,1.22,1.50
2012.07.16 14:09:34.066,1.03858,1.0388,1.18,1.50
2012.07.16 14:09:34.129,1.03858,1.03878,1.18,1.50
2012.07.16 14:09:34.245,1.03861,1.03881,1.52,1.50
2012.07.16 14:09:34.307,1.03861,1.03885,1.52,2.44
2012.07.16 14:09:34.537,1.03866,1.03885,1.50,1.50
2012.07.16 14:09:34.598,1.03864,1.03887,1.35,1.84
2012.07.16 14:09:34.792,1.03863,1.03885,1.17,1.50
2012.07.16 14:09:35.345,1.03863,1.03885,1.17,1.50
2012.07.16 14:09:36.132,1.03863,1.03881,1.17,1.50
2012.07.16 14:09:37.030,1.03873,1.03893,1.18,2.10
2012.07.16 14:09:37.098,1.03881,1.03893,2.25,2.10
2012.07.16 14:09:37.219,1.0388,1.03893,1.50,2.10
2012.07.16 14:09:37.280,1.03879,1.039,1.50,3.93
2012.07.16 14:09:37.398,1.03879,1.03901,1.92,2.24
2012.07.16 14:09:37.516,1.03877,1.03897,1.17,1.50
2012.07.16 14:09:37.857,1.03877,1.03897,1.35,1.50
2012.07.16 14:09:38.029,1.03882,1.03905,2.25,1.08
2012.07.16 14:09:38.150,1.03882,1.03906,2.67,2.24
2012.07.16 14:09:38.324,1.0389,1.03912,1.50,2.58
2012.07.16 14:09:38.386,1.03886,1.03908,2.25,1.50
2012.07.16 14:09:39.072,1.03886,1.03906,2.25,1.50
2012.07.16 14:09:39.190,1.03883,1.03904,1.17,1.50
2012.07.16 14:09:39.703,1.03883,1.03904,1.17,1.50
2012.07.16 14:09:40.315,1.03883,1.03904,1.17,1.50
2012.07.16 14:09:40.488,1.03883,1.03906,2.67,1.50
2012.07.16 14:09:41.111,1.03883,1.03907,2.67,1.50
2012.07.16 14:09:41.177,1.03884,1.03907,1.50,1.50
2012.07.16 14:09:41.239,1.03883,1.03907,2.67,1.50
2012.07.16 14:09:41.660,1.03884,1.03907,2.85,1.50
2012.07.16 14:09:41.723,1.03887,1.03909,2.10,1.50
2012.07.16 14:09:41.899,1.03888,1.03912,2.52,2.24
2012.07.16 14:09:41.962,1.03888,1.03912,2.52,1.50
2012.07.16 14:09:42.312,1.03891,1.03912,2.25,2.10
2012.07.16 14:09:42.693,1.03883,1.03905,2.48,1.84
2012.07.16 14:09:42.754,1.03883,1.03905,1.73,1.84
2012.07.16 14:09:43.144,1.03881,1.03903,2.48,1.50
2012.07.16 14:09:43.618,1.03886,1.03908,1.50,1.69
2012.07.16 14:09:43.961,1.03893,1.03915,2.52,2.24
2012.07.16 14:09:44.080,1.03897,1.0392,2.85,3.34
2012.07.16 14:09:44.142,1.03897,1.03918,1.35,1.50
2012.07.16 14:09:44.318,1.03898,1.03921,1.02,1.50
2012.07.16 14:09:44.380,1.03896,1.03919,2.87,1.09
2012.07.16 14:09:44.828,1.03896,1.03916,1.35,1.50
2012.07.16 14:09:45.006,1.03897,1.03918,1.50,1.50
2012.07.16 14:09:45.351,1.03897,1.0392,2.25,1.84
2012.07.16 14:09:45.468,1.03895,1.03912,1.17,1.50
2012.07.16 14:09:45.641,1.03895,1.03915,1.17,3.00
2012.07.16 14:09:46.187,1.03896,1.03916,1.50,1.50
2012.07.16 14:09:46.863,1.03895,1.03916,1.17,1.50
2012.07.16 14:09:47.104,1.03894,1.03916,1.50,1.50
2012.07.16 14:09:47.611,1.03892,1.03914,2.67,1.50
2012.07.16 14:09:47.915,1.03893,1.03914,2.10,1.50
2012.07.16 14:09:47.979,1.03893,1.03916,3.60,1.50
2012.07.16 14:09:48.154,1.03892,1.03916,2.67,1.50
2012.07.16 14:09:48.218,1.03892,1.03913,1.92,1.50
2012.07.16 14:09:48.338,1.039,1.03922,1.50,1.68
2012.07.16 14:09:48.786,1.03897,1.03921,2.25,2.58
2012.07.16 14:09:48.847,1.03901,1.03921,1.50,1.08
2012.07.16 14:09:48.909,1.03901,1.03924,1.50,2.58
2012.07.16 14:09:49.227,1.03902,1.03927,1.50,2.24
2012.07.16 14:09:49.622,1.039,1.03923,1.50,2.25
2012.07.16 14:09:49.927,1.03897,1.03921,1.95,3.00
2012.07.16 14:09:50.282,1.03901,1.03921,1.17,1.50
2012.07.16 14:09:50.688,1.03902,1.03924,1.17,1.50
2012.07.16 14:09:50.859,1.03902,1.03924,1.17,1.50
2012.07.16 14:09:51.033,1.03902,1.03921,1.17,1.50
2012.07.16 14:09:51.377,1.03902,1.03923,1.17,1.50
2012.07.16 14:09:52.054,1.03903,1.03924,1.17,1.50
2012.07.16 14:09:52.124,1.03908,1.03929,1.02,1.50
2012.07.16 14:09:52.749,1.03908,1.03929,1.02,2.25
2012.07.16 14:09:52.977,1.03904,1.03929,2.25,2.25
2012.07.16 14:09:53.040,1.03903,1.03924,1.35,1.50
2012.07.16 14:09:53.102,1.03902,1.03924,1.99,3.00
2012.07.16 14:09:53.163,1.03902,1.03921,1.99,1.50
2012.07.16 14:09:53.281,1.03902,1.03925,1.99,1.50
2012.07.16 14:09:53.796,1.03903,1.03926,1.50,1.50
2012.07.16 14:09:53.913,1.03901,1.03924,3.02,1.50
2012.07.16 14:09:54.029,1.03903,1.03926,1.50,1.50
2012.07.16 14:09:54.260,1.03901,1.03924,2.89,1.50
2012.07.16 14:09:54.776,1.03901,1.03925,1.17,1.50
2012.07.16 14:09:55.119,1.03901,1.03922,1.17,1.50
2012.07.16 14:09:55.670,1.03901,1.03921,1.17,1.50
2012.07.16 14:09:56.204,1.03902,1.03925,1.50,1.50
2012.07.16 14:09:56.723,1.03901,1.03924,1.92,1.50
2012.07.16 14:09:57.597,1.03901,1.03924,1.92,1.50
2012.07.16 14:09:57.715,1.03901,1.03926,3.42,1.50
2012.07.16 14:09:58.054,1.03901,1.03923,1.92,1.50
2012.07.16 14:09:58.592,1.03902,1.03925,2.25,3.00
2012.07.16 14:09:58.708,1.03902,1.03925,2.25,1.50
2012.07.16 14:09:58.935,1.03902,1.03925,2.25,1.50
2012.07.16 14:09:59.165,1.03904,1.03927,2.25,2.24
2012.07.16 14:10:01.017,1.03901,1.03926,2.67,1.50
2012.07.16 14:10:01.244,1.03901,1.03924,1.17,1.50
2012.07.16 14:10:01.714,1.03901,1.03926,2.67,1.50
2012.07.16 14:10:02.230,1.03902,1.03925,1.50,1.50
2012.07.16 14:10:02.848,1.039,1.03923,4.02,1.50
2012.07.16 14:10:05.418,1.03902,1.03925,1.50,1.50
2012.07.16 14:10:05.818,1.03902,1.03926,1.17,1.50
2012.07.16 14:10:06.818,1.03902,1.03926,1.17,1.50
2012.07.16 14:10:06.988,1.03902,1.03922,1.17,1.50
2012.07.16 14:10:07.217,1.03902,1.03924,1.17,3.00
2012.07.16 14:10:07.279,1.03901,1.03924,2.25,1.50
2012.07.16 14:10:07.399,1.03902,1.03927,1.92,3.38
2012.07.16 14:10:07.643,1.03901,1.03924,4.92,1.50
2012.07.16 14:10:07.705,1.03904,1.03928,1.50,1.08
2012.07.16 14:10:07.823,1.03904,1.03927,2.25,1.34
2012.07.16 14:10:08.337,1.03904,1.03928,2.25,1.08
2012.07.16 14:10:08.841,1.03905,1.03928,2.25,2.24
2012.07.16 14:10:09.361,1.03906,1.0393,2.67,1.50
2012.07.16 14:10:09.588,1.03909,1.03932,1.50,2.58
2012.07.16 14:10:10.040,1.03908,1.03928,1.35,1.50
2012.07.16 14:10:10.473,1.03905,1.03928,2.25,1.84
2012.07.16 14:10:10.539,1.039,1.03922,1.35,1.50
2012.07.16 14:10:11.047,1.03903,1.03926,1.92,2.24
2012.07.16 14:10:11.219,1.03903,1.03926,2.67,1.50
2012.07.16 14:10:11.448,1.03902,1.03924,1.17,1.50
2012.07.16 14:10:11.510,1.03902,1.03922,1.17,1.50
2012.07.16 14:10:12.498,1.03901,1.03922,1.17,1.50
2012.07.16 14:10:13.088,1.03901,1.03924,1.17,3.00
2012.07.16 14:10:13.738,1.03901,1.03924,1.17,1.50
2012.07.16 14:10:15.093,1.03901,1.03924,1.17,1.50
2012.07.16 14:10:15.551,1.03902,1.03927,2.25,1.50
2012.07.16 14:10:16.091,1.03901,1.03922,1.17,1.50
2012.07.16 14:10:16.434,1.03894,1.03918,2.67,1.50
2012.07.16 14:10:16.955,1.03896,1.03917,1.35,1.50
2012.07.16 14:10:17.017,1.03897,1.03919,2.52,1.50
2012.07.16 14:10:17.527,1.03897,1.03919,1.50,2.10
2012.07.16 14:10:17.645,1.03897,1.03921,1.92,2.24
2012.07.16 14:10:17.906,1.03897,1.03921,1.50,3.18
2012.07.16 14:10:18.247,1.03895,1.03919,1.50,1.84
2012.07.16 14:10:18.308,1.03895,1.03919,1.92,1.50
2012.07.16 14:10:18.370,1.03897,1.03919,1.35,1.50
2012.07.16 14:10:18.822,1.03897,1.03921,2.25,1.84
2012.07.16 14:10:20.173,1.03898,1.03921,1.92,1.50
2012.07.16 14:10:20.515,1.03902,1.03921,1.50,1.50
2012.07.16 14:10:20.632,1.03904,1.03927,1.50,1.08
2012.07.16 14:10:20.694,1.03902,1.03927,3.00,2.58
2012.07.16 14:10:21.210,1.039,1.03925,2.67,2.24
2012.07.16 14:10:21.403,1.03903,1.03926,1.50,2.24
2012.07.16 14:10:21.995,1.03901,1.03924,2.85,1.50
2012.07.16 14:10:22.903,1.03903,1.03926,1.50,2.24
2012.07.16 14:10:23.496,1.03904,1.03929,1.50,2.58
2012.07.16 14:10:23.779,1.03902,1.03927,1.50,2.24
2012.07.16 14:10:24.343,1.03902,1.03927,1.50,2.24
2012.07.16 14:10:24.850,1.03903,1.03926,1.50,2.24
2012.07.16 14:10:25.384,1.03903,1.03926,3.00,2.24
2012.07.16 14:10:25.445,1.03905,1.03928,1.50,2.24
2012.07.16 14:10:25.561,1.03902,1.03927,1.50,2.24
2012.07.16 14:10:25.678,1.03905,1.03928,1.50,3.74
2012.07.16 14:10:26.218,1.03903,1.03927,1.50,2.24
2012.07.16 14:10:26.759,1.03902,1.03927,1.50,2.24
2012.07.16 14:10:27.273,1.03902,1.03927,1.50,2.24
2012.07.16 14:10:27.412,1.03904,1.03929,1.50,4.08
2012.07.16 14:10:27.948,1.03902,1.03927,1.50,2.24
2012.07.16 14:10:28.824,1.03902,1.03927,1.50,2.24
2012.07.16 14:10:29.144,1.03905,1.03928,1.50,2.24
2012.07.16 14:10:29.206,1.03903,1.03926,3.00,2.24
2012.07.16 14:10:29.321,1.03905,1.03928,1.50,2.24
2012.07.16 14:10:29.875,1.03904,1.03927,1.50,2.24
2012.07.16 14:10:30.313,1.03901,1.03926,2.52,2.24
2012.07.16 14:10:30.846,1.03901,1.03926,3.27,2.24
2012.07.16 14:10:31.274,1.03904,1.03927,1.50,3.74
2012.07.16 14:10:31.632,1.03902,1.03925,3.00,1.50
2012.07.16 14:10:32.591,1.03903,1.03925,1.50,1.50
2012.07.16 14:10:32.926,1.03904,1.03927,1.50,1.50
2012.07.16 14:10:33.469,1.03902,1.03925,2.25,1.50
2012.07.16 14:10:33.817,1.03902,1.03925,3.72,1.50
2012.07.16 14:10:33.934,1.03902,1.03925,3.27,1.50
2012.07.16 14:10:34.053,1.03907,1.0393,1.50,2.99
2012.07.16 14:10:34.406,1.03907,1.03928,1.50,1.09
2012.07.16 14:10:34.522,1.03905,1.03928,1.50,1.09
2012.07.16 14:10:34.584,1.03905,1.03928,1.50,1.09
2012.07.16 14:10:34.705,1.03902,1.03927,4.35,1.84
2012.07.16 14:10:34.877,1.03905,1.0393,1.50,2.58
2012.07.16 14:10:35.331,1.03905,1.03928,2.25,1.08
2012.07.16 14:10:35.394,1.03906,1.0393,1.50,3.34
2012.07.16 14:10:35.790,1.03905,1.03928,2.67,1.50
2012.07.16 14:10:36.018,1.03908,1.03931,1.50,2.58
2012.07.16 14:10:36.135,1.03906,1.0393,1.17,1.50
2012.07.16 14:10:36.455,1.03905,1.03928,2.25,1.50
2012.07.16 14:10:36.940,1.03906,1.0393,2.67,1.50
2012.07.16 14:10:37.469,1.03906,1.03931,2.67,2.24
2012.07.16 14:10:39.105,1.03906,1.03931,2.52,1.50
2012.07.16 14:10:39.390,1.03908,1.03931,2.10,1.50
2012.07.16 14:10:39.784,1.03913,1.03934,1.50,2.99
2012.07.16 14:10:39.902,1.03911,1.03934,2.10,1.49
2012.07.16 14:10:40.019,1.03908,1.03933,3.00,2.58
2012.07.16 14:10:40.136,1.03908,1.03933,1.92,2.24
2012.07.16 14:10:40.198,1.03908,1.03933,1.92,2.24
2012.07.16 14:10:40.481,1.03906,1.03929,1.17,1.50
2012.07.16 14:10:40.653,1.03906,1.03931,1.92,3.00
2012.07.16 14:10:42.722,1.03906,1.03931,2.67,1.50
2012.07.16 14:10:43.059,1.03906,1.03931,1.50,1.84
2012.07.16 14:10:43.400,1.03911,1.03934,2.25,1.84
2012.07.16 14:10:43.739,1.03908,1.03929,1.17,1.50
2012.07.16 14:10:44.860,1.03908,1.03931,1.17,1.50
2012.07.16 14:10:45.379,1.03908,1.03932,1.17,1.50
2012.07.16 14:10:47.248,1.03908,1.03932,1.17,1.50
2012.07.16 14:10:47.961,1.03908,1.03929,1.17,1.50
2012.07.16 14:10:48.482,1.03906,1.03929,2.67,1.50
2012.07.16 14:10:48.544,1.03906,1.03929,2.67,1.50
2012.07.16 14:10:49.445,1.03906,1.0393,1.17,1.84
2012.07.16 14:10:49.908,1.03906,1.03928,1.17,1.50
2012.07.16 14:10:50.599,1.03906,1.03929,2.67,1.50
2012.07.16 14:10:51.176,1.03906,1.03929,2.67,1.50
2012.07.16 14:10:53.361,1.03906,1.03929,2.25,1.84
2012.07.16 14:10:53.533,1.03903,1.03928,1.50,2.58
2012.07.16 14:10:54.043,1.03902,1.03925,2.25,1.50
2012.07.16 14:10:54.897,1.03903,1.03928,1.50,2.58
2012.07.16 14:10:55.340,1.03904,1.03927,2.25,1.84
2012.07.16 14:10:55.465,1.03906,1.03929,1.77,2.92
2012.07.16 14:10:55.582,1.03909,1.03929,1.50,1.42
2012.07.16 14:10:55.699,1.03907,1.03931,1.50,2.18
2012.07.16 14:10:55.760,1.03907,1.03931,1.50,1.50
2012.07.16 14:10:56.270,1.03907,1.0393,1.50,1.84
2012.07.16 14:10:56.680,1.03906,1.03928,1.35,1.50
2012.07.16 14:10:57.200,1.03904,1.03929,2.25,1.50
2012.07.16 14:10:57.546,1.03901,1.03921,1.50,1.50
2012.07.16 14:10:57.608,1.039,1.03923,2.25,1.50
2012.07.16 14:10:57.670,1.03902,1.03925,1.50,1.50
2012.07.16 14:10:58.234,1.039,1.03923,2.25,1.50
2012.07.16 14:10:58.369,1.03901,1.03926,2.25,1.84
2012.07.16 14:10:58.485,1.03901,1.03926,5.10,1.84
2012.07.16 14:10:58.825,1.03906,1.03926,1.50,1.50
2012.07.16 14:10:59.160,1.03904,1.03925,1.50,1.50
2012.07.16 14:10:59.335,1.03902,1.03925,1.50,2.24
2012.07.16 14:10:59.804,1.03906,1.03927,1.50,2.24
2012.07.16 14:10:59.866,1.03906,1.03928,1.50,1.08
2012.07.16 14:11:00.920,1.03907,1.03928,1.02,2.24
2012.07.16 14:11:00.983,1.03911,1.03934,1.92,2.25
2012.07.16 14:11:01.044,1.03911,1.03934,1.92,2.25
2012.07.16 14:11:01.664,1.03911,1.03933,2.25,1.09
2012.07.16 14:11:02.116,1.03911,1.03934,1.50,1.50
2012.07.16 14:11:02.565,1.03911,1.03931,1.92,2.10
2012.07.16 14:11:02.629,1.03903,1.03927,1.18,2.10
2012.07.16 14:11:02.745,1.03904,1.03924,1.18,1.50
2012.07.16 14:11:02.806,1.03903,1.03924,1.17,1.50
2012.07.16 14:11:03.058,1.03904,1.03921,1.02,1.50
2012.07.16 14:11:03.127,1.03904,1.03927,1.02,2.25
2012.07.16 14:11:03.469,1.03902,1.03927,1.92,2.24
2012.07.16 14:11:04.002,1.03905,1.03928,1.92,2.25
2012.07.16 14:11:04.465,1.03906,1.0393,1.92,1.50
2012.07.16 14:11:04.965,1.03905,1.03929,1.17,2.25
2012.07.16 14:11:05.405,1.03907,1.0393,1.92,1.50
2012.07.16 14:11:05.627,1.03909,1.03932,1.92,2.24
2012.07.16 14:11:06.019,1.03908,1.03931,2.52,2.24
2012.07.16 14:11:06.547,1.03908,1.03931,2.67,1.50
2012.07.16 14:11:10.314,1.03908,1.03929,1.17,1.50
2012.07.16 14:11:10.869,1.03908,1.03929,1.17,1.50
2012.07.16 14:11:11.047,1.03908,1.03932,1.17,1.50
2012.07.16 14:11:11.586,1.03908,1.0393,1.17,1.50
2012.07.16 14:11:11.762,1.03905,1.0393,1.50,1.84
2012.07.16 14:11:11.935,1.03902,1.03925,1.17,1.50
2012.07.16 14:11:12.277,1.03905,1.03928,1.50,1.84
2012.07.16 14:11:12.602,1.03907,1.0393,2.67,2.24
2012.07.16 14:11:12.731,1.03907,1.03931,1.17,1.84
2012.07.16 14:11:13.716,1.03906,1.0393,2.25,1.08
2012.07.16 14:11:13.886,1.03905,1.03929,1.50,1.84
2012.07.16 14:11:14.393,1.03905,1.03928,1.50,1.50
2012.07.16 14:11:14.652,1.03903,1.03925,1.92,1.50
2012.07.16 14:11:14.878,1.03905,1.03928,1.50,3.00
2012.07.16 14:11:15.491,1.03904,1.03929,3.00,1.84
2012.07.16 14:11:15.662,1.03906,1.0393,1.50,1.08
2012.07.16 14:11:16.055,1.03904,1.03929,1.92,1.84
2012.07.16 14:11:17.360,1.03903,1.03926,2.67,1.50
2012.07.16 14:11:18.222,1.03902,1.03922,1.17,1.50
2012.07.16 14:11:18.495,1.03902,1.03925,2.67,1.50
2012.07.16 14:11:18.815,1.03896,1.03919,1.17,1.50
2012.07.16 14:11:18.878,1.03895,1.03919,2.67,1.50
2012.07.16 14:11:18.940,1.03903,1.03923,1.50,1.08
2012.07.16 14:11:19.058,1.03903,1.03924,1.92,1.34
2012.07.16 14:11:19.120,1.03905,1.03924,1.50,1.34
2012.07.16 14:11:19.406,1.03905,1.03928,1.50,2.24
2012.07.16 14:11:20.819,1.03903,1.03927,1.92,2.24
2012.07.16 14:11:21.413,1.03903,1.03927,1.02,2.24
2012.07.16 14:11:21.953,1.03904,1.03929,1.50,2.58
2012.07.16 14:11:22.305,1.03904,1.03929,2.25,2.58
2012.07.16 14:11:22.623,1.03909,1.03932,1.50,2.58
2012.07.16 14:11:22.965,1.03906,1.0393,2.10,1.08
2012.07.16 14:11:23.027,1.03909,1.0393,1.50,1.08
2012.07.16 14:11:23.426,1.03909,1.03931,1.50,1.08
2012.07.16 14:11:23.487,1.03906,1.03931,2.85,2.58
2012.07.16 14:11:24.007,1.03907,1.03931,1.50,2.58
2012.07.16 14:11:24.681,1.03907,1.0393,1.50,2.24
2012.07.16 14:11:25.249,1.03907,1.0393,1.50,2.24
2012.07.16 14:11:25.819,1.03907,1.0393,1.50,2.24
2012.07.16 14:11:25.880,1.03905,1.03929,1.92,1.50
2012.07.16 14:11:26.089,1.03905,1.03929,1.17,1.50
2012.07.16 14:11:26.774,1.03906,1.03931,2.25,2.58
2012.07.16 14:11:27.317,1.03907,1.0393,1.50,2.24
2012.07.16 14:11:27.768,1.03909,1.03934,1.50,2.58
2012.07.16 14:11:28.134,1.03911,1.03934,2.10,1.08
2012.07.16 14:11:28.534,1.03914,1.03934,1.50,1.08
2012.07.16 14:11:28.760,1.03912,1.03934,1.50,1.08
2012.07.16 14:11:29.270,1.03913,1.03934,1.50,1.08
2012.07.16 14:11:29.332,1.03911,1.03934,3.60,1.08
2012.07.16 14:11:30.190,1.03909,1.03934,1.50,2.58
2012.07.16 14:11:31.134,1.03912,1.03934,2.25,1.08
2012.07.16 14:11:31.680,1.03913,1.03934,1.50,1.08
2012.07.16 14:11:31.851,1.03911,1.03934,2.10,1.08
2012.07.16 14:11:34.109,1.03909,1.03932,1.50,1.08
2012.07.16 14:11:34.630,1.03907,1.03932,2.14,4.08
2012.07.16 14:11:35.210,1.03906,1.0393,1.47,1.50
2012.07.16 14:11:37.913,1.03906,1.0393,1.77,1.50
2012.07.16 14:11:38.295,1.0391,1.03933,1.50,2.58
2012.07.16 14:11:38.689,1.0391,1.03933,3.42,2.24
2012.07.16 14:11:39.197,1.03912,1.03935,1.92,1.50
2012.07.16 14:11:39.314,1.03914,1.03937,1.92,2.84
2012.07.16 14:11:39.975,1.03911,1.03936,2.67,1.50
2012.07.16 14:11:41.620,1.03913,1.03938,1.92,2.58
2012.07.16 14:11:42.085,1.03913,1.03938,1.92,2.24
2012.07.16 14:11:42.369,1.03917,1.03942,1.92,2.24
2012.07.16 14:11:42.706,1.03913,1.03938,1.92,1.50
2012.07.16 14:11:43.813,1.03912,1.03935,3.27,1.50
2012.07.16 14:11:44.027,1.03914,1.03937,1.92,1.50
2012.07.16 14:11:44.369,1.03915,1.0394,1.92,2.84
2012.07.16 14:11:44.918,1.03915,1.0394,1.92,2.84
2012.07.16 14:11:46.266,1.03915,1.0394,2.67,2.10
2012.07.16 14:11:46.326,1.03915,1.0394,2.25,2.44
2012.07.16 14:11:46.668,1.03917,1.03939,1.50,1.08
2012.07.16 14:11:47.388,1.03915,1.0394,2.25,2.58
2012.07.16 14:11:47.507,1.03912,1.03935,4.02,1.50
2012.07.16 14:11:47.622,1.03912,1.03933,2.52,1.50
2012.07.16 14:11:47.738,1.03912,1.03935,2.52,1.84
2012.07.16 14:11:48.256,1.03912,1.03936,2.52,1.84
2012.07.16 14:11:48.758,1.03913,1.03937,1.50,1.84
2012.07.16 14:11:48.874,1.03913,1.03938,1.50,1.84
2012.07.16 14:11:49.166,1.03911,1.03933,1.50,1.08
2012.07.16 14:11:51.285,1.03911,1.03933,1.50,1.08
2012.07.16 14:11:51.796,1.03906,1.0393,2.67,1.08
2012.07.16 14:11:52.330,1.03908,1.0393,1.50,1.08
2012.07.16 14:11:53.010,1.03904,1.03928,2.52,1.50
2012.07.16 14:11:53.308,1.03903,1.03925,2.67,1.50
2012.07.16 14:11:53.869,1.03902,1.03926,2.67,1.50
2012.07.16 14:11:54.419,1.03905,1.03927,1.50,1.50
2012.07.16 14:11:54.930,1.03905,1.03927,1.50,2.10
2012.07.16 14:11:54.991,1.03903,1.03923,1.17,1.50
2012.07.16 14:11:55.164,1.03903,1.03926,1.17,2.10
2012.07.16 14:11:55.393,1.03902,1.03923,1.92,1.50
2012.07.16 14:11:55.732,1.03897,1.03919,3.42,1.50
2012.07.16 14:11:55.851,1.039,1.03924,1.92,2.24
2012.07.16 14:11:56.023,1.03901,1.03924,1.17,2.24
2012.07.16 14:11:56.085,1.03904,1.03926,1.92,1.50
2012.07.16 14:11:56.457,1.03905,1.03928,1.50,2.24
2012.07.16 14:11:56.991,1.03903,1.03927,1.92,2.24
2012.07.16 14:11:58.685,1.03908,1.03928,1.50,2.84
2012.07.16 14:11:59.240,1.03908,1.03929,1.50,1.08
2012.07.16 14:11:59.925,1.03908,1.03929,1.50,1.08
2012.07.16 14:12:00.098,1.03909,1.03933,1.50,1.08
2012.07.16 14:12:00.159,1.03911,1.03933,1.50,1.08
2012.07.16 14:12:00.806,1.03908,1.03933,1.50,2.58
2012.07.16 14:12:01.278,1.03911,1.03933,1.50,1.08
2012.07.16 14:12:01.780,1.0391,1.03933,1.50,1.08
2012.07.16 14:12:02.161,1.0391,1.03933,2.25,1.08
2012.07.16 14:12:02.609,1.0392,1.03941,1.50,1.08
2012.07.16 14:12:02.951,1.03918,1.03943,1.92,2.99
2012.07.16 14:12:03.181,1.0392,1.03943,1.92,1.49
2012.07.16 14:12:04.227,1.0392,1.03943,1.92,2.24
2012.07.16 14:12:04.457,1.03919,1.03943,1.50,1.08
2012.07.16 14:12:04.960,1.03917,1.03942,1.92,1.84
2012.07.16 14:12:06.197,1.03916,1.0394,1.17,1.50
2012.07.16 14:12:06.597,1.03915,1.03937,1.17,1.50
2012.07.16 14:12:06.659,1.03914,1.03937,1.92,1.84
2012.07.16 14:12:07.150,1.03916,1.03938,1.50,1.08
2012.07.16 14:12:07.557,1.03916,1.03939,1.92,1.50
2012.07.16 14:12:07.674,1.03917,1.03941,1.92,2.58
2012.07.16 14:12:08.352,1.03919,1.03942,1.50,1.08
2012.07.16 14:12:09.148,1.03918,1.03941,1.92,1.84
2012.07.16 14:12:10.691,1.03918,1.03942,1.92,1.08
2012.07.16 14:12:10.865,1.03919,1.03941,1.17,1.50
2012.07.16 14:12:11.093,1.0392,1.03943,1.92,2.24
2012.07.16 14:12:11.154,1.0392,1.03943,1.92,2.24
2012.07.16 14:12:11.692,1.03922,1.03944,1.50,1.08
2012.07.16 14:12:11.801,1.03919,1.03941,1.92,1.50
2012.07.16 14:12:11.923,1.03917,1.03939,1.17,1.50
2012.07.16 14:12:12.095,1.03916,1.03939,3.00,1.84
2012.07.16 14:12:12.633,1.03916,1.03939,3.00,1.84
2012.07.16 14:12:12.696,1.03918,1.03941,1.92,2.24
2012.07.16 14:12:13.036,1.03913,1.03938,4.17,1.50
2012.07.16 14:12:13.097,1.03913,1.03938,4.17,1.50
2012.07.16 14:12:13.380,1.03914,1.03938,1.17,1.50
2012.07.16 14:12:13.849,1.03917,1.03941,1.17,2.24
2012.07.16 14:12:14.502,1.03917,1.03941,1.17,2.24
2012.07.16 14:12:15.133,1.03919,1.03942,1.50,2.24
2012.07.16 14:12:15.642,1.03917,1.0394,2.67,2.24
2012.07.16 14:12:16.201,1.03915,1.0394,1.92,2.24
2012.07.16 14:12:16.262,1.03914,1.03938,1.92,1.50
2012.07.16 14:12:18.124,1.03916,1.03939,1.92,1.84
2012.07.16 14:12:18.432,1.03914,1.03935,1.17,1.50
2012.07.16 14:12:18.558,1.03914,1.03938,1.17,1.50
2012.07.16 14:12:19.468,1.03913,1.03938,2.67,1.50
2012.07.16 14:12:19.585,1.03917,1.03942,1.92,2.58
2012.07.16 14:12:20.141,1.03917,1.03942,1.92,2.24
2012.07.16 14:12:20.657,1.03917,1.03942,1.92,2.24
2012.07.16 14:12:22.522,1.03917,1.03942,1.92,2.24
2012.07.16 14:12:23.072,1.03916,1.03939,1.92,1.50
2012.07.16 14:12:23.656,1.03917,1.03942,1.92,2.24
2012.07.16 14:12:25.061,1.03917,1.03942,1.92,1.50
2012.07.16 14:12:25.577,1.03917,1.03941,1.50,1.50
2012.07.16 14:12:25.694,1.03916,1.03939,1.50,1.50
2012.07.16 14:12:25.810,1.03917,1.03942,1.50,2.24
2012.07.16 14:12:25.871,1.03917,1.03942,1.50,2.24
2012.07.16 14:12:26.044,1.03914,1.03937,1.50,1.50
2012.07.16 14:12:26.105,1.03914,1.03937,1.92,1.50
2012.07.16 14:12:26.278,1.03915,1.0394,1.92,1.50
2012.07.16 14:12:26.811,1.03917,1.03942,2.25,2.24
2012.07.16 14:12:27.417,1.03917,1.03942,2.25,2.24
2012.07.16 14:12:27.783,1.03922,1.03943,1.50,1.08
2012.07.16 14:12:27.900,1.03919,1.03943,1.50,1.08
2012.07.16 14:12:27.962,1.03919,1.03943,1.50,2.58
2012.07.16 14:12:28.023,1.03917,1.03942,1.50,2.24
2012.07.16 14:12:28.608,1.03917,1.03942,1.50,2.24
2012.07.16 14:12:28.870,1.03919,1.03944,1.50,2.24
2012.07.16 14:12:29.450,1.03918,1.03941,1.50,2.24
2012.07.16 14:12:29.765,1.03913,1.03938,2.67,1.50
2012.07.16 14:12:30.127,1.03913,1.03937,1.50,1.34
2012.07.16 14:12:30.657,1.03913,1.03934,1.50,1.08
2012.07.16 14:12:30.721,1.03911,1.03934,1.50,2.58
2012.07.16 14:12:31.061,1.03908,1.03931,1.50,1.50
2012.07.16 14:12:31.178,1.03908,1.03933,1.50,2.58
2012.07.16 14:12:31.351,1.03907,1.03929,2.25,1.50
2012.07.16 14:12:31.854,1.03905,1.03928,2.25,1.50
2012.07.16 14:12:32.256,1.03906,1.03931,2.25,2.24
2012.07.16 14:12:32.808,1.03906,1.03931,2.25,2.24
2012.07.16 14:12:33.203,1.03908,1.03932,1.50,2.24
2012.07.16 14:12:33.706,1.03909,1.03932,1.50,2.24
2012.07.16 14:12:33.878,1.03907,1.03932,1.92,2.24
2012.07.16 14:12:34.547,1.03909,1.03934,1.50,2.24
2012.07.16 14:12:35.177,1.03909,1.03934,1.50,2.24
2012.07.16 14:12:35.696,1.03908,1.0393,1.50,2.24
2012.07.16 14:12:36.214,1.03908,1.03933,1.50,2.24
2012.07.16 14:12:38.001,1.03908,1.03933,1.50,2.24
2012.07.16 14:12:38.652,1.03908,1.03933,1.50,2.99
2012.07.16 14:12:38.993,1.0391,1.03935,3.00,2.24
2012.07.16 14:12:39.165,1.03912,1.03935,1.50,1.50
2012.07.16 14:12:39.393,1.03914,1.03939,1.92,2.99
2012.07.16 14:12:39.563,1.03914,1.03939,2.67,2.25
2012.07.16 14:12:40.150,1.03916,1.03941,1.50,2.24
2012.07.16 14:12:40.269,1.03914,1.03939,4.17,1.50
2012.07.16 14:12:40.330,1.03916,1.03941,1.50,2.24
2012.07.16 14:12:40.672,1.03916,1.0394,1.50,1.49
2012.07.16 14:12:40.734,1.03916,1.03941,1.50,2.24
2012.07.16 14:12:40.861,1.03914,1.03939,2.67,1.50
2012.07.16 14:12:41.369,1.03916,1.03939,1.50,1.50
2012.07.16 14:12:41.814,1.03916,1.03941,1.50,2.24
2012.07.16 14:12:42.320,1.03917,1.0394,1.50,2.24
2012.07.16 14:12:42.381,1.03914,1.03939,2.25,1.50
2012.07.16 14:12:42.498,1.03913,1.03936,2.25,1.50
2012.07.16 14:12:42.615,1.03914,1.03939,2.25,1.50
2012.07.16 14:12:43.386,1.03917,1.03941,1.50,2.24
2012.07.16 14:12:43.706,1.0392,1.03942,1.50,1.08
2012.07.16 14:12:43.858,1.03918,1.03942,1.50,2.58
2012.07.16 14:12:44.031,1.0392,1.03942,1.50,2.58
2012.07.16 14:12:44.259,1.03918,1.03941,1.50,2.24
2012.07.16 14:12:44.497,1.03915,1.0394,3.00,1.84
2012.07.16 14:12:44.621,1.03915,1.0394,1.50,2.24
2012.07.16 14:12:44.959,1.03918,1.03941,1.50,2.58
2012.07.16 14:12:45.668,1.03918,1.03938,1.50,1.49
2012.07.16 14:12:45.729,1.03916,1.03938,1.50,1.49
2012.07.16 14:12:45.900,1.03914,1.03937,3.00,2.24
2012.07.16 14:12:46.432,1.03915,1.0394,1.50,2.58
2012.07.16 14:12:47.022,1.03914,1.03937,1.50,2.24
2012.07.16 14:12:47.417,1.03916,1.03939,1.50,2.99
2012.07.16 14:12:47.849,1.03916,1.03939,1.50,3.33
2012.07.16 14:12:47.910,1.03912,1.03936,1.50,1.34
2012.07.16 14:12:47.972,1.0391,1.03931,2.25,1.50
2012.07.16 14:12:48.515,1.03906,1.03931,2.25,1.50
2012.07.16 14:12:48.777,1.03908,1.03933,2.25,1.84
2012.07.16 14:12:49.746,1.03909,1.03933,1.35,1.50
2012.07.16 14:12:49.992,1.0391,1.03935,2.25,1.88
2012.07.16 14:12:50.241,1.03909,1.03931,2.85,1.50
2012.07.16 14:12:52.256,1.0391,1.03933,2.25,1.50
2012.07.16 14:12:53.206,1.03912,1.03935,1.50,3.00
2012.07.16 14:12:53.546,1.03912,1.03934,2.10,2.24
2012.07.16 14:12:53.608,1.03912,1.03935,1.50,1.88
2012.07.16 14:12:53.892,1.03909,1.03932,2.72,1.50
2012.07.16 14:12:54.064,1.03909,1.03932,1.95,1.50
2012.07.16 14:12:54.329,1.03906,1.0393,2.25,1.50
2012.07.16 14:12:54.666,1.03906,1.03928,1.50,1.50
2012.07.16 14:12:55.164,1.03912,1.03931,1.50,1.84
2012.07.16 14:12:55.282,1.0391,1.03933,1.50,1.84
2012.07.16 14:12:55.399,1.03913,1.03935,1.50,1.08
2012.07.16 14:12:56.042,1.03915,1.03936,1.50,2.58
2012.07.16 14:12:56.216,1.03912,1.03937,2.25,1.84
2012.07.16 14:12:56.280,1.0391,1.03935,2.25,1.84
2012.07.16 14:12:56.341,1.0391,1.03933,1.50,1.08
2012.07.16 14:12:56.403,1.03908,1.03931,1.50,2.44
2012.07.16 14:12:56.464,1.03908,1.03931,1.50,2.44
2012.07.16 14:12:56.830,1.03905,1.03929,2.25,1.84
2012.07.16 14:12:57.504,1.03901,1.03925,3.00,1.50
2012.07.16 14:12:58.106,1.03901,1.03925,3.00,1.50
2012.07.16 14:12:58.959,1.03903,1.03927,2.25,1.84
2012.07.16 14:12:59.478,1.03902,1.03924,2.25,1.50
2012.07.16 14:13:00.095,1.03903,1.03926,2.25,2.44
2012.07.16 14:13:00.435,1.03907,1.03927,1.50,1.50
2012.07.16 14:13:00.663,1.0391,1.03935,1.50,3.33
2012.07.16 14:13:00.890,1.03908,1.03933,1.50,1.50
2012.07.16 14:13:01.006,1.0391,1.03935,1.50,2.58
2012.07.16 14:13:01.436,1.03913,1.03935,1.50,1.08
2012.07.16 14:13:01.812,1.03911,1.03935,1.50,2.58
2012.07.16 14:13:02.368,1.0391,1.03935,1.50,2.58
2012.07.16 14:13:02.484,1.03912,1.03935,1.50,1.08
2012.07.16 14:13:03.082,1.03911,1.03934,1.50,2.24
2012.07.16 14:13:03.523,1.03914,1.03939,1.50,2.58
2012.07.16 14:13:03.894,1.03913,1.03936,3.00,1.50
2012.07.16 14:13:04.623,1.03914,1.03939,1.88,2.24
2012.07.16 14:13:04.966,1.03918,1.03941,1.50,2.24
2012.07.16 14:13:05.421,1.03918,1.03937,1.50,2.48
2012.07.16 14:13:05.706,1.03918,1.0394,1.50,1.68
2012.07.16 14:13:05.767,1.03915,1.03937,1.92,1.50
2012.07.16 14:13:05.828,1.03915,1.03937,4.02,1.50
2012.07.16 14:13:06.173,1.03918,1.03937,1.02,1.50
2012.07.16 14:13:06.633,1.03921,1.03945,1.17,1.50
2012.07.16 14:13:06.696,1.03921,1.03942,1.17,1.50
2012.07.16 14:13:07.244,1.03923,1.03946,1.02,1.50
2012.07.16 14:13:07.610,1.03923,1.03946,1.77,1.50
2012.07.16 14:13:07.928,1.03921,1.03946,2.25,1.84
2012.07.16 14:13:07.993,1.03919,1.03941,1.93,1.50
2012.07.16 14:13:08.111,1.03919,1.03943,1.52,1.84
2012.07.16 14:13:08.229,1.03916,1.03941,3.27,1.50
2012.07.16 14:13:08.346,1.03916,1.03938,1.77,1.50
2012.07.16 14:13:08.573,1.03916,1.03941,2.67,1.50
2012.07.16 14:13:08.634,1.03919,1.0394,1.17,1.50
2012.07.16 14:13:08.974,1.03922,1.03941,1.17,1.50
2012.07.16 14:13:09.092,1.03923,1.03946,2.67,1.50
2012.07.16 14:13:09.210,1.03924,1.03949,1.92,2.24
2012.07.16 14:13:09.497,1.03922,1.03944,1.92,1.50
2012.07.16 14:13:09.780,1.03923,1.03944,1.17,1.50
2012.07.16 14:13:09.842,1.03923,1.03942,1.17,1.50
2012.07.16 14:13:09.906,1.03919,1.03942,2.67,1.50
2012.07.16 14:13:09.970,1.03919,1.03939,1.17,1.50
2012.07.16 14:13:10.088,1.03917,1.03939,1.17,1.50
2012.07.16 14:13:10.318,1.03919,1.03941,1.02,1.50
2012.07.16 14:13:10.495,1.0392,1.03944,1.50,1.08
2012.07.16 14:13:10.667,1.0392,1.03944,2.25,1.08
2012.07.16 14:13:11.017,1.03922,1.03947,2.67,2.58
2012.07.16 14:13:11.188,1.03922,1.03947,2.67,2.58
2012.07.16 14:13:12.458,1.03922,1.03945,1.17,1.50
2012.07.16 14:13:12.797,1.03922,1.03945,1.17,1.50
2012.07.16 14:13:13.872,1.03922,1.03945,1.17,1.50
2012.07.16 14:13:13.989,1.03922,1.03947,1.92,2.24
2012.07.16 14:13:14.216,1.03923,1.03947,1.17,1.50
2012.07.16 14:13:14.718,1.03925,1.03948,1.92,1.50
2012.07.16 14:13:14.890,1.03923,1.03945,2.67,1.50
2012.07.16 14:13:15.413,1.03923,1.03945,1.17,1.50
2012.07.16 14:13:16.112,1.03923,1.03948,2.67,1.84
2012.07.16 14:13:16.946,1.03923,1.03948,2.67,1.84
2012.07.16 14:13:17.487,1.03923,1.03948,2.67,1.84
2012.07.16 14:13:18.027,1.03924,1.03947,1.92,1.50
2012.07.16 14:13:18.707,1.03925,1.03949,1.17,1.84
2012.07.16 14:13:19.134,1.03924,1.03949,1.92,1.84
2012.07.16 14:13:19.528,1.03924,1.03947,1.92,1.50
2012.07.16 14:13:22.043,1.03925,1.03948,1.50,2.24
2012.07.16 14:13:22.677,1.03922,1.03947,2.67,2.24
2012.07.16 14:13:27.694,1.03924,1.03947,1.92,1.34
2012.07.16 14:13:28.034,1.03924,1.03942,1.50,2.58
2012.07.16 14:13:28.486,1.03916,1.03939,1.02,2.24
2012.07.16 14:13:29.695,1.03916,1.03939,1.02,2.24
2012.07.16 14:13:30.237,1.03916,1.03937,1.02,1.50
2012.07.16 14:13:30.669,1.03917,1.03939,1.17,2.24
2012.07.16 14:13:32.138,1.03917,1.03939,1.17,2.24
2012.07.16 14:13:32.453,1.03913,1.03936,1.92,1.50
2012.07.16 14:13:32.857,1.03913,1.03936,1.92,1.50
2012.07.16 14:13:34.272,1.03914,1.03936,1.17,1.50
2012.07.16 14:13:34.500,1.03917,1.03941,1.17,2.24
2012.07.16 14:13:36.293,1.03917,1.0394,1.92,2.24
2012.07.16 14:13:36.908,1.03919,1.03944,1.50,2.24
2012.07.16 14:13:38.027,1.03919,1.03944,1.50,2.99
2012.07.16 14:13:38.568,1.03917,1.0394,1.92,2.24
2012.07.16 14:13:38.693,1.03919,1.03942,1.92,1.50
2012.07.16 14:13:39.051,1.0392,1.03943,1.50,1.69
2012.07.16 14:13:39.447,1.03914,1.03937,2.14,1.50
2012.07.16 14:13:39.974,1.03916,1.03938,1.17,1.50
2012.07.16 14:13:40.201,1.03918,1.0394,1.50,2.24
2012.07.16 14:13:40.318,1.03916,1.03939,2.67,2.24
2012.07.16 14:13:40.690,1.03916,1.03941,2.67,2.58
2012.07.16 14:13:41.015,1.03916,1.03938,1.17,1.50
2012.07.16 14:13:41.522,1.03917,1.0394,1.92,2.24
2012.07.16 14:13:43.534,1.03917,1.0394,1.50,1.84
2012.07.16 14:13:44.053,1.03917,1.0394,2.25,3.00
2012.07.16 14:13:44.224,1.03917,1.03937,1.17,1.50
2012.07.16 14:13:44.341,1.03917,1.0394,2.67,1.50
2012.07.16 14:13:51.097,1.03917,1.0394,1.50,1.84
2012.07.16 14:13:51.543,1.03914,1.03939,2.52,2.58
2012.07.16 14:13:52.527,1.03916,1.0394,1.50,1.08
2012.07.16 14:13:52.926,1.03914,1.03939,3.87,1.50
2012.07.16 14:13:53.046,1.03917,1.03939,1.17,1.50
2012.07.16 14:13:53.579,1.03917,1.0394,3.42,1.84
2012.07.16 14:13:53.641,1.03919,1.03942,1.50,1.84
2012.07.16 14:13:54.723,1.03917,1.0394,2.67,1.84
2012.07.16 14:13:55.329,1.03918,1.03943,2.25,2.58
2012.07.16 14:13:55.445,1.03922,1.03944,1.50,1.08
2012.07.16 14:13:55.506,1.03922,1.03945,1.50,2.58
2012.07.16 14:13:56.044,1.03922,1.03945,1.50,1.50
2012.07.16 14:13:58.063,1.03922,1.03945,1.50,1.84
2012.07.16 14:13:58.180,1.03917,1.03942,2.25,1.84
2012.07.16 14:13:58.353,1.03917,1.03942,2.25,1.84
2012.07.16 14:13:58.414,1.03916,1.0394,1.17,1.50
2012.07.16 14:13:59.851,1.03916,1.0394,1.92,1.50
2012.07.16 14:14:00.057,1.03917,1.03942,2.25,1.84
2012.07.16 14:14:01.700,1.03917,1.03939,1.50,1.50
2012.07.16 14:14:02.210,1.03915,1.03939,2.25,1.84
2012.07.16 14:14:02.748,1.03914,1.03937,1.50,1.84
2012.07.16 14:14:03.249,1.03912,1.03937,3.42,1.84
2012.07.16 14:14:03.690,1.03915,1.03938,2.25,2.58
2012.07.16 14:14:04.204,1.03917,1.03939,1.50,1.08
2012.07.16 14:14:05.329,1.03914,1.03939,2.25,2.58
2012.07.16 14:14:06.227,1.03913,1.03936,2.25,1.50
2012.07.16 14:14:06.621,1.03916,1.03937,1.35,1.84
2012.07.16 14:14:06.683,1.03917,1.03937,1.35,1.50
2012.07.16 14:14:07.346,1.03919,1.03942,1.50,1.84
2012.07.16 14:14:07.410,1.03917,1.03941,1.50,1.50
2012.07.16 14:14:07.583,1.03916,1.03938,1.17,1.50
2012.07.16 14:14:07.646,1.03915,1.03938,1.50,3.34
2012.07.16 14:14:07.784,1.03913,1.03936,2.25,1.50
2012.07.16 14:14:08.266,1.03912,1.03934,1.50,1.50
2012.07.16 14:14:08.793,1.03911,1.03935,1.02,1.50
2012.07.16 14:14:08.853,1.03911,1.03935,1.02,1.50
2012.07.16 14:14:08.971,1.03911,1.03932,1.02,1.50
2012.07.16 14:14:09.476,1.0391,1.03935,1.92,2.24
2012.07.16 14:14:09.980,1.03913,1.03934,1.50,1.84
2012.07.16 14:14:10.041,1.03915,1.03935,1.50,1.08
2012.07.16 14:14:10.161,1.03915,1.03938,1.50,3.34
2012.07.16 14:14:10.504,1.03915,1.03938,1.92,3.00
2012.07.16 14:14:10.621,1.03915,1.03938,1.50,2.59
2012.07.16 14:14:11.149,1.03913,1.03938,1.92,2.59
2012.07.16 14:14:11.733,1.03913,1.03938,1.92,2.24
2012.07.16 14:14:11.945,1.03917,1.03939,2.25,1.08
2012.07.16 14:14:12.367,1.03915,1.03936,1.17,1.50
2012.07.16 14:14:12.432,1.03915,1.03939,1.17,4.08
2012.07.16 14:14:12.791,1.03914,1.03939,1.50,2.58
2012.07.16 14:14:12.859,1.03916,1.03939,1.92,1.50
2012.07.16 14:14:13.089,1.03918,1.03943,1.92,2.58
2012.07.16 14:14:13.372,1.03916,1.0394,3.42,1.50
2012.07.16 14:14:13.712,1.03915,1.03938,2.25,2.44
2012.07.16 14:14:13.774,1.03915,1.03938,1.50,3.94
2012.07.16 14:14:14.349,1.03913,1.03937,1.17,1.50
2012.07.16 14:14:15.563,1.03914,1.03937,1.17,1.50
2012.07.16 14:14:15.913,1.03915,1.03938,1.50,1.84
2012.07.16 14:14:16.368,1.03914,1.03939,2.67,1.84
2012.07.16 14:14:17.143,1.03914,1.03939,1.92,2.58
2012.07.16 14:14:17.259,1.03914,1.03939,2.67,2.58
2012.07.16 14:14:17.684,1.03914,1.03939,1.92,2.58
2012.07.16 14:14:18.202,1.03912,1.03937,2.67,1.50
2012.07.16 14:14:19.406,1.03914,1.03937,1.17,1.50
2012.07.16 14:14:19.522,1.03912,1.03937,3.42,1.50
2012.07.16 14:14:19.622,1.03914,1.03937,1.17,1.50
2012.07.16 14:14:19.905,1.03913,1.03937,1.17,1.50
2012.07.16 14:14:20.024,1.03917,1.03939,1.50,1.08
2012.07.16 14:14:20.140,1.03914,1.03939,1.50,2.58
2012.07.16 14:14:20.654,1.03912,1.03937,3.43,1.50
2012.07.16 14:14:20.829,1.03915,1.03938,1.50,1.84
2012.07.16 14:14:22.075,1.03915,1.03938,1.50,1.84
2012.07.16 14:14:22.556,1.03917,1.03939,1.50,1.08
2012.07.16 14:14:23.090,1.03914,1.03939,1.50,1.84
2012.07.16 14:14:23.535,1.03912,1.03937,3.42,1.50
2012.07.16 14:14:24.307,1.03912,1.03937,2.67,1.50
2012.07.16 14:14:25.044,1.03912,1.03937,2.67,1.50
2012.07.16 14:14:25.779,1.03912,1.03936,1.92,1.50
2012.07.16 14:14:26.171,1.03914,1.03938,1.50,1.08
2012.07.16 14:14:26.693,1.03913,1.03936,3.00,1.50
2012.07.16 14:14:30.380,1.03913,1.03936,1.50,2.44
2012.07.16 14:14:30.720,1.03912,1.03933,1.50,1.84
2012.07.16 14:14:30.984,1.03909,1.03932,1.92,1.84
2012.07.16 14:14:31.542,1.0391,1.03933,1.50,1.08
2012.07.16 14:14:31.846,1.03912,1.03933,1.50,1.08
2012.07.16 14:14:31.962,1.0391,1.03933,1.50,1.08
2012.07.16 14:14:32.189,1.03912,1.03933,1.50,1.08
2012.07.16 14:14:32.644,1.03915,1.03933,1.50,1.08
2012.07.16 14:14:32.952,1.03912,1.03933,1.50,1.08
2012.07.16 14:14:33.120,1.03912,1.03936,1.92,1.08
2012.07.16 14:14:33.457,1.03915,1.03938,1.50,3.94
2012.07.16 14:14:35.040,1.03913,1.03936,1.92,1.84
2012.07.16 14:14:35.541,1.03915,1.03938,1.50,3.34
2012.07.16 14:14:36.347,1.03914,1.03939,1.92,4.08
2012.07.16 14:14:37.316,1.03914,1.03939,1.50,2.58
2012.07.16 14:14:37.542,1.03911,1.03934,2.25,1.84
2012.07.16 14:14:37.872,1.03911,1.03933,1.50,1.08
2012.07.16 14:14:37.989,1.03908,1.03928,1.50,1.08
2012.07.16 14:14:38.329,1.0391,1.03933,1.50,1.08
2012.07.16 14:14:38.843,1.03914,1.03933,1.50,1.08
2012.07.16 14:14:39.493,1.03912,1.03933,1.50,1.08
2012.07.16 14:14:40.067,1.03912,1.03933,1.50,1.08
2012.07.16 14:14:40.183,1.03909,1.03933,1.92,1.08
2012.07.16 14:14:40.743,1.03909,1.03933,1.92,1.08
2012.07.16 14:14:41.304,1.03909,1.03933,1.92,1.08
2012.07.16 14:14:41.904,1.03914,1.03936,1.92,1.08
2012.07.16 14:14:42.242,1.03916,1.03936,1.50,1.08
2012.07.16 14:14:43.019,1.03916,1.03937,1.50,1.08
2012.07.16 14:14:43.542,1.03916,1.03937,1.50,1.08
2012.07.16 14:14:45.243,1.03916,1.03939,1.50,2.58
2012.07.16 14:14:45.416,1.03918,1.03938,1.50,1.84
2012.07.16 14:14:45.975,1.03917,1.0394,1.50,1.84
2012.07.16 14:14:47.183,1.03915,1.03938,1.50,1.84
2012.07.16 14:14:48.081,1.03915,1.03938,2.25,1.84
2012.07.16 14:14:48.630,1.03917,1.0394,1.50,1.84
2012.07.16 14:14:50.054,1.03915,1.03938,1.50,1.84
2012.07.16 14:14:50.366,1.03913,1.03936,2.67,1.50
2012.07.16 14:14:50.594,1.03915,1.03938,1.50,3.34
2012.07.16 14:14:51.388,1.03913,1.03936,4.17,1.50
2012.07.16 14:14:53.722,1.03913,1.03936,1.92,2.24
2012.07.16 14:14:54.651,1.03916,1.03937,1.50,1.08
2012.07.16 14:14:54.938,1.03913,1.03937,1.92,1.08
2012.07.16 14:14:55.000,1.03917,1.03937,1.50,1.08
2012.07.16 14:14:55.283,1.03915,1.03937,1.50,1.08
2012.07.16 14:14:55.440,1.03917,1.03937,1.50,1.08
2012.07.16 14:14:56.247,1.03917,1.03937,1.50,1.08
2012.07.16 14:14:56.751,1.03916,1.03937,1.50,1.08
2012.07.16 14:14:56.881,1.03914,1.03937,2.25,2.58
2012.07.16 14:14:57.187,1.03916,1.03937,1.50,1.08
2012.07.16 14:14:57.722,1.03913,1.03937,2.67,1.08
2012.07.16 14:14:57.959,1.03915,1.03937,1.50,1.08
2012.07.16 14:14:59.019,1.03915,1.03937,1.50,1.08
2012.07.16 14:14:59.244,1.03913,1.03937,1.92,1.08
2012.07.16 14:14:59.524,1.03912,1.03935,4.17,1.50
2012.07.16 14:14:59.584,1.03914,1.03937,1.50,4.08
2012.07.16 14:15:00.248,1.03914,1.03937,1.50,2.58
2012.07.16 14:15:00.592,1.03912,1.03932,2.67,1.50
2012.07.16 14:15:00.654,1.03912,1.03932,1.17,1.50
2012.07.16 14:15:00.998,1.03909,1.03931,2.25,1.08
2012.07.16 14:15:01.170,1.03908,1.0393,1.50,1.84
2012.07.16 14:15:01.523,1.03907,1.0393,2.25,1.84
2012.07.16 14:15:01.639,1.03907,1.0393,2.25,1.84
2012.07.16 14:15:03.208,1.03909,1.03932,1.50,2.58
2012.07.16 14:15:03.550,1.03917,1.03938,1.50,1.08
2012.07.16 14:15:04.137,1.03915,1.03938,1.50,2.58
2012.07.16 14:15:04.698,1.03913,1.03936,1.92,1.50
2012.07.16 14:15:05.690,1.03914,1.03938,1.92,1.08
2012.07.16 14:15:06.095,1.03916,1.03937,1.50,1.08
2012.07.16 14:15:06.327,1.03914,1.03937,1.92,2.58
2012.07.16 14:15:06.388,1.03914,1.03937,1.50,2.58
2012.07.16 14:15:06.450,1.03911,1.03936,3.00,2.22
2012.07.16 14:15:06.930,1.03916,1.03936,1.17,2.24
2012.07.16 14:15:07.105,1.03921,1.0394,1.50,1.08
2012.07.16 14:15:07.279,1.03918,1.03939,1.50,1.08
2012.07.16 14:15:07.342,1.03913,1.03936,2.67,1.50
2012.07.16 14:15:07.458,1.03915,1.03936,1.17,1.50
2012.07.16 14:15:07.863,1.03913,1.03936,1.92,1.50
2012.07.16 14:15:08.433,1.03915,1.03939,2.67,1.08
2012.07.16 14:15:10.438,1.03914,1.03939,1.92,3.18
2012.07.16 14:15:11.662,1.03915,1.03939,1.17,2.44
2012.07.16 14:15:11.833,1.03914,1.03939,1.92,3.18
2012.07.16 14:15:12.369,1.03915,1.03938,1.50,2.44
2012.07.16 14:15:12.957,1.03913,1.03936,4.17,1.88
2012.07.16 14:15:13.595,1.03913,1.03935,1.17,1.50
2012.07.16 14:15:13.937,1.0391,1.03934,1.17,1.84
2012.07.16 14:15:14.347,1.03909,1.03932,1.92,1.08
2012.07.16 14:15:14.575,1.03909,1.03932,1.50,1.08
2012.07.16 14:15:14.921,1.03907,1.03931,1.50,1.84
2012.07.16 14:15:15.464,1.03906,1.03931,2.67,1.84
2012.07.16 14:15:16.355,1.03906,1.03931,2.67,2.58
2012.07.16 14:15:17.542,1.03906,1.03928,1.17,1.50
2012.07.16 14:15:18.419,1.03906,1.0393,2.67,1.84
2012.07.16 14:15:22.650,1.03906,1.03931,2.67,1.84
2012.07.16 14:15:23.544,1.03906,1.03928,1.17,1.50
2012.07.16 14:15:25.371,1.03905,1.03928,1.92,1.50
2012.07.16 14:15:25.544,1.03908,1.03933,2.67,2.24
2012.07.16 14:15:26.055,1.03911,1.03935,1.92,2.24
2012.07.16 14:15:27.020,1.03909,1.03934,1.92,4.08
2012.07.16 14:15:27.415,1.03908,1.03931,1.92,1.50
2012.07.16 14:15:27.966,1.03908,1.0393,1.17,1.50
2012.07.16 14:15:30.109,1.03907,1.03932,3.27,1.50
2012.07.16 14:15:30.455,1.03911,1.03934,1.92,2.24
2012.07.16 14:15:31.274,1.03911,1.03934,1.92,2.24
2012.07.16 14:15:31.796,1.03911,1.03934,1.92,2.24
2012.07.16 14:15:32.386,1.03911,1.03934,1.92,2.24
2012.07.16 14:15:32.740,1.03911,1.03934,1.50,3.33
2012.07.16 14:15:33.078,1.03908,1.03931,3.27,1.50
2012.07.16 14:15:33.580,1.0391,1.03933,1.92,2.24
2012.07.16 14:15:33.805,1.0391,1.03933,1.92,2.24
2012.07.16 14:15:34.143,1.03916,1.03936,1.50,1.08
2012.07.16 14:15:34.204,1.03913,1.03936,1.92,1.08
2012.07.16 14:15:34.265,1.03913,1.03938,2.67,1.88
2012.07.16 14:15:34.551,1.03913,1.03936,1.17,1.50
2012.07.16 14:15:35.057,1.03914,1.03937,1.92,1.84
2012.07.16 14:15:35.229,1.03914,1.03937,1.92,1.50
2012.07.16 14:15:35.428,1.03917,1.0394,1.92,2.24
2012.07.16 14:15:36.035,1.03913,1.03938,2.67,1.50
2012.07.16 14:15:36.373,1.03913,1.03938,1.92,1.50
2012.07.16 14:15:36.435,1.03915,1.0394,1.92,2.24
2012.07.16 14:15:36.555,1.03916,1.0394,1.02,2.24
2012.07.16 14:15:36.892,1.03916,1.0394,1.02,2.24
2012.07.16 14:15:37.409,1.03916,1.0394,1.02,2.24
2012.07.16 14:15:37.516,1.03916,1.0394,1.02,2.24
2012.07.16 14:15:38.075,1.03916,1.0394,1.02,2.24
2012.07.16 14:15:38.597,1.03914,1.03939,2.14,2.24
2012.07.16 14:15:39.152,1.03917,1.0394,1.92,2.24
2012.07.16 14:15:39.547,1.03915,1.03938,2.52,1.50
2012.07.16 14:15:39.608,1.03915,1.03938,2.52,1.50
2012.07.16 14:15:39.751,1.03917,1.0394,1.92,2.24
2012.07.16 14:15:39.813,1.03917,1.03938,1.92,1.50
2012.07.16 14:15:40.096,1.0392,1.03943,1.50,2.58
2012.07.16 14:15:40.159,1.03917,1.0394,1.92,2.24
2012.07.16 14:15:40.219,1.03917,1.0394,1.92,2.24
2012.07.16 14:15:40.336,1.03917,1.0394,1.92,2.24
2012.07.16 14:15:40.849,1.03917,1.0394,1.92,2.24
2012.07.16 14:15:41.020,1.03915,1.03939,1.02,2.24
2012.07.16 14:15:41.469,1.0392,1.03943,1.92,2.24
2012.07.16 14:15:41.986,1.03918,1.03941,1.92,2.24
2012.07.16 14:15:42.489,1.03918,1.0394,1.92,2.24
2012.07.16 14:15:42.991,1.03918,1.03941,3.42,2.24
2012.07.16 14:15:44.615,1.03917,1.03942,1.92,1.50
2012.07.16 14:15:45.173,1.0392,1.03943,1.50,2.24
2012.07.16 14:15:45.627,1.03922,1.03942,2.25,1.50
2012.07.16 14:15:46.084,1.03924,1.03946,1.50,2.24
2012.07.16 14:15:46.201,1.03924,1.03947,2.10,2.24
2012.07.16 14:15:46.540,1.03922,1.03945,3.00,1.50
2012.07.16 14:15:47.316,1.0392,1.03942,1.17,1.50
2012.07.16 14:15:47.825,1.03918,1.03941,1.17,1.50
2012.07.16 14:15:48.332,1.03918,1.03941,2.67,1.50
2012.07.16 14:15:48.393,1.03921,1.03944,1.50,1.50
2012.07.16 14:15:48.621,1.03923,1.03946,1.50,1.50
2012.07.16 14:15:49.025,1.03921,1.03945,1.50,1.50
2012.07.16 14:15:49.398,1.03925,1.03946,1.50,2.24
2012.07.16 14:15:49.735,1.03928,1.03949,1.50,1.49
2012.07.16 14:15:50.021,1.03926,1.03948,1.50,2.24
2012.07.16 14:15:50.546,1.03925,1.03948,1.50,2.24
2012.07.16 14:15:51.005,1.03923,1.03946,3.42,1.50
2012.07.16 14:15:51.537,1.03924,1.03948,1.50,1.08
2012.07.16 14:15:52.069,1.03924,1.03948,1.50,1.08
2012.07.16 14:15:52.535,1.0392,1.03945,2.85,1.50
2012.07.16 14:15:52.651,1.03918,1.03942,2.91,1.50
2012.07.16 14:15:53.005,1.03917,1.03942,2.25,2.24
2012.07.16 14:15:54.089,1.03917,1.03942,4.35,1.50
2012.07.16 14:15:54.428,1.03917,1.03939,1.50,1.50
2012.07.16 14:15:54.981,1.03917,1.03941,2.25,2.10
2012.07.16 14:15:55.208,1.03917,1.03942,2.85,1.50
2012.07.16 14:15:55.532,1.0392,1.03942,1.50,1.50
2012.07.16 14:15:55.960,1.03917,1.03942,2.25,3.00
2012.07.16 14:15:56.189,1.0392,1.03943,1.50,3.18
2012.07.16 14:15:56.451,1.03918,1.03942,2.10,2.24
2012.07.16 14:15:56.732,1.0392,1.03943,1.50,4.34
2012.07.16 14:15:57.071,1.03924,1.03946,1.50,2.10
2012.07.16 14:15:57.371,1.03922,1.03945,1.50,2.10
2012.07.16 14:15:57.846,1.03922,1.03945,1.92,2.10
2012.07.16 14:15:57.907,1.03922,1.03945,1.92,2.10
2012.07.16 14:16:00.225,1.03922,1.03945,1.50,1.50
2012.07.16 14:16:00.396,1.03924,1.03947,1.50,2.84
2012.07.16 14:16:00.622,1.03921,1.03946,3.42,1.50
2012.07.16 14:16:01.516,1.03923,1.03947,1.50,1.34
2012.07.16 14:16:01.743,1.0392,1.03945,1.50,1.84
2012.07.16 14:16:01.860,1.0392,1.03944,1.50,1.08
2012.07.16 14:16:02.363,1.03917,1.03939,1.02,1.50
2012.07.16 14:16:02.479,1.03917,1.03942,2.52,2.24
2012.07.16 14:16:03.047,1.03917,1.03942,2.52,2.24
2012.07.16 14:16:03.443,1.0392,1.03943,1.50,2.99
2012.07.16 14:16:04.016,1.03919,1.03941,1.02,2.24
2012.07.16 14:16:04.519,1.03923,1.03948,1.50,2.99
2012.07.16 14:16:05.346,1.03923,1.03948,1.50,3.33
2012.07.16 14:16:06.722,1.03921,1.03946,1.50,1.50
2012.07.16 14:16:07.107,1.03924,1.03947,1.50,3.74
2012.07.16 14:16:07.712,1.03924,1.03947,1.50,2.24
2012.07.16 14:16:07.827,1.03922,1.03945,1.50,1.50
2012.07.16 14:16:07.944,1.03923,1.03948,1.50,2.58
2012.07.16 14:16:08.061,1.03926,1.03948,1.50,1.08
2012.07.16 14:16:08.200,1.03924,1.03947,3.00,2.24
2012.07.16 14:16:08.483,1.03923,1.03946,1.50,1.84
2012.07.16 14:16:08.600,1.03919,1.03942,2.25,1.50
2012.07.16 14:16:08.661,1.03923,1.03944,1.50,1.50
2012.07.16 14:16:08.723,1.03923,1.03946,1.50,1.50
2012.07.16 14:16:08.785,1.03926,1.03948,1.50,1.08
2012.07.16 14:16:09.388,1.03924,1.03948,1.50,1.08
2012.07.16 14:16:09.449,1.03922,1.03947,3.00,2.24
2012.07.16 14:16:09.955,1.03922,1.03947,1.50,2.24
2012.07.16 14:16:10.018,1.03924,1.03948,1.50,2.24
2012.07.16 14:16:10.208,1.03922,1.03947,1.50,2.24
2012.07.16 14:16:10.380,1.03925,1.03946,1.50,1.34
2012.07.16 14:16:10.777,1.0392,1.03945,1.50,1.50
2012.07.16 14:16:10.949,1.0392,1.03945,1.92,1.84
2012.07.16 14:16:11.563,1.03918,1.03943,1.92,2.24
2012.07.16 14:16:11.900,1.03921,1.03944,1.92,2.24
2012.07.16 14:16:12.191,1.03925,1.03948,1.92,2.24
2012.07.16 14:16:13.457,1.03922,1.03947,3.42,1.50
2012.07.16 14:16:14.836,1.03921,1.03942,2.67,1.50
2012.07.16 14:16:15.197,1.03919,1.0394,1.17,1.50
2012.07.16 14:16:15.264,1.03917,1.03939,1.17,1.50
2012.07.16 14:16:18.490,1.03917,1.0394,3.42,1.50
2012.07.16 14:16:19.665,1.03919,1.0394,1.17,1.50
2012.07.16 14:16:19.891,1.03918,1.03943,1.92,2.58
2012.07.16 14:16:20.217,1.03919,1.03943,1.17,1.84
2012.07.16 14:16:20.279,1.03921,1.03943,1.17,1.50
2012.07.16 14:16:20.783,1.03921,1.03944,2.67,1.50
2012.07.16 14:16:22.580,1.03921,1.03944,1.50,1.84
2012.07.16 14:16:23.027,1.03917,1.0394,2.67,1.50
2012.07.16 14:16:23.573,1.03917,1.03939,1.17,1.50
2012.07.16 14:16:28.311,1.03919,1.03942,1.50,1.84
2012.07.16 14:16:28.427,1.03917,1.03941,1.17,1.84
2012.07.16 14:16:29.073,1.03918,1.03943,1.50,2.58
2012.07.16 14:16:29.871,1.03918,1.03943,2.25,2.58
2012.07.16 14:16:30.691,1.03918,1.03943,1.50,2.58
2012.07.16 14:16:30.756,1.03918,1.03943,2.25,2.58
2012.07.16 14:16:31.636,1.03918,1.03943,1.50,1.84
2012.07.16 14:16:31.697,1.0392,1.03944,1.50,1.08
2012.07.16 14:16:32.527,1.0392,1.03944,1.50,1.08
2012.07.16 14:16:32.887,1.0392,1.03945,1.92,2.58
2012.07.16 14:16:33.676,1.03922,1.03945,1.92,2.58
2012.07.16 14:16:34.357,1.03919,1.03944,1.92,1.50
2012.07.16 14:16:36.394,1.03922,1.03945,2.67,1.84
2012.07.16 14:16:36.908,1.03925,1.03948,1.50,1.84
2012.07.16 14:16:37.248,1.03922,1.03947,3.00,1.84
2012.07.16 14:16:37.683,1.03922,1.03947,3.00,1.84
2012.07.16 14:16:37.747,1.03925,1.03947,1.17,1.50
2012.07.16 14:16:37.865,1.03922,1.03947,3.00,1.84
2012.07.16 14:16:37.927,1.03922,1.03947,2.25,1.84
2012.07.16 14:16:38.153,1.03921,1.03942,3.00,1.50
2012.07.16 14:16:38.749,1.03921,1.03943,1.50,1.84
2012.07.16 14:16:38.980,1.03919,1.03943,1.17,1.84
2012.07.16 14:16:39.042,1.03918,1.03943,2.25,1.84
2012.07.16 14:16:39.105,1.03918,1.03943,2.67,1.50
2012.07.16 14:16:39.278,1.03918,1.03941,1.17,1.50
2012.07.16 14:16:39.397,1.03921,1.03945,1.17,2.24
2012.07.16 14:16:39.625,1.03921,1.03942,1.17,1.50
2012.07.16 14:16:39.686,1.03921,1.03944,2.67,1.50
2012.07.16 14:16:40.142,1.03925,1.03946,1.50,1.08
2012.07.16 14:16:40.259,1.03922,1.03946,1.92,1.08
2012.07.16 14:16:40.653,1.03922,1.03947,3.42,2.24
2012.07.16 14:16:40.771,1.03922,1.03946,3.42,1.83
2012.07.16 14:16:40.832,1.03924,1.03946,1.50,1.08
2012.07.16 14:16:41.007,1.0392,1.03945,1.50,1.84
2012.07.16 14:16:41.289,1.03924,1.03945,1.50,1.08
2012.07.16 14:16:41.405,1.03924,1.03946,1.50,1.84
2012.07.16 14:16:41.578,1.03922,1.03946,2.67,1.84
2012.07.16 14:16:41.640,1.03921,1.03941,1.17,1.50
2012.07.16 14:16:41.703,1.03922,1.03943,1.50,1.50
2012.07.16 14:16:41.931,1.0392,1.03945,1.92,2.24
2012.07.16 14:16:42.869,1.03923,1.03946,1.50,2.58
2012.07.16 14:16:43.630,1.03923,1.03946,1.50,2.58
2012.07.16 14:16:44.137,1.03922,1.03944,1.17,1.50
2012.07.16 14:16:44.717,1.03922,1.03943,1.17,1.50
2012.07.16 14:16:45.045,1.03922,1.03941,1.17,1.50
2012.07.16 14:16:45.161,1.03922,1.03943,1.17,3.00
2012.07.16 14:16:46.228,1.03921,1.03946,1.92,2.58
2012.07.16 14:16:46.928,1.03921,1.03946,1.92,2.58
2012.07.16 14:16:47.214,1.03918,1.03942,1.17,1.50
2012.07.16 14:16:48.533,1.03919,1.03944,1.92,3.00
2012.07.16 14:16:49.038,1.03922,1.03945,1.92,1.84
2012.07.16 14:16:49.431,1.0392,1.03943,1.92,1.50
2012.07.16 14:16:50.303,1.03922,1.03945,1.92,2.58
2012.07.16 14:16:51.047,1.03919,1.03944,2.67,1.50
2012.07.16 14:16:53.817,1.0392,1.03943,1.17,1.50
2012.07.16 14:16:54.672,1.03922,1.03942,1.17,1.50
2012.07.16 14:16:55.876,1.0392,1.03944,1.17,1.50
2012.07.16 14:16:57.016,1.0392,1.03943,1.17,1.50
2012.07.16 14:16:57.777,1.0392,1.03942,1.17,1.50
2012.07.16 14:17:00.378,1.0392,1.03943,2.67,1.50
2012.07.16 14:17:01.832,1.03922,1.03945,1.92,1.84
2012.07.16 14:17:02.172,1.03919,1.03942,2.67,1.50
2012.07.16 14:17:02.621,1.03918,1.03938,1.50,1.50
2012.07.16 14:17:02.963,1.03918,1.03941,1.50,1.84
2012.07.16 14:17:03.583,1.03917,1.03941,1.17,1.84
2012.07.16 14:17:03.699,1.03917,1.03938,1.17,1.50
2012.07.16 14:17:04.223,1.03917,1.03941,1.17,1.84
2012.07.16 14:17:05.224,1.03918,1.03941,1.50,1.84
2012.07.16 14:17:05.340,1.03917,1.03938,1.17,1.50
2012.07.16 14:17:06.213,1.03917,1.03938,1.17,1.50
2012.07.16 14:17:06.870,1.03917,1.0394,2.67,1.50
2012.07.16 14:17:07.059,1.03917,1.0394,3.42,1.50
2012.07.16 14:17:07.875,1.03917,1.0394,3.42,3.00
2012.07.16 14:17:07.936,1.03917,1.03936,1.50,1.50
2012.07.16 14:17:08.386,1.03915,1.03938,1.92,1.50
2012.07.16 14:17:08.622,1.03916,1.0394,1.92,1.84
2012.07.16 14:17:09.362,1.03914,1.03939,2.67,1.50
2012.07.16 14:17:10.766,1.03916,1.03939,1.17,1.50
2012.07.16 14:17:10.882,1.03914,1.03939,2.67,1.84
2012.07.16 14:17:11.221,1.03913,1.03933,1.17,1.50
2012.07.16 14:17:11.573,1.03914,1.03934,1.17,1.50
2012.07.16 14:17:11.634,1.03914,1.03936,1.92,2.22
2012.07.16 14:17:12.394,1.03916,1.03938,1.17,1.50
2012.07.16 14:17:12.720,1.03917,1.0394,2.67,1.50
2012.07.16 14:17:12.948,1.03917,1.0394,2.67,1.50
2012.07.16 14:17:13.120,1.03918,1.03941,1.50,1.08
2012.07.16 14:17:13.624,1.03917,1.0394,1.92,1.50
2012.07.16 14:17:14.063,1.03915,1.03938,1.92,1.50
2012.07.16 14:17:14.179,1.03917,1.0394,1.92,3.00
2012.07.16 14:17:14.687,1.03916,1.03939,1.17,1.50
2012.07.16 14:17:15.431,1.03917,1.0394,1.92,2.24
2012.07.16 14:17:17.054,1.03919,1.03942,1.92,3.74
2012.07.16 14:17:17.114,1.03919,1.03942,1.92,3.00
2012.07.16 14:17:17.175,1.03919,1.03942,1.50,1.84
2012.07.16 14:17:17.292,1.03921,1.03944,1.50,3.34
2012.07.16 14:17:17.352,1.03919,1.03942,2.25,1.84
2012.07.16 14:17:17.699,1.03917,1.03939,1.17,1.50
2012.07.16 14:17:18.025,1.03916,1.03937,1.17,1.50
2012.07.16 14:17:18.588,1.03916,1.03939,1.17,2.24
2012.07.16 14:17:19.172,1.03917,1.0394,1.92,2.24
2012.07.16 14:17:19.707,1.03917,1.0394,1.92,2.24
2012.07.16 14:17:20.055,1.03915,1.03936,1.17,1.50
2012.07.16 14:17:20.397,1.03911,1.03932,1.92,1.50
2012.07.16 14:17:20.570,1.03909,1.03932,2.67,1.84
2012.07.16 14:17:20.951,1.03911,1.03935,1.17,4.08
2012.07.16 14:17:22.073,1.0391,1.03934,2.25,1.08
2012.07.16 14:17:22.190,1.03911,1.03934,1.17,1.08
2012.07.16 14:17:22.418,1.03911,1.03932,1.17,1.50
2012.07.16 14:17:22.644,1.03911,1.03934,2.67,1.84
2012.07.16 14:17:25.684,1.03913,1.03936,1.50,1.84
2012.07.16 14:17:25.802,1.03913,1.03936,1.50,1.84
2012.07.16 14:17:26.144,1.03916,1.03936,1.17,1.50
2012.07.16 14:17:26.317,1.03916,1.03938,1.17,1.50
2012.07.16 14:17:26.658,1.03913,1.03933,1.17,1.50
2012.07.16 14:17:27.136,1.03911,1.03933,1.17,1.50
2012.07.16 14:17:28.467,1.03911,1.03935,1.17,3.72
2012.07.16 14:17:29.077,1.03912,1.03933,1.17,1.50
2012.07.16 14:17:29.783,1.03911,1.03934,3.42,1.50
2012.07.16 14:17:32.062,1.03911,1.03934,2.67,1.50
2012.07.16 14:17:32.179,1.03911,1.03932,1.17,1.50
2012.07.16 14:17:32.626,1.03911,1.0393,1.17,1.50
2012.07.16 14:17:33.639,1.03911,1.0393,1.50,1.50
2012.07.16 14:17:35.219,1.03908,1.03929,1.17,1.50
2012.07.16 14:17:35.944,1.03911,1.03929,1.17,1.50
2012.07.16 14:17:36.204,1.03911,1.03934,2.67,2.58
2012.07.16 14:17:36.706,1.03911,1.03932,1.17,2.24
2012.07.16 14:17:37.253,1.03911,1.03934,2.67,2.58
2012.07.16 14:17:37.785,1.03911,1.03934,2.67,2.58
2012.07.16 14:17:37.958,1.03913,1.03934,2.25,1.08
2012.07.16 14:17:38.243,1.03913,1.03936,1.92,3.74
2012.07.16 14:17:38.386,1.03913,1.03936,1.92,1.50
2012.07.16 14:17:38.559,1.03912,1.03935,2.25,1.84
2012.07.16 14:17:38.676,1.03912,1.03935,1.50,2.58
2012.07.16 14:17:38.737,1.03911,1.0393,1.17,1.50
2012.07.16 14:17:39.108,1.03909,1.03932,2.85,1.84
2012.07.16 14:17:39.448,1.03911,1.03932,1.17,1.50
2012.07.16 14:17:39.509,1.03913,1.03935,1.02,3.74
2012.07.16 14:17:39.682,1.03913,1.03936,2.52,1.50
2012.07.16 14:17:40.209,1.03912,1.03935,1.17,1.50
2012.07.16 14:17:40.781,1.03911,1.03935,1.17,2.22
2012.07.16 14:17:40.843,1.03911,1.03935,1.17,4.32
2012.07.16 14:17:41.184,1.03907,1.03927,1.50,1.84
2012.07.16 14:17:41.412,1.03908,1.03927,1.50,1.84
2012.07.16 14:17:41.587,1.03911,1.03928,1.17,1.50
2012.07.16 14:17:41.705,1.03911,1.03926,1.17,1.50
2012.07.16 14:17:41.821,1.03911,1.03932,1.17,1.50
2012.07.16 14:17:42.368,1.03911,1.03931,1.17,1.50
2012.07.16 14:17:43.097,1.03909,1.03928,1.50,1.50
2012.07.16 14:17:43.560,1.03908,1.03931,1.92,1.50
2012.07.16 14:17:43.621,1.03907,1.03931,2.25,1.84
2012.07.16 14:17:43.849,1.03906,1.03929,1.17,1.50
2012.07.16 14:17:43.910,1.03906,1.03927,1.17,1.50
2012.07.16 14:17:44.178,1.03906,1.03929,1.17,3.00
2012.07.16 14:17:44.328,1.03908,1.03929,1.17,1.50
2012.07.16 14:17:45.603,1.03911,1.03935,3.42,1.84
2012.07.16 14:17:45.663,1.03913,1.03935,1.17,1.84
2012.07.16 14:17:46.002,1.03917,1.03939,1.17,1.84
2012.07.16 14:17:46.689,1.03916,1.03938,1.17,1.50
2012.07.16 14:17:46.949,1.03915,1.03938,2.25,1.84
2012.07.16 14:17:47.122,1.03916,1.03938,1.17,1.50
2012.07.16 14:17:47.763,1.03916,1.03939,1.17,1.84
2012.07.16 14:17:50.886,1.03914,1.03936,2.25,1.84
2012.07.16 14:17:51.227,1.03911,1.03931,1.17,1.50
2012.07.16 14:17:51.743,1.0391,1.03931,1.17,1.50
2012.07.16 14:17:52.399,1.03909,1.03932,2.67,1.50
2012.07.16 14:17:53.722,1.03911,1.03934,1.92,1.84
2012.07.16 14:17:54.242,1.03911,1.03934,2.67,1.84
2012.07.16 14:17:55.421,1.03912,1.03936,2.25,1.08
2012.07.16 14:17:55.765,1.03913,1.03937,1.92,1.08
2012.07.16 14:17:56.157,1.03913,1.03936,1.50,1.08
2012.07.16 14:17:56.553,1.03909,1.03933,1.50,1.84
2012.07.16 14:17:56.725,1.03908,1.03933,2.25,1.84
2012.07.16 14:17:56.786,1.03907,1.03928,1.50,1.50
2012.07.16 14:17:56.902,1.03906,1.03928,1.17,1.50
2012.07.16 14:17:57.439,1.03904,1.03927,3.00,1.84
2012.07.16 14:17:58.353,1.03905,1.03926,1.50,1.50
2012.07.16 14:17:58.804,1.03909,1.03931,1.50,1.08
2012.07.16 14:17:58.865,1.03909,1.03933,1.92,1.08
2012.07.16 14:17:59.295,1.03907,1.03928,1.92,1.50
2012.07.16 14:18:00.034,1.03907,1.03931,1.92,1.84
2012.07.16 14:18:00.428,1.03906,1.03931,2.25,3.18
2012.07.16 14:18:00.859,1.03911,1.03931,1.17,1.50
2012.07.16 14:18:00.931,1.03913,1.03936,1.50,2.58
2012.07.16 14:18:01.330,1.03911,1.03932,1.17,1.50
2012.07.16 14:18:01.446,1.03911,1.03935,1.17,4.08
2012.07.16 14:18:01.672,1.03911,1.03935,1.17,2.58
2012.07.16 14:18:01.845,1.03916,1.03937,1.17,1.50
2012.07.16 14:18:02.400,1.03916,1.03938,1.17,2.24
2012.07.16 14:18:03.034,1.03917,1.03937,1.17,1.50
2012.07.16 14:18:05.207,1.03916,1.03938,1.17,1.50
2012.07.16 14:18:05.600,1.03919,1.0394,1.50,1.08
2012.07.16 14:18:05.717,1.03917,1.0394,3.75,2.58
2012.07.16 14:18:06.161,1.03918,1.0394,1.17,2.58
2012.07.16 14:18:07.708,1.03918,1.0394,1.92,1.08
2012.07.16 14:18:08.309,1.03918,1.0394,1.92,1.08
2012.07.16 14:18:10.577,1.03918,1.03943,1.92,2.58
2012.07.16 14:18:12.395,1.03918,1.03942,1.50,1.08
2012.07.16 14:18:12.459,1.03918,1.03942,1.50,1.08
2012.07.16 14:18:13.403,1.03921,1.03943,2.25,1.08
2012.07.16 14:18:13.898,1.03918,1.03942,1.50,1.08
2012.07.16 14:18:14.015,1.03917,1.03939,1.17,1.50
2012.07.16 14:18:14.322,1.03917,1.03941,1.17,1.84
2012.07.16 14:18:15.166,1.03917,1.03941,1.17,1.84
2012.07.16 14:18:15.588,1.03917,1.03941,1.17,1.84
2012.07.16 14:18:15.845,1.03917,1.03938,1.17,1.50
2012.07.16 14:18:15.962,1.03916,1.03935,1.17,1.50
2012.07.16 14:18:16.134,1.03911,1.03935,1.50,1.84
2012.07.16 14:18:16.196,1.03911,1.03935,1.50,1.84
2012.07.16 14:18:16.914,1.03912,1.03932,1.17,1.50
2012.07.16 14:18:17.032,1.03916,1.03932,1.17,2.24
2012.07.16 14:18:17.204,1.03918,1.03941,1.50,1.84
2012.07.16 14:18:18.913,1.03916,1.03936,1.17,1.50
2012.07.16 14:18:19.088,1.03913,1.03936,1.50,1.84
2012.07.16 14:18:19.600,1.03921,1.03943,1.50,1.08
2012.07.16 14:18:20.099,1.03918,1.03942,3.00,1.08
2012.07.16 14:18:20.611,1.03918,1.03942,1.50,1.08
2012.07.16 14:18:20.727,1.03916,1.03941,3.00,1.84
2012.07.16 14:18:21.464,1.03915,1.03935,1.17,1.50
2012.07.16 14:18:21.581,1.03913,1.03938,1.50,2.58
2012.07.16 14:18:21.699,1.0391,1.03934,1.17,1.84
2012.07.16 14:18:22.327,1.03912,1.03935,1.50,1.84
2012.07.16 14:18:22.842,1.0391,1.03933,2.67,1.50
2012.07.16 14:18:23.090,1.0391,1.03929,1.17,1.50
2012.07.16 14:18:24.188,1.03911,1.03931,1.50,1.50
2012.07.16 14:18:24.251,1.03912,1.03931,1.54,1.50
2012.07.16 14:18:24.367,1.03912,1.03933,1.54,1.50
2012.07.16 14:18:24.430,1.03916,1.03935,1.17,1.50
2012.07.16 14:18:24.492,1.03917,1.03939,1.17,2.24
2012.07.16 14:18:24.554,1.03917,1.03939,1.17,1.50
2012.07.16 14:18:24.615,1.03917,1.03939,1.17,1.50
2012.07.16 14:18:25.040,1.03917,1.03939,1.17,1.50
2012.07.16 14:18:25.212,1.03918,1.03942,1.17,1.84
2012.07.16 14:18:25.794,1.0392,1.03943,1.50,1.84
2012.07.16 14:18:26.309,1.03919,1.03942,1.17,1.84
2012.07.16 14:18:27.355,1.03921,1.03942,1.13,1.84
2012.07.16 14:18:27.583,1.03924,1.03944,1.88,1.50
2012.07.16 14:18:27.644,1.03924,1.03947,1.88,2.22
2012.07.16 14:18:27.817,1.03923,1.03945,1.54,1.50
2012.07.16 14:18:27.879,1.03923,1.03945,1.54,1.50
2012.07.16 14:18:28.051,1.03922,1.03943,1.54,1.50
2012.07.16 14:18:31.985,1.03919,1.03943,2.22,1.84
2012.07.16 14:18:32.102,1.03919,1.03941,1.47,1.84
2012.07.16 14:18:32.187,1.03919,1.03939,1.47,1.50
2012.07.16 14:18:32.707,1.03917,1.03939,1.17,1.50
2012.07.16 14:18:33.121,1.03917,1.03941,1.92,1.84
2012.07.16 14:18:33.770,1.03917,1.03941,1.92,1.84
2012.07.16 14:18:34.894,1.03917,1.03941,1.92,1.84
2012.07.16 14:18:35.417,1.03917,1.03941,1.92,1.84
2012.07.16 14:18:36.354,1.03917,1.03941,1.92,1.84
2012.07.16 14:18:37.110,1.03917,1.03941,1.92,1.84
2012.07.16 14:18:37.499,1.03917,1.03938,1.92,1.50
2012.07.16 14:18:37.850,1.03918,1.03938,1.50,1.50
2012.07.16 14:18:37.910,1.03917,1.03938,1.17,1.50
2012.07.16 14:18:38.284,1.03919,1.03941,1.50,1.84
2012.07.16 14:18:38.345,1.03919,1.03942,2.25,1.84
2012.07.16 14:18:38.578,1.03924,1.03943,1.17,1.50
2012.07.16 14:18:38.870,1.03925,1.03946,1.50,1.50
2012.07.16 14:18:38.935,1.03925,1.03948,1.50,1.84
2012.07.16 14:18:39.052,1.03924,1.03945,1.92,1.50
2012.07.16 14:18:39.980,1.03924,1.03948,1.92,1.84
2012.07.16 14:18:40.096,1.03924,1.03946,1.92,1.50
2012.07.16 14:18:40.457,1.03921,1.03946,2.67,1.84
2012.07.16 14:18:40.575,1.03921,1.03943,1.17,1.50
2012.07.16 14:18:40.638,1.0392,1.03943,2.67,1.50
2012.07.16 14:18:40.699,1.0392,1.0394,1.17,1.50
2012.07.16 14:18:40.984,1.03917,1.03939,1.17,1.50
2012.07.16 14:18:41.530,1.03916,1.03937,2.29,1.50
2012.07.16 14:18:42.489,1.03916,1.03937,2.29,1.50
2012.07.16 14:18:42.550,1.03916,1.03939,3.79,1.50
2012.07.16 14:18:42.831,1.03916,1.03937,1.50,1.50
2012.07.16 14:18:43.419,1.03916,1.03937,1.50,1.50
2012.07.16 14:18:43.535,1.03916,1.0394,1.50,1.84
2012.07.16 14:18:44.672,1.03916,1.0394,1.50,1.84
2012.07.16 14:18:45.397,1.03916,1.03939,2.67,1.50
2012.07.16 14:18:46.102,1.03916,1.03939,2.67,1.84
2012.07.16 14:18:46.220,1.03916,1.03939,2.25,1.84
2012.07.16 14:18:46.670,1.03916,1.03939,1.92,1.50
2012.07.16 14:18:47.087,1.03918,1.03942,1.92,1.08
2012.07.16 14:18:47.205,1.03918,1.03942,1.92,1.08
2012.07.16 14:18:47.378,1.03916,1.03937,2.67,1.50
2012.07.16 14:18:47.956,1.03916,1.03938,1.17,3.00
2012.07.16 14:18:48.260,1.03916,1.03938,1.17,1.50
2012.07.16 14:18:48.710,1.03919,1.03938,1.17,1.50
2012.07.16 14:18:49.392,1.0392,1.0394,1.17,1.50
2012.07.16 14:18:49.902,1.03919,1.0394,1.17,1.50
2012.07.16 14:18:50.076,1.0392,1.03945,1.17,3.00
2012.07.16 14:18:50.481,1.03927,1.03946,1.17,1.50
2012.07.16 14:18:50.601,1.03927,1.0395,1.92,1.84
2012.07.16 14:18:51.056,1.03927,1.0395,1.50,1.84
2012.07.16 14:18:51.342,1.0392,1.03942,1.50,1.84
2012.07.16 14:18:51.884,1.0392,1.03944,1.17,1.84
2012.07.16 14:18:52.057,1.03922,1.03946,1.92,1.84
2012.07.16 14:18:52.231,1.03926,1.03945,1.17,1.50
2012.07.16 14:18:52.292,1.03926,1.03948,1.17,1.50
2012.07.16 14:18:52.409,1.03926,1.03945,1.17,1.50
2012.07.16 14:18:52.912,1.03926,1.03946,1.17,1.50
2012.07.16 14:18:53.113,1.03926,1.03949,1.17,2.24
2012.07.16 14:18:54.615,1.03926,1.03949,1.17,2.24
2012.07.16 14:18:55.769,1.03927,1.0395,1.17,1.84
2012.07.16 14:18:56.021,1.03926,1.03947,1.92,1.50
2012.07.16 14:18:56.427,1.03926,1.03945,1.92,1.50
2012.07.16 14:18:56.542,1.03926,1.03947,1.92,1.50
2012.07.16 14:18:57.075,1.03926,1.03946,1.92,1.50
2012.07.16 14:18:57.590,1.03926,1.03947,1.92,1.50
2012.07.16 14:18:57.839,1.03926,1.03945,1.92,1.50
2012.07.16 14:18:58.379,1.03923,1.03947,1.17,1.84
2012.07.16 14:18:58.551,1.03921,1.03946,1.17,1.50
2012.07.16 14:18:59.750,1.03921,1.03944,1.17,1.50
2012.07.16 14:19:00.033,1.03926,1.03948,1.92,1.50
2012.07.16 14:19:00.686,1.03926,1.03947,1.92,1.50
2012.07.16 14:19:01.085,1.03926,1.0395,1.92,1.50
2012.07.16 14:19:02.050,1.03926,1.03948,1.17,1.50
2012.07.16 14:19:02.325,1.03926,1.0395,1.92,1.50
2012.07.16 14:19:02.869,1.03926,1.0395,1.17,1.84
2012.07.16 14:19:05.487,1.03926,1.03947,1.92,1.50
2012.07.16 14:19:07.435,1.03927,1.03949,1.17,1.50
2012.07.16 14:19:07.971,1.03927,1.0395,1.17,1.84
2012.07.16 14:19:08.446,1.03927,1.03948,1.17,1.50
2012.07.16 14:19:11.812,1.03927,1.03947,1.17,1.50
2012.07.16 14:19:12.151,1.0393,1.03949,1.50,1.50
2012.07.16 14:19:12.213,1.0393,1.03953,2.25,2.58
2012.07.16 14:19:12.500,1.03933,1.03955,1.92,1.50
2012.07.16 14:19:12.896,1.03929,1.03953,1.92,1.08
2012.07.16 14:19:13.438,1.03927,1.03948,1.50,1.50
2012.07.16 14:19:14.049,1.03926,1.03946,1.17,1.50
2012.07.16 14:19:14.589,1.03926,1.03947,1.92,1.50
2012.07.16 14:19:15.458,1.03926,1.03948,1.92,1.50
2012.07.16 14:19:16.293,1.03926,1.03949,1.92,1.50
2012.07.16 14:19:16.833,1.03926,1.03948,1.92,1.50
2012.07.16 14:19:17.545,1.03927,1.03948,1.17,1.50
2012.07.16 14:19:17.884,1.03929,1.03953,1.17,1.50
2012.07.16 14:19:18.059,1.03928,1.03952,1.92,1.08
2012.07.16 14:19:18.566,1.03927,1.03951,1.50,1.08
2012.07.16 14:19:18.628,1.03927,1.03951,1.92,1.08
2012.07.16 14:19:18.689,1.03927,1.03948,1.92,1.50
2012.07.16 14:19:19.027,1.03926,1.03946,1.17,1.50
2012.07.16 14:19:19.145,1.03926,1.03948,1.17,1.50
2012.07.16 14:19:19.467,1.03926,1.0395,2.67,1.50
2012.07.16 14:19:19.584,1.03928,1.0395,1.17,1.50
2012.07.16 14:19:19.969,1.03928,1.03948,1.17,1.50
2012.07.16 14:19:20.031,1.03926,1.03948,1.17,1.50
2012.07.16 14:19:20.313,1.03926,1.03946,1.17,1.50
2012.07.16 14:19:20.944,1.03926,1.03948,1.17,1.50
2012.07.16 14:19:21.353,1.03928,1.03948,1.17,1.50
2012.07.16 14:19:22.028,1.03931,1.03952,1.17,1.50
2012.07.16 14:19:22.721,1.03932,1.03952,1.17,1.50
2012.07.16 14:19:22.784,1.03932,1.03954,1.17,1.50
2012.07.16 14:19:23.615,1.03932,1.03955,1.17,1.50
2012.07.16 14:19:23.677,1.03933,1.03955,1.17,1.50
2012.07.16 14:19:23.852,1.03932,1.03955,1.17,1.50
2012.07.16 14:19:23.914,1.03932,1.03955,1.17,1.50
2012.07.16 14:19:24.143,1.03932,1.03956,2.67,1.50
2012.07.16 14:19:24.652,1.03934,1.03956,1.17,1.65
2012.07.16 14:19:25.004,1.03932,1.03953,1.50,1.50
2012.07.16 14:19:25.748,1.03932,1.03954,1.50,1.50
2012.07.16 14:19:26.088,1.0393,1.03951,1.17,1.50
2012.07.16 14:19:26.374,1.03927,1.0395,1.77,1.50
2012.07.16 14:19:26.492,1.03931,1.03952,1.17,1.50
2012.07.16 14:19:26.553,1.03931,1.0395,1.17,1.50
2012.07.16 14:19:26.614,1.0393,1.03952,1.17,3.00
2012.07.16 14:19:26.731,1.03927,1.03948,1.92,1.50
2012.07.16 14:19:27.262,1.0393,1.03949,1.17,1.50
2012.07.16 14:19:27.435,1.0393,1.03953,1.17,1.50
2012.07.16 14:19:28.963,1.0393,1.03953,1.17,3.00
2012.07.16 14:19:29.025,1.0393,1.0395,1.17,1.50
2012.07.16 14:19:29.622,1.03931,1.0395,1.50,1.50
2012.07.16 14:19:29.739,1.03927,1.0395,2.25,1.50
2012.07.16 14:19:29.801,1.03925,1.03947,1.17,1.50
2012.07.16 14:19:30.272,1.03923,1.03947,1.17,1.50
2012.07.16 14:19:30.806,1.03923,1.03947,1.17,1.50
2012.07.16 14:19:31.035,1.03928,1.03951,1.02,1.50
2012.07.16 14:19:31.210,1.03928,1.03953,2.52,1.84
2012.07.16 14:19:31.327,1.03928,1.03951,1.02,1.50
2012.07.16 14:19:31.899,1.03927,1.03949,1.92,1.50
2012.07.16 14:19:32.542,1.03927,1.03949,1.17,1.50
2012.07.16 14:19:34.236,1.03926,1.03949,1.17,1.50
2012.07.16 14:19:34.355,1.03927,1.03949,1.17,1.50
2012.07.16 14:19:34.811,1.03926,1.03951,3.42,3.34
2012.07.16 14:19:35.096,1.03926,1.03948,1.50,1.84
2012.07.16 14:19:35.407,1.03922,1.03943,1.92,1.50
2012.07.16 14:19:35.882,1.03927,1.03943,1.17,1.50
2012.07.16 14:19:36.110,1.03927,1.03944,1.17,1.50
2012.07.16 14:19:36.172,1.03927,1.03946,1.17,1.50
2012.07.16 14:19:36.233,1.03927,1.03948,1.17,1.50
2012.07.16 14:19:36.295,1.03927,1.03945,1.17,1.50
2012.07.16 14:19:36.521,1.03927,1.03947,1.17,1.50
2012.07.16 14:19:37.048,1.03927,1.03948,1.17,1.50
2012.07.16 14:19:37.277,1.0393,1.03953,1.50,2.58
2012.07.16 14:19:37.397,1.03927,1.03952,2.67,2.58
2012.07.16 14:19:37.836,1.03927,1.03952,2.25,2.58
2012.07.16 14:19:38.242,1.03925,1.0395,2.85,1.84
2012.07.16 14:19:38.415,1.03926,1.03947,1.50,1.84
2012.07.16 14:19:40.932,1.03924,1.03947,2.67,1.84
2012.07.16 14:19:41.487,1.03926,1.03947,1.50,1.50
2012.07.16 14:19:41.827,1.03926,1.03949,3.00,1.84
2012.07.16 14:19:42.164,1.03926,1.0395,1.17,1.50
2012.07.16 14:19:42.507,1.03932,1.03954,1.17,1.84
2012.07.16 14:19:42.798,1.03928,1.03952,1.17,1.84
2012.07.16 14:19:43.317,1.03928,1.03949,1.17,1.50
2012.07.16 14:19:43.826,1.0393,1.03949,1.77,1.50
2012.07.16 14:19:43.887,1.0393,1.03953,1.02,1.50
2012.07.16 14:19:45.060,1.0393,1.03951,1.02,1.50
2012.07.16 14:19:45.401,1.03928,1.03949,1.17,1.50
2012.07.16 14:19:45.725,1.03924,1.03947,1.17,1.84
2012.07.16 14:19:46.248,1.03926,1.03947,1.17,1.50
2012.07.16 14:19:47.444,1.03922,1.03947,2.25,1.84
2012.07.16 14:19:47.737,1.0392,1.03943,1.17,1.84
2012.07.16 14:19:48.022,1.03919,1.03939,1.17,1.50
2012.07.16 14:19:48.560,1.03917,1.0394,1.92,1.50
2012.07.16 14:19:48.893,1.03915,1.03938,2.67,1.50
2012.07.16 14:19:49.210,1.03917,1.03941,1.92,1.50
2012.07.16 14:19:49.906,1.03919,1.03942,1.92,2.58
2012.07.16 14:19:49.971,1.03917,1.03939,1.17,1.50
2012.07.16 14:19:50.033,1.03916,1.03939,1.17,1.84
2012.07.16 14:19:50.151,1.03917,1.03937,1.17,1.50
2012.07.16 14:19:50.268,1.03917,1.03939,1.17,2.24
2012.07.16 14:19:50.386,1.03919,1.03941,1.17,2.58
2012.07.16 14:19:51.017,1.0392,1.03941,2.25,1.08
2012.07.16 14:19:51.631,1.03919,1.03941,1.17,1.08
2012.07.16 14:19:52.153,1.03917,1.03941,1.17,2.58
2012.07.16 14:19:52.591,1.03917,1.03939,1.17,2.24
2012.07.16 14:19:53.648,1.03918,1.03941,1.50,1.08
2012.07.16 14:19:53.765,1.03918,1.03943,1.50,1.84
2012.07.16 14:19:53.905,1.03918,1.03943,1.92,1.50
2012.07.16 14:19:54.244,1.03918,1.03942,2.67,1.84
2012.07.16 14:19:54.762,1.03917,1.03941,1.17,3.34
2012.07.16 14:19:55.100,1.03917,1.0394,2.67,1.50
2012.07.16 14:19:56.199,1.03918,1.03943,1.92,2.58
2012.07.16 14:19:56.985,1.03921,1.03943,1.17,2.24
2012.07.16 14:19:57.325,1.0392,1.03945,1.92,2.24
2012.07.16 14:19:57.499,1.03923,1.03946,1.92,1.50
2012.07.16 14:19:57.766,1.03925,1.03948,1.92,2.58
2012.07.16 14:19:58.125,1.03925,1.03945,1.92,1.50
2012.07.16 14:19:58.626,1.03922,1.03943,1.17,1.50
2012.07.16 14:19:59.854,1.03926,1.03943,1.17,1.50
2012.07.16 14:20:00.191,1.03922,1.03946,1.17,1.50
2012.07.16 14:20:00.744,1.03926,1.03946,1.17,1.50
2012.07.16 14:20:01.460,1.03921,1.03946,2.67,1.50
2012.07.16 14:20:02.470,1.03921,1.03946,2.67,1.50
2012.07.16 14:20:02.585,1.03925,1.03946,1.17,1.50
2012.07.16 14:20:02.910,1.03921,1.03946,2.67,1.50
2012.07.16 14:20:03.501,1.03925,1.03946,1.17,1.50
2012.07.16 14:20:04.111,1.03923,1.03948,1.92,2.24
2012.07.16 14:20:04.641,1.03923,1.03948,1.92,2.24
2012.07.16 14:20:04.702,1.03922,1.03945,1.92,1.50
2012.07.16 14:20:04.928,1.03924,1.03947,1.92,3.00
2012.07.16 14:20:05.342,1.03925,1.03946,1.17,1.50
2012.07.16 14:20:05.685,1.03924,1.03946,1.17,1.50
2012.07.16 14:20:05.957,1.03925,1.03946,1.17,1.50
2012.07.16 14:20:06.127,1.03923,1.03946,1.17,1.50
2012.07.16 14:20:06.652,1.03923,1.03944,1.17,1.50
2012.07.16 14:20:07.133,1.0392,1.0394,1.92,1.50
2012.07.16 14:20:07.360,1.0392,1.03943,1.92,1.50
2012.07.16 14:20:07.709,1.0392,1.03941,1.92,1.50
2012.07.16 14:20:08.328,1.0392,1.03941,1.92,1.50
2012.07.16 14:20:08.669,1.03921,1.03942,1.17,1.50
2012.07.16 14:20:09.218,1.03925,1.03947,1.17,1.50
2012.07.16 14:20:09.734,1.03924,1.03946,1.17,1.50
2012.07.16 14:20:09.850,1.03925,1.03944,1.17,1.50
2012.07.16 14:20:09.966,1.03925,1.03947,1.17,1.50
2012.07.16 14:20:10.535,1.03925,1.03947,1.17,1.50
2012.07.16 14:20:11.052,1.03922,1.03947,2.67,1.84
2012.07.16 14:20:11.170,1.03925,1.03948,1.50,1.09
2012.07.16 14:20:11.232,1.03924,1.03949,2.67,1.84
2012.07.16 14:20:11.295,1.03924,1.03949,1.92,1.84
2012.07.16 14:20:11.357,1.03926,1.03949,2.25,1.84
2012.07.16 14:20:11.697,1.03928,1.03948,1.17,1.50
2012.07.16 14:20:12.064,1.0393,1.03948,1.17,1.50
2012.07.16 14:20:12.131,1.0393,1.0395,1.17,1.50
2012.07.16 14:20:12.559,1.03929,1.0395,1.17,1.50
2012.07.16 14:20:13.171,1.03929,1.03949,1.17,1.50
2012.07.16 14:20:13.342,1.03929,1.03951,1.17,1.50
2012.07.16 14:20:13.822,1.0393,1.03953,1.17,1.50
2012.07.16 14:20:14.664,1.03929,1.03951,1.17,1.50
2012.07.16 14:20:14.890,1.03928,1.03954,1.17,1.84
2012.07.16 14:20:15.402,1.0393,1.03954,1.17,1.84
2012.07.16 14:20:16.282,1.0393,1.03953,1.77,1.50
2012.07.16 14:20:16.677,1.03932,1.03953,1.17,1.50
2012.07.16 14:20:16.849,1.03935,1.03958,1.17,1.65
2012.07.16 14:20:17.354,1.03936,1.03959,2.25,3.49
2012.07.16 14:20:17.883,1.03935,1.03956,1.17,1.65
2012.07.16 14:20:18.402,1.03935,1.03956,1.17,1.65
2012.07.16 14:20:19.019,1.03935,1.03957,1.17,1.65
2012.07.16 14:20:19.502,1.03936,1.03958,1.17,1.65
2012.07.16 14:20:19.851,1.03942,1.03965,1.50,3.15
2012.07.16 14:20:19.967,1.03939,1.03964,1.50,1.99
2012.07.16 14:20:20.140,1.03936,1.0396,1.17,1.99
2012.07.16 14:20:20.259,1.03936,1.03957,1.17,1.65
2012.07.16 14:20:20.770,1.03938,1.0396,1.17,1.65
2012.07.16 14:20:21.506,1.03939,1.03962,1.92,1.65
2012.07.16 14:20:24.623,1.03943,1.03966,1.50,1.54
2012.07.16 14:20:24.740,1.03941,1.03965,1.50,2.73
2012.07.16 14:20:25.462,1.03942,1.03965,1.50,1.23
2012.07.16 14:20:26.747,1.03943,1.03966,1.50,1.54
2012.07.16 14:20:26.993,1.0394,1.03962,1.50,1.65
2012.07.16 14:20:27.549,1.0394,1.03962,1.50,1.65
2012.07.16 14:20:28.550,1.03938,1.0396,2.67,1.65
2012.07.16 14:20:29.076,1.03938,1.03961,1.17,1.65
2012.07.16 14:20:30.012,1.03938,1.03961,1.17,1.65
2012.07.16 14:20:30.385,1.03936,1.03958,1.50,2.63
2012.07.16 14:20:30.529,1.03935,1.03955,1.17,1.50
2012.07.16 14:20:30.884,1.03933,1.03951,1.17,1.50
2012.07.16 14:20:31.229,1.03937,1.03951,1.77,1.50
2012.07.16 14:20:31.291,1.03937,1.0396,1.35,1.65
2012.07.16 14:20:31.816,1.03937,1.03958,1.50,1.65
2012.07.16 14:20:32.583,1.03937,1.03958,1.50,1.65
2012.07.16 14:20:33.142,1.03937,1.03958,1.50,1.65
2012.07.16 14:20:33.665,1.03936,1.03958,1.17,1.65
2012.07.16 14:20:34.345,1.03936,1.03956,1.17,1.50
2012.07.16 14:20:34.783,1.03935,1.03957,1.92,2.03
2012.07.16 14:20:35.315,1.03935,1.03955,1.50,1.50
2012.07.16 14:20:35.745,1.03929,1.03952,2.67,1.50
2012.07.16 14:20:36.267,1.03932,1.03953,1.54,1.50
2012.07.16 14:20:38.507,1.03931,1.03952,1.54,1.50
2012.07.16 14:20:38.624,1.03933,1.03954,1.88,1.50
2012.07.16 14:20:38.740,1.03933,1.03956,1.88,2.24
2012.07.16 14:20:38.969,1.03931,1.03953,3.00,1.50
2012.07.16 14:20:39.312,1.03927,1.0395,1.50,1.50
2012.07.16 14:20:40.120,1.03927,1.0395,1.50,1.50
2012.07.16 14:20:40.893,1.03927,1.0395,1.50,1.50
2012.07.16 14:20:43.988,1.03927,1.03951,3.00,1.84
2012.07.16 14:20:44.274,1.03927,1.03949,1.92,1.50
2012.07.16 14:20:44.788,1.03927,1.0395,1.50,1.50
2012.07.16 14:20:45.303,1.03927,1.03951,1.50,1.84
2012.07.16 14:20:46.274,1.03927,1.03951,1.50,1.84
2012.07.16 14:20:47.866,1.03927,1.03951,1.50,1.84
2012.07.16 14:20:48.382,1.03927,1.03951,1.50,1.84
2012.07.16 14:20:48.878,1.03926,1.03948,1.17,1.50
2012.07.16 14:20:49.161,1.03925,1.03948,1.92,1.50
2012.07.16 14:20:49.697,1.03923,1.03947,1.17,1.50
2012.07.16 14:20:49.868,1.03924,1.03949,1.92,2.24
2012.07.16 14:20:50.264,1.03924,1.03949,1.50,2.58
2012.07.16 14:20:50.607,1.03921,1.03944,1.17,1.50
2012.07.16 14:20:50.947,1.03927,1.03947,1.50,1.08
2012.07.16 14:20:51.463,1.03925,1.03946,1.17,2.24
2012.07.16 14:20:52.114,1.03927,1.03948,1.17,2.24
2012.07.16 14:20:52.764,1.03926,1.03948,1.17,2.24
2012.07.16 14:20:54.039,1.03926,1.03948,1.17,1.50
2012.07.16 14:20:57.093,1.03925,1.03948,1.92,1.50
2012.07.16 14:20:58.679,1.03927,1.0395,1.50,1.50
2012.07.16 14:20:59.215,1.03927,1.0395,2.25,1.50
2012.07.16 14:20:59.539,1.03929,1.03951,1.17,1.50
2012.07.16 14:21:00.214,1.03929,1.03952,2.67,1.50
2012.07.16 14:21:00.772,1.03929,1.03953,1.17,1.50
2012.07.16 14:21:01.323,1.03931,1.03953,1.17,1.50
2012.07.16 14:21:01.977,1.03929,1.03953,1.17,1.50
2012.07.16 14:21:02.512,1.03929,1.03952,1.92,1.50
2012.07.16 14:21:02.573,1.03929,1.03952,2.25,1.50
2012.07.16 14:21:02.966,1.03929,1.03948,1.50,1.08
2012.07.16 14:21:03.139,1.03929,1.03949,1.50,1.08
2012.07.16 14:21:03.256,1.03924,1.03947,1.92,3.00
2012.07.16 14:21:03.317,1.03922,1.03944,1.17,1.50
2012.07.16 14:21:03.508,1.03923,1.03946,1.92,1.50
2012.07.16 14:21:04.043,1.03921,1.03945,1.92,1.50
2012.07.16 14:21:05.364,1.03922,1.03942,1.17,1.50
2012.07.16 14:21:05.481,1.03922,1.03941,1.17,1.50
2012.07.16 14:21:05.710,1.03921,1.03944,2.67,3.00
2012.07.16 14:21:06.658,1.03921,1.03942,1.17,1.50
2012.07.16 14:21:06.996,1.03922,1.0394,1.17,1.50
2012.07.16 14:21:07.772,1.03922,1.03942,1.92,1.50
2012.07.16 14:21:09.005,1.03922,1.03945,1.92,1.50
2012.07.16 14:21:09.653,1.03923,1.03946,1.50,1.84
2012.07.16 14:21:10.384,1.03922,1.03945,1.92,1.50
2012.07.16 14:21:11.155,1.03922,1.03942,1.17,1.50
2012.07.16 14:21:12.152,1.03922,1.03945,1.17,1.50
2012.07.16 14:21:12.705,1.03923,1.03946,1.50,1.50
2012.07.16 14:21:15.428,1.03923,1.03946,2.25,1.50
2012.07.16 14:21:15.607,1.03923,1.03946,1.50,2.24
2012.07.16 14:21:15.724,1.03923,1.03944,1.92,1.50
2012.07.16 14:21:16.061,1.03923,1.03946,1.92,3.00
2012.07.16 14:21:16.406,1.03921,1.03944,1.92,1.50
2012.07.16 14:21:16.748,1.03921,1.03942,1.17,1.50
2012.07.16 14:21:16.810,1.03921,1.03944,2.67,1.50
2012.07.16 14:21:17.093,1.03918,1.03943,1.92,2.24
2012.07.16 14:21:17.209,1.03918,1.03943,1.92,2.24
2012.07.16 14:21:17.510,1.03918,1.03943,1.92,2.24
2012.07.16 14:21:20.439,1.03921,1.03943,1.17,2.24
2012.07.16 14:21:21.288,1.03921,1.03943,1.17,1.50
2012.07.16 14:21:21.689,1.03927,1.03942,1.17,1.50
2012.07.16 14:21:21.973,1.03925,1.03949,1.92,2.24
2012.07.16 14:21:22.090,1.03927,1.0395,1.17,2.24
2012.07.16 14:21:22.208,1.03928,1.03951,1.92,3.00
2012.07.16 14:21:22.716,1.03928,1.03951,1.92,1.50
2012.07.16 14:21:25.104,1.0393,1.03953,1.92,2.24
2012.07.16 14:21:25.478,1.03932,1.03953,1.02,2.24
2012.07.16 14:21:25.595,1.03932,1.03955,2.52,1.50
2012.07.16 14:21:25.656,1.03934,1.03957,1.92,2.03
2012.07.16 14:21:25.774,1.03932,1.03956,3.27,1.88
2012.07.16 14:21:26.312,1.03932,1.03955,2.52,1.50
2012.07.16 14:21:26.373,1.03932,1.03955,2.52,1.50
2012.07.16 14:21:26.434,1.03934,1.03957,1.50,3.15
2012.07.16 14:21:26.773,1.03936,1.03957,1.17,1.65
2012.07.16 14:21:27.301,1.03938,1.03962,1.50,1.65
2012.07.16 14:21:27.642,1.03941,1.03961,1.50,1.23
2012.07.16 14:21:27.991,1.03939,1.03954,1.50,1.50
2012.07.16 14:21:28.164,1.03932,1.03954,1.17,1.50
2012.07.16 14:21:28.670,1.03931,1.03955,2.52,1.50
2012.07.16 14:21:28.896,1.03932,1.03954,1.50,1.50
2012.07.16 14:21:29.014,1.03934,1.03959,2.25,1.99
2012.07.16 14:21:29.617,1.03936,1.03959,1.17,1.65
2012.07.16 14:21:30.133,1.03938,1.0396,1.50,2.39
2012.07.16 14:21:30.637,1.0394,1.03962,1.50,2.73
2012.07.16 14:21:30.978,1.03934,1.03958,2.67,2.39
2012.07.16 14:21:31.039,1.03941,1.03958,1.50,2.39
2012.07.16 14:21:31.382,1.03942,1.03966,1.92,2.62
2012.07.16 14:21:31.777,1.03945,1.03967,1.50,2.58
2012.07.16 14:21:32.140,1.03943,1.03965,1.92,1.50
2012.07.16 14:21:32.369,1.03941,1.03961,1.77,1.50
2012.07.16 14:21:33.454,1.0394,1.03964,2.67,3.00
2012.07.16 14:21:37.733,1.03942,1.03964,1.17,1.50
2012.07.16 14:21:37.960,1.03942,1.03966,2.67,3.00
2012.07.16 14:21:38.022,1.03942,1.03963,1.17,1.50
2012.07.16 14:21:38.330,1.03942,1.03961,1.17,1.50
2012.07.16 14:21:38.999,1.0394,1.03959,1.17,1.50
2012.07.16 14:21:39.424,1.0394,1.03961,1.17,1.50
2012.07.16 14:21:40.647,1.03941,1.03963,1.92,3.00
2012.07.16 14:21:40.930,1.03941,1.03963,1.50,1.50
2012.07.16 14:21:41.689,1.03937,1.0396,1.17,1.50
2012.07.16 14:21:42.676,1.03939,1.0396,1.17,1.50
2012.07.16 14:21:42.963,1.03936,1.03955,1.17,1.50
2012.07.16 14:21:43.230,1.03935,1.03959,1.17,1.84
2012.07.16 14:21:43.345,1.03934,1.03959,2.63,1.84
2012.07.16 14:21:43.740,1.03932,1.03953,1.50,1.50
2012.07.16 14:21:44.274,1.03931,1.03953,1.17,1.50
2012.07.16 14:21:44.363,1.03931,1.03955,1.17,3.00
2012.07.16 14:21:45.058,1.0393,1.03953,1.17,1.50
2012.07.16 14:21:47.130,1.03931,1.03954,2.67,1.50
2012.07.16 14:21:47.631,1.03931,1.03954,2.67,1.50
2012.07.16 14:21:47.975,1.03932,1.0395,1.92,1.50
2012.07.16 14:21:48.036,1.03933,1.03957,1.50,3.18
2012.07.16 14:21:48.210,1.03931,1.03954,2.67,1.50
2012.07.16 14:21:48.512,1.03934,1.03957,1.50,1.32
2012.07.16 14:21:49.105,1.03937,1.03957,1.50,1.32
2012.07.16 14:21:49.506,1.03932,1.03955,1.50,1.50
2012.07.16 14:21:50.261,1.03934,1.03957,1.50,1.08
2012.07.16 14:21:50.569,1.03936,1.03958,1.50,1.08
2012.07.16 14:21:50.630,1.03936,1.03959,1.92,1.08
2012.07.16 14:21:51.170,1.03936,1.03959,2.67,1.08
2012.07.16 14:21:52.653,1.03936,1.03957,1.17,2.24
2012.07.16 14:21:54.274,1.03937,1.03959,1.92,2.24
2012.07.16 14:21:55.285,1.03937,1.03959,1.92,2.24
2012.07.16 14:21:55.854,1.03937,1.03959,1.92,2.24
2012.07.16 14:21:56.704,1.03937,1.03959,1.92,2.24
2012.07.16 14:21:57.213,1.03937,1.03959,2.67,2.24
2012.07.16 14:21:57.276,1.0394,1.03964,1.50,2.58
2012.07.16 14:21:57.392,1.0394,1.03962,1.50,1.08
2012.07.16 14:21:57.654,1.03937,1.0396,2.25,1.84
2012.07.16 14:21:57.936,1.03935,1.03958,1.17,1.50
2012.07.16 14:21:59.660,1.03937,1.03959,1.50,1.50
2012.07.16 14:22:00.503,1.03934,1.03955,1.17,1.50
2012.07.16 14:22:00.730,1.03931,1.03954,1.17,1.50
2012.07.16 14:22:01.110,1.03931,1.03956,3.27,1.84
2012.07.16 14:22:01.338,1.03934,1.03957,1.50,1.08
2012.07.16 14:22:04.155,1.03934,1.03957,1.50,2.58
2012.07.16 14:22:04.384,1.03934,1.03957,1.50,2.24
2012.07.16 14:22:04.446,1.03934,1.03957,2.25,2.24
2012.07.16 14:22:04.621,1.03937,1.03959,2.25,1.84
2012.07.16 14:22:05.002,1.03937,1.03959,1.50,1.84
2012.07.16 14:22:05.342,1.03933,1.03955,2.63,1.84
2012.07.16 14:22:05.680,1.03933,1.03955,1.50,1.84
2012.07.16 14:22:06.196,1.03931,1.03955,2.85,2.58
2012.07.16 14:22:06.258,1.03934,1.03955,1.50,1.08
2012.07.16 14:22:06.320,1.03932,1.03954,2.25,2.24
2012.07.16 14:22:06.509,1.03932,1.03954,3.75,1.84
2012.07.16 14:22:09.070,1.03932,1.03954,2.25,2.58
2012.07.16 14:22:09.409,1.03932,1.0395,1.50,1.08
2012.07.16 14:22:09.471,1.03924,1.03947,1.17,2.24
2012.07.16 14:22:09.532,1.0393,1.03947,1.50,2.24
2012.07.16 14:22:09.761,1.03932,1.03952,2.25,1.08
2012.07.16 14:22:10.047,1.03934,1.03952,1.50,1.08
2012.07.16 14:22:10.627,1.03933,1.03952,1.50,1.08
2012.07.16 14:22:11.271,1.03933,1.03952,1.50,1.08
2012.07.16 14:22:13.295,1.03933,1.03955,1.50,1.84
2012.07.16 14:22:13.669,1.03929,1.03954,2.85,1.84
2012.07.16 14:22:13.840,1.03929,1.03954,3.60,1.84
2012.07.16 14:22:13.956,1.03929,1.03954,2.85,1.84
2012.07.16 14:22:14.016,1.03929,1.03954,3.60,1.84
2012.07.16 14:22:15.405,1.03933,1.03955,1.50,1.84
2012.07.16 14:22:16.701,1.03933,1.03955,1.92,1.50
2012.07.16 14:22:17.079,1.03934,1.03954,1.92,2.10
2012.07.16 14:22:17.147,1.03929,1.03952,3.00,2.44
2012.07.16 14:22:17.378,1.03927,1.0395,3.00,2.44
2012.07.16 14:22:17.552,1.03924,1.03948,3.00,2.44
2012.07.16 14:22:17.670,1.03923,1.03948,3.00,2.44
2012.07.16 14:22:17.788,1.03923,1.03946,1.50,1.68
2012.07.16 14:22:17.908,1.03923,1.03946,1.50,3.18
2012.07.16 14:22:18.430,1.03922,1.03943,1.02,2.24
2012.07.16 14:22:18.605,1.03924,1.03943,1.17,1.50
2012.07.16 14:22:18.666,1.03927,1.03951,1.50,1.84
2012.07.16 14:22:19.715,1.0393,1.03952,1.50,3.34
2012.07.16 14:22:20.292,1.03928,1.0395,1.50,1.84
2012.07.16 14:22:20.825,1.03927,1.0395,1.50,1.84
2012.07.16 14:22:21.435,1.03927,1.0395,1.50,1.50
2012.07.16 14:22:21.497,1.03929,1.03952,1.50,1.50
2012.07.16 14:22:22.033,1.03927,1.03951,1.17,1.50
2012.07.16 14:22:22.375,1.03932,1.03954,2.25,1.84
2012.07.16 14:22:22.716,1.03932,1.0395,1.50,1.50
2012.07.16 14:22:23.051,1.03932,1.03952,1.50,1.50
2012.07.16 14:22:23.112,1.03927,1.03949,1.92,1.50
2012.07.16 14:22:23.648,1.03923,1.03946,2.67,1.50
2012.07.16 14:22:23.767,1.03924,1.03949,2.25,1.84
2012.07.16 14:22:23.884,1.03923,1.03946,2.67,1.50
2012.07.16 14:22:24.169,1.03925,1.03948,1.92,3.00
2012.07.16 14:22:24.440,1.03925,1.03948,1.92,1.50
2012.07.16 14:22:24.966,1.03925,1.03948,1.92,1.50
2012.07.16 14:22:25.083,1.03926,1.03951,1.50,2.24
2012.07.16 14:22:25.725,1.03926,1.03951,1.50,2.24
2012.07.16 14:22:26.249,1.03927,1.0395,2.25,3.34
2012.07.16 14:22:27.295,1.03927,1.0395,1.50,1.50
2012.07.16 14:22:27.365,1.03929,1.03952,1.50,1.84
2012.07.16 14:22:28.079,1.03926,1.03951,2.25,1.84
2012.07.16 14:22:28.622,1.03926,1.03951,2.25,1.84
2012.07.16 14:22:28.738,1.03925,1.03948,2.25,1.50
2012.07.16 14:22:29.242,1.03927,1.03949,1.17,1.50
2012.07.16 14:22:30.104,1.03926,1.0395,2.67,1.50
2012.07.16 14:22:33.347,1.03927,1.0395,2.25,3.72
2012.07.16 14:22:33.883,1.03922,1.03945,1.50,1.50
2012.07.16 14:22:34.320,1.03923,1.03947,2.25,1.08
2012.07.16 14:22:34.602,1.03925,1.03947,2.25,1.08
2012.07.16 14:22:35.052,1.03928,1.03952,1.50,1.84
2012.07.16 14:22:35.168,1.03928,1.03952,1.50,1.84
2012.07.16 14:22:35.396,1.03926,1.03949,1.50,4.08
2012.07.16 14:22:35.826,1.03923,1.03946,2.25,1.84
2012.07.16 14:22:36.412,1.03925,1.03946,1.50,1.84
2012.07.16 14:22:36.584,1.03926,1.03951,1.50,2.58
2012.07.16 14:22:36.645,1.03926,1.03951,2.25,1.84
2012.07.16 14:22:37.164,1.03927,1.03951,1.50,1.84
2012.07.16 14:22:37.465,1.03927,1.03948,1.50,1.50
2012.07.16 14:22:38.357,1.0393,1.03952,1.50,1.50
2012.07.16 14:22:38.822,1.03928,1.0395,1.17,1.50
2012.07.16 14:22:39.053,1.03929,1.03953,2.25,1.84
2012.07.16 14:22:39.114,1.03929,1.03953,2.25,1.84
2012.07.16 14:22:39.287,1.03927,1.0395,1.50,1.84
2012.07.16 14:22:42.381,1.03927,1.0395,1.50,1.84
2012.07.16 14:22:42.498,1.03924,1.03949,3.75,1.84
2012.07.16 14:22:43.033,1.03924,1.03949,2.25,1.84
2012.07.16 14:22:43.646,1.03924,1.03949,2.25,1.84
2012.07.16 14:22:44.315,1.03924,1.03949,1.50,1.84
2012.07.16 14:22:47.053,1.03922,1.03947,3.00,1.84
2012.07.16 14:22:47.224,1.03922,1.03947,1.92,1.50
2012.07.16 14:22:47.287,1.03924,1.03949,1.92,1.50
2012.07.16 14:22:47.403,1.03927,1.0395,1.50,2.58
2012.07.16 14:22:49.844,1.03929,1.03952,1.50,2.58
2012.07.16 14:22:50.290,1.03931,1.03955,1.50,3.34
2012.07.16 14:22:50.406,1.03933,1.03955,1.50,1.84
2012.07.16 14:22:51.328,1.03931,1.03955,1.50,1.84
2012.07.16 14:22:51.975,1.03932,1.03954,1.50,1.84
2012.07.16 14:22:53.497,1.03929,1.03952,2.25,1.50
2012.07.16 14:22:53.836,1.0393,1.0395,1.17,1.50
2012.07.16 14:22:54.009,1.03931,1.03955,1.50,1.50
2012.07.16 14:22:54.236,1.03931,1.03955,1.50,1.84
2012.07.16 14:22:54.771,1.03929,1.03953,1.50,2.58
2012.07.16 14:22:55.285,1.03925,1.03948,2.67,1.50
2012.07.16 14:22:55.536,1.03926,1.03951,2.25,1.84
2012.07.16 14:22:56.600,1.03929,1.03952,1.50,2.58
2012.07.16 14:22:58.244,1.03929,1.03952,1.50,1.84
2012.07.16 14:22:58.550,1.03929,1.03952,1.50,1.84
2012.07.16 14:22:58.665,1.03927,1.0395,2.25,1.84
2012.07.16 14:23:00.315,1.03929,1.03952,1.50,3.34
2012.07.16 14:23:02.402,1.03931,1.03954,1.50,1.08
2012.07.16 14:23:02.770,1.03932,1.03954,1.50,1.50
2012.07.16 14:23:02.834,1.03932,1.03954,1.92,1.50
2012.07.16 14:23:02.895,1.03933,1.03957,1.92,3.74
2012.07.16 14:23:03.438,1.03933,1.03954,1.50,1.50
2012.07.16 14:23:03.775,1.03929,1.03952,2.67,1.50
2012.07.16 14:23:03.835,1.0393,1.03955,1.92,1.50
2012.07.16 14:23:04.259,1.03931,1.03953,1.17,1.50
2012.07.16 14:23:04.591,1.03931,1.03955,1.17,1.50
2012.07.16 14:23:07.657,1.03931,1.03955,1.17,1.50
2012.07.16 14:23:08.160,1.0393,1.03955,2.67,1.50
2012.07.16 14:23:10.365,1.03931,1.03955,1.17,1.50
2012.07.16 14:23:10.855,1.0393,1.03952,2.25,1.50
2012.07.16 14:23:11.193,1.03926,1.03948,1.92,1.50
2012.07.16 14:23:11.530,1.03926,1.03949,2.25,2.24
2012.07.16 14:23:11.646,1.03926,1.03949,1.50,2.24
2012.07.16 14:23:12.052,1.03922,1.03947,2.67,1.88
2012.07.16 14:23:12.595,1.03922,1.03944,1.17,1.50
2012.07.16 14:23:15.268,1.03923,1.03946,1.92,1.50
2012.07.16 14:23:15.386,1.03925,1.03948,1.92,1.50
2012.07.16 14:23:15.446,1.03925,1.03948,1.92,2.24
2012.07.16 14:23:15.859,1.03925,1.03946,1.17,1.50
2012.07.16 14:23:16.205,1.03921,1.03941,1.17,1.50
2012.07.16 14:23:19.004,1.0392,1.03943,1.92,2.24
2012.07.16 14:23:19.178,1.03925,1.03944,1.50,1.08
2012.07.16 14:23:19.519,1.03929,1.03951,1.50,1.08
2012.07.16 14:23:19.852,1.03929,1.03952,1.50,2.58
2012.07.16 14:23:19.914,1.03927,1.0395,1.92,2.24
2012.07.16 14:23:20.141,1.03926,1.03951,3.42,3.00
2012.07.16 14:23:20.886,1.03927,1.0395,1.92,1.50
2012.07.16 14:23:21.426,1.03926,1.03948,1.92,1.50
2012.07.16 14:23:25.017,1.03926,1.03951,2.67,1.50
2012.07.16 14:23:28.129,1.03926,1.03948,1.17,1.50
2012.07.16 14:23:29.106,1.03925,1.03947,1.17,1.50
2012.07.16 14:23:29.626,1.03926,1.03948,1.17,1.50
2012.07.16 14:23:29.687,1.03925,1.03948,2.25,1.50
2012.07.16 14:23:30.078,1.03923,1.03946,4.17,1.50
2012.07.16 14:23:31.187,1.03924,1.03949,1.92,1.50
2012.07.16 14:23:32.078,1.03923,1.03946,1.92,1.50
2012.07.16 14:23:32.194,1.03924,1.03949,1.92,1.50
2012.07.16 14:23:34.121,1.03927,1.0395,2.67,1.50
2012.07.16 14:23:38.924,1.03927,1.0395,2.67,1.50
2012.07.16 14:23:39.158,1.03932,1.03952,1.17,1.50
2012.07.16 14:23:39.711,1.03932,1.03953,1.17,1.50
2012.07.16 14:23:39.828,1.03932,1.03955,1.92,1.50
2012.07.16 14:23:40.002,1.0393,1.03952,2.25,1.50
2012.07.16 14:23:40.543,1.03931,1.03953,1.17,1.50
2012.07.16 14:23:41.092,1.03932,1.03954,1.17,1.50
2012.07.16 14:23:41.976,1.03932,1.03954,1.17,1.50
2012.07.16 14:23:45.811,1.03931,1.03954,1.92,1.50
2012.07.16 14:23:45.927,1.03934,1.03956,1.92,1.88
2012.07.16 14:23:47.230,1.03935,1.03959,1.92,2.24
2012.07.16 14:23:47.932,1.03935,1.03959,2.52,2.24
2012.07.16 14:23:47.995,1.03937,1.03961,1.92,3.00
2012.07.16 14:23:48.224,1.03936,1.03959,2.67,1.50
2012.07.16 14:23:48.340,1.03936,1.03959,1.92,1.50
2012.07.16 14:23:48.457,1.03938,1.0396,1.50,3.34
2012.07.16 14:23:48.797,1.03936,1.03957,1.50,1.88
2012.07.16 14:23:49.136,1.03934,1.03954,1.17,1.50
2012.07.16 14:23:49.660,1.03933,1.03954,1.17,1.50
2012.07.16 14:23:49.948,1.03933,1.03957,1.77,2.22
2012.07.16 14:23:50.415,1.03937,1.03957,1.50,1.88
2012.07.16 14:23:50.755,1.03941,1.03959,1.50,1.08
2012.07.16 14:23:51.007,1.03941,1.03961,1.50,1.23
2012.07.16 14:23:51.148,1.03941,1.0396,1.50,1.08
2012.07.16 14:23:51.402,1.03941,1.03963,1.50,5.35
2012.07.16 14:23:51.530,1.03947,1.03963,1.50,2.92
2012.07.16 14:23:51.760,1.03946,1.03965,1.50,1.09
2012.07.16 14:23:52.004,1.03945,1.03965,1.50,1.09
2012.07.16 14:23:52.342,1.03941,1.03963,1.50,1.84
2012.07.16 14:23:52.589,1.03939,1.03961,2.25,1.84
2012.07.16 14:23:53.263,1.03939,1.03961,2.25,1.84
2012.07.16 14:23:55.178,1.03939,1.03961,2.25,1.84
2012.07.16 14:23:57.352,1.03939,1.03961,2.25,1.84
2012.07.16 14:23:57.579,1.03937,1.03959,1.92,1.50
2012.07.16 14:23:57.750,1.03936,1.0396,2.67,1.84
2012.07.16 14:23:57.811,1.03936,1.0396,2.67,1.84
2012.07.16 14:23:58.149,1.03936,1.03958,1.17,1.50
2012.07.16 14:23:58.632,1.03936,1.0396,2.67,1.84
2012.07.16 14:23:59.287,1.03936,1.0396,2.67,1.84
2012.07.16 14:24:00.388,1.03937,1.03959,3.75,1.50
2012.07.16 14:24:00.917,1.03938,1.03962,2.25,1.84
2012.07.16 14:24:01.636,1.03936,1.0396,2.67,1.84
2012.07.16 14:24:02.183,1.03936,1.0396,2.67,1.84
2012.07.16 14:24:02.658,1.03938,1.0396,1.17,1.50
2012.07.16 14:24:02.995,1.03941,1.03964,1.92,1.09
2012.07.16 14:24:03.112,1.0394,1.03962,1.50,1.84
2012.07.16 14:24:03.659,1.0394,1.03962,1.50,1.84
2012.07.16 14:24:04.408,1.03942,1.03964,1.50,1.84
2012.07.16 14:24:04.526,1.03942,1.03964,1.50,1.50
2012.07.16 14:24:04.973,1.03943,1.03966,1.50,1.08
2012.07.16 14:24:05.476,1.03942,1.03965,1.50,1.50
2012.07.16 14:24:06.006,1.03942,1.03964,2.25,1.50
2012.07.16 14:24:06.409,1.03939,1.03963,2.25,1.84
2012.07.16 14:24:06.796,1.03942,1.03963,1.50,1.08
2012.07.16 14:24:08.788,1.0394,1.03963,1.50,2.58
2012.07.16 14:24:09.303,1.03939,1.03963,1.92,2.24
2012.07.16 14:24:09.475,1.03942,1.03965,1.50,2.24
2012.07.16 14:24:09.535,1.03944,1.03966,1.50,2.58
2012.07.16 14:24:11.153,1.03944,1.03966,1.50,2.58
2012.07.16 14:24:11.470,1.03941,1.03962,1.50,1.08
2012.07.16 14:24:12.033,1.03939,1.03963,1.92,2.58
2012.07.16 14:24:12.696,1.03939,1.03963,1.50,2.58
2012.07.16 14:24:13.115,1.03939,1.03963,2.25,2.58
2012.07.16 14:24:13.457,1.03946,1.0397,2.25,1.84
2012.07.16 14:24:14.013,1.03945,1.03968,1.17,1.84
2012.07.16 14:24:14.322,1.03945,1.03965,1.17,1.50
2012.07.16 14:24:14.605,1.03943,1.03965,1.50,1.84
2012.07.16 14:24:15.604,1.03943,1.03965,1.92,1.50
2012.07.16 14:24:15.724,1.03944,1.03965,1.17,1.50
2012.07.16 14:24:15.977,1.03945,1.03967,1.50,1.50
2012.07.16 14:24:16.478,1.03945,1.03967,1.50,1.84
2012.07.16 14:24:16.764,1.03943,1.03965,3.00,1.84
2012.07.16 14:24:17.805,1.03944,1.03965,1.50,1.84
2012.07.16 14:24:17.922,1.03945,1.03965,1.17,1.50
2012.07.16 14:24:17.984,1.03946,1.03968,2.25,2.58
2012.07.16 14:24:18.538,1.03947,1.03968,1.50,1.08
2012.07.16 14:24:19.304,1.03945,1.03968,1.92,1.08
2012.07.16 14:24:19.889,1.03945,1.03969,2.67,2.58
2012.07.16 14:24:21.212,1.03945,1.03969,1.92,2.58
2012.07.16 14:24:21.760,1.03946,1.03968,1.50,1.08
2012.07.16 14:24:21.821,1.03948,1.03968,1.50,1.08
2012.07.16 14:24:25.162,1.03948,1.03969,1.50,1.08
2012.07.16 14:24:25.390,1.03941,1.03964,1.50,1.84
2012.07.16 14:24:25.508,1.03942,1.03964,1.50,1.84
2012.07.16 14:24:25.680,1.03939,1.03961,1.50,1.84
2012.07.16 14:24:27.583,1.03939,1.03962,3.00,1.84
2012.07.16 14:24:27.757,1.03937,1.03961,2.67,1.84
2012.07.16 14:24:27.821,1.03941,1.03958,1.50,1.50
2012.07.16 14:24:28.376,1.03944,1.03958,1.17,1.50
2012.07.16 14:24:28.657,1.03942,1.03962,1.17,1.50
2012.07.16 14:24:29.095,1.03944,1.03968,1.92,1.50
2012.07.16 14:24:30.114,1.03944,1.03967,1.92,1.50
2012.07.16 14:24:30.176,1.03943,1.03965,1.92,1.50
2012.07.16 14:24:30.292,1.03945,1.03967,1.50,1.50
2012.07.16 14:24:30.518,1.03943,1.03965,1.92,1.50
2012.07.16 14:24:30.854,1.03945,1.03967,1.50,1.50
2012.07.16 14:24:31.404,1.03942,1.03966,1.92,1.50
2012.07.16 14:24:31.466,1.03941,1.03964,3.42,1.50
2012.07.16 14:24:32.031,1.03941,1.03964,1.17,1.50
2012.07.16 14:24:32.946,1.0394,1.03964,1.50,3.19
2012.07.16 14:24:33.043,1.0394,1.03964,1.50,3.19
2012.07.16 14:24:34.565,1.03942,1.03966,1.50,3.34
2012.07.16 14:24:34.680,1.0394,1.03964,3.00,1.84
2012.07.16 14:24:35.187,1.03939,1.03961,1.50,1.50
2012.07.16 14:24:35.728,1.03937,1.0396,1.92,1.50
2012.07.16 14:24:36.338,1.03939,1.03961,1.50,1.84
2012.07.16 14:24:36.678,1.03936,1.0396,3.42,1.50
2012.07.16 14:24:36.795,1.0394,1.03962,1.50,1.84
2012.07.16 14:24:37.135,1.03942,1.03964,1.50,3.19
2012.07.16 14:24:37.585,1.03939,1.03961,1.50,1.50
2012.07.16 14:24:37.770,1.03941,1.03963,1.50,1.84
2012.07.16 14:24:37.887,1.03938,1.0396,1.50,1.50
2012.07.16 14:24:38.222,1.03937,1.03957,1.17,1.50
2012.07.16 14:24:38.285,1.03937,1.03959,2.67,1.50
2012.07.16 14:24:38.959,1.03937,1.03957,1.92,1.50
2012.07.16 14:24:39.078,1.03937,1.03959,3.42,1.50
2012.07.16 14:24:40.150,1.03938,1.03962,2.67,1.84
2012.07.16 14:24:41.049,1.03938,1.03962,2.25,1.84
2012.07.16 14:24:41.393,1.03938,1.03959,1.13,1.50
2012.07.16 14:24:41.510,1.03938,1.03962,1.88,1.84
2012.07.16 14:24:42.043,1.03939,1.03961,1.50,1.84
2012.07.16 14:24:42.815,1.03937,1.0396,1.50,1.50
2012.07.16 14:24:43.155,1.03937,1.0396,1.92,1.50
2012.07.16 14:24:43.218,1.03942,1.03966,1.50,1.84
2012.07.16 14:24:43.336,1.03945,1.03967,1.50,1.84
2012.07.16 14:24:43.850,1.03945,1.03967,3.75,1.84
2012.07.16 14:24:44.355,1.03946,1.03968,1.50,3.34
2012.07.16 14:24:44.991,1.03946,1.03966,1.50,1.50
2012.07.16 14:24:45.163,1.03944,1.03966,2.25,1.84
2012.07.16 14:24:45.749,1.03939,1.03963,2.63,1.84
2012.07.16 14:24:47.090,1.03939,1.03963,2.29,1.50
2012.07.16 14:24:47.264,1.03945,1.03967,2.25,1.50
2012.07.16 14:24:47.768,1.03945,1.03967,2.25,1.50
2012.07.16 14:24:48.838,1.03945,1.03967,2.25,1.84
2012.07.16 14:24:49.621,1.03944,1.03968,3.75,1.84
2012.07.16 14:24:49.739,1.03947,1.0397,1.50,1.84
2012.07.16 14:24:49.856,1.03947,1.0397,1.50,1.84
2012.07.16 14:24:50.402,1.03948,1.03972,1.50,4.08
2012.07.16 14:24:50.464,1.03946,1.0397,2.25,1.84
2012.07.16 14:24:50.749,1.03946,1.0397,2.25,1.84
2012.07.16 14:24:51.084,1.03946,1.03968,1.50,1.08
2012.07.16 14:24:51.203,1.03943,1.03965,2.25,3.00
2012.07.16 14:24:51.814,1.03942,1.03966,2.25,1.84
2012.07.16 14:24:52.323,1.03942,1.03966,2.67,1.50
2012.07.16 14:24:52.858,1.03942,1.03966,2.25,1.84
2012.07.16 14:24:53.413,1.03941,1.03963,3.42,1.50
2012.07.16 14:24:54.004,1.03941,1.03963,2.67,3.00
2012.07.16 14:24:54.515,1.03941,1.03963,2.67,1.50
2012.07.16 14:24:55.022,1.03941,1.03963,2.25,1.50
2012.07.16 14:24:57.290,1.03944,1.03963,2.25,1.50
2012.07.16 14:24:57.741,1.03946,1.03969,1.50,2.25
2012.07.16 14:24:57.858,1.03941,1.03965,2.25,1.50
2012.07.16 14:24:57.919,1.03941,1.03965,2.25,1.50
2012.07.16 14:24:58.723,1.03942,1.03964,1.50,1.50
2012.07.16 14:24:59.128,1.03948,1.0397,1.50,1.84
2012.07.16 14:24:59.300,1.03946,1.03968,1.50,1.84
2012.07.16 14:24:59.833,1.03946,1.03968,1.50,1.84
2012.07.16 14:25:00.491,1.03943,1.03967,2.25,1.84
2012.07.16 14:25:01.004,1.03946,1.03968,1.50,2.58
2012.07.16 14:25:01.467,1.03943,1.03967,1.50,1.84
2012.07.16 14:25:01.583,1.03945,1.03969,1.50,4.08
2012.07.16 14:25:02.618,1.03945,1.03969,1.50,2.58
2012.07.16 14:25:02.773,1.03943,1.03967,1.50,1.84
2012.07.16 14:25:03.000,1.03942,1.03964,1.92,1.50
2012.07.16 14:25:03.338,1.03944,1.03965,1.50,1.08
2012.07.16 14:25:03.623,1.03944,1.03966,1.50,1.50
2012.07.16 14:25:03.850,1.03946,1.03968,1.50,2.58
2012.07.16 14:25:03.967,1.03942,1.03965,1.17,1.50
2012.07.16 14:25:04.663,1.03943,1.03967,1.92,1.84
2012.07.16 14:25:05.167,1.03944,1.03966,1.50,1.50
2012.07.16 14:25:05.624,1.03944,1.03966,2.25,1.50
2012.07.16 14:25:05.909,1.03947,1.03968,2.25,1.34
2012.07.16 14:25:06.316,1.03944,1.03966,2.25,1.50
2012.07.16 14:25:06.716,1.03947,1.03968,1.17,2.84
2012.07.16 14:25:07.247,1.03947,1.03968,1.17,2.10
2012.07.16 14:25:08.390,1.03947,1.03971,1.92,1.50
2012.07.16 14:25:08.675,1.03947,1.03971,1.92,2.24
2012.07.16 14:25:09.671,1.03949,1.03971,1.50,1.50
2012.07.16 14:25:09.899,1.03948,1.03969,1.17,1.50
2012.07.16 14:25:10.419,1.03948,1.03972,1.92,3.34
2012.07.16 14:25:10.989,1.03948,1.03971,2.67,1.50
2012.07.16 14:25:11.052,1.03948,1.03969,1.17,1.50
2012.07.16 14:25:11.233,1.03949,1.03971,1.50,3.00
2012.07.16 14:25:13.114,1.03947,1.0397,1.17,1.50
2012.07.16 14:25:13.839,1.03948,1.03972,2.67,1.50
2012.07.16 14:25:14.103,1.03948,1.0397,1.17,1.50
2012.07.16 14:25:14.409,1.03948,1.03972,2.67,1.50
2012.07.16 14:25:15.586,1.0395,1.03974,1.50,2.58
2012.07.16 14:25:15.761,1.03947,1.03969,2.67,1.50
2012.07.16 14:25:16.195,1.03949,1.03971,1.92,1.50
2012.07.16 14:25:16.538,1.03947,1.03969,4.17,1.50
2012.07.16 14:25:16.774,1.03946,1.0397,3.42,1.50
2012.07.16 14:25:17.000,1.03951,1.03971,1.50,1.50
2012.07.16 14:25:17.061,1.03951,1.03973,1.50,1.84
2012.07.16 14:25:17.233,1.03948,1.0397,3.75,1.50
2012.07.16 14:25:18.392,1.03949,1.0397,1.50,1.50
2012.07.16 14:25:18.564,1.03949,1.03973,1.50,1.84
2012.07.16 14:25:18.778,1.03947,1.03971,3.42,1.50
2012.07.16 14:25:19.122,1.03952,1.03974,1.50,2.58
2012.07.16 14:25:19.360,1.0395,1.03972,1.50,1.50
2012.07.16 14:25:19.476,1.03947,1.03971,2.67,1.50
2012.07.16 14:25:20.214,1.03949,1.03971,1.50,1.50
2012.07.16 14:25:20.320,1.0395,1.03973,1.50,1.08
2012.07.16 14:25:21.419,1.03948,1.03972,1.92,1.50
2012.07.16 14:25:21.535,1.03947,1.03969,2.67,1.50
2012.07.16 14:25:22.047,1.03948,1.03972,1.92,1.50
2012.07.16 14:25:23.473,1.0395,1.03974,1.50,2.58
2012.07.16 14:25:23.811,1.03948,1.03972,1.50,1.50
2012.07.16 14:25:25.015,1.0395,1.03974,1.50,2.58
2012.07.16 14:25:25.429,1.03949,1.03971,1.50,1.50
2012.07.16 14:25:25.922,1.03949,1.03971,2.25,1.50
2012.07.16 14:25:26.265,1.03952,1.03971,1.92,1.50
2012.07.16 14:25:26.658,1.03951,1.03974,1.50,1.84
2012.07.16 14:25:27.165,1.03949,1.03971,2.25,1.50
2012.07.16 14:25:27.380,1.03949,1.03971,1.50,1.50
2012.07.16 14:25:29.463,1.0395,1.03974,1.50,3.34
2012.07.16 14:25:29.580,1.03949,1.03971,3.00,1.50
2012.07.16 14:25:30.028,1.0395,1.03974,1.50,1.84
2012.07.16 14:25:30.225,1.03949,1.03971,1.50,1.50
2012.07.16 14:25:34.013,1.03947,1.03969,3.00,1.50
2012.07.16 14:25:34.361,1.03948,1.03972,1.50,1.84
2012.07.16 14:25:34.879,1.03949,1.03971,1.50,1.50
2012.07.16 14:25:35.759,1.03947,1.03969,2.25,1.50
2012.07.16 14:25:35.820,1.03948,1.03972,2.25,1.84
2012.07.16 14:25:37.544,1.03951,1.03973,1.50,2.58
2012.07.16 14:25:37.881,1.03953,1.03973,1.50,1.08
2012.07.16 14:25:38.317,1.03951,1.03973,1.50,2.58
2012.07.16 14:25:38.858,1.03949,1.03971,1.50,1.50
2012.07.16 14:25:42.595,1.03951,1.03972,1.50,1.08
2012.07.16 14:25:42.986,1.03948,1.03972,1.50,2.58
2012.07.16 14:25:44.092,1.0395,1.03972,1.50,1.08
2012.07.16 14:25:44.709,1.03949,1.03972,1.50,2.58
2012.07.16 14:25:45.255,1.03948,1.03972,1.50,2.58
2012.07.16 14:25:45.591,1.03947,1.03969,2.25,1.50
2012.07.16 14:25:46.578,1.03949,1.03971,1.50,1.50
2012.07.16 14:25:49.145,1.03949,1.03971,1.50,1.84
2012.07.16 14:25:49.207,1.03947,1.0397,1.50,1.84
2012.07.16 14:25:49.435,1.03944,1.03966,2.25,1.50
2012.07.16 14:25:50.018,1.03943,1.03967,2.25,1.50
2012.07.16 14:25:50.761,1.03946,1.03968,1.50,1.84
2012.07.16 14:25:51.085,1.03943,1.03967,1.50,1.50
2012.07.16 14:25:51.146,1.03943,1.03967,2.25,1.50
2012.07.16 14:25:51.594,1.03946,1.03969,1.17,1.50
2012.07.16 14:25:52.153,1.03948,1.0397,1.50,2.24
2012.07.16 14:25:52.656,1.03948,1.0397,1.50,2.24
2012.07.16 14:25:53.089,1.03948,1.0397,1.50,2.58
2012.07.16 14:25:53.428,1.03947,1.03966,1.17,1.50
2012.07.16 14:25:53.783,1.03951,1.03966,2.67,1.50
2012.07.16 14:25:54.010,1.03953,1.03977,1.50,1.99
2012.07.16 14:25:54.222,1.03951,1.03974,1.92,1.50
2012.07.16 14:25:54.513,1.0395,1.03974,2.25,2.59
2012.07.16 14:25:54.798,1.03947,1.03966,1.92,1.50
2012.07.16 14:25:56.180,1.03947,1.03969,1.17,1.50
2012.07.16 14:25:57.635,1.03947,1.03966,1.92,1.50
2012.07.16 14:25:58.171,1.03945,1.03966,1.17,1.50
2012.07.16 14:25:58.289,1.03942,1.03965,2.29,1.50
2012.07.16 14:25:58.533,1.03943,1.03965,1.17,1.50
2012.07.16 14:25:58.650,1.03942,1.03965,1.54,1.50
2012.07.16 14:25:59.445,1.03943,1.03964,1.17,1.50
2012.07.16 14:25:59.505,1.03943,1.03962,1.17,1.50
2012.07.16 14:25:59.843,1.03942,1.03959,1.54,1.50
2012.07.16 14:26:00.464,1.03942,1.03961,1.54,1.50
2012.07.16 14:26:00.691,1.03942,1.03964,3.04,1.50
2012.07.16 14:26:00.810,1.03942,1.03962,1.54,1.50
2012.07.16 14:26:01.160,1.03939,1.0396,1.17,1.50
2012.07.16 14:26:01.558,1.03939,1.03962,2.67,1.50
2012.07.16 14:26:02.013,1.03944,1.03966,2.29,3.00
2012.07.16 14:26:02.685,1.03945,1.03969,1.88,4.49
2012.07.16 14:26:03.135,1.03945,1.03965,2.29,1.50
2012.07.16 14:26:03.253,1.0394,1.03961,1.54,1.50
2012.07.16 14:26:03.982,1.0394,1.03961,1.54,1.50
2012.07.16 14:26:04.619,1.0394,1.03961,1.54,1.50
2012.07.16 14:26:05.982,1.0394,1.03961,1.54,1.50
2012.07.16 14:26:06.155,1.0394,1.03963,1.54,2.25
2012.07.16 14:26:06.784,1.03941,1.03965,2.67,1.84
2012.07.16 14:26:07.302,1.03941,1.03964,1.17,1.50
2012.07.16 14:26:07.698,1.03941,1.03963,4.17,1.50
2012.07.16 14:26:08.187,1.03946,1.03968,1.50,2.99
2012.07.16 14:26:08.422,1.03946,1.03968,1.92,3.74
2012.07.16 14:26:08.650,1.03946,1.03966,1.50,1.08
2012.07.16 14:26:09.056,1.03942,1.03964,1.92,1.50
2012.07.16 14:26:09.840,1.03942,1.03964,1.92,1.50
2012.07.16 14:26:10.124,1.03944,1.03966,1.92,1.50
2012.07.16 14:26:10.829,1.03944,1.03966,1.50,1.84
2012.07.16 14:26:11.115,1.03936,1.03958,2.67,1.50
2012.07.16 14:26:11.233,1.03938,1.03958,2.25,1.50
2012.07.16 14:26:11.296,1.03941,1.03962,1.17,1.50
2012.07.16 14:26:11.527,1.03945,1.03967,1.50,1.08
2012.07.16 14:26:11.644,1.03945,1.03969,1.92,2.24
2012.07.16 14:26:11.761,1.03947,1.0397,1.92,1.08
2012.07.16 14:26:11.997,1.0395,1.0397,1.50,1.08
2012.07.16 14:26:12.337,1.0395,1.03969,1.50,1.08
2012.07.16 14:26:12.619,1.03947,1.0397,2.67,1.08
2012.07.16 14:26:12.752,1.0395,1.03971,1.50,1.08
2012.07.16 14:26:13.020,1.0395,1.03972,1.50,1.84
2012.07.16 14:26:13.089,1.03948,1.0397,1.92,1.50
2012.07.16 14:26:13.209,1.03948,1.0397,2.67,1.50
2012.07.16 14:26:13.471,1.03952,1.03974,1.50,1.84
2012.07.16 14:26:13.744,1.03951,1.03972,1.17,1.50
2012.07.16 14:26:14.972,1.03951,1.03975,1.92,1.84
2012.07.16 14:26:15.971,1.03951,1.03975,1.50,1.84
2012.07.16 14:26:16.520,1.03951,1.03975,1.92,1.84
2012.07.16 14:26:16.970,1.03949,1.03973,3.00,1.84
2012.07.16 14:26:17.032,1.03949,1.03973,2.25,1.84
2012.07.16 14:26:17.665,1.03952,1.03974,1.50,1.84
2012.07.16 14:26:18.280,1.03952,1.03974,1.50,1.84
2012.07.16 14:26:18.801,1.03952,1.03974,1.50,1.84
2012.07.16 14:26:19.452,1.03952,1.03974,1.50,2.58
2012.07.16 14:26:19.514,1.03949,1.03973,1.50,1.84
2012.07.16 14:26:20.361,1.03949,1.03973,1.50,2.58
2012.07.16 14:26:20.421,1.03949,1.03973,1.50,2.58
2012.07.16 14:26:21.012,1.03949,1.03973,1.50,2.58
2012.07.16 14:26:21.555,1.0395,1.03973,1.50,2.58
2012.07.16 14:26:21.725,1.03949,1.03973,1.50,2.58
2012.07.16 14:26:22.067,1.03952,1.03969,1.17,1.50
2012.07.16 14:26:22.130,1.03951,1.03971,3.00,1.50
2012.07.16 14:26:22.192,1.03951,1.03975,3.00,1.84
2012.07.16 14:26:22.423,1.03952,1.03974,1.50,1.50
2012.07.16 14:26:22.485,1.03956,1.03978,1.50,1.23
2012.07.16 14:26:22.603,1.03954,1.03978,1.92,2.39
2012.07.16 14:26:22.778,1.03955,1.03973,1.50,1.50
2012.07.16 14:26:23.118,1.03955,1.03973,1.50,3.18
2012.07.16 14:26:23.180,1.03949,1.03973,1.50,3.93
2012.07.16 14:26:23.409,1.03946,1.03966,2.25,1.50
2012.07.16 14:26:23.471,1.03945,1.03964,1.17,1.50
2012.07.16 14:26:23.644,1.03944,1.03965,1.17,1.50
2012.07.16 14:26:24.166,1.03945,1.03966,1.17,2.24
2012.07.16 14:26:24.439,1.03944,1.03966,1.92,3.74
2012.07.16 14:26:24.943,1.03942,1.03965,1.17,2.24
2012.07.16 14:26:27.003,1.03944,1.03965,1.92,1.50
2012.07.16 14:26:27.287,1.03946,1.03968,1.17,1.50
2012.07.16 14:26:27.403,1.03946,1.0397,2.67,1.50
2012.07.16 14:26:27.916,1.03948,1.03971,1.50,1.50
2012.07.16 14:26:28.460,1.03947,1.0397,1.92,1.50
2012.07.16 14:26:29.407,1.03947,1.0397,1.17,1.50
2012.07.16 14:26:29.847,1.03951,1.03972,1.50,1.50
2012.07.16 14:26:30.361,1.03949,1.03971,2.25,1.50
2012.07.16 14:26:30.422,1.03949,1.03971,1.92,1.50
2012.07.16 14:26:31.138,1.03952,1.03973,1.17,1.50
2012.07.16 14:26:31.255,1.03948,1.0397,2.67,1.50
2012.07.16 14:26:31.373,1.0395,1.03972,1.92,1.50
2012.07.16 14:26:31.941,1.03949,1.03971,1.17,1.50
2012.07.16 14:26:32.874,1.03949,1.0397,1.17,1.50
2012.07.16 14:26:33.610,1.03948,1.03969,1.17,1.50
2012.07.16 14:26:34.123,1.03949,1.0397,1.17,1.50
2012.07.16 14:26:34.486,1.03948,1.0397,1.92,2.24
2012.07.16 14:26:34.547,1.03945,1.03966,1.17,1.50
2012.07.16 14:26:34.886,1.03945,1.03966,1.17,1.50
2012.07.16 14:26:35.002,1.03945,1.03969,2.67,1.50
2012.07.16 14:26:35.193,1.03944,1.03966,1.92,1.50
2012.07.16 14:26:35.367,1.03945,1.03969,1.92,2.24
2012.07.16 14:26:35.483,1.03945,1.03969,1.92,2.24
2012.07.16 14:26:35.545,1.03946,1.03969,1.17,1.50
2012.07.16 14:26:35.731,1.03947,1.03971,2.67,3.00
2012.07.16 14:26:36.418,1.03947,1.03971,2.67,1.50
2012.07.16 14:26:37.416,1.03946,1.03969,1.17,1.50
2012.07.16 14:26:37.755,1.03946,1.03967,1.17,1.50
2012.07.16 14:26:38.630,1.03946,1.03968,1.17,1.50
2012.07.16 14:26:39.460,1.03946,1.03969,1.17,1.50
2012.07.16 14:26:41.101,1.03946,1.03969,1.17,1.50
2012.07.16 14:26:41.820,1.03946,1.03969,1.17,1.50
2012.07.16 14:26:42.570,1.03946,1.03969,1.17,1.50
2012.07.16 14:26:43.123,1.03946,1.03969,1.17,1.50
2012.07.16 14:26:44.219,1.03946,1.03967,1.17,1.50
2012.07.16 14:26:44.658,1.03946,1.03969,1.17,3.00
2012.07.16 14:26:44.773,1.03946,1.03966,1.17,1.50
2012.07.16 14:26:45.450,1.03946,1.03968,2.67,1.50
2012.07.16 14:26:47.107,1.03944,1.03966,1.92,1.50
2012.07.16 14:26:47.397,1.03938,1.03962,1.92,2.24
2012.07.16 14:26:47.458,1.03937,1.0396,1.17,1.50
2012.07.16 14:26:47.912,1.0394,1.0396,1.17,1.50
2012.07.16 14:26:48.182,1.03937,1.0396,1.17,1.50
2012.07.16 14:26:48.666,1.03937,1.03959,2.67,1.50
2012.07.16 14:26:48.786,1.03942,1.03965,1.17,2.24
2012.07.16 14:26:49.058,1.03944,1.03965,1.17,2.24
2012.07.16 14:26:49.127,1.03947,1.03966,1.17,1.50
2012.07.16 14:26:50.063,1.03947,1.03968,1.17,1.50
2012.07.16 14:26:50.184,1.03948,1.0397,1.92,1.50
2012.07.16 14:26:51.006,1.03947,1.03968,1.17,1.50
2012.07.16 14:26:52.480,1.03947,1.03968,1.17,1.50
2012.07.16 14:26:52.793,1.03947,1.03968,1.17,1.50
2012.07.16 14:26:52.899,1.03947,1.03971,2.67,3.00
2012.07.16 14:26:54.060,1.03947,1.0397,2.67,1.50
2012.07.16 14:26:54.721,1.03947,1.03969,1.17,1.50
2012.07.16 14:26:55.613,1.03948,1.0397,1.92,1.50
2012.07.16 14:26:58.818,1.0395,1.0397,1.17,1.50
2012.07.16 14:27:00.552,1.03947,1.03971,2.67,1.50
2012.07.16 14:27:00.778,1.0395,1.03973,1.17,2.58
2012.07.16 14:27:01.333,1.03949,1.03973,1.92,4.08
2012.07.16 14:27:01.480,1.03949,1.0397,1.92,1.50
2012.07.16 14:27:02.851,1.03949,1.03973,1.92,1.84
2012.07.16 14:27:02.912,1.0395,1.03973,1.17,1.84
2012.07.16 14:27:03.226,1.0395,1.03971,1.17,1.50
2012.07.16 14:27:03.341,1.03947,1.03971,2.67,1.50
2012.07.16 14:27:05.288,1.03946,1.03969,1.92,1.50
2012.07.16 14:27:05.945,1.03948,1.0397,1.92,1.50
2012.07.16 14:27:07.827,1.03949,1.03973,1.92,2.58
2012.07.16 14:27:08.336,1.03949,1.03973,1.92,2.58
2012.07.16 14:27:08.850,1.03949,1.03973,1.92,2.58
2012.07.16 14:27:09.352,1.03947,1.03971,1.92,1.50
2012.07.16 14:27:09.988,1.03947,1.03971,1.92,1.50
2012.07.16 14:27:10.105,1.03946,1.03967,3.42,1.50
2012.07.16 14:27:10.282,1.03943,1.03966,1.92,1.50
2012.07.16 14:27:10.343,1.03942,1.03963,1.17,1.50
2012.07.16 14:27:10.568,1.03942,1.03966,2.67,1.50
2012.07.16 14:27:11.221,1.03943,1.03965,1.92,1.50
2012.07.16 14:27:12.686,1.03945,1.03967,1.92,1.50
2012.07.16 14:27:12.756,1.03946,1.0397,1.92,2.24
2012.07.16 14:27:13.094,1.03948,1.03972,1.92,2.24
2012.07.16 14:27:13.328,1.03947,1.03969,1.92,1.50
2012.07.16 14:27:14.608,1.03946,1.03967,1.92,1.50
2012.07.16 14:27:15.281,1.03946,1.0397,3.42,1.50
2012.07.16 14:27:16.786,1.03946,1.03969,3.42,1.50
2012.07.16 14:27:16.846,1.03946,1.03967,1.92,1.50
2012.07.16 14:27:17.605,1.03947,1.03969,1.92,1.50
2012.07.16 14:27:17.825,1.03949,1.03971,1.92,1.50
2012.07.16 14:27:19.105,1.03947,1.03969,1.92,1.50
2012.07.16 14:27:22.607,1.03947,1.03969,1.92,1.50
2012.07.16 14:27:25.425,1.03949,1.03969,1.17,1.50
2012.07.16 14:27:25.748,1.03947,1.03969,1.92,1.50
2012.07.16 14:27:25.872,1.03949,1.03969,1.17,1.50
2012.07.16 14:27:26.043,1.03949,1.03972,1.17,2.24
2012.07.16 14:27:26.161,1.03949,1.0397,1.52,1.50
2012.07.16 14:27:26.502,1.03947,1.03966,1.92,1.50
2012.07.16 14:27:26.786,1.03947,1.03971,1.92,3.00
2012.07.16 14:27:27.204,1.03947,1.03971,1.92,1.50
2012.07.16 14:27:27.321,1.03947,1.03971,1.92,1.50
2012.07.16 14:27:27.660,1.03946,1.03966,1.17,1.50
2012.07.16 14:27:28.087,1.03948,1.03969,1.02,3.00
2012.07.16 14:27:28.372,1.03951,1.0397,1.02,1.50
2012.07.16 14:27:28.490,1.03954,1.03975,1.92,2.24
2012.07.16 14:27:28.553,1.03955,1.03977,1.92,1.48
2012.07.16 14:27:29.088,1.03954,1.03976,1.17,1.28
2012.07.16 14:27:29.615,1.0395,1.03972,2.67,1.50
2012.07.16 14:27:30.072,1.03951,1.03975,2.67,2.10
2012.07.16 14:27:30.654,1.03953,1.03975,1.50,2.10
2012.07.16 14:27:31.068,1.03954,1.03976,1.50,1.08
2012.07.16 14:27:31.263,1.0395,1.03974,2.25,1.84
2012.07.16 14:27:31.885,1.0395,1.03973,1.50,1.84
2012.07.16 14:27:32.413,1.03949,1.03971,1.50,1.84
2012.07.16 14:27:32.473,1.03951,1.03973,1.50,3.34
2012.07.16 14:27:32.590,1.03949,1.0397,1.50,1.50
2012.07.16 14:27:33.094,1.03948,1.0397,1.50,1.50
2012.07.16 14:27:33.393,1.03948,1.0397,2.25,1.50
2012.07.16 14:27:33.947,1.03947,1.03971,2.25,1.84
2012.07.16 14:27:34.119,1.03947,1.03971,1.50,1.84
2012.07.16 14:27:34.632,1.03947,1.03971,1.50,1.84
2012.07.16 14:27:35.247,1.03946,1.03969,1.50,1.50
2012.07.16 14:27:36.185,1.03946,1.03969,1.92,1.84
2012.07.16 14:27:36.690,1.03946,1.03969,1.92,1.84
2012.07.16 14:27:37.311,1.03946,1.03969,1.92,1.84
2012.07.16 14:27:38.289,1.03946,1.03966,1.92,1.50
2012.07.16 14:27:38.632,1.03938,1.03961,1.92,1.50
2012.07.16 14:27:39.262,1.03939,1.03962,2.25,1.50
2012.07.16 14:27:39.324,1.03939,1.03963,1.50,1.84
2012.07.16 14:27:39.413,1.03939,1.03963,2.25,1.84
2012.07.16 14:27:40.099,1.03942,1.03964,1.50,1.84
2012.07.16 14:27:40.632,1.03941,1.03965,1.50,2.58
2012.07.16 14:27:41.758,1.03941,1.03965,1.92,2.24
2012.07.16 14:27:42.043,1.03943,1.03965,1.50,1.50
2012.07.16 14:27:44.565,1.03942,1.03966,2.25,2.24
2012.07.16 14:27:45.107,1.03942,1.03966,2.67,2.24
2012.07.16 14:27:45.712,1.03942,1.03966,2.67,2.24
2012.07.16 14:27:46.243,1.03942,1.03966,2.67,2.24
2012.07.16 14:27:46.764,1.03942,1.03966,2.67,2.24
2012.07.16 14:27:47.368,1.03942,1.03966,1.92,2.24
2012.07.16 14:27:48.127,1.03942,1.03966,1.92,2.24
2012.07.16 14:27:48.734,1.03942,1.03966,1.92,1.50
2012.07.16 14:27:49.070,1.03947,1.03969,1.50,2.24
2012.07.16 14:27:49.131,1.03947,1.03969,1.50,1.50
2012.07.16 14:27:49.891,1.03944,1.03967,1.50,1.50
2012.07.16 14:27:50.062,1.03943,1.03967,2.25,1.50
2012.07.16 14:27:50.733,1.03946,1.03968,2.25,2.24
2012.07.16 14:27:52.377,1.03946,1.03968,2.25,2.24
2012.07.16 14:27:52.714,1.03949,1.0397,1.17,1.50
2012.07.16 14:27:54.099,1.03948,1.0397,1.92,1.50
2012.07.16 14:27:54.317,1.0395,1.0397,1.17,1.50
2012.07.16 14:27:57.873,1.03948,1.0397,2.67,1.50
2012.07.16 14:27:57.934,1.03948,1.0397,2.25,1.50
2012.07.16 14:28:01.662,1.03949,1.0397,1.17,2.24
2012.07.16 14:28:01.958,1.0395,1.03974,2.25,1.84
2012.07.16 14:28:02.074,1.03949,1.03972,1.17,1.50
2012.07.16 14:28:03.180,1.03948,1.03972,3.27,1.50
2012.07.16 14:28:03.411,1.03948,1.03968,1.17,1.50
2012.07.16 14:28:04.032,1.03948,1.03968,1.17,1.50
2012.07.16 14:28:05.035,1.03944,1.03967,1.17,1.84
2012.07.16 14:28:05.210,1.03942,1.03965,1.17,1.50
2012.07.16 14:28:05.723,1.03941,1.03965,3.42,1.50
2012.07.16 14:28:06.082,1.03941,1.03965,3.42,1.84
2012.07.16 14:28:06.199,1.03939,1.03963,2.25,1.84
2012.07.16 14:28:06.315,1.03939,1.03963,2.25,3.34
2012.07.16 14:28:06.697,1.0394,1.03963,2.25,1.84
2012.07.16 14:28:07.605,1.03944,1.03964,1.17,1.50
2012.07.16 14:28:08.009,1.0395,1.0397,1.50,1.08
2012.07.16 14:28:08.125,1.0395,1.03972,1.50,1.84
2012.07.16 14:28:08.324,1.03948,1.0397,3.00,1.84
2012.07.16 14:28:08.542,1.03945,1.03969,3.42,1.50
2012.07.16 14:28:09.047,1.03947,1.03971,1.50,1.84
2012.07.16 14:28:09.107,1.03946,1.03968,4.50,1.50
2012.07.16 14:28:09.804,1.03946,1.03966,1.50,1.50
2012.07.16 14:28:10.586,1.03946,1.03969,1.50,1.50
2012.07.16 14:28:10.787,1.03946,1.03966,1.50,1.50
2012.07.16 14:28:11.127,1.03942,1.03963,1.17,1.50
2012.07.16 14:28:11.479,1.03942,1.03965,1.17,3.34
2012.07.16 14:28:11.540,1.03941,1.03965,2.25,1.84
2012.07.16 14:28:11.662,1.0394,1.03963,1.50,1.84
2012.07.16 14:28:12.311,1.03939,1.03963,1.50,1.84
2012.07.16 14:28:12.842,1.03939,1.03963,1.50,1.84
2012.07.16 14:28:12.905,1.03942,1.03964,1.50,2.58
2012.07.16 14:28:13.287,1.03939,1.03963,3.00,1.84
2012.07.16 14:28:13.635,1.03942,1.03964,1.50,4.08
2012.07.16 14:28:13.975,1.03946,1.03969,1.50,1.08
2012.07.16 14:28:14.037,1.03946,1.0397,1.50,2.58
2012.07.16 14:28:14.572,1.03947,1.03969,1.50,1.84
2012.07.16 14:28:14.973,1.03944,1.03968,1.50,1.84
2012.07.16 14:28:15.178,1.03943,1.03965,3.00,1.50
2012.07.16 14:28:15.298,1.03944,1.03968,1.50,1.84
2012.07.16 14:28:17.268,1.03942,1.03966,2.67,1.50
2012.07.16 14:28:17.873,1.03944,1.03968,1.50,1.84
2012.07.16 14:28:18.884,1.03944,1.03968,1.50,2.44
2012.07.16 14:28:19.057,1.03942,1.03959,1.50,1.08
2012.07.16 14:28:19.118,1.03937,1.0396,1.17,2.24
2012.07.16 14:28:19.291,1.03938,1.03962,1.50,2.58
2012.07.16 14:28:19.602,1.03941,1.03962,1.50,1.08
2012.07.16 14:28:23.226,1.03937,1.03961,3.27,1.84
2012.07.16 14:28:25.373,1.03939,1.03962,1.50,1.08
2012.07.16 14:28:28.304,1.03939,1.03963,3.42,2.24
2012.07.16 14:28:28.369,1.03942,1.03965,1.17,1.84
2012.07.16 14:28:28.485,1.03944,1.03965,1.50,1.84
2012.07.16 14:28:28.728,1.03942,1.03965,1.17,1.84
2012.07.16 14:28:28.899,1.03946,1.03968,1.50,1.84
2012.07.16 14:28:29.014,1.03943,1.03967,1.50,1.84
2012.07.16 14:28:38.592,1.03943,1.03967,1.50,1.84
2012.07.16 14:28:39.745,1.03948,1.03969,1.50,2.58
2012.07.16 14:28:39.916,1.03948,1.0397,1.50,2.24
2012.07.16 14:28:40.096,1.0395,1.03971,1.50,1.08
2012.07.16 14:28:40.447,1.0395,1.03971,2.25,1.08
2012.07.16 14:28:40.507,1.0395,1.03971,2.25,1.08
2012.07.16 14:28:40.789,1.0395,1.03971,1.50,2.58
2012.07.16 14:28:41.179,1.03946,1.03968,3.75,1.50
2012.07.16 14:28:41.405,1.03949,1.03971,1.50,1.08
2012.07.16 14:28:41.933,1.03949,1.03971,1.50,1.08
2012.07.16 14:28:42.309,1.03947,1.03971,1.50,2.58
2012.07.16 14:28:42.833,1.03947,1.03971,1.50,2.58
2012.07.16 14:28:42.949,1.03946,1.03968,2.25,1.50
2012.07.16 14:28:43.287,1.03944,1.03966,1.50,1.50
2012.07.16 14:28:43.855,1.03943,1.03967,2.25,1.84
2012.07.16 14:28:45.270,1.03943,1.03967,2.25,1.84
2012.07.16 14:28:46.578,1.03943,1.03967,3.00,1.84
2012.07.16 14:28:47.453,1.03948,1.0397,1.50,2.58
2012.07.16 14:28:47.999,1.03945,1.03969,2.25,1.84
2012.07.16 14:28:50.853,1.03948,1.03968,2.10,1.08
2012.07.16 14:28:51.186,1.03949,1.0397,1.35,2.24
2012.07.16 14:28:51.530,1.03948,1.03967,1.50,1.50
2012.07.16 14:28:51.847,1.03951,1.03965,1.17,1.50
2012.07.16 14:28:52.021,1.03951,1.03967,1.17,1.50
2012.07.16 14:28:52.083,1.03952,1.0397,1.17,1.50
2012.07.16 14:28:52.144,1.03952,1.03974,2.67,1.50
2012.07.16 14:28:52.680,1.03952,1.03973,1.17,1.50
2012.07.16 14:28:53.242,1.03952,1.03974,1.92,1.50
2012.07.16 14:28:53.594,1.0395,1.03972,1.92,1.50
2012.07.16 14:28:54.634,1.03949,1.03973,2.67,1.50
2012.07.16 14:28:54.996,1.03951,1.03975,1.92,2.58
2012.07.16 14:28:55.637,1.03953,1.03977,1.92,2.40
2012.07.16 14:28:55.701,1.03953,1.03976,1.50,1.24
2012.07.16 14:28:56.261,1.03952,1.03973,1.17,1.50
2012.07.16 14:28:56.823,1.03951,1.03974,1.17,1.50
2012.07.16 14:28:57.324,1.03951,1.03974,1.17,2.25
2012.07.16 14:28:58.269,1.0395,1.03971,1.17,1.50
2012.07.16 14:28:58.665,1.0395,1.03971,1.17,1.50
2012.07.16 14:28:58.894,1.03948,1.03972,2.63,1.84
2012.07.16 14:28:58.959,1.03948,1.03972,1.50,2.58
2012.07.16 14:28:59.246,1.03944,1.03967,2.25,1.32
2012.07.16 14:28:59.420,1.03944,1.03964,1.50,1.50
2012.07.16 14:28:59.788,1.03941,1.03963,1.17,1.50
2012.07.16 14:29:00.577,1.03941,1.03963,1.17,1.50
2012.07.16 14:29:01.090,1.03939,1.03963,1.17,1.84
2012.07.16 14:29:01.381,1.03938,1.03963,1.92,1.84
2012.07.16 14:29:01.553,1.03936,1.03959,1.92,1.50
2012.07.16 14:29:02.656,1.03937,1.03959,1.17,1.50
2012.07.16 14:29:03.164,1.03937,1.0396,2.67,1.50
2012.07.16 14:29:03.569,1.03938,1.03959,1.17,1.50
2012.07.16 14:29:03.846,1.03937,1.03959,1.17,1.50
2012.07.16 14:29:03.908,1.03937,1.03961,1.17,1.50
2012.07.16 14:29:04.901,1.03936,1.0396,3.42,1.50
2012.07.16 14:29:05.164,1.03936,1.0396,3.42,1.50
2012.07.16 14:29:05.453,1.03945,1.03969,1.50,3.18
2012.07.16 14:29:05.961,1.03946,1.03969,1.17,2.24
2012.07.16 14:29:06.520,1.03948,1.03969,1.92,1.50
2012.07.16 14:29:06.582,1.0395,1.03973,1.92,1.08
2012.07.16 14:29:06.758,1.03951,1.03974,1.17,2.24
2012.07.16 14:29:07.275,1.03952,1.03973,2.67,1.50
2012.07.16 14:29:07.793,1.03951,1.03968,1.35,1.50
2012.07.16 14:29:07.966,1.03947,1.03968,1.17,1.50
2012.07.16 14:29:08.028,1.03949,1.03971,1.50,1.50
2012.07.16 14:29:08.544,1.03951,1.03973,1.50,1.50
2012.07.16 14:29:08.924,1.03951,1.03972,1.50,1.08
2012.07.16 14:29:09.228,1.03948,1.03972,1.50,2.58
2012.07.16 14:29:09.403,1.03951,1.03972,1.50,1.08
2012.07.16 14:29:09.521,1.03948,1.03972,1.50,2.58
2012.07.16 14:29:10.056,1.03947,1.0397,1.17,1.84
2012.07.16 14:29:10.209,1.03949,1.03971,1.50,1.84
2012.07.16 14:29:10.325,1.03947,1.03969,2.67,1.50
2012.07.16 14:29:10.442,1.03949,1.03971,1.50,1.84
2012.07.16 14:29:10.943,1.03949,1.03971,1.50,1.84
2012.07.16 14:29:11.006,1.03947,1.03969,1.50,1.84
2012.07.16 14:29:11.068,1.03947,1.03969,1.50,1.84
2012.07.16 14:29:11.187,1.03945,1.03967,2.25,1.84
2012.07.16 14:29:11.249,1.03945,1.03967,1.50,1.84
2012.07.16 14:29:11.312,1.03943,1.03966,1.50,1.84
2012.07.16 14:29:11.373,1.03943,1.03966,1.92,1.84
2012.07.16 14:29:11.435,1.03943,1.03966,2.67,1.84
2012.07.16 14:29:12.143,1.03946,1.03969,2.67,1.08
2012.07.16 14:29:12.371,1.03948,1.0397,1.02,1.50
2012.07.16 14:29:12.713,1.03957,1.03975,1.50,1.32
2012.07.16 14:29:12.775,1.03955,1.03975,1.50,1.32
2012.07.16 14:29:13.451,1.03955,1.03975,1.50,1.32
2012.07.16 14:29:14.174,1.03952,1.03976,1.50,3.18
2012.07.16 14:29:14.290,1.03952,1.03976,1.50,3.18
2012.07.16 14:29:14.462,1.03948,1.03972,2.67,1.84
2012.07.16 14:29:14.596,1.03951,1.03973,1.50,1.84
2012.07.16 14:29:15.164,1.03948,1.03972,2.67,1.84
2012.07.16 14:29:15.609,1.03948,1.03972,1.50,2.58
2012.07.16 14:29:16.060,1.03952,1.03971,1.50,1.08
2012.07.16 14:29:16.288,1.0395,1.03972,1.50,2.58
2012.07.16 14:29:17.000,1.0395,1.03971,1.50,1.08
2012.07.16 14:29:17.106,1.03947,1.03971,3.75,2.58
2012.07.16 14:29:17.232,1.0395,1.03971,1.50,1.08
2012.07.16 14:29:18.244,1.0395,1.03972,1.50,2.58
2012.07.16 14:29:18.600,1.03954,1.03976,1.50,3.31
2012.07.16 14:29:18.773,1.03957,1.03977,1.50,1.24
2012.07.16 14:29:19.496,1.03957,1.03977,1.50,1.24
2012.07.16 14:29:19.745,1.03957,1.0398,1.92,1.48
2012.07.16 14:29:20.347,1.03957,1.03976,1.17,1.12
2012.07.16 14:29:20.800,1.0396,1.03981,1.50,1.24
2012.07.16 14:29:21.140,1.03961,1.03982,1.17,2.40
2012.07.16 14:29:21.768,1.03962,1.03982,1.17,2.40
2012.07.16 14:29:22.336,1.03961,1.03984,2.67,1.24
2012.07.16 14:29:23.661,1.03962,1.03986,1.50,2.74
2012.07.16 14:29:24.249,1.03961,1.03983,3.42,2.10
2012.07.16 14:29:24.754,1.03963,1.03982,1.50,2.10
2012.07.16 14:29:25.147,1.03965,1.03987,1.50,2.01
2012.07.16 14:29:25.453,1.03962,1.03986,3.75,2.01
2012.07.16 14:29:25.569,1.03964,1.03988,1.50,2.01
2012.07.16 14:29:26.540,1.03962,1.03986,2.25,2.01
2012.07.16 14:29:26.973,1.03964,1.03988,1.50,2.58
2012.07.16 14:29:28.316,1.03964,1.03988,1.92,2.24
2012.07.16 14:29:28.600,1.03965,1.03988,1.17,1.50
2012.07.16 14:29:28.716,1.03969,1.03992,1.50,1.84
2012.07.16 14:29:29.220,1.03968,1.03993,1.50,2.59
2012.07.16 14:29:29.726,1.03967,1.03989,2.25,1.84
2012.07.16 14:29:31.273,1.03965,1.03987,2.25,1.84
2012.07.16 14:29:31.800,1.03965,1.03987,1.50,1.84
2012.07.16 14:29:32.268,1.03964,1.03988,2.25,1.84
2012.07.16 14:29:33.329,1.03964,1.03988,2.67,1.84
2012.07.16 14:29:33.782,1.03962,1.03986,2.25,2.44
2012.07.16 14:29:33.846,1.03961,1.03982,1.50,1.50
2012.07.16 14:29:33.908,1.03961,1.03979,1.50,1.50
2012.07.16 14:29:34.025,1.03959,1.03979,1.17,1.50
2012.07.16 14:29:34.196,1.0396,1.03984,1.92,2.25
2012.07.16 14:29:34.701,1.0396,1.03984,2.67,1.50
2012.07.16 14:29:34.984,1.03966,1.0399,1.50,2.58
2012.07.16 14:29:35.701,1.03965,1.03987,1.50,1.50
2012.07.16 14:29:36.482,1.03967,1.03989,1.50,2.58
2012.07.16 14:29:38.020,1.03965,1.03987,3.00,1.84
2012.07.16 14:29:39.423,1.03965,1.03987,2.25,1.50
2012.07.16 14:29:39.995,1.03967,1.03989,1.50,2.58
2012.07.16 14:29:40.675,1.03965,1.03987,2.25,1.50
2012.07.16 14:29:41.389,1.03965,1.03987,2.25,1.84
2012.07.16 14:29:41.690,1.03962,1.03986,3.75,2.58
2012.07.16 14:29:41.802,1.03962,1.03986,4.17,2.24
2012.07.16 14:29:41.919,1.03962,1.03986,2.67,2.24
2012.07.16 14:29:42.147,1.03964,1.03987,1.50,1.08
2012.07.16 14:29:42.723,1.03964,1.03987,1.50,1.08
2012.07.16 14:29:43.242,1.03966,1.03987,1.50,1.08
2012.07.16 14:29:44.106,1.03966,1.03987,1.50,1.08
2012.07.16 14:29:44.659,1.03965,1.03987,2.25,2.58
2012.07.16 14:29:45.350,1.03965,1.03987,1.50,2.58
2012.07.16 14:29:45.977,1.03965,1.03987,2.25,2.58
2012.07.16 14:29:47.846,1.03965,1.03987,1.50,2.58
2012.07.16 14:29:48.435,1.03965,1.03987,1.50,2.58
2012.07.16 14:29:48.664,1.03966,1.03987,1.17,2.24
2012.07.16 14:29:48.953,1.03968,1.03991,1.50,2.58
2012.07.16 14:29:49.819,1.03965,1.03989,1.92,1.50
2012.07.16 14:29:52.046,1.03968,1.0399,1.50,2.58
2012.07.16 14:29:52.653,1.03968,1.03991,1.50,2.58
2012.07.16 14:29:53.765,1.03969,1.03991,1.50,1.08
2012.07.16 14:29:54.273,1.03968,1.03989,1.50,1.50
2012.07.16 14:29:54.642,1.03968,1.03991,1.50,1.84
2012.07.16 14:29:54.759,1.0397,1.03993,1.50,4.08
2012.07.16 14:29:55.904,1.03968,1.03991,3.00,1.84
2012.07.16 14:29:56.344,1.0397,1.03993,1.50,2.58
2012.07.16 14:29:56.686,1.03968,1.03991,1.50,1.84
2012.07.16 14:29:57.179,1.03971,1.03993,1.50,1.08
2012.07.16 14:29:57.756,1.0397,1.03993,1.50,2.58
2012.07.16 14:29:57.817,1.03968,1.03991,1.50,1.84
2012.07.16 14:29:58.346,1.03967,1.03992,2.85,1.84
2012.07.16 14:29:59.755,1.0397,1.03993,1.50,4.08
2012.07.16 14:30:00.317,1.0397,1.03993,1.50,4.68
2012.07.16 14:30:00.836,1.0397,1.03993,2.25,2.07
2012.07.16 14:30:01.120,1.03968,1.03993,1.92,3.42
2012.07.16 14:30:01.181,1.03971,1.03993,1.50,1.17
2012.07.16 14:30:01.300,1.03968,1.03992,1.50,1.30
2012.07.16 14:30:01.621,1.0397,1.03992,1.50,1.08
2012.07.16 14:30:02.102,1.0397,1.03988,1.50,1.50
2012.07.16 14:30:02.232,1.03966,1.03986,1.02,1.50
2012.07.16 14:30:02.688,1.03966,1.03988,1.77,1.50
2012.07.16 14:30:02.807,1.03967,1.0399,1.92,1.50
2012.07.16 14:30:03.865,1.03971,1.0399,1.50,1.50
2012.07.16 14:30:04.203,1.03974,1.03992,1.50,1.08
2012.07.16 14:30:04.741,1.03974,1.03996,1.50,1.08
2012.07.16 14:30:05.045,1.03976,1.03996,1.50,1.08
2012.07.16 14:30:05.571,1.03977,1.03997,1.50,1.23
2012.07.16 14:30:06.246,1.03977,1.03997,1.50,2.73
2012.07.16 14:30:06.361,1.03977,1.03996,1.50,1.08
2012.07.16 14:30:06.423,1.03972,1.03995,1.50,1.50
2012.07.16 14:30:06.684,1.03973,1.03998,2.67,2.39
2012.07.16 14:30:06.991,1.03977,1.03999,2.25,1.23
2012.07.16 14:30:07.794,1.03977,1.03999,3.75,1.23
2012.07.16 14:30:08.138,1.03979,1.04002,1.92,1.23
2012.07.16 14:30:08.703,1.03979,1.04004,1.92,4.98
2012.07.16 14:30:09.221,1.03979,1.04002,1.92,2.24
2012.07.16 14:30:09.730,1.03979,1.04002,1.92,2.10
2012.07.16 14:30:10.179,1.03982,1.04004,1.50,1.83
2012.07.16 14:30:10.352,1.03977,1.04,2.67,2.10
2012.07.16 14:30:10.835,1.03979,1.04002,1.92,2.10
2012.07.16 14:30:11.139,1.03982,1.04001,1.17,2.10
2012.07.16 14:30:11.312,1.03978,1.04001,2.66,1.50
2012.07.16 14:30:11.541,1.03979,1.04001,1.16,1.50
2012.07.16 14:30:11.604,1.03978,1.04001,3.04,1.85
2012.07.16 14:30:11.777,1.0398,1.04002,1.50,1.85
2012.07.16 14:30:12.093,1.03974,1.03997,2.29,1.50
2012.07.16 14:30:12.264,1.03978,1.04,1.54,3.00
2012.07.16 14:30:12.492,1.03978,1.04003,3.04,2.60
2012.07.16 14:30:12.841,1.03978,1.04003,3.04,2.60
2012.07.16 14:30:13.354,1.03978,1.04,1.54,1.50
2012.07.16 14:30:13.582,1.03979,1.04003,1.16,1.50
2012.07.16 14:30:14.090,1.03978,1.04003,2.63,1.85
2012.07.16 14:30:14.621,1.03978,1.04001,1.13,1.50
2012.07.16 14:30:15.236,1.03979,1.04002,2.25,1.85
2012.07.16 14:30:15.750,1.03977,1.04001,2.25,1.50
2012.07.16 14:30:15.814,1.03977,1.04001,2.25,1.85
2012.07.16 14:30:15.931,1.03977,1.04001,1.50,2.24
2012.07.16 14:30:16.363,1.03975,1.03998,1.50,1.50
2012.07.16 14:30:16.766,1.03976,1.04001,1.91,2.24
2012.07.16 14:30:17.416,1.03976,1.04001,1.91,2.58
2012.07.16 14:30:17.972,1.03977,1.04001,1.16,2.24
2012.07.16 14:30:18.345,1.03979,1.04002,1.50,2.58
2012.07.16 14:30:18.853,1.03981,1.04002,1.50,1.08
2012.07.16 14:30:19.191,1.03979,1.04001,1.50,1.08
2012.07.16 14:30:19.702,1.03979,1.04001,1.50,1.08
2012.07.16 14:30:20.050,1.03981,1.04001,1.50,1.08
2012.07.16 14:30:21.004,1.0398,1.04001,1.50,1.08
2012.07.16 14:30:21.542,1.03979,1.04001,1.50,1.08
2012.07.16 14:30:22.091,1.03979,1.04001,1.50,1.08
2012.07.16 14:30:22.856,1.03979,1.04002,1.50,1.85
2012.07.16 14:30:25.072,1.0398,1.04003,1.50,1.10
2012.07.16 14:30:25.451,1.03978,1.04003,1.91,2.60
2012.07.16 14:30:25.643,1.03977,1.04,2.66,1.50
2012.07.16 14:30:26.458,1.03978,1.04003,1.91,4.10
2012.07.16 14:30:27.369,1.03978,1.04,1.16,1.50
2012.07.16 14:30:27.458,1.03979,1.04002,1.50,1.85
2012.07.16 14:30:28.183,1.03977,1.03998,1.91,1.50
2012.07.16 14:30:28.301,1.03975,1.03998,1.50,1.50
2012.07.16 14:30:28.749,1.03973,1.03996,4.16,1.50
2012.07.16 14:30:29.088,1.03977,1.04,3.00,1.50
2012.07.16 14:30:30.045,1.03977,1.04,3.00,1.85
2012.07.16 14:30:30.272,1.03977,1.03999,2.25,1.08
2012.07.16 14:30:30.591,1.03972,1.03992,1.91,1.50
2012.07.16 14:30:30.678,1.03972,1.03994,1.91,1.50
2012.07.16 14:30:31.341,1.03972,1.03996,2.66,1.50
2012.07.16 14:30:31.625,1.03975,1.03997,1.50,1.50
2012.07.16 14:30:31.965,1.03975,1.03997,1.16,1.50
2012.07.16 14:30:32.025,1.03977,1.04,1.91,1.85
2012.07.16 14:30:32.295,1.03979,1.04002,1.50,1.85
2012.07.16 14:30:32.646,1.03977,1.04,1.91,1.85
2012.07.16 14:30:33.277,1.03977,1.04,1.91,1.50
2012.07.16 14:30:33.337,1.03977,1.04,1.50,1.85
2012.07.16 14:30:33.507,1.03975,1.03998,2.66,1.85
2012.07.16 14:30:33.569,1.03975,1.03998,3.41,1.85
2012.07.16 14:30:33.914,1.03976,1.03998,1.91,1.50
2012.07.16 14:30:34.087,1.03978,1.04001,1.91,1.85
2012.07.16 14:30:34.459,1.03976,1.03998,1.91,1.50
2012.07.16 14:30:34.690,1.03976,1.04,1.16,1.50
2012.07.16 14:30:36.352,1.03978,1.04001,1.91,1.85
2012.07.16 14:30:36.468,1.03976,1.03999,2.66,1.50
2012.07.16 14:30:36.686,1.03978,1.04001,1.91,3.35
2012.07.16 14:30:36.854,1.03976,1.03999,4.91,1.50
2012.07.16 14:30:39.001,1.03978,1.04001,1.91,1.85
2012.07.16 14:30:39.062,1.03978,1.04001,1.50,1.85
2012.07.16 14:30:39.125,1.03978,1.04001,1.91,1.50
2012.07.16 14:30:41.040,1.03979,1.04003,1.50,1.85
2012.07.16 14:30:41.566,1.03978,1.04002,1.16,1.85
2012.07.16 14:30:41.820,1.0398,1.04003,1.50,1.85
2012.07.16 14:30:41.939,1.03978,1.04002,1.16,1.85
2012.07.16 14:30:44.453,1.03978,1.04001,1.91,1.50
2012.07.16 14:30:44.641,1.03978,1.04001,2.66,1.50
2012.07.16 14:30:44.757,1.03981,1.04004,2.66,1.08
2012.07.16 14:30:44.985,1.03982,1.04001,1.16,1.50
2012.07.16 14:30:45.379,1.03983,1.04001,1.16,1.50
2012.07.16 14:30:45.442,1.03985,1.04008,1.16,1.50
2012.07.16 14:30:45.668,1.03986,1.04009,1.50,1.85
2012.07.16 14:30:45.786,1.03986,1.04008,1.16,1.50
2012.07.16 14:30:46.055,1.03984,1.04008,1.16,1.85
2012.07.16 14:30:46.506,1.03986,1.04008,1.50,1.85
2012.07.16 14:30:46.568,1.03988,1.04011,1.50,1.85
2012.07.16 14:30:48.149,1.03986,1.0401,1.91,1.85
2012.07.16 14:30:49.011,1.03988,1.04011,1.50,1.85
2012.07.16 14:30:49.240,1.0399,1.04012,1.50,1.08
2012.07.16 14:30:49.990,1.03988,1.04011,1.50,1.85
2012.07.16 14:30:51.182,1.03987,1.04011,2.25,1.85
2012.07.16 14:30:51.353,1.03987,1.0401,1.91,1.10
2012.07.16 14:30:51.696,1.03989,1.04012,1.16,1.50
2012.07.16 14:30:51.773,1.03988,1.04012,1.91,2.24
2012.07.16 14:30:52.090,1.03988,1.0401,1.50,1.08
2012.07.16 14:30:52.606,1.03987,1.04007,1.16,1.50
2012.07.16 14:30:53.169,1.03986,1.04007,1.91,1.88
2012.07.16 14:30:53.462,1.03982,1.04006,1.91,1.85
2012.07.16 14:30:53.855,1.03985,1.04008,1.50,1.08
2012.07.16 14:30:53.971,1.03983,1.04008,1.91,2.58
2012.07.16 14:30:54.477,1.03983,1.04008,1.91,1.85
2012.07.16 14:30:54.874,1.03984,1.04008,2.66,1.85
2012.07.16 14:30:55.212,1.03986,1.04009,2.66,2.24
2012.07.16 14:30:56.512,1.03986,1.04009,2.25,1.85
2012.07.16 14:30:56.573,1.03984,1.04006,2.66,1.50
2012.07.16 14:30:56.690,1.03985,1.04008,2.25,3.35
2012.07.16 14:30:57.206,1.03985,1.04008,2.25,1.85
2012.07.16 14:30:57.897,1.03985,1.04008,2.25,1.85
2012.07.16 14:30:58.628,1.03987,1.0401,1.50,1.85
2012.07.16 14:30:59.139,1.03986,1.04008,1.50,1.85
2012.07.16 14:30:59.698,1.03987,1.04008,1.16,1.50
2012.07.16 14:30:59.984,1.03987,1.0401,2.66,1.50
2012.07.16 14:31:00.541,1.03987,1.04009,1.16,1.50
2012.07.16 14:31:02.617,1.03987,1.04009,1.16,1.50
2012.07.16 14:31:03.168,1.03987,1.04011,3.41,1.85
2012.07.16 14:31:04.260,1.03984,1.04009,1.91,1.50
2012.07.16 14:31:04.323,1.03984,1.04009,1.50,1.85
2012.07.16 14:31:04.873,1.03983,1.04006,1.16,1.50
2012.07.16 14:31:04.989,1.03983,1.04003,1.16,1.50
2012.07.16 14:31:05.208,1.03983,1.04005,1.16,3.00
2012.07.16 14:31:05.270,1.03983,1.04008,2.66,1.85
2012.07.16 14:31:05.607,1.03983,1.04006,1.16,1.50
2012.07.16 14:31:06.111,1.03987,1.04008,1.50,2.58
2012.07.16 14:31:06.780,1.03987,1.04012,1.91,2.58
2012.07.16 14:31:06.955,1.03987,1.04012,1.91,1.85
2012.07.16 14:31:07.017,1.03986,1.04009,2.66,1.50
2012.07.16 14:31:07.561,1.03988,1.04011,1.91,1.50
2012.07.16 14:31:08.097,1.03986,1.04008,1.16,1.50
2012.07.16 14:31:08.213,1.03986,1.04009,1.91,3.35
2012.07.16 14:31:08.552,1.03988,1.04011,1.91,2.58
2012.07.16 14:31:09.074,1.03986,1.04009,1.91,1.50
2012.07.16 14:31:09.323,1.03988,1.04011,1.91,2.58
2012.07.16 14:31:10.643,1.0399,1.04013,1.91,2.60
2012.07.16 14:31:10.985,1.03993,1.04018,1.91,2.73
2012.07.16 14:31:11.103,1.03995,1.04018,1.50,2.73
2012.07.16 14:31:11.275,1.03995,1.04017,1.91,1.65
2012.07.16 14:31:13.227,1.03995,1.04015,1.16,1.50
2012.07.16 14:31:13.773,1.03995,1.04017,1.16,1.65
2012.07.16 14:31:14.714,1.03996,1.04017,1.16,1.65
2012.07.16 14:31:14.995,1.03994,1.04017,1.91,2.00
2012.07.16 14:31:15.433,1.03991,1.04013,2.66,1.10
2012.07.16 14:31:15.807,1.03987,1.0401,1.16,1.50
2012.07.16 14:31:16.272,1.03988,1.04012,1.16,1.50
2012.07.16 14:31:18.714,1.03989,1.04014,1.91,1.85
2012.07.16 14:31:19.123,1.03992,1.04014,2.10,1.85
2012.07.16 14:31:19.406,1.0399,1.04014,1.50,1.85
2012.07.16 14:31:19.913,1.03989,1.04014,4.76,1.85
2012.07.16 14:31:20.138,1.03991,1.04016,1.50,2.00
2012.07.16 14:31:20.367,1.03993,1.04017,1.91,1.23
2012.07.16 14:31:20.708,1.03995,1.04017,1.50,1.23
2012.07.16 14:31:20.826,1.03992,1.04017,1.91,2.73
2012.07.16 14:31:20.943,1.03996,1.04017,1.50,1.23
2012.07.16 14:31:21.460,1.03994,1.04017,1.50,2.73
2012.07.16 14:31:21.748,1.03992,1.04015,1.91,1.50
2012.07.16 14:31:22.266,1.03997,1.04019,1.16,2.75
2012.07.16 14:31:22.777,1.03996,1.04017,1.16,1.65
2012.07.16 14:31:23.637,1.03996,1.04017,1.16,1.65
2012.07.16 14:31:24.578,1.03994,1.04017,2.25,2.00
2012.07.16 14:31:25.138,1.03993,1.04018,1.50,2.75
2012.07.16 14:31:25.677,1.03993,1.04018,2.25,2.75
2012.07.16 14:31:26.192,1.03992,1.04016,1.16,1.85
2012.07.16 14:31:27.853,1.03994,1.04016,1.50,2.00
2012.07.16 14:31:28.194,1.03996,1.04019,2.66,1.65
2012.07.16 14:31:28.707,1.03996,1.04019,2.66,2.00
2012.07.16 14:31:32.581,1.03996,1.04019,2.66,1.65
2012.07.16 14:31:34.561,1.03996,1.04018,1.16,1.65
2012.07.16 14:31:35.090,1.03996,1.04019,1.91,1.65
2012.07.16 14:31:36.497,1.03996,1.04019,2.66,1.65
2012.07.16 14:31:37.220,1.04,1.04022,3.41,2.39
2012.07.16 14:31:37.563,1.03997,1.04015,1.16,1.50
2012.07.16 14:31:37.809,1.03994,1.04015,1.16,1.50
2012.07.16 14:31:38.427,1.03994,1.04017,1.16,1.65
2012.07.16 14:31:38.934,1.03995,1.04019,1.16,2.00
2012.07.16 14:31:39.161,1.03994,1.04016,1.16,1.65
2012.07.16 14:31:39.688,1.03996,1.04021,1.91,2.73
2012.07.16 14:31:41.393,1.03995,1.04018,1.91,1.50
2012.07.16 14:31:42.756,1.03998,1.04018,1.50,1.50
2012.07.16 14:31:42.817,1.03998,1.04021,1.50,1.85
2012.07.16 14:31:43.363,1.03994,1.04019,2.66,1.50
2012.07.16 14:31:44.661,1.03996,1.04021,1.91,1.85
2012.07.16 14:31:44.727,1.03995,1.04019,1.91,1.50
2012.07.16 14:31:45.832,1.03994,1.04019,2.66,1.88
2012.07.16 14:31:45.949,1.03994,1.04018,2.25,1.10
2012.07.16 14:31:46.487,1.03993,1.04018,1.91,2.58
2012.07.16 14:31:46.609,1.03993,1.04014,1.91,1.50
2012.07.16 14:31:46.772,1.03993,1.04016,1.91,1.50
2012.07.16 14:31:46.946,1.03991,1.04013,1.16,1.50
2012.07.16 14:31:47.469,1.03992,1.04014,1.16,1.50
2012.07.16 14:31:47.810,1.03989,1.04014,2.25,2.45
2012.07.16 14:31:47.872,1.03989,1.0401,1.50,1.08
2012.07.16 14:31:48.047,1.03989,1.04011,1.50,1.08
2012.07.16 14:31:48.165,1.03986,1.04006,1.01,1.50
2012.07.16 14:31:48.346,1.03988,1.04009,1.50,1.50
2012.07.16 14:31:48.893,1.03986,1.04011,2.66,2.58
2012.07.16 14:31:49.503,1.03986,1.04011,2.66,2.58
2012.07.16 14:31:50.057,1.03986,1.04011,2.66,2.58
2012.07.16 14:31:50.594,1.03986,1.04011,2.66,2.58
2012.07.16 14:31:51.252,1.03986,1.04011,2.66,2.58
2012.07.16 14:31:51.511,1.03989,1.04011,1.50,1.08
2012.07.16 14:31:51.968,1.03987,1.04011,1.91,2.58
2012.07.16 14:31:52.544,1.03986,1.04011,2.66,2.58
2012.07.16 14:31:52.936,1.03991,1.04013,1.16,1.50
2012.07.16 14:31:53.165,1.03993,1.04018,1.50,1.85
2012.07.16 14:31:53.283,1.03996,1.04019,1.50,1.85
2012.07.16 14:31:53.344,1.03996,1.04019,1.91,1.50
2012.07.16 14:31:54.127,1.03997,1.04022,1.50,3.35
2012.07.16 14:31:54.666,1.03996,1.0402,1.16,1.85
2012.07.16 14:31:55.154,1.03998,1.04021,1.50,1.85
2012.07.16 14:31:55.596,1.04001,1.04023,1.50,2.58
2012.07.16 14:31:56.263,1.03997,1.04022,2.25,1.85
2012.07.16 14:32:00.308,1.03998,1.04021,1.50,3.35
2012.07.16 14:32:02.278,1.03997,1.04019,1.50,1.50
2012.07.16 14:32:03.103,1.03997,1.04019,1.50,1.85
2012.07.16 14:32:03.499,1.03992,1.04016,1.16,1.85
2012.07.16 14:32:04.404,1.03994,1.04017,1.50,1.85
2012.07.16 14:32:04.467,1.03994,1.04017,2.25,1.85
2012.07.16 14:32:04.996,1.03992,1.04015,3.00,1.85
2012.07.16 14:32:05.058,1.03992,1.04011,1.50,1.50
2012.07.16 14:32:05.691,1.03992,1.04013,1.50,1.50
2012.07.16 14:32:07.329,1.03993,1.04018,2.66,2.45
2012.07.16 14:32:08.119,1.03994,1.04017,1.50,1.85
2012.07.16 14:32:08.190,1.03991,1.04013,1.50,1.85
2012.07.16 14:32:09.514,1.03989,1.04012,2.25,1.85
2012.07.16 14:32:09.576,1.03989,1.04012,1.50,2.58
2012.07.16 14:32:09.639,1.03987,1.04011,1.16,1.85
2012.07.16 14:32:10.240,1.03989,1.04011,1.50,1.08
2012.07.16 14:32:10.871,1.03987,1.0401,2.66,1.85
2012.07.16 14:32:11.752,1.03985,1.04009,1.16,1.50
2012.07.16 14:32:12.072,1.03993,1.04009,1.50,1.50
2012.07.16 14:32:12.579,1.03993,1.0401,1.50,1.85
2012.07.16 14:32:13.993,1.03993,1.04009,1.50,1.50
2012.07.16 14:32:14.538,1.03993,1.04011,1.50,2.58
2012.07.16 14:32:16.253,1.03994,1.0401,1.50,1.85
2012.07.16 14:32:16.658,1.03994,1.04008,1.50,1.50
2012.07.16 14:32:18.175,1.03993,1.04008,1.50,1.50
2012.07.16 14:32:18.516,1.03983,1.04006,1.91,1.50
2012.07.16 14:32:18.632,1.03982,1.04004,1.91,1.50
2012.07.16 14:32:19.084,1.03984,1.04007,1.50,2.58
2012.07.16 14:32:19.709,1.03981,1.04006,3.41,1.50
2012.07.16 14:32:20.765,1.03984,1.04007,1.50,2.58
2012.07.16 14:32:21.149,1.03983,1.04008,1.91,2.24
2012.07.16 14:32:21.394,1.03986,1.0401,1.16,2.58
2012.07.16 14:32:22.413,1.03988,1.04011,1.50,1.85
2012.07.16 14:32:23.359,1.03988,1.04011,2.66,1.85
2012.07.16 14:32:25.256,1.0399,1.04013,1.50,3.35
2012.07.16 14:32:25.774,1.03988,1.04011,1.91,1.85
2012.07.16 14:32:25.893,1.0399,1.04013,1.50,1.85
2012.07.16 14:32:26.571,1.03987,1.04012,2.66,1.85
2012.07.16 14:32:27.442,1.03985,1.04008,2.25,1.10
2012.07.16 14:32:27.503,1.03985,1.04008,1.50,1.10
2012.07.16 14:32:28.456,1.03982,1.04004,1.16,1.50
2012.07.16 14:32:28.573,1.03983,1.04008,2.25,3.35
2012.07.16 14:32:29.125,1.03982,1.04005,2.66,1.50
2012.07.16 14:32:29.783,1.03989,1.04011,1.50,1.08
2012.07.16 14:32:30.144,1.03987,1.04011,1.50,1.08
2012.07.16 14:32:30.264,1.03987,1.04012,1.91,2.58
2012.07.16 14:32:31.936,1.03988,1.04011,1.91,1.50
2012.07.16 14:32:32.280,1.03989,1.04011,1.16,1.50
2012.07.16 14:32:32.453,1.03991,1.04013,1.16,1.50
2012.07.16 14:32:32.571,1.03995,1.04017,1.50,1.85
2012.07.16 14:32:33.082,1.03996,1.04017,1.16,1.50
2012.07.16 14:32:33.476,1.03995,1.04017,2.25,1.85
2012.07.16 14:32:33.649,1.03992,1.04015,2.25,3.35
2012.07.16 14:32:33.866,1.03985,1.04008,2.25,1.85
2012.07.16 14:32:33.983,1.03984,1.04007,2.06,1.50
2012.07.16 14:32:35.004,1.03984,1.04009,2.66,3.35
2012.07.16 14:32:35.068,1.03983,1.04006,2.66,1.50
2012.07.16 14:32:35.405,1.03984,1.04008,2.66,1.10
2012.07.16 14:32:36.684,1.03984,1.04006,1.91,1.50
2012.07.16 14:32:36.745,1.03984,1.04009,3.41,1.85
2012.07.16 14:32:37.084,1.03987,1.0401,1.91,1.50
2012.07.16 14:32:37.513,1.03989,1.04012,1.50,1.85
2012.07.16 14:32:37.944,1.03989,1.04012,1.91,1.50
2012.07.16 14:32:38.394,1.03989,1.04012,2.66,1.50
2012.07.16 14:32:38.622,1.03989,1.04013,1.16,1.85
2012.07.16 14:32:39.285,1.03989,1.0401,1.16,1.50
2012.07.16 14:32:40.258,1.03989,1.04012,1.16,1.85
2012.07.16 14:32:42.619,1.03988,1.04013,2.66,2.60
2012.07.16 14:32:44.535,1.03994,1.04011,1.50,1.85
2012.07.16 14:32:46.835,1.03994,1.04009,1.50,1.50
2012.07.16 14:32:47.372,1.03994,1.0401,1.50,1.85
2012.07.16 14:32:48.228,1.03993,1.04012,1.50,1.85
2012.07.16 14:32:48.529,1.03993,1.04006,1.50,1.50
2012.07.16 14:32:48.850,1.03993,1.04004,1.50,1.50
2012.07.16 14:32:49.428,1.03994,1.04004,1.50,1.50
2012.07.16 14:32:49.663,1.03984,1.04007,1.19,2.58
2012.07.16 14:32:50.176,1.03986,1.04007,1.56,1.85
2012.07.16 14:32:50.514,1.03987,1.04012,2.72,1.85
2012.07.16 14:32:50.575,1.03989,1.04013,1.56,1.85
2012.07.16 14:32:50.692,1.03989,1.04014,1.97,2.24
2012.07.16 14:32:50.922,1.03993,1.04014,1.56,1.08
2012.07.16 14:32:52.154,1.03987,1.04011,1.22,1.85
2012.07.16 14:32:52.685,1.03988,1.04013,2.72,3.33
2012.07.16 14:32:53.190,1.03989,1.0401,1.97,1.50
2012.07.16 14:32:53.706,1.03987,1.0401,1.97,3.35
2012.07.16 14:32:54.223,1.03986,1.04009,1.22,2.60
2012.07.16 14:32:54.955,1.03984,1.04008,2.43,1.10
2012.07.16 14:32:55.285,1.03985,1.04009,1.16,2.25
2012.07.16 14:32:55.401,1.03984,1.04008,2.66,1.10
2012.07.16 14:32:55.627,1.03985,1.04009,1.16,2.10
2012.07.16 14:32:57.119,1.03985,1.04009,1.16,2.10
2012.07.16 14:32:57.743,1.03985,1.04009,1.16,2.60
2012.07.16 14:32:58.299,1.03985,1.04009,1.16,2.60
2012.07.16 14:32:58.662,1.03984,1.04009,2.66,1.85
2012.07.16 14:32:58.839,1.03986,1.04009,1.16,1.50
2012.07.16 14:32:59.074,1.03985,1.04009,1.16,2.10
2012.07.16 14:32:59.393,1.03986,1.04009,1.16,1.85
2012.07.16 14:33:00.043,1.03984,1.04009,2.66,1.85
2012.07.16 14:33:00.562,1.03986,1.04011,2.25,1.85
2012.07.16 14:33:00.953,1.03986,1.04008,1.16,1.50
2012.07.16 14:33:01.865,1.03986,1.04011,1.91,1.85
2012.07.16 14:33:02.559,1.03987,1.04008,1.16,1.50
2012.07.16 14:33:02.678,1.03987,1.0401,2.66,1.50
2012.07.16 14:33:02.794,1.03987,1.04008,1.16,1.50
2012.07.16 14:33:03.954,1.03987,1.04011,1.16,2.58
2012.07.16 14:33:04.124,1.03986,1.04011,1.50,1.85
2012.07.16 14:33:04.798,1.03983,1.04006,2.25,1.85
2012.07.16 14:33:05.341,1.03984,1.04007,1.50,1.08
2012.07.16 14:33:05.876,1.03982,1.04007,2.66,2.58
2012.07.16 14:33:06.215,1.03989,1.04008,1.50,1.08
2012.07.16 14:33:06.335,1.03989,1.04009,1.50,1.08
2012.07.16 14:33:06.618,1.03987,1.04011,1.16,1.85
2012.07.16 14:33:06.679,1.03987,1.04011,1.16,1.85
2012.07.16 14:33:09.971,1.03987,1.0401,1.91,1.50
2012.07.16 14:33:12.976,1.03989,1.04012,1.91,3.35
2012.07.16 14:33:18.227,1.03991,1.04014,1.50,3.33
2012.07.16 14:33:18.411,1.03988,1.04013,4.16,1.85
2012.07.16 14:33:19.058,1.03987,1.0401,2.66,1.50
2012.07.16 14:33:19.820,1.03988,1.04013,1.91,1.85
2012.07.16 14:33:20.339,1.03987,1.0401,2.66,1.50
2012.07.16 14:33:20.718,1.03992,1.04014,1.50,1.08
2012.07.16 14:33:21.160,1.03992,1.04014,1.50,1.08
2012.07.16 14:33:21.840,1.03991,1.04014,1.50,1.85
2012.07.16 14:33:22.428,1.03988,1.04013,1.91,2.60
2012.07.16 14:33:22.663,1.03987,1.0401,2.25,1.85
2012.07.16 14:33:23.003,1.03986,1.0401,1.50,1.68
2012.07.16 14:33:23.398,1.0398,1.04005,2.66,1.85
2012.07.16 14:33:23.516,1.03984,1.04008,1.50,1.08
2012.07.16 14:33:25.382,1.03984,1.04007,1.50,1.08
2012.07.16 14:33:25.499,1.03981,1.04004,2.66,1.85
2012.07.16 14:33:25.728,1.03981,1.04004,1.50,2.58
2012.07.16 14:33:25.789,1.03979,1.04002,3.00,1.85
2012.07.16 14:33:25.852,1.03979,1.04002,1.50,1.85
2012.07.16 14:33:25.970,1.03976,1.04001,3.41,1.85
2012.07.16 14:33:26.502,1.03978,1.04001,1.91,1.50
2012.07.16 14:33:26.564,1.03981,1.04003,1.50,1.08
2012.07.16 14:33:26.903,1.03983,1.04005,1.50,1.08
2012.07.16 14:33:27.705,1.03984,1.04007,1.50,1.08
2012.07.16 14:33:29.366,1.03983,1.04006,1.50,1.85
2012.07.16 14:33:29.931,1.03984,1.04008,1.50,2.58
2012.07.16 14:33:30.315,1.03981,1.04005,1.16,1.85
2012.07.16 14:33:30.378,1.03982,1.04007,2.10,2.22
2012.07.16 14:33:30.722,1.03988,1.04011,1.50,1.85
2012.07.16 14:33:30.951,1.03985,1.0401,4.16,1.85
2012.07.16 14:33:31.068,1.03989,1.04011,1.50,1.85
2012.07.16 14:33:31.580,1.03988,1.04013,1.50,2.58
2012.07.16 14:33:32.067,1.03986,1.0401,1.50,1.85
2012.07.16 14:33:32.350,1.03988,1.04011,1.50,3.35
2012.07.16 14:33:32.467,1.03986,1.04009,2.25,1.85
2012.07.16 14:33:33.064,1.03987,1.04012,1.50,2.58
2012.07.16 14:33:33.692,1.03986,1.04009,2.25,1.85
2012.07.16 14:33:34.165,1.03988,1.04011,1.50,1.85
2012.07.16 14:33:34.551,1.03994,1.04011,1.50,1.85
2012.07.16 14:33:36.458,1.03994,1.04013,1.50,2.58
2012.07.16 14:33:40.261,1.03994,1.04011,1.50,1.85
2012.07.16 14:33:40.937,1.03994,1.04006,1.50,1.50
2012.07.16 14:33:41.000,1.03993,1.04008,1.50,1.85
2012.07.16 14:33:41.063,1.03993,1.0401,1.50,1.50
2012.07.16 14:33:41.431,1.03993,1.04007,1.50,1.50
2012.07.16 14:33:41.978,1.03993,1.04007,1.50,1.85
2012.07.16 14:33:42.822,1.03993,1.04007,1.50,1.85
2012.07.16 14:33:45.596,1.03994,1.0401,1.50,1.50
2012.07.16 14:33:45.889,1.03994,1.0401,1.50,1.85
2012.07.16 14:33:46.413,1.03993,1.0401,1.50,2.58
2012.07.16 14:33:53.870,1.03993,1.04008,1.50,1.85
2012.07.16 14:33:54.098,1.03993,1.0401,1.50,2.24
2012.07.16 14:33:54.724,1.03993,1.04007,1.91,1.50
2012.07.16 14:33:56.053,1.03994,1.04007,1.50,1.85
2012.07.16 14:33:57.846,1.03994,1.04009,1.50,1.08
2012.07.16 14:33:58.519,1.03994,1.04006,1.50,1.50
2012.07.16 14:33:59.046,1.03994,1.04011,1.50,2.24
2012.07.16 14:33:59.563,1.03994,1.04009,1.50,1.50
2012.07.16 14:33:59.877,1.03994,1.04009,1.50,1.85
2012.07.16 14:34:00.217,1.03994,1.04002,1.50,1.50
2012.07.16 14:34:00.987,1.03994,1.04002,1.50,1.08
2012.07.16 14:34:01.577,1.03983,1.04002,2.67,1.08
2012.07.16 14:34:02.692,1.03983,1.04003,2.67,2.58
2012.07.16 14:34:03.441,1.03983,1.04003,1.85,2.58
2012.07.16 14:34:03.748,1.0398,1.04003,1.91,2.24
2012.07.16 14:34:04.095,1.03983,1.04006,1.50,1.85
2012.07.16 14:34:04.213,1.03985,1.04008,1.91,1.08
2012.07.16 14:34:04.518,1.03986,1.04009,1.16,1.50
2012.07.16 14:34:05.090,1.03987,1.0401,1.91,1.50
2012.07.16 14:34:05.559,1.03985,1.04009,1.16,1.85
2012.07.16 14:34:05.677,1.03983,1.04006,2.66,1.50
2012.07.16 14:34:07.050,1.03983,1.04006,2.66,1.50
2012.07.16 14:34:07.422,1.0398,1.04005,1.91,2.58
2012.07.16 14:34:07.967,1.03983,1.04006,1.50,1.85
2012.07.16 14:34:08.029,1.03986,1.04008,1.50,2.58
2012.07.16 14:34:08.331,1.03986,1.04011,1.91,2.58
2012.07.16 14:34:09.628,1.03989,1.04012,1.91,2.58
2012.07.16 14:34:10.443,1.03986,1.04011,2.66,2.24
2012.07.16 14:34:12.288,1.03986,1.04011,3.41,2.24
2012.07.16 14:34:12.798,1.03988,1.04012,1.91,1.08
2012.07.16 14:34:13.294,1.03987,1.0401,2.66,1.50
2012.07.16 14:34:15.861,1.03989,1.04012,1.91,4.08
2012.07.16 14:34:18.413,1.03989,1.04012,1.91,2.24
2012.07.16 14:34:18.891,1.03987,1.0401,1.91,1.50
2012.07.16 14:34:19.397,1.03989,1.04012,1.91,2.58
2012.07.16 14:34:19.937,1.03988,1.04012,1.91,1.08
2012.07.16 14:34:20.532,1.03987,1.0401,3.41,1.50
2012.07.16 14:34:21.586,1.03989,1.0401,1.16,1.50
2012.07.16 14:34:22.610,1.03989,1.04012,2.66,2.58
2012.07.16 14:34:24.107,1.0399,1.04013,2.66,1.08
2012.07.16 14:34:24.223,1.03993,1.04016,2.66,3.35
2012.07.16 14:34:24.672,1.03995,1.04018,1.50,2.58
2012.07.16 14:34:25.174,1.03993,1.04016,2.66,1.50
2012.07.16 14:34:25.980,1.03991,1.04015,1.50,1.85
2012.07.16 14:34:26.318,1.03989,1.0401,1.16,1.50
2012.07.16 14:34:26.818,1.03989,1.04012,2.66,1.50
2012.07.16 14:34:27.374,1.03989,1.0401,1.16,1.50
2012.07.16 14:34:27.896,1.0399,1.04012,1.16,1.85
2012.07.16 14:34:28.474,1.03988,1.04011,1.16,1.50
2012.07.16 14:34:29.010,1.03988,1.04013,2.66,1.85
2012.07.16 14:34:29.572,1.03989,1.04012,2.66,1.85
2012.07.16 14:34:30.372,1.03989,1.0401,1.16,1.50
2012.07.16 14:34:31.149,1.03989,1.04013,1.16,2.60
2012.07.16 14:34:31.996,1.03989,1.04012,2.66,1.50
2012.07.16 14:34:32.524,1.03989,1.04013,1.16,3.33
2012.07.16 14:34:33.281,1.03989,1.04013,1.16,2.60
2012.07.16 14:34:33.399,1.03989,1.04013,1.16,2.60
2012.07.16 14:34:34.081,1.03988,1.04013,2.66,2.60
2012.07.16 14:34:35.320,1.03988,1.0401,1.16,1.50
2012.07.16 14:34:35.436,1.03988,1.04012,2.66,1.85
2012.07.16 14:34:35.970,1.0399,1.04013,1.16,2.24
2012.07.16 14:34:36.487,1.03991,1.04014,2.25,2.24
2012.07.16 14:34:37.427,1.0399,1.04013,1.16,1.50
2012.07.16 14:34:37.544,1.0399,1.04011,1.16,1.50
2012.07.16 14:34:37.883,1.0399,1.04013,1.76,1.50
2012.07.16 14:34:38.350,1.03994,1.04015,2.25,1.08
2012.07.16 14:34:38.857,1.03991,1.04015,1.50,2.58
2012.07.16 14:34:39.526,1.03991,1.04014,3.75,1.85
2012.07.16 14:34:40.038,1.03991,1.04014,2.25,2.45
2012.07.16 14:34:40.567,1.0399,1.04011,1.16,1.50
2012.07.16 14:34:40.628,1.0399,1.04009,1.16,1.50
2012.07.16 14:34:41.642,1.03988,1.04009,1.16,1.50
2012.07.16 14:34:41.703,1.03988,1.04012,1.16,1.85
2012.07.16 14:34:42.415,1.03989,1.04014,2.66,1.85
2012.07.16 14:34:42.813,1.03989,1.04011,1.16,1.50
2012.07.16 14:34:43.520,1.03989,1.04011,1.16,1.50
2012.07.16 14:34:43.867,1.03989,1.04009,1.16,1.50
2012.07.16 14:34:44.037,1.03989,1.04011,1.16,1.50
2012.07.16 14:34:44.578,1.03989,1.04011,1.16,3.74
2012.07.16 14:34:44.639,1.03986,1.04009,2.25,1.85
2012.07.16 14:34:46.515,1.03985,1.04007,1.16,1.50
2012.07.16 14:34:49.078,1.03985,1.0401,2.66,3.35
2012.07.16 14:34:49.433,1.0399,1.04012,1.16,3.74
2012.07.16 14:34:49.748,1.0399,1.04009,1.16,1.50
2012.07.16 14:34:50.091,1.03994,1.04013,1.16,2.24
2012.07.16 14:34:50.153,1.03994,1.04013,1.16,1.50
2012.07.16 14:34:50.669,1.03993,1.04013,1.16,1.50
2012.07.16 14:34:51.191,1.03989,1.04011,1.16,1.50
2012.07.16 14:34:51.909,1.03988,1.04011,2.25,1.85
2012.07.16 14:34:52.412,1.03987,1.04009,1.50,1.50
2012.07.16 14:34:53.092,1.03987,1.0401,3.00,1.85
2012.07.16 14:34:55.776,1.03987,1.04007,1.50,1.50
2012.07.16 14:34:56.891,1.03987,1.04007,1.50,1.85
2012.07.16 14:34:57.462,1.03984,1.04004,2.78,1.85
2012.07.16 14:35:01.014,1.03983,1.04007,3.00,1.85
2012.07.16 14:35:11.942,1.03984,1.04007,1.80,3.18
2012.07.16 14:35:12.877,1.03984,1.04007,1.80,2.45
2012.07.16 14:35:22.582,1.03984,1.04007,3.41,3.95
2012.07.16 14:35:24.113,1.03987,1.04007,1.75,2.24
2012.07.16 14:35:24.342,1.0399,1.04015,2.09,3.18
2012.07.16 14:35:24.867,1.03989,1.04014,2.50,3.18
2012.07.16 14:35:25.095,1.03997,1.04014,1.50,1.68
2012.07.16 14:35:25.379,1.03992,1.04014,2.09,1.68
2012.07.16 14:35:32.841,1.03991,1.04014,2.09,3.93
2012.07.16 14:35:36.060,1.0399,1.04015,3.25,2.45
2012.07.16 14:35:37.057,1.03991,1.04014,2.84,1.85
2012.07.16 14:35:37.599,1.03991,1.04014,2.84,1.85
2012.07.16 14:35:38.100,1.03992,1.04016,2.09,1.08
2012.07.16 14:35:38.975,1.03991,1.04015,1.34,1.85
2012.07.16 14:35:39.318,1.03995,1.04012,2.10,1.50
2012.07.16 14:35:39.380,1.03994,1.04016,1.34,1.85
2012.07.16 14:35:39.442,1.03994,1.04016,1.75,1.50
2012.07.16 14:35:39.558,1.03994,1.04016,1.75,1.50
2012.07.16 14:35:40.071,1.03994,1.04018,1.91,2.85
2012.07.16 14:35:40.409,1.03996,1.04018,1.50,2.60
2012.07.16 14:35:40.471,1.03996,1.04012,1.50,1.50
2012.07.16 14:35:40.644,1.03993,1.0401,1.34,1.50
2012.07.16 14:35:40.706,1.03993,1.0401,2.50,1.50
2012.07.16 14:35:41.033,1.03995,1.04019,1.50,1.08
2012.07.16 14:35:41.095,1.03993,1.04018,2.50,2.58
2012.07.16 14:35:41.515,1.03994,1.04018,1.34,1.85
2012.07.16 14:35:42.718,1.03994,1.04017,2.84,1.85
2012.07.16 14:35:43.362,1.03994,1.04017,2.84,1.85
2012.07.16 14:35:43.423,1.03994,1.04017,2.09,1.85
2012.07.16 14:35:43.958,1.03991,1.04014,2.50,1.85
2012.07.16 14:35:44.462,1.03992,1.04016,1.34,1.85
2012.07.16 14:35:44.524,1.03992,1.04016,1.75,1.50
2012.07.16 14:35:44.871,1.03992,1.04016,1.34,1.85
2012.07.16 14:35:45.641,1.03992,1.04014,1.34,1.85
2012.07.16 14:35:45.759,1.03992,1.04016,1.75,2.10
2012.07.16 14:35:46.097,1.03994,1.04017,1.91,1.50
2012.07.16 14:35:46.660,1.03996,1.04019,3.00,1.85
2012.07.16 14:35:46.886,1.03997,1.04019,1.50,1.85
2012.07.16 14:35:47.008,1.03996,1.04019,3.00,1.85
2012.07.16 14:35:47.517,1.03996,1.04019,4.50,1.85
2012.07.16 14:35:47.635,1.03997,1.04021,1.50,1.85
2012.07.16 14:35:47.987,1.03996,1.04019,3.00,1.85
2012.07.16 14:35:48.564,1.03996,1.04019,2.25,4.68
2012.07.16 14:35:48.848,1.03994,1.04017,2.09,3.95
2012.07.16 14:35:51.126,1.03991,1.04016,2.50,1.85
2012.07.16 14:35:52.838,1.0399,1.04013,2.50,1.50
2012.07.16 14:35:55.057,1.03991,1.04016,3.25,2.58
2012.07.16 14:35:58.681,1.03991,1.04014,3.25,1.85
2012.07.16 14:35:58.907,1.03993,1.04016,2.09,1.08
2012.07.16 14:36:00.381,1.03991,1.04016,2.09,1.85
2012.07.16 14:36:01.954,1.03991,1.04011,2.09,1.50
2012.07.16 14:36:02.481,1.03991,1.0401,1.34,1.50
2012.07.16 14:36:03.013,1.03991,1.04009,1.34,1.50
2012.07.16 14:36:03.516,1.03991,1.04012,1.34,3.35
2012.07.16 14:36:04.562,1.03991,1.04009,1.34,1.50
2012.07.16 14:36:05.099,1.03986,1.04009,4.60,1.50
2012.07.16 14:36:06.478,1.03986,1.04009,4.60,1.50
2012.07.16 14:36:06.923,1.03992,1.04012,1.34,1.85
2012.07.16 14:36:07.473,1.03992,1.04013,1.34,1.08
2012.07.16 14:36:09.227,1.03992,1.04014,2.09,1.08
2012.07.16 14:36:09.301,1.03992,1.04014,2.09,1.08
2012.07.16 14:36:11.003,1.03992,1.04014,2.09,1.68
2012.07.16 14:36:11.290,1.03991,1.04014,1.34,4.68
2012.07.16 14:36:11.352,1.03988,1.04011,2.50,3.60
2012.07.16 14:36:12.054,1.03987,1.04006,2.50,1.50
2012.07.16 14:36:12.126,1.03987,1.0401,4.00,2.00
2012.07.16 14:36:12.640,1.03987,1.04011,1.75,2.10
2012.07.16 14:36:12.758,1.03987,1.04008,2.50,1.50
2012.07.16 14:36:13.041,1.03987,1.0401,4.00,1.50
2012.07.16 14:36:14.220,1.03987,1.0401,3.59,1.85
2012.07.16 14:36:14.732,1.03987,1.04007,1.34,1.50
2012.07.16 14:36:15.257,1.03987,1.04008,1.34,1.85
2012.07.16 14:36:15.778,1.03987,1.04008,1.34,1.50
2012.07.16 14:36:17.568,1.03987,1.04009,2.84,1.08
2012.07.16 14:36:18.076,1.03987,1.0401,3.59,1.85
2012.07.16 14:36:18.687,1.03987,1.0401,3.59,1.85
2012.07.16 14:36:21.435,1.03991,1.0401,1.19,1.85
2012.07.16 14:36:21.891,1.03987,1.04006,2.09,1.50
2012.07.16 14:36:22.122,1.03987,1.04011,2.84,1.68
2012.07.16 14:36:22.294,1.03987,1.04011,2.84,1.68
2012.07.16 14:36:22.410,1.03987,1.04012,2.84,3.18
2012.07.16 14:36:22.915,1.03986,1.04009,2.09,1.85
2012.07.16 14:36:23.255,1.03984,1.04006,3.38,1.34
2012.07.16 14:36:23.800,1.03983,1.04006,1.91,1.34
2012.07.16 14:36:24.485,1.03983,1.04006,1.50,1.34
2012.07.16 14:36:24.995,1.0398,1.04005,1.91,2.24
2012.07.16 14:36:25.504,1.03982,1.04006,1.91,1.34
2012.07.16 14:36:25.621,1.03981,1.04004,2.66,1.50
2012.07.16 14:36:27.195,1.03979,1.04003,1.16,1.50
2012.07.16 14:36:27.257,1.03978,1.04003,2.66,1.85
2012.07.16 14:36:27.765,1.03977,1.04,1.91,2.24
2012.07.16 14:36:28.426,1.03979,1.04001,1.50,1.08
2012.07.16 14:36:29.363,1.03979,1.04001,1.50,1.08
2012.07.16 14:36:30.203,1.03979,1.04001,1.50,1.08
2012.07.16 14:36:31.578,1.03979,1.04001,1.50,1.08
2012.07.16 14:36:32.114,1.03976,1.04001,4.16,2.24
2012.07.16 14:36:32.343,1.0398,1.04001,1.50,1.08
2012.07.16 14:36:32.857,1.0398,1.04001,1.50,1.08
2012.07.16 14:36:33.774,1.03978,1.04001,1.50,2.58
2012.07.16 14:36:34.277,1.03979,1.04,1.50,1.08
2012.07.16 14:36:34.833,1.03978,1.04,1.50,1.08
2012.07.16 14:36:35.476,1.03977,1.04001,1.50,1.08
2012.07.16 14:36:35.744,1.0398,1.04001,1.50,1.08
2012.07.16 14:36:36.872,1.03981,1.04004,1.16,2.58
2012.07.16 14:36:37.449,1.03979,1.04001,1.50,1.08
2012.07.16 14:36:38.664,1.03979,1.04001,1.50,1.08
2012.07.16 14:36:38.982,1.03977,1.04001,1.50,1.08
2012.07.16 14:36:39.586,1.03977,1.04001,1.50,1.08
2012.07.16 14:36:40.110,1.03976,1.03999,2.66,1.50
2012.07.16 14:36:40.611,1.03977,1.04001,1.50,2.58
2012.07.16 14:36:40.783,1.03979,1.04001,1.50,1.08
2012.07.16 14:36:41.650,1.03978,1.04001,1.50,1.08
2012.07.16 14:36:42.158,1.03976,1.04001,4.16,2.58
2012.07.16 14:36:42.707,1.03978,1.04002,1.50,1.08
2012.07.16 14:36:42.883,1.03978,1.04003,1.91,1.50
2012.07.16 14:36:43.407,1.03981,1.04003,1.16,1.50
2012.07.16 14:36:43.579,1.03978,1.04003,1.50,1.85
2012.07.16 14:36:43.640,1.03978,1.04002,1.50,1.08
2012.07.16 14:36:44.146,1.03977,1.03999,2.66,1.50
2012.07.16 14:36:44.662,1.03978,1.04002,1.50,1.08
2012.07.16 14:36:45.183,1.03977,1.04001,1.16,2.24
2012.07.16 14:36:45.779,1.03977,1.04,1.16,1.50
2012.07.16 14:36:46.129,1.03981,1.04,1.91,1.50
2012.07.16 14:36:46.304,1.03981,1.04005,1.50,1.08
2012.07.16 14:36:46.366,1.0398,1.03999,1.50,1.50
2012.07.16 14:36:46.428,1.03977,1.03999,1.16,1.50
2012.07.16 14:36:46.490,1.03979,1.04,1.50,1.50
2012.07.16 14:36:46.775,1.03977,1.04002,2.25,1.85
2012.07.16 14:36:47.408,1.03975,1.03999,3.41,1.85
2012.07.16 14:36:47.957,1.03975,1.03999,2.66,1.50
2012.07.16 14:36:48.522,1.03976,1.03999,2.66,1.50
2012.07.16 14:36:49.073,1.03976,1.03998,2.66,1.50
2012.07.16 14:36:50.222,1.03976,1.03998,4.16,1.50
2012.07.16 14:36:50.341,1.03978,1.04001,1.50,1.85
2012.07.16 14:36:50.404,1.03978,1.04001,1.50,1.85
2012.07.16 14:36:50.466,1.03976,1.03998,2.25,2.58
2012.07.16 14:36:50.708,1.03975,1.03997,1.16,1.50
2012.07.16 14:36:50.826,1.03977,1.04001,1.91,1.08
2012.07.16 14:36:51.690,1.03978,1.04001,1.91,2.58
2012.07.16 14:36:51.861,1.0398,1.04004,1.16,2.24
2012.07.16 14:36:52.110,1.0398,1.04004,1.16,2.24
2012.07.16 14:36:52.226,1.03979,1.04004,3.41,2.24
2012.07.16 14:36:52.734,1.03981,1.04006,2.66,1.50
2012.07.16 14:36:53.146,1.03986,1.04009,1.50,1.85
2012.07.16 14:36:53.697,1.03985,1.04007,1.16,1.50
2012.07.16 14:36:54.384,1.03985,1.0401,1.91,1.85
2012.07.16 14:36:54.501,1.03987,1.0401,1.50,1.08
2012.07.16 14:36:54.844,1.03986,1.04007,1.50,1.85
2012.07.16 14:36:54.905,1.03982,1.04007,2.25,1.85
2012.07.16 14:36:55.133,1.03979,1.04001,1.91,1.50
2012.07.16 14:36:55.636,1.03979,1.04004,3.41,1.85
2012.07.16 14:36:57.319,1.03981,1.04005,2.25,1.68
2012.07.16 14:36:57.546,1.03984,1.04005,1.50,1.08
2012.07.16 14:36:57.893,1.03982,1.04005,3.60,2.58
2012.07.16 14:36:58.182,1.03981,1.04003,1.35,1.85
2012.07.16 14:36:58.524,1.03982,1.04003,1.35,1.85
2012.07.16 14:37:00.093,1.03982,1.04006,1.35,2.58
2012.07.16 14:37:00.225,1.03982,1.04006,1.35,2.58
2012.07.16 14:37:00.341,1.03981,1.04005,2.85,1.08
2012.07.16 14:37:01.885,1.03982,1.04005,1.35,1.08
2012.07.16 14:37:02.067,1.03982,1.04005,1.35,1.08
2012.07.16 14:37:03.180,1.03979,1.04003,1.52,2.45
2012.07.16 14:37:03.243,1.03978,1.03999,1.07,1.50
2012.07.16 14:37:03.362,1.03976,1.03998,1.67,1.85
2012.07.16 14:37:03.423,1.03974,1.03998,2.66,1.85
2012.07.16 14:37:03.929,1.03974,1.03996,1.16,1.50
2012.07.16 14:37:04.517,1.03975,1.03997,2.25,1.85
2012.07.16 14:37:05.194,1.03977,1.03999,1.50,1.85
2012.07.16 14:37:05.699,1.03978,1.04001,1.50,1.08
2012.07.16 14:37:05.987,1.03974,1.03998,4.91,1.85
2012.07.16 14:37:08.114,1.03979,1.04,1.50,1.08
2012.07.16 14:37:08.345,1.03982,1.04005,1.16,1.50
2012.07.16 14:37:08.519,1.03985,1.04008,1.50,3.93
2012.07.16 14:37:08.914,1.03985,1.04008,1.91,2.24
2012.07.16 14:37:09.142,1.03987,1.04008,1.50,1.08
2012.07.16 14:37:09.374,1.03984,1.04009,1.50,3.33
2012.07.16 14:37:10.247,1.03982,1.04007,1.91,1.85
2012.07.16 14:37:10.928,1.03982,1.04007,2.66,1.85
2012.07.16 14:37:10.990,1.03984,1.04007,1.50,1.85
2012.07.16 14:37:11.340,1.03985,1.04009,1.50,1.08
2012.07.16 14:37:11.404,1.03985,1.0401,2.25,1.85
2012.07.16 14:37:11.634,1.03983,1.04008,1.50,1.85
2012.07.16 14:37:12.344,1.03982,1.04006,1.16,1.85
2012.07.16 14:37:12.406,1.03988,1.04009,1.50,1.08
2012.07.16 14:37:12.779,1.03986,1.04008,1.50,1.08
2012.07.16 14:37:13.286,1.03985,1.04009,3.00,1.08
2012.07.16 14:37:13.805,1.03987,1.04009,1.50,1.08
2012.07.16 14:37:13.980,1.03986,1.04009,1.50,1.50
2012.07.16 14:37:14.405,1.03992,1.04014,1.50,1.08
2012.07.16 14:37:14.467,1.0399,1.04013,1.50,1.85
2012.07.16 14:37:14.528,1.0399,1.04013,1.50,1.85
2012.07.16 14:37:15.115,1.03991,1.04014,1.50,1.08
2012.07.16 14:37:15.817,1.0399,1.04013,1.50,1.85
2012.07.16 14:37:16.361,1.0399,1.04013,1.50,1.85
2012.07.16 14:37:18.370,1.03987,1.04012,4.91,1.85
2012.07.16 14:37:18.883,1.03989,1.04014,1.50,2.58
2012.07.16 14:37:18.950,1.03992,1.04014,1.50,1.08
2012.07.16 14:37:19.069,1.0399,1.04013,1.50,1.08
2012.07.16 14:37:19.586,1.03989,1.04012,1.50,1.85
2012.07.16 14:37:20.090,1.03988,1.04013,1.91,2.58
2012.07.16 14:37:20.655,1.0399,1.04013,1.50,1.08
2012.07.16 14:37:21.382,1.03989,1.04012,1.50,1.85
2012.07.16 14:37:22.657,1.03989,1.04012,1.50,1.85
2012.07.16 14:37:24.709,1.03989,1.04012,1.50,1.85
2012.07.16 14:37:26.070,1.03987,1.0401,2.25,1.85
2012.07.16 14:37:27.885,1.03991,1.04013,1.50,1.10
2012.07.16 14:37:28.001,1.03992,1.04014,1.50,2.24
2012.07.16 14:37:28.118,1.03994,1.04015,1.50,1.08
2012.07.16 14:37:28.355,1.03992,1.04017,2.25,1.85
2012.07.16 14:37:28.921,1.03992,1.04017,2.25,1.85
2012.07.16 14:37:29.441,1.03995,1.04018,1.50,2.60
2012.07.16 14:37:30.034,1.03995,1.04018,1.50,2.60
2012.07.16 14:37:32.767,1.03995,1.04018,1.50,2.60
2012.07.16 14:37:34.031,1.03993,1.04017,2.25,1.85
2012.07.16 14:37:34.684,1.03994,1.04018,1.50,1.10
2012.07.16 14:37:35.320,1.03993,1.04016,2.25,1.85
2012.07.16 14:37:35.381,1.03995,1.04018,1.50,2.60
2012.07.16 14:37:36.847,1.03992,1.04017,3.75,1.85
2012.07.16 14:37:36.912,1.03995,1.04018,1.50,4.10
2012.07.16 14:37:37.249,1.03991,1.04014,2.25,1.85
2012.07.16 14:37:37.695,1.03988,1.04013,2.25,1.85
2012.07.16 14:37:38.201,1.03991,1.04015,1.50,2.58
2012.07.16 14:37:38.429,1.03992,1.04015,1.50,1.08
2012.07.16 14:37:38.757,1.03995,1.04015,1.50,1.08
2012.07.16 14:37:38.873,1.03992,1.04015,1.50,1.08
2012.07.16 14:37:39.100,1.03992,1.04016,1.50,1.08
2012.07.16 14:37:39.328,1.0399,1.04015,1.91,2.58
2012.07.16 14:37:39.444,1.0399,1.04015,1.50,2.58
2012.07.16 14:37:39.782,1.03993,1.04015,1.50,1.08
2012.07.16 14:37:40.227,1.03989,1.04014,1.50,2.60
2012.07.16 14:37:40.531,1.03992,1.04014,1.50,1.10
2012.07.16 14:37:41.088,1.0399,1.04013,1.50,2.60
2012.07.16 14:37:41.771,1.03991,1.04013,1.50,1.10
2012.07.16 14:37:42.882,1.0399,1.04013,1.50,2.60
2012.07.16 14:37:44.157,1.03988,1.04011,2.25,1.85
2012.07.16 14:37:44.276,1.03992,1.04013,1.50,1.10
2012.07.16 14:37:44.393,1.0399,1.04013,1.50,2.60
2012.07.16 14:37:44.923,1.0399,1.0401,1.50,1.10
2012.07.16 14:37:45.604,1.03988,1.04012,2.25,1.85
2012.07.16 14:37:46.129,1.03989,1.04014,2.25,2.60
2012.07.16 14:37:46.759,1.03992,1.04014,1.50,1.85
2012.07.16 14:37:46.878,1.03994,1.04017,1.50,1.85
2012.07.16 14:37:48.394,1.03991,1.04016,2.25,2.22
2012.07.16 14:37:48.569,1.0399,1.04013,1.50,1.85
2012.07.16 14:37:53.110,1.03989,1.04011,1.16,1.85
2012.07.16 14:37:53.231,1.03989,1.04009,1.16,1.50
2012.07.16 14:37:53.816,1.03989,1.04009,1.16,1.50
2012.07.16 14:37:53.878,1.03989,1.04012,1.16,1.85
2012.07.16 14:37:54.394,1.03989,1.04012,1.16,1.85
2012.07.16 14:37:54.673,1.03989,1.04009,1.16,1.50
2012.07.16 14:37:54.932,1.03989,1.04011,1.16,1.85
2012.07.16 14:37:55.884,1.03989,1.04009,1.16,1.50
2012.07.16 14:37:56.165,1.03989,1.04011,1.16,1.85
2012.07.16 14:37:56.684,1.03989,1.04012,1.16,1.85
2012.07.16 14:37:57.195,1.03989,1.04012,1.16,1.85
2012.07.16 14:37:57.585,1.0399,1.04013,2.25,1.50
2012.07.16 14:37:57.969,1.03988,1.04011,2.25,1.50
2012.07.16 14:37:58.420,1.0399,1.04013,1.50,1.50
2012.07.16 14:37:59.376,1.03988,1.04011,1.50,1.50
2012.07.16 14:38:02.413,1.0399,1.04013,1.50,2.99
2012.07.16 14:38:02.764,1.03988,1.04011,1.91,1.85
2012.07.16 14:38:04.888,1.03988,1.0401,1.91,1.10
2012.07.16 14:38:05.337,1.03989,1.04013,1.50,1.08
2012.07.16 14:38:05.398,1.03987,1.04009,2.25,1.85
2012.07.16 14:38:05.460,1.03986,1.04009,1.16,1.85
2012.07.16 14:38:06.140,1.03986,1.04009,1.91,1.08
2012.07.16 14:38:06.590,1.03987,1.0401,2.66,1.50
2012.07.16 14:38:06.929,1.03985,1.04007,2.66,1.50
2012.07.16 14:38:07.516,1.03986,1.04009,2.66,1.85
2012.07.16 14:38:08.059,1.03985,1.04007,1.16,1.50
2012.07.16 14:38:10.217,1.03985,1.04009,2.66,1.85
2012.07.16 14:38:11.676,1.03983,1.04008,2.25,1.85
2012.07.16 14:38:11.793,1.03983,1.04005,1.50,1.85
2012.07.16 14:38:11.854,1.0398,1.04004,1.16,1.50
2012.07.16 14:38:11.915,1.0398,1.04002,1.16,1.50
2012.07.16 14:38:12.496,1.0398,1.04003,2.66,1.50
2012.07.16 14:38:12.852,1.0398,1.04003,1.50,3.93
2012.07.16 14:38:12.968,1.03976,1.03998,1.91,1.50
2012.07.16 14:38:13.305,1.03978,1.04,1.50,1.50
2012.07.16 14:38:13.667,1.03978,1.04,1.91,1.50
2012.07.16 14:38:13.737,1.03982,1.04005,1.91,2.24
2012.07.16 14:38:13.855,1.03982,1.04005,1.91,1.50
2012.07.16 14:38:13.971,1.03985,1.04008,1.50,2.58
2012.07.16 14:38:14.270,1.03983,1.04006,1.91,1.50
2012.07.16 14:38:14.388,1.03981,1.04004,3.41,1.50
2012.07.16 14:38:14.958,1.03983,1.04004,1.18,1.50
2012.07.16 14:38:15.078,1.03982,1.04007,3.41,1.50
2012.07.16 14:38:15.307,1.03984,1.04006,1.01,1.50
2012.07.16 14:38:15.479,1.03987,1.0401,1.91,1.50
2012.07.16 14:38:15.715,1.03989,1.0401,1.91,1.50
2012.07.16 14:38:15.998,1.0399,1.04015,1.91,2.58
2012.07.16 14:38:16.059,1.03992,1.04015,1.16,1.85
2012.07.16 14:38:17.849,1.0399,1.04015,2.66,2.60
2012.07.16 14:38:19.607,1.03992,1.04015,1.16,1.85
2012.07.16 14:38:20.037,1.0399,1.04015,2.25,1.85
2012.07.16 14:38:20.546,1.03989,1.04012,1.16,1.50
2012.07.16 14:38:20.885,1.03989,1.04009,1.16,1.50
2012.07.16 14:38:20.946,1.03989,1.04011,1.16,1.50
2012.07.16 14:38:21.293,1.03992,1.04015,2.25,1.85
2012.07.16 14:38:21.972,1.0399,1.04013,2.25,1.85
2012.07.16 14:38:22.483,1.03989,1.04012,1.16,1.50
2012.07.16 14:38:22.992,1.03991,1.04011,1.16,1.50
2012.07.16 14:38:23.333,1.03992,1.04011,1.91,1.50
2012.07.16 14:38:23.394,1.03993,1.04018,2.66,2.48
2012.07.16 14:38:23.512,1.03993,1.04018,2.66,2.82
2012.07.16 14:38:24.077,1.03993,1.04015,1.16,1.50
2012.07.16 14:38:24.194,1.03994,1.04015,1.16,1.50
2012.07.16 14:38:24.256,1.03994,1.04017,2.66,1.50
2012.07.16 14:38:24.374,1.03993,1.04015,1.16,2.25
2012.07.16 14:38:24.435,1.03992,1.04013,2.25,1.10
2012.07.16 14:38:24.942,1.03987,1.04012,2.25,1.85
2012.07.16 14:38:25.220,1.03989,1.04011,1.16,1.50
2012.07.16 14:38:25.287,1.03989,1.04009,1.16,1.50
2012.07.16 14:38:25.856,1.03989,1.0401,1.16,1.50
2012.07.16 14:38:26.378,1.03989,1.04011,1.16,1.50
2012.07.16 14:38:26.792,1.03986,1.04011,2.25,2.45
2012.07.16 14:38:26.855,1.03982,1.04006,2.66,1.50
2012.07.16 14:38:27.512,1.03983,1.04006,1.16,1.50
2012.07.16 14:38:27.783,1.03984,1.04006,1.50,1.50
2012.07.16 14:38:31.328,1.03984,1.04006,1.16,1.50
2012.07.16 14:38:31.437,1.03984,1.04006,1.91,1.50
2012.07.16 14:38:31.553,1.03984,1.04006,1.16,1.50
2012.07.16 14:38:31.669,1.03984,1.04006,1.91,1.50
2012.07.16 14:38:32.459,1.03984,1.04006,1.16,1.50
2012.07.16 14:38:32.968,1.03985,1.04006,1.16,1.50
2012.07.16 14:38:34.096,1.03985,1.04006,1.16,1.50
2012.07.16 14:38:34.380,1.03987,1.0401,2.25,3.35
2012.07.16 14:38:35.390,1.03987,1.0401,2.66,1.85
2012.07.16 14:38:35.453,1.03986,1.04008,1.16,1.50
2012.07.16 14:38:35.872,1.03986,1.04011,2.66,2.45
2012.07.16 14:38:37.432,1.03986,1.0401,2.66,1.50
2012.07.16 14:38:37.773,1.03987,1.04006,1.16,1.50
2012.07.16 14:38:38.205,1.03988,1.04013,1.91,2.24
2012.07.16 14:38:38.323,1.03987,1.04008,1.16,1.50
2012.07.16 14:38:38.440,1.03986,1.04008,1.16,1.50
2012.07.16 14:38:39.320,1.03986,1.04009,1.91,1.50
2012.07.16 14:38:39.437,1.03987,1.04012,1.91,1.85
2012.07.16 14:38:39.619,1.03986,1.04009,1.91,1.50
2012.07.16 14:38:40.357,1.03988,1.0401,1.16,1.50
2012.07.16 14:38:40.701,1.0399,1.04013,1.50,2.60
2012.07.16 14:38:40.873,1.03987,1.04012,2.66,1.85
2012.07.16 14:38:41.359,1.03989,1.04014,1.91,2.99
2012.07.16 14:38:41.700,1.03988,1.0401,1.16,1.50
2012.07.16 14:38:42.235,1.03987,1.04009,1.16,1.50
2012.07.16 14:38:42.689,1.03987,1.04011,1.16,1.50
2012.07.16 14:38:43.687,1.03989,1.04012,1.91,1.50
2012.07.16 14:38:44.144,1.03986,1.04011,2.25,1.85
2012.07.16 14:38:44.484,1.03986,1.04007,1.91,1.50
2012.07.16 14:38:44.601,1.03986,1.04009,1.91,1.50
2012.07.16 14:38:45.107,1.03986,1.04009,3.26,1.85
2012.07.16 14:38:45.170,1.03988,1.04011,1.50,2.58
2012.07.16 14:38:45.398,1.03986,1.04009,1.50,1.85
2012.07.16 14:38:45.817,1.03984,1.04008,1.16,1.50
2012.07.16 14:38:46.367,1.03985,1.0401,1.50,2.58
2012.07.16 14:38:47.267,1.03985,1.04006,1.50,1.50
2012.07.16 14:38:47.656,1.03983,1.04004,1.16,1.50
2012.07.16 14:38:48.316,1.03984,1.04008,1.16,1.50
2012.07.16 14:38:48.732,1.03983,1.04004,1.16,1.50
2012.07.16 14:38:49.190,1.03985,1.0401,1.50,3.18
2012.07.16 14:38:49.307,1.03987,1.0401,1.50,1.68
2012.07.16 14:38:49.425,1.03985,1.0401,1.50,3.95
2012.07.16 14:38:49.601,1.03984,1.04005,1.16,1.50
2012.07.16 14:38:49.903,1.03984,1.04003,1.16,1.50
2012.07.16 14:38:50.245,1.03984,1.04003,1.16,1.50
2012.07.16 14:38:50.471,1.03984,1.04005,1.16,1.50
2012.07.16 14:38:50.533,1.03984,1.04005,1.16,1.50
2012.07.16 14:38:50.815,1.03984,1.04003,1.16,1.50
2012.07.16 14:38:51.000,1.03984,1.04005,1.16,3.00
2012.07.16 14:38:51.441,1.03984,1.04002,1.16,1.50
2012.07.16 14:38:52.529,1.03984,1.04002,1.16,1.50
2012.07.16 14:38:53.654,1.03986,1.04009,1.50,1.85
2012.07.16 14:38:53.770,1.03984,1.04006,1.16,1.50
2012.07.16 14:38:54.856,1.03983,1.04004,1.16,1.50
2012.07.16 14:38:55.193,1.03983,1.04001,1.16,1.50
2012.07.16 14:38:55.566,1.03984,1.04004,1.16,1.50
2012.07.16 14:38:55.629,1.03984,1.04006,1.16,1.50
2012.07.16 14:38:56.306,1.03983,1.04006,1.50,3.00
2012.07.16 14:38:56.370,1.03983,1.04002,1.50,1.85
2012.07.16 14:38:56.487,1.03977,1.04001,2.66,1.50
2012.07.16 14:38:57.133,1.03977,1.03998,1.91,1.50
2012.07.16 14:38:57.605,1.03977,1.03998,1.91,1.50
2012.07.16 14:38:57.722,1.0398,1.04003,1.91,2.24
2012.07.16 14:38:58.227,1.03981,1.04001,1.16,1.50
2012.07.16 14:38:58.646,1.03981,1.04004,1.16,1.50
2012.07.16 14:38:59.003,1.03981,1.04001,1.16,1.50
2012.07.16 14:38:59.543,1.03981,1.04,1.16,1.50
2012.07.16 14:38:59.769,1.03981,1.04002,1.16,1.50
2012.07.16 14:39:00.510,1.03981,1.04005,1.91,2.24
2012.07.16 14:39:00.960,1.03981,1.04002,1.91,1.50
2012.07.16 14:39:01.506,1.03981,1.04002,1.91,1.50
2012.07.16 14:39:01.807,1.03978,1.04,1.91,1.50
2012.07.16 14:39:02.449,1.03978,1.04,2.66,1.50
2012.07.16 14:39:03.790,1.0398,1.04002,1.91,1.50
2012.07.16 14:39:04.016,1.03982,1.04004,1.50,1.50
2012.07.16 14:39:05.224,1.03979,1.04003,4.01,1.50
2012.07.16 14:39:08.967,1.03982,1.04004,1.50,3.74
2012.07.16 14:39:09.485,1.03979,1.04003,1.91,1.50
2012.07.16 14:39:09.972,1.03977,1.04,1.18,1.50
2012.07.16 14:39:10.276,1.03977,1.03999,1.91,1.50
2012.07.16 14:39:10.837,1.03977,1.04001,1.91,2.24
2012.07.16 14:39:11.603,1.03976,1.03999,1.16,1.50
2012.07.16 14:39:13.567,1.03976,1.03999,1.16,1.50
2012.07.16 14:39:14.034,1.0398,1.04002,1.91,3.00
2012.07.16 14:39:14.547,1.03978,1.04,3.41,1.50
2012.07.16 14:39:16.715,1.03982,1.04002,1.16,1.50
2012.07.16 14:39:17.254,1.03982,1.04002,1.16,1.50
2012.07.16 14:39:20.356,1.03982,1.04002,1.16,1.50
2012.07.16 14:39:21.311,1.03982,1.04001,1.16,1.50
2012.07.16 14:39:21.550,1.03982,1.04003,1.16,1.50
2012.07.16 14:39:22.685,1.03982,1.04003,1.16,2.24
2012.07.16 14:39:23.231,1.03982,1.04004,1.16,2.24
2012.07.16 14:39:23.291,1.03982,1.04002,1.16,1.50
2012.07.16 14:39:24.125,1.0398,1.04002,1.91,3.74
2012.07.16 14:39:24.626,1.03982,1.04002,1.16,2.24
2012.07.16 14:39:25.136,1.03982,1.04005,2.66,2.24
2012.07.16 14:39:25.836,1.03982,1.04,1.16,1.50
2012.07.16 14:39:26.645,1.03979,1.04003,1.91,2.24
2012.07.16 14:39:27.196,1.03979,1.04003,1.91,2.24
2012.07.16 14:39:28.471,1.03981,1.04003,1.16,2.24
2012.07.16 14:39:29.096,1.03981,1.04003,1.16,2.24
2012.07.16 14:39:29.685,1.03981,1.04003,1.16,2.24
2012.07.16 14:39:30.187,1.03982,1.04007,1.91,3.03
2012.07.16 14:39:32.106,1.03981,1.04001,1.16,2.24
2012.07.16 14:39:32.500,1.03981,1.04004,1.16,2.24
2012.07.16 14:39:33.055,1.03981,1.04001,1.16,2.24
2012.07.16 14:39:33.822,1.0398,1.04001,1.16,1.50
2012.07.16 14:39:33.994,1.03981,1.04004,1.35,2.24
2012.07.16 14:39:34.111,1.03982,1.04007,1.35,2.24
2012.07.16 14:39:34.452,1.03982,1.04007,1.76,2.24
2012.07.16 14:39:34.597,1.03982,1.04007,1.76,2.24
2012.07.16 14:39:34.658,1.03982,1.04007,1.76,2.24
2012.07.16 14:39:34.980,1.03989,1.04009,1.35,2.24
2012.07.16 14:39:35.153,1.03989,1.04015,1.35,2.99
2012.07.16 14:39:36.235,1.03989,1.04014,1.35,1.50
2012.07.16 14:39:36.297,1.03989,1.04012,1.35,1.50
2012.07.16 14:39:36.771,1.03993,1.04019,1.50,2.24
2012.07.16 14:39:36.890,1.03993,1.04019,2.25,2.24
2012.07.16 14:39:37.177,1.03995,1.04019,1.50,2.24
2012.07.16 14:39:37.508,1.03995,1.04015,1.50,1.50
2012.07.16 14:39:37.681,1.03995,1.04018,1.50,2.24
2012.07.16 14:39:37.798,1.03991,1.04017,1.16,1.50
2012.07.16 14:39:37.914,1.03991,1.04013,1.16,1.50
2012.07.16 14:39:38.417,1.03991,1.04014,3.41,1.50
2012.07.16 14:39:38.817,1.03993,1.04016,1.50,1.50
2012.07.16 14:39:41.779,1.03995,1.04018,1.50,2.24
2012.07.16 14:39:42.220,1.03993,1.04016,1.50,1.50
2012.07.16 14:39:42.771,1.03993,1.04016,1.50,3.74
2012.07.16 14:39:43.168,1.03987,1.0401,5.51,1.50
2012.07.16 14:39:43.285,1.03987,1.04008,1.16,1.50
2012.07.16 14:39:43.402,1.03987,1.0401,1.16,1.50
2012.07.16 14:39:43.953,1.03988,1.04011,1.91,1.50
2012.07.16 14:39:44.473,1.03987,1.0401,1.16,1.50
2012.07.16 14:39:45.110,1.03988,1.04011,1.91,1.50
2012.07.16 14:39:45.181,1.0399,1.04013,1.91,1.85
2012.07.16 14:39:45.474,1.03987,1.04011,1.16,1.50
2012.07.16 14:39:45.762,1.03987,1.04011,1.50,1.85
2012.07.16 14:39:45.880,1.03987,1.04011,1.16,2.24
2012.07.16 14:39:46.504,1.03987,1.04011,1.16,2.24
2012.07.16 14:39:46.622,1.03986,1.04009,2.66,1.08
2012.07.16 14:39:46.854,1.03986,1.04007,1.16,1.50
2012.07.16 14:39:48.038,1.03983,1.04007,1.16,1.50
2012.07.16 14:39:48.760,1.03983,1.04007,1.16,2.24
2012.07.16 14:39:48.829,1.03981,1.04001,2.66,1.50
2012.07.16 14:39:48.948,1.03981,1.04001,1.50,1.50
2012.07.16 14:39:49.010,1.03979,1.04001,1.91,1.50
2012.07.16 14:39:49.072,1.03978,1.04002,1.91,1.50
2012.07.16 14:39:49.414,1.03982,1.04007,1.91,2.24
2012.07.16 14:39:49.475,1.03982,1.04007,2.66,1.85
2012.07.16 14:39:50.367,1.03982,1.04004,1.16,1.50
2012.07.16 14:39:50.771,1.03982,1.04006,2.66,1.50
2012.07.16 14:39:51.273,1.03982,1.04007,2.66,2.58
2012.07.16 14:39:52.065,1.03982,1.04005,1.16,1.50
2012.07.16 14:39:52.185,1.03982,1.04007,2.66,1.50
2012.07.16 14:39:52.248,1.03984,1.04007,1.16,1.50
2012.07.16 14:39:52.310,1.03982,1.04007,2.66,1.50
2012.07.16 14:39:52.864,1.03982,1.04007,4.16,1.85
2012.07.16 14:39:53.138,1.03983,1.04007,1.16,1.85
2012.07.16 14:39:54.720,1.03981,1.04005,1.91,1.88
2012.07.16 14:39:55.245,1.03982,1.04004,1.50,1.08
2012.07.16 14:39:55.641,1.03977,1.04,2.66,1.50
2012.07.16 14:39:56.331,1.03978,1.04001,1.91,1.50
2012.07.16 14:39:56.670,1.03982,1.04005,2.66,2.24
2012.07.16 14:39:56.866,1.03982,1.04004,2.25,1.08
2012.07.16 14:39:57.407,1.03982,1.04004,1.16,2.24
2012.07.16 14:39:58.228,1.03984,1.04007,1.50,3.74
2012.07.16 14:39:58.998,1.03982,1.04006,1.16,2.24
2012.07.16 14:39:59.678,1.03982,1.04006,1.16,2.24
2012.07.16 14:40:00.244,1.03982,1.04006,1.16,2.24
2012.07.16 14:40:00.758,1.03982,1.04006,1.16,2.24
2012.07.16 14:40:05.302,1.03982,1.04004,1.16,1.50
2012.07.16 14:40:05.602,1.03982,1.04006,1.16,2.24
2012.07.16 14:40:06.668,1.03982,1.04006,1.16,2.24
2012.07.16 14:40:07.813,1.03982,1.04003,1.16,1.50
2012.07.16 14:40:07.929,1.03982,1.04005,2.66,1.50
2012.07.16 14:40:09.407,1.03983,1.04008,1.91,2.58
2012.07.16 14:40:10.008,1.03983,1.04005,1.91,1.50
2012.07.16 14:40:12.869,1.03982,1.04005,2.66,2.24
2012.07.16 14:40:13.888,1.03984,1.04005,1.16,2.24
2012.07.16 14:40:14.233,1.03987,1.04007,1.16,1.50
2012.07.16 14:40:14.783,1.03987,1.04006,1.16,1.50
2012.07.16 14:40:15.077,1.03987,1.0401,2.66,2.58
2012.07.16 14:40:15.613,1.0399,1.0401,1.50,1.08
2012.07.16 14:40:15.954,1.03987,1.04008,2.25,1.08
2012.07.16 14:40:16.238,1.03988,1.0401,1.91,1.50
2012.07.16 14:40:16.356,1.03989,1.0401,1.16,1.50
2012.07.16 14:40:16.748,1.0399,1.04013,2.25,2.58
2012.07.16 14:40:17.029,1.03989,1.04012,2.25,1.08
2012.07.16 14:40:17.117,1.03989,1.04013,2.66,1.08
2012.07.16 14:40:17.233,1.03989,1.04012,1.50,1.08
2012.07.16 14:40:17.349,1.03989,1.04012,1.91,1.08
2012.07.16 14:40:17.411,1.03992,1.04012,1.50,1.08
2012.07.16 14:40:17.750,1.03994,1.04015,1.50,1.08
2012.07.16 14:40:18.070,1.03992,1.04015,3.00,2.58
2012.07.16 14:40:18.579,1.03992,1.04015,1.50,2.58
2012.07.16 14:40:18.642,1.03994,1.04015,1.50,1.08
2012.07.16 14:40:19.905,1.03991,1.04015,4.16,1.08
2012.07.16 14:40:20.167,1.03991,1.04016,2.66,2.24
2012.07.16 14:40:20.228,1.03991,1.04015,2.66,1.08
2012.07.16 14:40:20.454,1.03993,1.04015,1.50,1.08
2012.07.16 14:40:20.794,1.03992,1.04015,1.91,2.24
2012.07.16 14:40:20.856,1.03994,1.04017,1.91,2.58
2012.07.16 14:40:21.087,1.03993,1.04014,1.50,1.85
2012.07.16 14:40:21.205,1.03991,1.04014,1.50,1.85
2012.07.16 14:40:21.655,1.03995,1.04014,1.50,1.08
2012.07.16 14:40:21.772,1.03993,1.04014,1.50,1.08
2012.07.16 14:40:22.233,1.03991,1.04014,3.75,1.85
2012.07.16 14:40:22.295,1.03991,1.04014,2.25,1.85
2012.07.16 14:40:22.634,1.03988,1.0401,1.16,1.50
2012.07.16 14:40:23.547,1.03988,1.04013,2.66,2.10
2012.07.16 14:40:24.504,1.03988,1.04013,1.91,2.84
2012.07.16 14:40:25.047,1.03989,1.04013,1.16,3.18
2012.07.16 14:40:25.578,1.03989,1.04013,1.16,3.18
2012.07.16 14:40:25.821,1.03988,1.04013,1.91,3.18
2012.07.16 14:40:26.348,1.03991,1.04013,1.50,1.08
2012.07.16 14:40:26.900,1.03988,1.04012,1.91,1.34
2012.07.16 14:40:27.406,1.03989,1.04013,1.91,2.24
2012.07.16 14:40:27.580,1.03992,1.04017,1.91,2.84
2012.07.16 14:40:28.504,1.03994,1.04017,1.91,1.34
2012.07.16 14:40:29.011,1.03996,1.04017,1.50,1.34
2012.07.16 14:40:29.659,1.03997,1.04019,1.50,1.08
2012.07.16 14:40:29.776,1.03999,1.04019,1.50,1.08
2012.07.16 14:40:30.313,1.03999,1.04019,1.50,1.08
2012.07.16 14:40:30.798,1.03996,1.04021,1.91,2.24
2012.07.16 14:40:31.308,1.03996,1.04021,1.91,2.24
2012.07.16 14:40:32.682,1.03997,1.0402,1.91,1.08
2012.07.16 14:40:32.742,1.03999,1.0402,1.50,1.08
2012.07.16 14:40:33.438,1.03996,1.04021,1.91,2.24
2012.07.16 14:40:34.846,1.03999,1.04022,1.91,2.24
2012.07.16 14:40:35.366,1.03999,1.04022,1.91,2.24
2012.07.16 14:40:35.652,1.03998,1.04023,1.91,1.50
2012.07.16 14:40:36.125,1.04003,1.04023,1.50,1.08
2012.07.16 14:40:36.299,1.03999,1.04023,1.91,1.08
2012.07.16 14:40:37.995,1.03999,1.04023,1.50,1.08
2012.07.16 14:40:38.332,1.03996,1.04017,1.16,1.50
2012.07.16 14:40:38.837,1.03997,1.04019,1.91,1.49
2012.07.16 14:40:39.478,1.03996,1.04021,3.41,2.24
2012.07.16 14:40:40.574,1.03998,1.04023,1.91,2.58
2012.07.16 14:40:41.745,1.03996,1.04021,1.91,2.24
2012.07.16 14:40:42.255,1.03999,1.04022,1.91,2.24
2012.07.16 14:40:42.319,1.03999,1.04022,1.91,1.50
2012.07.16 14:40:42.381,1.03999,1.04022,1.91,1.50
2012.07.16 14:40:42.556,1.04001,1.04024,1.91,2.24
2012.07.16 14:40:42.805,1.03997,1.0402,1.91,1.50
2012.07.16 14:40:43.032,1.03999,1.04022,1.91,1.50
2012.07.16 14:40:43.317,1.04,1.04024,1.91,2.24
2012.07.16 14:40:43.875,1.04001,1.04025,1.16,2.24
2012.07.16 14:40:44.225,1.04001,1.04025,1.16,2.24
2012.07.16 14:40:44.735,1.04002,1.04026,1.91,2.24
2012.07.16 14:40:44.909,1.04002,1.04023,1.50,1.10
2012.07.16 14:40:45.140,1.04001,1.04024,1.91,2.99
2012.07.16 14:40:45.480,1.04006,1.04028,1.91,1.49
2012.07.16 14:40:45.597,1.04006,1.04029,1.91,1.49
2012.07.16 14:40:46.106,1.04007,1.04029,1.50,1.08
2012.07.16 14:40:46.168,1.04005,1.04028,1.91,1.85
2012.07.16 14:40:46.507,1.04002,1.04023,1.91,1.50
2012.07.16 14:40:46.644,1.04002,1.04026,1.16,1.50
2012.07.16 14:40:47.948,1.04002,1.04023,1.91,1.50
2012.07.16 14:40:48.179,1.03998,1.04021,1.91,1.50
2012.07.16 14:40:48.570,1.04002,1.04025,1.50,2.58
2012.07.16 14:40:48.807,1.03999,1.04024,1.50,2.58
2012.07.16 14:40:48.868,1.03999,1.04024,2.25,1.85
2012.07.16 14:40:49.059,1.04002,1.04026,1.16,4.08
2012.07.16 14:40:49.292,1.03999,1.04024,1.91,4.08
2012.07.16 14:40:49.730,1.03999,1.04022,1.91,1.50
2012.07.16 14:40:50.040,1.03998,1.0402,1.16,1.50
2012.07.16 14:40:54.383,1.03998,1.04023,1.91,2.25
2012.07.16 14:40:55.569,1.03998,1.04021,1.16,1.50
2012.07.16 14:40:55.920,1.03995,1.04016,1.16,1.50
2012.07.16 14:40:56.349,1.0399,1.04014,1.91,1.10
2012.07.16 14:40:56.468,1.0399,1.04013,1.91,1.10
2012.07.16 14:40:57.288,1.0399,1.04014,1.91,1.49
2012.07.16 14:40:57.919,1.0399,1.04015,1.91,2.58
2012.07.16 14:40:57.981,1.0399,1.04015,1.91,2.24
2012.07.16 14:40:58.321,1.03994,1.04019,1.91,3.33
2012.07.16 14:40:58.823,1.03992,1.04015,3.41,2.24
2012.07.16 14:41:01.588,1.03996,1.04019,1.91,5.43
2012.07.16 14:41:02.731,1.03995,1.04019,1.91,2.09
2012.07.16 14:41:03.024,1.03995,1.04019,1.91,1.35
2012.07.16 14:41:03.581,1.03993,1.04018,2.66,1.50
2012.07.16 14:41:04.152,1.03993,1.04016,1.76,1.50
2012.07.16 14:41:04.704,1.03994,1.04017,1.91,1.50
2012.07.16 14:41:05.030,1.03996,1.04019,1.50,1.85
2012.07.16 14:41:05.562,1.03992,1.04016,1.50,1.85
2012.07.16 14:41:05.903,1.03994,1.04016,1.50,1.08
2012.07.16 14:41:06.074,1.03992,1.04015,1.50,1.85
2012.07.16 14:41:06.190,1.03994,1.04016,1.50,1.08
2012.07.16 14:41:07.590,1.03991,1.04016,2.66,2.58
2012.07.16 14:41:07.651,1.03991,1.04016,3.26,2.58
2012.07.16 14:41:08.056,1.03989,1.04014,1.91,2.10
2012.07.16 14:41:08.658,1.03992,1.04015,1.50,3.95
2012.07.16 14:41:09.920,1.03992,1.04015,1.50,2.58
2012.07.16 14:41:10.567,1.03993,1.04015,1.50,1.08
2012.07.16 14:41:10.628,1.03991,1.04015,1.91,1.08
2012.07.16 14:41:13.450,1.03991,1.04016,1.50,3.18
2012.07.16 14:41:13.678,1.03991,1.04012,1.50,1.08
2012.07.16 14:41:14.018,1.03987,1.04012,3.26,2.58
2012.07.16 14:41:14.523,1.03988,1.04011,2.10,1.50
2012.07.16 14:41:14.584,1.0399,1.04013,1.91,1.50
2012.07.16 14:41:15.017,1.03992,1.04013,1.01,1.50
2012.07.16 14:41:15.359,1.03994,1.04017,1.91,2.24
2012.07.16 14:41:15.875,1.03995,1.04018,2.66,2.25
2012.07.16 14:41:16.457,1.03995,1.04016,1.16,1.50
2012.07.16 14:41:16.573,1.03995,1.04018,2.66,2.25
2012.07.16 14:41:17.196,1.03995,1.04018,2.66,2.25
2012.07.16 14:41:17.592,1.03994,1.04014,1.16,1.50
2012.07.16 14:41:18.123,1.03991,1.04014,1.91,1.50
2012.07.16 14:41:18.352,1.03993,1.04016,1.91,2.24
2012.07.16 14:41:18.412,1.03993,1.04014,1.50,1.85
2012.07.16 14:41:18.473,1.03988,1.04012,1.16,1.50
2012.07.16 14:41:18.979,1.03987,1.04012,1.91,2.24
2012.07.16 14:41:19.501,1.03992,1.04014,1.50,1.83
2012.07.16 14:41:19.728,1.03989,1.04013,1.91,1.08
2012.07.16 14:41:20.490,1.03992,1.04013,1.50,1.08
2012.07.16 14:41:20.842,1.03987,1.04012,2.66,2.24
2012.07.16 14:41:20.959,1.03987,1.04012,2.66,2.24
2012.07.16 14:41:21.548,1.03987,1.04012,2.66,2.24
2012.07.16 14:41:22.136,1.03987,1.04012,2.66,2.24
2012.07.16 14:41:22.669,1.0399,1.04013,1.91,2.24
2012.07.16 14:41:23.769,1.0399,1.04013,1.91,2.24
2012.07.16 14:41:24.271,1.03989,1.04014,1.91,1.50
2012.07.16 14:41:24.778,1.03991,1.04016,1.91,2.24
2012.07.16 14:41:25.480,1.03991,1.04016,2.66,2.24
2012.07.16 14:41:26.041,1.03992,1.04017,1.91,2.24
2012.07.16 14:41:26.380,1.03992,1.04017,1.91,3.74
2012.07.16 14:41:26.942,1.03989,1.04012,3.26,1.50
2012.07.16 14:41:27.467,1.03989,1.04012,2.66,1.50
2012.07.16 14:41:30.268,1.03991,1.04014,1.91,1.85
2012.07.16 14:41:30.385,1.03992,1.04017,1.91,2.24
2012.07.16 14:41:30.614,1.03991,1.04014,1.50,1.85
2012.07.16 14:41:30.676,1.03989,1.0401,2.66,1.50
2012.07.16 14:41:33.871,1.03987,1.0401,1.50,1.85
2012.07.16 14:41:33.987,1.03987,1.0401,1.50,1.85
2012.07.16 14:41:34.159,1.03984,1.04009,4.01,1.85
2012.07.16 14:41:35.384,1.03982,1.04007,1.91,2.58
2012.07.16 14:41:35.574,1.03983,1.04006,1.01,1.08
2012.07.16 14:41:35.863,1.03993,1.04014,1.50,1.49
2012.07.16 14:41:36.268,1.03991,1.04016,3.41,2.58
2012.07.16 14:41:36.806,1.03988,1.04011,1.91,1.50
2012.07.16 14:41:36.979,1.03988,1.04011,1.50,2.58
2012.07.16 14:41:37.430,1.03988,1.04008,1.50,1.08
2012.07.16 14:41:37.713,1.03986,1.04008,1.91,1.08
2012.07.16 14:41:37.830,1.03988,1.04008,1.50,1.08
2012.07.16 14:41:38.058,1.03985,1.04008,1.50,2.58
2012.07.16 14:41:38.175,1.03983,1.04007,1.50,1.85
2012.07.16 14:41:38.238,1.03982,1.04007,1.91,1.50
2012.07.16 14:41:38.747,1.03987,1.04008,1.50,1.08
2012.07.16 14:41:39.280,1.03987,1.04008,1.50,1.08
2012.07.16 14:41:39.587,1.03987,1.04008,1.50,1.08
2012.07.16 14:41:39.789,1.03983,1.04006,1.50,1.85
2012.07.16 14:41:40.070,1.03983,1.04006,1.50,2.45
2012.07.16 14:41:40.576,1.03983,1.04005,1.01,2.24
2012.07.16 14:41:40.931,1.0399,1.04011,1.50,2.24
2012.07.16 14:41:41.047,1.0399,1.04011,1.50,2.24
2012.07.16 14:41:41.184,1.0399,1.04013,1.50,3.18
2012.07.16 14:41:41.412,1.03987,1.0401,2.66,1.50
2012.07.16 14:41:41.527,1.03987,1.0401,1.16,1.50
2012.07.16 14:41:42.344,1.03987,1.04012,2.66,2.58
2012.07.16 14:41:45.215,1.03987,1.04012,2.66,2.58
2012.07.16 14:41:45.483,1.03987,1.04012,1.50,2.58
2012.07.16 14:41:45.823,1.03983,1.04006,1.91,1.50
2012.07.16 14:41:46.010,1.03984,1.04008,1.91,2.58
2012.07.16 14:41:47.524,1.03984,1.04008,1.91,1.08
2012.07.16 14:41:47.974,1.03985,1.04006,1.16,1.50
2012.07.16 14:41:48.092,1.03985,1.04007,1.91,1.08
2012.07.16 14:41:48.399,1.03986,1.04009,1.91,1.34
2012.07.16 14:41:48.529,1.03986,1.04011,1.50,2.45
2012.07.16 14:41:49.029,1.03984,1.04008,1.16,1.85
2012.07.16 14:41:49.630,1.03986,1.04009,1.50,2.45
2012.07.16 14:41:49.747,1.03984,1.04007,2.66,1.50
2012.07.16 14:41:50.005,1.03987,1.04009,1.50,1.85
2012.07.16 14:41:50.178,1.03985,1.0401,2.25,1.85
2012.07.16 14:41:50.711,1.03984,1.04007,2.66,1.50
2012.07.16 14:41:51.322,1.03984,1.04007,2.66,1.50
2012.07.16 14:41:52.069,1.03984,1.04007,2.66,1.50
2012.07.16 14:41:53.869,1.03984,1.04005,1.16,1.50
2012.07.16 14:41:54.208,1.03987,1.04005,2.66,1.50
2012.07.16 14:41:54.270,1.03987,1.0401,3.26,1.50
2012.07.16 14:41:54.386,1.03991,1.04016,1.91,3.74
2012.07.16 14:41:55.143,1.03991,1.04016,1.91,2.24
2012.07.16 14:41:55.385,1.03994,1.04017,1.50,4.08
2012.07.16 14:41:55.557,1.03992,1.04015,1.91,2.24
2012.07.16 14:41:55.875,1.03994,1.04017,1.50,4.08
2012.07.16 14:41:56.063,1.03992,1.04015,3.41,2.24
2012.07.16 14:41:56.290,1.0399,1.04012,1.91,1.50
2012.07.16 14:41:56.407,1.03987,1.04009,2.85,1.85
2012.07.16 14:41:56.580,1.03987,1.04009,1.35,1.85
2012.07.16 14:41:56.810,1.03983,1.04006,1.91,1.85
2012.07.16 14:41:57.461,1.03985,1.04008,1.50,1.85
2012.07.16 14:41:57.816,1.03983,1.04006,3.41,1.85
2012.07.16 14:41:58.326,1.03983,1.04006,1.91,1.50
2012.07.16 14:41:58.842,1.03984,1.04009,2.66,2.58
2012.07.16 14:42:01.931,1.03984,1.04008,2.25,1.08
2012.07.16 14:42:04.790,1.03984,1.04008,3.72,1.08
2012.07.16 14:42:04.870,1.03984,1.04008,3.72,1.08
2012.07.16 14:42:06.027,1.03987,1.04008,2.25,1.08
2012.07.16 14:42:06.426,1.03991,1.0401,1.50,1.50
2012.07.16 14:42:06.931,1.03991,1.04014,2.25,2.58
2012.07.16 14:42:07.482,1.03991,1.04014,2.25,2.58
2012.07.16 14:42:07.943,1.03987,1.0401,2.25,2.45
2012.07.16 14:42:08.491,1.03985,1.04008,2.25,2.45
2012.07.16 14:42:09.194,1.03984,1.04007,2.03,1.85
2012.07.16 14:42:09.716,1.03984,1.04006,2.25,1.34
2012.07.16 14:42:10.223,1.03983,1.04005,2.55,1.08
2012.07.16 14:42:10.539,1.03984,1.04005,2.55,1.85
2012.07.16 14:42:10.768,1.0398,1.04005,1.50,1.85
2012.07.16 14:42:10.885,1.03983,1.04006,1.50,1.68
2012.07.16 14:42:11.107,1.03983,1.04008,1.91,2.58
2012.07.16 14:42:11.224,1.03988,1.04008,1.50,1.08
2012.07.16 14:42:11.562,1.03988,1.04005,1.50,1.08
2012.07.16 14:42:11.749,1.03986,1.04005,1.50,1.08
2012.07.16 14:42:12.341,1.03985,1.04005,1.50,1.08
2012.07.16 14:42:12.626,1.03983,1.04005,1.50,1.08
2012.07.16 14:42:13.230,1.03982,1.04005,1.50,2.58
2012.07.16 14:42:13.422,1.03985,1.04005,1.50,1.08
2012.07.16 14:42:15.566,1.03984,1.04005,1.50,1.08
2012.07.16 14:42:16.102,1.03983,1.04005,1.50,1.08
2012.07.16 14:42:16.624,1.03982,1.04005,1.50,2.58
2012.07.16 14:42:16.941,1.03982,1.04005,1.50,2.58
2012.07.16 14:42:17.692,1.03983,1.04005,1.50,1.08
2012.07.16 14:42:17.754,1.03983,1.04006,1.50,1.08
2012.07.16 14:42:17.872,1.03986,1.04006,1.50,1.08
2012.07.16 14:42:18.372,1.03983,1.04006,1.50,1.08
2012.07.16 14:42:20.754,1.03985,1.04005,1.50,1.08
2012.07.16 14:42:21.260,1.03984,1.04007,1.50,2.45
2012.07.16 14:42:21.792,1.03983,1.04007,1.50,1.68
2012.07.16 14:42:22.140,1.03984,1.04007,2.62,1.08
2012.07.16 14:42:29.249,1.03984,1.04007,2.25,1.85
2012.07.16 14:42:32.110,1.03984,1.04006,2.25,1.08
2012.07.16 14:42:33.514,1.03983,1.04007,3.91,1.08
2012.07.16 14:42:34.760,1.03984,1.04007,2.25,2.58
2012.07.16 14:42:36.590,1.03983,1.04007,3.91,1.08
2012.07.16 14:42:39.891,1.03984,1.04006,2.57,1.08
2012.07.16 14:42:40.007,1.03984,1.04006,2.57,1.08
2012.07.16 14:42:40.214,1.03979,1.03997,1.50,1.50
2012.07.16 14:42:40.275,1.03975,1.03997,2.25,1.50
2012.07.16 14:42:40.338,1.03974,1.03995,1.50,1.50
2012.07.16 14:42:40.512,1.03978,1.04001,1.50,2.58
2012.07.16 14:42:40.574,1.03984,1.04003,1.50,1.50
2012.07.16 14:42:40.927,1.03987,1.04006,1.50,1.08
2012.07.16 14:42:41.413,1.03985,1.04007,1.50,1.08
2012.07.16 14:42:41.584,1.03987,1.04006,1.50,1.08
2012.07.16 14:42:41.759,1.03985,1.04007,1.50,1.08
2012.07.16 14:42:41.820,1.03985,1.04007,1.50,1.08
2012.07.16 14:42:41.939,1.03985,1.04007,1.50,1.68
2012.07.16 14:42:42.058,1.03985,1.04006,1.50,1.08
2012.07.16 14:42:42.601,1.03985,1.04003,1.50,3.12
2012.07.16 14:42:42.667,1.03985,1.04001,1.50,1.08
2012.07.16 14:42:42.954,1.03978,1.04,1.50,2.58
2012.07.16 14:42:43.071,1.03981,1.04,1.50,1.08
2012.07.16 14:42:44.407,1.03981,1.04,1.50,1.08
2012.07.16 14:42:44.704,1.03981,1.04001,3.00,1.08
2012.07.16 14:42:45.046,1.03985,1.04001,1.50,1.08
2012.07.16 14:42:45.274,1.03983,1.04001,1.50,1.08
2012.07.16 14:42:47.900,1.03981,1.04004,1.50,1.68
2012.07.16 14:42:48.579,1.03983,1.04003,1.50,1.08
2012.07.16 14:42:49.191,1.03982,1.04003,1.50,1.08
2012.07.16 14:42:49.910,1.03979,1.04004,2.66,2.58
2012.07.16 14:42:50.029,1.03981,1.04003,2.25,1.08
2012.07.16 14:42:50.369,1.03981,1.04003,1.50,3.18
2012.07.16 14:42:50.656,1.03978,1.04,1.50,1.68
2012.07.16 14:42:50.719,1.03976,1.04,2.25,1.08
2012.07.16 14:42:50.780,1.03979,1.04,1.50,1.08
2012.07.16 14:42:52.058,1.03977,1.04,1.50,1.08
2012.07.16 14:42:52.662,1.03976,1.04,2.25,1.08
2012.07.16 14:42:53.172,1.03977,1.04001,1.50,1.68
2012.07.16 14:42:53.401,1.0398,1.04,1.50,1.08
2012.07.16 14:42:53.955,1.03977,1.04001,1.91,1.34
2012.07.16 14:42:54.346,1.03978,1.04001,1.16,1.34
2012.07.16 14:42:54.463,1.03978,1.04001,1.91,1.34
2012.07.16 14:42:54.524,1.03978,1.04001,1.50,1.68
2012.07.16 14:42:54.641,1.03975,1.03998,1.50,1.85
2012.07.16 14:42:54.814,1.03976,1.03996,1.50,1.50
2012.07.16 14:42:55.043,1.03975,1.03996,1.50,1.50
2012.07.16 14:42:55.104,1.03971,1.03995,2.66,1.50
2012.07.16 14:42:55.229,1.03973,1.03997,1.50,2.58
2012.07.16 14:42:55.533,1.03975,1.03997,1.50,1.08
2012.07.16 14:42:55.798,1.03972,1.03996,1.91,2.24
2012.07.16 14:42:55.873,1.03974,1.03997,1.50,1.08
2012.07.16 14:42:56.387,1.03974,1.03997,1.50,1.08
2012.07.16 14:42:57.023,1.03974,1.03997,1.50,1.08
2012.07.16 14:42:57.084,1.03972,1.03996,1.91,2.24
2012.07.16 14:42:57.256,1.03975,1.03997,1.50,2.58
2012.07.16 14:42:57.797,1.03975,1.03997,1.50,2.58
2012.07.16 14:42:58.421,1.03974,1.03997,1.50,1.08
2012.07.16 14:42:58.762,1.03977,1.03997,1.50,1.08
2012.07.16 14:42:59.501,1.03975,1.03996,2.25,1.08
2012.07.16 14:43:01.242,1.03974,1.03997,1.50,1.08
2012.07.16 14:43:05.339,1.03974,1.03996,2.25,1.08
2012.07.16 14:43:06.553,1.03974,1.03997,2.66,1.08
2012.07.16 14:43:07.093,1.03974,1.03997,2.51,1.08
2012.07.16 14:43:07.159,1.03977,1.03997,1.50,1.08
2012.07.16 14:43:07.504,1.03977,1.03999,1.91,1.50
2012.07.16 14:43:07.622,1.03979,1.03997,1.50,1.50
2012.07.16 14:43:07.738,1.03975,1.03997,3.75,1.50
2012.07.16 14:43:07.970,1.03976,1.04,2.25,2.58
2012.07.16 14:43:08.030,1.03976,1.04,2.66,2.24
2012.07.16 14:43:08.543,1.03978,1.04002,1.91,2.24
2012.07.16 14:43:08.834,1.03976,1.04,2.25,1.85
2012.07.16 14:43:09.504,1.03976,1.04,2.25,1.85
2012.07.16 14:43:09.947,1.03978,1.04001,1.50,1.08
2012.07.16 14:43:10.176,1.03981,1.04002,1.50,1.08
2012.07.16 14:43:11.354,1.03978,1.04002,1.91,2.58
2012.07.16 14:43:11.470,1.0398,1.04002,1.50,1.08
2012.07.16 14:43:11.932,1.0398,1.04002,1.50,1.08
2012.07.16 14:43:11.993,1.03976,1.03997,2.25,1.50
2012.07.16 14:43:12.224,1.03974,1.03996,1.16,1.50
2012.07.16 14:43:12.765,1.03974,1.03996,1.16,1.50
2012.07.16 14:43:13.397,1.03975,1.03997,1.50,1.50
2012.07.16 14:43:14.348,1.03974,1.03998,2.25,1.85
2012.07.16 14:43:14.575,1.03972,1.03996,2.66,1.50
2012.07.16 14:43:14.912,1.03972,1.03996,1.50,3.18
2012.07.16 14:43:15.438,1.03971,1.03993,1.50,1.85
2012.07.16 14:43:15.959,1.03968,1.03992,2.66,1.50
2012.07.16 14:43:16.466,1.03971,1.03993,1.50,1.85
2012.07.16 14:43:17.134,1.03972,1.03996,1.50,4.08
2012.07.16 14:43:17.251,1.0397,1.03994,2.25,1.85
2012.07.16 14:43:18.457,1.03968,1.03992,4.16,1.50
2012.07.16 14:43:19.028,1.0397,1.03994,1.50,1.85
2012.07.16 14:43:19.246,1.03973,1.03995,1.50,1.85
2012.07.16 14:43:19.418,1.03974,1.03998,1.50,3.93
2012.07.16 14:43:19.922,1.03974,1.03998,1.50,2.58
2012.07.16 14:43:20.147,1.03974,1.03998,2.25,2.58
2012.07.16 14:43:20.543,1.03977,1.03999,1.91,1.50
2012.07.16 14:43:21.216,1.03978,1.04002,2.66,1.85
2012.07.16 14:43:21.498,1.03977,1.03999,1.91,1.50
2012.07.16 14:43:21.839,1.03977,1.03997,1.50,1.08
2012.07.16 14:43:21.901,1.03974,1.03997,3.00,1.08
2012.07.16 14:43:22.264,1.03977,1.03997,1.50,1.08
2012.07.16 14:43:22.325,1.03975,1.03997,3.00,2.58
2012.07.16 14:43:22.444,1.03973,1.03995,1.50,1.50
2012.07.16 14:43:22.947,1.03971,1.03994,1.16,1.50
2012.07.16 14:43:23.501,1.03972,1.03996,1.91,2.58
2012.07.16 14:43:24.209,1.03972,1.03996,2.66,2.58
2012.07.16 14:43:24.326,1.03971,1.03993,1.50,2.24
2012.07.16 14:43:24.902,1.03971,1.03993,1.50,2.58
2012.07.16 14:43:26.437,1.03971,1.03993,1.50,2.58
2012.07.16 14:43:26.554,1.03968,1.03992,1.91,2.58
2012.07.16 14:43:26.671,1.03971,1.03992,1.50,1.08
2012.07.16 14:43:27.126,1.03969,1.03991,1.91,1.50
2012.07.16 14:43:27.249,1.03971,1.03993,3.41,1.50
2012.07.16 14:43:27.714,1.03973,1.03995,1.91,2.24
2012.07.16 14:43:27.878,1.03971,1.03993,1.91,1.50
2012.07.16 14:43:27.994,1.03971,1.03993,1.50,1.50
2012.07.16 14:43:28.497,1.03973,1.03994,1.50,1.08
2012.07.16 14:43:28.827,1.0397,1.03994,1.50,1.85
2012.07.16 14:43:28.943,1.03973,1.03995,1.50,2.58
2012.07.16 14:43:29.061,1.0397,1.03994,1.50,2.58
2012.07.16 14:43:29.465,1.0397,1.03994,1.50,2.58
2012.07.16 14:43:30.012,1.0397,1.03993,1.50,1.10
2012.07.16 14:43:30.074,1.03968,1.03991,1.50,1.08
2012.07.16 14:43:30.245,1.03968,1.03992,1.50,1.85
2012.07.16 14:43:30.472,1.03968,1.03992,1.50,1.85
2012.07.16 14:43:30.588,1.03971,1.03993,1.50,1.85
2012.07.16 14:43:30.928,1.03973,1.03995,1.50,2.58
2012.07.16 14:43:31.438,1.03971,1.03994,1.16,1.50
2012.07.16 14:43:31.916,1.03976,1.03998,1.50,1.85
2012.07.16 14:43:32.298,1.03978,1.03999,1.50,1.08
2012.07.16 14:43:32.414,1.03978,1.03999,1.50,1.08
2012.07.16 14:43:34.175,1.03976,1.03993,1.91,1.50
2012.07.16 14:43:34.293,1.0397,1.03994,2.25,1.85
2012.07.16 14:43:34.355,1.0397,1.03994,2.25,2.58
2012.07.16 14:43:34.695,1.03974,1.03997,1.16,1.50
2012.07.16 14:43:34.985,1.03973,1.03996,1.91,1.08
2012.07.16 14:43:35.453,1.03969,1.03993,3.26,1.50
2012.07.16 14:43:36.021,1.03972,1.03994,1.91,1.50
2012.07.16 14:43:36.138,1.03974,1.03996,1.50,2.58
2012.07.16 14:43:36.665,1.03975,1.03996,1.50,1.08
2012.07.16 14:43:37.210,1.03974,1.03996,1.50,2.58
2012.07.16 14:43:37.992,1.03974,1.03996,1.50,2.58
2012.07.16 14:43:38.109,1.03972,1.03994,1.50,1.50
2012.07.16 14:43:38.337,1.03973,1.03996,1.50,1.08
2012.07.16 14:43:38.677,1.03973,1.03995,2.63,1.08
2012.07.16 14:43:38.988,1.03978,1.03999,1.16,1.50
2012.07.16 14:43:39.106,1.03981,1.04005,1.50,1.85
2012.07.16 14:43:39.176,1.03984,1.04006,1.50,2.58
2012.07.16 14:43:39.547,1.03982,1.04006,1.91,2.58
2012.07.16 14:43:39.665,1.03982,1.04006,1.50,2.58
2012.07.16 14:43:40.185,1.03976,1.04,3.41,2.10
2012.07.16 14:43:40.359,1.03976,1.04,1.50,3.18
2012.07.16 14:43:40.642,1.03973,1.03996,1.16,1.50
2012.07.16 14:43:41.421,1.03973,1.03995,1.50,1.85
2012.07.16 14:43:43.739,1.03971,1.03993,1.50,1.50
2012.07.16 14:43:44.240,1.03972,1.03995,1.50,2.58
2012.07.16 14:43:44.470,1.03971,1.03993,3.00,1.50
2012.07.16 14:43:44.698,1.03972,1.03995,2.25,1.08
2012.07.16 14:43:46.395,1.0397,1.03994,1.91,1.50
2012.07.16 14:43:47.072,1.0397,1.03994,2.66,1.50
2012.07.16 14:43:47.573,1.03972,1.03995,1.50,1.08
2012.07.16 14:43:48.078,1.03973,1.03995,1.50,2.58
2012.07.16 14:43:48.622,1.03973,1.03995,1.91,2.24
2012.07.16 14:43:49.160,1.03974,1.03997,1.91,1.08
2012.07.16 14:43:49.441,1.03972,1.03996,1.91,2.24
2012.07.16 14:43:50.278,1.03976,1.04,1.50,2.58
2012.07.16 14:43:50.802,1.03975,1.03997,1.91,1.50
2012.07.16 14:43:51.226,1.03975,1.03997,1.91,1.50
2012.07.16 14:43:51.398,1.03977,1.03999,1.91,1.50
2012.07.16 14:43:51.809,1.03975,1.03997,1.91,1.50
2012.07.16 14:43:52.314,1.03974,1.03998,2.25,1.85
2012.07.16 14:43:52.665,1.03977,1.03999,1.91,1.50
2012.07.16 14:43:53.007,1.03982,1.04003,1.50,1.08
2012.07.16 14:43:53.512,1.03982,1.04004,1.50,2.58
2012.07.16 14:43:54.014,1.03981,1.04003,1.50,1.08
2012.07.16 14:43:54.540,1.0398,1.04003,1.50,1.08
2012.07.16 14:43:55.735,1.03981,1.04003,1.50,2.58
2012.07.16 14:43:57.913,1.03981,1.04003,1.50,2.58
2012.07.16 14:43:58.030,1.03976,1.03998,2.25,1.85
2012.07.16 14:43:58.401,1.03977,1.04001,1.91,1.50
2012.07.16 14:43:58.461,1.03979,1.04001,1.50,1.50
2012.07.16 14:43:59.144,1.03978,1.04,1.50,1.50
2012.07.16 14:43:59.550,1.0398,1.04002,1.91,1.50
2012.07.16 14:43:59.944,1.03981,1.04002,1.91,1.50
2012.07.16 14:44:00.117,1.03982,1.04004,2.68,3.00
2012.07.16 14:44:00.570,1.03986,1.04007,1.91,1.50
2012.07.16 14:44:00.631,1.03986,1.0401,1.91,1.50
2012.07.16 14:44:00.694,1.03992,1.04011,1.50,2.58
2012.07.16 14:44:00.813,1.0399,1.04011,1.50,1.08
2012.07.16 14:44:00.931,1.03988,1.0401,1.50,1.08
2012.07.16 14:44:01.159,1.0399,1.0401,1.50,1.08
2012.07.16 14:44:01.502,1.0399,1.0401,1.50,1.08
2012.07.16 14:44:01.620,1.0399,1.04012,1.91,1.50
2012.07.16 14:44:01.683,1.0399,1.04012,1.50,1.85
2012.07.16 14:44:02.025,1.03992,1.04012,1.50,1.50
2012.07.16 14:44:02.375,1.03995,1.04016,1.50,1.08
2012.07.16 14:44:02.436,1.03995,1.04018,1.50,1.70
2012.07.16 14:44:02.498,1.03993,1.04016,3.00,1.08
2012.07.16 14:44:02.729,1.03994,1.04016,1.50,1.08
2012.07.16 14:44:03.317,1.03992,1.04015,1.50,1.85
2012.07.16 14:44:04.127,1.03992,1.04014,1.91,1.50
2012.07.16 14:44:04.245,1.03992,1.04012,1.16,1.50
2012.07.16 14:44:04.366,1.03995,1.04018,1.50,1.68
2012.07.16 14:44:04.671,1.03993,1.04018,1.91,3.18
2012.07.16 14:44:04.733,1.03993,1.04018,2.66,2.45
2012.07.16 14:44:05.127,1.03993,1.04018,3.75,2.45
2012.07.16 14:44:05.468,1.03989,1.04013,1.50,1.85
2012.07.16 14:44:05.697,1.03989,1.04013,1.50,1.85
2012.07.16 14:44:05.870,1.03987,1.04011,2.25,1.85
2012.07.16 14:44:06.270,1.03991,1.04013,1.50,3.95
2012.07.16 14:44:06.387,1.03989,1.04011,1.50,1.85
2012.07.16 14:44:06.830,1.03992,1.04014,1.50,3.20
2012.07.16 14:44:06.893,1.03992,1.04014,1.50,3.20
2012.07.16 14:44:06.955,1.0399,1.04012,1.50,2.45
2012.07.16 14:44:07.306,1.03992,1.04014,1.50,1.68
2012.07.16 14:44:07.537,1.03988,1.04012,2.25,2.45
2012.07.16 14:44:08.071,1.03987,1.0401,1.50,1.85
2012.07.16 14:44:08.189,1.03989,1.04011,1.50,1.85
2012.07.16 14:44:09.793,1.03987,1.0401,1.50,1.85
2012.07.16 14:44:10.123,1.03993,1.04014,1.50,1.68
2012.07.16 14:44:10.184,1.03988,1.0401,2.25,1.85
2012.07.16 14:44:10.594,1.03993,1.04014,1.50,1.08
2012.07.16 14:44:10.767,1.0399,1.04014,2.25,2.58
2012.07.16 14:44:10.828,1.03997,1.04014,1.50,1.08
2012.07.16 14:44:11.012,1.03995,1.04014,1.50,1.08
2012.07.16 14:44:11.543,1.03994,1.04015,1.50,1.08
2012.07.16 14:44:11.605,1.03994,1.04014,1.50,1.34
2012.07.16 14:44:11.779,1.03989,1.04013,2.25,2.45
2012.07.16 14:44:12.075,1.03989,1.04013,1.50,1.85
2012.07.16 14:44:14.147,1.03991,1.04015,1.50,2.58
2012.07.16 14:44:14.610,1.03989,1.04013,2.25,1.85
2012.07.16 14:44:15.167,1.03987,1.04009,1.50,2.45
2012.07.16 14:44:15.228,1.03987,1.04009,1.50,2.45
2012.07.16 14:44:15.290,1.03983,1.04006,1.50,2.58
2012.07.16 14:44:15.870,1.03984,1.04003,1.91,1.50
2012.07.16 14:44:15.932,1.03984,1.04008,1.91,3.18
2012.07.16 14:44:16.198,1.03986,1.0401,1.50,1.85
2012.07.16 14:44:16.385,1.03986,1.0401,1.50,1.85
2012.07.16 14:44:16.726,1.0398,1.04002,1.91,2.10
2012.07.16 14:44:17.290,1.0398,1.04002,1.50,3.18
2012.07.16 14:44:17.724,1.03978,1.04002,1.50,3.18
2012.07.16 14:44:18.405,1.03976,1.04,2.66,1.50
2012.07.16 14:44:19.650,1.0398,1.04001,1.50,1.08
2012.07.16 14:44:19.932,1.03981,1.04004,1.50,1.68
2012.07.16 14:44:20.478,1.03981,1.04004,1.50,1.08
2012.07.16 14:44:21.002,1.03981,1.04004,1.50,1.08
2012.07.16 14:44:21.613,1.03981,1.04004,1.50,1.08
2012.07.16 14:44:22.114,1.03981,1.04004,2.25,1.08
2012.07.16 14:44:22.635,1.03983,1.04004,1.50,1.08
2012.07.16 14:44:23.285,1.03982,1.04004,2.25,1.85
2012.07.16 14:44:23.765,1.03982,1.04004,1.91,1.50
2012.07.16 14:44:24.104,1.0399,1.04004,1.91,1.50
2012.07.16 14:44:24.166,1.03991,1.04014,1.50,2.25
2012.07.16 14:44:24.355,1.03993,1.04016,1.50,2.58
2012.07.16 14:44:24.536,1.03991,1.04014,1.50,1.50
2012.07.16 14:44:25.067,1.03992,1.04016,1.50,1.08
2012.07.16 14:44:25.309,1.0399,1.04015,1.91,1.85
2012.07.16 14:44:25.848,1.03989,1.04012,1.91,1.50
2012.07.16 14:44:26.290,1.0399,1.04015,1.91,2.58
2012.07.16 14:44:26.648,1.03992,1.04015,1.50,1.08
2012.07.16 14:44:27.170,1.03991,1.04014,1.50,1.50
2012.07.16 14:44:27.619,1.03989,1.04013,1.16,1.50
2012.07.16 14:44:27.957,1.03995,1.04017,1.50,1.08
2012.07.16 14:44:28.075,1.03997,1.04017,1.50,1.08
2012.07.16 14:44:28.638,1.03997,1.04017,1.50,1.08
2012.07.16 14:44:28.704,1.03995,1.04017,1.50,1.08
2012.07.16 14:44:29.416,1.03995,1.04017,1.50,1.08
2012.07.16 14:44:29.920,1.03993,1.04016,1.91,1.50
2012.07.16 14:44:30.203,1.03997,1.04019,1.50,2.58
2012.07.16 14:44:30.656,1.03994,1.04018,1.91,1.08
2012.07.16 14:44:32.505,1.03995,1.04018,1.50,1.85
2012.07.16 14:44:32.621,1.03995,1.04017,1.50,1.10
2012.07.16 14:44:33.027,1.03994,1.04018,1.16,1.50
2012.07.16 14:44:33.254,1.03995,1.04019,1.91,1.10
2012.07.16 14:44:33.370,1.03995,1.04019,1.91,1.10
2012.07.16 14:44:33.742,1.03994,1.04017,2.66,1.50
2012.07.16 14:44:33.858,1.03994,1.04017,2.66,2.25
2012.07.16 14:44:34.555,1.03994,1.04018,1.16,2.25
2012.07.16 14:44:35.391,1.03991,1.04016,1.91,2.24
2012.07.16 14:44:35.454,1.03991,1.04016,1.91,2.24
2012.07.16 14:44:35.627,1.03993,1.04016,1.91,2.24
2012.07.16 14:44:35.911,1.03989,1.04012,2.66,1.50
2012.07.16 14:44:36.346,1.03992,1.04014,1.50,1.10
2012.07.16 14:44:36.409,1.0399,1.04015,1.50,1.85
2012.07.16 14:44:36.930,1.03991,1.04015,1.50,1.85
2012.07.16 14:44:37.189,1.03993,1.04016,1.50,3.35
2012.07.16 14:44:37.808,1.0399,1.04015,1.50,1.85
2012.07.16 14:44:38.202,1.03992,1.04016,1.50,1.08
2012.07.16 14:44:38.318,1.0399,1.04015,3.75,1.85
2012.07.16 14:44:41.016,1.03991,1.04015,1.50,1.85
2012.07.16 14:44:41.077,1.03993,1.04016,1.50,2.58
2012.07.16 14:44:41.523,1.03991,1.04014,1.50,1.85
2012.07.16 14:44:42.140,1.03992,1.04016,1.50,1.08
2012.07.16 14:44:42.803,1.03991,1.04014,1.91,1.50
2012.07.16 14:44:43.308,1.03992,1.04016,1.50,1.08
2012.07.16 14:44:46.340,1.03994,1.04018,1.50,1.08
2012.07.16 14:44:46.455,1.03992,1.04017,2.25,1.85
2012.07.16 14:44:47.482,1.03993,1.04016,1.50,1.85
2012.07.16 14:44:47.601,1.03991,1.04015,2.25,1.85
2012.07.16 14:44:48.264,1.0399,1.04015,2.25,1.85
2012.07.16 14:44:48.550,1.03993,1.04016,1.50,1.85
2012.07.16 14:44:48.669,1.03991,1.04012,2.66,1.50
2012.07.16 14:44:48.949,1.03989,1.04012,1.50,1.85
2012.07.16 14:44:49.453,1.03991,1.04013,1.50,1.08
2012.07.16 14:44:49.977,1.03988,1.04013,1.50,2.58
2012.07.16 14:44:52.214,1.03987,1.0401,3.41,1.50
2012.07.16 14:44:52.658,1.03989,1.04012,1.50,1.85
2012.07.16 14:44:52.969,1.03987,1.04011,1.16,1.50
2012.07.16 14:44:53.084,1.03989,1.04012,1.50,1.85
2012.07.16 14:44:54.404,1.0399,1.04014,1.50,2.58
2012.07.16 14:44:55.093,1.03988,1.04013,1.91,1.85
2012.07.16 14:44:55.614,1.0399,1.04014,1.50,1.08
2012.07.16 14:44:56.668,1.0399,1.04009,1.50,1.10
2012.07.16 14:44:56.786,1.03985,1.04007,1.50,1.85
2012.07.16 14:44:56.848,1.03987,1.04009,1.50,4.10
2012.07.16 14:44:56.911,1.03985,1.04006,1.50,1.85
2012.07.16 14:44:57.030,1.03982,1.04006,1.91,1.85
2012.07.16 14:44:57.646,1.03982,1.04006,2.25,1.85
2012.07.16 14:44:57.946,1.03987,1.04009,1.91,2.24
2012.07.16 14:44:58.300,1.03989,1.04012,1.91,2.24
2012.07.16 14:44:58.857,1.03992,1.04014,1.50,1.08
2012.07.16 14:44:58.920,1.03992,1.04015,1.50,2.58
2012.07.16 14:44:59.213,1.0399,1.04012,1.50,1.50
2012.07.16 14:44:59.561,1.03988,1.0401,2.25,1.50
2012.07.16 14:44:59.905,1.03984,1.04006,1.91,1.50
2012.07.16 14:45:00.190,1.03982,1.04005,1.16,1.50
2012.07.16 14:45:00.306,1.03983,1.04007,2.25,1.85
2012.07.16 14:45:00.754,1.03986,1.04008,1.50,2.25
2012.07.16 14:45:01.205,1.03984,1.04006,1.91,1.50
2012.07.16 14:45:01.841,1.03989,1.04009,1.50,1.50
2012.07.16 14:45:02.198,1.03989,1.04011,1.91,1.50
2012.07.16 14:45:02.708,1.03987,1.04011,1.91,1.50
2012.07.16 14:45:03.031,1.03992,1.04013,1.50,1.08
2012.07.16 14:45:03.361,1.0399,1.04012,1.91,1.50
2012.07.16 14:45:03.544,1.03988,1.0401,1.91,1.50
2012.07.16 14:45:05.057,1.0399,1.04012,1.91,3.00
2012.07.16 14:45:10.081,1.03987,1.04009,1.91,1.50
2012.07.16 14:45:10.622,1.03988,1.0401,1.91,1.50
2012.07.16 14:45:11.176,1.03987,1.04011,2.66,1.50
2012.07.16 14:45:11.570,1.03987,1.04008,1.91,1.50
2012.07.16 14:45:11.854,1.03988,1.0401,1.91,1.50
2012.07.16 14:45:12.591,1.03988,1.0401,1.91,1.50
2012.07.16 14:45:12.652,1.0399,1.04012,1.50,1.50
2012.07.16 14:45:12.932,1.0399,1.04012,1.91,1.50
2012.07.16 14:45:12.994,1.03991,1.04015,1.91,2.24
2012.07.16 14:45:13.221,1.03991,1.04012,1.16,1.50
2012.07.16 14:45:13.337,1.03992,1.04014,2.66,1.50
2012.07.16 14:45:14.258,1.03991,1.04012,1.16,1.50
2012.07.16 14:45:14.773,1.0399,1.04011,1.16,1.50
2012.07.16 14:45:14.889,1.0399,1.04014,2.66,1.85
2012.07.16 14:45:15.415,1.0399,1.04012,1.16,1.50
2012.07.16 14:45:16.514,1.0399,1.04014,2.66,3.35
2012.07.16 14:45:17.539,1.0399,1.04012,1.16,1.50
2012.07.16 14:45:18.075,1.0399,1.04012,1.16,1.50
2012.07.16 14:45:18.620,1.03989,1.04012,1.16,1.85
2012.07.16 14:45:19.511,1.03992,1.04013,1.16,1.50
2012.07.16 14:45:20.043,1.03992,1.04012,1.16,1.50
2012.07.16 14:45:20.269,1.03992,1.04017,2.66,1.85
2012.07.16 14:45:20.535,1.03992,1.04013,1.16,1.50
2012.07.16 14:45:23.579,1.03992,1.04011,1.16,1.50
2012.07.16 14:45:23.697,1.03989,1.04011,2.10,1.85
2012.07.16 14:45:24.147,1.03993,1.04014,1.50,1.08
2012.07.16 14:45:24.376,1.03991,1.04014,1.50,1.08
2012.07.16 14:45:24.492,1.03989,1.04013,1.50,1.85
2012.07.16 14:45:24.997,1.0399,1.04012,1.50,1.85
2012.07.16 14:45:25.058,1.0399,1.04012,2.25,1.85
2012.07.16 14:45:25.174,1.0399,1.04012,1.50,1.85
2012.07.16 14:45:25.345,1.03989,1.04013,1.50,1.85
2012.07.16 14:45:25.686,1.03987,1.04003,2.25,1.85
2012.07.16 14:45:26.090,1.03981,1.04003,2.25,1.85
2012.07.16 14:45:26.151,1.03982,1.04003,1.16,1.50
2012.07.16 14:45:26.268,1.03986,1.04008,2.66,1.50
2012.07.16 14:45:26.329,1.03986,1.0401,2.66,1.50
2012.07.16 14:45:26.783,1.03991,1.04013,1.50,4.08
2012.07.16 14:45:27.381,1.03991,1.04011,2.25,1.50
2012.07.16 14:45:27.915,1.03991,1.04013,1.50,2.58
2012.07.16 14:45:28.087,1.03989,1.04012,1.91,1.85
2012.07.16 14:45:28.187,1.03989,1.04009,1.91,1.50
2012.07.16 14:45:28.846,1.03988,1.04011,1.91,1.50
2012.07.16 14:45:29.111,1.03991,1.04013,1.50,2.58
2012.07.16 14:45:29.449,1.03987,1.04011,3.75,2.58
2012.07.16 14:45:29.952,1.03988,1.0401,1.50,3.35
2012.07.16 14:45:30.457,1.03989,1.04011,1.50,1.08
2012.07.16 14:45:30.684,1.03987,1.04009,1.50,1.85
2012.07.16 14:45:31.283,1.0399,1.04012,1.50,2.45
2012.07.16 14:45:31.790,1.0399,1.04012,1.50,3.18
2012.07.16 14:45:31.852,1.0399,1.04012,1.91,1.50
2012.07.16 14:45:32.137,1.03993,1.04017,1.50,1.08
2012.07.16 14:45:32.686,1.03994,1.04017,1.50,2.24
2012.07.16 14:45:33.117,1.03991,1.04016,2.66,1.50
2012.07.16 14:45:33.796,1.03993,1.04018,1.50,2.58
2012.07.16 14:45:34.088,1.03996,1.04018,1.50,1.08
2012.07.16 14:45:34.653,1.03994,1.04017,2.25,1.85
2012.07.16 14:45:34.970,1.03994,1.04017,2.25,1.85
2012.07.16 14:45:35.086,1.03993,1.04017,1.50,1.08
2012.07.16 14:45:35.202,1.03991,1.04012,1.50,1.50
2012.07.16 14:45:35.871,1.03991,1.04015,1.50,1.85
2012.07.16 14:45:36.180,1.03993,1.04017,1.50,1.08
2012.07.16 14:45:36.298,1.03995,1.04019,1.50,1.85
2012.07.16 14:45:37.724,1.03997,1.04021,1.50,1.08
2012.07.16 14:45:40.445,1.04,1.04021,1.50,1.08
2012.07.16 14:45:40.796,1.03997,1.0402,1.50,1.08
2012.07.16 14:45:40.916,1.04,1.0402,1.50,1.08
2012.07.16 14:45:41.860,1.03998,1.0402,3.00,1.08
2012.07.16 14:45:42.647,1.03997,1.04021,1.50,1.08
2012.07.16 14:45:43.156,1.03996,1.04019,1.50,1.85
2012.07.16 14:45:43.697,1.03997,1.04021,1.50,1.08
2012.07.16 14:45:44.114,1.03994,1.04017,2.66,1.85
2012.07.16 14:45:44.231,1.03994,1.04017,2.25,2.22
2012.07.16 14:45:44.458,1.03994,1.04015,1.50,1.08
2012.07.16 14:45:44.679,1.03994,1.04015,1.50,1.85
2012.07.16 14:45:44.796,1.03993,1.04017,1.50,1.08
2012.07.16 14:45:44.858,1.03991,1.04016,1.50,1.85
2012.07.16 14:45:45.828,1.03992,1.04015,1.50,1.85
2012.07.16 14:45:46.286,1.03992,1.04017,2.66,1.85
2012.07.16 14:45:46.347,1.03992,1.04013,1.16,1.50
2012.07.16 14:45:46.728,1.03993,1.04013,1.91,1.50
2012.07.16 14:45:46.791,1.03995,1.04018,1.50,1.08
2012.07.16 14:45:47.073,1.03992,1.04017,1.91,1.50
2012.07.16 14:45:48.797,1.03994,1.04018,1.50,1.08
2012.07.16 14:45:48.866,1.03994,1.04018,1.91,2.24
2012.07.16 14:45:49.373,1.03998,1.0402,1.50,1.08
2012.07.16 14:45:49.545,1.03997,1.04022,1.91,2.58
2012.07.16 14:45:49.606,1.03997,1.04022,1.50,2.58
2012.07.16 14:45:49.834,1.03994,1.04017,2.25,1.50
2012.07.16 14:45:49.896,1.03993,1.04015,1.16,1.50
2012.07.16 14:45:49.957,1.03992,1.04015,2.66,1.50
2012.07.16 14:45:50.642,1.03994,1.04017,1.50,1.50
2012.07.16 14:45:51.189,1.03995,1.04019,1.50,1.08
2012.07.16 14:45:51.926,1.03994,1.04017,1.50,1.50
2012.07.16 14:45:52.474,1.03995,1.04019,1.50,1.08
2012.07.16 14:45:52.951,1.03993,1.04016,1.16,1.50
2012.07.16 14:45:53.725,1.03994,1.04017,1.50,1.50
2012.07.16 14:45:57.299,1.03995,1.04018,1.50,1.08
2012.07.16 14:45:57.818,1.03994,1.04017,1.50,1.50
2012.07.16 14:45:58.846,1.03992,1.04016,1.16,1.50
2012.07.16 14:45:58.962,1.03993,1.04018,1.91,1.85
2012.07.16 14:45:59.486,1.03994,1.04017,1.91,3.00
2012.07.16 14:45:59.891,1.03996,1.04021,1.91,1.85
2012.07.16 14:46:00.007,1.03996,1.04021,1.50,1.85
2012.07.16 14:46:00.637,1.03995,1.0402,2.25,1.85
2012.07.16 14:46:01.270,1.03994,1.04017,2.25,1.50
2012.07.16 14:46:01.666,1.03993,1.04015,1.16,1.50
2012.07.16 14:46:01.727,1.03993,1.04017,2.66,1.50
2012.07.16 14:46:02.282,1.03994,1.04018,2.25,1.85
2012.07.16 14:46:02.806,1.03994,1.04018,2.25,1.85
2012.07.16 14:46:03.482,1.03995,1.0402,1.50,1.85
2012.07.16 14:46:04.006,1.03994,1.04017,2.25,1.50
2012.07.16 14:46:04.211,1.03994,1.04017,1.50,2.10
2012.07.16 14:46:04.548,1.03996,1.04016,1.50,2.24
2012.07.16 14:46:04.665,1.03996,1.04019,1.91,1.85
2012.07.16 14:46:05.033,1.03998,1.04021,1.50,4.08
2012.07.16 14:46:05.370,1.03996,1.0402,1.91,1.85
2012.07.16 14:46:07.187,1.03995,1.0402,1.50,2.58
2012.07.16 14:46:07.689,1.03994,1.04019,2.25,1.85
2012.07.16 14:46:08.398,1.03992,1.04017,2.25,1.85
2012.07.16 14:46:09.333,1.03991,1.04013,3.41,1.50
2012.07.16 14:46:09.449,1.03993,1.04016,2.25,1.85
2012.07.16 14:46:09.757,1.03995,1.04018,1.50,1.85
2012.07.16 14:46:12.123,1.03993,1.04016,2.25,1.85
2012.07.16 14:46:12.456,1.03991,1.04013,4.91,1.50
2012.07.16 14:46:12.518,1.03993,1.04016,2.25,1.85
2012.07.16 14:46:12.857,1.03996,1.04016,1.91,1.50
2012.07.16 14:46:13.381,1.03997,1.04021,1.50,2.58
2012.07.16 14:46:13.916,1.03995,1.0402,1.91,2.58
2012.07.16 14:46:15.178,1.03998,1.04021,1.50,1.85
2012.07.16 14:46:15.520,1.04,1.04023,1.50,4.08
2012.07.16 14:46:15.699,1.03998,1.04022,2.10,1.85
2012.07.16 14:46:16.234,1.04,1.04023,1.50,1.85
2012.07.16 14:46:16.295,1.04,1.04023,1.50,1.85
2012.07.16 14:46:16.358,1.03997,1.04022,2.51,1.50
2012.07.16 14:46:16.949,1.03997,1.04022,1.91,1.85
2012.07.16 14:46:17.011,1.03995,1.04019,1.16,1.50
2012.07.16 14:46:17.073,1.03995,1.04019,1.16,1.85
2012.07.16 14:46:17.474,1.03995,1.04016,1.16,1.50
2012.07.16 14:46:17.757,1.03997,1.04018,1.50,1.50
2012.07.16 14:46:17.819,1.03997,1.0402,1.50,1.85
2012.07.16 14:46:17.880,1.03996,1.04018,1.35,1.50
2012.07.16 14:46:18.109,1.04001,1.04024,1.50,2.25
2012.07.16 14:46:18.224,1.04003,1.04026,1.50,4.08
2012.07.16 14:46:18.449,1.04,1.04025,3.41,1.85
2012.07.16 14:46:19.001,1.04,1.04025,1.91,1.50
2012.07.16 14:46:19.509,1.04,1.04025,1.91,1.85
2012.07.16 14:46:19.739,1.04002,1.04027,1.50,4.68
2012.07.16 14:46:20.079,1.04002,1.04026,1.50,1.08
2012.07.16 14:46:20.141,1.04002,1.04026,1.91,1.08
2012.07.16 14:46:20.202,1.04001,1.04023,1.91,1.50
2012.07.16 14:46:20.431,1.04002,1.04025,1.91,3.35
2012.07.16 14:46:20.548,1.04,1.04023,1.91,1.50
2012.07.16 14:46:20.720,1.04,1.04023,1.91,1.85
2012.07.16 14:46:20.975,1.04002,1.04026,1.50,1.85
2012.07.16 14:46:21.154,1.03998,1.04023,2.66,1.85
2012.07.16 14:46:21.261,1.03998,1.04021,1.16,1.50
2012.07.16 14:46:21.828,1.03999,1.04022,2.25,1.50
2012.07.16 14:46:22.166,1.04001,1.04024,1.50,1.85
2012.07.16 14:46:22.688,1.03998,1.0402,1.16,1.50
2012.07.16 14:46:22.919,1.03997,1.0402,1.91,1.50
2012.07.16 14:46:23.449,1.03995,1.0402,1.50,1.85
2012.07.16 14:46:23.621,1.03995,1.0402,1.91,1.50
2012.07.16 14:46:23.738,1.03995,1.0402,1.91,2.24
2012.07.16 14:46:23.855,1.03997,1.0402,1.16,1.50
2012.07.16 14:46:24.143,1.04001,1.04024,1.50,2.58
2012.07.16 14:46:24.690,1.04002,1.04024,1.16,1.50
2012.07.16 14:46:24.975,1.04005,1.04028,1.50,1.85
2012.07.16 14:46:25.289,1.04003,1.04026,3.41,1.85
2012.07.16 14:46:25.354,1.04001,1.04024,1.50,1.85
2012.07.16 14:46:25.696,1.03998,1.04015,1.16,1.50
2012.07.16 14:46:25.814,1.03998,1.04018,1.16,1.50
2012.07.16 14:46:26.113,1.03998,1.0402,1.16,1.50
2012.07.16 14:46:26.848,1.03998,1.0402,1.16,1.50
2012.07.16 14:46:27.076,1.04001,1.04022,1.16,1.50
2012.07.16 14:46:27.422,1.04003,1.04026,1.91,2.58
2012.07.16 14:46:28.821,1.04002,1.04025,1.50,1.08
2012.07.16 14:46:29.172,1.03999,1.04023,2.66,1.85
2012.07.16 14:46:29.947,1.03998,1.04021,1.16,1.50
2012.07.16 14:46:30.482,1.04,1.04025,1.50,1.85
2012.07.16 14:46:33.097,1.03999,1.04023,1.16,1.85
2012.07.16 14:46:33.343,1.04001,1.04024,1.50,1.85
2012.07.16 14:46:33.664,1.04006,1.04028,1.50,1.08
2012.07.16 14:46:33.726,1.04006,1.04028,1.50,1.08
2012.07.16 14:46:34.127,1.04002,1.04024,1.16,1.50
2012.07.16 14:46:34.522,1.04002,1.04026,2.66,1.50
2012.07.16 14:46:34.640,1.03999,1.04019,1.91,1.50
2012.07.16 14:46:34.813,1.03996,1.04019,2.25,1.85
2012.07.16 14:46:34.931,1.03997,1.04019,1.16,1.50
2012.07.16 14:46:35.234,1.03999,1.04022,1.91,1.50
2012.07.16 14:46:35.782,1.03999,1.04023,1.91,1.10
2012.07.16 14:46:36.565,1.04,1.04023,1.91,1.50
2012.07.16 14:46:36.794,1.04005,1.04027,1.91,1.08
2012.07.16 14:46:36.966,1.04002,1.04027,1.91,1.50
2012.07.16 14:46:37.513,1.04002,1.04027,2.66,1.85
2012.07.16 14:46:37.850,1.04002,1.04024,1.16,1.50
2012.07.16 14:46:38.363,1.04001,1.04025,1.16,1.50
2012.07.16 14:46:38.721,1.04006,1.04026,1.50,1.50
2012.07.16 14:46:38.839,1.04006,1.0403,1.91,1.08
2012.07.16 14:46:39.379,1.04006,1.04031,2.66,1.85
2012.07.16 14:46:39.749,1.04007,1.04028,1.16,1.50
2012.07.16 14:46:40.087,1.04004,1.04024,1.16,1.50
2012.07.16 14:46:40.203,1.04004,1.04024,1.16,1.50
2012.07.16 14:46:40.401,1.03999,1.04024,2.06,1.85
2012.07.16 14:46:41.459,1.04,1.04024,1.50,1.85
2012.07.16 14:46:41.521,1.04003,1.04025,1.50,1.08
2012.07.16 14:46:41.944,1.04001,1.04024,1.50,1.85
2012.07.16 14:46:43.135,1.04001,1.04024,1.91,1.50
2012.07.16 14:46:43.252,1.04004,1.04026,1.91,1.08
2012.07.16 14:46:43.481,1.04008,1.0403,1.91,2.24
2012.07.16 14:46:45.002,1.04008,1.04031,1.91,1.85
2012.07.16 14:46:45.781,1.04011,1.04034,1.50,2.60
2012.07.16 14:46:46.329,1.04009,1.04032,1.91,1.85
2012.07.16 14:46:46.997,1.04007,1.0403,2.66,1.50
2012.07.16 14:46:47.502,1.04009,1.04032,1.91,1.85
2012.07.16 14:46:47.748,1.04009,1.04032,1.91,1.50
2012.07.16 14:46:47.809,1.0401,1.04034,1.91,1.08
2012.07.16 14:46:48.405,1.04013,1.04034,1.50,1.08
2012.07.16 14:46:48.917,1.04011,1.04034,1.91,1.85
2012.07.16 14:46:53.238,1.04011,1.04034,2.25,1.85
2012.07.16 14:46:55.329,1.04009,1.04032,2.25,1.85
2012.07.16 14:46:55.633,1.04009,1.04031,1.50,1.08
2012.07.16 14:46:55.696,1.04009,1.04032,1.50,2.58
2012.07.16 14:46:56.213,1.04009,1.04032,1.50,1.08
2012.07.16 14:46:56.714,1.04009,1.04032,1.50,1.08
2012.07.16 14:46:57.341,1.04007,1.04032,1.91,2.58
2012.07.16 14:46:57.406,1.0401,1.04032,1.50,2.58
2012.07.16 14:46:57.888,1.04008,1.04031,1.91,1.50
2012.07.16 14:46:58.414,1.0401,1.04032,1.50,1.08
2012.07.16 14:46:58.967,1.04009,1.04032,1.50,1.08
2012.07.16 14:46:59.416,1.04009,1.04028,1.50,1.10
2012.07.16 14:46:59.481,1.04001,1.04025,1.16,1.85
2012.07.16 14:46:59.966,1.04,1.04025,2.66,1.85
2012.07.16 14:47:00.168,1.04,1.04025,3.41,1.85
2012.07.16 14:47:00.454,1.04008,1.04033,1.91,4.76
2012.07.16 14:47:00.516,1.04009,1.04033,1.91,4.76
2012.07.16 14:47:00.578,1.04011,1.04033,1.91,3.26
2012.07.16 14:47:00.639,1.04011,1.04033,1.50,1.83
2012.07.16 14:47:00.813,1.04007,1.04031,1.16,1.85
2012.07.16 14:47:01.584,1.04007,1.04031,1.16,1.85
2012.07.16 14:47:01.756,1.04011,1.04033,1.50,1.08
2012.07.16 14:47:02.096,1.04013,1.04033,1.50,1.08
2012.07.16 14:47:02.212,1.04011,1.04034,1.50,2.58
2012.07.16 14:47:02.328,1.04011,1.04034,1.50,2.58
2012.07.16 14:47:02.389,1.04013,1.04034,1.50,1.08
2012.07.16 14:47:02.841,1.04013,1.04034,1.50,1.08
2012.07.16 14:47:03.180,1.04011,1.04031,1.50,1.50
2012.07.16 14:47:03.521,1.04008,1.04031,2.25,1.85
2012.07.16 14:47:04.142,1.04006,1.04027,1.16,1.50
2012.07.16 14:47:04.632,1.04008,1.0403,1.16,1.50
2012.07.16 14:47:04.860,1.0401,1.04033,1.91,3.33
2012.07.16 14:47:05.079,1.04008,1.04031,2.66,1.50
2012.07.16 14:47:05.426,1.04009,1.04033,1.91,1.10
2012.07.16 14:47:05.623,1.04008,1.04031,2.66,1.50
2012.07.16 14:47:05.740,1.04009,1.04033,1.91,2.60
2012.07.16 14:47:08.278,1.04009,1.04034,1.91,2.24
2012.07.16 14:47:08.398,1.04008,1.04031,1.91,1.50
2012.07.16 14:47:08.461,1.04009,1.04034,1.91,2.24
2012.07.16 14:47:08.578,1.04014,1.04035,1.50,1.08
2012.07.16 14:47:08.639,1.04014,1.04037,1.50,2.00
2012.07.16 14:47:09.283,1.04014,1.04037,1.91,2.00
2012.07.16 14:47:09.351,1.04013,1.04038,1.50,3.48
2012.07.16 14:47:09.475,1.0401,1.04033,1.91,1.50
2012.07.16 14:47:12.490,1.04008,1.04031,2.66,1.50
2012.07.16 14:47:12.609,1.0401,1.04033,1.91,2.60
2012.07.16 14:47:13.333,1.0401,1.04033,1.91,1.50
2012.07.16 14:47:13.459,1.04014,1.04034,1.50,1.10
2012.07.16 14:47:14.159,1.04014,1.04037,1.91,2.39
2012.07.16 14:47:14.341,1.04012,1.04035,1.50,1.85
2012.07.16 14:47:14.624,1.04009,1.04034,1.91,2.60
2012.07.16 14:47:16.119,1.04009,1.04034,2.66,1.85
2012.07.16 14:47:19.780,1.0401,1.04033,1.91,1.50
2012.07.16 14:47:21.458,1.0401,1.04033,1.50,1.85
2012.07.16 14:47:21.683,1.0401,1.04033,1.50,1.85
2012.07.16 14:47:21.744,1.04007,1.04032,2.25,1.85
2012.07.16 14:47:21.804,1.04008,1.04032,1.16,1.50
2012.07.16 14:47:21.977,1.04007,1.04032,2.25,1.85
2012.07.16 14:47:22.207,1.04002,1.04027,2.25,1.85
2012.07.16 14:47:22.380,1.04002,1.04027,1.50,2.58
2012.07.16 14:47:23.080,1.04001,1.04024,1.91,1.50
2012.07.16 14:47:23.862,1.04001,1.04024,2.25,1.85
2012.07.16 14:47:23.923,1.04,1.04022,1.16,1.50
2012.07.16 14:47:24.432,1.04001,1.04024,1.91,1.85
2012.07.16 14:47:24.782,1.04003,1.04026,2.29,1.85
2012.07.16 14:47:25.233,1.04004,1.04028,2.29,1.08
2012.07.16 14:47:25.572,1.04002,1.04025,2.66,1.50
2012.07.16 14:47:25.801,1.04002,1.04025,1.91,1.85
2012.07.16 14:47:26.030,1.04004,1.04027,1.50,3.35
2012.07.16 14:47:26.413,1.04002,1.04026,1.91,1.85
2012.07.16 14:47:26.722,1.04005,1.04026,1.50,1.85
2012.07.16 14:47:26.783,1.04007,1.04029,1.50,1.08
2012.07.16 14:47:27.404,1.04007,1.04029,1.50,1.08
2012.07.16 14:47:27.746,1.04004,1.04027,1.91,1.50
2012.07.16 14:47:27.976,1.04001,1.04026,2.66,1.85
2012.07.16 14:47:28.554,1.04001,1.04024,1.16,2.25
2012.07.16 14:47:30.118,1.04001,1.04026,2.66,1.85
2012.07.16 14:47:30.180,1.04001,1.04026,2.66,1.50
2012.07.16 14:47:30.575,1.04003,1.04028,1.91,2.58
2012.07.16 14:47:31.078,1.04005,1.04028,1.91,1.08
2012.07.16 14:47:31.471,1.04004,1.04027,1.50,1.85
2012.07.16 14:47:31.888,1.04001,1.04026,2.25,2.45
2012.07.16 14:47:32.484,1.04,1.04024,1.16,1.85
2012.07.16 14:47:32.979,1.03998,1.04017,2.66,1.50
2012.07.16 14:47:33.319,1.03989,1.04008,1.95,3.35
2012.07.16 14:47:33.381,1.03986,1.04008,3.45,1.85
2012.07.16 14:47:33.833,1.03987,1.04009,1.80,1.85
2012.07.16 14:47:34.670,1.03987,1.04009,2.66,1.50
2012.07.16 14:47:34.735,1.03991,1.04012,1.50,1.85
2012.07.16 14:47:35.069,1.03993,1.04016,1.50,3.18
2012.07.16 14:47:35.303,1.03993,1.04015,1.50,1.68
2012.07.16 14:47:35.419,1.0399,1.04015,2.25,3.18
2012.07.16 14:47:35.647,1.0399,1.04015,2.66,2.24
2012.07.16 14:47:36.188,1.03993,1.04016,1.91,2.58
2012.07.16 14:47:37.746,1.03993,1.04016,1.91,2.58
2012.07.16 14:47:38.073,1.03989,1.04004,1.50,1.10
2012.07.16 14:47:38.136,1.03979,1.04001,1.50,1.85
2012.07.16 14:47:38.199,1.03985,1.04001,1.50,1.50
2012.07.16 14:47:38.260,1.03986,1.04007,1.50,1.08
2012.07.16 14:47:38.322,1.03986,1.04008,1.50,1.10
2012.07.16 14:47:38.438,1.03986,1.04009,1.50,1.08
2012.07.16 14:47:38.610,1.03989,1.04009,1.50,1.08
2012.07.16 14:47:39.004,1.03986,1.04009,1.50,1.08
2012.07.16 14:47:39.344,1.03989,1.04009,1.50,1.08
2012.07.16 14:47:39.765,1.03987,1.04009,1.50,2.58
2012.07.16 14:47:40.266,1.03987,1.04009,1.50,2.58
2012.07.16 14:47:40.327,1.03985,1.04007,1.50,1.50
2012.07.16 14:47:40.668,1.03985,1.04007,1.50,1.85
2012.07.16 14:47:41.214,1.03984,1.04005,1.50,1.08
2012.07.16 14:47:41.924,1.03983,1.04005,1.50,1.08
2012.07.16 14:47:42.469,1.03982,1.04006,2.25,2.58
2012.07.16 14:47:42.969,1.03985,1.04006,1.50,1.08
2012.07.16 14:47:43.141,1.03985,1.04007,1.50,2.24
2012.07.16 14:47:43.584,1.03989,1.04014,1.50,3.33
2012.07.16 14:47:44.123,1.0399,1.04013,1.50,1.85
2012.07.16 14:47:44.409,1.03993,1.04016,1.91,4.08
2012.07.16 14:47:44.471,1.03993,1.04016,1.91,1.85
2012.07.16 14:47:46.048,1.0399,1.04015,4.16,1.50
2012.07.16 14:47:46.110,1.0399,1.04014,1.91,1.08
2012.07.16 14:47:46.228,1.0399,1.04011,1.50,1.85
2012.07.16 14:47:46.290,1.03985,1.04006,1.50,1.85
2012.07.16 14:47:46.352,1.03982,1.04006,2.25,1.50
2012.07.16 14:47:46.415,1.03982,1.04004,2.25,2.25
2012.07.16 14:47:46.590,1.03976,1.03998,1.50,1.50
2012.07.16 14:47:46.707,1.03977,1.04,1.50,1.85
2012.07.16 14:47:47.279,1.03979,1.04002,1.50,1.08
2012.07.16 14:47:47.801,1.03979,1.04003,3.00,2.58
2012.07.16 14:47:48.144,1.03984,1.04004,1.50,1.08
2012.07.16 14:47:48.205,1.03984,1.04004,1.50,1.08
2012.07.16 14:47:48.539,1.03984,1.04006,1.50,1.50
2012.07.16 14:47:48.789,1.03982,1.04006,2.66,1.50
2012.07.16 14:47:49.272,1.03981,1.04002,1.16,1.50
2012.07.16 14:47:49.557,1.03977,1.03999,2.66,2.10
2012.07.16 14:47:49.677,1.03978,1.03998,1.01,1.50
2012.07.16 14:47:49.906,1.03978,1.03998,1.16,1.50
2012.07.16 14:47:49.968,1.03979,1.04003,1.50,2.45
2012.07.16 14:47:50.030,1.03979,1.04003,2.25,3.00
2012.07.16 14:47:50.093,1.03979,1.04002,1.50,1.34
2012.07.16 14:47:50.156,1.03984,1.04001,1.50,1.08
2012.07.16 14:47:50.274,1.03981,1.04005,1.91,2.24
2012.07.16 14:47:50.336,1.03981,1.04005,1.50,1.85
2012.07.16 14:47:50.565,1.0398,1.04002,3.00,1.50
2012.07.16 14:47:51.047,1.03982,1.04004,1.50,1.50
2012.07.16 14:47:52.736,1.03987,1.04006,1.50,1.50
2012.07.16 14:47:53.156,1.03984,1.04006,3.00,1.08
2012.07.16 14:47:57.736,1.03984,1.04006,1.50,1.08
2012.07.16 14:47:58.511,1.03984,1.04007,1.50,1.08
2012.07.16 14:47:58.628,1.03982,1.04006,3.00,1.85
2012.07.16 14:47:58.745,1.0398,1.04004,3.00,1.50
2012.07.16 14:48:00.152,1.03983,1.04005,1.50,1.85
2012.07.16 14:48:02.684,1.03983,1.04005,1.50,1.85
2012.07.16 14:48:04.424,1.03983,1.04005,1.50,1.50
2012.07.16 14:48:04.761,1.03985,1.04008,1.50,1.49
2012.07.16 14:48:05.258,1.03983,1.04005,1.50,1.85
2012.07.16 14:48:05.619,1.03983,1.04004,1.50,1.10
2012.07.16 14:48:06.657,1.03981,1.04003,1.50,2.25
2012.07.16 14:48:07.465,1.03979,1.04002,2.66,1.50
2012.07.16 14:48:07.526,1.03987,1.04005,1.50,1.50
2012.07.16 14:48:07.646,1.03987,1.04008,1.50,1.83
2012.07.16 14:48:08.113,1.03987,1.0401,1.50,1.08
2012.07.16 14:48:08.232,1.03989,1.04011,1.50,1.08
2012.07.16 14:48:08.403,1.03989,1.04013,1.50,1.50
2012.07.16 14:48:08.870,1.03988,1.04011,1.50,1.50
2012.07.16 14:48:09.420,1.03987,1.04008,1.16,1.50
2012.07.16 14:48:09.593,1.03982,1.04004,2.66,2.25
2012.07.16 14:48:09.710,1.03982,1.04,1.16,1.50
2012.07.16 14:48:09.939,1.03979,1.04001,1.50,2.25
2012.07.16 14:48:10.000,1.03977,1.03998,2.25,2.60
2012.07.16 14:48:10.525,1.03978,1.03999,1.16,1.50
2012.07.16 14:48:10.814,1.03982,1.04002,1.50,1.50
2012.07.16 14:48:10.930,1.03982,1.04005,1.50,1.08
2012.07.16 14:48:10.991,1.03981,1.04,1.50,1.50
2012.07.16 14:48:11.051,1.03977,1.04,1.91,1.50
2012.07.16 14:48:11.112,1.03977,1.04,1.91,1.50
2012.07.16 14:48:11.602,1.03978,1.04002,1.91,1.50
2012.07.16 14:48:12.154,1.03978,1.04002,1.91,1.50
2012.07.16 14:48:12.724,1.03978,1.04002,2.66,1.50
2012.07.16 14:48:15.328,1.03977,1.03999,2.66,1.50
2012.07.16 14:48:15.558,1.03975,1.03997,1.50,1.50
2012.07.16 14:48:15.730,1.03975,1.03997,1.50,2.24
2012.07.16 14:48:16.100,1.03973,1.03995,1.50,1.85
2012.07.16 14:48:18.578,1.03971,1.03993,1.50,1.50
2012.07.16 14:48:19.941,1.03973,1.03995,1.91,1.50
2012.07.16 14:48:20.292,1.03971,1.03992,2.66,4.58
2012.07.16 14:48:20.633,1.03957,1.03979,3.00,1.08
2012.07.16 14:48:21.143,1.03961,1.0398,1.50,1.08
2012.07.16 14:48:21.594,1.03965,1.03987,1.50,1.08
2012.07.16 14:48:22.138,1.03964,1.03987,3.00,1.08
2012.07.16 14:48:22.653,1.03964,1.03986,1.16,1.50
2012.07.16 14:48:22.829,1.0396,1.03985,1.50,1.85
2012.07.16 14:48:22.947,1.03959,1.03982,1.91,1.50
2012.07.16 14:48:23.261,1.0396,1.03984,1.50,1.10
2012.07.16 14:48:25.216,1.0396,1.03985,1.50,2.58
2012.07.16 14:48:25.444,1.03956,1.03981,2.25,2.58
2012.07.16 14:48:26.912,1.03954,1.03979,2.66,2.58
2012.07.16 14:48:27.145,1.03953,1.03976,1.50,2.24
2012.07.16 14:48:27.372,1.03957,1.03978,1.50,1.08
2012.07.16 14:48:28.074,1.03957,1.03978,1.50,1.08
2012.07.16 14:48:28.820,1.03957,1.03978,1.50,1.08
2012.07.16 14:48:29.177,1.03962,1.03985,1.50,1.08
2012.07.16 14:48:29.352,1.03959,1.03983,1.16,1.50
2012.07.16 14:48:29.692,1.03956,1.0398,2.25,1.08
2012.07.16 14:48:30.076,1.03956,1.0398,2.25,1.08
2012.07.16 14:48:30.250,1.03956,1.03981,2.66,2.58
2012.07.16 14:48:30.311,1.03959,1.03981,1.50,1.08
2012.07.16 14:48:30.648,1.0396,1.03985,2.25,3.74
2012.07.16 14:48:30.708,1.0396,1.03985,3.00,3.74
2012.07.16 14:48:30.825,1.0396,1.03985,3.00,2.58
2012.07.16 14:48:31.331,1.03959,1.03982,2.25,1.50
2012.07.16 14:48:31.392,1.03959,1.03982,1.50,1.50
2012.07.16 14:48:31.509,1.03957,1.03981,1.91,1.50
2012.07.16 14:48:32.031,1.03958,1.03983,1.50,2.58
2012.07.16 14:48:33.961,1.03962,1.03983,1.50,1.08
2012.07.16 14:48:34.634,1.03963,1.03983,1.50,2.24
2012.07.16 14:48:34.696,1.03958,1.03983,1.50,2.24
2012.07.16 14:48:35.239,1.03958,1.03983,1.50,2.24
2012.07.16 14:48:36.777,1.0396,1.03985,1.88,3.35
2012.07.16 14:48:37.116,1.03965,1.03987,1.50,1.08
2012.07.16 14:48:37.778,1.03962,1.03985,3.00,1.50
2012.07.16 14:48:37.896,1.0396,1.0398,1.16,1.50
2012.07.16 14:48:38.013,1.03956,1.03981,2.25,1.85
2012.07.16 14:48:38.075,1.03956,1.03981,2.66,1.85
2012.07.16 14:48:38.140,1.03956,1.03981,2.66,1.85
2012.07.16 14:48:41.775,1.03961,1.03984,2.25,2.58
2012.07.16 14:48:46.744,1.03962,1.03984,1.50,1.85
2012.07.16 14:48:47.028,1.03962,1.03986,1.93,3.00
2012.07.16 14:48:47.090,1.03963,1.03988,2.25,1.85
2012.07.16 14:48:47.372,1.03964,1.03988,1.50,1.85
2012.07.16 14:48:47.891,1.03967,1.0399,2.25,1.08
2012.07.16 14:48:47.958,1.03968,1.03993,2.66,1.50
2012.07.16 14:48:48.491,1.03967,1.03992,2.25,1.85
2012.07.16 14:48:48.609,1.03966,1.03989,3.41,1.50
2012.07.16 14:48:48.671,1.03968,1.03991,2.25,3.00
2012.07.16 14:48:48.790,1.03966,1.03989,1.16,1.50
2012.07.16 14:48:49.295,1.03969,1.03989,1.50,1.50
2012.07.16 14:48:49.357,1.03971,1.03994,1.50,1.83
2012.07.16 14:48:49.586,1.03969,1.03993,1.50,1.85
2012.07.16 14:48:50.130,1.03967,1.0399,2.66,1.50
2012.07.16 14:48:50.664,1.03967,1.0399,2.66,1.50
2012.07.16 14:48:50.993,1.03967,1.03989,2.25,1.10
2012.07.16 14:48:51.110,1.03964,1.03989,2.25,2.60
2012.07.16 14:48:51.669,1.03964,1.03989,2.25,2.60
2012.07.16 14:48:52.124,1.03963,1.03986,2.25,1.50
2012.07.16 14:48:52.295,1.03964,1.03988,2.25,1.85
2012.07.16 14:48:54.364,1.03965,1.03989,1.16,2.25
2012.07.16 14:48:54.645,1.03966,1.03991,1.91,1.50
2012.07.16 14:48:54.706,1.03966,1.03991,1.50,1.85
2012.07.16 14:48:54.989,1.03964,1.03989,2.25,1.85
2012.07.16 14:48:55.327,1.03967,1.03988,1.50,1.10
2012.07.16 14:48:55.457,1.03964,1.03988,2.25,1.10
2012.07.16 14:48:56.008,1.03964,1.03988,2.25,1.10
2012.07.16 14:48:56.622,1.03964,1.03988,2.25,1.10
2012.07.16 14:48:57.024,1.03963,1.03986,3.75,1.50
2012.07.16 14:48:57.198,1.03963,1.03986,1.50,2.10
2012.07.16 14:48:57.259,1.03963,1.03986,1.50,2.45
2012.07.16 14:48:57.599,1.03963,1.0398,1.50,1.50
2012.07.16 14:48:57.724,1.03957,1.03978,1.50,1.50
2012.07.16 14:48:58.248,1.03956,1.03978,1.50,1.85
2012.07.16 14:48:58.996,1.03957,1.03978,1.50,1.85
2012.07.16 14:49:00.800,1.03955,1.03978,2.25,1.85
2012.07.16 14:49:01.325,1.03955,1.03978,2.25,1.85
2012.07.16 14:49:01.861,1.03955,1.03978,1.50,1.50
2012.07.16 14:49:02.645,1.03955,1.03978,1.91,1.50
2012.07.16 14:49:02.875,1.03959,1.03982,1.50,1.85
2012.07.16 14:49:03.232,1.03959,1.03982,1.50,1.85
2012.07.16 14:49:03.403,1.03957,1.03981,2.25,1.85
2012.07.16 14:49:03.904,1.03958,1.03979,1.50,1.08
2012.07.16 14:49:04.435,1.03958,1.03982,1.50,1.08
2012.07.16 14:49:04.495,1.03958,1.03983,1.50,2.58
2012.07.16 14:49:04.722,1.03961,1.03982,1.50,1.08
2012.07.16 14:49:05.234,1.0396,1.03983,2.25,1.85
2012.07.16 14:49:05.578,1.0396,1.03983,1.50,2.45
2012.07.16 14:49:05.807,1.03962,1.03985,1.50,3.60
2012.07.16 14:49:05.981,1.03962,1.03985,1.50,2.45
2012.07.16 14:49:06.358,1.03957,1.0398,1.50,2.58
2012.07.16 14:49:07.437,1.03957,1.0398,1.50,1.85
2012.07.16 14:49:08.250,1.03957,1.0398,1.50,1.85
2012.07.16 14:49:12.727,1.03957,1.0398,1.50,1.85
2012.07.16 14:49:13.346,1.03957,1.03979,1.50,1.10
2012.07.16 14:49:14.083,1.03957,1.0398,1.50,2.58
2012.07.16 14:49:14.276,1.03959,1.0398,1.50,1.08
2012.07.16 14:49:14.976,1.0396,1.03981,1.50,1.08
2012.07.16 14:49:15.148,1.03961,1.03984,1.91,1.50
2012.07.16 14:49:15.430,1.03959,1.03982,1.91,1.50
2012.07.16 14:49:15.778,1.03959,1.0398,1.50,1.08
2012.07.16 14:49:15.970,1.03955,1.0398,2.25,2.58
2012.07.16 14:49:16.482,1.03955,1.0398,1.50,2.58
2012.07.16 14:49:17.840,1.03953,1.03978,2.66,1.50
2012.07.16 14:49:18.383,1.03955,1.0398,1.50,2.58
2012.07.16 14:49:18.611,1.03957,1.03981,1.50,1.08
2012.07.16 14:49:19.003,1.03955,1.0398,1.50,2.58
2012.07.16 14:49:19.550,1.03955,1.03979,1.50,1.10
2012.07.16 14:49:19.778,1.03955,1.0398,3.75,1.85
2012.07.16 14:49:19.950,1.0396,1.03984,1.50,3.33
2012.07.16 14:49:20.529,1.03958,1.03983,1.91,1.50
2012.07.16 14:49:20.645,1.03958,1.03983,1.50,1.85
2012.07.16 14:49:20.985,1.03958,1.0398,1.16,1.50
2012.07.16 14:49:21.049,1.03959,1.03983,1.91,2.24
2012.07.16 14:49:21.110,1.03959,1.03983,1.50,1.08
2012.07.16 14:49:21.559,1.03957,1.03982,3.41,1.85
2012.07.16 14:49:22.045,1.0396,1.03983,1.50,2.58
2012.07.16 14:49:22.482,1.03958,1.03982,2.25,1.85
2012.07.16 14:49:22.654,1.03957,1.03982,2.25,1.85
2012.07.16 14:49:23.271,1.03955,1.0398,2.66,1.85
2012.07.16 14:49:24.571,1.03955,1.03979,2.66,1.10
2012.07.16 14:49:25.082,1.03956,1.03979,2.25,2.60
2012.07.16 14:49:25.749,1.03956,1.03979,2.25,2.60
2012.07.16 14:49:26.439,1.03956,1.03979,2.25,2.60
2012.07.16 14:49:26.724,1.03962,1.03985,2.25,2.15
2012.07.16 14:49:26.842,1.03962,1.03985,1.16,1.05
2012.07.16 14:49:26.959,1.03956,1.03978,1.35,1.85
2012.07.16 14:49:27.022,1.03954,1.03979,1.91,2.60
2012.07.16 14:49:27.437,1.03957,1.03979,1.50,1.10
2012.07.16 14:49:29.067,1.03958,1.03981,1.50,1.08
2012.07.16 14:49:29.545,1.03957,1.0398,1.50,1.85
2012.07.16 14:49:29.606,1.03957,1.0398,1.50,1.85
2012.07.16 14:49:30.121,1.03958,1.03982,1.50,1.68
2012.07.16 14:49:30.350,1.03958,1.03982,1.50,1.68
2012.07.16 14:49:30.819,1.03958,1.03982,1.50,1.68
2012.07.16 14:49:31.129,1.03958,1.03982,1.50,3.18
2012.07.16 14:49:31.355,1.03957,1.0398,1.50,1.85
2012.07.16 14:49:31.416,1.03959,1.03981,1.50,1.08
2012.07.16 14:49:31.775,1.03956,1.03981,3.41,2.58
2012.07.16 14:49:32.590,1.03956,1.03981,1.50,1.85
2012.07.16 14:49:33.908,1.03956,1.03981,1.50,1.85
2012.07.16 14:49:35.699,1.03955,1.03978,1.91,1.85
2012.07.16 14:49:35.926,1.03953,1.03977,1.16,1.50
2012.07.16 14:49:36.096,1.03953,1.03974,1.16,1.50
2012.07.16 14:49:36.379,1.03956,1.03979,1.50,1.85
2012.07.16 14:49:36.441,1.03958,1.03981,1.50,1.85
2012.07.16 14:49:37.983,1.03956,1.03979,2.66,2.58
2012.07.16 14:49:38.321,1.03961,1.03983,1.16,1.50
2012.07.16 14:49:38.840,1.03962,1.03984,1.50,1.08
2012.07.16 14:49:39.012,1.03959,1.03984,1.91,2.58
2012.07.16 14:49:39.584,1.03958,1.03982,1.16,1.50
2012.07.16 14:49:41.171,1.03957,1.03982,2.66,1.50
2012.07.16 14:49:42.616,1.03957,1.03982,2.66,1.85
2012.07.16 14:49:43.046,1.03957,1.03982,2.66,1.50
2012.07.16 14:49:43.274,1.03961,1.03986,1.91,1.85
2012.07.16 14:49:43.641,1.03961,1.03986,1.50,2.60
2012.07.16 14:49:44.221,1.03959,1.03982,2.66,1.85
2012.07.16 14:49:44.891,1.03959,1.03982,2.25,1.85
2012.07.16 14:49:45.409,1.03959,1.03983,1.16,1.85
2012.07.16 14:49:45.791,1.03958,1.0398,1.50,1.08
2012.07.16 14:49:46.130,1.03956,1.03979,1.50,1.85
2012.07.16 14:49:46.392,1.03956,1.03979,1.16,1.50
2012.07.16 14:49:46.737,1.0396,1.03981,1.50,1.08
2012.07.16 14:49:46.909,1.03958,1.03981,1.91,2.58
2012.07.16 14:49:47.028,1.03955,1.03975,2.66,1.50
2012.07.16 14:49:47.091,1.03956,1.03977,2.25,1.50
2012.07.16 14:49:47.523,1.03956,1.03979,2.25,1.85
2012.07.16 14:49:50.330,1.03956,1.03979,2.25,1.85
2012.07.16 14:49:51.337,1.03956,1.03979,2.25,2.58
2012.07.16 14:49:51.747,1.03958,1.03979,1.50,1.08
2012.07.16 14:49:52.295,1.03956,1.03979,2.25,1.08
2012.07.16 14:49:52.860,1.03955,1.0398,1.50,3.18
2012.07.16 14:49:53.217,1.03955,1.0398,1.50,3.18
2012.07.16 14:49:53.332,1.03955,1.0398,1.50,3.18
2012.07.16 14:49:54.853,1.03955,1.03979,2.25,1.08
2012.07.16 14:49:56.281,1.03955,1.03979,2.25,1.08
2012.07.16 14:49:57.273,1.03955,1.0398,2.25,3.18
2012.07.16 14:49:57.391,1.03954,1.03978,2.25,2.45
2012.07.16 14:49:57.776,1.03958,1.0398,1.50,1.08
2012.07.16 14:49:57.893,1.03956,1.03979,3.75,1.85
2012.07.16 14:49:58.525,1.03956,1.03979,1.50,2.60
2012.07.16 14:49:59.118,1.03955,1.03978,1.50,1.10
2012.07.16 14:50:01.327,1.03956,1.03979,1.50,1.85
2012.07.16 14:50:01.444,1.03958,1.0398,1.50,1.08
2012.07.16 14:50:01.783,1.0396,1.03981,1.50,1.08
2012.07.16 14:50:02.122,1.03966,1.0398,1.50,1.08
2012.07.16 14:50:02.183,1.03966,1.03984,1.50,1.49
2012.07.16 14:50:02.244,1.03963,1.03986,1.50,2.60
2012.07.16 14:50:02.307,1.03965,1.03988,1.50,2.60
2012.07.16 14:50:02.536,1.03959,1.03984,2.66,1.50
2012.07.16 14:50:03.082,1.03959,1.03984,2.25,1.85
2012.07.16 14:50:03.746,1.03959,1.03984,2.66,1.50
2012.07.16 14:50:04.092,1.03959,1.03984,2.66,1.85
2012.07.16 14:50:05.653,1.03961,1.03984,1.16,1.50
2012.07.16 14:50:05.825,1.03962,1.03986,1.16,1.50
2012.07.16 14:50:05.942,1.03965,1.03988,1.50,1.85
2012.07.16 14:50:06.271,1.03963,1.03986,1.50,1.50
2012.07.16 14:50:06.664,1.03963,1.03986,1.50,1.85
2012.07.16 14:50:07.243,1.03964,1.03989,1.50,3.33
2012.07.16 14:50:07.360,1.03962,1.03987,1.50,1.85
2012.07.16 14:50:07.785,1.03965,1.03983,1.50,1.10
2012.07.16 14:50:07.903,1.03963,1.03986,1.50,1.85
2012.07.16 14:50:09.524,1.0396,1.03983,2.25,1.10
2012.07.16 14:50:09.702,1.03963,1.03983,1.50,1.10
2012.07.16 14:50:09.763,1.0396,1.03983,2.25,1.10
2012.07.16 14:50:10.475,1.03962,1.03983,1.50,1.10
2012.07.16 14:50:10.591,1.03962,1.03987,1.91,1.50
2012.07.16 14:50:10.706,1.03964,1.03988,1.50,1.85
2012.07.16 14:50:11.095,1.03964,1.03989,1.50,3.33
2012.07.16 14:50:11.564,1.03962,1.03987,1.50,1.85
2012.07.16 14:50:12.117,1.03963,1.03986,1.50,1.85
2012.07.16 14:50:12.650,1.03964,1.03986,1.50,1.08
2012.07.16 14:50:12.712,1.03964,1.03988,1.50,1.83
2012.07.16 14:50:12.774,1.03962,1.03987,1.91,2.24
2012.07.16 14:50:12.892,1.03966,1.03988,1.50,1.83
2012.07.16 14:50:13.051,1.03964,1.03987,1.50,2.24
2012.07.16 14:50:13.634,1.03965,1.03988,1.50,1.49
2012.07.16 14:50:13.750,1.03968,1.03988,1.50,1.49
2012.07.16 14:50:13.978,1.03968,1.03992,1.50,2.24
2012.07.16 14:50:14.095,1.03968,1.03992,1.91,1.50
2012.07.16 14:50:14.156,1.03968,1.03992,1.91,1.50
2012.07.16 14:50:14.448,1.03969,1.03992,1.50,1.85
2012.07.16 14:50:14.621,1.0397,1.03992,1.50,4.08
2012.07.16 14:50:14.682,1.03967,1.0399,1.50,1.85
2012.07.16 14:50:14.744,1.03966,1.03991,1.91,1.50
2012.07.16 14:50:14.970,1.0397,1.03992,1.50,3.00
2012.07.16 14:50:15.275,1.03969,1.03993,1.50,3.33
2012.07.16 14:50:15.672,1.0397,1.03992,3.00,2.24
2012.07.16 14:50:16.242,1.03972,1.03994,1.50,4.08
2012.07.16 14:50:16.788,1.03972,1.03993,1.50,1.08
2012.07.16 14:50:16.849,1.03969,1.03993,1.91,2.58
2012.07.16 14:50:17.248,1.03967,1.0399,1.91,1.50
2012.07.16 14:50:18.697,1.0397,1.03992,1.50,1.50
2012.07.16 14:50:19.222,1.03969,1.03993,1.91,2.58
2012.07.16 14:50:19.849,1.0397,1.03992,1.50,2.24
2012.07.16 14:50:20.381,1.03966,1.03991,1.91,1.50
2012.07.16 14:50:20.734,1.03966,1.03991,2.25,1.85
2012.07.16 14:50:21.330,1.03969,1.03989,1.50,1.08
2012.07.16 14:50:21.392,1.03969,1.03991,1.50,1.08
2012.07.16 14:50:21.453,1.03971,1.03991,1.50,1.08
2012.07.16 14:50:21.815,1.03971,1.03989,1.50,1.08
2012.07.16 14:50:22.124,1.03967,1.03989,1.50,1.08
2012.07.16 14:50:22.242,1.03964,1.03989,1.50,2.58
2012.07.16 14:50:22.359,1.03967,1.03989,1.50,1.68
2012.07.16 14:50:22.477,1.03965,1.03989,1.16,2.10
2012.07.16 14:50:22.771,1.0397,1.03992,1.50,1.50
2012.07.16 14:50:23.274,1.03967,1.03991,1.91,1.50
2012.07.16 14:50:23.678,1.03963,1.03986,2.25,1.50
2012.07.16 14:50:23.796,1.03963,1.03986,1.50,1.50
2012.07.16 14:50:24.026,1.03963,1.03986,1.50,1.85
2012.07.16 14:50:24.348,1.03963,1.03986,1.91,1.50
2012.07.16 14:50:24.840,1.03964,1.03989,1.91,2.84
2012.07.16 14:50:25.014,1.03969,1.03992,1.91,1.65
2012.07.16 14:50:25.392,1.03972,1.03993,1.50,1.34
2012.07.16 14:50:25.678,1.03969,1.03993,3.41,2.84
2012.07.16 14:50:26.192,1.03969,1.03993,1.50,2.84
2012.07.16 14:50:26.308,1.03971,1.03993,1.50,1.34
2012.07.16 14:50:26.648,1.03969,1.03993,1.50,2.84
2012.07.16 14:50:26.929,1.03971,1.03994,1.50,1.08
2012.07.16 14:50:31.947,1.03971,1.03994,2.25,1.08
2012.07.16 14:50:32.481,1.03971,1.03994,1.50,1.08
2012.07.16 14:50:32.985,1.0397,1.03992,3.00,1.50
2012.07.16 14:50:33.518,1.03971,1.03994,1.50,1.08
2012.07.16 14:50:33.634,1.03967,1.03992,2.66,1.50
2012.07.16 14:50:33.732,1.03967,1.0399,1.16,1.50
2012.07.16 14:50:34.069,1.03967,1.03988,1.16,1.50
2012.07.16 14:50:34.134,1.03967,1.03988,1.16,1.50
2012.07.16 14:50:34.252,1.03967,1.03987,1.91,1.50
2012.07.16 14:50:34.315,1.03967,1.0399,1.91,1.50
2012.07.16 14:50:34.864,1.03968,1.03991,1.91,1.50
2012.07.16 14:50:35.096,1.03965,1.0399,2.25,2.58
2012.07.16 14:50:35.212,1.03967,1.03988,1.16,1.50
2012.07.16 14:50:35.551,1.03968,1.03991,1.91,1.50
2012.07.16 14:50:35.721,1.03971,1.03991,1.50,1.50
2012.07.16 14:50:36.292,1.03972,1.03994,1.50,1.08
2012.07.16 14:50:36.844,1.03972,1.03994,1.50,1.08
2012.07.16 14:50:37.653,1.03972,1.03994,1.50,1.08
2012.07.16 14:50:38.731,1.03974,1.03995,1.50,1.08
2012.07.16 14:50:38.968,1.03978,1.03999,1.50,1.08
2012.07.16 14:50:39.385,1.03973,1.03995,1.91,1.50
2012.07.16 14:50:39.502,1.0397,1.03994,2.66,1.50
2012.07.16 14:50:40.042,1.03973,1.03995,1.50,2.24
2012.07.16 14:50:40.603,1.03974,1.03996,1.50,1.08
2012.07.16 14:50:40.852,1.0397,1.03994,3.41,2.24
2012.07.16 14:50:41.877,1.03972,1.03996,1.50,4.08
2012.07.16 14:50:42.467,1.03972,1.03996,1.91,2.24
2012.07.16 14:50:42.791,1.03977,1.03998,1.50,1.08
2012.07.16 14:50:43.412,1.03975,1.03997,1.50,2.24
2012.07.16 14:50:43.957,1.03974,1.03997,1.91,2.24
2012.07.16 14:50:44.682,1.03974,1.03998,1.91,2.58
2012.07.16 14:50:45.268,1.03974,1.03998,1.91,2.58
2012.07.16 14:50:45.626,1.03977,1.03997,1.50,1.50
2012.07.16 14:50:45.743,1.03975,1.03998,1.50,2.58
2012.07.16 14:50:45.969,1.03977,1.03998,1.50,1.08
2012.07.16 14:50:46.147,1.03975,1.03997,3.00,2.24
2012.07.16 14:50:46.668,1.03972,1.03996,1.91,1.50
2012.07.16 14:50:47.267,1.03975,1.03997,1.50,2.24
2012.07.16 14:50:48.749,1.03973,1.03995,1.91,1.50
2012.07.16 14:50:48.972,1.03975,1.03997,1.50,3.74
2012.07.16 14:50:49.521,1.03972,1.03996,1.91,1.50
2012.07.16 14:50:50.070,1.03975,1.03997,1.50,2.24
2012.07.16 14:50:50.622,1.03973,1.03995,1.91,1.50
2012.07.16 14:50:50.848,1.03975,1.03997,1.50,2.24
2012.07.16 14:50:51.212,1.03973,1.03995,3.41,2.24
2012.07.16 14:50:51.611,1.0397,1.03994,1.91,4.08
2012.07.16 14:50:52.243,1.03972,1.03994,1.50,1.08
2012.07.16 14:50:52.775,1.03972,1.03994,1.50,1.08
2012.07.16 14:50:53.002,1.0397,1.03994,3.00,1.85
2012.07.16 14:50:54.201,1.0397,1.03994,1.50,1.85
2012.07.16 14:50:54.318,1.03968,1.03992,1.91,1.50
2012.07.16 14:50:54.703,1.0397,1.03994,1.50,2.58
2012.07.16 14:50:55.038,1.03973,1.03994,1.50,1.08
2012.07.16 14:50:55.437,1.0397,1.03994,1.50,2.58
2012.07.16 14:50:56.316,1.03968,1.03992,4.16,1.50
2012.07.16 14:50:56.489,1.03973,1.03992,1.50,1.50
2012.07.16 14:50:56.829,1.03979,1.04001,1.50,1.08
2012.07.16 14:50:56.891,1.03979,1.04001,1.50,1.08
2012.07.16 14:50:57.008,1.03976,1.03998,1.50,1.50
2012.07.16 14:50:57.516,1.03975,1.03997,1.91,1.50
2012.07.16 14:50:58.023,1.03977,1.04,1.50,1.85
2012.07.16 14:50:58.368,1.03979,1.04001,1.50,1.85
2012.07.16 14:50:58.485,1.03978,1.04002,1.50,2.58
2012.07.16 14:50:58.546,1.0398,1.04002,1.50,2.58
2012.07.16 14:50:58.885,1.03982,1.04002,1.50,1.08
2012.07.16 14:50:59.002,1.03979,1.04002,1.50,1.08
2012.07.16 14:50:59.119,1.03978,1.04,1.50,3.00
2012.07.16 14:50:59.459,1.03977,1.03999,1.50,1.85
2012.07.16 14:50:59.521,1.03974,1.03998,2.25,1.85
2012.07.16 14:50:59.638,1.03972,1.03996,1.91,1.50
2012.07.16 14:50:59.978,1.03972,1.03996,1.16,1.50
2012.07.16 14:51:00.206,1.03974,1.03996,1.91,1.50
2012.07.16 14:51:00.323,1.03976,1.03998,1.91,2.24
2012.07.16 14:51:00.496,1.03978,1.03998,1.50,1.08
2012.07.16 14:51:01.031,1.03977,1.03999,1.50,1.08
2012.07.16 14:51:01.486,1.03975,1.03998,1.50,1.08
2012.07.16 14:51:01.550,1.03977,1.03998,1.50,1.08
2012.07.16 14:51:02.095,1.03975,1.03998,1.50,1.08
2012.07.16 14:51:02.540,1.03972,1.03994,1.16,1.50
2012.07.16 14:51:02.767,1.03974,1.03996,1.50,1.50
2012.07.16 14:51:03.436,1.03974,1.03996,1.91,1.50
2012.07.16 14:51:03.498,1.03975,1.03999,1.91,2.24
2012.07.16 14:51:03.736,1.03974,1.03996,3.41,1.50
2012.07.16 14:51:05.216,1.03974,1.03996,1.91,1.50
2012.07.16 14:51:05.388,1.03975,1.03999,1.91,2.24
2012.07.16 14:51:05.583,1.03974,1.03997,1.91,1.50
2012.07.16 14:51:06.061,1.03971,1.03995,1.16,1.50
2012.07.16 14:51:07.743,1.03973,1.03997,1.91,1.50
2012.07.16 14:51:12.173,1.03973,1.03997,1.91,2.10
2012.07.16 14:51:12.513,1.03968,1.03988,1.16,1.50
2012.07.16 14:51:12.574,1.03966,1.03988,1.50,1.85
2012.07.16 14:51:12.635,1.03965,1.03988,3.41,1.85
2012.07.16 14:51:12.696,1.03965,1.03986,1.16,1.50
2012.07.16 14:51:13.664,1.03965,1.03988,1.91,3.00
2012.07.16 14:51:14.328,1.03964,1.03987,1.16,1.50
2012.07.16 14:51:14.895,1.03962,1.03987,1.91,2.24
2012.07.16 14:51:14.956,1.03961,1.03984,4.01,1.50
2012.07.16 14:51:15.221,1.03963,1.03986,1.91,1.50
2012.07.16 14:51:15.763,1.03965,1.03988,1.50,2.24
2012.07.16 14:51:15.879,1.03967,1.03989,1.50,1.08
2012.07.16 14:51:15.995,1.03964,1.03989,1.91,2.58
2012.07.16 14:51:16.055,1.03963,1.03986,1.91,1.50
2012.07.16 14:51:16.833,1.03964,1.03989,1.91,2.58
2012.07.16 14:51:16.949,1.03964,1.03989,1.91,2.58
2012.07.16 14:51:17.504,1.03962,1.03987,1.91,2.24
2012.07.16 14:51:19.182,1.03965,1.03988,1.91,2.58
2012.07.16 14:51:20.162,1.03965,1.03988,1.91,2.24
2012.07.16 14:51:20.279,1.03964,1.03988,1.91,1.08
2012.07.16 14:51:20.454,1.03961,1.03984,3.41,1.50
2012.07.16 14:51:20.627,1.03961,1.03984,3.41,1.50
2012.07.16 14:51:20.745,1.03966,1.03984,1.16,1.50
2012.07.16 14:51:21.019,1.03967,1.03988,2.25,2.24
2012.07.16 14:51:21.082,1.0397,1.03991,1.50,1.46
2012.07.16 14:51:21.727,1.03967,1.03991,2.25,2.58
2012.07.16 14:51:21.789,1.03967,1.03991,3.00,2.58
2012.07.16 14:51:22.077,1.03974,1.03996,1.50,2.58
2012.07.16 14:51:22.599,1.03974,1.03996,1.50,2.58
2012.07.16 14:51:22.784,1.03972,1.03994,1.13,1.50
2012.07.16 14:51:23.317,1.03972,1.03996,2.63,1.85
2012.07.16 14:51:23.868,1.03972,1.03996,2.63,2.58
2012.07.16 14:51:25.460,1.03972,1.03996,3.04,2.24
2012.07.16 14:51:25.745,1.03977,1.03999,1.50,3.60
2012.07.16 14:51:26.082,1.03974,1.03996,1.50,1.85
2012.07.16 14:51:27.204,1.03974,1.03996,1.50,1.85
2012.07.16 14:51:31.333,1.03974,1.03996,2.10,2.58
2012.07.16 14:51:31.450,1.03976,1.03998,2.10,2.58
2012.07.16 14:51:31.512,1.03978,1.03998,1.88,1.08
2012.07.16 14:51:31.631,1.03975,1.03998,1.91,1.08
2012.07.16 14:51:31.749,1.03975,1.03996,1.16,2.24
2012.07.16 14:51:32.380,1.03975,1.03998,2.66,1.08
2012.07.16 14:51:33.153,1.03976,1.03999,1.35,2.58
2012.07.16 14:51:33.657,1.03976,1.03998,2.10,2.24
2012.07.16 14:51:34.066,1.03976,1.03998,2.10,1.50
2012.07.16 14:51:35.295,1.03977,1.03999,1.50,1.08
2012.07.16 14:51:35.431,1.03977,1.03998,1.50,1.08
2012.07.16 14:51:35.555,1.03975,1.03999,3.00,2.58
2012.07.16 14:51:35.894,1.03975,1.03999,1.50,2.58
2012.07.16 14:51:37.285,1.03975,1.03999,1.50,2.58
2012.07.16 14:51:37.794,1.03975,1.03999,1.50,2.58
2012.07.16 14:51:39.512,1.03976,1.03998,1.50,1.50
2012.07.16 14:51:40.131,1.03979,1.03999,1.50,1.08
2012.07.16 14:51:40.304,1.03982,1.04004,1.91,1.50
2012.07.16 14:51:40.476,1.03982,1.04004,1.50,2.60
2012.07.16 14:51:40.594,1.03977,1.03999,2.85,1.08
2012.07.16 14:51:41.164,1.03979,1.04002,1.01,1.50
2012.07.16 14:51:41.677,1.03982,1.04005,1.50,1.08
2012.07.16 14:51:42.285,1.03982,1.04005,1.50,1.08
2012.07.16 14:51:42.798,1.03982,1.04003,1.50,1.08
2012.07.16 14:51:42.986,1.0398,1.04003,1.50,1.08
2012.07.16 14:51:44.370,1.03978,1.04002,1.91,1.50
2012.07.16 14:51:45.273,1.03981,1.04003,1.50,3.33
2012.07.16 14:51:47.273,1.03981,1.04003,1.50,2.60
2012.07.16 14:51:48.314,1.03979,1.04002,1.91,1.85
2012.07.16 14:51:48.432,1.03978,1.04002,1.50,1.85
2012.07.16 14:51:48.835,1.03976,1.04,2.25,1.85
2012.07.16 14:51:48.896,1.03975,1.03997,2.25,1.50
2012.07.16 14:51:49.233,1.03977,1.03999,2.25,1.85
2012.07.16 14:51:49.295,1.03981,1.04002,1.50,1.85
2012.07.16 14:51:52.599,1.03981,1.04003,1.50,1.50
2012.07.16 14:51:52.991,1.03978,1.04002,1.91,1.50
2012.07.16 14:51:53.730,1.0398,1.04003,1.50,1.10
2012.07.16 14:51:54.260,1.03983,1.04003,1.50,1.83
2012.07.16 14:51:54.466,1.0398,1.04003,3.00,1.83
2012.07.16 14:51:55.034,1.03981,1.04003,1.50,3.33
2012.07.16 14:51:56.576,1.03981,1.04003,1.50,1.85
2012.07.16 14:51:56.645,1.03976,1.04,1.50,2.58
2012.07.16 14:51:57.153,1.03974,1.03998,1.91,1.50
2012.07.16 14:51:57.328,1.03973,1.03996,1.16,1.50
2012.07.16 14:51:57.445,1.03972,1.03996,2.25,1.85
2012.07.16 14:51:57.731,1.03972,1.03993,1.88,1.50
2012.07.16 14:51:57.793,1.03974,1.03997,1.50,1.08
2012.07.16 14:51:57.910,1.03976,1.03997,1.50,1.08
2012.07.16 14:51:58.257,1.03978,1.03999,1.91,1.49
2012.07.16 14:51:58.808,1.03978,1.03999,1.91,1.49
2012.07.16 14:51:59.341,1.03978,1.03999,1.91,1.49
2012.07.16 14:51:59.895,1.03978,1.03999,1.91,1.49
2012.07.16 14:52:00.289,1.03977,1.03999,3.41,2.99
2012.07.16 14:52:00.406,1.03979,1.03999,1.50,1.49
2012.07.16 14:52:00.820,1.03979,1.04001,1.50,1.50
2012.07.16 14:52:00.883,1.03978,1.04002,1.91,2.99
2012.07.16 14:52:01.002,1.0398,1.04003,1.91,1.49
2012.07.16 14:52:01.063,1.0398,1.04003,1.91,1.49
2012.07.16 14:52:01.348,1.03978,1.04002,1.91,2.84
2012.07.16 14:52:03.044,1.03978,1.04002,1.91,2.84
2012.07.16 14:52:03.440,1.03977,1.03998,1.50,1.10
2012.07.16 14:52:03.670,1.03975,1.03994,1.50,2.60
2012.07.16 14:52:03.733,1.0397,1.03994,1.91,2.60
2012.07.16 14:52:04.018,1.03973,1.03994,1.50,1.10
2012.07.16 14:52:04.569,1.03973,1.03995,1.50,1.85
2012.07.16 14:52:08.789,1.03971,1.03993,1.91,1.50
2012.07.16 14:52:09.363,1.03972,1.03996,1.50,2.58
2012.07.16 14:52:11.050,1.0397,1.03994,1.91,1.85
2012.07.16 14:52:11.250,1.03973,1.03995,1.50,1.85
2012.07.16 14:52:11.806,1.03975,1.03996,1.50,1.08
2012.07.16 14:52:12.673,1.03972,1.03996,1.50,2.58
2012.07.16 14:52:14.426,1.03975,1.03997,1.50,2.58
2012.07.16 14:52:14.686,1.03972,1.03996,3.00,1.85
2012.07.16 14:52:16.163,1.03975,1.03997,1.50,2.58
2012.07.16 14:52:16.488,1.03973,1.03995,1.50,2.58
2012.07.16 14:52:17.059,1.03973,1.03995,1.91,2.24
2012.07.16 14:52:17.328,1.03976,1.04,1.91,2.99
2012.07.16 14:52:17.860,1.03974,1.03998,1.91,1.50
2012.07.16 14:52:18.380,1.03976,1.04,1.91,2.99
2012.07.16 14:52:18.916,1.03977,1.03999,1.50,2.60
2012.07.16 14:52:18.976,1.03977,1.03999,1.91,2.25
2012.07.16 14:52:19.257,1.03975,1.03998,1.50,1.85
2012.07.16 14:52:19.372,1.03974,1.03998,1.91,1.50
2012.07.16 14:52:19.655,1.03971,1.03993,1.50,2.60
2012.07.16 14:52:21.369,1.03973,1.03995,1.91,2.25
2012.07.16 14:52:21.816,1.03969,1.03991,1.91,1.50
2012.07.16 14:52:22.156,1.03972,1.03993,1.50,2.25
2012.07.16 14:52:22.527,1.03972,1.03996,1.91,2.24
2012.07.16 14:52:22.615,1.03972,1.03996,1.91,2.24
2012.07.16 14:52:22.966,1.03972,1.03995,1.50,1.08
2012.07.16 14:52:23.286,1.0397,1.03994,1.50,2.60
2012.07.16 14:52:25.314,1.03971,1.03993,1.50,1.85
2012.07.16 14:52:26.296,1.03968,1.03992,2.66,1.50
2012.07.16 14:52:26.619,1.03971,1.03993,1.50,1.85
2012.07.16 14:52:34.199,1.03972,1.03995,1.50,1.83
2012.07.16 14:52:34.260,1.0397,1.03994,1.50,2.25
2012.07.16 14:52:34.765,1.03973,1.03995,1.50,4.08
2012.07.16 14:52:35.101,1.03975,1.03996,1.50,1.08
2012.07.16 14:52:35.162,1.03973,1.03995,3.00,1.85
2012.07.16 14:52:35.223,1.03971,1.03993,1.50,1.50
2012.07.16 14:52:35.544,1.03973,1.03995,1.50,1.85
2012.07.16 14:52:37.332,1.03971,1.03993,1.50,1.50
2012.07.16 14:52:37.982,1.0397,1.03994,1.50,1.50
2012.07.16 14:52:38.338,1.03972,1.03995,1.50,1.85
2012.07.16 14:52:39.793,1.03971,1.03993,1.50,1.50
2012.07.16 14:52:40.618,1.03973,1.03995,1.50,2.58
2012.07.16 14:52:41.600,1.0397,1.03994,1.50,1.50
2012.07.16 14:52:42.154,1.03972,1.03996,1.50,4.08
2012.07.16 14:52:42.707,1.03972,1.03996,1.50,2.58
2012.07.16 14:52:43.048,1.0397,1.03994,2.25,1.85
2012.07.16 14:52:43.624,1.03972,1.03995,1.50,1.85
2012.07.16 14:52:46.869,1.03971,1.03994,1.50,1.85
2012.07.16 14:52:47.264,1.03971,1.03993,1.50,2.60
2012.07.16 14:52:47.526,1.03972,1.03993,1.50,1.10
2012.07.16 14:52:47.752,1.03972,1.03993,1.50,1.10
2012.07.16 14:52:47.814,1.0397,1.03992,2.25,1.85
2012.07.16 14:52:47.933,1.03967,1.03991,2.25,1.85
2012.07.16 14:52:48.415,1.03969,1.03992,1.50,2.58
2012.07.16 14:52:49.191,1.03967,1.03991,1.50,1.85
2012.07.16 14:52:49.615,1.03969,1.03992,1.50,1.08
2012.07.16 14:52:50.067,1.03972,1.03993,1.50,1.83
2012.07.16 14:52:50.620,1.03971,1.03993,3.00,3.33
2012.07.16 14:52:50.794,1.03971,1.03993,3.00,3.33
2012.07.16 14:52:51.148,1.03973,1.03993,1.50,1.49
2012.07.16 14:52:51.490,1.03975,1.03993,3.00,1.34
2012.07.16 14:52:51.776,1.03972,1.03993,1.50,1.68
2012.07.16 14:52:52.085,1.03969,1.03993,1.91,3.18
2012.07.16 14:52:52.423,1.03973,1.03995,1.50,1.08
2012.07.16 14:52:52.762,1.03969,1.03992,1.91,1.08
2012.07.16 14:52:52.934,1.03971,1.03993,1.50,1.08
2012.07.16 14:52:53.272,1.03973,1.03993,1.50,1.08
2012.07.16 14:52:53.837,1.03972,1.03993,1.50,1.08
2012.07.16 14:52:54.569,1.03972,1.03993,1.50,1.08
2012.07.16 14:52:55.600,1.03972,1.03993,1.50,1.08
2012.07.16 14:52:56.101,1.03972,1.03993,1.50,1.08
2012.07.16 14:52:56.695,1.03972,1.03993,1.50,1.08
2012.07.16 14:52:57.779,1.03972,1.03993,1.50,1.83
2012.07.16 14:52:59.580,1.03969,1.03993,1.91,3.33
2012.07.16 14:53:00.121,1.03971,1.03993,1.50,1.08
2012.07.16 14:53:01.970,1.03969,1.03993,1.91,3.33
2012.07.16 14:53:02.190,1.03972,1.03993,1.50,1.08
2012.07.16 14:53:03.059,1.03972,1.03994,1.50,2.58
2012.07.16 14:53:03.576,1.03972,1.03994,1.50,3.33
2012.07.16 14:53:04.302,1.03972,1.03994,1.50,2.58
2012.07.16 14:53:04.370,1.03969,1.03993,3.41,1.50
2012.07.16 14:53:04.852,1.03972,1.03994,1.88,1.85
2012.07.16 14:53:05.192,1.03979,1.04003,1.50,2.58
2012.07.16 14:53:05.310,1.03982,1.04004,1.50,3.33
2012.07.16 14:53:05.400,1.03982,1.04004,1.50,2.60
2012.07.16 14:53:05.745,1.0398,1.04003,1.50,1.50
2012.07.16 14:53:06.250,1.03981,1.04003,1.50,1.50
2012.07.16 14:53:06.310,1.03984,1.04004,1.50,1.10
2012.07.16 14:53:06.556,1.03981,1.04004,1.50,1.10
2012.07.16 14:53:06.623,1.03979,1.04003,4.16,1.50
2012.07.16 14:53:07.231,1.0398,1.04003,1.50,1.50
2012.07.16 14:53:07.776,1.03981,1.04005,1.50,3.72
2012.07.16 14:53:07.837,1.03979,1.04003,1.91,1.50
2012.07.16 14:53:09.139,1.03981,1.04004,1.50,1.10
2012.07.16 14:53:09.467,1.0398,1.04002,1.50,1.50
2012.07.16 14:53:10.586,1.03981,1.04004,1.50,1.10
2012.07.16 14:53:10.814,1.0398,1.04002,1.50,1.50
2012.07.16 14:53:11.282,1.03982,1.04004,1.50,2.60
2012.07.16 14:53:11.626,1.03977,1.04001,2.25,1.85
2012.07.16 14:53:11.956,1.03977,1.04,3.00,1.08
2012.07.16 14:53:12.307,1.0398,1.04002,1.50,1.50
2012.07.16 14:53:17.481,1.03982,1.04004,1.50,1.08
2012.07.16 14:53:17.713,1.0398,1.04004,1.91,1.85
2012.07.16 14:53:18.300,1.03981,1.04004,1.50,1.85
2012.07.16 14:53:18.841,1.03978,1.04002,1.91,1.85
2012.07.16 14:53:19.638,1.0398,1.04003,1.50,1.85
2012.07.16 14:53:20.152,1.03979,1.04001,1.91,1.50
2012.07.16 14:53:20.567,1.03981,1.04003,1.50,1.85
2012.07.16 14:53:20.649,1.03979,1.04001,3.41,1.50
2012.07.16 14:53:23.541,1.0398,1.04003,1.50,1.85
2012.07.16 14:53:24.126,1.03979,1.04001,2.66,1.50
2012.07.16 14:53:24.481,1.03981,1.04003,1.50,1.50
2012.07.16 14:53:26.436,1.03983,1.04005,1.50,1.85
2012.07.16 14:53:26.809,1.0398,1.04004,1.50,1.85
2012.07.16 14:53:27.380,1.03981,1.04004,1.50,1.85
2012.07.16 14:53:28.006,1.03982,1.04006,1.50,2.96
2012.07.16 14:53:28.764,1.0398,1.04004,1.50,1.85
2012.07.16 14:53:29.366,1.0398,1.04004,1.50,1.85
2012.07.16 14:53:29.904,1.0398,1.04004,1.50,1.85
2012.07.16 14:53:30.380,1.03982,1.04005,1.50,1.08
2012.07.16 14:53:30.913,1.03983,1.04005,1.50,4.08
2012.07.16 14:53:30.973,1.03981,1.04003,1.50,1.50
2012.07.16 14:53:31.297,1.03983,1.04005,1.50,1.85
2012.07.16 14:53:32.662,1.03983,1.04005,1.50,1.85
2012.07.16 14:53:33.001,1.03985,1.04006,1.50,1.08
2012.07.16 14:53:34.976,1.03983,1.04005,1.50,2.58
2012.07.16 14:53:36.805,1.03981,1.04003,3.00,1.50
2012.07.16 14:53:37.920,1.03982,1.04005,1.50,1.08
2012.07.16 14:53:38.584,1.03981,1.04003,1.50,1.85
2012.07.16 14:53:38.928,1.03984,1.04006,2.10,1.85
2012.07.16 14:53:39.212,1.03984,1.04006,2.51,1.50
2012.07.16 14:53:39.497,1.03988,1.04008,1.50,2.25
2012.07.16 14:53:39.615,1.03983,1.04005,2.25,1.50
2012.07.16 14:53:39.898,1.03982,1.04006,2.25,1.85
2012.07.16 14:53:40.146,1.0398,1.04004,1.50,1.85
2012.07.16 14:53:40.209,1.03983,1.04005,1.50,3.35
2012.07.16 14:53:41.298,1.03981,1.04002,1.50,1.85
2012.07.16 14:53:41.526,1.03977,1.03999,4.16,1.50
2012.07.16 14:53:41.644,1.03981,1.04003,1.91,3.00
2012.07.16 14:53:41.705,1.03981,1.04003,3.41,2.24
2012.07.16 14:53:41.823,1.03983,1.04004,1.50,1.08
2012.07.16 14:53:42.163,1.03983,1.04005,1.50,1.85
2012.07.16 14:53:42.707,1.03982,1.04005,1.50,1.10
2012.07.16 14:53:43.308,1.03983,1.04005,1.50,2.60
2012.07.16 14:53:44.361,1.03982,1.04005,1.88,1.10
2012.07.16 14:53:44.481,1.03986,1.04007,1.50,2.45
2012.07.16 14:53:44.654,1.03988,1.04008,1.50,1.08
2012.07.16 14:53:45.196,1.03987,1.04009,1.91,2.99
2012.07.16 14:53:47.017,1.03986,1.04009,1.91,2.99
2012.07.16 14:53:47.136,1.03985,1.04004,2.10,2.25
2012.07.16 14:53:47.254,1.03981,1.04002,1.16,1.50
2012.07.16 14:53:47.373,1.03981,1.04003,2.25,3.35
2012.07.16 14:53:47.633,1.03977,1.04,1.18,1.50
2012.07.16 14:53:47.844,1.03976,1.04,1.91,1.50
2012.07.16 14:53:48.097,1.03976,1.04,1.50,1.85
2012.07.16 14:53:48.222,1.03976,1.04,1.91,1.50
2012.07.16 14:53:48.392,1.03979,1.04001,1.50,3.00
2012.07.16 14:53:48.893,1.03979,1.04001,1.50,1.85
2012.07.16 14:53:49.108,1.03979,1.04001,1.50,1.50
2012.07.16 14:53:50.550,1.03979,1.04001,1.50,3.35
2012.07.16 14:53:50.611,1.03976,1.04,1.50,1.85
2012.07.16 14:53:51.021,1.03976,1.04,1.91,1.50
2012.07.16 14:53:51.145,1.03979,1.04001,1.50,3.35
2012.07.16 14:53:51.261,1.03979,1.04001,1.50,1.85
2012.07.16 14:53:51.643,1.03979,1.04001,1.50,1.85
2012.07.16 14:53:51.759,1.03979,1.04001,1.50,1.50
2012.07.16 14:53:52.040,1.03977,1.04,1.91,1.50
2012.07.16 14:53:52.465,1.03979,1.04001,1.50,3.35
2012.07.16 14:53:53.036,1.03977,1.04,2.66,1.50
2012.07.16 14:53:53.265,1.03978,1.04002,1.91,2.58
2012.07.16 14:53:54.317,1.03977,1.04,1.16,1.50
2012.07.16 14:53:54.841,1.03976,1.04,1.91,1.50
2012.07.16 14:53:55.274,1.03978,1.04002,1.91,2.24
2012.07.16 14:53:55.502,1.03978,1.04002,1.50,1.85
2012.07.16 14:53:55.678,1.03975,1.03998,1.16,1.85
2012.07.16 14:53:55.854,1.03976,1.04,1.91,1.50
2012.07.16 14:53:56.192,1.03976,1.04,1.91,1.50
2012.07.16 14:53:56.707,1.03978,1.04002,1.91,1.85
2012.07.16 14:53:57.392,1.03978,1.04002,1.91,2.58
2012.07.16 14:53:57.564,1.03977,1.03999,1.91,1.50
2012.07.16 14:53:58.318,1.03978,1.04002,1.91,1.85
2012.07.16 14:53:58.931,1.03976,1.04,4.91,1.50
2012.07.16 14:53:58.994,1.0398,1.04004,2.25,1.85
2012.07.16 14:53:59.056,1.0398,1.04004,2.66,1.50
2012.07.16 14:53:59.230,1.03983,1.04005,1.50,1.85
2012.07.16 14:53:59.458,1.03981,1.04003,1.50,1.85
2012.07.16 14:53:59.795,1.03978,1.04002,1.50,1.85
2012.07.16 14:54:00.113,1.03981,1.04003,1.50,2.60
2012.07.16 14:54:02.626,1.03981,1.04003,1.50,1.85
2012.07.16 14:54:04.548,1.03983,1.04003,1.50,1.08
2012.07.16 14:54:04.668,1.0398,1.04003,1.50,1.08
2012.07.16 14:54:06.506,1.03982,1.04003,1.50,1.08
2012.07.16 14:54:07.039,1.03981,1.04003,1.50,2.58
2012.07.16 14:54:08.841,1.03978,1.04002,3.41,1.85
2012.07.16 14:54:09.146,1.03978,1.04002,1.91,1.50
2012.07.16 14:54:09.484,1.03985,1.04007,1.50,1.85
2012.07.16 14:54:09.728,1.03982,1.04006,3.75,1.85
2012.07.16 14:54:12.113,1.03982,1.04006,2.25,2.60
2012.07.16 14:54:12.453,1.03983,1.04003,1.01,1.50
2012.07.16 14:54:12.737,1.03988,1.04008,1.50,1.08
2012.07.16 14:54:12.797,1.03988,1.04006,1.50,1.08
2012.07.16 14:54:12.914,1.03988,1.0401,1.50,2.22
2012.07.16 14:54:13.032,1.03985,1.04007,1.91,2.24
2012.07.16 14:54:13.262,1.03988,1.0401,1.50,1.08
2012.07.16 14:54:13.717,1.03988,1.0401,1.50,1.08
2012.07.16 14:54:14.155,1.03986,1.0401,1.50,2.58
2012.07.16 14:54:16.084,1.03988,1.0401,1.50,1.08
2012.07.16 14:54:17.849,1.0399,1.0401,1.50,1.08
2012.07.16 14:54:19.043,1.03985,1.04009,1.91,1.50
2012.07.16 14:54:19.473,1.03983,1.04007,2.66,1.50
2012.07.16 14:54:20.058,1.03983,1.04007,2.66,1.50
2012.07.16 14:54:20.562,1.03986,1.04007,1.16,1.50
2012.07.16 14:54:20.927,1.03989,1.04011,1.50,1.85
2012.07.16 14:54:25.888,1.03989,1.04011,1.50,1.85
2012.07.16 14:54:26.005,1.03987,1.04009,2.66,1.50
2012.07.16 14:54:26.668,1.03987,1.04009,2.66,1.50
2012.07.16 14:54:27.338,1.03989,1.04011,1.50,1.85
2012.07.16 14:54:27.838,1.03989,1.04011,1.91,1.50
2012.07.16 14:54:28.092,1.03991,1.04013,1.91,2.24
2012.07.16 14:54:28.942,1.03991,1.04013,1.50,2.58
2012.07.16 14:54:29.004,1.03988,1.04012,1.91,1.85
2012.07.16 14:54:30.147,1.03988,1.04012,1.91,1.50
2012.07.16 14:54:30.678,1.03988,1.04012,1.91,1.85
2012.07.16 14:54:32.452,1.03988,1.04012,1.50,1.85
2012.07.16 14:54:34.135,1.03988,1.04012,1.91,1.85
2012.07.16 14:54:34.308,1.03989,1.04009,1.50,1.08
2012.07.16 14:54:34.372,1.03983,1.04004,2.66,1.50
2012.07.16 14:54:34.923,1.03982,1.04004,1.50,1.85
2012.07.16 14:54:35.206,1.03986,1.04008,1.50,1.08
2012.07.16 14:54:35.268,1.03986,1.04008,1.50,1.08
2012.07.16 14:54:35.807,1.03986,1.0401,1.50,1.85
2012.07.16 14:54:36.113,1.03985,1.04007,1.50,1.50
2012.07.16 14:54:36.453,1.03987,1.04009,2.25,1.85
2012.07.16 14:54:36.684,1.03989,1.04012,1.91,3.18
2012.07.16 14:54:36.745,1.03987,1.04009,1.50,1.85
2012.07.16 14:54:38.129,1.03988,1.0401,1.50,1.08
2012.07.16 14:54:38.580,1.03984,1.04008,1.91,1.50
2012.07.16 14:54:38.864,1.03983,1.04005,4.16,1.50
2012.07.16 14:54:39.216,1.03984,1.04005,1.16,1.50
2012.07.16 14:54:39.389,1.03986,1.0401,2.25,1.85
2012.07.16 14:54:39.451,1.0399,1.04012,1.50,2.24
2012.07.16 14:54:39.957,1.03988,1.0401,1.91,1.50
2012.07.16 14:54:40.589,1.03989,1.04013,1.91,1.85
2012.07.16 14:54:42.154,1.03993,1.04014,1.50,1.08
2012.07.16 14:54:42.587,1.03991,1.04013,1.50,1.85
2012.07.16 14:54:43.462,1.03993,1.04014,1.50,1.83
2012.07.16 14:54:43.803,1.03988,1.04009,1.16,1.50
2012.07.16 14:54:43.976,1.0399,1.04012,1.50,1.50
2012.07.16 14:54:44.091,1.03992,1.04014,1.50,2.58
2012.07.16 14:54:44.399,1.0399,1.04012,1.50,1.50
2012.07.16 14:54:45.491,1.03991,1.04014,1.50,1.08
2012.07.16 14:54:46.089,1.03991,1.04016,1.91,2.24
2012.07.16 14:54:46.724,1.03991,1.04016,1.91,2.24
2012.07.16 14:54:47.239,1.03991,1.04016,1.91,2.24
2012.07.16 14:54:47.784,1.03991,1.04016,2.66,2.24
2012.07.16 14:54:48.857,1.03991,1.04016,2.66,2.24
2012.07.16 14:54:50.109,1.03991,1.04016,2.66,2.24
2012.07.16 14:54:50.638,1.03991,1.04016,1.91,2.24
2012.07.16 14:54:51.465,1.03991,1.04016,1.91,2.24
2012.07.16 14:54:53.851,1.03994,1.04017,1.50,2.58
2012.07.16 14:54:53.968,1.03992,1.04015,3.41,1.50
2012.07.16 14:54:57.557,1.03994,1.04017,1.50,2.58
2012.07.16 14:54:57.729,1.03992,1.04015,3.41,1.50
2012.07.16 14:54:57.845,1.03994,1.04017,1.50,2.58
2012.07.16 14:54:58.079,1.03992,1.04015,1.91,1.50
2012.07.16 14:54:58.279,1.0399,1.04013,1.91,1.50
2012.07.16 14:54:58.507,1.03989,1.04012,1.91,1.08
2012.07.16 14:54:58.569,1.03989,1.0401,1.91,1.50
2012.07.16 14:54:58.907,1.03987,1.04008,1.16,1.50
2012.07.16 14:54:58.969,1.03988,1.0401,1.91,1.50
2012.07.16 14:54:59.309,1.03987,1.04009,2.25,2.58
2012.07.16 14:54:59.637,1.03985,1.04007,1.50,1.50
2012.07.16 14:55:01.983,1.03984,1.04008,1.50,2.58
2012.07.16 14:55:02.212,1.03982,1.04004,1.91,1.50
2012.07.16 14:55:04.148,1.03982,1.04005,2.66,1.50
2012.07.16 14:55:04.465,1.03982,1.04003,1.16,1.50
2012.07.16 14:55:05.218,1.03983,1.04005,1.91,1.50
2012.07.16 14:55:05.585,1.03984,1.04008,1.50,2.58
2012.07.16 14:55:05.858,1.03982,1.04006,2.66,1.50
2012.07.16 14:55:06.246,1.03985,1.04007,1.50,1.50
2012.07.16 14:55:06.839,1.03983,1.04005,1.91,1.50
2012.07.16 14:55:07.189,1.03985,1.04007,1.50,1.50
2012.07.16 14:55:10.152,1.03983,1.04005,1.91,1.50
2012.07.16 14:55:10.494,1.03982,1.04003,1.91,1.50
2012.07.16 14:55:10.555,1.03983,1.04005,1.91,1.50
2012.07.16 14:55:11.640,1.03984,1.04007,1.50,1.50
2012.07.16 14:55:12.188,1.03984,1.04008,1.50,2.58
2012.07.16 14:55:12.717,1.03983,1.04005,3.41,1.50
2012.07.16 14:55:12.778,1.03985,1.04007,1.50,2.24
2012.07.16 14:55:13.513,1.03985,1.04007,1.50,2.58
2012.07.16 14:55:14.068,1.03984,1.04007,1.91,1.08
2012.07.16 14:55:15.289,1.03983,1.04005,1.91,1.50
2012.07.16 14:55:15.857,1.03985,1.04007,1.50,2.58
2012.07.16 14:55:16.383,1.03985,1.04007,1.50,2.58
2012.07.16 14:55:18.101,1.03985,1.04007,1.50,2.58
2012.07.16 14:55:18.606,1.03986,1.04009,1.50,1.68
2012.07.16 14:55:18.833,1.03987,1.04009,1.50,2.45
2012.07.16 14:55:18.950,1.03985,1.04008,1.50,1.50
2012.07.16 14:55:19.011,1.03985,1.04008,1.50,1.85
2012.07.16 14:55:19.072,1.03984,1.04008,1.91,1.50
2012.07.16 14:55:19.507,1.03981,1.04004,1.16,1.50
2012.07.16 14:55:19.757,1.03978,1.04002,2.66,1.50
2012.07.16 14:55:20.042,1.03977,1.03999,2.66,1.50
2012.07.16 14:55:20.488,1.03978,1.03999,1.16,1.50
2012.07.16 14:55:20.829,1.03977,1.03999,1.91,1.50
2012.07.16 14:55:20.946,1.03979,1.04001,1.91,1.50
2012.07.16 14:55:21.176,1.03983,1.04003,1.91,1.34
2012.07.16 14:55:21.465,1.03983,1.04005,1.91,3.74
2012.07.16 14:55:21.695,1.03988,1.04008,1.50,1.12
2012.07.16 14:55:21.813,1.03986,1.0401,1.91,2.24
2012.07.16 14:55:22.582,1.03989,1.0401,1.50,1.08
2012.07.16 14:55:23.106,1.03989,1.0401,1.50,1.08
2012.07.16 14:55:23.168,1.03987,1.04009,1.91,2.24
2012.07.16 14:55:23.680,1.03987,1.04009,1.91,2.24
2012.07.16 14:55:23.965,1.03985,1.04007,3.41,2.24
2012.07.16 14:55:24.139,1.03983,1.04005,1.91,1.50
2012.07.16 14:55:24.775,1.03985,1.04007,1.91,3.00
2012.07.16 14:55:33.502,1.03988,1.0401,1.50,2.58
2012.07.16 14:55:34.329,1.03988,1.04011,1.50,1.08
2012.07.16 14:55:34.900,1.03988,1.04009,1.50,1.08
2012.07.16 14:55:35.076,1.03986,1.04009,1.91,1.08
2012.07.16 14:55:35.840,1.03984,1.04008,1.91,1.50
2012.07.16 14:55:36.344,1.03985,1.04007,1.91,1.50
2012.07.16 14:55:36.707,1.03987,1.04007,1.91,1.50
2012.07.16 14:55:36.769,1.03988,1.04009,1.91,1.34
2012.07.16 14:55:36.830,1.03988,1.04012,1.91,1.50
2012.07.16 14:55:37.336,1.03989,1.04011,1.91,1.50
2012.07.16 14:55:37.849,1.0399,1.04013,1.91,2.09
2012.07.16 14:55:38.379,1.03989,1.04011,1.91,1.50
2012.07.16 14:55:39.056,1.03991,1.04014,1.91,3.18
2012.07.16 14:55:41.464,1.03989,1.04011,1.91,1.50
2012.07.16 14:55:42.089,1.0399,1.04013,1.91,1.34
2012.07.16 14:55:42.643,1.03992,1.04017,1.91,2.24
2012.07.16 14:55:42.960,1.03992,1.04017,2.66,2.10
2012.07.16 14:55:43.350,1.03993,1.04015,1.91,1.35
2012.07.16 14:55:43.694,1.03991,1.04011,1.50,1.85
2012.07.16 14:55:43.755,1.03989,1.04011,1.50,1.85
2012.07.16 14:55:43.983,1.03989,1.04011,1.50,1.50
2012.07.16 14:55:44.156,1.03991,1.04013,1.50,1.85
2012.07.16 14:55:45.426,1.03988,1.04012,1.91,1.50
2012.07.16 14:55:47.349,1.03988,1.04012,1.91,1.50
2012.07.16 14:55:48.878,1.03988,1.04012,1.91,1.50
2012.07.16 14:55:49.427,1.03988,1.04012,1.91,1.50
2012.07.16 14:55:49.969,1.03988,1.04012,1.91,1.50
2012.07.16 14:55:51.024,1.03991,1.04013,1.50,1.50
2012.07.16 14:55:52.774,1.03988,1.04012,1.91,1.50
2012.07.16 14:55:53.289,1.03991,1.04013,1.91,1.50
2012.07.16 14:55:53.808,1.03989,1.04011,1.91,1.50
2012.07.16 14:55:55.084,1.03989,1.04009,1.16,1.50
2012.07.16 14:55:55.423,1.03985,1.04006,2.66,1.50
2012.07.16 14:55:55.756,1.03982,1.04004,2.66,1.50
2012.07.16 14:55:55.982,1.03983,1.04007,1.91,1.50
2012.07.16 14:55:57.507,1.03983,1.04007,1.50,1.85
2012.07.16 14:55:58.041,1.03982,1.04005,1.16,1.85
2012.07.16 14:56:00.444,1.03983,1.04007,1.50,1.85
2012.07.16 14:56:00.560,1.03985,1.04008,1.50,1.50
2012.07.16 14:56:00.897,1.03984,1.04006,1.91,1.50
2012.07.16 14:56:01.123,1.03985,1.04008,1.50,1.50
2012.07.16 14:56:01.536,1.03981,1.04005,2.66,1.50
2012.07.16 14:56:02.005,1.03986,1.04007,1.50,1.50
2012.07.16 14:56:02.380,1.03988,1.04009,1.50,1.08
2012.07.16 14:56:02.864,1.03985,1.04008,3.00,1.49
2012.07.16 14:56:03.386,1.03984,1.04007,1.50,1.50
2012.07.16 14:56:03.611,1.03988,1.04008,1.50,2.60
2012.07.16 14:56:03.727,1.03986,1.04008,1.50,2.60
2012.07.16 14:56:05.038,1.03984,1.04007,1.50,1.50
2012.07.16 14:56:05.555,1.03985,1.04009,1.50,2.58
2012.07.16 14:56:05.843,1.03984,1.04006,3.00,1.50
2012.07.16 14:56:08.064,1.03982,1.04005,1.16,1.50
2012.07.16 14:56:08.180,1.03983,1.04007,1.91,2.84
2012.07.16 14:56:10.291,1.03983,1.04007,1.91,2.24
2012.07.16 14:56:10.651,1.03988,1.0401,1.50,2.58
2012.07.16 14:56:10.994,1.03986,1.04008,1.91,2.24
2012.07.16 14:56:12.580,1.03986,1.04008,1.91,2.24
2012.07.16 14:56:13.679,1.03986,1.04008,1.91,2.24
2012.07.16 14:56:14.171,1.03981,1.04005,4.91,1.50
2012.07.16 14:56:14.703,1.03983,1.04007,1.91,2.84
2012.07.16 14:56:19.104,1.03983,1.04007,1.91,1.50
2012.07.16 14:56:19.570,1.03981,1.04005,3.41,1.50
2012.07.16 14:56:19.752,1.03986,1.04008,1.91,2.10
2012.07.16 14:56:21.524,1.03984,1.04006,1.91,1.50
2012.07.16 14:56:22.051,1.03985,1.04008,1.91,2.09
2012.07.16 14:56:22.590,1.03985,1.04008,1.91,2.09
2012.07.16 14:56:23.427,1.03984,1.04006,1.91,1.50
2012.07.16 14:56:24.980,1.03982,1.04005,1.16,1.50
2012.07.16 14:56:25.580,1.03984,1.04006,1.91,1.50
2012.07.16 14:56:26.901,1.03985,1.04007,1.91,1.34
2012.07.16 14:56:27.621,1.03984,1.04006,1.91,1.50
2012.07.16 14:56:28.992,1.03985,1.04007,1.91,1.34
2012.07.16 14:56:30.607,1.03989,1.04007,1.50,1.34
2012.07.16 14:56:30.725,1.03989,1.04011,1.91,2.24
2012.07.16 14:56:31.063,1.03986,1.04008,3.41,1.50
2012.07.16 14:56:31.291,1.03985,1.04009,3.41,2.60
2012.07.16 14:56:31.408,1.03984,1.04007,1.91,1.50
2012.07.16 14:56:32.213,1.03985,1.04008,1.91,1.50
2012.07.16 14:56:32.550,1.03984,1.04006,1.50,1.85
2012.07.16 14:56:32.612,1.03982,1.04004,1.91,1.50
2012.07.16 14:56:35.386,1.03986,1.04008,1.50,2.45
2012.07.16 14:56:35.837,1.03984,1.04006,3.00,1.85
2012.07.16 14:56:36.514,1.03986,1.04008,1.50,2.45
2012.07.16 14:56:36.930,1.03984,1.04006,1.50,1.50
2012.07.16 14:56:40.185,1.03984,1.04006,1.91,1.50
2012.07.16 14:56:40.301,1.03986,1.04008,1.91,3.00
2012.07.16 14:56:40.529,1.03986,1.04008,1.50,1.85
2012.07.16 14:56:40.756,1.03983,1.04005,2.66,1.50
2012.07.16 14:56:41.258,1.03983,1.04006,1.16,1.85
2012.07.16 14:56:41.429,1.03985,1.04007,1.50,1.50
2012.07.16 14:56:41.882,1.03983,1.04006,1.16,1.85
2012.07.16 14:56:41.943,1.03983,1.04006,1.16,2.45
2012.07.16 14:56:42.477,1.03981,1.04003,1.91,1.50
2012.07.16 14:56:42.818,1.03978,1.04001,2.66,2.10
2012.07.16 14:56:43.182,1.03976,1.04,1.91,2.84
2012.07.16 14:56:44.122,1.03976,1.04,1.91,2.24
2012.07.16 14:56:44.861,1.03978,1.04002,1.50,2.58
2012.07.16 14:56:49.879,1.03978,1.04001,1.50,1.08
2012.07.16 14:56:50.051,1.03981,1.04001,1.50,1.08
2012.07.16 14:56:50.174,1.03979,1.04001,1.50,1.85
2012.07.16 14:56:50.236,1.03979,1.04001,1.50,1.50
2012.07.16 14:56:50.409,1.03977,1.03999,1.91,1.50
2012.07.16 14:56:50.802,1.03982,1.04004,1.50,2.84
2012.07.16 14:56:51.193,1.03983,1.04007,1.91,2.24
2012.07.16 14:56:51.310,1.03987,1.04009,1.50,2.99
2012.07.16 14:56:51.373,1.03984,1.04008,1.91,2.24
2012.07.16 14:56:51.881,1.03986,1.04008,1.50,1.08
2012.07.16 14:56:52.053,1.03984,1.04007,1.50,1.08
2012.07.16 14:56:52.172,1.03981,1.04004,1.16,1.50
2012.07.16 14:56:52.565,1.03985,1.04007,1.50,4.08
2012.07.16 14:56:53.252,1.03982,1.04006,3.41,1.85
2012.07.16 14:56:53.313,1.03982,1.04006,1.91,1.50
2012.07.16 14:56:53.741,1.03984,1.04008,1.91,2.24
2012.07.16 14:56:54.247,1.03986,1.04007,1.50,1.08
2012.07.16 14:56:54.527,1.03985,1.04008,1.91,2.24
2012.07.16 14:56:55.055,1.03986,1.0401,1.91,2.58
2012.07.16 14:57:00.285,1.03985,1.04007,2.66,1.50
2012.07.16 14:57:00.635,1.03987,1.0401,1.76,1.50
2012.07.16 14:57:00.811,1.0399,1.04013,3.41,1.50
2012.07.16 14:57:00.931,1.03993,1.04016,1.91,1.50
2012.07.16 14:57:01.249,1.04001,1.04019,1.50,2.24
2012.07.16 14:57:01.497,1.04001,1.04019,1.50,1.50
2012.07.16 14:57:01.669,1.04001,1.04019,1.91,1.50
2012.07.16 14:57:02.174,1.04003,1.04026,1.91,2.25
2012.07.16 14:57:02.234,1.04003,1.04026,1.91,1.50
2012.07.16 14:57:08.343,1.04003,1.04026,1.91,1.50
2012.07.16 14:57:08.571,1.04005,1.04028,1.50,2.24
2012.07.16 14:57:08.688,1.04005,1.04028,1.50,2.24
2012.07.16 14:57:08.926,1.04001,1.04023,1.16,1.50
2012.07.16 14:57:08.988,1.04001,1.0402,1.16,1.50
2012.07.16 14:57:09.161,1.03998,1.04018,1.16,1.50
2012.07.16 14:57:09.500,1.03995,1.04018,1.91,1.50
2012.07.16 14:57:09.615,1.03993,1.04016,4.16,1.50
2012.07.16 14:57:10.513,1.03995,1.04018,1.91,1.50
2012.07.16 14:57:10.629,1.03993,1.04016,2.66,1.50
2012.07.16 14:57:11.687,1.03995,1.04016,1.01,1.50
2012.07.16 14:57:11.939,1.03997,1.0402,1.91,2.24
2012.07.16 14:57:12.001,1.03997,1.0402,1.91,2.24
2012.07.16 14:57:12.228,1.03998,1.04023,2.66,1.50
2012.07.16 14:57:12.345,1.03998,1.04023,2.66,1.50
2012.07.16 14:57:12.642,1.04,1.04025,1.91,2.24
2012.07.16 14:57:12.984,1.04,1.04025,2.51,2.24
2012.07.16 14:57:13.488,1.04001,1.04023,1.16,1.50
2012.07.16 14:57:13.831,1.03999,1.04019,1.01,1.50
2012.07.16 14:57:14.430,1.03997,1.0402,1.91,1.50
2012.07.16 14:57:15.330,1.03995,1.04018,1.91,1.50
2012.07.16 14:57:15.392,1.03995,1.04018,1.91,1.50
2012.07.16 14:57:16.287,1.03992,1.04017,3.41,1.50
2012.07.16 14:57:22.458,1.03995,1.04018,1.91,1.50
2012.07.16 14:57:22.519,1.03995,1.04018,1.50,1.85
2012.07.16 14:57:22.772,1.03993,1.04016,1.50,1.85
2012.07.16 14:57:23.817,1.03991,1.04013,2.66,1.50
2012.07.16 14:57:24.379,1.03991,1.04013,2.66,1.50
2012.07.16 14:57:24.901,1.03991,1.04013,2.66,1.50
2012.07.16 14:57:25.389,1.03992,1.04017,1.50,1.85
2012.07.16 14:57:25.508,1.03993,1.04016,1.91,1.50
2012.07.16 14:57:25.737,1.03993,1.04016,1.50,1.85
2012.07.16 14:57:26.303,1.03991,1.04015,2.66,1.85
2012.07.16 14:57:27.946,1.03993,1.04018,1.50,3.33
2012.07.16 14:57:28.063,1.03993,1.04018,1.91,2.99
2012.07.16 14:57:28.179,1.03993,1.04017,1.50,1.08
2012.07.16 14:57:28.732,1.03992,1.04014,1.91,1.50
2012.07.16 14:57:29.242,1.03991,1.04013,1.16,1.50
2012.07.16 14:57:29.415,1.03991,1.04015,1.91,3.35
2012.07.16 14:57:29.927,1.03992,1.04014,2.66,1.50
2012.07.16 14:57:30.268,1.03991,1.04011,1.50,1.50
2012.07.16 14:57:30.757,1.03988,1.04012,1.91,1.85
2012.07.16 14:57:31.142,1.03988,1.04012,1.91,1.50
2012.07.16 14:57:31.663,1.03988,1.0401,1.91,1.50
2012.07.16 14:57:31.890,1.03989,1.04013,1.91,2.84
2012.07.16 14:57:32.465,1.03992,1.04013,1.50,1.34
2012.07.16 14:57:33.123,1.03992,1.04013,1.50,1.34
2012.07.16 14:57:33.692,1.03993,1.04013,1.50,1.34
2012.07.16 14:57:34.178,1.0399,1.04013,2.66,1.34
2012.07.16 14:57:34.708,1.0399,1.04013,2.66,1.34
2012.07.16 14:57:35.254,1.0399,1.04013,1.50,1.68
2012.07.16 14:57:35.485,1.03988,1.0401,1.91,1.50
2012.07.16 14:57:36.129,1.0399,1.04012,1.50,2.58
2012.07.16 14:57:37.165,1.0399,1.04012,1.91,2.84
2012.07.16 14:57:38.026,1.03992,1.04013,1.50,1.34
2012.07.16 14:57:38.088,1.03992,1.04014,1.50,2.58
2012.07.16 14:57:38.653,1.03992,1.04014,1.50,4.08
2012.07.16 14:57:39.311,1.0399,1.04012,1.91,2.24
2012.07.16 14:57:40.420,1.0399,1.04012,1.91,2.10
2012.07.16 14:57:41.603,1.03992,1.04013,1.50,2.84
2012.07.16 14:57:41.665,1.0399,1.04012,1.91,1.50
2012.07.16 14:57:41.727,1.03994,1.04016,1.91,1.34
2012.07.16 14:57:41.843,1.03994,1.04017,1.91,2.10
2012.07.16 14:57:42.346,1.03994,1.04017,1.91,2.84
2012.07.16 14:57:43.321,1.03994,1.04017,1.91,2.24
2012.07.16 14:57:44.079,1.03995,1.04019,1.91,1.08
2012.07.16 14:57:44.420,1.03992,1.04014,1.91,1.50
2012.07.16 14:57:44.678,1.03991,1.04012,1.91,1.50
2012.07.16 14:57:45.076,1.0399,1.04014,2.66,2.10
2012.07.16 14:57:46.889,1.0399,1.04014,2.25,1.85
2012.07.16 14:57:47.062,1.03988,1.04012,1.91,1.50
2012.07.16 14:57:47.124,1.03987,1.0401,1.16,1.50
2012.07.16 14:57:48.562,1.03989,1.04013,1.50,1.85
2012.07.16 14:57:48.838,1.03989,1.04013,1.91,2.24
2012.07.16 14:57:50.225,1.03991,1.04012,1.16,1.50
2012.07.16 14:57:50.572,1.03991,1.0401,1.16,1.50
2012.07.16 14:57:50.634,1.03991,1.04012,1.16,1.50
2012.07.16 14:57:51.177,1.03992,1.04014,2.66,2.24
2012.07.16 14:57:51.420,1.03992,1.04013,2.25,3.26
2012.07.16 14:57:51.594,1.03981,1.04002,1.50,1.50
2012.07.16 14:57:51.656,1.03981,1.04003,2.25,1.08
2012.07.16 14:57:51.827,1.03981,1.04005,2.66,2.24
2012.07.16 14:57:51.943,1.03981,1.04005,2.66,2.24
2012.07.16 14:57:52.060,1.03981,1.04005,2.66,2.24
2012.07.16 14:57:52.122,1.03981,1.04005,3.41,1.50
2012.07.16 14:57:52.240,1.03983,1.04007,1.50,1.85
2012.07.16 14:57:52.580,1.03985,1.04009,1.91,2.24
2012.07.16 14:57:52.921,1.03982,1.04004,1.16,1.50
2012.07.16 14:57:53.640,1.03981,1.04004,1.91,1.50
2012.07.16 14:57:54.285,1.03983,1.04004,1.91,1.50
2012.07.16 14:57:54.594,1.03987,1.04009,2.25,3.00
2012.07.16 14:57:56.317,1.03984,1.04008,1.91,1.50
2012.07.16 14:57:56.877,1.03986,1.04009,1.50,2.10
2012.07.16 14:57:57.131,1.03986,1.0401,1.91,2.24
2012.07.16 14:57:57.248,1.03988,1.04012,2.66,1.50
2012.07.16 14:57:57.422,1.0399,1.04014,1.91,1.50
2012.07.16 14:57:57.651,1.03995,1.04015,1.50,1.08
2012.07.16 14:57:57.768,1.0399,1.04012,1.91,1.50
2012.07.16 14:57:58.005,1.03988,1.0401,1.91,1.50
2012.07.16 14:57:58.121,1.03988,1.0401,1.91,2.10
2012.07.16 14:57:58.716,1.03989,1.04012,1.50,2.10
2012.07.16 14:57:59.096,1.03989,1.04012,1.50,2.45
2012.07.16 14:57:59.438,1.03986,1.04008,1.50,3.18
2012.07.16 14:57:59.958,1.03984,1.04008,1.91,2.45
2012.07.16 14:58:00.320,1.03987,1.04008,1.50,1.68
2012.07.16 14:58:00.756,1.03987,1.04009,2.66,2.24
2012.07.16 14:58:00.998,1.0399,1.04013,1.91,1.34
2012.07.16 14:58:01.116,1.03988,1.04012,1.50,3.18
2012.07.16 14:58:01.178,1.03987,1.04009,2.66,2.10
2012.07.16 14:58:02.845,1.03984,1.04008,1.91,2.45
2012.07.16 14:58:02.962,1.03987,1.04009,1.50,3.18
2012.07.16 14:58:04.194,1.03987,1.04009,1.50,2.45
2012.07.16 14:58:04.370,1.03983,1.04005,1.50,2.45
2012.07.16 14:58:04.489,1.0398,1.04004,1.50,2.45
2012.07.16 14:58:04.606,1.03979,1.04001,2.25,1.50
2012.07.16 14:58:05.008,1.03979,1.04002,1.16,1.50
2012.07.16 14:58:05.127,1.0398,1.04004,1.91,1.50
2012.07.16 14:58:05.972,1.03981,1.04003,1.91,1.50
2012.07.16 14:58:07.185,1.03981,1.04003,1.50,1.85
2012.07.16 14:58:07.468,1.03978,1.04002,2.25,1.85
2012.07.16 14:58:08.052,1.03977,1.04,1.16,1.50
2012.07.16 14:58:09.238,1.03979,1.04,1.16,1.50
2012.07.16 14:58:09.300,1.03979,1.04002,1.16,1.50
2012.07.16 14:58:09.417,1.03982,1.04004,1.50,1.85
2012.07.16 14:58:09.838,1.0398,1.04002,1.91,1.50
2012.07.16 14:58:11.159,1.03979,1.04001,1.16,1.50
2012.07.16 14:58:11.276,1.03979,1.04003,1.91,3.75
2012.07.16 14:58:12.607,1.03981,1.04004,1.91,1.10
2012.07.16 14:58:12.668,1.03976,1.03998,2.87,2.25
2012.07.16 14:58:12.786,1.03975,1.03998,2.25,1.10
2012.07.16 14:58:12.902,1.03973,1.03997,1.91,2.24
2012.07.16 14:58:13.430,1.03974,1.03998,1.50,3.33
2012.07.16 14:58:14.019,1.03973,1.03995,1.91,1.50
2012.07.16 14:58:14.359,1.03969,1.03992,1.18,1.50
2012.07.16 14:58:14.422,1.0397,1.0399,1.18,1.50
2012.07.16 14:58:14.761,1.03968,1.03991,1.91,3.00
2012.07.16 14:58:15.145,1.03967,1.0399,1.91,2.10
2012.07.16 14:58:15.487,1.0397,1.03989,1.50,1.34
2012.07.16 14:58:16.355,1.03971,1.03994,1.50,2.58
2012.07.16 14:58:16.905,1.03971,1.03994,1.50,1.08
2012.07.16 14:58:17.280,1.03971,1.03994,1.88,1.08
2012.07.16 14:58:17.620,1.03972,1.03995,1.54,2.84
2012.07.16 14:58:17.905,1.03979,1.04002,1.50,1.68
2012.07.16 14:58:18.499,1.03979,1.04002,1.50,1.34
2012.07.16 14:58:19.159,1.03978,1.04,1.91,1.50
2012.07.16 14:58:19.997,1.03981,1.04002,1.50,2.24
2012.07.16 14:58:20.116,1.03981,1.04003,1.50,1.85
2012.07.16 14:58:20.263,1.03986,1.04007,1.91,1.49
2012.07.16 14:58:20.913,1.03983,1.04007,1.91,2.99
2012.07.16 14:58:21.673,1.03986,1.04007,1.91,1.34
2012.07.16 14:58:22.472,1.03983,1.04006,1.91,1.08
2012.07.16 14:58:23.233,1.03981,1.04005,1.91,2.58
2012.07.16 14:58:25.970,1.03979,1.04003,4.16,1.50
2012.07.16 14:58:26.031,1.03979,1.04003,3.75,1.85
2012.07.16 14:58:26.203,1.03977,1.04,2.66,1.50
2012.07.16 14:58:26.405,1.03979,1.04002,1.50,1.85
2012.07.16 14:58:27.649,1.03979,1.04003,1.91,1.50
2012.07.16 14:58:27.878,1.03986,1.04007,1.50,1.34
2012.07.16 14:58:27.996,1.03984,1.04006,3.00,2.58
2012.07.16 14:58:28.057,1.03981,1.04002,1.50,1.50
2012.07.16 14:58:28.285,1.03981,1.04,1.16,1.50
2012.07.16 14:58:28.401,1.03978,1.04,1.91,1.50
2012.07.16 14:58:28.759,1.03976,1.04,1.91,2.10
2012.07.16 14:58:29.105,1.03976,1.03988,1.91,2.10
2012.07.16 14:58:29.249,1.03976,1.03988,1.50,2.10
2012.07.16 14:58:29.367,1.03976,1.03997,1.50,2.45
2012.07.16 14:58:29.653,1.03975,1.03993,1.50,1.68
2012.07.16 14:58:29.896,1.03972,1.03993,1.50,1.68
2012.07.16 14:58:30.327,1.03966,1.0399,1.16,1.50
2012.07.16 14:58:30.389,1.03965,1.0399,1.91,2.99
2012.07.16 14:58:31.470,1.03969,1.0399,1.50,1.83
2012.07.16 14:58:31.532,1.03967,1.0399,3.00,2.60
2012.07.16 14:58:32.046,1.03965,1.03988,1.91,1.50
2012.07.16 14:58:32.454,1.03965,1.03988,1.91,1.50
2012.07.16 14:58:32.516,1.03967,1.0399,1.91,1.50
2012.07.16 14:58:32.745,1.03974,1.03992,1.50,1.34
2012.07.16 14:58:33.286,1.03973,1.03992,1.50,1.34
2012.07.16 14:58:33.831,1.03969,1.03991,1.91,2.24
2012.07.16 14:58:34.346,1.03969,1.03991,1.91,2.24
2012.07.16 14:58:35.144,1.03969,1.03991,1.91,2.24
2012.07.16 14:58:37.718,1.03969,1.03991,1.91,1.50
2012.07.16 14:58:37.834,1.03966,1.03989,1.91,1.50
2012.07.16 14:58:38.184,1.03964,1.03987,2.66,1.50
2012.07.16 14:58:38.247,1.03966,1.03989,1.91,1.50
2012.07.16 14:58:39.429,1.03966,1.03989,1.91,2.25
2012.07.16 14:58:42.713,1.03967,1.0399,1.91,1.49
2012.07.16 14:58:44.443,1.03965,1.0399,1.91,2.24
2012.07.16 14:58:44.835,1.03971,1.03993,1.91,1.49
2012.07.16 14:58:45.405,1.03971,1.03993,1.91,1.49
2012.07.16 14:58:46.414,1.0397,1.03992,1.91,2.24
2012.07.16 14:58:46.789,1.03977,1.03998,1.91,1.49
2012.07.16 14:58:46.850,1.03977,1.03999,1.91,2.25
2012.07.16 14:58:48.079,1.03977,1.03999,1.91,1.50
2012.07.16 14:58:48.491,1.03973,1.03997,1.91,1.50
2012.07.16 14:58:48.773,1.03975,1.03999,1.91,1.50
2012.07.16 14:58:49.128,1.03973,1.03997,2.68,1.50
2012.07.16 14:58:49.683,1.03976,1.03998,1.91,1.50
2012.07.16 14:58:51.422,1.03972,1.03995,1.16,1.50
2012.07.16 14:58:51.539,1.03972,1.03995,1.16,1.50
2012.07.16 14:58:51.712,1.03972,1.03994,2.66,1.50
2012.07.16 14:58:51.886,1.03975,1.03996,1.91,1.50
2012.07.16 14:58:52.428,1.03975,1.03997,1.91,2.24
2012.07.16 14:58:52.934,1.03972,1.03994,1.91,1.50
2012.07.16 14:58:53.476,1.03974,1.03996,1.91,2.84
2012.07.16 14:58:54.337,1.03975,1.03999,1.91,2.99
2012.07.16 14:58:54.514,1.03977,1.03998,1.01,2.24
2012.07.16 14:58:54.811,1.0398,1.04001,1.91,1.50
2012.07.16 14:58:55.363,1.0398,1.04003,1.91,1.49
2012.07.16 14:58:55.981,1.03982,1.04005,1.91,1.08
2012.07.16 14:58:57.443,1.0398,1.04004,1.91,2.24
2012.07.16 14:58:57.996,1.0398,1.04003,1.50,1.83
2012.07.16 14:58:58.114,1.03982,1.04002,1.50,1.08
2012.07.16 14:58:58.510,1.03981,1.03998,1.91,1.50
2012.07.16 14:58:58.627,1.03977,1.04001,1.91,1.50
2012.07.16 14:58:59.151,1.03982,1.04003,1.50,1.49
2012.07.16 14:58:59.269,1.0398,1.04002,1.91,2.24
2012.07.16 14:58:59.330,1.03982,1.04004,1.50,2.24
2012.07.16 14:58:59.887,1.03975,1.03999,1.91,1.50
2012.07.16 14:59:00.227,1.03973,1.03997,1.91,2.10
2012.07.16 14:59:00.289,1.03973,1.03997,1.91,2.84
2012.07.16 14:59:00.352,1.03971,1.03995,1.91,2.58
2012.07.16 14:59:01.110,1.03973,1.03995,1.50,1.08
2012.07.16 14:59:01.463,1.03971,1.03993,1.50,1.08
2012.07.16 14:59:01.581,1.03969,1.03993,1.50,2.58
2012.07.16 14:59:01.644,1.03968,1.0399,1.50,2.24
2012.07.16 14:59:02.216,1.03969,1.03991,1.50,1.08
2012.07.16 14:59:02.845,1.03969,1.0399,1.50,1.08
2012.07.16 14:59:03.387,1.03969,1.03993,1.91,2.24
2012.07.16 14:59:03.559,1.03971,1.03995,1.50,4.08
2012.07.16 14:59:04.493,1.03974,1.03996,1.50,4.08
2012.07.16 14:59:05.183,1.03974,1.03996,1.50,2.58
2012.07.16 14:59:05.693,1.03974,1.03995,1.50,1.08
2012.07.16 14:59:05.754,1.03974,1.03995,1.50,1.08
2012.07.16 14:59:06.149,1.03976,1.03994,1.50,1.08
2012.07.16 14:59:06.324,1.03971,1.03995,1.50,2.58
2012.07.16 14:59:07.273,1.03971,1.03994,1.50,1.08
2012.07.16 14:59:08.092,1.03972,1.03995,1.50,2.58
2012.07.16 14:59:08.153,1.03974,1.03995,1.50,1.08
2012.07.16 14:59:08.271,1.03972,1.03994,1.50,2.58
2012.07.16 14:59:08.904,1.03973,1.03995,1.50,1.08
2012.07.16 14:59:09.457,1.03972,1.03994,1.50,1.50
2012.07.16 14:59:10.000,1.03973,1.03994,1.50,1.08
2012.07.16 14:59:10.314,1.03971,1.03994,1.50,1.08
2012.07.16 14:59:10.766,1.03974,1.03994,1.50,1.08
2012.07.16 14:59:11.215,1.03972,1.03994,3.00,2.58
2012.07.16 14:59:11.589,1.03972,1.03994,1.50,1.85
2012.07.16 14:59:11.650,1.03969,1.03993,3.41,1.85
2012.07.16 14:59:11.768,1.03968,1.03989,1.16,1.50
2012.07.16 14:59:12.195,1.03974,1.03994,1.50,1.49
2012.07.16 14:59:12.591,1.03974,1.03996,1.91,1.50
2012.07.16 14:59:12.707,1.03974,1.03996,2.66,1.50
2012.07.16 14:59:12.879,1.03977,1.03998,1.16,1.50
2012.07.16 14:59:12.941,1.03976,1.03998,2.25,1.50
2012.07.16 14:59:13.168,1.03975,1.03996,1.16,2.25
2012.07.16 14:59:13.395,1.03975,1.03996,1.16,1.50
2012.07.16 14:59:13.651,1.03976,1.03998,2.25,2.25
2012.07.16 14:59:13.823,1.03975,1.03997,1.16,1.50
2012.07.16 14:59:14.383,1.03975,1.03997,1.16,1.50
2012.07.16 14:59:14.688,1.03975,1.03997,1.16,2.25
2012.07.16 14:59:14.844,1.03975,1.03997,1.16,1.50
2012.07.16 14:59:15.073,1.03973,1.03997,1.91,1.50
2012.07.16 14:59:15.322,1.03973,1.03995,1.16,1.50
2012.07.16 14:59:15.662,1.03971,1.03993,1.16,3.75
2012.07.16 14:59:15.975,1.03971,1.03991,1.16,1.50
2012.07.16 14:59:16.036,1.03969,1.03991,1.16,1.50
2012.07.16 14:59:16.208,1.0397,1.03993,1.16,3.75
2012.07.16 14:59:18.653,1.03971,1.03993,1.91,2.25
2012.07.16 14:59:19.297,1.03973,1.03993,1.50,1.49
2012.07.16 14:59:20.358,1.03973,1.03991,1.50,1.49
2012.07.16 14:59:20.419,1.03971,1.03992,1.91,1.49
2012.07.16 14:59:20.591,1.03969,1.03992,1.91,2.43
2012.07.16 14:59:21.584,1.03968,1.0399,1.91,1.50
2012.07.16 14:59:21.645,1.03969,1.03992,1.91,1.08
2012.07.16 14:59:21.982,1.03972,1.03994,1.50,4.10
2012.07.16 14:59:22.043,1.03972,1.03994,1.50,2.25
2012.07.16 14:59:22.160,1.03972,1.03994,1.91,1.50
2012.07.16 14:59:22.222,1.03973,1.03996,1.91,2.24
2012.07.16 14:59:22.339,1.03976,1.03998,1.50,2.99
2012.07.16 14:59:22.400,1.03976,1.03998,1.50,2.25
2012.07.16 14:59:22.516,1.03973,1.03997,3.41,1.50
2012.07.16 14:59:22.577,1.03973,1.03997,1.91,2.25
2012.07.16 14:59:22.760,1.03971,1.03994,4.16,1.10
2012.07.16 14:59:23.605,1.03971,1.03994,2.66,1.10
2012.07.16 14:59:24.143,1.03971,1.03995,2.66,1.85
2012.07.16 14:59:24.696,1.03971,1.03995,4.16,1.50
2012.07.16 14:59:25.035,1.03979,1.03999,1.91,1.49
2012.07.16 14:59:25.151,1.03977,1.03999,1.50,1.83
2012.07.16 14:59:25.267,1.03974,1.03998,1.91,2.24
2012.07.16 14:59:25.827,1.03975,1.03997,1.50,1.50
2012.07.16 14:59:26.056,1.03976,1.04,1.91,2.24
2012.07.16 14:59:26.287,1.03972,1.03996,2.66,1.50
2012.07.16 14:59:26.460,1.03972,1.03996,2.25,3.35
2012.07.16 14:59:26.802,1.03967,1.03989,1.91,1.50
2012.07.16 14:59:27.139,1.03967,1.03989,2.51,1.50
2012.07.16 14:59:27.313,1.03975,1.03997,1.91,1.50
2012.07.16 14:59:27.600,1.03977,1.04,1.50,2.58
2012.07.16 14:59:28.028,1.03974,1.03996,1.91,1.50
2012.07.16 14:59:28.321,1.03971,1.03995,3.26,1.85
2012.07.16 14:59:28.548,1.0397,1.03992,1.91,1.50
2012.07.16 14:59:28.611,1.03973,1.03995,1.50,3.18
2012.07.16 14:59:29.365,1.03972,1.03994,1.91,1.34
2012.07.16 14:59:29.731,1.03972,1.03994,1.50,1.68
2012.07.16 14:59:30.236,1.0397,1.03992,3.00,1.85
2012.07.16 14:59:30.520,1.03974,1.03994,1.50,1.85
2012.07.16 14:59:30.582,1.03974,1.03996,1.91,1.50
2012.07.16 14:59:30.698,1.03978,1.03998,1.50,1.34
2012.07.16 14:59:31.047,1.03976,1.03998,1.50,2.58
2012.07.16 14:59:31.275,1.03971,1.03991,1.16,1.50
2012.07.16 14:59:31.448,1.03974,1.03993,1.50,2.24
2012.07.16 14:59:31.622,1.03974,1.03996,2.25,1.08
2012.07.16 14:59:31.852,1.03977,1.03999,1.50,2.24
2012.07.16 14:59:32.334,1.03977,1.03995,1.50,1.50
2012.07.16 14:59:32.396,1.03973,1.03995,2.66,1.50
2012.07.16 14:59:32.570,1.03975,1.03995,1.01,1.50
2012.07.16 14:59:32.912,1.03977,1.03995,2.51,1.50
2012.07.16 14:59:33.193,1.03983,1.04004,1.50,1.12
2012.07.16 14:59:33.256,1.03983,1.04005,1.50,3.18
2012.07.16 14:59:33.373,1.0398,1.04004,1.91,2.24
2012.07.16 14:59:33.490,1.0398,1.04004,1.50,2.58
2012.07.16 14:59:33.762,1.03978,1.04,1.91,1.50
2012.07.16 14:59:34.379,1.03979,1.04,1.35,1.50
2012.07.16 14:59:34.666,1.03985,1.04007,1.91,1.50
2012.07.16 14:59:35.285,1.03982,1.04006,3.41,1.50
2012.07.16 14:59:35.513,1.03977,1.04,1.91,1.50
2012.07.16 14:59:36.032,1.03984,1.04006,1.50,2.58
2012.07.16 14:59:36.569,1.03982,1.04004,1.91,2.24
2012.07.16 14:59:37.128,1.03982,1.04004,1.91,2.24
2012.07.16 14:59:37.664,1.03984,1.04006,1.50,2.58
2012.07.16 14:59:37.840,1.03977,1.03999,1.91,1.50
2012.07.16 14:59:37.902,1.03977,1.04001,1.91,3.35
2012.07.16 14:59:38.416,1.03979,1.04002,1.50,1.08
2012.07.16 14:59:38.588,1.03978,1.04,1.91,1.50
2012.07.16 14:59:38.929,1.03983,1.04002,1.91,2.24
2012.07.16 14:59:39.183,1.03988,1.0401,1.50,2.99
2012.07.16 14:59:39.245,1.03988,1.04006,1.91,1.50
2012.07.16 14:59:39.362,1.03981,1.04005,1.50,2.58
2012.07.16 14:59:39.478,1.03979,1.04003,1.91,1.50
2012.07.16 14:59:40.078,1.03982,1.04004,1.91,1.50
2012.07.16 14:59:40.399,1.03982,1.04004,1.91,1.50
2012.07.16 14:59:41.200,1.03984,1.04006,1.91,2.24
2012.07.16 14:59:42.166,1.03982,1.04004,3.41,1.50
2012.07.16 14:59:43.376,1.03982,1.04004,1.50,1.50
2012.07.16 14:59:43.493,1.0398,1.04002,1.91,1.50
2012.07.16 14:59:44.030,1.03977,1.04001,2.66,1.50
2012.07.16 14:59:44.092,1.03979,1.04003,1.91,1.50
2012.07.16 14:59:45.071,1.03984,1.04007,1.50,3.18
2012.07.16 14:59:45.413,1.03984,1.04005,1.50,1.34
2012.07.16 14:59:45.698,1.03987,1.04009,3.41,2.24
2012.07.16 14:59:45.929,1.03989,1.04008,1.50,1.08
2012.07.16 14:59:46.046,1.03986,1.04008,1.50,1.08
2012.07.16 14:59:46.217,1.03986,1.0401,1.91,2.24
2012.07.16 14:59:46.837,1.03986,1.04007,1.50,1.08
2012.07.16 14:59:47.355,1.03986,1.04007,1.01,1.50
2012.07.16 14:59:47.862,1.03988,1.04007,1.91,1.50
2012.07.16 14:59:48.312,1.03986,1.04007,3.26,2.25
2012.07.16 14:59:48.429,1.03987,1.04003,1.50,1.35
2012.07.16 14:59:48.603,1.0398,1.04002,2.66,2.10
2012.07.16 14:59:48.665,1.0398,1.04002,1.91,2.10
2012.07.16 14:59:49.183,1.03979,1.04003,1.91,2.84
2012.07.16 14:59:49.252,1.03983,1.04003,1.50,1.34
2012.07.16 14:59:49.764,1.03982,1.04004,1.50,2.84
2012.07.16 14:59:51.156,1.03981,1.04003,1.50,1.34
2012.07.16 14:59:51.330,1.03977,1.04,2.10,1.50
2012.07.16 14:59:51.392,1.03977,1.04,1.50,3.60
2012.07.16 14:59:51.732,1.03975,1.03996,1.18,2.10
2012.07.16 14:59:52.023,1.03972,1.03996,1.50,1.50
2012.07.16 14:59:52.141,1.03971,1.03996,2.85,2.24
2012.07.16 14:59:52.659,1.03971,1.03994,1.76,2.24
2012.07.16 14:59:53.353,1.03971,1.03991,1.76,1.50
2012.07.16 14:59:53.418,1.03969,1.03992,1.50,2.10
2012.07.16 14:59:53.592,1.03972,1.03995,1.88,2.24
2012.07.16 14:59:54.148,1.03972,1.03994,1.50,1.34
2012.07.16 14:59:54.329,1.03972,1.03995,1.50,2.24
2012.07.16 14:59:54.531,1.03974,1.03997,1.50,4.49
2012.07.16 14:59:54.658,1.03971,1.03996,2.25,2.24
2012.07.16 14:59:55.196,1.03971,1.03996,2.66,2.24
2012.07.16 14:59:55.668,1.03967,1.03992,2.66,1.50
2012.07.16 14:59:55.971,1.0397,1.03993,1.50,1.50
2012.07.16 14:59:56.851,1.03968,1.03991,3.41,1.50
2012.07.16 14:59:57.462,1.03967,1.03989,1.16,1.50
2012.07.16 14:59:57.524,1.03968,1.03991,1.50,1.50
2012.07.16 14:59:58.066,1.03968,1.03991,1.91,1.50
2012.07.16 14:59:59.610,1.03967,1.03992,2.66,1.50
2012.07.16 14:59:59.672,1.03967,1.03992,2.66,2.10
2012.07.16 14:59:59.845,1.03967,1.03992,1.50,2.10
