2013.04.05 04:00:00.907,1.05416,1.05438,1.88,1.13
2013.04.05 04:00:01.468,1.05416,1.05438,1.88,1.88
2013.04.05 04:00:01.538,1.05416,1.05438,1.88,1.88
2013.04.05 04:00:02.197,1.05416,1.05438,1.50,1.50
2013.04.05 04:00:11.946,1.05416,1.05439,1.50,1.13
2013.04.05 04:00:12.006,1.05416,1.0544,1.50,1.13
2013.04.05 04:00:12.125,1.05416,1.0544,1.50,1.13
2013.04.05 04:00:12.246,1.05416,1.05439,1.50,1.13
2013.04.05 04:00:12.709,1.05416,1.0544,1.50,1.13
2013.04.05 04:00:13.801,1.05418,1.05441,1.13,1.13
2013.04.05 04:00:20.337,1.05417,1.0544,1.88,1.13
2013.04.05 04:00:21.858,1.05417,1.05439,1.50,1.13
2013.04.05 04:00:30.095,1.05417,1.05439,1.50,1.13
2013.04.05 04:00:30.889,1.0542,1.05441,1.50,1.13
2013.04.05 04:00:35.381,1.05417,1.05439,1.50,1.13
2013.04.05 04:00:51.756,1.05417,1.05441,1.13,1.13
2013.04.05 04:00:56.885,1.05416,1.05439,1.88,1.88
2013.04.05 04:00:58.396,1.05419,1.0544,1.50,1.13
2013.04.05 04:01:01.280,1.05419,1.05442,1.50,1.88
2013.04.05 04:01:02.130,1.05418,1.05442,1.13,1.88
2013.04.05 04:01:02.883,1.05417,1.0544,1.13,1.13
2013.04.05 04:01:04.636,1.0542,1.0544,1.50,1.13
2013.04.05 04:01:08.146,1.05422,1.05443,1.50,1.13
2013.04.05 04:01:18.135,1.05422,1.05446,1.50,1.88
2013.04.05 04:01:21.048,1.05422,1.05444,1.50,1.13
2013.04.05 04:01:24.006,1.05422,1.05443,1.50,1.13
2013.04.05 04:01:28.066,1.05422,1.05445,1.50,1.13
2013.04.05 04:01:34.791,1.05422,1.05446,1.50,1.88
2013.04.05 04:01:37.396,1.05422,1.05444,1.50,1.13
2013.04.05 04:01:40.047,1.05422,1.05444,1.50,1.13
2013.04.05 04:01:42.505,1.05422,1.05445,1.88,1.13
2013.04.05 04:01:50.057,1.05421,1.05445,1.50,1.13
2013.04.05 04:01:55.917,1.0542,1.05444,1.13,1.13
2013.04.05 04:01:56.245,1.05419,1.05441,1.50,1.13
2013.04.05 04:01:58.497,1.05418,1.0544,1.50,1.13
2013.04.05 04:02:05.475,1.05419,1.05441,1.50,1.88
2013.04.05 04:02:09.553,1.05416,1.0544,1.88,1.13
2013.04.05 04:02:09.696,1.05416,1.05438,1.50,1.13
2013.04.05 04:02:17.613,1.05416,1.0544,1.88,1.13
2013.04.05 04:02:28.226,1.05416,1.05439,2.25,1.13
2013.04.05 04:02:28.576,1.05416,1.05439,2.25,1.88
2013.04.05 04:02:28.937,1.05414,1.05435,1.28,1.13
2013.04.05 04:02:33.898,1.05416,1.05437,1.13,1.50
2013.04.05 04:02:37.456,1.05414,1.05437,1.13,1.88
2013.04.05 04:02:37.697,1.05415,1.05437,1.13,1.13
2013.04.05 04:02:39.646,1.05413,1.05437,1.13,1.88
2013.04.05 04:02:41.766,1.05414,1.05438,1.13,2.63
2013.04.05 04:02:42.327,1.05417,1.05438,1.13,1.50
2013.04.05 04:02:42.447,1.05418,1.05439,1.88,1.50
2013.04.05 04:02:42.597,1.05418,1.05441,2.63,1.13
2013.04.05 04:02:42.838,1.05418,1.0544,1.50,1.13
2013.04.05 04:02:47.376,1.05418,1.05441,2.63,1.13
2013.04.05 04:02:47.877,1.05418,1.05439,1.50,1.13
2013.04.05 04:02:52.205,1.05417,1.05438,1.13,1.50
2013.04.05 04:02:52.276,1.05414,1.05437,1.13,1.13
2013.04.05 04:02:52.976,1.05414,1.05436,1.13,1.13
2013.04.05 04:03:00.966,1.05416,1.05438,1.13,1.88
2013.04.05 04:03:12.366,1.05417,1.0544,2.25,1.13
2013.04.05 04:03:12.897,1.05418,1.05441,1.88,1.13
2013.04.05 04:03:13.232,1.05418,1.05442,1.88,1.13
2013.04.05 04:03:13.419,1.05419,1.05442,1.13,1.13
2013.04.05 04:03:13.547,1.05421,1.05443,1.88,1.88
2013.04.05 04:03:14.671,1.05422,1.05443,1.88,1.50
2013.04.05 04:03:15.317,1.05423,1.05446,1.13,1.50
2013.04.05 04:03:18.517,1.05424,1.05446,1.88,1.50
2013.04.05 04:03:25.936,1.05425,1.05446,1.13,1.50
2013.04.05 04:03:30.476,1.05426,1.05446,1.13,1.50
2013.04.05 04:03:36.867,1.05426,1.05446,1.13,1.50
2013.04.05 04:03:41.036,1.05428,1.0545,1.13,1.50
2013.04.05 04:03:41.396,1.05428,1.0545,1.13,1.50
2013.04.05 04:03:41.636,1.05429,1.05451,1.13,1.13
2013.04.05 04:03:46.928,1.05429,1.05448,1.13,1.50
2013.04.05 04:04:01.527,1.05428,1.05447,1.13,1.50
2013.04.05 04:04:06.087,1.05427,1.05448,2.25,1.50
2013.04.05 04:04:06.637,1.05427,1.05452,1.88,1.88
2013.04.05 04:04:12.827,1.0543,1.05452,1.13,1.50
2013.04.05 04:04:14.491,1.0543,1.05453,1.13,1.50
2013.04.05 04:04:14.996,1.05431,1.05454,1.13,1.50
2013.04.05 04:04:15.649,1.05432,1.05455,2.63,1.13
2013.04.05 04:04:18.817,1.05432,1.05453,1.88,1.13
2013.04.05 04:04:44.007,1.05432,1.05455,2.63,1.13
2013.04.05 04:04:44.067,1.05435,1.05458,1.13,1.65
2013.04.05 04:04:44.127,1.05434,1.05456,1.13,1.50
2013.04.05 04:04:47.539,1.05434,1.05456,1.13,2.40
2013.04.05 04:04:48.262,1.05432,1.05456,1.88,2.40
2013.04.05 04:04:54.406,1.05432,1.05455,1.88,1.50
2013.04.05 04:04:57.540,1.05433,1.05455,1.13,1.50
2013.04.05 04:05:00.077,1.05433,1.05455,1.13,1.50
2013.04.05 04:05:00.197,1.05436,1.05455,1.13,1.50
2013.04.05 04:05:02.177,1.05436,1.05459,1.88,2.03
2013.04.05 04:05:02.419,1.05438,1.0546,1.13,1.28
2013.04.05 04:05:06.166,1.05436,1.05458,1.58,1.28
2013.04.05 04:05:06.407,1.05434,1.05458,1.13,2.78
2013.04.05 04:05:08.007,1.0543,1.05454,1.13,1.88
2013.04.05 04:05:08.566,1.05429,1.05454,1.13,1.88
2013.04.05 04:05:09.077,1.05428,1.05453,1.88,1.13
2013.04.05 04:05:13.046,1.05428,1.05452,1.88,1.13
2013.04.05 04:05:18.278,1.05429,1.05453,1.13,1.88
2013.04.05 04:05:23.891,1.05427,1.05452,2.63,1.13
2013.04.05 04:05:31.423,1.05429,1.05453,1.13,2.63
2013.04.05 04:05:33.056,1.05429,1.05453,1.13,1.88
2013.04.05 04:05:34.398,1.05429,1.05453,1.13,1.88
2013.04.05 04:05:40.674,1.05428,1.05452,1.13,1.13
2013.04.05 04:05:42.985,1.05428,1.05453,1.88,1.13
2013.04.05 04:05:47.201,1.05427,1.05451,1.13,1.13
2013.04.05 04:05:48.247,1.05427,1.05451,1.13,1.13
2013.04.05 04:05:48.608,1.05428,1.05451,1.13,1.13
2013.04.05 04:05:49.927,1.05429,1.05453,1.13,1.88
2013.04.05 04:05:55.041,1.0543,1.05453,1.13,2.25
2013.04.05 04:05:58.827,1.0543,1.05453,1.13,1.13
2013.04.05 04:05:58.888,1.0543,1.05453,1.13,1.50
2013.04.05 04:05:59.427,1.0543,1.05453,1.13,2.03
2013.04.05 04:05:59.990,1.05431,1.05453,1.13,1.65
2013.04.05 04:06:02.990,1.0543,1.05453,1.13,1.73
2013.04.05 04:06:03.297,1.0543,1.05453,1.88,1.13
2013.04.05 04:06:03.357,1.0543,1.05454,2.25,1.88
2013.04.05 04:06:08.155,1.05432,1.05456,1.13,2.03
2013.04.05 04:06:08.216,1.05432,1.05456,1.13,1.28
2013.04.05 04:06:12.306,1.05433,1.05456,1.13,1.28
2013.04.05 04:06:13.860,1.05433,1.05456,1.13,2.03
2013.04.05 04:06:20.891,1.05432,1.05456,1.13,1.50
2013.04.05 04:06:20.974,1.0543,1.05455,1.88,1.13
2013.04.05 04:06:24.357,1.0543,1.05454,1.88,1.13
2013.04.05 04:06:29.398,1.05432,1.05455,1.13,1.13
2013.04.05 04:06:35.423,1.05431,1.05454,1.13,1.13
2013.04.05 04:06:37.587,1.05433,1.05456,1.13,1.65
2013.04.05 04:06:37.648,1.05437,1.05457,1.88,1.65
2013.04.05 04:06:37.768,1.05435,1.05459,1.13,1.28
2013.04.05 04:06:38.130,1.05434,1.05455,1.50,1.13
2013.04.05 04:06:38.199,1.05431,1.05455,1.13,1.88
2013.04.05 04:06:39.207,1.05431,1.05456,2.63,1.13
2013.04.05 04:06:43.077,1.05431,1.05455,1.50,1.88
2013.04.05 04:06:48.346,1.05431,1.05455,2.25,1.88
2013.04.05 04:06:48.648,1.05435,1.05457,1.13,2.03
2013.04.05 04:06:53.617,1.05436,1.05457,1.50,1.65
2013.04.05 04:06:53.738,1.05441,1.05462,1.50,3.60
2013.04.05 04:06:54.667,1.05441,1.05465,3.00,1.88
2013.04.05 04:06:55.186,1.05441,1.05465,2.63,1.73
2013.04.05 04:06:55.487,1.05441,1.05463,1.13,1.13
2013.04.05 04:06:55.908,1.0544,1.05463,1.50,1.13
2013.04.05 04:07:00.143,1.05441,1.05465,1.88,1.13
2013.04.05 04:07:00.990,1.05442,1.05467,1.88,1.95
2013.04.05 04:07:04.847,1.05445,1.05467,1.50,1.20
2013.04.05 04:07:05.228,1.05447,1.0547,1.13,1.95
2013.04.05 04:07:05.647,1.05447,1.0547,1.13,1.95
2013.04.05 04:07:11.657,1.05446,1.05469,1.88,1.58
2013.04.05 04:07:12.728,1.05446,1.05469,1.88,1.58
2013.04.05 04:07:13.267,1.05446,1.0547,1.88,1.95
2013.04.05 04:07:25.626,1.05445,1.05469,1.88,1.20
2013.04.05 04:07:28.358,1.05447,1.05472,1.13,2.70
2013.04.05 04:07:28.818,1.05447,1.05472,1.88,2.70
2013.04.05 04:07:30.013,1.05447,1.05472,1.88,1.95
2013.04.05 04:07:30.547,1.05448,1.05472,1.13,1.58
2013.04.05 04:07:31.304,1.05449,1.05472,1.13,1.95
2013.04.05 04:07:34.001,1.05446,1.05472,1.50,1.58
2013.04.05 04:07:34.259,1.05448,1.05468,1.13,1.58
2013.04.05 04:07:34.332,1.05445,1.05468,1.13,1.58
2013.04.05 04:07:34.637,1.05442,1.05466,1.13,1.20
2013.04.05 04:07:34.700,1.05442,1.05466,1.13,1.95
2013.04.05 04:07:35.398,1.05442,1.05466,1.50,1.95
2013.04.05 04:07:35.964,1.05441,1.05465,1.13,1.13
2013.04.05 04:07:40.311,1.05446,1.05466,1.13,1.58
2013.04.05 04:07:42.929,1.05447,1.05466,2.25,1.58
2013.04.05 04:07:44.640,1.05447,1.05468,2.25,1.58
2013.04.05 04:07:44.770,1.05449,1.05469,1.88,1.58
2013.04.05 04:07:45.898,1.0545,1.05472,1.13,1.58
2013.04.05 04:07:46.827,1.0545,1.05467,1.13,1.58
2013.04.05 04:07:47.007,1.05448,1.05471,1.50,1.58
2013.04.05 04:07:47.557,1.05448,1.05472,1.50,1.58
2013.04.05 04:07:47.656,1.0545,1.05472,2.25,1.58
2013.04.05 04:07:50.367,1.0545,1.05472,2.25,1.58
2013.04.05 04:07:53.099,1.05448,1.05472,3.00,1.58
2013.04.05 04:07:59.227,1.05449,1.05469,2.25,2.33
2013.04.05 04:08:05.960,1.0545,1.05469,1.13,2.33
2013.04.05 04:08:08.298,1.05452,1.05472,1.13,1.58
2013.04.05 04:08:11.807,1.05452,1.05472,1.13,1.58
2013.04.05 04:08:12.058,1.05448,1.05471,1.13,1.58
2013.04.05 04:08:14.177,1.05448,1.0547,1.13,1.20
2013.04.05 04:08:14.704,1.05448,1.05472,1.88,1.58
2013.04.05 04:08:17.466,1.05448,1.05472,1.88,1.58
2013.04.05 04:08:20.030,1.0545,1.05472,2.25,1.58
2013.04.05 04:08:21.138,1.05451,1.05472,1.50,1.58
2013.04.05 04:08:21.318,1.0546,1.05478,2.25,1.50
2013.04.05 04:08:21.377,1.0546,1.05479,2.25,1.50
2013.04.05 04:08:23.054,1.05461,1.05479,1.13,1.50
2013.04.05 04:08:25.199,1.05462,1.05481,2.25,1.50
2013.04.05 04:08:25.377,1.05462,1.05484,2.25,1.50
2013.04.05 04:08:30.547,1.05464,1.05485,2.25,1.50
2013.04.05 04:08:33.093,1.05465,1.05485,2.25,1.50
2013.04.05 04:08:42.776,1.05464,1.05485,2.25,1.50
2013.04.05 04:08:44.607,1.05464,1.05486,2.25,1.58
2013.04.05 04:08:45.287,1.05463,1.05485,2.25,1.50
2013.04.05 04:08:45.699,1.05463,1.05485,2.25,1.50
2013.04.05 04:08:50.882,1.05462,1.05484,2.25,1.50
2013.04.05 04:08:55.537,1.05464,1.05484,2.25,1.50
2013.04.05 04:08:57.318,1.05463,1.05484,2.25,1.50
2013.04.05 04:08:57.439,1.05465,1.05488,1.50,1.58
2013.04.05 04:08:58.258,1.05465,1.05488,1.50,1.58
2013.04.05 04:08:59.618,1.05468,1.05489,2.25,1.58
2013.04.05 04:09:00.164,1.05469,1.05493,1.50,1.20
2013.04.05 04:09:03.080,1.05471,1.05494,2.25,3.68
2013.04.05 04:09:04.687,1.05469,1.05492,1.88,1.20
2013.04.05 04:09:05.947,1.05469,1.05492,1.88,1.95
2013.04.05 04:09:06.369,1.05469,1.05489,1.88,1.43
2013.04.05 04:09:06.559,1.05466,1.05489,1.13,2.18
2013.04.05 04:09:10.422,1.05465,1.05489,1.50,3.30
2013.04.05 04:09:11.887,1.05465,1.05489,2.25,3.30
2013.04.05 04:09:12.159,1.05467,1.05489,2.25,2.93
2013.04.05 04:09:21.827,1.05466,1.05489,1.13,2.18
2013.04.05 04:09:32.638,1.05466,1.05489,3.00,1.58
2013.04.05 04:09:37.376,1.05466,1.05489,1.13,1.58
2013.04.05 04:09:41.004,1.05467,1.05489,2.25,1.58
2013.04.05 04:09:42.732,1.05467,1.05489,2.25,1.58
2013.04.05 04:09:44.179,1.05468,1.05489,2.25,1.58
2013.04.05 04:09:52.667,1.05469,1.05489,2.25,1.58
2013.04.05 04:10:00.606,1.05468,1.05489,1.13,1.58
2013.04.05 04:10:05.998,1.05469,1.05489,2.25,1.58
2013.04.05 04:10:06.529,1.05469,1.05491,2.25,1.58
2013.04.05 04:10:12.339,1.0547,1.05492,1.13,1.58
2013.04.05 04:10:13.557,1.05469,1.05492,2.25,1.58
2013.04.05 04:10:30.087,1.05467,1.05492,1.13,1.95
2013.04.05 04:10:38.013,1.0547,1.05492,1.13,2.18
2013.04.05 04:10:40.635,1.05469,1.05492,2.25,2.18
2013.04.05 04:10:46.958,1.05468,1.05489,1.13,1.58
2013.04.05 04:10:48.626,1.05465,1.05488,1.13,1.20
2013.04.05 04:10:50.684,1.05464,1.05487,1.13,1.20
2013.04.05 04:10:52.291,1.05466,1.05489,1.13,1.95
2013.04.05 04:10:56.936,1.05463,1.05488,1.88,1.20
2013.04.05 04:10:58.317,1.05463,1.05488,1.88,1.20
2013.04.05 04:10:59.128,1.05463,1.05487,1.88,1.58
2013.04.05 04:10:59.734,1.05465,1.05487,1.13,1.58
2013.04.05 04:11:02.784,1.05464,1.05487,1.13,1.58
2013.04.05 04:11:09.609,1.05465,1.05487,1.50,1.20
2013.04.05 04:11:10.783,1.05465,1.05488,1.88,2.70
2013.04.05 04:11:11.450,1.05465,1.05488,1.88,2.70
2013.04.05 04:11:14.936,1.05466,1.05488,1.13,1.95
2013.04.05 04:11:17.375,1.05465,1.05488,1.88,1.58
2013.04.05 04:11:18.365,1.05467,1.05488,1.43,1.58
2013.04.05 04:11:19.127,1.05465,1.05488,1.88,1.58
2013.04.05 04:11:33.918,1.05465,1.05485,1.50,1.13
2013.04.05 04:11:36.407,1.05463,1.05485,1.50,1.13
2013.04.05 04:11:36.587,1.0546,1.05483,1.88,1.13
2013.04.05 04:11:38.129,1.05458,1.0548,1.88,1.13
2013.04.05 04:11:38.260,1.05458,1.0548,1.13,1.13
2013.04.05 04:11:39.047,1.05457,1.05478,2.25,1.88
2013.04.05 04:11:39.337,1.05455,1.05477,1.13,1.13
2013.04.05 04:11:47.584,1.05455,1.05477,1.50,1.13
2013.04.05 04:11:48.168,1.05456,1.05478,1.13,1.13
2013.04.05 04:11:48.707,1.05457,1.05481,1.88,1.95
2013.04.05 04:11:59.857,1.05456,1.0548,1.88,1.13
2013.04.05 04:12:10.267,1.05457,1.0548,1.88,1.13
2013.04.05 04:12:12.687,1.05459,1.05482,1.13,3.38
2013.04.05 04:12:29.988,1.05458,1.05481,1.88,1.13
2013.04.05 04:12:32.597,1.05459,1.05484,1.13,2.63
2013.04.05 04:12:38.490,1.05458,1.05482,1.50,1.13
2013.04.05 04:12:39.410,1.05458,1.05484,1.50,2.63
2013.04.05 04:12:43.648,1.05459,1.05484,1.13,2.63
2013.04.05 04:12:44.300,1.0546,1.05484,1.13,1.88
2013.04.05 04:13:05.813,1.05459,1.05484,1.50,2.63
2013.04.05 04:13:10.717,1.05459,1.05483,1.50,1.13
2013.04.05 04:13:11.078,1.0546,1.05483,1.50,1.13
2013.04.05 04:13:13.288,1.0546,1.05484,1.88,1.88
2013.04.05 04:13:15.397,1.0546,1.05484,1.13,2.63
2013.04.05 04:13:15.457,1.05459,1.05483,1.50,1.13
2013.04.05 04:13:19.177,1.05459,1.05483,1.50,1.13
2013.04.05 04:13:23.237,1.05459,1.05483,1.88,1.13
2013.04.05 04:13:28.967,1.05461,1.05483,1.50,1.13
2013.04.05 04:13:31.348,1.05461,1.05484,1.50,1.13
2013.04.05 04:13:34.354,1.05461,1.05483,1.50,1.13
2013.04.05 04:13:41.987,1.0546,1.05485,1.50,1.13
2013.04.05 04:13:43.178,1.0546,1.05486,1.88,1.13
2013.04.05 04:13:44.127,1.0546,1.05484,1.88,1.50
2013.04.05 04:13:44.753,1.0546,1.05483,1.50,1.88
2013.04.05 04:13:48.043,1.05459,1.05482,1.50,1.13
2013.04.05 04:13:48.347,1.05456,1.05479,1.50,1.13
2013.04.05 04:13:48.592,1.05457,1.05482,1.13,1.13
2013.04.05 04:13:52.918,1.05457,1.0548,1.13,1.50
2013.04.05 04:13:54.668,1.05456,1.05481,1.88,1.13
2013.04.05 04:13:54.727,1.05457,1.05482,1.88,1.13
2013.04.05 04:14:01.298,1.05459,1.05483,1.88,1.50
2013.04.05 04:14:01.945,1.0546,1.05484,1.13,1.13
2013.04.05 04:14:02.608,1.05461,1.05484,1.88,1.13
2013.04.05 04:14:04.117,1.05462,1.05485,1.50,1.13
2013.04.05 04:14:04.598,1.05467,1.05488,1.50,1.58
2013.04.05 04:14:08.308,1.05467,1.05489,2.33,1.02
2013.04.05 04:14:08.847,1.05468,1.05493,1.13,1.20
2013.04.05 04:14:09.374,1.05468,1.05492,1.13,1.58
2013.04.05 04:14:16.498,1.0547,1.05493,1.50,1.95
2013.04.05 04:14:16.677,1.05468,1.05493,1.50,1.95
2013.04.05 04:14:22.616,1.0547,1.05494,1.88,1.95
2013.04.05 04:14:23.528,1.05468,1.05493,1.50,1.20
2013.04.05 04:14:26.077,1.0547,1.05494,1.50,1.95
2013.04.05 04:14:31.118,1.0547,1.05493,1.13,1.20
2013.04.05 04:14:37.438,1.05469,1.05492,1.13,2.18
2013.04.05 04:14:38.688,1.05468,1.05492,1.13,1.80
2013.04.05 04:14:45.860,1.0547,1.05491,1.50,1.20
2013.04.05 04:14:46.881,1.05467,1.0549,2.33,1.20
2013.04.05 04:14:47.119,1.0547,1.05491,1.50,1.95
2013.04.05 04:14:50.476,1.05472,1.05494,1.13,1.20
2013.04.05 04:14:50.789,1.05473,1.05494,1.13,4.05
2013.04.05 04:14:53.198,1.05472,1.05493,3.00,1.43
2013.04.05 04:14:53.739,1.05471,1.05492,1.50,2.18
2013.04.05 04:15:03.111,1.05472,1.05494,2.25,1.50
2013.04.05 04:15:03.700,1.05473,1.05494,3.00,1.50
2013.04.05 04:15:05.408,1.05475,1.05494,1.13,1.50
2013.04.05 04:15:06.843,1.05476,1.05496,1.13,1.50
2013.04.05 04:15:16.079,1.05478,1.05496,1.13,1.50
2013.04.05 04:15:16.318,1.05479,1.05501,1.13,1.50
2013.04.05 04:15:16.499,1.05481,1.05501,1.13,1.50
2013.04.05 04:15:16.838,1.05483,1.05501,2.25,1.50
2013.04.05 04:15:18.367,1.05482,1.05501,2.25,1.50
2013.04.05 04:15:24.658,1.05481,1.05501,1.13,1.50
2013.04.05 04:15:24.779,1.05481,1.05503,1.13,1.13
2013.04.05 04:15:26.861,1.05481,1.05504,1.88,1.13
2013.04.05 04:15:27.228,1.05486,1.05504,1.13,1.13
2013.04.05 04:15:28.357,1.05486,1.05504,1.88,1.13
2013.04.05 04:15:28.899,1.05487,1.05504,2.25,1.88
2013.04.05 04:15:32.591,1.05488,1.05504,2.25,1.13
2013.04.05 04:15:34.138,1.0549,1.05504,2.25,1.13
2013.04.05 04:15:34.689,1.05488,1.05503,2.25,1.13
2013.04.05 04:15:34.749,1.05486,1.05503,1.50,1.13
2013.04.05 04:15:35.428,1.05484,1.05503,1.13,1.50
2013.04.05 04:15:39.553,1.05483,1.05503,2.25,1.13
2013.04.05 04:15:39.855,1.05482,1.05503,1.50,1.13
2013.04.05 04:15:49.345,1.05482,1.05503,1.50,1.50
2013.04.05 04:15:50.859,1.05479,1.05504,1.88,1.50
2013.04.05 04:15:53.283,1.05479,1.05503,1.88,1.88
2013.04.05 04:15:54.951,1.05479,1.05502,1.50,1.13
2013.04.05 04:16:03.118,1.05479,1.05503,1.50,1.13
2013.04.05 04:16:15.595,1.05478,1.05503,1.13,1.13
2013.04.05 04:16:18.388,1.05478,1.05503,1.88,1.50
2013.04.05 04:16:19.919,1.05481,1.05503,1.50,1.13
2013.04.05 04:16:28.852,1.0548,1.05503,1.88,1.50
2013.04.05 04:16:29.730,1.05487,1.05507,1.13,1.13
2013.04.05 04:16:30.659,1.05487,1.05509,1.13,1.58
2013.04.05 04:16:31.397,1.05487,1.05509,1.13,1.58
2013.04.05 04:16:31.979,1.05489,1.05506,1.13,1.20
2013.04.05 04:16:32.509,1.05489,1.05507,1.13,1.05
2013.04.05 04:16:33.488,1.05491,1.05507,1.13,1.05
2013.04.05 04:16:34.218,1.05491,1.05507,1.13,1.05
2013.04.05 04:16:39.180,1.05489,1.05509,1.95,1.58
2013.04.05 04:16:39.479,1.05488,1.05509,1.13,1.58
2013.04.05 04:16:40.729,1.05487,1.05509,1.13,1.58
2013.04.05 04:16:47.359,1.05488,1.05509,1.13,1.58
2013.04.05 04:16:48.859,1.05487,1.05509,1.13,1.58
2013.04.05 04:16:50.898,1.05487,1.05512,1.13,1.58
2013.04.05 04:16:51.609,1.05487,1.05507,1.13,1.20
2013.04.05 04:16:52.318,1.05488,1.05512,1.13,1.73
2013.04.05 04:16:56.611,1.05487,1.05512,1.13,1.73
2013.04.05 04:16:56.831,1.05487,1.05512,1.88,1.73
2013.04.05 04:16:57.378,1.05488,1.05512,1.50,1.35
2013.04.05 04:16:57.919,1.05488,1.05512,1.50,1.73
2013.04.05 04:17:08.110,1.0549,1.05513,1.13,1.73
2013.04.05 04:17:11.133,1.0549,1.05513,1.13,1.73
2013.04.05 04:17:12.899,1.0549,1.05513,1.13,2.10
2013.04.05 04:17:13.969,1.0549,1.05513,1.13,1.13
2013.04.05 04:17:15.809,1.05489,1.05513,1.88,1.50
2013.04.05 04:17:17.780,1.0549,1.05513,1.13,1.13
2013.04.05 04:17:18.979,1.05492,1.05517,1.50,2.03
2013.04.05 04:17:22.829,1.05492,1.05517,2.25,1.50
2013.04.05 04:17:22.892,1.05497,1.05518,1.50,2.25
2013.04.05 04:17:25.253,1.05497,1.05518,1.88,1.13
2013.04.05 04:17:25.498,1.05499,1.05519,2.25,1.13
2013.04.05 04:17:25.799,1.05502,1.05524,2.25,1.13
2013.04.05 04:17:25.979,1.05504,1.05524,2.25,1.13
2013.04.05 04:17:26.720,1.05504,1.05528,3.00,1.65
2013.04.05 04:17:27.039,1.05504,1.05524,1.50,1.13
2013.04.05 04:17:35.071,1.05502,1.05525,1.13,1.13
2013.04.05 04:17:35.846,1.05504,1.05526,1.13,1.50
2013.04.05 04:17:35.921,1.05504,1.05528,1.13,1.20
2013.04.05 04:17:36.048,1.05506,1.05529,1.13,1.58
2013.04.05 04:17:38.640,1.05503,1.05529,1.13,1.95
2013.04.05 04:17:38.761,1.05502,1.05528,1.50,1.95
2013.04.05 04:17:38.830,1.05502,1.05528,1.50,1.20
2013.04.05 04:17:39.189,1.05498,1.05523,1.50,1.88
2013.04.05 04:17:39.739,1.05497,1.05523,3.38,1.88
2013.04.05 04:17:40.110,1.05501,1.05523,1.50,1.88
2013.04.05 04:17:40.411,1.05504,1.05527,1.50,1.20
2013.04.05 04:17:40.959,1.05505,1.05528,1.13,1.58
2013.04.05 04:17:41.380,1.05505,1.0553,1.13,1.20
2013.04.05 04:17:41.978,1.05506,1.05529,1.13,1.20
2013.04.05 04:17:44.395,1.05504,1.05529,1.88,1.95
2013.04.05 04:17:45.090,1.05503,1.05528,1.13,1.95
2013.04.05 04:17:45.579,1.05507,1.05529,2.25,1.20
2013.04.05 04:17:52.370,1.05511,1.05534,1.35,1.58
2013.04.05 04:17:53.058,1.05511,1.05534,1.35,1.58
2013.04.05 04:17:54.209,1.05517,1.05535,1.17,1.50
2013.04.05 04:17:54.269,1.0552,1.05535,2.10,1.50
2013.04.05 04:17:54.329,1.0552,1.05542,2.10,1.13
2013.04.05 04:17:54.868,1.0552,1.05545,1.13,1.13
2013.04.05 04:17:56.390,1.05522,1.05547,1.13,1.20
2013.04.05 04:17:56.750,1.05526,1.05551,1.88,1.20
2013.04.05 04:17:57.109,1.05524,1.05548,1.13,2.40
2013.04.05 04:17:58.099,1.05524,1.05547,1.13,1.20
2013.04.05 04:18:01.309,1.05522,1.05546,1.88,1.20
2013.04.05 04:18:01.873,1.05522,1.05545,1.13,1.50
2013.04.05 04:18:02.068,1.05521,1.05545,1.88,1.50
2013.04.05 04:18:06.781,1.05521,1.05542,1.50,1.13
2013.04.05 04:18:10.098,1.05521,1.05544,1.50,1.88
2013.04.05 04:18:10.388,1.05521,1.05542,1.50,1.13
2013.04.05 04:18:21.132,1.05519,1.05541,1.50,1.88
2013.04.05 04:18:22.979,1.05516,1.05537,1.50,1.88
2013.04.05 04:18:23.159,1.05514,1.05537,1.50,1.88
2013.04.05 04:18:24.356,1.05514,1.05537,1.50,1.88
2013.04.05 04:18:25.489,1.05514,1.05534,1.50,1.13
2013.04.05 04:18:30.560,1.05513,1.05538,1.13,1.88
2013.04.05 04:18:31.629,1.05517,1.05538,1.50,1.88
2013.04.05 04:18:33.330,1.05517,1.05538,1.50,1.13
2013.04.05 04:18:34.589,1.05516,1.05538,1.50,1.13
2013.04.05 04:18:38.371,1.05522,1.05546,1.35,1.20
2013.04.05 04:18:38.678,1.05519,1.05543,1.13,1.88
2013.04.05 04:18:40.198,1.05517,1.05541,1.50,1.13
2013.04.05 04:18:47.210,1.05521,1.05543,1.50,1.13
2013.04.05 04:18:48.782,1.05517,1.05542,2.25,1.13
2013.04.05 04:18:50.729,1.05519,1.05544,1.13,1.88
2013.04.05 04:18:50.944,1.05521,1.05544,1.50,1.13
2013.04.05 04:18:51.370,1.05518,1.05543,1.88,1.88
2013.04.05 04:18:52.162,1.05518,1.05543,1.88,1.13
2013.04.05 04:18:56.299,1.05518,1.05543,1.88,1.13
2013.04.05 04:18:56.659,1.05524,1.05544,1.50,1.50
2013.04.05 04:18:56.840,1.05523,1.05547,1.50,2.33
2013.04.05 04:18:56.960,1.05523,1.05547,1.88,1.95
2013.04.05 04:18:57.330,1.05523,1.05547,2.63,1.95
2013.04.05 04:19:00.180,1.05527,1.05547,1.88,1.20
2013.04.05 04:19:00.730,1.05528,1.05553,1.13,1.95
2013.04.05 04:19:00.851,1.05527,1.05549,1.50,1.58
2013.04.05 04:19:05.189,1.05527,1.05548,1.50,1.20
2013.04.05 04:19:05.310,1.05527,1.05553,3.00,1.95
2013.04.05 04:19:05.841,1.05527,1.05552,3.00,1.20
2013.04.05 04:19:06.402,1.05527,1.05552,2.25,1.20
2013.04.05 04:19:08.099,1.05529,1.05552,1.88,1.20
2013.04.05 04:19:08.679,1.05527,1.0555,1.50,1.20
2013.04.05 04:19:10.795,1.05527,1.05551,1.50,1.20
2013.04.05 04:19:11.051,1.05536,1.05556,1.50,2.40
2013.04.05 04:19:15.349,1.05536,1.05556,2.25,2.25
2013.04.05 04:19:15.937,1.05536,1.05557,2.63,1.65
2013.04.05 04:19:17.869,1.05536,1.05557,2.63,1.65
2013.04.05 04:19:18.309,1.05536,1.05557,2.63,1.65
2013.04.05 04:19:20.616,1.05538,1.05556,1.50,1.50
2013.04.05 04:19:22.098,1.05537,1.05561,1.50,2.03
2013.04.05 04:19:28.089,1.05541,1.05564,2.10,2.40
2013.04.05 04:19:28.209,1.05545,1.05566,1.50,2.70
2013.04.05 04:19:28.269,1.05545,1.05568,1.88,1.20
2013.04.05 04:19:28.631,1.05545,1.05568,1.88,1.20
2013.04.05 04:19:29.866,1.05545,1.05568,1.13,1.20
2013.04.05 04:19:30.431,1.05545,1.05568,1.13,1.20
2013.04.05 04:19:33.055,1.05543,1.05567,1.13,1.20
2013.04.05 04:19:33.419,1.05544,1.05568,1.13,2.40
2013.04.05 04:19:35.279,1.05546,1.05568,1.13,2.40
2013.04.05 04:19:35.639,1.05548,1.0557,1.13,1.58
2013.04.05 04:19:40.042,1.05546,1.05568,1.58,1.20
2013.04.05 04:19:48.888,1.05546,1.05568,1.58,1.20
2013.04.05 04:19:56.092,1.05545,1.05568,1.13,1.20
2013.04.05 04:19:56.788,1.05545,1.05568,1.13,1.20
2013.04.05 04:19:57.119,1.05541,1.05562,1.13,1.35
2013.04.05 04:19:57.669,1.05539,1.05561,1.58,1.88
2013.04.05 04:20:01.119,1.05542,1.05561,1.50,1.13
2013.04.05 04:20:01.621,1.05542,1.05563,1.50,1.13
2013.04.05 04:20:04.837,1.05541,1.05563,1.50,1.13
2013.04.05 04:20:05.938,1.05539,1.05561,1.58,1.13
2013.04.05 04:20:08.290,1.05542,1.05562,1.50,1.13
2013.04.05 04:20:09.846,1.05542,1.05562,1.50,1.13
2013.04.05 04:20:10.969,1.05542,1.05564,1.50,1.50
2013.04.05 04:20:12.988,1.05542,1.05562,1.50,1.13
2013.04.05 04:20:17.031,1.05542,1.05564,1.50,1.50
2013.04.05 04:20:17.901,1.05542,1.05565,1.50,1.13
2013.04.05 04:20:18.892,1.05543,1.05565,1.50,1.13
2013.04.05 04:20:22.368,1.05543,1.05566,1.50,1.13
2013.04.05 04:20:22.919,1.05543,1.05566,1.50,1.88
2013.04.05 04:20:24.449,1.05543,1.05567,1.50,1.20
2013.04.05 04:20:26.240,1.05547,1.05566,1.50,1.13
2013.04.05 04:20:30.570,1.05547,1.05566,1.50,1.13
2013.04.05 04:20:36.208,1.05544,1.05567,1.13,1.20
2013.04.05 04:20:36.959,1.05545,1.05569,1.50,2.70
2013.04.05 04:20:46.969,1.05545,1.05566,1.50,1.13
2013.04.05 04:20:50.061,1.05545,1.05566,1.50,1.13
2013.04.05 04:20:51.789,1.05547,1.05567,1.50,1.20
2013.04.05 04:20:59.589,1.05549,1.0557,1.50,1.20
2013.04.05 04:20:59.929,1.05551,1.05571,1.50,1.20
2013.04.05 04:21:00.231,1.05553,1.05575,1.13,1.58
2013.04.05 04:21:00.301,1.05553,1.05575,1.13,1.50
2013.04.05 04:21:00.359,1.05553,1.05575,1.13,1.50
2013.04.05 04:21:00.479,1.05553,1.05578,1.88,1.50
2013.04.05 04:21:00.668,1.05553,1.05578,1.88,1.50
2013.04.05 04:21:05.129,1.05555,1.05579,1.13,3.00
2013.04.05 04:21:05.736,1.05555,1.05579,1.13,3.00
2013.04.05 04:21:05.988,1.05555,1.05579,1.13,2.63
2013.04.05 04:21:06.410,1.05557,1.0558,1.50,1.88
2013.04.05 04:21:07.262,1.0556,1.05583,1.13,1.13
2013.04.05 04:21:07.389,1.05562,1.05586,1.88,1.50
2013.04.05 04:21:07.510,1.05565,1.05588,1.13,1.95
2013.04.05 04:21:07.629,1.05565,1.05588,1.13,1.95
2013.04.05 04:21:07.749,1.05564,1.05587,1.50,1.20
2013.04.05 04:21:07.870,1.05565,1.05588,1.50,2.70
2013.04.05 04:21:08.470,1.05565,1.05588,1.88,1.58
2013.04.05 04:21:08.980,1.05565,1.05588,1.88,1.58
2013.04.05 04:21:09.518,1.05566,1.05588,1.13,1.95
2013.04.05 04:21:10.508,1.05565,1.05587,1.73,1.20
2013.04.05 04:21:11.259,1.05565,1.05588,2.10,1.95
2013.04.05 04:21:11.439,1.05566,1.05588,1.50,1.20
2013.04.05 04:21:13.800,1.0557,1.05593,1.50,1.20
2013.04.05 04:21:14.110,1.05572,1.05594,1.50,1.20
2013.04.05 04:21:15.602,1.05572,1.05593,1.50,1.20
2013.04.05 04:21:28.944,1.05572,1.05593,1.50,1.88
2013.04.05 04:21:29.013,1.05572,1.05596,1.88,1.13
2013.04.05 04:21:29.149,1.05573,1.05597,2.25,2.63
2013.04.05 04:21:29.389,1.05576,1.05599,1.13,1.50
2013.04.05 04:21:29.449,1.05576,1.05599,1.88,1.50
2013.04.05 04:21:29.840,1.0558,1.05603,1.95,1.13
2013.04.05 04:21:29.899,1.0558,1.05604,2.70,1.13
2013.04.05 04:21:35.599,1.0558,1.05605,2.70,1.13
2013.04.05 04:21:38.722,1.05583,1.05607,1.13,1.28
2013.04.05 04:21:38.891,1.05583,1.05606,1.13,1.13
2013.04.05 04:21:39.570,1.05583,1.05607,1.50,1.65
2013.04.05 04:21:39.750,1.05583,1.05608,3.08,1.73
2013.04.05 04:21:41.323,1.05587,1.0561,1.13,1.73
2013.04.05 04:21:42.971,1.05584,1.05607,2.25,1.73
2013.04.05 04:21:43.221,1.05583,1.05605,1.50,1.13
2013.04.05 04:21:43.411,1.05584,1.05607,2.25,1.73
2013.04.05 04:21:43.480,1.05583,1.05607,1.50,2.10
2013.04.05 04:21:43.539,1.05583,1.05607,1.50,2.10
2013.04.05 04:21:43.840,1.05586,1.05607,1.50,1.73
2013.04.05 04:21:44.201,1.05591,1.05607,1.50,1.73
2013.04.05 04:21:44.559,1.05596,1.05615,1.50,1.80
2013.04.05 04:21:45.219,1.05598,1.05615,1.13,1.80
2013.04.05 04:21:45.800,1.05598,1.05615,1.13,1.73
2013.04.05 04:21:46.420,1.05598,1.05615,1.13,1.73
2013.04.05 04:21:46.639,1.05594,1.05613,1.13,1.73
2013.04.05 04:21:47.721,1.05592,1.05613,1.50,1.73
2013.04.05 04:21:55.718,1.05588,1.0561,1.50,1.35
2013.04.05 04:21:55.839,1.05586,1.05609,1.50,1.35
2013.04.05 04:21:56.899,1.05585,1.05608,1.13,1.35
2013.04.05 04:21:59.108,1.05584,1.05608,1.13,1.35
2013.04.05 04:21:59.692,1.05584,1.05608,1.13,2.10
2013.04.05 04:22:06.010,1.05587,1.05609,1.13,1.73
2013.04.05 04:22:06.349,1.05587,1.0561,1.88,1.73
2013.04.05 04:22:06.952,1.05592,1.05612,1.13,1.05
2013.04.05 04:22:07.498,1.05592,1.05613,1.13,1.73
2013.04.05 04:22:09.940,1.0559,1.05613,1.13,2.48
2013.04.05 04:22:10.250,1.05588,1.05611,1.13,1.35
2013.04.05 04:22:10.751,1.05587,1.05609,1.13,1.73
2013.04.05 04:22:11.160,1.05588,1.05611,1.13,2.10
2013.04.05 04:22:11.779,1.05591,1.05614,1.13,2.10
2013.04.05 04:22:12.250,1.05593,1.05614,1.13,1.73
2013.04.05 04:22:12.551,1.05596,1.05618,1.50,1.13
2013.04.05 04:22:13.152,1.05597,1.05618,1.50,1.13
2013.04.05 04:22:13.700,1.05598,1.05622,1.88,1.88
2013.04.05 04:22:13.869,1.05598,1.05622,1.88,1.88
2013.04.05 04:22:14.076,1.05598,1.05622,1.88,1.88
2013.04.05 04:22:14.771,1.05596,1.05619,1.88,1.13
2013.04.05 04:22:14.829,1.05594,1.05618,1.13,1.50
2013.04.05 04:22:15.248,1.05597,1.05618,1.50,1.50
2013.04.05 04:22:15.370,1.05596,1.05618,1.13,1.50
2013.04.05 04:22:15.548,1.05594,1.05617,1.13,1.13
2013.04.05 04:22:16.056,1.05594,1.05617,1.88,1.13
2013.04.05 04:22:16.361,1.05597,1.05622,2.63,1.13
2013.04.05 04:22:16.819,1.05598,1.05622,1.58,1.13
2013.04.05 04:22:17.166,1.05601,1.05622,2.25,1.13
2013.04.05 04:22:18.148,1.05603,1.05622,1.50,1.13
2013.04.05 04:22:18.208,1.05603,1.05627,1.50,1.20
2013.04.05 04:22:18.630,1.05603,1.05628,2.63,1.95
2013.04.05 04:22:20.431,1.05605,1.05628,1.13,1.20
2013.04.05 04:22:20.959,1.05605,1.05628,1.13,1.20
2013.04.05 04:22:24.411,1.05605,1.0563,1.13,1.95
2013.04.05 04:22:24.589,1.05605,1.05628,1.50,1.58
2013.04.05 04:22:25.800,1.05602,1.05628,2.07,1.95
2013.04.05 04:22:26.589,1.05605,1.05628,1.50,1.20
2013.04.05 04:22:27.670,1.05612,1.05635,1.13,1.58
2013.04.05 04:22:27.969,1.05613,1.05635,1.13,1.50
2013.04.05 04:22:28.559,1.05613,1.05635,1.13,1.58
2013.04.05 04:22:29.889,1.05616,1.05637,1.13,1.50
2013.04.05 04:22:30.019,1.05616,1.05637,1.13,2.33
2013.04.05 04:22:30.379,1.05614,1.05628,1.13,1.50
2013.04.05 04:22:31.172,1.05614,1.05628,1.88,1.50
2013.04.05 04:22:32.040,1.05612,1.05635,1.95,1.50
2013.04.05 04:22:34.273,1.05613,1.05633,1.13,1.58
2013.04.05 04:22:34.790,1.05613,1.0563,1.13,1.50
2013.04.05 04:22:38.150,1.05608,1.0563,1.13,1.50
2013.04.05 04:22:38.698,1.05605,1.05629,1.13,1.50
2013.04.05 04:22:39.060,1.05605,1.05628,1.13,1.58
2013.04.05 04:22:40.681,1.056,1.05624,1.88,1.13
2013.04.05 04:22:40.810,1.056,1.05623,1.13,2.70
2013.04.05 04:22:43.321,1.05599,1.05624,1.13,1.88
2013.04.05 04:22:44.640,1.05599,1.05624,1.13,1.88
2013.04.05 04:22:45.191,1.05601,1.05624,1.50,1.13
2013.04.05 04:22:47.260,1.05601,1.05624,1.13,1.13
2013.04.05 04:22:47.619,1.05601,1.05621,1.13,1.50
2013.04.05 04:22:48.289,1.05601,1.05625,1.50,1.13
2013.04.05 04:22:48.949,1.05605,1.05629,1.50,1.13
2013.04.05 04:22:49.069,1.05607,1.05629,1.58,1.13
2013.04.05 04:22:49.500,1.05607,1.05625,1.50,1.13
2013.04.05 04:22:54.579,1.05601,1.05626,1.13,1.88
2013.04.05 04:22:58.651,1.05603,1.05626,1.50,2.25
2013.04.05 04:23:01.973,1.05603,1.05625,1.50,2.25
2013.04.05 04:23:04.871,1.05602,1.05625,1.50,2.25
2013.04.05 04:23:06.643,1.05603,1.05624,1.50,1.13
2013.04.05 04:23:07.810,1.05602,1.05623,1.50,2.25
2013.04.05 04:23:09.008,1.05602,1.05626,1.50,2.25
2013.04.05 04:23:09.560,1.05607,1.05626,1.50,2.25
2013.04.05 04:23:09.799,1.0561,1.05633,1.13,1.13
2013.04.05 04:23:10.339,1.0561,1.05634,1.88,1.13
2013.04.05 04:23:10.540,1.0561,1.05632,1.50,1.13
2013.04.05 04:23:11.020,1.05608,1.05632,1.13,1.13
2013.04.05 04:23:11.729,1.05607,1.0563,1.50,1.13
2013.04.05 04:23:13.110,1.05606,1.05629,1.13,1.13
2013.04.05 04:23:14.620,1.05603,1.05628,1.13,1.13
2013.04.05 04:23:14.680,1.05602,1.05624,2.25,1.13
2013.04.05 04:23:15.581,1.05602,1.05621,2.25,1.13
2013.04.05 04:23:15.760,1.05597,1.05621,1.88,1.88
2013.04.05 04:23:17.003,1.05593,1.05615,4.50,1.13
2013.04.05 04:23:17.829,1.05599,1.05616,1.50,3.00
2013.04.05 04:23:18.392,1.05599,1.05616,1.50,1.50
2013.04.05 04:23:20.679,1.05599,1.0562,1.50,3.00
2013.04.05 04:23:23.910,1.05601,1.05622,1.50,1.13
2013.04.05 04:23:24.872,1.05601,1.0562,1.50,1.13
2013.04.05 04:23:26.513,1.05596,1.05618,1.50,2.25
2013.04.05 04:23:32.189,1.05595,1.05614,3.00,1.13
2013.04.05 04:23:32.488,1.05595,1.05618,3.00,2.25
2013.04.05 04:23:33.171,1.05595,1.05619,3.00,2.25
2013.04.05 04:23:35.810,1.05595,1.05616,1.50,1.13
2013.04.05 04:23:37.598,1.05595,1.05616,1.50,1.13
2013.04.05 04:23:37.659,1.05595,1.05621,2.63,1.13
2013.04.05 04:23:38.726,1.056,1.05623,1.50,1.13
2013.04.05 04:23:39.459,1.056,1.05624,1.88,1.13
2013.04.05 04:23:40.640,1.056,1.05622,1.50,1.13
2013.04.05 04:23:43.480,1.056,1.05621,1.50,1.13
2013.04.05 04:23:43.631,1.05595,1.05621,3.38,1.13
2013.04.05 04:23:43.700,1.05596,1.05618,1.50,1.13
2013.04.05 04:23:44.103,1.05594,1.05615,1.50,1.13
2013.04.05 04:23:44.369,1.05594,1.0561,1.50,1.13
2013.04.05 04:23:44.492,1.0559,1.05606,1.50,2.25
2013.04.05 04:23:44.681,1.05587,1.05609,1.50,1.13
2013.04.05 04:23:45.219,1.05586,1.05607,1.50,2.25
2013.04.05 04:23:47.267,1.05586,1.05606,1.50,2.25
2013.04.05 04:23:47.630,1.05586,1.05608,1.50,2.25
2013.04.05 04:23:48.328,1.05587,1.05608,1.50,2.25
2013.04.05 04:23:48.510,1.05583,1.05604,3.38,1.13
2013.04.05 04:23:49.681,1.0558,1.05603,1.88,2.25
2013.04.05 04:23:49.750,1.0558,1.05601,1.88,2.25
2013.04.05 04:23:49.811,1.0558,1.05603,1.13,2.25
2013.04.05 04:23:50.811,1.05581,1.05601,1.88,1.13
2013.04.05 04:23:52.409,1.05586,1.05601,1.35,1.13
2013.04.05 04:23:52.479,1.05592,1.05607,1.50,1.13
2013.04.05 04:23:52.599,1.0559,1.05608,1.13,2.25
2013.04.05 04:23:52.780,1.05587,1.05608,1.13,2.25
2013.04.05 04:23:52.900,1.05584,1.05608,1.50,2.25
2013.04.05 04:23:52.959,1.05585,1.05605,1.50,1.13
2013.04.05 04:23:53.319,1.05588,1.05608,1.50,1.13
2013.04.05 04:23:53.650,1.05592,1.0561,1.50,2.25
2013.04.05 04:23:53.829,1.05591,1.0561,1.13,2.25
2013.04.05 04:23:55.121,1.05586,1.0561,1.13,2.25
2013.04.05 04:23:55.480,1.05583,1.05605,1.50,1.13
2013.04.05 04:23:56.600,1.05582,1.05605,1.50,1.13
2013.04.05 04:23:56.960,1.0558,1.05603,1.50,1.13
2013.04.05 04:23:57.370,1.0558,1.05601,1.50,1.13
2013.04.05 04:24:00.691,1.05577,1.05601,1.50,1.13
2013.04.05 04:24:00.750,1.05577,1.05599,1.50,2.25
2013.04.05 04:24:01.108,1.05573,1.05595,1.50,2.25
2013.04.05 04:24:01.862,1.05573,1.05595,1.50,2.25
2013.04.05 04:24:03.169,1.05573,1.05593,1.50,1.13
2013.04.05 04:24:06.050,1.05573,1.05593,1.50,1.13
2013.04.05 04:24:06.415,1.05575,1.05593,1.35,1.13
2013.04.05 04:24:06.489,1.05575,1.05596,1.35,1.13
2013.04.05 04:24:06.851,1.05577,1.05596,1.50,1.13
2013.04.05 04:24:06.971,1.05577,1.05601,1.50,2.25
2013.04.05 04:24:07.819,1.05577,1.05601,1.50,2.25
2013.04.05 04:24:08.789,1.05577,1.05601,1.50,2.25
2013.04.05 04:24:13.481,1.05578,1.056,1.50,1.13
2013.04.05 04:24:14.539,1.05578,1.05598,1.50,1.13
2013.04.05 04:24:15.798,1.05577,1.05597,1.50,2.25
2013.04.05 04:24:16.419,1.05573,1.05593,1.69,1.13
2013.04.05 04:24:16.900,1.05577,1.05598,1.35,2.25
2013.04.05 04:24:19.673,1.05577,1.05597,1.35,1.13
2013.04.05 04:24:20.019,1.05574,1.05595,1.54,1.13
2013.04.05 04:24:20.440,1.05569,1.05592,1.69,2.25
2013.04.05 04:24:23.450,1.05568,1.05589,1.50,1.13
2013.04.05 04:24:24.283,1.05568,1.05591,1.88,1.13
2013.04.05 04:24:24.783,1.05568,1.05591,1.88,1.13
2013.04.05 04:24:24.970,1.0557,1.05595,1.50,2.25
2013.04.05 04:24:26.790,1.05573,1.056,1.88,2.25
2013.04.05 04:24:26.911,1.05573,1.05596,1.50,2.25
2013.04.05 04:24:27.151,1.05572,1.05593,1.13,1.13
2013.04.05 04:24:27.220,1.05569,1.0559,1.50,1.13
2013.04.05 04:24:27.580,1.05568,1.05588,1.50,1.13
2013.04.05 04:24:32.101,1.05566,1.05587,1.50,1.13
2013.04.05 04:24:36.522,1.05566,1.05588,1.50,1.13
2013.04.05 04:24:40.350,1.05567,1.05588,1.50,1.13
2013.04.05 04:24:40.469,1.05567,1.05585,1.50,1.13
2013.04.05 04:24:47.270,1.05564,1.05587,2.25,1.13
2013.04.05 04:24:48.477,1.05563,1.05585,1.50,1.13
2013.04.05 04:24:49.774,1.05556,1.0558,1.13,1.13
2013.04.05 04:24:50.369,1.05556,1.0558,1.13,1.13
2013.04.05 04:24:50.490,1.05556,1.05582,1.13,1.13
2013.04.05 04:24:50.939,1.05558,1.05578,1.50,1.13
2013.04.05 04:24:51.478,1.05557,1.0558,1.50,1.13
2013.04.05 04:24:55.529,1.05557,1.0558,1.50,1.88
2013.04.05 04:24:56.869,1.05557,1.0558,1.13,1.13
2013.04.05 04:24:59.740,1.05558,1.05584,2.25,1.13
2013.04.05 04:25:03.459,1.05559,1.05585,1.88,1.13
2013.04.05 04:25:03.969,1.05558,1.05584,1.88,1.13
2013.04.05 04:25:04.501,1.05561,1.05585,1.13,1.13
2013.04.05 04:25:04.857,1.05561,1.05585,1.13,1.13
2013.04.05 04:25:04.920,1.05557,1.05583,1.88,1.13
2013.04.05 04:25:05.350,1.05558,1.05585,1.13,1.13
2013.04.05 04:25:05.710,1.05563,1.05588,1.13,1.88
2013.04.05 04:25:06.891,1.05565,1.05589,1.13,1.13
2013.04.05 04:25:08.229,1.05564,1.05589,1.13,1.13
2013.04.05 04:25:15.269,1.05566,1.0559,1.13,1.88
2013.04.05 04:25:17.007,1.05566,1.05593,1.13,1.88
2013.04.05 04:25:20.269,1.05567,1.05592,1.13,1.13
2013.04.05 04:25:21.325,1.05567,1.05592,1.88,1.13
2013.04.05 04:25:21.569,1.05568,1.05592,1.50,1.13
2013.04.05 04:25:22.000,1.05568,1.05594,1.50,1.13
2013.04.05 04:25:22.120,1.05568,1.05594,1.50,1.13
2013.04.05 04:25:23.390,1.05572,1.05597,1.13,1.13
2013.04.05 04:25:24.949,1.05573,1.05598,1.13,1.13
2013.04.05 04:25:30.369,1.05573,1.05598,1.13,1.13
2013.04.05 04:25:30.880,1.05573,1.05597,1.13,1.13
2013.04.05 04:25:34.851,1.05574,1.05598,1.13,1.88
2013.04.05 04:25:35.359,1.05577,1.056,1.88,1.13
2013.04.05 04:25:35.660,1.05579,1.05604,1.13,2.63
2013.04.05 04:25:37.839,1.05579,1.05604,1.13,1.13
2013.04.05 04:25:41.233,1.05579,1.05604,1.13,1.13
2013.04.05 04:25:45.417,1.05578,1.05605,1.88,1.13
2013.04.05 04:25:47.059,1.05578,1.05604,1.88,3.38
2013.04.05 04:25:47.725,1.05576,1.05598,1.50,1.13
2013.04.05 04:25:47.921,1.05568,1.05592,4.50,1.13
2013.04.05 04:25:47.980,1.05567,1.0559,5.25,2.25
2013.04.05 04:25:48.969,1.05568,1.0559,1.20,2.25
2013.04.05 04:25:49.369,1.05568,1.0559,1.58,2.25
2013.04.05 04:25:55.471,1.05564,1.05586,2.25,1.13
2013.04.05 04:25:55.651,1.05564,1.05585,2.25,2.25
2013.04.05 04:25:55.839,1.05564,1.05585,1.50,2.25
2013.04.05 04:25:56.272,1.05562,1.05586,1.13,1.13
2013.04.05 04:25:56.791,1.05562,1.05586,1.50,1.13
2013.04.05 04:25:58.880,1.05562,1.05586,1.50,1.13
2013.04.05 04:26:00.012,1.05562,1.05585,1.13,2.25
2013.04.05 04:26:07.039,1.0556,1.05585,1.13,2.25
2013.04.05 04:26:08.610,1.0556,1.05585,1.13,2.25
2013.04.05 04:26:09.047,1.0556,1.05585,1.13,2.25
2013.04.05 04:26:09.289,1.05562,1.05586,1.13,1.13
2013.04.05 04:26:10.322,1.05563,1.05586,1.50,2.25
2013.04.05 04:26:13.699,1.05564,1.05587,1.13,1.13
2013.04.05 04:26:15.000,1.05566,1.05589,1.13,1.13
2013.04.05 04:26:16.869,1.05565,1.05589,1.88,1.13
2013.04.05 04:26:22.790,1.05566,1.05588,1.13,1.13
2013.04.05 04:26:25.151,1.05567,1.05584,1.13,1.13
2013.04.05 04:26:25.392,1.05561,1.05584,1.28,1.13
2013.04.05 04:26:26.770,1.05561,1.05581,1.13,1.13
2013.04.05 04:26:27.241,1.05561,1.05583,1.13,1.13
2013.04.05 04:26:29.031,1.05561,1.05581,1.13,1.13
2013.04.05 04:26:30.490,1.05558,1.05583,2.03,1.13
2013.04.05 04:26:30.610,1.05557,1.05583,2.40,2.63
2013.04.05 04:26:31.090,1.05554,1.05581,3.38,2.25
2013.04.05 04:26:34.709,1.05555,1.05577,1.13,1.13
2013.04.05 04:26:35.791,1.05555,1.0558,1.13,1.13
2013.04.05 04:26:37.900,1.05552,1.05576,2.63,1.13
2013.04.05 04:26:38.340,1.05551,1.05576,2.63,1.13
2013.04.05 04:26:38.579,1.05549,1.05573,1.13,1.13
2013.04.05 04:26:40.449,1.05549,1.05573,1.50,1.13
2013.04.05 04:26:41.629,1.05553,1.05576,1.13,1.13
2013.04.05 04:26:43.782,1.05553,1.05578,1.13,1.13
2013.04.05 04:26:44.222,1.05557,1.05583,1.13,1.88
2013.04.05 04:26:45.737,1.05557,1.05581,1.13,1.13
2013.04.05 04:26:46.610,1.05557,1.05581,1.13,1.13
2013.04.05 04:26:46.671,1.05559,1.05584,1.13,1.13
2013.04.05 04:26:47.153,1.05559,1.05585,1.88,1.13
2013.04.05 04:26:47.226,1.05563,1.05588,1.13,1.13
2013.04.05 04:26:47.770,1.05566,1.05592,1.13,1.13
2013.04.05 04:26:47.892,1.05568,1.05594,1.13,1.50
2013.04.05 04:26:48.654,1.05572,1.05597,1.13,1.13
2013.04.05 04:26:48.902,1.05574,1.05598,1.50,1.13
2013.04.05 04:26:49.545,1.05572,1.05598,1.13,1.13
2013.04.05 04:26:50.620,1.05572,1.05598,1.50,1.13
2013.04.05 04:26:52.061,1.05571,1.05597,1.13,1.13
2013.04.05 04:26:52.781,1.05574,1.05597,1.13,1.13
2013.04.05 04:26:58.859,1.05576,1.05597,1.13,1.13
2013.04.05 04:26:58.980,1.05576,1.05598,1.13,1.13
2013.04.05 04:27:00.483,1.05576,1.05599,1.13,1.13
2013.04.05 04:27:02.530,1.05575,1.05601,1.13,1.88
2013.04.05 04:27:14.910,1.05575,1.05599,1.13,1.13
2013.04.05 04:27:16.019,1.05574,1.05601,2.63,2.25
2013.04.05 04:27:19.679,1.05578,1.05603,1.13,2.25
2013.04.05 04:27:20.232,1.05575,1.05602,1.13,2.10
2013.04.05 04:27:21.809,1.05575,1.056,1.13,1.13
2013.04.05 04:27:22.346,1.05575,1.05598,1.13,1.13
2013.04.05 04:27:26.922,1.05575,1.05599,1.88,1.13
2013.04.05 04:27:27.310,1.05577,1.05603,1.13,1.50
2013.04.05 04:27:27.670,1.05577,1.05603,1.13,1.50
2013.04.05 04:27:28.419,1.05577,1.05603,1.13,1.50
2013.04.05 04:27:30.860,1.05577,1.05601,1.13,1.50
2013.04.05 04:27:31.400,1.05576,1.05601,1.13,1.50
2013.04.05 04:27:32.341,1.05576,1.05601,1.13,1.50
2013.04.05 04:27:33.543,1.05577,1.05603,1.13,2.25
2013.04.05 04:27:34.950,1.05577,1.05603,1.13,2.25
2013.04.05 04:27:35.511,1.05577,1.05603,1.13,2.25
2013.04.05 04:27:37.850,1.05577,1.05603,1.13,2.78
2013.04.05 04:27:37.910,1.05575,1.056,3.38,1.50
2013.04.05 04:27:40.820,1.05575,1.05598,1.13,1.50
2013.04.05 04:27:41.841,1.05572,1.05598,1.13,1.50
2013.04.05 04:27:41.960,1.0557,1.05597,1.13,1.50
2013.04.05 04:27:42.320,1.05569,1.05593,1.50,1.13
2013.04.05 04:27:42.681,1.05565,1.05589,1.13,1.13
2013.04.05 04:27:42.862,1.05565,1.05588,1.13,1.13
2013.04.05 04:27:50.091,1.05566,1.05592,1.13,1.13
2013.04.05 04:27:50.714,1.05566,1.05592,1.13,1.50
2013.04.05 04:27:50.839,1.05566,1.05592,1.13,1.50
2013.04.05 04:27:51.139,1.05567,1.05593,1.13,1.13
2013.04.05 04:27:52.024,1.05567,1.05593,1.13,1.13
2013.04.05 04:27:52.723,1.05567,1.05593,1.13,1.13
2013.04.05 04:27:55.827,1.05569,1.05593,1.13,1.50
2013.04.05 04:27:56.386,1.05569,1.05593,1.13,1.50
2013.04.05 04:27:56.891,1.05569,1.05593,1.13,1.50
2013.04.05 04:27:57.070,1.05567,1.0559,3.00,1.13
2013.04.05 04:27:59.849,1.05567,1.05593,1.13,2.85
2013.04.05 04:28:03.871,1.05567,1.05593,1.13,1.50
2013.04.05 04:28:04.420,1.05567,1.05591,1.13,1.13
2013.04.05 04:28:07.880,1.05567,1.0559,1.13,1.13
2013.04.05 04:28:12.080,1.05567,1.05591,1.13,1.13
2013.04.05 04:28:13.010,1.05569,1.05593,1.13,1.13
2013.04.05 04:28:16.911,1.05567,1.05591,1.88,1.13
2013.04.05 04:28:18.087,1.05567,1.05589,1.13,1.13
2013.04.05 04:28:18.716,1.05565,1.05588,1.88,1.13
2013.04.05 04:28:19.340,1.05565,1.05588,1.88,1.50
2013.04.05 04:28:19.641,1.05563,1.05589,1.13,1.88
2013.04.05 04:28:19.881,1.05562,1.05587,1.13,1.28
2013.04.05 04:28:20.242,1.05561,1.05585,1.13,1.13
2013.04.05 04:28:20.730,1.05561,1.05583,1.13,1.13
2013.04.05 04:28:20.791,1.05558,1.05583,1.13,2.25
2013.04.05 04:28:22.462,1.05556,1.05582,1.13,1.50
2013.04.05 04:28:28.923,1.05556,1.05582,1.13,1.50
2013.04.05 04:28:33.364,1.05558,1.05583,1.13,1.65
2013.04.05 04:28:34.670,1.05557,1.05583,1.88,2.03
2013.04.05 04:28:38.820,1.05555,1.05582,1.13,1.50
2013.04.05 04:28:38.883,1.05554,1.0558,1.88,1.13
2013.04.05 04:28:39.010,1.05554,1.05579,1.13,1.50
2013.04.05 04:28:46.921,1.05553,1.05577,1.13,1.13
2013.04.05 04:28:47.240,1.05553,1.05577,1.88,1.88
2013.04.05 04:28:47.781,1.05553,1.05577,2.63,2.25
2013.04.05 04:28:48.300,1.05553,1.05577,2.63,2.25
2013.04.05 04:28:48.889,1.05554,1.05577,1.13,1.50
2013.04.05 04:28:49.072,1.05553,1.05577,2.63,1.50
2013.04.05 04:28:49.310,1.05552,1.05575,1.13,1.50
2013.04.05 04:28:49.639,1.05552,1.05573,1.13,1.13
2013.04.05 04:28:59.829,1.05552,1.05573,1.13,1.13
2013.04.05 04:28:59.950,1.05552,1.05573,1.13,1.13
2013.04.05 04:29:02.401,1.0555,1.05573,1.13,1.13
2013.04.05 04:29:02.940,1.05548,1.0557,1.13,1.13
2013.04.05 04:29:03.363,1.05543,1.05569,2.03,1.88
2013.04.05 04:29:03.491,1.05544,1.05569,1.13,1.88
2013.04.05 04:29:03.850,1.05544,1.05569,1.13,2.25
2013.04.05 04:29:04.089,1.05544,1.05569,1.28,2.25
2013.04.05 04:29:04.149,1.05544,1.05569,1.28,1.50
2013.04.05 04:29:19.391,1.05547,1.05569,1.13,1.13
2013.04.05 04:29:19.640,1.0555,1.05574,1.13,1.13
2013.04.05 04:29:20.120,1.0555,1.05575,1.13,1.13
2013.04.05 04:29:20.299,1.0555,1.05575,1.13,1.13
2013.04.05 04:29:20.612,1.05554,1.05578,1.88,2.33
2013.04.05 04:29:21.140,1.05554,1.05578,1.88,2.25
2013.04.05 04:29:27.142,1.05554,1.05578,1.13,2.78
2013.04.05 04:29:27.389,1.05553,1.05575,1.13,1.50
2013.04.05 04:29:28.911,1.05552,1.05575,1.13,1.88
2013.04.05 04:29:30.940,1.0555,1.05574,1.13,1.88
2013.04.05 04:29:31.480,1.0555,1.05573,1.13,1.13
2013.04.05 04:29:31.662,1.0555,1.05573,1.13,1.13
2013.04.05 04:29:32.020,1.0555,1.05573,1.13,1.65
2013.04.05 04:29:32.470,1.0555,1.05574,1.13,2.40
2013.04.05 04:29:32.590,1.0555,1.05574,1.13,1.88
2013.04.05 04:29:32.890,1.0555,1.05573,1.13,1.35
2013.04.05 04:29:33.800,1.0555,1.05574,1.13,1.73
2013.04.05 04:29:34.690,1.05552,1.05574,1.13,1.13
2013.04.05 04:29:41.793,1.05555,1.05575,1.13,2.03
2013.04.05 04:29:42.372,1.05552,1.05574,1.13,1.13
2013.04.05 04:29:46.050,1.05555,1.05575,1.13,1.50
2013.04.05 04:29:47.296,1.05553,1.05576,1.13,1.73
2013.04.05 04:29:50.373,1.05553,1.05577,1.13,1.50
2013.04.05 04:29:50.680,1.05552,1.05575,1.50,1.13
2013.04.05 04:29:51.571,1.0555,1.05573,1.13,2.25
2013.04.05 04:29:52.502,1.05549,1.05573,1.13,2.25
2013.04.05 04:29:52.684,1.05552,1.05573,1.13,1.50
2013.04.05 04:29:52.810,1.05552,1.05573,1.88,2.48
2013.04.05 04:29:53.134,1.05552,1.05572,1.13,1.73
2013.04.05 04:29:53.322,1.05552,1.05575,1.88,1.58
2013.04.05 04:29:53.440,1.05554,1.05578,1.13,1.95
2013.04.05 04:29:54.200,1.05552,1.05578,1.88,1.58
2013.04.05 04:29:56.360,1.05552,1.05575,1.13,1.50
2013.04.05 04:29:57.019,1.05551,1.05575,1.88,1.50
2013.04.05 04:29:57.844,1.05553,1.05576,1.13,1.13
2013.04.05 04:29:59.844,1.05556,1.05578,1.13,1.95
2013.04.05 04:30:00.099,1.05556,1.05581,1.13,1.13
2013.04.05 04:30:00.600,1.05563,1.05581,1.35,1.13
2013.04.05 04:30:00.901,1.05568,1.05593,1.13,1.65
2013.04.05 04:30:01.261,1.05568,1.05594,1.13,2.63
2013.04.05 04:30:01.751,1.0557,1.05594,1.13,1.50
2013.04.05 04:30:02.060,1.05573,1.05596,1.50,1.50
2013.04.05 04:30:02.550,1.05579,1.05596,1.13,1.50
2013.04.05 04:30:03.900,1.05577,1.05596,1.13,1.50
2013.04.05 04:30:04.309,1.05576,1.05596,1.13,2.25
2013.04.05 04:30:04.920,1.05576,1.05596,1.13,2.25
2013.04.05 04:30:04.980,1.05573,1.05596,1.13,2.25
2013.04.05 04:30:05.880,1.05573,1.05596,1.13,1.50
2013.04.05 04:30:08.953,1.05572,1.05596,1.13,2.33
2013.04.05 04:30:09.222,1.0557,1.05594,1.13,1.50
2013.04.05 04:30:09.400,1.05568,1.05592,1.88,1.50
2013.04.05 04:30:09.520,1.05567,1.05591,1.50,1.13
2013.04.05 04:30:10.682,1.05565,1.05588,1.13,1.88
2013.04.05 04:30:13.161,1.05563,1.05588,3.38,1.88
2013.04.05 04:30:13.219,1.05563,1.05588,2.63,1.88
2013.04.05 04:30:13.342,1.05563,1.05588,3.38,1.50
2013.04.05 04:30:15.930,1.05566,1.05589,2.25,1.13
2013.04.05 04:30:20.589,1.05566,1.0559,2.63,1.58
2013.04.05 04:30:20.710,1.05568,1.0559,1.50,1.58
2013.04.05 04:30:21.011,1.05568,1.05594,1.88,2.33
2013.04.05 04:30:21.070,1.05568,1.05594,1.88,1.13
2013.04.05 04:30:21.252,1.05573,1.05598,1.13,3.15
2013.04.05 04:30:21.381,1.05574,1.05598,1.50,3.15
2013.04.05 04:30:21.830,1.05574,1.05598,1.50,3.00
2013.04.05 04:30:22.340,1.05574,1.05598,1.50,3.00
2013.04.05 04:30:22.996,1.05574,1.05598,1.50,3.00
2013.04.05 04:30:29.390,1.05574,1.05594,1.13,1.13
2013.04.05 04:30:33.861,1.05574,1.05598,1.50,2.25
2013.04.05 04:30:34.680,1.05574,1.05598,1.50,2.25
2013.04.05 04:30:35.226,1.05574,1.05598,1.88,1.88
2013.04.05 04:30:37.920,1.05574,1.05598,1.50,1.50
2013.04.05 04:30:40.150,1.05573,1.05598,1.13,1.50
2013.04.05 04:30:40.392,1.05574,1.05599,1.50,1.50
2013.04.05 04:30:40.639,1.05573,1.05599,1.13,1.50
2013.04.05 04:30:40.844,1.05574,1.05599,1.50,1.13
2013.04.05 04:30:41.607,1.05576,1.056,1.13,1.13
2013.04.05 04:30:44.701,1.05577,1.05601,1.88,1.50
2013.04.05 04:30:47.488,1.05577,1.05601,1.13,1.50
2013.04.05 04:30:50.761,1.05576,1.056,1.13,1.13
2013.04.05 04:30:51.864,1.05579,1.05604,1.73,2.33
2013.04.05 04:30:52.004,1.05583,1.05607,1.13,1.95
2013.04.05 04:30:52.721,1.05584,1.05608,1.50,1.88
2013.04.05 04:30:55.922,1.05584,1.05609,1.88,1.50
2013.04.05 04:30:59.381,1.05584,1.05608,1.88,2.85
2013.04.05 04:30:59.991,1.05584,1.05608,1.88,2.78
2013.04.05 04:31:00.141,1.05584,1.05603,1.13,1.13
2013.04.05 04:31:00.691,1.05584,1.05604,1.13,1.13
2013.04.05 04:31:00.990,1.05584,1.05608,1.88,1.88
2013.04.05 04:31:01.059,1.05584,1.05608,1.88,1.50
2013.04.05 04:31:01.180,1.05588,1.05608,1.13,1.50
2013.04.05 04:31:01.304,1.05584,1.05608,1.88,1.50
2013.04.05 04:31:01.431,1.05584,1.05608,1.88,1.13
2013.04.05 04:31:02.453,1.05582,1.05608,1.13,2.10
2013.04.05 04:31:02.544,1.05582,1.05608,1.13,1.50
2013.04.05 04:31:03.813,1.05581,1.05606,1.50,1.50
2013.04.05 04:31:04.390,1.05581,1.05608,2.25,1.50
2013.04.05 04:31:04.810,1.05582,1.05606,1.13,1.50
2013.04.05 04:31:06.912,1.05582,1.05606,1.88,1.50
2013.04.05 04:31:08.350,1.05583,1.05608,1.88,1.50
2013.04.05 04:31:09.240,1.05583,1.05608,1.88,1.13
2013.04.05 04:31:10.433,1.05584,1.05608,1.13,2.10
2013.04.05 04:31:11.011,1.05584,1.05608,1.13,2.10
2013.04.05 04:31:11.191,1.05587,1.05611,1.50,1.13
2013.04.05 04:31:11.610,1.05589,1.05613,1.13,1.88
2013.04.05 04:31:12.783,1.05589,1.05613,1.13,2.25
2013.04.05 04:31:15.009,1.05589,1.05613,1.13,2.25
2013.04.05 04:31:15.129,1.05588,1.05613,1.13,1.50
2013.04.05 04:31:15.316,1.05588,1.05613,1.13,1.50
2013.04.05 04:31:15.570,1.05589,1.05613,1.13,2.25
2013.04.05 04:31:16.751,1.05592,1.05613,1.50,1.13
2013.04.05 04:31:18.297,1.05593,1.05613,1.13,1.13
2013.04.05 04:31:19.191,1.05593,1.05617,1.88,2.03
2013.04.05 04:31:22.362,1.05593,1.05614,1.13,1.65
2013.04.05 04:31:22.861,1.05593,1.05614,1.13,1.65
2013.04.05 04:31:23.692,1.05593,1.05614,1.13,1.65
2013.04.05 04:31:25.796,1.05594,1.05614,1.13,1.13
2013.04.05 04:31:26.410,1.05593,1.05614,1.88,1.13
2013.04.05 04:31:27.720,1.05591,1.05614,1.88,1.13
2013.04.05 04:31:28.331,1.05591,1.05615,1.88,1.58
2013.04.05 04:31:28.449,1.05591,1.05614,1.88,1.13
2013.04.05 04:31:29.253,1.05591,1.05617,2.63,1.95
2013.04.05 04:31:33.792,1.05591,1.05617,2.63,1.95
2013.04.05 04:31:34.091,1.05586,1.05607,1.50,1.13
2013.04.05 04:31:34.271,1.05581,1.05606,1.50,1.13
2013.04.05 04:31:34.569,1.0558,1.05604,1.13,3.83
2013.04.05 04:31:39.131,1.0558,1.05602,1.13,1.58
2013.04.05 04:31:39.190,1.05583,1.05605,1.13,1.13
2013.04.05 04:31:39.489,1.05586,1.05607,1.13,1.50
2013.04.05 04:31:39.549,1.05586,1.0561,1.13,1.20
2013.04.05 04:31:40.093,1.05586,1.05611,1.13,1.88
2013.04.05 04:31:40.355,1.05586,1.05611,1.13,1.88
2013.04.05 04:31:40.892,1.05587,1.05611,1.13,1.50
2013.04.05 04:31:46.611,1.05591,1.05615,1.88,1.13
2013.04.05 04:31:47.033,1.05592,1.05617,1.35,1.13
2013.04.05 04:31:48.001,1.05596,1.05618,1.13,1.58
2013.04.05 04:31:48.085,1.05596,1.05622,2.63,1.73
2013.04.05 04:31:48.991,1.05597,1.05622,1.13,1.73
2013.04.05 04:31:49.174,1.056,1.05623,1.13,1.50
2013.04.05 04:31:49.602,1.05603,1.05627,1.13,1.88
2013.04.05 04:31:49.671,1.05606,1.05627,1.13,1.50
2013.04.05 04:31:50.710,1.05607,1.05628,1.13,1.50
2013.04.05 04:31:51.336,1.05607,1.05632,1.88,1.50
2013.04.05 04:31:52.071,1.05607,1.05632,1.88,1.88
2013.04.05 04:31:53.118,1.05608,1.05632,1.13,1.50
2013.04.05 04:31:54.250,1.05609,1.05632,1.13,1.50
2013.04.05 04:31:54.619,1.0561,1.05633,1.88,1.13
2013.04.05 04:31:55.802,1.05616,1.05635,1.13,1.50
2013.04.05 04:31:55.871,1.05616,1.05635,1.13,1.50
2013.04.05 04:31:57.006,1.05617,1.05636,2.25,2.25
2013.04.05 04:31:57.153,1.05617,1.05636,3.00,1.50
2013.04.05 04:31:57.224,1.05622,1.05637,1.13,1.50
2013.04.05 04:31:58.410,1.05624,1.05637,1.13,1.50
2013.04.05 04:31:59.492,1.05626,1.05637,1.13,1.50
2013.04.05 04:32:00.497,1.05623,1.05637,1.13,1.50
2013.04.05 04:32:03.299,1.05623,1.05636,1.13,1.50
2013.04.05 04:32:03.725,1.05621,1.05636,1.13,1.50
2013.04.05 04:32:07.249,1.05621,1.05636,1.88,1.50
2013.04.05 04:32:09.490,1.05621,1.05636,1.13,1.50
2013.04.05 04:32:15.910,1.05621,1.05636,1.50,1.50
2013.04.05 04:32:17.010,1.05621,1.05643,1.50,1.13
2013.04.05 04:32:18.315,1.05621,1.05643,1.50,1.13
2013.04.05 04:32:18.674,1.0562,1.05641,1.13,1.13
2013.04.05 04:32:19.250,1.05616,1.0564,1.50,2.25
2013.04.05 04:32:19.309,1.05614,1.05639,1.88,1.58
2013.04.05 04:32:19.671,1.05612,1.05635,1.88,1.50
2013.04.05 04:32:21.004,1.05612,1.05635,1.13,1.50
2013.04.05 04:32:21.670,1.05611,1.05635,1.50,1.88
2013.04.05 04:32:21.849,1.05606,1.0563,1.88,1.13
2013.04.05 04:32:22.689,1.05606,1.0563,1.50,1.13
2013.04.05 04:32:24.047,1.05606,1.05629,1.50,1.13
2013.04.05 04:32:25.550,1.05604,1.05628,1.13,2.63
2013.04.05 04:32:25.611,1.05602,1.05628,1.88,2.63
2013.04.05 04:32:25.742,1.05601,1.05626,1.50,1.88
2013.04.05 04:32:26.061,1.056,1.05623,1.13,1.50
2013.04.05 04:32:26.180,1.056,1.05623,1.13,2.25
2013.04.05 04:32:26.422,1.05597,1.05621,1.13,1.13
2013.04.05 04:32:26.851,1.05597,1.05623,1.88,1.88
2013.04.05 04:32:31.919,1.05597,1.05622,1.13,1.13
2013.04.05 04:32:32.440,1.056,1.05623,1.13,1.50
2013.04.05 04:32:35.132,1.05602,1.05623,1.13,1.50
2013.04.05 04:32:35.472,1.05603,1.05623,1.13,1.50
2013.04.05 04:32:35.660,1.05603,1.05627,1.13,1.13
2013.04.05 04:32:36.201,1.05605,1.05628,1.13,1.50
2013.04.05 04:32:36.320,1.05605,1.05631,1.88,1.13
2013.04.05 04:32:37.203,1.05607,1.05632,1.88,1.13
2013.04.05 04:32:38.273,1.05605,1.05631,1.88,1.13
2013.04.05 04:32:38.400,1.05605,1.05631,1.13,1.88
2013.04.05 04:32:39.235,1.05607,1.05628,1.13,2.25
2013.04.05 04:32:42.841,1.05603,1.05627,1.13,1.50
2013.04.05 04:32:42.960,1.05601,1.05627,1.13,1.50
2013.04.05 04:32:43.140,1.05602,1.05628,1.13,2.63
2013.04.05 04:32:45.321,1.05602,1.05628,1.88,1.88
2013.04.05 04:32:45.680,1.05606,1.0563,1.50,1.88
2013.04.05 04:32:47.061,1.05606,1.05631,1.50,1.13
2013.04.05 04:32:48.778,1.05608,1.05632,1.13,1.50
2013.04.05 04:32:49.100,1.0561,1.05632,1.13,1.50
2013.04.05 04:32:50.971,1.0561,1.05633,1.88,1.50
2013.04.05 04:32:51.531,1.0561,1.05635,1.88,1.88
2013.04.05 04:32:53.859,1.05611,1.05635,1.13,1.88
2013.04.05 04:32:54.382,1.05611,1.05635,1.13,1.13
2013.04.05 04:32:54.453,1.05613,1.05637,1.13,1.50
2013.04.05 04:32:54.660,1.05611,1.05637,1.13,1.88
2013.04.05 04:32:54.839,1.0561,1.05634,1.50,1.88
2013.04.05 04:32:55.172,1.05607,1.05632,1.13,1.50
2013.04.05 04:32:58.565,1.05608,1.05632,1.13,1.50
2013.04.05 04:32:59.861,1.05609,1.05632,1.13,1.50
2013.04.05 04:33:00.160,1.05607,1.05632,1.13,1.50
2013.04.05 04:33:00.224,1.05607,1.05631,1.13,1.50
2013.04.05 04:33:00.556,1.05605,1.05631,1.88,1.13
2013.04.05 04:33:00.680,1.05605,1.05631,1.88,1.88
2013.04.05 04:33:05.191,1.05605,1.05631,1.88,1.13
2013.04.05 04:33:05.490,1.0561,1.05635,1.50,1.13
2013.04.05 04:33:06.031,1.05606,1.05631,1.50,1.13
2013.04.05 04:33:06.210,1.05605,1.05631,2.63,1.13
2013.04.05 04:33:07.264,1.05605,1.05631,2.63,1.13
2013.04.05 04:33:07.591,1.05613,1.05637,1.13,1.88
2013.04.05 04:33:08.151,1.05615,1.05638,1.50,1.13
2013.04.05 04:33:08.837,1.05615,1.0564,1.50,1.88
2013.04.05 04:33:29.372,1.05615,1.05639,1.13,1.13
2013.04.05 04:33:29.619,1.05612,1.05637,1.50,1.13
2013.04.05 04:33:29.681,1.05611,1.05637,1.13,1.13
2013.04.05 04:33:31.200,1.05611,1.05636,1.13,1.88
2013.04.05 04:33:35.069,1.05611,1.05633,1.13,1.50
2013.04.05 04:33:42.480,1.05605,1.0563,2.25,1.13
2013.04.05 04:33:47.221,1.05611,1.05631,1.50,2.25
2013.04.05 04:33:47.581,1.05604,1.05629,1.50,2.25
2013.04.05 04:33:48.420,1.05604,1.05628,1.50,1.50
2013.04.05 04:33:50.124,1.05604,1.05625,1.50,1.13
2013.04.05 04:33:51.912,1.05604,1.05624,1.50,1.13
2013.04.05 04:33:53.024,1.05604,1.05623,1.50,1.13
2013.04.05 04:33:55.860,1.05606,1.05623,1.50,1.13
2013.04.05 04:33:55.979,1.05607,1.0563,1.50,1.13
2013.04.05 04:33:56.099,1.05612,1.05633,1.50,1.13
2013.04.05 04:33:57.292,1.05611,1.05633,1.88,1.13
2013.04.05 04:33:57.842,1.05611,1.05632,1.50,2.25
2013.04.05 04:33:58.090,1.05612,1.05632,1.50,2.25
2013.04.05 04:34:00.761,1.05612,1.05634,1.88,2.63
2013.04.05 04:34:07.732,1.05612,1.05632,1.88,2.25
2013.04.05 04:34:13.314,1.05611,1.05632,1.50,2.25
2013.04.05 04:34:13.381,1.05611,1.05634,1.50,1.88
2013.04.05 04:34:13.501,1.05611,1.05632,1.88,1.13
2013.04.05 04:34:14.772,1.05611,1.0563,1.88,1.13
2013.04.05 04:34:15.481,1.05611,1.05628,1.88,1.13
2013.04.05 04:34:15.669,1.05607,1.05628,1.28,1.88
2013.04.05 04:34:15.732,1.05607,1.05622,1.28,1.13
2013.04.05 04:34:15.800,1.05606,1.05622,1.50,1.13
2013.04.05 04:34:16.820,1.05607,1.05624,1.13,2.25
2013.04.05 04:34:20.722,1.05607,1.05625,1.13,1.13
2013.04.05 04:34:28.810,1.05604,1.05626,1.13,2.25
2013.04.05 04:34:30.799,1.05604,1.05624,1.13,1.13
2013.04.05 04:34:35.030,1.05607,1.05622,1.13,1.13
2013.04.05 04:34:36.924,1.05606,1.05625,1.13,2.25
2013.04.05 04:34:38.387,1.05602,1.05624,1.65,1.50
2013.04.05 04:34:38.913,1.05602,1.05625,1.65,1.50
2013.04.05 04:34:39.601,1.05602,1.05625,1.65,1.50
2013.04.05 04:34:44.301,1.05603,1.05622,1.13,1.13
2013.04.05 04:34:44.360,1.05603,1.05623,1.13,1.88
2013.04.05 04:34:44.900,1.05603,1.05623,1.13,1.88
2013.04.05 04:34:45.714,1.05603,1.05623,1.13,1.88
2013.04.05 04:34:48.403,1.05603,1.05623,1.13,3.00
2013.04.05 04:34:48.881,1.05602,1.05623,1.50,3.00
2013.04.05 04:34:48.941,1.05602,1.05617,1.50,1.13
2013.04.05 04:34:49.121,1.05597,1.05617,1.13,1.13
2013.04.05 04:34:49.732,1.05596,1.05616,1.50,2.25
2013.04.05 04:34:49.862,1.05597,1.05616,1.50,2.25
2013.04.05 04:34:49.931,1.05602,1.05622,1.13,3.00
2013.04.05 04:34:50.110,1.05602,1.05624,1.13,2.25
2013.04.05 04:34:50.170,1.05602,1.05624,1.13,2.25
2013.04.05 04:34:50.500,1.05604,1.05624,1.95,2.25
2013.04.05 04:34:52.911,1.05605,1.05626,1.13,1.13
2013.04.05 04:34:53.900,1.05607,1.05626,1.13,1.13
2013.04.05 04:34:54.440,1.05607,1.05627,1.13,1.13
2013.04.05 04:34:58.700,1.05607,1.05627,1.13,1.13
2013.04.05 04:34:59.060,1.05607,1.05629,1.73,1.13
2013.04.05 04:35:00.880,1.05609,1.05633,1.95,1.13
2013.04.05 04:35:01.000,1.05612,1.05633,2.33,1.13
2013.04.05 04:35:01.540,1.05617,1.05635,1.50,1.13
2013.04.05 04:35:01.779,1.05616,1.05637,1.50,1.13
2013.04.05 04:35:01.901,1.05616,1.05633,1.50,1.88
2013.04.05 04:35:02.080,1.05612,1.05633,2.25,1.88
2013.04.05 04:35:02.588,1.05612,1.05635,1.50,1.13
2013.04.05 04:35:03.133,1.05612,1.05635,1.73,1.13
2013.04.05 04:35:03.680,1.05612,1.05634,1.73,1.88
2013.04.05 04:35:09.518,1.05612,1.05635,1.73,1.50
2013.04.05 04:35:12.851,1.05617,1.05635,1.13,1.50
2013.04.05 04:35:15.370,1.05617,1.05637,1.13,1.13
2013.04.05 04:35:15.431,1.05617,1.05639,1.13,1.13
2013.04.05 04:35:15.712,1.05619,1.05642,1.13,1.50
2013.04.05 04:35:15.891,1.05621,1.05644,1.13,1.50
2013.04.05 04:35:16.011,1.05624,1.05646,1.13,1.50
2013.04.05 04:35:17.481,1.05625,1.05649,1.13,1.13
2013.04.05 04:35:17.563,1.05622,1.05647,1.20,1.88
2013.04.05 04:35:18.830,1.05622,1.05647,1.20,1.88
2013.04.05 04:35:20.020,1.05621,1.05645,1.50,1.13
2013.04.05 04:35:20.140,1.05621,1.05645,1.50,1.13
2013.04.05 04:35:20.320,1.05621,1.05645,1.13,1.13
2013.04.05 04:35:22.120,1.0562,1.05642,1.35,1.50
2013.04.05 04:35:22.641,1.05619,1.05642,1.13,1.50
2013.04.05 04:35:23.601,1.05619,1.05642,1.13,1.50
2013.04.05 04:35:23.721,1.05617,1.0564,1.13,1.13
2013.04.05 04:35:24.080,1.05614,1.05639,1.13,1.50
2013.04.05 04:35:25.139,1.05614,1.05637,1.50,1.50
2013.04.05 04:35:27.106,1.05616,1.05637,1.13,1.50
2013.04.05 04:35:27.415,1.05617,1.05637,1.28,1.50
2013.04.05 04:35:27.612,1.05617,1.05639,1.28,1.50
2013.04.05 04:35:28.101,1.05618,1.05641,1.13,1.13
2013.04.05 04:35:29.052,1.05617,1.05641,1.65,1.13
2013.04.05 04:35:29.322,1.05617,1.05641,1.65,1.13
2013.04.05 04:35:29.571,1.05615,1.05636,1.58,1.13
2013.04.05 04:35:29.871,1.05615,1.05638,1.50,1.13
2013.04.05 04:35:30.181,1.05617,1.05638,1.13,1.13
2013.04.05 04:35:31.101,1.05618,1.05643,1.13,1.88
2013.04.05 04:35:31.399,1.05621,1.05643,1.13,1.88
2013.04.05 04:35:31.729,1.05621,1.05643,1.13,1.88
2013.04.05 04:35:32.110,1.05621,1.05643,1.73,1.88
2013.04.05 04:35:33.760,1.05621,1.05645,2.48,1.50
2013.04.05 04:35:33.820,1.05621,1.05646,2.48,1.13
2013.04.05 04:35:34.372,1.05624,1.05646,1.13,1.13
2013.04.05 04:35:35.052,1.05622,1.05645,1.73,1.13
2013.04.05 04:35:36.279,1.05622,1.05648,1.95,2.33
2013.04.05 04:35:36.343,1.05623,1.05648,1.20,2.33
2013.04.05 04:35:37.811,1.05622,1.05648,1.50,2.33
2013.04.05 04:35:38.570,1.05619,1.05645,1.13,1.88
2013.04.05 04:35:39.095,1.05621,1.05645,1.50,1.13
2013.04.05 04:35:40.014,1.05621,1.05643,1.50,1.13
2013.04.05 04:35:43.721,1.05621,1.05644,1.50,1.13
2013.04.05 04:35:45.740,1.05621,1.05644,1.50,1.88
2013.04.05 04:35:46.100,1.05618,1.05643,1.35,1.88
2013.04.05 04:35:50.100,1.0562,1.05642,1.13,1.13
2013.04.05 04:35:50.279,1.05622,1.05648,1.50,1.13
2013.04.05 04:35:50.399,1.05621,1.05648,1.88,1.13
2013.04.05 04:35:50.521,1.05623,1.05649,1.13,1.50
2013.04.05 04:35:51.513,1.05625,1.05651,2.25,1.20
2013.04.05 04:35:51.579,1.05626,1.05652,1.50,1.13
2013.04.05 04:35:52.850,1.05627,1.05652,1.13,1.13
2013.04.05 04:35:53.511,1.05627,1.05653,1.50,1.88
2013.04.05 04:35:54.110,1.05627,1.05653,1.50,1.88
2013.04.05 04:35:55.220,1.05629,1.05654,1.50,1.88
2013.04.05 04:35:56.231,1.05627,1.05653,2.03,1.13
2013.04.05 04:35:56.351,1.05627,1.05653,2.03,1.88
2013.04.05 04:35:57.091,1.05626,1.0565,1.13,1.13
2013.04.05 04:35:57.270,1.05622,1.05649,1.88,1.88
2013.04.05 04:35:57.331,1.05623,1.05649,1.13,1.88
2013.04.05 04:35:58.841,1.05626,1.05649,1.50,1.50
2013.04.05 04:35:59.401,1.05622,1.05649,2.10,1.88
2013.04.05 04:36:01.350,1.05622,1.05649,2.10,1.88
2013.04.05 04:36:07.220,1.05622,1.05643,1.13,1.13
2013.04.05 04:36:07.671,1.05616,1.05642,2.63,1.13
2013.04.05 04:36:19.152,1.05616,1.0564,2.25,1.13
2013.04.05 04:36:19.920,1.05616,1.05639,2.25,1.13
2013.04.05 04:36:20.821,1.05616,1.05638,1.50,1.13
2013.04.05 04:36:21.060,1.05613,1.05635,1.65,1.13
2013.04.05 04:36:21.601,1.05616,1.05636,1.50,1.13
2013.04.05 04:36:23.320,1.05616,1.05634,1.50,1.13
2013.04.05 04:36:23.679,1.05605,1.05624,1.50,1.13
2013.04.05 04:36:23.740,1.05605,1.05629,1.50,1.13
2013.04.05 04:36:23.922,1.05609,1.05632,1.50,1.13
2013.04.05 04:36:24.231,1.05613,1.05635,1.50,1.13
2013.04.05 04:36:24.352,1.05618,1.05635,1.50,1.13
2013.04.05 04:36:26.240,1.05618,1.05637,1.50,1.13
2013.04.05 04:36:27.121,1.05618,1.05636,1.50,1.13
2013.04.05 04:36:27.453,1.05617,1.05634,1.88,1.13
2013.04.05 04:36:28.002,1.05617,1.05635,1.13,1.13
2013.04.05 04:36:33.049,1.05616,1.05638,1.13,1.13
2013.04.05 04:36:34.751,1.05616,1.05639,1.13,1.88
2013.04.05 04:36:35.310,1.05617,1.05638,1.50,1.13
2013.04.05 04:36:35.610,1.05618,1.05643,1.88,1.13
2013.04.05 04:36:35.970,1.0562,1.05644,1.13,1.88
2013.04.05 04:36:36.652,1.05621,1.05643,1.13,1.13
2013.04.05 04:36:36.900,1.05618,1.05643,1.20,1.88
2013.04.05 04:36:37.109,1.05618,1.05643,1.50,1.13
2013.04.05 04:36:37.980,1.05618,1.05643,1.13,1.88
2013.04.05 04:36:38.100,1.05617,1.05641,1.13,1.13
2013.04.05 04:36:38.222,1.05615,1.05641,1.50,1.88
2013.04.05 04:36:40.101,1.05615,1.05639,1.50,1.50
2013.04.05 04:36:40.160,1.05616,1.05639,1.13,1.50
2013.04.05 04:36:40.672,1.05618,1.05641,1.13,1.13
2013.04.05 04:36:41.292,1.05618,1.05641,1.65,1.13
2013.04.05 04:36:41.614,1.05618,1.05642,2.40,1.13
2013.04.05 04:36:43.170,1.05618,1.05643,2.40,1.13
2013.04.05 04:36:52.610,1.05622,1.05645,1.50,1.13
2013.04.05 04:36:53.259,1.05623,1.05645,1.13,1.13
2013.04.05 04:36:53.810,1.05623,1.05648,1.58,1.13
2013.04.05 04:36:53.930,1.05623,1.05648,1.58,1.13
2013.04.05 04:36:53.990,1.05623,1.05648,1.58,1.13
2013.04.05 04:36:58.671,1.05623,1.05649,2.03,2.25
2013.04.05 04:36:59.210,1.05621,1.05646,2.25,1.13
2013.04.05 04:36:59.569,1.0562,1.05644,1.13,1.50
2013.04.05 04:37:03.201,1.05619,1.05644,1.13,2.63
2013.04.05 04:37:04.494,1.0562,1.05644,1.50,1.88
2013.04.05 04:37:05.052,1.05621,1.05644,1.13,1.13
2013.04.05 04:37:05.560,1.05622,1.05646,1.13,1.50
2013.04.05 04:37:06.093,1.05622,1.05645,1.13,1.13
2013.04.05 04:37:06.160,1.05622,1.05645,1.65,1.13
2013.04.05 04:37:06.610,1.05622,1.05645,1.28,1.13
2013.04.05 04:37:06.829,1.05622,1.05645,1.65,1.13
2013.04.05 04:37:07.281,1.05625,1.05645,1.13,1.13
2013.04.05 04:37:07.820,1.05627,1.05646,1.13,1.50
2013.04.05 04:37:08.385,1.05627,1.05646,1.73,1.50
2013.04.05 04:37:09.215,1.05627,1.05647,1.73,1.13
2013.04.05 04:37:09.292,1.05627,1.05648,1.73,1.13
2013.04.05 04:37:09.812,1.0563,1.05649,1.13,1.13
2013.04.05 04:37:10.359,1.0563,1.05649,1.13,1.13
2013.04.05 04:37:10.421,1.05626,1.05649,1.73,1.88
2013.04.05 04:37:16.460,1.05626,1.05648,1.13,1.13
2013.04.05 04:37:20.850,1.05626,1.05648,1.13,1.13
2013.04.05 04:37:24.870,1.0563,1.05648,1.13,1.13
2013.04.05 04:37:25.802,1.05623,1.05648,1.28,1.13
2013.04.05 04:37:26.575,1.05622,1.05647,1.65,1.13
2013.04.05 04:37:26.980,1.05622,1.05647,1.65,1.13
2013.04.05 04:37:27.132,1.05622,1.05646,1.65,1.13
2013.04.05 04:37:31.321,1.05624,1.05647,1.65,1.13
2013.04.05 04:37:32.010,1.05623,1.05647,1.13,1.13
2013.04.05 04:37:33.062,1.05623,1.05646,1.13,1.13
2013.04.05 04:37:35.050,1.05621,1.05644,1.13,1.50
2013.04.05 04:37:35.191,1.05619,1.05644,1.13,1.50
2013.04.05 04:37:38.213,1.05619,1.05644,1.13,1.88
2013.04.05 04:37:40.800,1.05618,1.05643,1.13,1.13
2013.04.05 04:37:42.796,1.05618,1.05641,1.13,1.13
2013.04.05 04:37:43.901,1.05619,1.05641,1.13,1.13
2013.04.05 04:37:43.961,1.05619,1.05643,1.73,1.13
2013.04.05 04:37:44.081,1.0562,1.05644,1.80,1.88
2013.04.05 04:37:45.961,1.05624,1.05645,1.13,1.13
2013.04.05 04:38:03.109,1.05624,1.05648,1.50,1.88
2013.04.05 04:38:05.410,1.05623,1.05648,1.13,1.88
2013.04.05 04:38:06.997,1.05623,1.05648,1.13,1.13
2013.04.05 04:38:07.805,1.05623,1.05648,1.13,1.88
2013.04.05 04:38:09.551,1.05624,1.05648,1.13,1.88
2013.04.05 04:38:10.141,1.05624,1.05648,1.13,1.88
2013.04.05 04:38:12.418,1.05624,1.05648,1.13,1.88
2013.04.05 04:38:17.642,1.05624,1.05648,1.13,1.88
2013.04.05 04:38:20.801,1.05624,1.05649,1.50,1.50
2013.04.05 04:38:23.029,1.05624,1.05648,1.50,1.50
2013.04.05 04:38:23.331,1.05617,1.05642,1.58,1.95
2013.04.05 04:38:23.511,1.05615,1.05638,1.50,1.13
2013.04.05 04:38:23.631,1.05613,1.05638,1.13,1.13
2013.04.05 04:38:23.870,1.05611,1.05636,1.88,2.63
2013.04.05 04:38:24.172,1.05609,1.05633,1.13,1.88
2013.04.05 04:38:25.575,1.0561,1.05633,1.50,1.88
2013.04.05 04:38:26.110,1.0561,1.05634,1.88,1.88
2013.04.05 04:38:26.802,1.05611,1.05632,1.13,1.13
2013.04.05 04:38:27.901,1.05604,1.05624,1.13,1.13
2013.04.05 04:38:27.985,1.0559,1.05614,1.50,1.88
2013.04.05 04:38:28.112,1.0559,1.05614,1.50,2.63
2013.04.05 04:38:28.421,1.0559,1.0561,1.50,1.13
2013.04.05 04:38:28.951,1.05587,1.05608,2.33,1.50
2013.04.05 04:38:29.562,1.05587,1.05608,1.13,1.88
2013.04.05 04:38:30.126,1.05587,1.05607,1.13,1.13
2013.04.05 04:38:30.451,1.0559,1.0561,1.13,1.88
2013.04.05 04:38:37.111,1.0559,1.0561,1.13,1.13
2013.04.05 04:38:39.721,1.0559,1.05611,1.13,1.50
2013.04.05 04:38:40.891,1.05592,1.05613,1.13,1.13
2013.04.05 04:38:42.300,1.05594,1.05611,1.13,1.13
2013.04.05 04:38:45.051,1.05594,1.05612,1.13,1.13
2013.04.05 04:38:45.651,1.05592,1.05615,1.13,1.13
2013.04.05 04:38:45.831,1.05592,1.05615,1.13,1.13
2013.04.05 04:38:46.081,1.05592,1.05616,1.50,1.50
2013.04.05 04:38:46.353,1.05595,1.05619,1.13,1.50
2013.04.05 04:38:46.911,1.05596,1.05618,1.13,1.13
2013.04.05 04:38:47.204,1.05597,1.05618,1.13,1.13
2013.04.05 04:38:50.344,1.05594,1.05617,1.13,1.13
2013.04.05 04:38:50.531,1.05594,1.05616,1.13,1.13
2013.04.05 04:38:53.981,1.05594,1.05615,1.13,1.50
2013.04.05 04:38:54.101,1.05591,1.05615,1.50,2.25
2013.04.05 04:38:54.414,1.05588,1.05614,1.13,1.13
2013.04.05 04:38:54.900,1.05589,1.05614,1.13,1.13
2013.04.05 04:38:55.330,1.05589,1.05614,1.13,1.88
2013.04.05 04:38:56.931,1.05589,1.05614,1.50,1.88
2013.04.05 04:38:57.462,1.05589,1.05614,2.10,1.88
2013.04.05 04:39:05.212,1.05592,1.05615,1.13,1.88
2013.04.05 04:39:05.880,1.0559,1.05615,1.35,1.88
2013.04.05 04:39:06.910,1.05591,1.05615,1.13,1.13
2013.04.05 04:39:08.081,1.05594,1.05616,1.13,1.13
2013.04.05 04:39:09.642,1.05596,1.05617,1.13,1.50
2013.04.05 04:39:11.662,1.05598,1.05621,1.13,1.13
2013.04.05 04:39:11.781,1.05601,1.05625,1.50,1.50
2013.04.05 04:39:11.840,1.05605,1.05625,1.35,1.50
2013.04.05 04:39:12.642,1.05607,1.05626,1.50,1.50
2013.04.05 04:39:12.734,1.05612,1.05636,1.13,1.50
2013.04.05 04:39:12.861,1.05614,1.05638,1.13,1.13
2013.04.05 04:39:13.700,1.05614,1.05638,1.50,1.13
2013.04.05 04:39:14.823,1.05614,1.05639,1.13,2.63
2013.04.05 04:39:15.964,1.05614,1.05639,1.13,2.63
2013.04.05 04:39:23.581,1.05614,1.05638,1.58,1.13
2013.04.05 04:39:25.940,1.05614,1.05638,1.65,1.13
2013.04.05 04:39:26.466,1.05614,1.05639,2.03,1.50
2013.04.05 04:39:26.791,1.05614,1.05639,2.03,1.50
2013.04.05 04:39:30.385,1.05614,1.05638,1.65,1.88
2013.04.05 04:39:33.181,1.05612,1.05636,1.28,1.13
2013.04.05 04:39:33.712,1.05612,1.05636,2.03,1.13
2013.04.05 04:39:34.011,1.05617,1.05636,1.58,1.50
2013.04.05 04:39:34.191,1.05612,1.05636,1.50,2.63
2013.04.05 04:39:34.382,1.05609,1.05635,1.88,1.13
2013.04.05 04:39:34.450,1.05609,1.05635,1.13,1.13
2013.04.05 04:39:34.959,1.05609,1.05635,1.50,1.13
2013.04.05 04:39:35.331,1.05611,1.05635,2.10,1.13
2013.04.05 04:39:36.131,1.05614,1.05636,1.13,1.50
2013.04.05 04:39:36.252,1.05617,1.05642,1.13,1.58
2013.04.05 04:39:36.492,1.05618,1.05642,1.88,1.58
2013.04.05 04:39:36.859,1.0562,1.05646,1.13,1.13
2013.04.05 04:39:36.920,1.05624,1.05649,1.50,1.88
2013.04.05 04:39:36.981,1.05624,1.0565,1.50,1.88
2013.04.05 04:39:37.282,1.05628,1.05652,1.13,1.50
2013.04.05 04:39:37.591,1.0563,1.05654,1.88,1.88
2013.04.05 04:39:37.651,1.0563,1.05654,1.88,1.13
2013.04.05 04:39:38.130,1.05634,1.05656,1.13,2.25
2013.04.05 04:39:40.880,1.05635,1.05656,1.13,1.13
2013.04.05 04:39:41.015,1.05638,1.05657,1.50,1.65
2013.04.05 04:39:41.381,1.05638,1.05657,1.50,1.65
2013.04.05 04:39:41.866,1.05642,1.05656,1.13,1.50
2013.04.05 04:39:41.931,1.05642,1.05665,1.13,1.58
2013.04.05 04:39:41.992,1.05643,1.05667,1.13,1.58
2013.04.05 04:39:42.627,1.05642,1.05667,1.13,1.20
2013.04.05 04:39:44.182,1.05643,1.05667,1.50,1.58
2013.04.05 04:39:44.911,1.05641,1.05667,2.85,1.58
2013.04.05 04:39:45.091,1.05641,1.05657,1.88,1.50
2013.04.05 04:39:45.252,1.05641,1.05667,1.88,1.58
2013.04.05 04:39:45.491,1.05641,1.05667,1.88,2.33
2013.04.05 04:39:45.850,1.05637,1.05657,1.50,1.50
2013.04.05 04:39:46.031,1.05633,1.05657,1.50,1.50
2013.04.05 04:39:46.091,1.05632,1.05657,1.88,1.50
2013.04.05 04:39:46.272,1.05632,1.05657,1.13,2.33
2013.04.05 04:39:46.631,1.05627,1.05651,1.13,1.88
2013.04.05 04:39:47.005,1.05624,1.0565,1.50,1.88
2013.04.05 04:39:47.363,1.05622,1.05646,1.13,1.50
2013.04.05 04:39:58.220,1.05624,1.05646,1.13,1.50
2013.04.05 04:39:58.520,1.05624,1.05649,1.13,1.88
2013.04.05 04:39:59.345,1.05624,1.0565,1.13,1.13
2013.04.05 04:40:02.630,1.05627,1.0565,1.13,1.13
2013.04.05 04:40:05.271,1.05626,1.0565,1.13,1.13
2013.04.05 04:40:07.820,1.05626,1.05651,2.25,1.88
2013.04.05 04:40:08.300,1.05623,1.05646,1.50,1.13
2013.04.05 04:40:08.360,1.05622,1.05645,1.50,1.13
2013.04.05 04:40:10.540,1.05621,1.05644,1.50,1.88
2013.04.05 04:40:10.659,1.05618,1.05644,1.13,1.88
2013.04.05 04:40:15.751,1.05617,1.05644,2.25,1.88
2013.04.05 04:40:15.811,1.05618,1.05644,1.13,1.88
2013.04.05 04:40:17.341,1.0562,1.05643,1.13,1.13
2013.04.05 04:40:17.972,1.05622,1.05644,1.13,1.50
2013.04.05 04:40:19.538,1.05624,1.05645,1.13,1.50
2013.04.05 04:40:22.306,1.05622,1.05644,1.50,1.50
2013.04.05 04:40:22.374,1.05623,1.05644,2.10,1.50
2013.04.05 04:40:25.073,1.05623,1.05646,1.13,1.88
2013.04.05 04:40:25.645,1.05622,1.05644,1.13,1.50
2013.04.05 04:40:25.830,1.05622,1.05646,1.13,1.88
2013.04.05 04:40:26.799,1.05621,1.05644,1.50,1.50
2013.04.05 04:40:29.113,1.05622,1.05646,1.13,1.88
2013.04.05 04:40:29.431,1.05625,1.05647,1.13,1.13
2013.04.05 04:40:29.551,1.05626,1.05648,1.13,1.50
2013.04.05 04:40:30.091,1.05627,1.0565,1.50,1.13
2013.04.05 04:40:30.396,1.05623,1.05649,2.25,1.50
2013.04.05 04:40:30.700,1.05625,1.05649,1.28,1.50
2013.04.05 04:40:31.002,1.05628,1.05649,1.50,1.50
2013.04.05 04:40:31.360,1.0563,1.05649,1.65,1.50
2013.04.05 04:40:31.872,1.05629,1.05649,1.28,1.50
2013.04.05 04:40:41.230,1.05628,1.05654,1.65,1.50
2013.04.05 04:40:41.291,1.05627,1.05653,3.00,1.13
2013.04.05 04:40:41.412,1.05628,1.05653,1.50,1.13
2013.04.05 04:40:41.811,1.05628,1.05654,1.50,1.13
2013.04.05 04:40:42.956,1.05627,1.05651,1.50,1.50
2013.04.05 04:40:45.071,1.05626,1.05649,1.88,1.50
2013.04.05 04:40:45.746,1.05626,1.05649,1.13,1.50
2013.04.05 04:40:46.651,1.05624,1.05646,1.50,1.50
2013.04.05 04:40:48.131,1.05621,1.05645,1.13,1.13
2013.04.05 04:40:48.191,1.0562,1.05642,1.13,1.13
2013.04.05 04:40:48.564,1.05615,1.05639,1.50,1.13
2013.04.05 04:40:48.903,1.05615,1.05639,1.50,1.13
2013.04.05 04:40:49.332,1.05617,1.05639,1.13,1.13
2013.04.05 04:40:50.152,1.05619,1.05643,2.63,1.13
2013.04.05 04:40:50.912,1.05622,1.05645,1.13,1.88
2013.04.05 04:40:51.859,1.05622,1.05644,1.13,1.13
2013.04.05 04:40:51.981,1.05622,1.05644,1.13,1.13
2013.04.05 04:40:57.382,1.05626,1.05645,1.13,1.13
2013.04.05 04:40:57.711,1.05626,1.05645,1.13,1.13
2013.04.05 04:40:58.115,1.05626,1.05649,1.13,1.88
2013.04.05 04:40:58.182,1.05626,1.05649,1.13,1.13
2013.04.05 04:40:59.003,1.05626,1.05648,1.13,1.13
2013.04.05 04:40:59.522,1.05623,1.05647,1.13,1.13
2013.04.05 04:40:59.592,1.05621,1.05644,1.13,1.13
2013.04.05 04:40:59.900,1.05619,1.05642,1.13,1.13
2013.04.05 04:41:00.141,1.05616,1.05639,1.50,1.88
2013.04.05 04:41:00.651,1.05615,1.05639,1.13,1.88
2013.04.05 04:41:00.771,1.05616,1.05639,1.13,1.88
2013.04.05 04:41:01.762,1.05616,1.05636,1.13,1.13
2013.04.05 04:41:03.871,1.05616,1.05638,1.13,2.25
2013.04.05 04:41:07.012,1.05616,1.05634,1.13,1.13
2013.04.05 04:41:08.321,1.05616,1.05636,1.13,1.13
2013.04.05 04:41:08.732,1.05616,1.05633,1.13,1.13
2013.04.05 04:41:09.793,1.05616,1.05633,1.13,1.13
2013.04.05 04:41:09.862,1.05616,1.05636,1.13,1.13
2013.04.05 04:41:10.761,1.05616,1.05636,1.13,1.13
2013.04.05 04:41:11.324,1.05616,1.05634,1.13,2.25
2013.04.05 04:41:15.933,1.05616,1.05636,1.13,2.25
2013.04.05 04:41:17.326,1.05616,1.05636,1.13,2.25
2013.04.05 04:41:18.552,1.05616,1.05636,1.13,1.13
2013.04.05 04:41:20.665,1.05616,1.05634,1.13,1.13
2013.04.05 04:41:23.391,1.05621,1.05636,1.13,1.13
2013.04.05 04:41:27.970,1.05621,1.05635,1.13,1.13
2013.04.05 04:41:29.902,1.05616,1.05634,1.13,1.13
2013.04.05 04:41:30.324,1.05616,1.05634,1.13,1.13
2013.04.05 04:41:34.608,1.05613,1.05634,1.13,1.13
2013.04.05 04:41:34.731,1.05612,1.05632,1.73,1.13
2013.04.05 04:41:35.220,1.05611,1.05632,1.50,1.13
2013.04.05 04:41:35.282,1.05607,1.0563,1.50,2.25
2013.04.05 04:41:35.641,1.05607,1.05625,1.50,2.25
2013.04.05 04:41:35.881,1.05606,1.05625,2.25,2.25
2013.04.05 04:41:36.421,1.05603,1.05625,1.28,2.25
2013.04.05 04:41:36.661,1.05605,1.05623,1.13,1.13
2013.04.05 04:41:37.252,1.05601,1.05623,1.13,1.13
2013.04.05 04:41:37.313,1.05601,1.05621,1.13,2.25
2013.04.05 04:41:37.384,1.056,1.05621,2.85,2.25
2013.04.05 04:41:38.631,1.056,1.05618,1.50,1.13
2013.04.05 04:41:38.990,1.05595,1.05615,1.50,2.25
2013.04.05 04:41:42.739,1.05598,1.05617,1.13,1.13
2013.04.05 04:41:43.852,1.05597,1.05617,1.13,1.13
2013.04.05 04:41:44.220,1.05597,1.05621,1.13,3.00
2013.04.05 04:41:45.851,1.05597,1.05619,1.13,1.13
2013.04.05 04:41:48.640,1.05596,1.05619,1.13,1.88
2013.04.05 04:41:48.701,1.05596,1.05613,1.13,2.25
2013.04.05 04:41:49.060,1.05589,1.05611,1.50,2.25
2013.04.05 04:41:49.181,1.05589,1.05611,1.50,2.25
2013.04.05 04:41:49.301,1.05591,1.05607,1.13,2.25
2013.04.05 04:41:49.662,1.05588,1.05606,2.25,2.25
2013.04.05 04:41:50.200,1.05588,1.05606,1.13,2.25
2013.04.05 04:41:50.712,1.0559,1.05608,1.13,2.25
2013.04.05 04:41:50.832,1.0559,1.05608,1.13,2.25
2013.04.05 04:41:50.973,1.0559,1.0561,1.13,1.13
2013.04.05 04:41:59.614,1.05592,1.05611,1.13,2.25
2013.04.05 04:41:59.863,1.0559,1.05611,1.88,2.25
2013.04.05 04:41:59.991,1.05591,1.05607,1.13,1.13
2013.04.05 04:42:00.472,1.05588,1.05607,1.50,1.13
2013.04.05 04:42:01.148,1.05587,1.05607,1.88,1.13
2013.04.05 04:42:02.372,1.05586,1.05607,1.65,1.13
2013.04.05 04:42:03.150,1.05586,1.05607,1.65,2.25
2013.04.05 04:42:04.065,1.05586,1.05609,1.65,2.25
2013.04.05 04:42:04.310,1.05591,1.05609,1.13,2.25
2013.04.05 04:42:04.859,1.05589,1.05609,1.50,2.25
2013.04.05 04:42:08.362,1.0559,1.05611,1.13,2.25
2013.04.05 04:42:09.751,1.0559,1.0561,1.13,1.13
2013.04.05 04:42:16.001,1.05591,1.0561,1.13,1.13
2013.04.05 04:42:17.458,1.05591,1.05612,1.13,2.25
2013.04.05 04:42:18.034,1.05591,1.05612,1.13,2.25
2013.04.05 04:42:18.800,1.05591,1.05612,1.13,2.25
2013.04.05 04:42:18.924,1.05591,1.05613,1.13,1.13
2013.04.05 04:42:24.857,1.0559,1.05613,1.50,1.13
2013.04.05 04:42:25.834,1.0559,1.05611,1.50,2.25
2013.04.05 04:42:26.843,1.0559,1.0561,1.50,1.13
2013.04.05 04:42:27.990,1.0559,1.05609,1.50,2.25
2013.04.05 04:42:28.471,1.05585,1.05605,1.50,2.25
2013.04.05 04:42:33.950,1.05588,1.05602,1.13,1.13
2013.04.05 04:42:37.925,1.05588,1.05603,1.13,2.25
2013.04.05 04:42:48.700,1.05586,1.05605,1.13,1.13
2013.04.05 04:42:49.245,1.05585,1.05604,1.13,2.25
2013.04.05 04:42:50.221,1.05587,1.05607,1.13,2.25
2013.04.05 04:42:54.911,1.05588,1.0561,1.88,2.25
2013.04.05 04:42:57.520,1.05588,1.05609,1.50,2.25
2013.04.05 04:42:59.888,1.05588,1.05606,1.50,1.13
2013.04.05 04:43:02.591,1.05586,1.05605,1.50,1.88
2013.04.05 04:43:02.892,1.05584,1.05601,1.88,1.13
2013.04.05 04:43:03.013,1.05584,1.05598,1.50,1.13
2013.04.05 04:43:05.002,1.0558,1.05602,1.88,2.25
2013.04.05 04:43:09.202,1.0558,1.05604,1.88,1.13
2013.04.05 04:43:09.424,1.0558,1.05603,1.50,1.13
2013.04.05 04:43:10.801,1.0558,1.05603,1.50,1.13
2013.04.05 04:43:11.342,1.0558,1.05601,1.50,1.13
2013.04.05 04:43:18.412,1.0558,1.05598,1.50,1.13
2013.04.05 04:43:18.781,1.0558,1.05595,1.50,1.13
2013.04.05 04:43:24.680,1.05575,1.05594,1.88,1.13
2013.04.05 04:43:31.942,1.05581,1.056,1.13,3.00
2013.04.05 04:43:32.012,1.0558,1.05597,1.88,1.13
2013.04.05 04:43:32.192,1.0558,1.05599,1.88,2.25
2013.04.05 04:43:32.382,1.0558,1.05599,1.50,2.25
2013.04.05 04:43:32.451,1.05581,1.05597,1.13,1.13
2013.04.05 04:43:35.031,1.05581,1.05598,1.13,1.13
2013.04.05 04:43:35.231,1.05581,1.05598,1.13,1.13
2013.04.05 04:43:36.760,1.0558,1.05599,1.50,2.25
2013.04.05 04:43:39.140,1.05579,1.05599,1.13,3.00
2013.04.05 04:43:40.927,1.05578,1.05596,1.13,2.25
2013.04.05 04:43:44.300,1.05581,1.05599,1.13,3.00
2013.04.05 04:43:45.813,1.05581,1.05596,1.13,1.13
2013.04.05 04:43:46.131,1.05576,1.05593,1.13,2.25
2013.04.05 04:43:46.195,1.05576,1.0559,1.13,2.25
2013.04.05 04:43:46.263,1.05569,1.0559,4.50,2.25
2013.04.05 04:43:46.331,1.05569,1.0559,1.50,2.25
2013.04.05 04:43:46.534,1.05569,1.05586,4.50,2.25
2013.04.05 04:43:46.873,1.05567,1.05586,1.50,2.25
2013.04.05 04:43:47.000,1.05569,1.05593,2.25,1.88
2013.04.05 04:43:47.301,1.05573,1.05596,1.50,2.25
2013.04.05 04:43:47.860,1.05576,1.05596,1.13,2.25
2013.04.05 04:43:48.351,1.05576,1.05596,1.13,2.25
2013.04.05 04:43:48.901,1.05581,1.05599,1.13,1.50
2013.04.05 04:43:49.394,1.05579,1.05602,1.13,1.13
2013.04.05 04:43:49.731,1.0558,1.05605,1.50,1.50
2013.04.05 04:43:49.853,1.05581,1.05606,2.70,2.25
2013.04.05 04:43:50.634,1.05583,1.05606,1.13,2.25
2013.04.05 04:43:50.940,1.05583,1.05606,1.65,2.25
2013.04.05 04:43:52.330,1.05583,1.05605,1.65,1.13
2013.04.05 04:43:53.905,1.05583,1.05607,1.65,2.25
2013.04.05 04:43:55.071,1.05583,1.05603,1.65,1.13
2013.04.05 04:43:56.719,1.05583,1.05606,1.65,2.25
2013.04.05 04:43:57.920,1.05583,1.05604,1.65,1.13
2013.04.05 04:43:58.240,1.05583,1.05604,1.65,1.13
2013.04.05 04:44:01.595,1.05584,1.05606,1.13,1.50
2013.04.05 04:44:01.664,1.05587,1.05607,1.50,2.63
2013.04.05 04:44:02.091,1.05582,1.05607,1.58,2.63
2013.04.05 04:44:02.605,1.05582,1.05607,1.58,2.63
2013.04.05 04:44:05.620,1.05587,1.05607,1.13,1.13
2013.04.05 04:44:06.842,1.05588,1.05607,1.13,1.13
2013.04.05 04:44:07.611,1.05587,1.05607,1.13,1.13
2013.04.05 04:44:07.730,1.05587,1.05608,1.13,1.13
2013.04.05 04:44:08.810,1.0559,1.05608,1.88,1.13
2013.04.05 04:44:09.230,1.0559,1.05615,1.13,1.13
2013.04.05 04:44:09.600,1.05592,1.05616,1.13,1.50
2013.04.05 04:44:09.841,1.05596,1.05618,1.13,1.50
2013.04.05 04:44:10.022,1.05597,1.05618,1.13,1.50
2013.04.05 04:44:10.142,1.05597,1.05624,1.13,2.63
2013.04.05 04:44:10.323,1.056,1.05624,1.13,2.25
2013.04.05 04:44:10.572,1.05601,1.05626,1.13,1.50
2013.04.05 04:44:11.662,1.05601,1.05628,1.50,3.38
2013.04.05 04:44:13.682,1.05602,1.05627,1.88,1.13
2013.04.05 04:44:13.861,1.05601,1.05623,1.50,1.13
2013.04.05 04:44:14.371,1.05598,1.05622,1.13,1.13
2013.04.05 04:44:15.464,1.05596,1.05622,1.50,1.88
2013.04.05 04:44:20.003,1.05596,1.05622,1.88,1.88
2013.04.05 04:44:20.072,1.05597,1.05622,1.13,1.13
2013.04.05 04:44:20.412,1.05599,1.05624,1.13,1.50
2013.04.05 04:44:21.171,1.05598,1.05622,1.13,1.50
2013.04.05 04:44:21.290,1.05595,1.05621,1.13,1.13
2013.04.05 04:44:21.950,1.05596,1.05622,1.50,1.88
2013.04.05 04:44:23.892,1.05597,1.05622,1.13,1.13
2013.04.05 04:44:24.570,1.05598,1.05622,1.13,1.13
2013.04.05 04:44:25.051,1.056,1.05625,1.88,1.13
2013.04.05 04:44:25.110,1.056,1.05626,1.50,1.13
2013.04.05 04:44:25.231,1.05602,1.05628,1.13,3.38
2013.04.05 04:44:25.890,1.05606,1.05628,1.50,3.00
2013.04.05 04:44:26.072,1.05603,1.05626,1.50,1.13
2013.04.05 04:44:28.924,1.05601,1.05625,1.50,1.88
2013.04.05 04:44:31.034,1.05601,1.05625,1.50,1.13
2013.04.05 04:44:31.815,1.05601,1.05625,1.50,1.13
2013.04.05 04:44:34.346,1.05601,1.05625,1.88,1.50
2013.04.05 04:44:35.077,1.05601,1.05624,1.50,1.13
2013.04.05 04:44:35.870,1.05601,1.05623,1.50,1.13
2013.04.05 04:44:37.671,1.05601,1.05626,2.63,1.13
2013.04.05 04:44:39.366,1.05601,1.05625,1.50,1.13
2013.04.05 04:44:39.490,1.056,1.05623,1.13,1.50
2013.04.05 04:44:41.604,1.05599,1.05621,1.13,1.50
2013.04.05 04:44:41.851,1.056,1.05623,1.13,1.50
2013.04.05 04:44:42.092,1.05599,1.05621,1.13,1.50
2013.04.05 04:44:42.930,1.05594,1.05618,1.13,1.13
2013.04.05 04:44:43.442,1.05593,1.05618,1.13,2.63
2013.04.05 04:44:46.832,1.05594,1.05618,1.50,2.25
2013.04.05 04:44:48.163,1.05594,1.05617,1.50,1.50
2013.04.05 04:44:48.670,1.05591,1.05617,2.70,1.50
2013.04.05 04:44:48.730,1.05591,1.05617,2.25,1.50
2013.04.05 04:44:51.325,1.05589,1.05612,1.13,1.13
2013.04.05 04:44:51.390,1.05586,1.05612,3.00,1.13
2013.04.05 04:44:51.899,1.05586,1.05612,3.00,1.13
2013.04.05 04:44:53.854,1.05586,1.0561,2.25,1.50
2013.04.05 04:44:54.393,1.05587,1.0561,1.13,1.50
2013.04.05 04:44:56.182,1.05586,1.0561,2.25,1.50
2013.04.05 04:44:56.714,1.05586,1.0561,1.50,3.00
2013.04.05 04:44:57.693,1.05586,1.05605,1.50,1.13
2013.04.05 04:44:58.620,1.05586,1.05605,1.50,1.13
2013.04.05 04:44:59.411,1.05586,1.05605,1.50,1.13
2013.04.05 04:45:00.681,1.05586,1.05605,1.50,1.13
2013.04.05 04:45:00.741,1.05586,1.05608,1.50,1.13
2013.04.05 04:45:02.333,1.05586,1.05608,1.88,1.13
2013.04.05 04:45:02.877,1.05586,1.0561,1.88,1.88
2013.04.05 04:45:03.412,1.05591,1.0561,2.25,1.13
2013.04.05 04:45:03.475,1.05591,1.05614,2.25,1.13
2013.04.05 04:45:04.241,1.05591,1.05616,2.25,1.13
2013.04.05 04:45:05.321,1.05591,1.05615,2.25,1.13
2013.04.05 04:45:08.045,1.05591,1.05614,1.50,1.13
2013.04.05 04:45:08.571,1.05593,1.05618,2.63,1.50
2013.04.05 04:45:08.636,1.05593,1.05618,2.63,1.50
2013.04.05 04:45:08.702,1.05596,1.05618,1.13,1.50
2013.04.05 04:45:10.752,1.05595,1.05618,1.13,1.50
2013.04.05 04:45:11.981,1.05595,1.05618,1.13,1.50
2013.04.05 04:45:12.520,1.05596,1.05621,1.50,1.13
2013.04.05 04:45:16.423,1.05598,1.05622,1.13,1.88
2013.04.05 04:45:17.501,1.05598,1.05622,1.88,1.50
2013.04.05 04:45:17.836,1.05602,1.05625,1.50,1.88
2013.04.05 04:45:18.172,1.05602,1.05625,1.50,1.88
2013.04.05 04:45:18.367,1.05602,1.05624,1.50,1.50
2013.04.05 04:45:18.562,1.05598,1.05621,1.13,1.13
2013.04.05 04:45:19.100,1.05598,1.05621,1.13,1.13
2013.04.05 04:45:19.221,1.05602,1.05625,1.50,1.13
2013.04.05 04:45:19.511,1.05602,1.05627,1.50,1.13
2013.04.05 04:45:20.332,1.05602,1.05625,1.50,1.13
2013.04.05 04:45:20.752,1.05598,1.05622,1.13,1.13
2013.04.05 04:45:20.811,1.05599,1.05623,1.88,1.50
2013.04.05 04:45:21.241,1.05601,1.05625,1.13,1.88
2013.04.05 04:45:22.836,1.05598,1.05623,1.13,2.63
2013.04.05 04:45:23.945,1.05599,1.05621,1.13,1.13
2013.04.05 04:45:27.011,1.05597,1.05623,2.25,1.88
2013.04.05 04:45:32.608,1.05597,1.05622,2.25,1.13
2013.04.05 04:45:33.941,1.05597,1.05622,3.00,1.13
2013.04.05 04:45:34.301,1.056,1.05623,1.13,1.50
2013.04.05 04:45:34.662,1.05599,1.05623,2.48,1.50
2013.04.05 04:45:36.132,1.05602,1.05623,1.13,1.50
2013.04.05 04:45:36.193,1.05602,1.05623,1.88,1.50
2013.04.05 04:45:37.028,1.05601,1.05623,1.13,1.50
2013.04.05 04:45:39.900,1.05599,1.05623,1.88,1.50
2013.04.05 04:45:40.205,1.05597,1.05623,2.63,2.63
2013.04.05 04:45:40.510,1.05597,1.05621,1.13,1.13
2013.04.05 04:45:40.570,1.05596,1.0562,1.13,1.50
2013.04.05 04:45:40.692,1.05594,1.05618,1.13,1.13
2013.04.05 04:45:43.331,1.05592,1.05614,1.88,1.50
2013.04.05 04:45:43.871,1.05592,1.05614,1.13,1.50
2013.04.05 04:45:44.824,1.05589,1.05614,1.13,1.50
2013.04.05 04:45:45.311,1.05585,1.05609,1.13,1.13
2013.04.05 04:45:45.370,1.05584,1.05609,1.73,1.13
2013.04.05 04:45:45.431,1.05587,1.05608,1.13,1.50
2013.04.05 04:45:48.390,1.05587,1.05611,1.13,1.95
2013.04.05 04:45:48.570,1.05591,1.05617,1.13,2.63
2013.04.05 04:45:51.131,1.05591,1.05616,1.88,1.13
2013.04.05 04:45:55.951,1.05591,1.05616,1.50,1.13
2013.04.05 04:45:59.181,1.05591,1.05617,1.88,1.50
2013.04.05 04:45:59.361,1.05592,1.05618,1.13,1.13
2013.04.05 04:46:01.893,1.05597,1.05619,1.13,1.50
2013.04.05 04:46:01.962,1.05597,1.05622,1.13,2.70
2013.04.05 04:46:02.027,1.05597,1.05622,1.13,1.88
2013.04.05 04:46:03.632,1.05597,1.05623,1.13,1.88
2013.04.05 04:46:03.753,1.05597,1.05622,1.13,1.50
2013.04.05 04:46:04.611,1.05597,1.05623,1.13,2.25
2013.04.05 04:46:05.055,1.05597,1.05621,1.13,1.50
2013.04.05 04:46:05.242,1.05591,1.05616,1.13,1.13
2013.04.05 04:46:05.601,1.05591,1.05612,1.13,1.50
2013.04.05 04:46:05.902,1.05588,1.05612,1.13,1.50
2013.04.05 04:46:08.732,1.05587,1.05611,1.13,1.13
2013.04.05 04:46:14.182,1.05586,1.05611,1.13,1.13
2013.04.05 04:46:15.875,1.05585,1.05611,1.88,1.13
2013.04.05 04:46:19.399,1.05585,1.05611,1.50,1.88
2013.04.05 04:46:19.903,1.05584,1.05611,2.63,1.88
2013.04.05 04:46:20.143,1.05585,1.05611,1.50,1.88
2013.04.05 04:46:20.501,1.05581,1.05607,1.88,1.88
2013.04.05 04:46:23.224,1.05581,1.05605,1.50,1.13
2013.04.05 04:46:24.982,1.05582,1.05606,1.13,1.13
2013.04.05 04:46:27.653,1.05581,1.05607,1.88,1.88
2013.04.05 04:46:28.392,1.05581,1.05604,1.50,1.13
2013.04.05 04:46:30.102,1.05581,1.05604,1.50,1.13
2013.04.05 04:46:30.318,1.05581,1.05605,1.50,1.13
2013.04.05 04:46:33.734,1.05581,1.05603,1.50,1.13
2013.04.05 04:46:34.093,1.05581,1.05603,1.50,1.13
2013.04.05 04:46:34.836,1.05581,1.05604,1.50,1.13
2013.04.05 04:46:35.301,1.05581,1.05605,1.50,1.88
2013.04.05 04:46:36.121,1.05581,1.05605,1.50,1.88
2013.04.05 04:46:36.183,1.05581,1.05602,1.50,2.25
2013.04.05 04:46:38.820,1.05575,1.05601,1.88,1.50
2013.04.05 04:46:38.885,1.05579,1.05602,1.50,1.88
2013.04.05 04:46:39.071,1.05579,1.05606,2.63,1.88
2013.04.05 04:46:39.372,1.0558,1.05606,1.50,1.88
2013.04.05 04:46:39.876,1.05579,1.05605,3.00,1.13
2013.04.05 04:46:42.942,1.0558,1.05601,2.25,1.13
2013.04.05 04:46:44.035,1.05579,1.056,1.50,2.25
2013.04.05 04:46:46.153,1.05577,1.05597,2.25,1.13
2013.04.05 04:46:48.862,1.05579,1.05597,1.50,1.13
2013.04.05 04:46:50.069,1.05577,1.05599,1.50,1.13
2013.04.05 04:46:51.889,1.05579,1.056,1.50,1.13
2013.04.05 04:46:54.361,1.05576,1.056,2.25,1.13
2013.04.05 04:46:55.594,1.05576,1.056,2.25,3.00
2013.04.05 04:46:56.103,1.05576,1.056,2.25,3.00
2013.04.05 04:46:57.874,1.05576,1.056,2.25,3.00
2013.04.05 04:46:58.501,1.05576,1.056,2.25,3.00
2013.04.05 04:46:59.320,1.05576,1.056,2.25,3.00
2013.04.05 04:47:00.098,1.05577,1.056,1.50,1.13
2013.04.05 04:47:00.641,1.05577,1.056,1.50,3.00
2013.04.05 04:47:01.661,1.05577,1.056,1.50,1.50
2013.04.05 04:47:03.351,1.05576,1.056,2.25,1.50
2013.04.05 04:47:03.717,1.05576,1.05597,1.50,2.25
2013.04.05 04:47:05.721,1.05576,1.056,1.50,1.88
2013.04.05 04:47:06.272,1.05576,1.056,1.88,1.50
2013.04.05 04:47:06.331,1.05577,1.056,1.50,1.50
2013.04.05 04:47:08.741,1.05577,1.056,1.50,1.88
2013.04.05 04:47:09.771,1.05576,1.05596,1.50,2.25
2013.04.05 04:47:10.551,1.05576,1.05598,1.50,2.25
2013.04.05 04:47:10.611,1.05576,1.05598,1.50,2.25
2013.04.05 04:47:12.417,1.05576,1.056,1.50,1.13
2013.04.05 04:47:13.781,1.05576,1.05599,1.50,2.25
2013.04.05 04:47:17.979,1.05575,1.05599,1.50,3.00
2013.04.05 04:47:18.053,1.05571,1.05592,1.50,2.25
2013.04.05 04:47:18.881,1.05571,1.05592,1.50,2.25
2013.04.05 04:47:20.284,1.05571,1.05589,1.50,1.13
2013.04.05 04:47:20.677,1.05571,1.05587,1.50,2.25
2013.04.05 04:47:20.911,1.05568,1.05587,1.58,2.25
2013.04.05 04:47:22.051,1.05571,1.05588,1.50,1.13
2013.04.05 04:47:24.031,1.05571,1.0559,1.50,2.25
2013.04.05 04:47:25.002,1.05568,1.05589,1.58,2.25
2013.04.05 04:47:25.612,1.05566,1.0559,1.13,1.50
2013.04.05 04:47:26.222,1.05566,1.05589,1.50,3.00
2013.04.05 04:47:26.952,1.05565,1.05584,1.50,1.13
2013.04.05 04:47:27.311,1.05561,1.05582,2.03,2.25
2013.04.05 04:47:27.371,1.05561,1.05582,1.20,2.25
2013.04.05 04:47:27.552,1.05559,1.05577,1.58,1.13
2013.04.05 04:47:29.228,1.05559,1.05579,1.58,2.25
2013.04.05 04:47:29.472,1.05556,1.05575,1.20,1.13
2013.04.05 04:47:29.717,1.05555,1.05573,1.13,2.25
2013.04.05 04:47:30.306,1.05556,1.05573,1.13,2.25
2013.04.05 04:47:30.492,1.05556,1.05575,1.13,1.13
2013.04.05 04:47:30.552,1.05557,1.05575,1.13,1.13
2013.04.05 04:47:30.972,1.0556,1.05578,1.50,1.13
2013.04.05 04:47:32.458,1.0556,1.05577,1.50,2.25
2013.04.05 04:47:33.984,1.0556,1.05579,1.50,2.25
2013.04.05 04:47:35.329,1.05557,1.05579,1.58,3.00
2013.04.05 04:47:35.401,1.05557,1.05577,1.58,2.25
2013.04.05 04:47:35.581,1.05556,1.05577,1.13,2.25
2013.04.05 04:47:37.342,1.05556,1.05575,1.13,1.13
2013.04.05 04:47:43.413,1.05553,1.05575,1.13,1.13
2013.04.05 04:47:43.592,1.05554,1.05575,1.50,1.13
2013.04.05 04:47:45.555,1.05542,1.05561,1.35,1.13
2013.04.05 04:47:45.861,1.05541,1.05558,1.73,1.13
2013.04.05 04:47:45.923,1.05541,1.05562,1.73,2.25
2013.04.05 04:47:48.534,1.05544,1.05563,1.35,2.25
2013.04.05 04:47:52.646,1.05544,1.05566,1.35,1.13
2013.04.05 04:47:53.612,1.05543,1.05565,1.35,1.13
2013.04.05 04:47:53.864,1.05546,1.05571,1.13,1.88
2013.04.05 04:47:54.132,1.05546,1.05571,1.13,1.88
2013.04.05 04:47:55.270,1.05549,1.05573,1.13,1.88
2013.04.05 04:47:57.722,1.05546,1.05569,1.13,2.25
2013.04.05 04:47:58.295,1.05545,1.05569,1.50,2.25
2013.04.05 04:47:59.085,1.05545,1.05566,1.50,2.25
2013.04.05 04:47:59.426,1.05545,1.05566,1.50,2.25
2013.04.05 04:48:00.156,1.05545,1.05566,1.50,2.25
2013.04.05 04:48:00.222,1.05545,1.05564,1.50,1.13
2013.04.05 04:48:03.129,1.05545,1.05563,1.88,1.13
2013.04.05 04:48:04.063,1.05545,1.05563,1.50,1.13
2013.04.05 04:48:04.147,1.05545,1.05564,1.50,1.13
2013.04.05 04:48:05.152,1.05545,1.05564,1.50,1.13
2013.04.05 04:48:05.961,1.05545,1.05567,1.50,2.25
2013.04.05 04:48:07.173,1.05548,1.05566,1.13,1.13
2013.04.05 04:48:10.281,1.05548,1.05569,1.13,1.13
2013.04.05 04:48:14.504,1.05553,1.05575,1.13,2.25
2013.04.05 04:48:14.931,1.05553,1.05575,1.88,2.25
2013.04.05 04:48:17.121,1.05553,1.05575,1.13,1.13
2013.04.05 04:48:18.563,1.05553,1.05574,1.13,2.25
2013.04.05 04:48:21.392,1.05548,1.05573,1.50,2.25
2013.04.05 04:48:22.599,1.05547,1.05572,1.13,2.33
2013.04.05 04:48:22.685,1.05545,1.05567,1.13,3.00
2013.04.05 04:48:23.624,1.05545,1.05565,1.13,1.13
2013.04.05 04:48:25.611,1.05545,1.05565,1.13,1.13
2013.04.05 04:48:26.684,1.05545,1.05567,1.13,1.50
2013.04.05 04:48:27.989,1.05545,1.05565,1.13,1.13
2013.04.05 04:48:34.033,1.05545,1.05566,1.13,2.25
2013.04.05 04:48:34.452,1.05545,1.05567,1.50,1.13
2013.04.05 04:48:37.202,1.05545,1.05566,1.50,1.13
2013.04.05 04:48:38.301,1.05545,1.05567,1.50,1.50
2013.04.05 04:48:44.081,1.05546,1.05568,1.50,2.25
2013.04.05 04:48:44.202,1.05546,1.05566,1.50,2.25
2013.04.05 04:48:44.622,1.05545,1.05566,1.13,3.00
2013.04.05 04:48:46.103,1.05546,1.05564,1.13,2.25
2013.04.05 04:48:48.321,1.05546,1.05565,1.13,2.25
2013.04.05 04:48:49.621,1.05546,1.05565,1.13,2.25
2013.04.05 04:48:49.741,1.05544,1.05562,1.13,1.13
2013.04.05 04:48:50.042,1.05544,1.05562,1.13,1.13
2013.04.05 04:48:50.401,1.05544,1.05562,1.13,1.13
2013.04.05 04:48:53.092,1.05541,1.05562,1.35,1.13
2013.04.05 04:48:54.028,1.05541,1.05561,1.35,2.25
2013.04.05 04:48:55.639,1.05541,1.0556,1.35,1.13
2013.04.05 04:48:58.302,1.05541,1.05562,1.35,1.13
2013.04.05 04:49:03.977,1.05541,1.05561,1.35,1.13
2013.04.05 04:49:05.212,1.0554,1.05562,1.73,2.25
2013.04.05 04:49:12.313,1.05541,1.05562,1.35,2.25
2013.04.05 04:49:13.495,1.05541,1.05562,1.35,2.25
2013.04.05 04:49:15.628,1.05541,1.05564,1.35,3.00
2013.04.05 04:49:16.052,1.05541,1.05564,1.35,3.00
2013.04.05 04:49:16.852,1.05541,1.05564,1.35,3.00
2013.04.05 04:49:19.482,1.05541,1.05561,1.35,1.13
2013.04.05 04:49:21.362,1.05541,1.05563,1.35,1.13
2013.04.05 04:49:22.311,1.05541,1.05563,1.35,1.13
2013.04.05 04:49:22.372,1.05543,1.05566,1.73,2.25
2013.04.05 04:49:22.491,1.05545,1.05566,1.50,1.50
2013.04.05 04:49:24.084,1.05541,1.05562,2.10,1.13
2013.04.05 04:49:28.800,1.05541,1.05562,2.10,1.13
2013.04.05 04:49:28.933,1.05544,1.05566,1.50,1.13
2013.04.05 04:49:29.222,1.05545,1.0557,1.13,3.00
2013.04.05 04:49:29.820,1.05544,1.05567,3.00,1.13
2013.04.05 04:49:30.342,1.05544,1.05567,3.00,1.13
2013.04.05 04:49:30.953,1.05545,1.0557,2.25,1.88
2013.04.05 04:49:31.343,1.05549,1.0557,2.25,1.13
2013.04.05 04:49:31.881,1.05549,1.0557,2.25,1.13
2013.04.05 04:49:33.736,1.05549,1.05571,2.25,2.25
2013.04.05 04:49:34.092,1.05549,1.0557,1.50,1.50
2013.04.05 04:49:36.412,1.05549,1.05569,1.50,2.25
2013.04.05 04:49:36.663,1.05549,1.05572,1.50,1.13
2013.04.05 04:49:44.554,1.05545,1.05566,2.25,1.13
2013.04.05 04:49:44.681,1.05545,1.05566,1.50,1.13
2013.04.05 04:49:44.741,1.05545,1.05562,1.50,1.13
2013.04.05 04:49:47.871,1.05542,1.05563,1.35,2.25
2013.04.05 04:49:54.169,1.05541,1.05563,2.10,2.25
2013.04.05 04:49:56.375,1.05542,1.05563,1.35,2.25
2013.04.05 04:49:57.665,1.05542,1.05563,1.35,2.25
2013.04.05 04:49:57.732,1.05541,1.0556,1.73,1.13
2013.04.05 04:49:58.242,1.0554,1.0556,1.73,1.13
2013.04.05 04:50:05.949,1.05539,1.05558,1.73,1.13
2013.04.05 04:50:07.027,1.05539,1.0556,3.23,1.13
2013.04.05 04:50:14.155,1.05539,1.05563,1.73,3.00
2013.04.05 04:50:15.811,1.05539,1.0556,1.73,2.25
2013.04.05 04:50:23.842,1.05539,1.05562,1.73,2.25
2013.04.05 04:50:27.391,1.05541,1.05561,2.48,1.13
2013.04.05 04:50:31.668,1.05541,1.0556,2.48,2.25
2013.04.05 04:50:36.922,1.05543,1.0556,1.73,2.25
2013.04.05 04:50:40.041,1.05543,1.05561,1.73,2.25
2013.04.05 04:50:41.121,1.05541,1.05561,3.23,2.25
2013.04.05 04:50:50.353,1.05542,1.05563,1.73,3.00
2013.04.05 04:50:51.024,1.05541,1.05563,2.48,2.25
2013.04.05 04:50:51.152,1.05543,1.05563,1.73,2.25
2013.04.05 04:50:51.582,1.05547,1.05565,1.50,1.13
2013.04.05 04:50:53.121,1.05547,1.05567,1.50,2.25
2013.04.05 04:50:54.572,1.05548,1.05567,1.35,2.25
2013.04.05 04:50:54.871,1.05554,1.05572,3.00,1.50
2013.04.05 04:50:54.932,1.05557,1.05572,1.50,1.50
2013.04.05 04:50:55.052,1.05551,1.05572,1.88,1.50
2013.04.05 04:50:55.113,1.05552,1.05575,2.25,2.25
2013.04.05 04:50:55.939,1.05552,1.05574,2.25,1.13
2013.04.05 04:51:11.211,1.05553,1.05572,1.50,1.13
2013.04.05 04:51:13.798,1.05553,1.05572,1.50,1.13
2013.04.05 04:51:14.929,1.05554,1.05573,1.50,3.00
2013.04.05 04:51:16.452,1.05554,1.05571,1.50,1.13
2013.04.05 04:51:24.223,1.05554,1.05572,1.50,2.25
2013.04.05 04:51:26.728,1.05554,1.05571,1.50,1.13
2013.04.05 04:51:27.051,1.05555,1.05571,1.50,1.13
2013.04.05 04:51:30.386,1.05554,1.05571,1.50,1.13
2013.04.05 04:51:30.945,1.05554,1.05573,1.50,2.25
2013.04.05 04:51:31.832,1.05555,1.05573,1.50,2.25
2013.04.05 04:51:34.082,1.05555,1.05575,1.50,2.25
2013.04.05 04:51:36.171,1.05553,1.05574,1.50,1.50
2013.04.05 04:51:38.442,1.05553,1.05572,1.50,2.25
2013.04.05 04:51:41.696,1.05553,1.05573,1.50,2.25
2013.04.05 04:51:43.472,1.05553,1.05572,1.50,2.25
2013.04.05 04:51:47.361,1.05547,1.05572,3.00,2.25
2013.04.05 04:51:47.602,1.05548,1.05572,3.08,2.25
2013.04.05 04:51:49.751,1.05552,1.0557,1.50,1.13
2013.04.05 04:51:50.715,1.05548,1.0557,2.33,1.13
2013.04.05 04:51:50.783,1.05548,1.0557,1.50,1.13
2013.04.05 04:51:51.312,1.05547,1.0557,1.50,2.25
2013.04.05 04:51:53.522,1.05547,1.05572,2.25,2.25
2013.04.05 04:51:58.911,1.05547,1.05571,2.25,1.13
2013.04.05 04:52:01.318,1.05548,1.05572,1.50,2.25
2013.04.05 04:52:03.110,1.05548,1.05572,3.08,2.25
2013.04.05 04:52:03.453,1.05552,1.05572,1.50,2.25
2013.04.05 04:52:03.962,1.05552,1.05571,1.50,1.13
2013.04.05 04:52:09.982,1.05552,1.05572,2.25,1.13
2013.04.05 04:52:11.193,1.05552,1.05574,3.00,1.13
2013.04.05 04:52:12.861,1.05552,1.05573,1.50,1.13
2013.04.05 04:52:13.102,1.05552,1.05573,1.50,2.25
2013.04.05 04:52:13.222,1.05552,1.05574,1.50,1.13
2013.04.05 04:52:13.342,1.05552,1.05573,1.50,1.13
2013.04.05 04:52:23.161,1.05551,1.0557,1.50,1.50
2013.04.05 04:52:29.283,1.05551,1.05569,1.50,1.13
2013.04.05 04:52:31.443,1.05552,1.05572,2.25,1.13
2013.04.05 04:52:32.512,1.05551,1.05573,1.50,1.88
2013.04.05 04:52:34.104,1.05552,1.05573,2.25,1.50
2013.04.05 04:52:34.934,1.05553,1.05576,1.50,1.13
2013.04.05 04:52:37.162,1.05553,1.05575,1.50,1.13
2013.04.05 04:52:37.613,1.05553,1.05576,1.50,1.13
2013.04.05 04:52:38.416,1.05553,1.05576,1.50,2.25
2013.04.05 04:52:39.112,1.05551,1.05574,2.25,1.13
2013.04.05 04:52:39.291,1.05551,1.0557,2.25,1.13
2013.04.05 04:52:42.043,1.05551,1.05571,2.25,1.13
2013.04.05 04:52:43.214,1.05548,1.05571,1.50,1.13
2013.04.05 04:52:44.083,1.05548,1.05574,1.50,2.25
2013.04.05 04:52:44.143,1.0555,1.05574,1.50,1.50
2013.04.05 04:52:44.818,1.05548,1.05574,1.50,2.25
2013.04.05 04:52:45.813,1.0555,1.05574,1.50,2.25
2013.04.05 04:52:47.142,1.05551,1.05573,1.50,1.13
2013.04.05 04:52:47.382,1.05553,1.05575,1.50,2.25
2013.04.05 04:52:51.586,1.05555,1.05575,1.50,2.25
2013.04.05 04:52:51.715,1.05555,1.05578,1.50,3.38
2013.04.05 04:52:53.620,1.05555,1.05577,1.50,1.13
2013.04.05 04:52:56.454,1.05555,1.05576,1.50,1.13
2013.04.05 04:52:58.192,1.05553,1.05575,1.50,1.13
2013.04.05 04:53:04.662,1.05548,1.05574,1.13,1.88
2013.04.05 04:53:04.722,1.05547,1.05571,2.25,1.13
2013.04.05 04:53:06.811,1.05548,1.0557,1.50,1.13
2013.04.05 04:53:07.342,1.05548,1.0557,1.50,1.13
2013.04.05 04:53:10.044,1.05547,1.0557,1.50,1.13
2013.04.05 04:53:13.432,1.05547,1.05568,1.50,1.13
2013.04.05 04:53:14.642,1.05546,1.05567,2.25,1.13
2013.04.05 04:53:15.122,1.05541,1.05566,2.48,1.13
2013.04.05 04:53:15.631,1.05541,1.05564,1.73,1.88
2013.04.05 04:53:16.159,1.0554,1.05564,1.73,1.88
2013.04.05 04:53:16.926,1.05541,1.05566,1.73,1.13
2013.04.05 04:53:18.632,1.05541,1.05568,1.73,1.88
2013.04.05 04:53:23.917,1.0554,1.05562,1.73,1.35
2013.04.05 04:53:24.468,1.05536,1.0556,1.73,4.88
2013.04.05 04:53:26.561,1.05534,1.0556,1.62,4.88
2013.04.05 04:53:26.877,1.05534,1.05555,1.25,1.13
2013.04.05 04:53:27.003,1.05534,1.05558,2.18,1.13
2013.04.05 04:53:30.242,1.05535,1.05559,2.10,1.13
2013.04.05 04:53:32.671,1.05535,1.05558,1.73,1.88
2013.04.05 04:53:34.282,1.05533,1.05557,1.34,1.13
2013.04.05 04:53:34.623,1.05535,1.05558,1.73,3.38
2013.04.05 04:53:34.802,1.05534,1.05558,1.73,1.88
2013.04.05 04:53:35.597,1.0553,1.05556,1.13,1.13
2013.04.05 04:53:37.581,1.05532,1.05555,1.88,2.10
2013.04.05 04:53:37.763,1.05529,1.05554,1.88,1.13
2013.04.05 04:53:37.943,1.0553,1.05554,1.13,1.13
2013.04.05 04:53:38.612,1.05532,1.05555,1.50,1.13
2013.04.05 04:53:39.191,1.05534,1.05556,1.13,3.75
2013.04.05 04:53:39.569,1.05532,1.05555,2.63,1.50
2013.04.05 04:53:39.639,1.05532,1.05554,1.50,1.13
2013.04.05 04:53:40.002,1.05529,1.05552,1.50,4.13
2013.04.05 04:53:40.121,1.05526,1.0555,1.13,1.88
2013.04.05 04:53:40.183,1.05524,1.05548,1.58,1.13
2013.04.05 04:53:40.716,1.05526,1.05552,1.13,6.00
2013.04.05 04:53:41.212,1.05528,1.05552,1.50,1.50
2013.04.05 04:53:42.816,1.05528,1.05553,1.50,1.35
2013.04.05 04:53:42.885,1.05529,1.05553,1.13,3.08
2013.04.05 04:53:42.955,1.05528,1.05549,1.88,1.35
2013.04.05 04:53:43.081,1.05526,1.05549,1.50,2.10
2013.04.05 04:53:43.323,1.05525,1.05548,1.50,1.13
2013.04.05 04:53:46.244,1.05525,1.05549,1.50,2.25
2013.04.05 04:53:46.794,1.05525,1.05549,1.50,3.00
2013.04.05 04:53:50.132,1.05525,1.05549,1.88,1.88
2013.04.05 04:53:50.671,1.05526,1.05549,1.88,1.50
2013.04.05 04:53:56.814,1.05527,1.05551,1.95,1.13
2013.04.05 04:53:57.130,1.0553,1.05551,1.35,1.13
2013.04.05 04:53:57.753,1.05533,1.05551,1.23,1.13
2013.04.05 04:53:58.486,1.05533,1.05551,1.23,1.13
2013.04.05 04:53:58.823,1.05533,1.05553,1.23,2.63
2013.04.05 04:53:58.884,1.05533,1.05553,1.23,1.50
2013.04.05 04:53:59.994,1.05533,1.05553,1.23,1.50
2013.04.05 04:54:01.243,1.05533,1.05554,1.23,1.88
2013.04.05 04:54:02.793,1.05534,1.05557,1.38,2.63
2013.04.05 04:54:04.662,1.05537,1.05559,1.13,1.50
2013.04.05 04:54:05.143,1.05539,1.05563,1.50,1.13
2013.04.05 04:54:05.264,1.05541,1.05564,1.13,1.50
2013.04.05 04:54:06.702,1.05538,1.0556,1.13,1.50
2013.04.05 04:54:07.061,1.05537,1.05562,2.63,1.88
2013.04.05 04:54:07.302,1.05537,1.05561,1.88,1.13
2013.04.05 04:54:08.801,1.05537,1.05559,1.88,1.50
2013.04.05 04:54:09.121,1.05538,1.05561,1.13,1.50
2013.04.05 04:54:11.382,1.05537,1.05559,2.63,1.50
2013.04.05 04:54:11.993,1.05537,1.05559,1.50,1.50
2013.04.05 04:54:14.092,1.05537,1.05561,1.50,1.88
2013.04.05 04:54:18.086,1.05536,1.05559,1.50,1.50
2013.04.05 04:54:23.806,1.05535,1.05559,1.50,1.88
2013.04.05 04:54:24.062,1.05535,1.05557,1.50,1.13
2013.04.05 04:54:24.122,1.05534,1.05557,1.75,1.13
2013.04.05 04:54:24.634,1.05533,1.05555,2.35,1.13
2013.04.05 04:54:26.314,1.05534,1.05555,1.38,1.13
2013.04.05 04:54:26.513,1.05534,1.05555,1.23,1.88
2013.04.05 04:54:26.574,1.05534,1.05558,1.98,2.70
2013.04.05 04:54:26.812,1.05535,1.05558,2.25,1.13
2013.04.05 04:54:27.572,1.05535,1.05559,1.50,1.88
2013.04.05 04:54:28.258,1.05535,1.05559,1.88,1.13
2013.04.05 04:54:38.853,1.05536,1.0556,1.88,1.50
2013.04.05 04:54:40.913,1.05536,1.0556,1.13,1.50
2013.04.05 04:54:45.962,1.05534,1.05559,2.73,1.50
2013.04.05 04:54:46.901,1.05535,1.0556,1.50,1.13
2013.04.05 04:54:48.813,1.05537,1.05562,1.13,1.88
2013.04.05 04:54:48.872,1.05537,1.05562,1.88,1.13
2013.04.05 04:54:51.383,1.05537,1.05561,1.50,1.13
2013.04.05 04:54:54.193,1.05537,1.05562,1.50,1.13
2013.04.05 04:54:57.585,1.05536,1.0556,1.13,1.13
2013.04.05 04:55:00.874,1.05537,1.05562,1.88,1.13
2013.04.05 04:55:02.615,1.05535,1.05559,1.88,1.13
2013.04.05 04:55:09.792,1.05538,1.05563,1.13,1.88
2013.04.05 04:55:10.913,1.05537,1.05561,1.13,1.13
2013.04.05 04:55:16.615,1.05537,1.05562,1.13,1.13
2013.04.05 04:55:17.259,1.05536,1.05562,1.88,1.13
2013.04.05 04:55:17.826,1.05536,1.0556,1.13,1.13
2013.04.05 04:55:20.172,1.05536,1.0556,1.13,1.13
2013.04.05 04:55:20.614,1.05534,1.05557,1.23,1.50
2013.04.05 04:55:25.193,1.05533,1.05557,1.60,1.50
2013.04.05 04:55:25.775,1.05533,1.05557,1.23,1.50
2013.04.05 04:55:41.717,1.05533,1.05558,1.60,1.50
2013.04.05 04:55:42.526,1.05533,1.05558,1.60,1.50
2013.04.05 04:55:43.614,1.05533,1.05557,1.60,1.50
2013.04.05 04:55:46.022,1.05533,1.05557,1.60,1.50
2013.04.05 04:55:48.565,1.05533,1.05557,1.60,1.13
2013.04.05 04:55:49.148,1.05533,1.05557,1.23,1.88
2013.04.05 04:55:50.133,1.05533,1.05556,1.23,1.13
2013.04.05 04:55:50.731,1.05533,1.05557,1.60,1.88
2013.04.05 04:55:52.123,1.05533,1.05557,1.60,1.88
2013.04.05 04:55:53.217,1.05533,1.05557,1.60,1.88
2013.04.05 04:55:55.622,1.05534,1.05557,1.35,1.13
2013.04.05 04:55:59.385,1.05533,1.05557,2.35,1.50
2013.04.05 04:56:00.924,1.05534,1.05557,1.35,1.13
2013.04.05 04:56:03.344,1.05534,1.05558,2.10,1.50
2013.04.05 04:56:03.533,1.05541,1.05563,1.50,3.38
2013.04.05 04:56:04.087,1.05538,1.05563,1.13,6.00
2013.04.05 04:56:05.150,1.05538,1.05561,1.13,1.50
2013.04.05 04:56:05.232,1.05536,1.0556,1.13,1.13
2013.04.05 04:56:05.304,1.05535,1.05559,2.25,1.88
2013.04.05 04:56:05.364,1.05535,1.05557,1.50,1.13
2013.04.05 04:56:06.110,1.05533,1.05557,1.60,1.13
2013.04.05 04:56:10.172,1.05534,1.05556,1.23,1.50
2013.04.05 04:56:16.463,1.05534,1.05558,1.23,1.50
2013.04.05 04:56:17.092,1.05534,1.05559,1.38,2.70
2013.04.05 04:56:17.272,1.05536,1.0556,1.88,4.13
2013.04.05 04:56:17.743,1.05538,1.05561,1.13,3.75
2013.04.05 04:56:22.413,1.05536,1.05559,1.13,2.33
2013.04.05 04:56:24.402,1.05536,1.05562,2.63,4.88
2013.04.05 04:56:25.294,1.05537,1.05562,1.50,4.13
2013.04.05 04:56:25.472,1.05538,1.05563,1.88,1.50
2013.04.05 04:56:27.942,1.05538,1.05563,1.13,1.50
2013.04.05 04:56:29.998,1.05538,1.05562,1.50,1.13
2013.04.05 04:56:31.203,1.05538,1.05562,1.50,1.88
2013.04.05 04:56:31.742,1.05537,1.05559,1.50,1.13
2013.04.05 04:56:44.367,1.05536,1.05559,2.25,1.50
2013.04.05 04:57:00.307,1.05536,1.05562,2.63,4.58
2013.04.05 04:57:00.614,1.05539,1.05564,1.88,1.88
2013.04.05 04:57:01.124,1.05539,1.05559,1.88,1.35
2013.04.05 04:57:01.314,1.05533,1.05555,1.23,3.00
2013.04.05 04:57:01.673,1.05533,1.05554,1.23,1.50
2013.04.05 04:57:01.912,1.05534,1.05556,1.23,3.00
2013.04.05 04:57:02.092,1.05533,1.05554,1.23,1.50
2013.04.05 04:57:03.163,1.05533,1.05553,1.23,1.50
2013.04.05 04:57:03.342,1.05533,1.05554,1.23,1.50
2013.04.05 04:57:04.972,1.05533,1.05556,1.23,4.88
2013.04.05 04:57:06.092,1.05533,1.05556,1.23,4.88
2013.04.05 04:57:06.632,1.05534,1.05555,1.23,3.75
2013.04.05 04:57:07.166,1.05533,1.05555,1.98,1.50
2013.04.05 04:57:07.693,1.05533,1.05554,1.23,1.13
2013.04.05 04:57:08.264,1.05533,1.05554,1.23,1.13
2013.04.05 04:57:12.293,1.05533,1.05554,1.23,1.13
2013.04.05 04:57:12.635,1.05533,1.05555,1.23,1.13
2013.04.05 04:57:13.244,1.05533,1.05557,1.60,1.88
2013.04.05 04:57:13.966,1.05533,1.05557,1.98,2.63
2013.04.05 04:57:14.205,1.05533,1.05557,2.35,1.50
2013.04.05 04:57:17.611,1.05533,1.05557,2.73,1.50
2013.04.05 04:57:57.827,1.05534,1.05559,1.35,2.63
2013.04.05 04:58:01.262,1.05533,1.05559,2.73,2.63
2013.04.05 04:58:04.802,1.05535,1.05559,1.13,1.50
2013.04.05 04:58:16.326,1.05535,1.05559,1.13,1.50
2013.04.05 04:58:20.222,1.05534,1.05559,2.35,1.50
2013.04.05 04:58:20.829,1.05534,1.05558,1.98,1.88
2013.04.05 04:58:21.935,1.05534,1.05559,2.35,1.50
2013.04.05 04:58:25.226,1.05535,1.05559,1.13,1.50
2013.04.05 04:58:31.282,1.05535,1.05558,1.13,1.13
2013.04.05 04:58:36.020,1.05535,1.05559,1.13,1.50
2013.04.05 04:58:36.760,1.05535,1.05559,1.13,1.50
2013.04.05 04:58:38.883,1.05535,1.05559,1.13,1.50
2013.04.05 04:58:39.556,1.05535,1.05559,1.50,1.50
2013.04.05 04:58:40.619,1.05535,1.05559,1.50,1.50
2013.04.05 04:58:54.393,1.05536,1.05557,1.13,1.13
2013.04.05 04:58:55.943,1.05536,1.05559,1.13,1.13
2013.04.05 04:58:56.503,1.05536,1.05559,1.13,1.13
2013.04.05 04:58:57.744,1.05536,1.05559,1.13,1.13
2013.04.05 04:59:06.633,1.05536,1.05561,1.50,1.13
2013.04.05 04:59:08.494,1.05536,1.05561,1.50,1.13
2013.04.05 04:59:15.832,1.05536,1.05558,1.13,1.13
2013.04.05 04:59:20.184,1.05536,1.0556,1.13,1.13
2013.04.05 04:59:21.193,1.05536,1.0556,1.13,1.13
2013.04.05 04:59:21.744,1.05535,1.0556,1.28,1.88
2013.04.05 04:59:22.613,1.05537,1.05559,1.13,1.13
2013.04.05 04:59:23.103,1.05538,1.05561,1.13,1.88
2013.04.05 04:59:32.123,1.0554,1.05561,1.43,1.13
2013.04.05 04:59:32.199,1.05539,1.05562,1.88,1.13
2013.04.05 04:59:32.382,1.05539,1.0556,1.13,1.13
2013.04.05 04:59:44.133,1.05538,1.05559,1.13,1.50
2013.04.05 04:59:45.517,1.05539,1.05564,1.88,1.13
2013.04.05 04:59:48.663,1.05542,1.05565,1.43,2.85
2013.04.05 04:59:49.171,1.05543,1.05565,1.43,2.85
2013.04.05 04:59:49.683,1.05542,1.05565,1.43,2.85
2013.04.05 04:59:49.863,1.05542,1.05565,3.30,1.35
2013.04.05 04:59:50.043,1.05546,1.05569,1.13,1.50
2013.04.05 04:59:52.665,1.05547,1.05569,1.88,1.50
2013.04.05 04:59:52.973,1.05551,1.05574,1.50,1.13
2013.04.05 04:59:53.093,1.05552,1.05578,2.63,1.95
2013.04.05 04:59:53.153,1.05555,1.05578,1.50,1.13
2013.04.05 04:59:53.392,1.05557,1.0558,1.50,1.13
2013.04.05 04:59:54.504,1.0556,1.05585,1.13,2.63
2013.04.05 04:59:54.877,1.05561,1.05585,1.13,2.63
2013.04.05 04:59:56.284,1.05561,1.05585,1.13,2.25
2013.04.05 04:59:56.371,1.0556,1.05585,1.13,2.25
2013.04.05 04:59:59.922,1.05563,1.05581,1.13,1.35
