2016.03.24 07:00:00.209,0.99179,0.99206,1.00,1.00
2016.03.24 07:00:00.310,0.99173,0.99202,1.00,1.00
2016.03.24 07:00:00.536,0.99178,0.99207,1.00,1.00
2016.03.24 07:00:00.839,0.99173,0.99202,1.00,1.00
2016.03.24 07:00:01.471,0.99174,0.99201,1.00,1.00
2016.03.24 07:00:02.869,0.99169,0.99196,1.12,1.00
2016.03.24 07:00:03.070,0.99173,0.99202,1.00,1.00
2016.03.24 07:00:03.808,0.99174,0.99201,1.00,1.00
2016.03.24 07:00:04.510,0.99165,0.99197,1.00,1.00
2016.03.24 07:00:04.561,0.99163,0.99197,1.75,1.00
2016.03.24 07:00:04.663,0.99164,0.99196,1.50,1.00
2016.03.24 07:00:04.764,0.99164,0.99196,1.75,1.00
2016.03.24 07:00:05.389,0.99167,0.99196,1.35,1.00
2016.03.24 07:00:05.592,0.99171,0.99201,1.00,1.00
2016.03.24 07:00:06.465,0.99171,0.99202,1.00,1.00
2016.03.24 07:00:07.015,0.99168,0.99202,1.75,1.50
2016.03.24 07:00:07.167,0.99168,0.99202,1.12,1.75
2016.03.24 07:00:07.496,0.99168,0.99202,1.75,1.50
2016.03.24 07:00:07.798,0.99164,0.99196,1.75,1.00
2016.03.24 07:00:08.186,0.99169,0.99201,1.75,1.00
2016.03.24 07:00:08.237,0.99169,0.99201,1.75,1.00
2016.03.24 07:00:08.540,0.99177,0.99197,1.00,1.00
2016.03.24 07:00:08.591,0.99177,0.99201,1.00,1.00
2016.03.24 07:00:08.692,0.99178,0.99206,1.00,1.37
2016.03.24 07:00:08.743,0.99178,0.99206,1.87,1.00
2016.03.24 07:00:08.793,0.99179,0.99212,1.75,1.00
2016.03.24 07:00:08.945,0.9918,0.99211,2.25,1.00
2016.03.24 07:00:09.068,0.99184,0.99216,1.75,1.00
2016.03.24 07:00:09.270,0.99184,0.99211,1.75,1.00
2016.03.24 07:00:09.472,0.99184,0.99211,1.12,1.00
2016.03.24 07:00:09.650,0.99184,0.99211,1.37,1.00
2016.03.24 07:00:10.175,0.9918,0.99211,1.75,1.75
2016.03.24 07:00:10.681,0.99179,0.99212,3.00,1.75
2016.03.24 07:00:10.782,0.99179,0.99212,1.75,1.75
2016.03.24 07:00:11.120,0.9918,0.99212,2.25,1.75
2016.03.24 07:00:11.756,0.9918,0.99207,2.25,1.00
2016.03.24 07:00:12.270,0.9918,0.99211,2.25,1.75
2016.03.24 07:00:14.898,0.9918,0.99211,3.00,1.75
2016.03.24 07:00:14.999,0.9918,0.99211,1.75,1.75
2016.03.24 07:00:15.101,0.9918,0.99211,1.75,1.75
2016.03.24 07:00:15.639,0.9918,0.99211,1.75,1.75
2016.03.24 07:00:16.193,0.9918,0.99211,1.75,1.75
2016.03.24 07:00:16.497,0.99185,0.99208,1.00,1.00
2016.03.24 07:00:16.598,0.9918,0.99211,3.00,1.75
2016.03.24 07:00:17.102,0.99181,0.99211,2.25,1.50
2016.03.24 07:00:17.436,0.9918,0.99211,1.75,1.75
2016.03.24 07:00:17.865,0.99187,0.99209,1.00,1.00
2016.03.24 07:00:18.369,0.9918,0.99211,1.75,1.75
2016.03.24 07:00:18.471,0.99187,0.9921,1.00,1.00
2016.03.24 07:00:19.140,0.9918,0.9921,2.25,1.50
2016.03.24 07:00:19.191,0.99175,0.9921,1.75,1.75
2016.03.24 07:00:19.292,0.99175,0.99209,1.75,1.75
2016.03.24 07:00:19.797,0.99174,0.99205,1.75,1.75
2016.03.24 07:00:19.898,0.99174,0.99205,1.75,1.75
2016.03.24 07:00:21.402,0.99169,0.99201,1.75,1.75
2016.03.24 07:00:21.504,0.99169,0.99201,1.75,1.75
2016.03.24 07:00:25.141,0.99169,0.99199,1.75,1.75
2016.03.24 07:00:26.257,0.99169,0.99195,1.37,1.75
2016.03.24 07:00:26.528,0.99159,0.9919,1.75,1.75
2016.03.24 07:00:26.629,0.99158,0.9919,1.75,2.25
2016.03.24 07:00:26.730,0.99158,0.99186,1.37,1.75
2016.03.24 07:00:26.831,0.99158,0.9918,1.00,1.00
2016.03.24 07:00:27.624,0.99159,0.99188,1.37,2.25
2016.03.24 07:00:27.726,0.9916,0.99183,1.00,1.00
2016.03.24 07:00:28.550,0.99161,0.9919,1.37,2.62
2016.03.24 07:00:28.601,0.99161,0.99196,1.75,1.75
2016.03.24 07:00:28.652,0.9916,0.99196,1.75,2.25
2016.03.24 07:00:28.955,0.99164,0.99195,2.25,1.75
2016.03.24 07:00:29.006,0.99163,0.99195,1.75,1.75
2016.03.24 07:00:29.207,0.99163,0.99195,1.75,1.75
2016.03.24 07:00:29.359,0.99163,0.99197,1.75,2.25
2016.03.24 07:00:29.562,0.99164,0.99187,1.00,1.00
2016.03.24 07:00:30.559,0.9916,0.99191,1.75,1.75
2016.03.24 07:00:30.609,0.99163,0.99196,1.75,1.75
2016.03.24 07:00:31.147,0.99164,0.99196,1.75,3.75
2016.03.24 07:00:31.248,0.99165,0.99188,1.00,1.00
2016.03.24 07:00:33.046,0.99159,0.99191,2.25,1.75
2016.03.24 07:00:33.248,0.99168,0.99198,1.75,1.75
2016.03.24 07:00:35.055,0.99164,0.99196,1.75,1.75
2016.03.24 07:00:35.195,0.99164,0.99196,1.75,5.25
2016.03.24 07:00:35.657,0.99164,0.99193,1.37,3.75
2016.03.24 07:00:35.859,0.99164,0.99187,1.50,1.00
2016.03.24 07:00:37.075,0.99164,0.99194,1.50,1.75
2016.03.24 07:00:37.548,0.99164,0.99193,1.75,1.75
2016.03.24 07:00:37.599,0.99169,0.99191,1.00,1.00
2016.03.24 07:00:39.190,0.99163,0.99197,1.75,1.75
2016.03.24 07:00:39.905,0.99163,0.99197,3.75,1.75
2016.03.24 07:00:40.186,0.99159,0.99189,1.75,2.25
2016.03.24 07:00:40.338,0.99159,0.99189,1.75,1.75
2016.03.24 07:00:40.389,0.99158,0.99192,3.00,1.75
2016.03.24 07:00:40.439,0.99163,0.99185,1.00,1.00
2016.03.24 07:00:40.641,0.99158,0.99192,1.75,2.25
2016.03.24 07:00:40.948,0.99158,0.99192,1.75,3.00
2016.03.24 07:00:41.548,0.99159,0.99192,1.75,1.75
2016.03.24 07:00:41.951,0.99167,0.9919,1.00,1.00
2016.03.24 07:00:42.500,0.99159,0.99192,4.50,1.75
2016.03.24 07:00:42.551,0.99159,0.99191,5.25,1.75
2016.03.24 07:00:42.652,0.99159,0.99191,1.75,1.75
2016.03.24 07:00:43.307,0.9916,0.99191,1.75,1.75
2016.03.24 07:00:43.408,0.9916,0.99191,1.75,1.75
2016.03.24 07:00:43.797,0.99159,0.99191,3.00,1.75
2016.03.24 07:00:44.327,0.99158,0.99192,3.00,1.75
2016.03.24 07:00:44.579,0.9916,0.99192,1.75,1.75
2016.03.24 07:00:44.680,0.9916,0.99192,1.75,1.75
2016.03.24 07:00:44.897,0.99164,0.99196,1.75,1.75
2016.03.24 07:00:44.949,0.99164,0.99196,4.50,1.75
2016.03.24 07:00:45.264,0.99168,0.99197,1.75,1.50
2016.03.24 07:00:48.777,0.99168,0.99197,1.75,1.75
2016.03.24 07:00:49.931,0.99169,0.99201,1.75,1.75
2016.03.24 07:00:49.982,0.99175,0.99197,1.00,1.00
2016.03.24 07:00:51.912,0.99175,0.99196,1.00,1.00
2016.03.24 07:00:52.063,0.99166,0.99196,1.75,1.75
2016.03.24 07:00:54.306,0.99165,0.99194,2.25,1.72
2016.03.24 07:00:54.508,0.99154,0.99179,1.75,1.00
2016.03.24 07:00:54.639,0.99154,0.99182,1.37,1.75
2016.03.24 07:00:54.690,0.99154,0.99175,1.00,1.00
2016.03.24 07:00:54.842,0.99154,0.99183,1.75,2.25
2016.03.24 07:00:54.893,0.99159,0.99182,1.00,1.00
2016.03.24 07:00:55.095,0.99158,0.99187,1.75,1.75
2016.03.24 07:00:55.196,0.99158,0.99187,1.50,1.75
2016.03.24 07:00:55.247,0.99158,0.99187,1.75,1.50
2016.03.24 07:00:55.298,0.99158,0.99187,1.75,1.50
2016.03.24 07:00:55.731,0.99164,0.99189,1.00,1.75
2016.03.24 07:00:55.782,0.99159,0.99189,1.75,1.75
2016.03.24 07:00:56.185,0.99159,0.99186,1.37,1.75
2016.03.24 07:00:56.236,0.99159,0.99186,1.75,1.75
2016.03.24 07:00:56.287,0.99159,0.99186,1.75,1.75
2016.03.24 07:00:56.388,0.9916,0.99186,1.75,1.12
2016.03.24 07:00:56.489,0.99164,0.99191,1.75,1.75
2016.03.24 07:00:56.873,0.99164,0.9919,1.12,1.75
2016.03.24 07:00:57.379,0.99164,0.99188,1.00,1.75
2016.03.24 07:00:57.530,0.99159,0.99186,1.75,1.75
2016.03.24 07:00:58.568,0.99159,0.99186,1.75,1.12
2016.03.24 07:00:59.373,0.99164,0.99184,1.00,1.00
2016.03.24 07:00:59.524,0.99162,0.99184,1.00,1.00
2016.03.24 07:01:00.028,0.99163,0.99184,1.00,1.00
2016.03.24 07:01:00.330,0.99163,0.9919,1.37,1.75
2016.03.24 07:01:00.381,0.99165,0.99187,1.00,1.00
2016.03.24 07:01:00.532,0.99166,0.99192,1.37,1.37
2016.03.24 07:01:00.583,0.99168,0.99192,1.75,1.00
2016.03.24 07:01:00.634,0.99169,0.99196,1.75,1.50
2016.03.24 07:01:02.069,0.99172,0.99196,1.75,1.00
2016.03.24 07:01:02.817,0.99171,0.99197,1.75,1.12
2016.03.24 07:01:08.806,0.99171,0.99201,1.75,1.75
2016.03.24 07:01:09.476,0.99181,0.99207,1.37,2.62
2016.03.24 07:01:09.527,0.99181,0.99211,1.75,1.75
2016.03.24 07:01:09.718,0.99183,0.99215,1.75,1.75
2016.03.24 07:01:09.819,0.99183,0.99215,1.75,1.75
2016.03.24 07:01:11.053,0.99186,0.99212,1.75,1.12
2016.03.24 07:01:12.520,0.99187,0.99211,1.75,1.00
2016.03.24 07:01:16.124,0.99183,0.99211,2.25,1.37
2016.03.24 07:01:16.227,0.99184,0.99207,1.00,1.00
2016.03.24 07:01:16.328,0.99183,0.99206,1.75,1.00
2016.03.24 07:01:16.530,0.99179,0.99206,1.75,1.75
2016.03.24 07:01:17.161,0.9918,0.99206,1.75,1.75
2016.03.24 07:01:17.705,0.99181,0.99206,1.75,1.75
2016.03.24 07:01:18.212,0.99181,0.99206,1.75,1.50
2016.03.24 07:01:18.993,0.9918,0.99207,1.50,1.75
2016.03.24 07:01:19.043,0.9918,0.99207,1.50,1.75
2016.03.24 07:01:19.094,0.9918,0.99207,1.75,1.75
2016.03.24 07:01:19.145,0.9918,0.99207,1.75,1.75
2016.03.24 07:01:19.576,0.9918,0.99207,1.37,1.75
2016.03.24 07:01:19.677,0.9918,0.99207,1.75,1.75
2016.03.24 07:01:20.751,0.99183,0.99205,1.00,1.00
2016.03.24 07:01:21.003,0.99182,0.99206,3.00,1.37
2016.03.24 07:01:21.104,0.99183,0.99207,2.25,1.00
2016.03.24 07:01:21.256,0.99187,0.99207,1.00,1.00
2016.03.24 07:01:21.357,0.99187,0.9921,1.00,1.00
2016.03.24 07:01:21.688,0.9918,0.99212,1.75,1.75
2016.03.24 07:01:21.991,0.99189,0.99217,1.00,2.25
2016.03.24 07:01:22.092,0.99195,0.99217,1.00,1.00
2016.03.24 07:01:22.193,0.99191,0.99221,3.00,1.50
2016.03.24 07:01:22.498,0.99188,0.99217,1.75,1.50
2016.03.24 07:01:22.835,0.99188,0.99221,1.75,1.75
2016.03.24 07:01:22.886,0.99188,0.99221,1.75,1.75
2016.03.24 07:01:23.363,0.99189,0.99216,1.75,1.12
2016.03.24 07:01:25.464,0.99188,0.99217,2.25,1.50
2016.03.24 07:01:25.782,0.99187,0.99212,1.75,1.00
2016.03.24 07:01:25.883,0.99191,0.99213,1.00,1.00
2016.03.24 07:01:25.934,0.99185,0.99216,1.75,1.75
2016.03.24 07:01:26.087,0.99186,0.99215,1.75,1.75
2016.03.24 07:01:26.138,0.99186,0.99212,1.37,1.75
2016.03.24 07:01:26.189,0.99185,0.99207,1.50,1.00
2016.03.24 07:01:26.341,0.99183,0.99206,1.37,1.37
2016.03.24 07:01:26.392,0.99183,0.99206,1.12,1.75
2016.03.24 07:01:26.493,0.99186,0.99211,1.00,1.75
2016.03.24 07:01:26.595,0.99187,0.99212,1.75,1.12
2016.03.24 07:01:26.646,0.99187,0.99212,1.75,1.12
2016.03.24 07:01:26.971,0.99189,0.99212,1.00,1.00
2016.03.24 07:01:31.190,0.99184,0.99211,1.75,1.37
2016.03.24 07:01:31.492,0.99184,0.99211,1.75,1.50
2016.03.24 07:01:31.694,0.99189,0.99211,1.00,1.00
2016.03.24 07:01:31.795,0.99186,0.99216,1.75,3.00
2016.03.24 07:01:33.277,0.99185,0.99212,1.50,1.75
2016.03.24 07:01:33.328,0.99184,0.99212,1.75,1.75
2016.03.24 07:01:34.307,0.99183,0.99212,1.37,1.75
2016.03.24 07:01:34.585,0.99181,0.99206,1.37,1.75
2016.03.24 07:01:34.787,0.9918,0.99202,1.00,1.00
2016.03.24 07:01:35.414,0.99179,0.99206,1.00,1.75
2016.03.24 07:01:36.470,0.99177,0.99207,1.50,1.75
2016.03.24 07:01:36.993,0.99178,0.99207,1.12,3.00
2016.03.24 07:01:38.326,0.99179,0.99206,1.00,1.75
2016.03.24 07:01:39.204,0.99178,0.99207,1.87,3.75
2016.03.24 07:01:39.730,0.99179,0.99206,1.00,1.75
2016.03.24 07:01:40.002,0.99179,0.99206,1.50,1.75
2016.03.24 07:01:41.534,0.99179,0.99206,1.87,1.75
2016.03.24 07:01:42.043,0.9918,0.99206,1.00,1.75
2016.03.24 07:01:43.416,0.99181,0.99201,1.00,1.37
2016.03.24 07:01:43.819,0.99181,0.99201,1.00,1.75
2016.03.24 07:01:43.971,0.99178,0.99201,1.12,1.75
2016.03.24 07:01:45.648,0.99176,0.99202,1.75,1.50
2016.03.24 07:01:48.104,0.99175,0.99202,1.75,1.75
2016.03.24 07:01:48.616,0.99176,0.99202,1.75,1.75
2016.03.24 07:01:48.667,0.99177,0.99199,1.00,1.00
2016.03.24 07:01:49.222,0.99178,0.99199,1.00,1.00
2016.03.24 07:01:50.156,0.99178,0.99202,1.37,1.50
2016.03.24 07:01:50.660,0.9918,0.99206,1.00,2.25
2016.03.24 07:01:50.711,0.9918,0.99207,1.37,3.00
2016.03.24 07:01:50.762,0.9918,0.99207,1.75,1.75
2016.03.24 07:01:50.913,0.99181,0.99206,1.75,1.37
2016.03.24 07:01:51.085,0.9918,0.99206,1.75,1.00
2016.03.24 07:01:51.388,0.9918,0.99206,1.75,1.12
2016.03.24 07:01:52.325,0.99178,0.99202,1.75,1.00
2016.03.24 07:01:52.376,0.99176,0.99202,1.75,1.12
2016.03.24 07:01:52.426,0.99176,0.99202,1.37,1.50
2016.03.24 07:01:52.477,0.99174,0.99202,1.37,1.75
2016.03.24 07:01:52.679,0.99176,0.99198,1.00,1.00
2016.03.24 07:01:53.241,0.99175,0.99197,1.00,1.00
2016.03.24 07:01:55.212,0.99171,0.99201,2.25,2.25
2016.03.24 07:01:55.262,0.99171,0.99201,2.25,2.25
2016.03.24 07:01:56.177,0.9917,0.99201,1.75,1.75
2016.03.24 07:01:56.733,0.99173,0.99201,1.75,1.12
2016.03.24 07:01:56.885,0.99173,0.99201,1.75,1.12
2016.03.24 07:01:58.211,0.99182,0.99203,1.00,1.37
2016.03.24 07:01:58.312,0.99179,0.99202,1.00,1.37
2016.03.24 07:01:58.413,0.99177,0.99201,1.75,1.37
2016.03.24 07:01:58.615,0.99174,0.99207,2.25,3.00
2016.03.24 07:01:58.716,0.99173,0.99205,3.75,1.75
2016.03.24 07:01:58.872,0.99173,0.99202,2.25,1.50
2016.03.24 07:01:58.923,0.99169,0.99199,1.75,1.00
2016.03.24 07:01:59.024,0.99168,0.99199,1.75,1.00
2016.03.24 07:01:59.075,0.99168,0.99202,1.75,1.75
2016.03.24 07:01:59.378,0.99175,0.99209,1.75,2.25
2016.03.24 07:01:59.681,0.99169,0.99194,1.37,1.00
2016.03.24 07:01:59.857,0.99168,0.99194,1.00,1.00
2016.03.24 07:01:59.907,0.99165,0.99199,1.50,1.75
2016.03.24 07:02:00.210,0.99159,0.99195,1.75,1.75
2016.03.24 07:02:01.098,0.99162,0.99192,1.75,1.75
2016.03.24 07:02:01.401,0.9917,0.99197,1.75,1.50
2016.03.24 07:02:01.703,0.99168,0.99197,1.75,1.12
2016.03.24 07:02:01.805,0.99172,0.99197,1.00,1.50
2016.03.24 07:02:07.520,0.99172,0.99196,1.00,1.00
2016.03.24 07:02:09.525,0.99172,0.99197,1.00,1.50
2016.03.24 07:02:09.728,0.99163,0.99191,1.75,1.00
2016.03.24 07:02:09.829,0.99159,0.99191,1.75,1.75
2016.03.24 07:02:10.044,0.99158,0.99192,1.75,2.25
2016.03.24 07:02:11.835,0.99158,0.99192,1.75,1.75
2016.03.24 07:02:12.137,0.99158,0.99192,1.75,1.75
2016.03.24 07:02:12.339,0.99161,0.99192,2.25,1.87
2016.03.24 07:02:12.666,0.99164,0.992,1.75,1.75
2016.03.24 07:02:15.097,0.99164,0.99192,1.75,1.00
2016.03.24 07:02:15.984,0.99164,0.99196,1.75,1.37
2016.03.24 07:02:16.502,0.99172,0.99196,1.00,1.00
2016.03.24 07:02:16.750,0.99169,0.99194,1.00,1.00
2016.03.24 07:02:16.801,0.99169,0.99191,1.00,1.00
2016.03.24 07:02:17.351,0.99163,0.99191,1.75,1.00
2016.03.24 07:02:17.903,0.99163,0.99191,3.00,1.00
2016.03.24 07:02:18.239,0.99164,0.99197,3.00,1.87
2016.03.24 07:02:18.441,0.99165,0.99192,1.75,1.00
2016.03.24 07:02:19.763,0.99165,0.99197,2.25,1.37
2016.03.24 07:02:21.244,0.99174,0.99196,1.00,1.00
2016.03.24 07:02:21.396,0.99174,0.992,1.00,1.00
2016.03.24 07:02:21.447,0.99171,0.99201,1.75,1.12
2016.03.24 07:02:21.770,0.99173,0.99202,1.75,1.00
2016.03.24 07:02:21.872,0.99173,0.99202,1.75,1.12
2016.03.24 07:02:22.344,0.99173,0.99202,2.25,1.00
2016.03.24 07:02:23.362,0.99178,0.99202,1.00,1.00
2016.03.24 07:02:23.895,0.99178,0.99201,1.00,1.00
2016.03.24 07:02:24.669,0.99173,0.99201,1.75,1.00
2016.03.24 07:02:31.604,0.99177,0.99206,2.25,1.00
2016.03.24 07:02:32.119,0.99178,0.99206,1.75,1.00
2016.03.24 07:02:33.690,0.99176,0.99206,1.75,1.12
2016.03.24 07:02:33.791,0.99177,0.99201,1.00,1.00
2016.03.24 07:02:34.208,0.99171,0.99197,1.75,1.00
2016.03.24 07:02:34.434,0.99174,0.99206,1.75,2.25
2016.03.24 07:02:34.485,0.99178,0.99203,1.00,1.00
2016.03.24 07:02:36.914,0.99173,0.99206,1.75,1.75
2016.03.24 07:02:37.418,0.99167,0.99203,1.75,2.25
2016.03.24 07:02:37.519,0.99164,0.99199,1.75,1.75
2016.03.24 07:02:37.851,0.99161,0.99191,1.75,1.50
2016.03.24 07:02:39.492,0.99163,0.99196,1.75,1.75
2016.03.24 07:02:41.325,0.9916,0.99194,1.75,1.75
2016.03.24 07:02:41.736,0.99159,0.99186,1.75,1.00
2016.03.24 07:02:45.333,0.99159,0.99186,1.75,1.00
2016.03.24 07:02:46.132,0.99158,0.99187,1.75,1.12
2016.03.24 07:02:47.536,0.99159,0.99187,1.75,1.00
2016.03.24 07:02:47.586,0.99159,0.99189,1.75,1.12
2016.03.24 07:02:47.637,0.99158,0.99187,1.75,1.00
2016.03.24 07:02:48.016,0.99156,0.9919,1.75,1.75
2016.03.24 07:02:48.067,0.99156,0.9919,1.75,1.75
2016.03.24 07:02:48.118,0.99155,0.99189,1.75,1.75
2016.03.24 07:02:48.623,0.99158,0.99183,1.00,1.00
2016.03.24 07:02:48.725,0.99152,0.99182,1.75,1.75
2016.03.24 07:02:49.059,0.99152,0.99181,3.37,1.00
2016.03.24 07:02:49.211,0.99153,0.99184,1.75,1.12
2016.03.24 07:02:49.513,0.99163,0.99189,1.12,1.37
2016.03.24 07:02:49.564,0.99163,0.99189,1.50,1.37
2016.03.24 07:02:49.665,0.99163,0.99192,1.75,1.75
2016.03.24 07:02:50.332,0.99162,0.99187,1.00,1.00
2016.03.24 07:02:50.931,0.99162,0.99186,1.00,1.00
2016.03.24 07:02:51.305,0.9916,0.99192,1.75,1.37
2016.03.24 07:02:51.356,0.9916,0.99192,1.75,1.37
2016.03.24 07:02:51.732,0.99163,0.99188,1.00,1.00
2016.03.24 07:02:51.835,0.99167,0.99192,1.00,1.00
2016.03.24 07:02:52.155,0.99161,0.99191,2.25,1.50
2016.03.24 07:02:52.457,0.99164,0.99194,1.75,1.37
2016.03.24 07:02:52.760,0.99162,0.99186,2.25,1.00
2016.03.24 07:02:52.861,0.99162,0.99186,1.75,1.00
2016.03.24 07:02:53.466,0.9916,0.99187,1.75,1.00
2016.03.24 07:02:54.068,0.9916,0.99186,1.75,1.00
2016.03.24 07:02:54.798,0.99162,0.99187,1.12,1.00
2016.03.24 07:02:55.050,0.99159,0.99186,1.75,1.00
2016.03.24 07:02:55.151,0.99161,0.99186,1.12,1.00
2016.03.24 07:02:55.252,0.99165,0.99192,1.75,1.00
2016.03.24 07:02:55.353,0.99164,0.99196,2.25,1.37
2016.03.24 07:02:55.536,0.99171,0.99196,2.25,1.37
2016.03.24 07:02:55.587,0.99172,0.99201,2.25,1.00
2016.03.24 07:02:55.638,0.99172,0.99207,3.00,2.25
2016.03.24 07:02:55.790,0.99176,0.99207,1.75,1.12
2016.03.24 07:02:55.840,0.99175,0.99207,2.25,1.50
2016.03.24 07:02:55.891,0.99173,0.99207,2.25,1.75
2016.03.24 07:02:55.942,0.99173,0.99207,2.25,1.75
2016.03.24 07:02:56.094,0.99178,0.99204,1.00,1.00
2016.03.24 07:02:56.245,0.99174,0.99206,1.75,1.75
2016.03.24 07:02:56.464,0.99169,0.99201,1.75,2.25
2016.03.24 07:02:56.514,0.99169,0.99201,1.75,1.75
2016.03.24 07:02:56.565,0.99169,0.99201,1.75,1.75
2016.03.24 07:02:56.666,0.99169,0.99201,1.75,1.75
2016.03.24 07:02:57.321,0.99166,0.99201,1.75,1.75
2016.03.24 07:02:57.372,0.99168,0.99201,1.75,1.75
2016.03.24 07:02:57.423,0.99168,0.99202,3.00,1.50
2016.03.24 07:02:57.474,0.99177,0.99202,1.00,1.50
2016.03.24 07:02:57.992,0.99177,0.99201,1.00,1.00
2016.03.24 07:02:59.499,0.99177,0.99196,1.00,1.00
2016.03.24 07:03:01.474,0.99177,0.99201,1.00,1.00
2016.03.24 07:03:01.633,0.99168,0.992,3.75,1.37
2016.03.24 07:03:01.836,0.99163,0.99197,3.00,2.25
2016.03.24 07:03:01.938,0.99168,0.99196,1.75,1.12
2016.03.24 07:03:01.988,0.99167,0.99196,1.75,1.00
2016.03.24 07:03:02.564,0.99168,0.99201,1.75,1.75
2016.03.24 07:03:02.991,0.99165,0.99198,1.75,1.50
2016.03.24 07:03:03.243,0.99165,0.99197,1.75,1.00
2016.03.24 07:03:03.784,0.99166,0.99196,1.75,1.00
2016.03.24 07:03:04.969,0.99166,0.99196,1.75,1.12
2016.03.24 07:03:06.853,0.99166,0.99191,1.75,1.00
2016.03.24 07:03:07.122,0.99166,0.99196,1.75,1.87
2016.03.24 07:03:07.818,0.99166,0.99192,1.75,1.00
2016.03.24 07:03:08.599,0.99166,0.99192,1.75,1.00
2016.03.24 07:03:08.650,0.99168,0.99192,1.00,1.00
2016.03.24 07:03:08.852,0.99168,0.99194,1.00,1.00
2016.03.24 07:03:09.003,0.99162,0.99196,2.25,1.75
2016.03.24 07:03:09.242,0.99171,0.99196,1.00,1.00
2016.03.24 07:03:09.343,0.99165,0.99197,3.75,1.12
2016.03.24 07:03:11.852,0.99165,0.99197,2.25,1.37
2016.03.24 07:03:12.954,0.99174,0.99196,1.00,1.00
2016.03.24 07:03:13.915,0.99174,0.99199,1.00,1.00
2016.03.24 07:03:13.966,0.99171,0.99202,1.75,1.75
2016.03.24 07:03:14.268,0.99175,0.99201,1.75,1.00
2016.03.24 07:03:14.696,0.99168,0.99202,3.00,1.75
2016.03.24 07:03:14.747,0.99168,0.99202,3.00,1.75
2016.03.24 07:03:15.251,0.99165,0.99196,1.75,1.12
2016.03.24 07:03:19.866,0.99165,0.99196,1.75,1.75
2016.03.24 07:03:20.370,0.99162,0.99192,2.25,1.00
2016.03.24 07:03:22.703,0.99162,0.99191,2.25,1.00
2016.03.24 07:03:23.067,0.99162,0.99192,1.75,1.12
2016.03.24 07:03:23.621,0.99161,0.99191,2.25,1.00
2016.03.24 07:03:23.772,0.99164,0.99192,1.75,1.00
2016.03.24 07:03:23.929,0.99169,0.99195,1.00,1.00
2016.03.24 07:03:24.685,0.99164,0.99196,3.75,1.12
2016.03.24 07:03:26.466,0.99167,0.99192,1.12,1.00
2016.03.24 07:03:26.694,0.99174,0.99197,1.00,1.00
2016.03.24 07:03:29.006,0.99168,0.99191,1.75,1.00
2016.03.24 07:03:29.208,0.9917,0.99196,1.00,1.50
2016.03.24 07:03:29.309,0.99168,0.99193,1.00,1.00
2016.03.24 07:03:29.641,0.99168,0.99191,1.00,1.00
2016.03.24 07:03:29.943,0.99164,0.99191,2.25,1.00
2016.03.24 07:03:31.538,0.99164,0.99196,1.75,1.50
2016.03.24 07:03:31.640,0.99164,0.99191,1.75,1.00
2016.03.24 07:03:31.690,0.99164,0.99191,1.75,1.00
2016.03.24 07:03:31.931,0.9916,0.99192,1.75,1.75
2016.03.24 07:03:32.032,0.9916,0.99191,3.75,1.00
2016.03.24 07:03:33.914,0.99169,0.99191,1.00,1.00
2016.03.24 07:03:34.069,0.99166,0.99201,1.75,1.75
2016.03.24 07:03:34.222,0.99166,0.99201,3.00,1.75
2016.03.24 07:03:34.273,0.99166,0.99196,3.75,1.00
2016.03.24 07:03:35.001,0.99167,0.99196,2.25,1.00
2016.03.24 07:03:35.704,0.99175,0.992,1.00,1.00
2016.03.24 07:03:36.431,0.99175,0.99192,1.00,1.00
2016.03.24 07:03:37.757,0.99175,0.99196,1.00,1.00
2016.03.24 07:03:37.858,0.99175,0.99186,1.00,1.00
2016.03.24 07:03:38.009,0.99166,0.99197,1.87,1.37
2016.03.24 07:03:38.060,0.99161,0.99195,1.75,2.25
2016.03.24 07:03:38.162,0.99159,0.99193,2.25,1.75
2016.03.24 07:03:40.111,0.99159,0.99187,1.75,1.00
2016.03.24 07:03:40.625,0.99158,0.99186,1.75,1.00
2016.03.24 07:03:41.164,0.99165,0.99191,1.00,1.50
2016.03.24 07:03:42.231,0.99159,0.99191,3.00,1.12
2016.03.24 07:03:42.735,0.99164,0.99191,1.75,1.00
2016.03.24 07:03:43.240,0.99159,0.99191,2.25,2.25
2016.03.24 07:03:43.616,0.99162,0.99194,1.75,1.12
2016.03.24 07:03:43.768,0.99162,0.99191,1.75,1.00
2016.03.24 07:03:43.869,0.99164,0.99189,1.00,1.00
2016.03.24 07:03:44.700,0.99157,0.99191,1.87,1.75
2016.03.24 07:03:45.698,0.99158,0.99193,1.75,1.75
2016.03.24 07:03:45.749,0.99158,0.99193,1.75,1.75
2016.03.24 07:03:45.800,0.99158,0.99195,3.75,2.25
2016.03.24 07:03:46.103,0.99162,0.99197,1.75,2.25
2016.03.24 07:03:49.208,0.99159,0.99196,1.75,1.75
2016.03.24 07:03:49.613,0.99157,0.99193,1.75,1.75
2016.03.24 07:03:49.714,0.99153,0.99192,4.50,1.75
2016.03.24 07:03:50.101,0.99153,0.99182,3.75,1.00
2016.03.24 07:03:51.771,0.99155,0.99186,1.75,1.37
2016.03.24 07:03:53.428,0.99163,0.99186,1.00,1.00
2016.03.24 07:03:53.930,0.99155,0.99186,1.75,1.12
2016.03.24 07:03:56.946,0.99159,0.99186,1.75,1.00
2016.03.24 07:03:57.207,0.99157,0.99186,1.12,1.00
2016.03.24 07:03:57.258,0.99156,0.99186,2.25,1.12
2016.03.24 07:03:57.568,0.99156,0.99186,1.75,1.75
2016.03.24 07:03:58.470,0.99157,0.99186,1.75,1.00
2016.03.24 07:03:58.572,0.99164,0.99186,1.00,1.00
2016.03.24 07:03:59.172,0.99158,0.99186,1.75,1.12
2016.03.24 07:04:00.467,0.99156,0.99186,1.75,1.50
2016.03.24 07:04:00.967,0.99156,0.99181,1.75,1.00
2016.03.24 07:04:01.522,0.99156,0.99186,1.75,1.50
2016.03.24 07:04:01.623,0.99156,0.99182,1.75,1.00
2016.03.24 07:04:02.104,0.99155,0.99187,3.75,1.75
2016.03.24 07:04:02.155,0.9916,0.99182,1.00,1.00
2016.03.24 07:04:03.849,0.99154,0.99182,1.75,1.50
2016.03.24 07:04:03.900,0.99158,0.99181,1.00,1.00
2016.03.24 07:04:04.864,0.99153,0.99182,2.25,1.12
2016.03.24 07:04:06.146,0.99153,0.99181,1.75,1.00
2016.03.24 07:04:06.298,0.99157,0.9918,1.00,1.00
2016.03.24 07:04:06.399,0.99152,0.99181,2.25,1.75
2016.03.24 07:04:06.768,0.99152,0.99176,1.75,1.00
2016.03.24 07:04:07.377,0.99155,0.99176,1.00,1.00
2016.03.24 07:04:08.112,0.99155,0.99177,1.00,1.50
2016.03.24 07:04:08.434,0.99152,0.99177,1.75,1.00
2016.03.24 07:04:10.259,0.99152,0.99177,4.50,1.00
2016.03.24 07:04:10.310,0.99153,0.99177,1.75,1.00
2016.03.24 07:04:10.360,0.99153,0.99177,1.75,1.00
2016.03.24 07:04:10.663,0.99153,0.99172,1.75,1.00
2016.03.24 07:04:10.764,0.99153,0.99176,1.75,1.00
2016.03.24 07:04:10.815,0.99152,0.99176,1.75,1.00
2016.03.24 07:04:11.334,0.99151,0.99176,1.75,1.00
2016.03.24 07:04:11.746,0.99151,0.99171,1.75,1.00
2016.03.24 07:04:11.797,0.99148,0.99171,1.75,1.00
2016.03.24 07:04:12.010,0.99143,0.99176,1.75,1.75
2016.03.24 07:04:12.162,0.99145,0.99174,2.25,1.37
2016.03.24 07:04:12.515,0.99146,0.99177,3.00,1.75
2016.03.24 07:04:12.773,0.99147,0.99171,3.00,1.00
2016.03.24 07:04:12.997,0.99145,0.99176,2.25,1.75
2016.03.24 07:04:13.098,0.99147,0.99176,1.75,1.12
2016.03.24 07:04:13.199,0.99147,0.99176,1.75,1.75
2016.03.24 07:04:13.505,0.99144,0.99176,5.25,1.75
2016.03.24 07:04:14.158,0.99149,0.99176,1.75,1.37
2016.03.24 07:04:14.209,0.99149,0.99176,1.75,1.00
2016.03.24 07:04:14.713,0.99149,0.99181,2.25,1.75
2016.03.24 07:04:14.864,0.99149,0.99177,1.75,1.75
2016.03.24 07:04:15.241,0.99148,0.99176,1.37,1.12
2016.03.24 07:04:15.292,0.99146,0.99174,1.00,1.00
2016.03.24 07:04:15.353,0.99146,0.99174,1.00,1.75
2016.03.24 07:04:15.504,0.99139,0.99174,3.75,1.75
2016.03.24 07:04:16.228,0.99142,0.99174,1.75,1.75
2016.03.24 07:04:16.287,0.99149,0.99174,1.00,1.00
2016.03.24 07:04:16.870,0.99149,0.99174,1.00,1.00
2016.03.24 07:04:17.496,0.99149,0.99174,1.00,1.00
2016.03.24 07:04:17.547,0.99152,0.99175,1.00,1.00
2016.03.24 07:04:17.923,0.99152,0.99177,1.00,1.50
2016.03.24 07:04:18.442,0.99152,0.99177,1.00,1.00
2016.03.24 07:04:18.998,0.99152,0.99177,1.00,1.50
2016.03.24 07:04:19.301,0.99144,0.9918,1.75,1.87
2016.03.24 07:04:19.352,0.99144,0.9918,1.75,2.87
2016.03.24 07:04:19.654,0.99144,0.9918,3.00,1.00
2016.03.24 07:04:21.862,0.99144,0.99181,3.00,2.62
2016.03.24 07:04:22.303,0.99144,0.99177,3.00,1.00
2016.03.24 07:04:22.693,0.99139,0.99171,2.25,1.00
2016.03.24 07:04:22.997,0.99146,0.99166,1.00,1.00
2016.03.24 07:04:23.646,0.9914,0.99166,2.25,1.00
2016.03.24 07:04:23.747,0.9914,0.99171,2.25,1.00
2016.03.24 07:04:23.848,0.99146,0.99171,2.25,1.00
2016.03.24 07:04:24.645,0.99147,0.99171,1.75,1.00
2016.03.24 07:04:25.163,0.99151,0.99172,1.00,1.00
2016.03.24 07:04:26.153,0.99151,0.99171,1.00,1.00
2016.03.24 07:04:26.658,0.99147,0.99171,1.75,1.00
2016.03.24 07:04:27.448,0.99146,0.99172,1.75,1.00
2016.03.24 07:04:28.464,0.99147,0.99173,1.75,1.00
2016.03.24 07:04:28.565,0.99147,0.99173,1.75,1.00
2016.03.24 07:04:28.615,0.99147,0.99175,1.75,1.00
2016.03.24 07:04:28.767,0.99148,0.99176,3.75,1.50
2016.03.24 07:04:31.504,0.99153,0.99176,1.00,1.50
2016.03.24 07:04:32.026,0.99153,0.99175,1.00,1.00
2016.03.24 07:04:32.619,0.99153,0.99174,1.00,1.00
2016.03.24 07:04:32.820,0.99146,0.99172,1.75,1.00
2016.03.24 07:04:33.555,0.99146,0.99174,1.75,1.00
2016.03.24 07:04:34.085,0.99146,0.99173,1.75,1.00
2016.03.24 07:04:34.738,0.99146,0.99172,1.75,1.00
2016.03.24 07:04:35.289,0.99146,0.99171,1.75,1.00
2016.03.24 07:04:35.429,0.99146,0.99173,1.75,1.00
2016.03.24 07:04:36.023,0.99146,0.99173,1.75,1.00
2016.03.24 07:04:36.395,0.99146,0.99172,1.75,1.37
2016.03.24 07:04:38.202,0.99146,0.99173,1.75,1.50
2016.03.24 07:04:38.253,0.99146,0.99171,1.75,1.00
2016.03.24 07:04:38.456,0.99149,0.99171,1.00,2.25
2016.03.24 07:04:38.911,0.99141,0.99171,3.00,2.25
2016.03.24 07:04:38.962,0.99141,0.99166,1.75,1.50
2016.03.24 07:04:39.063,0.99137,0.99159,3.00,1.00
2016.03.24 07:04:39.164,0.99132,0.99156,3.00,1.00
2016.03.24 07:04:39.449,0.99136,0.99156,1.00,1.00
2016.03.24 07:04:39.809,0.99136,0.99158,1.00,1.00
2016.03.24 07:04:40.112,0.9913,0.99157,3.00,1.00
2016.03.24 07:04:40.163,0.99131,0.99161,1.75,1.50
2016.03.24 07:04:40.314,0.99136,0.99161,2.25,1.12
2016.03.24 07:04:40.432,0.99135,0.99161,1.75,1.12
2016.03.24 07:04:40.534,0.99135,0.99161,1.75,1.00
2016.03.24 07:04:40.635,0.99133,0.99161,2.25,1.00
2016.03.24 07:04:40.937,0.99134,0.99162,2.25,1.87
2016.03.24 07:04:41.441,0.99133,0.99162,2.25,1.12
2016.03.24 07:04:41.974,0.99135,0.99162,1.75,1.00
2016.03.24 07:04:42.075,0.99131,0.99162,2.62,1.37
2016.03.24 07:04:42.377,0.99133,0.99162,1.50,1.37
2016.03.24 07:04:42.657,0.99133,0.99162,1.12,1.52
2016.03.24 07:04:42.708,0.99129,0.99162,1.75,1.52
2016.03.24 07:04:42.960,0.99128,0.9916,1.37,1.12
2016.03.24 07:04:43.212,0.99124,0.99156,2.25,1.00
2016.03.24 07:04:43.827,0.99125,0.99156,3.00,1.70
2016.03.24 07:04:43.979,0.9913,0.99157,1.00,1.70
2016.03.24 07:04:44.030,0.99125,0.99157,3.00,1.70
2016.03.24 07:04:44.645,0.99125,0.99153,3.00,1.00
2016.03.24 07:04:45.445,0.99125,0.99151,2.25,1.00
2016.03.24 07:04:45.546,0.99125,0.99151,1.75,1.00
2016.03.24 07:04:45.748,0.99124,0.99153,2.25,1.00
2016.03.24 07:04:46.063,0.99126,0.99152,3.00,1.00
2016.03.24 07:04:46.942,0.99129,0.99152,1.75,1.00
2016.03.24 07:04:47.697,0.99128,0.99154,2.25,1.00
2016.03.24 07:04:47.849,0.99128,0.99151,1.75,1.00
2016.03.24 07:04:47.950,0.99125,0.99151,3.00,1.00
2016.03.24 07:04:49.973,0.99127,0.99155,1.12,1.00
2016.03.24 07:04:50.023,0.99127,0.99155,2.62,1.00
2016.03.24 07:04:50.658,0.99128,0.99154,1.75,1.00
2016.03.24 07:04:50.986,0.99127,0.99151,2.25,1.00
2016.03.24 07:04:51.360,0.99133,0.99151,1.00,1.00
2016.03.24 07:04:52.026,0.99133,0.99154,1.00,1.00
2016.03.24 07:04:52.077,0.99129,0.99151,1.00,1.00
2016.03.24 07:04:52.279,0.99124,0.99151,3.00,1.00
2016.03.24 07:04:52.581,0.99126,0.99151,3.00,1.00
2016.03.24 07:04:53.136,0.99133,0.99151,1.00,1.00
2016.03.24 07:04:53.675,0.99126,0.99151,2.25,1.00
2016.03.24 07:04:56.346,0.99127,0.99152,1.75,1.00
2016.03.24 07:04:59.287,0.99128,0.99152,3.00,1.00
2016.03.24 07:04:59.338,0.99128,0.99157,3.75,1.37
2016.03.24 07:04:59.551,0.99128,0.99157,2.25,1.00
2016.03.24 07:04:59.702,0.99133,0.99157,1.00,1.00
2016.03.24 07:05:00.180,0.99133,0.99157,1.00,1.00
2016.03.24 07:05:00.517,0.99127,0.99158,2.25,1.00
2016.03.24 07:05:01.074,0.99127,0.99158,3.00,1.00
2016.03.24 07:05:01.497,0.99127,0.99159,4.12,1.00
2016.03.24 07:05:02.083,0.99129,0.9916,1.75,1.00
2016.03.24 07:05:03.374,0.99129,0.99161,1.75,1.50
2016.03.24 07:05:03.899,0.99127,0.9916,2.25,1.00
2016.03.24 07:05:03.949,0.99127,0.99151,3.00,1.00
2016.03.24 07:05:04.252,0.99127,0.99146,2.25,1.50
2016.03.24 07:05:04.303,0.99115,0.99146,2.25,1.00
2016.03.24 07:05:04.404,0.99111,0.99143,1.75,1.00
2016.03.24 07:05:04.505,0.99112,0.99144,1.75,1.00
2016.03.24 07:05:04.707,0.99116,0.99141,1.75,1.00
2016.03.24 07:05:05.043,0.99115,0.99141,2.25,1.00
2016.03.24 07:05:06.594,0.99119,0.99146,1.75,1.00
2016.03.24 07:05:06.695,0.99115,0.99146,2.25,1.00
2016.03.24 07:05:06.796,0.99114,0.99146,2.25,1.00
2016.03.24 07:05:08.313,0.99115,0.99141,1.75,1.00
2016.03.24 07:05:08.465,0.99115,0.99141,1.75,1.00
2016.03.24 07:05:08.682,0.99115,0.99141,2.25,1.00
2016.03.24 07:05:09.195,0.99115,0.99142,1.75,1.00
2016.03.24 07:05:09.296,0.99114,0.99142,3.00,1.00
2016.03.24 07:05:09.900,0.99118,0.99146,1.75,1.00
2016.03.24 07:05:10.298,0.99118,0.99146,1.75,1.75
2016.03.24 07:05:11.172,0.99117,0.99146,1.12,2.50
2016.03.24 07:05:15.299,0.99115,0.99141,1.75,1.00
2016.03.24 07:05:15.559,0.99108,0.99131,1.00,1.00
2016.03.24 07:05:15.713,0.99108,0.99134,1.75,1.75
2016.03.24 07:05:15.915,0.99113,0.99135,1.00,1.00
2016.03.24 07:05:16.016,0.99114,0.99145,3.75,3.75
2016.03.24 07:05:16.117,0.99124,0.99146,1.00,1.00
2016.03.24 07:05:16.319,0.99115,0.99146,1.75,2.25
2016.03.24 07:05:16.636,0.99118,0.99146,2.25,1.12
2016.03.24 07:05:18.236,0.99119,0.99151,1.75,2.25
2016.03.24 07:05:20.031,0.99118,0.99147,1.50,2.25
2016.03.24 07:05:20.274,0.99114,0.99136,1.00,1.00
2016.03.24 07:05:20.526,0.9911,0.99143,1.75,1.75
2016.03.24 07:05:20.829,0.99114,0.99142,1.75,1.75
2016.03.24 07:05:20.930,0.99114,0.99142,1.75,1.37
2016.03.24 07:05:21.955,0.99124,0.99139,1.00,1.00
2016.03.24 07:05:22.157,0.99124,0.99144,1.00,1.75
2016.03.24 07:05:22.460,0.99124,0.99152,1.75,2.25
2016.03.24 07:05:22.673,0.99123,0.9915,1.00,1.75
2016.03.24 07:05:23.188,0.99124,0.99151,1.00,3.00
2016.03.24 07:05:23.440,0.99124,0.9915,1.37,1.75
2016.03.24 07:05:24.042,0.99124,0.99152,1.37,1.75
2016.03.24 07:05:26.019,0.99128,0.99153,1.00,1.75
2016.03.24 07:05:26.122,0.99124,0.99153,1.37,1.75
2016.03.24 07:05:26.913,0.99129,0.99154,1.00,3.75
2016.03.24 07:05:27.092,0.99123,0.99152,1.50,1.75
2016.03.24 07:05:27.314,0.99134,0.99152,1.00,1.75
2016.03.24 07:05:27.465,0.99134,0.99149,1.00,1.00
2016.03.24 07:05:27.869,0.99129,0.9915,1.00,1.00
2016.03.24 07:05:27.970,0.99132,0.99155,1.00,1.00
2016.03.24 07:05:28.072,0.9913,0.99162,1.75,1.75
2016.03.24 07:05:28.403,0.99159,0.99171,1.00,2.25
2016.03.24 07:05:28.457,0.99153,0.99177,1.12,1.12
2016.03.24 07:05:28.508,0.99159,0.99177,1.00,1.12
2016.03.24 07:05:28.761,0.99169,0.99189,1.00,1.12
2016.03.24 07:05:28.862,0.99169,0.99189,1.00,2.25
2016.03.24 07:05:29.164,0.99169,0.99186,1.00,1.75
2016.03.24 07:05:29.332,0.99159,0.99182,1.00,2.25
2016.03.24 07:05:29.887,0.99158,0.9918,1.00,3.00
2016.03.24 07:05:30.469,0.99158,0.99172,1.00,1.00
2016.03.24 07:05:30.973,0.99158,0.99173,1.00,1.00
2016.03.24 07:05:31.177,0.99158,0.9918,1.00,1.75
2016.03.24 07:05:31.509,0.99154,0.99179,1.75,1.75
2016.03.24 07:05:33.288,0.99159,0.99188,1.75,1.75
2016.03.24 07:05:33.489,0.9917,0.99192,1.00,1.00
2016.03.24 07:05:33.984,0.99163,0.99192,2.25,1.75
2016.03.24 07:05:34.287,0.99169,0.99191,1.00,1.50
2016.03.24 07:05:35.211,0.99162,0.99192,1.75,2.25
2016.03.24 07:05:36.103,0.99164,0.99189,1.75,1.00
2016.03.24 07:05:36.573,0.99164,0.99191,1.75,1.50
2016.03.24 07:05:36.724,0.99167,0.9919,1.00,1.00
2016.03.24 07:05:37.509,0.99167,0.99198,1.75,1.75
2016.03.24 07:05:37.610,0.99164,0.99196,2.25,1.00
2016.03.24 07:05:37.803,0.99174,0.99196,1.00,1.00
2016.03.24 07:05:37.854,0.99174,0.992,1.00,1.00
2016.03.24 07:05:37.905,0.99174,0.99202,1.00,1.00
2016.03.24 07:05:38.007,0.99174,0.992,1.00,1.00
2016.03.24 07:05:39.325,0.99173,0.99201,1.50,1.50
2016.03.24 07:05:39.527,0.99165,0.99195,2.25,1.12
2016.03.24 07:05:39.931,0.99164,0.99193,1.00,1.00
2016.03.24 07:05:40.459,0.99163,0.99192,1.00,1.00
2016.03.24 07:05:41.424,0.99163,0.99193,1.00,1.00
2016.03.24 07:05:43.617,0.99162,0.99193,1.00,1.00
2016.03.24 07:05:43.920,0.9916,0.99191,1.50,1.00
2016.03.24 07:05:44.222,0.99164,0.99191,1.00,1.00
2016.03.24 07:05:44.503,0.99164,0.99193,1.00,1.12
2016.03.24 07:05:44.857,0.99164,0.99191,1.00,1.00
2016.03.24 07:05:45.125,0.99178,0.99206,1.00,1.00
2016.03.24 07:05:45.176,0.99174,0.99204,1.75,1.00
2016.03.24 07:05:45.227,0.99174,0.99204,1.00,1.12
2016.03.24 07:05:45.328,0.99179,0.99206,1.00,1.50
2016.03.24 07:05:45.631,0.99179,0.99202,1.00,1.12
2016.03.24 07:05:45.942,0.99173,0.99201,1.00,1.00
2016.03.24 07:05:46.493,0.99173,0.992,1.00,1.00
2016.03.24 07:05:46.796,0.99169,0.992,2.25,1.00
2016.03.24 07:05:46.948,0.99169,0.992,1.12,1.12
2016.03.24 07:05:47.049,0.99169,0.99196,1.12,1.00
2016.03.24 07:05:47.450,0.99166,0.992,1.75,1.50
2016.03.24 07:05:47.501,0.99166,0.992,1.37,1.87
2016.03.24 07:05:47.552,0.99164,0.99192,1.00,1.00
2016.03.24 07:05:47.653,0.99163,0.99189,1.00,1.00
2016.03.24 07:05:47.704,0.99159,0.99189,1.37,1.00
2016.03.24 07:05:47.755,0.99159,0.99186,1.00,1.00
2016.03.24 07:05:48.057,0.99154,0.99181,1.00,1.00
2016.03.24 07:05:48.360,0.99159,0.99184,1.00,1.00
2016.03.24 07:05:48.596,0.99159,0.99186,1.00,1.50
2016.03.24 07:05:49.222,0.99158,0.99188,1.00,1.12
2016.03.24 07:05:49.323,0.99158,0.99188,1.00,1.87
2016.03.24 07:05:49.373,0.99151,0.99182,1.50,1.00
2016.03.24 07:05:49.424,0.99151,0.99182,1.37,1.00
2016.03.24 07:05:49.727,0.99158,0.99184,1.00,1.37
2016.03.24 07:05:49.777,0.99154,0.99184,1.00,1.75
2016.03.24 07:05:49.979,0.99154,0.99176,1.00,1.00
2016.03.24 07:05:50.030,0.99149,0.99176,1.00,1.50
2016.03.24 07:05:50.081,0.99149,0.99172,1.00,1.00
2016.03.24 07:05:50.131,0.99144,0.99172,1.12,1.00
2016.03.24 07:05:50.182,0.99144,0.99169,1.12,1.00
2016.03.24 07:05:50.687,0.99144,0.99167,1.00,1.00
2016.03.24 07:05:51.380,0.99144,0.99168,1.00,1.00
2016.03.24 07:05:51.431,0.99138,0.99168,1.37,1.00
2016.03.24 07:05:51.784,0.99139,0.99165,1.00,1.00
2016.03.24 07:05:51.885,0.99133,0.99165,1.12,1.00
2016.03.24 07:05:52.037,0.99133,0.99163,1.00,1.00
2016.03.24 07:05:52.340,0.99139,0.99159,1.00,1.12
2016.03.24 07:05:52.441,0.99134,0.99156,1.00,1.00
2016.03.24 07:05:52.720,0.99133,0.99158,1.00,1.00
2016.03.24 07:05:53.223,0.99133,0.99157,1.00,1.00
2016.03.24 07:05:53.426,0.99133,0.99159,1.00,1.12
2016.03.24 07:05:53.527,0.99128,0.9916,1.12,1.37
2016.03.24 07:05:53.628,0.99139,0.9916,1.00,1.37
2016.03.24 07:05:54.328,0.99138,0.9916,1.00,1.37
2016.03.24 07:05:54.429,0.99138,0.99162,1.00,1.50
2016.03.24 07:05:54.480,0.99138,0.99162,1.00,1.75
2016.03.24 07:05:55.982,0.99139,0.99161,1.00,1.12
2016.03.24 07:05:56.083,0.99138,0.99161,1.00,1.75
2016.03.24 07:05:56.588,0.99139,0.99161,1.00,1.00
2016.03.24 07:05:57.036,0.99134,0.99162,1.00,1.75
2016.03.24 07:05:57.188,0.99134,0.99164,1.12,1.00
2016.03.24 07:05:57.238,0.99137,0.9917,1.00,3.75
2016.03.24 07:05:57.289,0.99137,0.9917,1.00,3.75
2016.03.24 07:05:57.390,0.99149,0.99171,1.00,1.75
2016.03.24 07:05:57.491,0.99144,0.99173,1.00,1.75
2016.03.24 07:05:57.592,0.99149,0.99173,1.00,1.75
2016.03.24 07:05:59.167,0.99144,0.99173,1.00,1.75
2016.03.24 07:06:00.050,0.99144,0.99169,1.00,1.00
2016.03.24 07:06:00.252,0.99139,0.9917,1.00,1.50
2016.03.24 07:06:00.482,0.99143,0.99171,1.00,1.75
2016.03.24 07:06:00.793,0.99149,0.99172,1.00,1.50
2016.03.24 07:06:01.584,0.99144,0.9917,1.00,1.75
2016.03.24 07:06:01.887,0.99139,0.99164,1.00,1.75
2016.03.24 07:06:02.097,0.99139,0.99163,1.00,1.75
2016.03.24 07:06:02.299,0.99139,0.99162,1.00,1.12
2016.03.24 07:06:05.026,0.99139,0.99165,1.00,1.50
2016.03.24 07:06:05.127,0.99138,0.99162,1.00,1.00
2016.03.24 07:06:06.170,0.99139,0.99163,1.00,1.75
2016.03.24 07:06:06.705,0.99139,0.99161,1.00,1.50
2016.03.24 07:06:08.727,0.99134,0.9916,1.00,1.00
2016.03.24 07:06:08.778,0.99134,0.99158,1.00,1.50
2016.03.24 07:06:09.080,0.99134,0.99156,1.00,1.50
2016.03.24 07:06:09.383,0.99134,0.99156,1.00,1.75
2016.03.24 07:06:09.534,0.99134,0.99158,1.00,1.12
2016.03.24 07:06:09.810,0.99144,0.99157,1.00,1.00
2016.03.24 07:06:09.861,0.99144,0.99164,1.00,1.75
2016.03.24 07:06:10.013,0.99144,0.99164,1.00,1.00
2016.03.24 07:06:10.315,0.99144,0.99167,1.50,1.00
2016.03.24 07:06:10.466,0.99148,0.99167,1.00,1.00
2016.03.24 07:06:11.148,0.99143,0.99173,1.12,1.75
2016.03.24 07:06:11.199,0.99143,0.99174,3.37,1.75
2016.03.24 07:06:11.300,0.99145,0.99179,3.00,1.75
2016.03.24 07:06:11.401,0.99151,0.99174,1.00,1.00
2016.03.24 07:06:11.452,0.99153,0.99174,1.00,1.00
2016.03.24 07:06:11.961,0.99153,0.9918,1.00,1.75
2016.03.24 07:06:12.112,0.99153,0.99175,1.00,1.00
2016.03.24 07:06:12.636,0.99153,0.99181,1.00,3.75
2016.03.24 07:06:12.941,0.99158,0.99181,1.00,1.75
2016.03.24 07:06:12.991,0.99154,0.99181,1.00,1.75
2016.03.24 07:06:13.334,0.99158,0.99179,1.00,1.75
2016.03.24 07:06:13.435,0.99153,0.99181,1.12,1.75
2016.03.24 07:06:19.032,0.99153,0.99182,1.75,1.75
2016.03.24 07:06:19.267,0.99153,0.99188,1.87,1.75
2016.03.24 07:06:19.369,0.99164,0.99188,1.00,1.75
2016.03.24 07:06:19.571,0.99164,0.99189,1.00,1.50
2016.03.24 07:06:20.074,0.99163,0.9919,1.00,1.75
2016.03.24 07:06:20.601,0.99164,0.99192,1.00,1.75
2016.03.24 07:06:21.452,0.99158,0.99189,1.00,1.50
2016.03.24 07:06:21.503,0.99158,0.99185,1.00,1.00
2016.03.24 07:06:21.729,0.99154,0.99182,1.00,1.00
2016.03.24 07:06:21.831,0.99154,0.99182,1.00,1.75
2016.03.24 07:06:22.033,0.99149,0.99181,1.00,1.75
2016.03.24 07:06:22.335,0.99153,0.99181,1.00,1.75
2016.03.24 07:06:23.016,0.99149,0.99182,1.00,1.50
2016.03.24 07:06:23.067,0.99147,0.99184,1.75,1.37
2016.03.24 07:06:23.370,0.99159,0.99182,1.00,1.00
2016.03.24 07:06:25.883,0.99159,0.99185,1.00,1.75
2016.03.24 07:06:26.186,0.99163,0.99189,1.00,2.25
2016.03.24 07:06:26.237,0.99163,0.99195,1.00,1.75
2016.03.24 07:06:26.287,0.99163,0.99195,1.37,1.37
2016.03.24 07:06:26.338,0.99163,0.99196,1.75,1.12
2016.03.24 07:06:26.439,0.99168,0.99194,1.00,1.00
2016.03.24 07:06:26.641,0.99168,0.99196,1.00,1.00
2016.03.24 07:06:26.691,0.99168,0.99197,1.00,1.75
2016.03.24 07:06:26.997,0.99168,0.99195,1.00,1.00
2016.03.24 07:06:27.199,0.99164,0.99197,1.00,1.50
2016.03.24 07:06:27.665,0.99163,0.99193,1.00,1.37
2016.03.24 07:06:28.457,0.99163,0.99195,1.00,1.50
2016.03.24 07:06:28.559,0.99163,0.99195,1.00,1.50
2016.03.24 07:06:29.473,0.99163,0.99194,1.00,1.00
2016.03.24 07:06:30.024,0.99163,0.99195,1.00,1.50
2016.03.24 07:06:30.377,0.99163,0.99193,1.00,1.00
2016.03.24 07:06:30.877,0.99163,0.99195,1.00,1.00
2016.03.24 07:06:31.418,0.99164,0.99195,1.00,1.00
2016.03.24 07:06:31.983,0.99164,0.99197,1.37,1.75
2016.03.24 07:06:32.371,0.99163,0.99197,1.00,1.75
2016.03.24 07:06:32.472,0.9916,0.99195,1.37,1.75
2016.03.24 07:06:32.574,0.99169,0.99198,1.00,1.50
2016.03.24 07:06:32.675,0.99169,0.99202,1.00,1.75
2016.03.24 07:06:33.355,0.99169,0.99201,1.00,1.50
2016.03.24 07:06:33.781,0.99169,0.99198,1.00,1.50
2016.03.24 07:06:33.882,0.99164,0.99197,1.00,1.75
2016.03.24 07:06:34.084,0.99164,0.99196,1.00,1.75
2016.03.24 07:06:34.286,0.99164,0.99193,1.00,1.00
2016.03.24 07:06:37.989,0.99164,0.99198,1.00,3.37
2016.03.24 07:06:40.195,0.99159,0.99191,1.00,1.00
2016.03.24 07:06:40.699,0.99159,0.99196,1.50,1.75
2016.03.24 07:06:41.822,0.99164,0.99194,1.00,1.75
2016.03.24 07:06:41.925,0.99164,0.99194,1.00,1.50
2016.03.24 07:06:42.686,0.99161,0.99194,1.00,1.00
2016.03.24 07:06:42.787,0.99161,0.992,2.62,1.75
2016.03.24 07:06:43.119,0.99174,0.99204,1.00,1.87
2016.03.24 07:06:43.781,0.99174,0.99202,1.00,1.75
2016.03.24 07:06:44.083,0.99174,0.99201,1.00,2.25
2016.03.24 07:06:44.235,0.99174,0.99196,1.00,1.00
2016.03.24 07:06:44.880,0.99174,0.99197,1.00,1.75
2016.03.24 07:06:45.031,0.99168,0.99197,1.12,2.25
2016.03.24 07:06:45.132,0.99169,0.99197,1.50,2.25
2016.03.24 07:06:45.234,0.99169,0.992,1.75,1.75
2016.03.24 07:06:45.385,0.99173,0.992,1.37,1.75
2016.03.24 07:06:45.436,0.99174,0.99196,1.00,1.00
2016.03.24 07:06:48.585,0.99173,0.992,1.37,1.75
2016.03.24 07:06:49.104,0.99173,0.992,1.12,1.75
2016.03.24 07:06:50.622,0.99174,0.99198,1.00,1.12
2016.03.24 07:06:51.739,0.99174,0.99197,1.00,1.75
2016.03.24 07:06:54.921,0.99174,0.99197,1.00,3.75
2016.03.24 07:06:55.022,0.99169,0.99196,1.00,1.75
2016.03.24 07:06:55.123,0.99169,0.99194,1.75,1.50
2016.03.24 07:06:55.627,0.99173,0.99196,1.00,1.75
2016.03.24 07:06:58.083,0.99174,0.99197,1.00,1.75
2016.03.24 07:07:00.506,0.99173,0.99197,1.00,1.75
2016.03.24 07:07:03.033,0.99174,0.99198,1.00,1.87
2016.03.24 07:07:05.444,0.99174,0.99197,1.12,1.75
2016.03.24 07:07:05.912,0.99179,0.99198,1.00,1.75
2016.03.24 07:07:06.013,0.99173,0.99198,1.50,1.75
2016.03.24 07:07:07.368,0.99173,0.99199,1.75,1.50
2016.03.24 07:07:07.670,0.99178,0.992,1.00,1.00
2016.03.24 07:07:08.194,0.99179,0.99199,1.00,1.00
2016.03.24 07:07:08.741,0.99178,0.99199,1.00,1.00
2016.03.24 07:07:09.124,0.99176,0.99199,1.00,1.00
2016.03.24 07:07:09.293,0.99176,0.99197,1.00,1.00
2016.03.24 07:07:09.394,0.9917,0.99192,1.00,1.00
2016.03.24 07:07:09.495,0.99169,0.99197,1.75,1.75
2016.03.24 07:07:09.798,0.99169,0.99198,1.75,1.75
2016.03.24 07:07:09.899,0.99165,0.99195,1.75,1.75
2016.03.24 07:07:10.000,0.99164,0.99193,1.75,1.75
2016.03.24 07:07:10.353,0.99164,0.99194,2.25,1.75
2016.03.24 07:07:10.479,0.99164,0.99194,2.25,1.75
2016.03.24 07:07:10.681,0.99167,0.9919,1.00,1.00
2016.03.24 07:07:12.387,0.99164,0.99199,1.75,3.75
2016.03.24 07:07:12.489,0.9917,0.99203,1.75,3.75
2016.03.24 07:07:12.865,0.99184,0.99205,1.00,1.75
2016.03.24 07:07:13.168,0.99184,0.99203,1.00,1.75
2016.03.24 07:07:14.282,0.99184,0.99202,1.00,1.75
2016.03.24 07:07:14.333,0.99178,0.99202,1.00,1.75
2016.03.24 07:07:14.859,0.99179,0.99202,1.00,1.75
2016.03.24 07:07:15.213,0.99179,0.99201,1.00,1.75
2016.03.24 07:07:16.176,0.9918,0.99202,1.00,1.00
2016.03.24 07:07:16.227,0.99183,0.99202,1.00,1.00
2016.03.24 07:07:16.776,0.99184,0.99202,1.00,1.00
2016.03.24 07:07:17.079,0.99179,0.99198,1.00,1.12
2016.03.24 07:07:17.181,0.99173,0.99196,1.00,1.75
2016.03.24 07:07:17.552,0.99174,0.99194,1.00,1.75
2016.03.24 07:07:17.603,0.99174,0.99189,1.00,1.00
2016.03.24 07:07:17.654,0.99169,0.99189,1.00,1.00
2016.03.24 07:07:17.880,0.99174,0.99194,1.00,1.75
2016.03.24 07:07:17.982,0.99174,0.99193,1.00,1.50
2016.03.24 07:07:18.083,0.99169,0.99196,1.50,1.75
2016.03.24 07:07:18.285,0.99178,0.99196,1.00,1.75
2016.03.24 07:07:18.386,0.99178,0.99199,1.00,1.75
2016.03.24 07:07:18.487,0.99179,0.99199,1.00,1.37
2016.03.24 07:07:18.832,0.99184,0.99201,1.00,1.75
2016.03.24 07:07:19.090,0.99179,0.99205,1.12,1.75
2016.03.24 07:07:19.191,0.99174,0.99201,1.75,1.75
2016.03.24 07:07:19.393,0.99174,0.99197,1.00,1.00
2016.03.24 07:07:19.746,0.99174,0.99195,1.00,1.00
2016.03.24 07:07:20.276,0.99174,0.99196,1.00,1.00
2016.03.24 07:07:20.648,0.99174,0.99192,1.00,1.00
2016.03.24 07:07:20.862,0.99168,0.99193,1.00,1.75
2016.03.24 07:07:21.014,0.99168,0.99197,1.00,1.00
2016.03.24 07:07:21.115,0.99168,0.99193,1.50,1.00
2016.03.24 07:07:21.418,0.99174,0.99193,1.00,1.00
2016.03.24 07:07:21.964,0.99174,0.99194,1.00,1.00
2016.03.24 07:07:22.267,0.99157,0.99181,1.00,1.00
2016.03.24 07:07:22.317,0.99154,0.99178,1.00,1.00
2016.03.24 07:07:22.822,0.99158,0.99178,1.00,1.00
2016.03.24 07:07:23.447,0.99158,0.99177,1.00,1.00
2016.03.24 07:07:23.966,0.99159,0.99176,1.00,1.00
2016.03.24 07:07:24.604,0.99159,0.99177,1.00,1.00
2016.03.24 07:07:24.655,0.99159,0.99179,1.00,1.00
2016.03.24 07:07:24.906,0.99158,0.99176,1.00,1.00
2016.03.24 07:07:25.122,0.99153,0.99177,1.00,1.00
2016.03.24 07:07:25.836,0.99153,0.99178,1.00,1.00
2016.03.24 07:07:26.470,0.99154,0.99178,1.00,1.00
2016.03.24 07:07:26.521,0.99154,0.99176,1.00,1.00
2016.03.24 07:07:27.042,0.99153,0.99176,1.00,1.00
2016.03.24 07:07:27.445,0.99149,0.99178,1.50,1.00
2016.03.24 07:07:27.647,0.99159,0.99178,1.00,1.00
2016.03.24 07:07:27.951,0.99159,0.99176,1.00,1.00
2016.03.24 07:07:28.153,0.99159,0.99178,1.00,1.00
2016.03.24 07:07:28.203,0.99163,0.99178,1.00,1.00
2016.03.24 07:07:28.355,0.99163,0.99183,1.00,1.50
2016.03.24 07:07:28.557,0.99164,0.99185,1.00,1.12
2016.03.24 07:07:29.073,0.99164,0.99187,1.00,1.12
2016.03.24 07:07:29.588,0.99163,0.99187,1.00,1.12
2016.03.24 07:07:29.639,0.99164,0.99188,1.00,1.50
2016.03.24 07:07:29.942,0.99164,0.99181,1.00,1.00
2016.03.24 07:07:29.992,0.99153,0.99181,1.75,1.97
2016.03.24 07:07:30.182,0.99143,0.99171,1.75,1.00
2016.03.24 07:07:30.233,0.99143,0.99168,1.00,1.00
2016.03.24 07:07:30.536,0.99143,0.99165,1.00,1.00
2016.03.24 07:07:30.838,0.99143,0.99162,1.00,1.00
2016.03.24 07:07:31.188,0.99143,0.99164,1.00,1.00
2016.03.24 07:07:31.289,0.99143,0.99161,1.00,1.00
2016.03.24 07:07:31.479,0.99143,0.99164,1.00,1.00
2016.03.24 07:07:31.580,0.99143,0.99166,1.00,1.00
2016.03.24 07:07:32.111,0.99143,0.99165,1.00,1.00
2016.03.24 07:07:32.313,0.99143,0.99167,1.00,1.00
2016.03.24 07:07:32.515,0.99149,0.99167,1.00,1.00
2016.03.24 07:07:33.024,0.99148,0.99167,1.00,1.00
2016.03.24 07:07:33.529,0.99149,0.99167,1.00,1.00
2016.03.24 07:07:34.003,0.99149,0.99164,1.00,1.00
2016.03.24 07:07:34.054,0.99144,0.99164,1.00,1.00
2016.03.24 07:07:34.105,0.99144,0.99159,1.00,1.00
2016.03.24 07:07:34.156,0.99138,0.99159,1.00,1.00
2016.03.24 07:07:34.257,0.99133,0.99158,1.50,1.00
2016.03.24 07:07:34.308,0.99133,0.9916,1.50,1.00
2016.03.24 07:07:34.358,0.99133,0.9916,1.75,1.00
2016.03.24 07:07:34.675,0.99144,0.99159,1.00,1.00
2016.03.24 07:07:34.725,0.99144,0.99161,1.00,1.00
2016.03.24 07:07:36.221,0.99138,0.9916,1.00,1.00
2016.03.24 07:07:36.322,0.99139,0.99164,1.00,1.00
2016.03.24 07:07:36.473,0.99144,0.99164,1.50,1.00
2016.03.24 07:07:36.826,0.99144,0.99166,1.00,1.00
2016.03.24 07:07:37.330,0.99144,0.99165,1.00,1.00
2016.03.24 07:07:37.724,0.99144,0.99163,1.00,1.00
2016.03.24 07:07:37.831,0.99144,0.99165,1.00,1.00
2016.03.24 07:07:37.933,0.99144,0.99159,1.00,1.00
2016.03.24 07:07:37.983,0.99139,0.99159,1.00,1.00
2016.03.24 07:07:38.136,0.99139,0.99161,1.00,1.00
2016.03.24 07:07:38.238,0.99144,0.99161,1.00,1.12
2016.03.24 07:07:38.491,0.99138,0.99159,1.37,1.00
2016.03.24 07:07:38.675,0.99143,0.99164,1.00,1.00
2016.03.24 07:07:38.827,0.99144,0.99162,1.00,1.00
2016.03.24 07:07:39.130,0.99144,0.99158,1.00,1.00
2016.03.24 07:07:39.634,0.99144,0.99157,1.00,1.00
2016.03.24 07:07:39.735,0.99138,0.99157,1.00,1.00
2016.03.24 07:07:40.274,0.99139,0.99156,1.00,1.00
2016.03.24 07:07:40.325,0.99139,0.99154,1.00,1.00
2016.03.24 07:07:40.476,0.99133,0.9915,1.00,1.00
2016.03.24 07:07:40.527,0.99133,0.99148,1.00,1.00
2016.03.24 07:07:41.006,0.99133,0.9915,1.12,1.00
2016.03.24 07:07:41.058,0.99133,0.99147,1.12,1.00
2016.03.24 07:07:41.561,0.99133,0.99146,1.00,1.00
2016.03.24 07:07:42.083,0.99134,0.99147,1.00,1.00
2016.03.24 07:07:42.461,0.99128,0.99147,1.00,1.00
2016.03.24 07:07:42.613,0.99128,0.99149,1.12,1.12
2016.03.24 07:07:42.814,0.99134,0.99149,1.00,1.12
2016.03.24 07:07:43.121,0.99129,0.99149,1.12,1.12
2016.03.24 07:07:43.660,0.99129,0.99148,1.00,1.50
2016.03.24 07:07:43.822,0.99129,0.99146,1.00,1.00
2016.03.24 07:07:44.478,0.99129,0.99148,1.00,1.50
2016.03.24 07:07:44.802,0.99129,0.99148,1.00,1.75
2016.03.24 07:07:45.306,0.99129,0.99149,1.00,1.75
2016.03.24 07:07:45.852,0.99129,0.99148,1.00,1.75
2016.03.24 07:07:46.899,0.99129,0.99149,1.00,1.50
2016.03.24 07:07:49.738,0.99129,0.9915,1.00,1.75
2016.03.24 07:07:49.839,0.99129,0.99148,1.00,1.00
2016.03.24 07:07:49.940,0.99126,0.99148,1.00,1.00
2016.03.24 07:07:50.092,0.99133,0.99155,1.00,2.25
2016.03.24 07:07:50.143,0.99133,0.99156,1.00,1.87
2016.03.24 07:07:50.194,0.99133,0.99155,1.00,1.37
2016.03.24 07:07:50.295,0.99133,0.99154,1.12,1.12
2016.03.24 07:07:50.396,0.99133,0.99152,1.00,1.00
2016.03.24 07:07:50.738,0.99129,0.99152,1.00,2.25
2016.03.24 07:07:50.789,0.99129,0.99149,1.00,1.37
2016.03.24 07:07:51.498,0.99129,0.99148,1.00,1.37
2016.03.24 07:07:52.439,0.99129,0.99148,1.00,1.75
2016.03.24 07:07:52.641,0.99129,0.99145,1.00,1.00
2016.03.24 07:07:53.036,0.99123,0.99145,1.00,1.00
2016.03.24 07:07:53.137,0.99116,0.99138,1.00,1.00
2016.03.24 07:07:53.439,0.99118,0.99138,1.00,1.12
2016.03.24 07:07:53.943,0.99118,0.99137,1.00,1.00
2016.03.24 07:07:54.057,0.99114,0.99137,1.50,1.00
2016.03.24 07:07:54.380,0.99119,0.99138,1.00,1.12
2016.03.24 07:07:54.683,0.99113,0.9914,1.50,1.75
2016.03.24 07:07:54.784,0.99119,0.99139,1.00,1.75
2016.03.24 07:07:55.086,0.99124,0.99145,1.00,3.00
2016.03.24 07:07:55.137,0.99119,0.99146,1.00,2.25
2016.03.24 07:07:55.368,0.99128,0.99147,1.00,1.00
2016.03.24 07:07:55.671,0.99129,0.99151,1.00,1.75
2016.03.24 07:07:55.923,0.99129,0.99146,1.00,1.00
2016.03.24 07:07:56.326,0.99129,0.99151,1.00,1.75
2016.03.24 07:07:56.855,0.99129,0.99151,1.00,1.75
2016.03.24 07:07:57.370,0.99129,0.99148,1.00,1.75
2016.03.24 07:07:57.793,0.99124,0.99147,1.50,1.50
2016.03.24 07:07:57.995,0.99129,0.99154,1.00,3.00
2016.03.24 07:07:58.046,0.99129,0.99154,1.00,1.75
2016.03.24 07:07:58.096,0.99133,0.99156,1.00,4.50
2016.03.24 07:07:58.147,0.99133,0.99156,1.12,1.12
2016.03.24 07:07:58.199,0.99133,0.99152,1.12,1.00
2016.03.24 07:07:58.300,0.99131,0.99153,1.00,1.00
2016.03.24 07:07:58.351,0.99128,0.99158,1.75,3.00
2016.03.24 07:07:58.653,0.99134,0.99159,1.75,1.00
2016.03.24 07:07:59.099,0.99134,0.99165,1.75,2.25
2016.03.24 07:07:59.150,0.99134,0.99165,1.75,2.25
2016.03.24 07:07:59.252,0.99135,0.99168,3.75,1.75
2016.03.24 07:07:59.554,0.99149,0.99168,1.00,1.00
2016.03.24 07:07:59.656,0.99143,0.99169,1.50,1.75
2016.03.24 07:07:59.757,0.99145,0.99168,1.00,1.50
2016.03.24 07:08:00.282,0.99145,0.99165,1.00,1.00
2016.03.24 07:08:00.807,0.99144,0.99166,1.00,1.50
2016.03.24 07:08:01.335,0.99143,0.99166,1.75,1.50
2016.03.24 07:08:04.847,0.99143,0.99167,1.00,1.75
2016.03.24 07:08:05.049,0.99143,0.99168,1.75,1.37
2016.03.24 07:08:05.551,0.99146,0.99168,1.00,1.00
2016.03.24 07:08:06.083,0.99147,0.99169,1.00,1.00
2016.03.24 07:08:06.655,0.99143,0.9917,1.75,1.37
2016.03.24 07:08:07.045,0.99156,0.99177,1.00,3.00
2016.03.24 07:08:07.096,0.99156,0.99185,1.75,1.37
2016.03.24 07:08:07.147,0.99159,0.99185,1.75,1.00
2016.03.24 07:08:07.450,0.99163,0.99186,1.00,1.50
2016.03.24 07:08:07.551,0.99158,0.99186,1.75,1.37
2016.03.24 07:08:08.054,0.99158,0.99188,1.75,1.75
2016.03.24 07:08:08.386,0.99165,0.99187,1.00,1.50
2016.03.24 07:08:08.905,0.99165,0.99186,1.00,1.00
2016.03.24 07:08:10.270,0.99164,0.99186,1.37,1.37
2016.03.24 07:08:10.372,0.99159,0.99179,1.12,1.00
2016.03.24 07:08:10.473,0.99148,0.99179,2.25,1.00
2016.03.24 07:08:10.575,0.99153,0.99184,1.50,1.00
2016.03.24 07:08:10.676,0.9916,0.99184,1.00,1.00
2016.03.24 07:08:11.016,0.99159,0.99186,1.37,1.00
2016.03.24 07:08:11.320,0.99163,0.99186,1.00,1.00
2016.03.24 07:08:11.673,0.99159,0.99187,1.50,1.00
2016.03.24 07:08:11.775,0.99158,0.99187,1.37,1.00
2016.03.24 07:08:12.098,0.99164,0.99187,1.00,1.00
2016.03.24 07:08:12.199,0.99159,0.99187,1.12,1.00
2016.03.24 07:08:12.401,0.99164,0.99186,1.00,1.00
2016.03.24 07:08:12.603,0.99158,0.99186,1.37,1.00
2016.03.24 07:08:12.905,0.99159,0.99187,1.37,1.00
2016.03.24 07:08:13.250,0.99163,0.99185,1.00,1.00
2016.03.24 07:08:13.770,0.99163,0.99186,1.00,1.00
2016.03.24 07:08:14.389,0.99163,0.99185,1.00,1.00
2016.03.24 07:08:14.789,0.99163,0.99183,1.00,1.00
2016.03.24 07:08:14.991,0.99163,0.99185,1.00,1.00
2016.03.24 07:08:15.481,0.99163,0.99187,1.00,1.00
2016.03.24 07:08:15.582,0.99163,0.99189,1.00,1.00
2016.03.24 07:08:15.784,0.99163,0.99186,1.00,1.00
2016.03.24 07:08:16.296,0.99164,0.99187,1.00,1.00
2016.03.24 07:08:17.400,0.99164,0.99188,1.00,1.00
2016.03.24 07:08:17.990,0.99164,0.99187,1.00,1.00
2016.03.24 07:08:19.309,0.99163,0.99187,1.00,1.00
2016.03.24 07:08:19.716,0.99163,0.99185,1.00,1.00
2016.03.24 07:08:19.766,0.99163,0.99187,1.00,1.00
2016.03.24 07:08:19.868,0.99163,0.99184,1.00,1.00
2016.03.24 07:08:22.943,0.99159,0.99184,1.00,1.00
2016.03.24 07:08:23.094,0.99154,0.9918,1.37,1.00
2016.03.24 07:08:23.396,0.99164,0.99184,1.00,1.00
2016.03.24 07:08:25.091,0.99164,0.99185,1.50,1.00
2016.03.24 07:08:25.595,0.99164,0.99185,1.37,1.00
2016.03.24 07:08:26.140,0.99159,0.99185,1.75,1.12
2016.03.24 07:08:26.647,0.99159,0.99184,1.75,1.00
2016.03.24 07:08:27.304,0.99159,0.99183,1.75,1.00
2016.03.24 07:08:27.806,0.99159,0.99184,1.75,1.00
2016.03.24 07:08:28.511,0.99159,0.99185,1.75,1.12
2016.03.24 07:08:32.956,0.99164,0.99193,1.37,1.75
2016.03.24 07:08:34.188,0.99169,0.99194,1.00,2.25
2016.03.24 07:08:34.291,0.99164,0.99196,1.75,2.25
2016.03.24 07:08:34.743,0.99169,0.99188,1.00,1.00
2016.03.24 07:08:35.381,0.99166,0.99196,1.00,2.25
2016.03.24 07:08:35.482,0.99168,0.99189,1.00,1.00
2016.03.24 07:08:36.006,0.99168,0.99192,1.12,1.75
2016.03.24 07:08:39.243,0.99169,0.99191,1.00,1.75
2016.03.24 07:08:41.310,0.99168,0.99191,1.12,1.75
2016.03.24 07:08:42.440,0.99163,0.99193,1.75,1.50
2016.03.24 07:08:42.542,0.99169,0.99199,1.75,1.75
2016.03.24 07:08:47.984,0.99173,0.99197,1.50,1.37
2016.03.24 07:08:48.356,0.99169,0.99198,1.75,1.50
2016.03.24 07:08:48.407,0.99175,0.99198,1.00,1.00
2016.03.24 07:08:50.562,0.99178,0.99198,1.00,1.00
2016.03.24 07:08:50.864,0.99179,0.99204,1.37,1.50
2016.03.24 07:08:50.915,0.99183,0.99209,1.00,1.75
2016.03.24 07:08:50.966,0.99183,0.99209,1.37,1.75
2016.03.24 07:08:51.017,0.99184,0.9921,1.50,1.75
2016.03.24 07:08:51.287,0.99184,0.99211,1.12,3.00
2016.03.24 07:08:53.301,0.99179,0.99211,1.75,3.75
2016.03.24 07:08:54.504,0.99183,0.99208,1.00,1.75
2016.03.24 07:08:54.555,0.99178,0.99207,1.75,1.75
2016.03.24 07:08:54.656,0.99179,0.99201,1.00,1.00
2016.03.24 07:08:55.770,0.99179,0.99204,1.00,2.25
2016.03.24 07:08:56.410,0.99179,0.99203,1.00,2.25
2016.03.24 07:08:56.461,0.99174,0.99202,1.12,2.25
2016.03.24 07:08:56.714,0.99178,0.99202,1.00,2.25
2016.03.24 07:08:56.915,0.99174,0.99202,1.12,2.25
2016.03.24 07:09:00.823,0.99174,0.99202,1.37,1.75
2016.03.24 07:09:01.075,0.99174,0.99205,1.75,1.75
2016.03.24 07:09:01.405,0.99179,0.992,1.37,1.00
2016.03.24 07:09:02.893,0.99179,0.99205,1.00,1.75
2016.03.24 07:09:03.538,0.99178,0.99199,1.00,1.00
2016.03.24 07:09:03.740,0.99179,0.99206,1.00,1.75
2016.03.24 07:09:03.790,0.99179,0.9921,1.37,2.25
2016.03.24 07:09:03.841,0.99179,0.99211,1.75,2.25
2016.03.24 07:09:04.818,0.99179,0.99206,2.25,1.00
2016.03.24 07:09:05.120,0.99179,0.99211,1.75,2.25
2016.03.24 07:09:05.671,0.99181,0.99204,1.00,1.00
2016.03.24 07:09:06.907,0.99184,0.99204,1.00,1.00
2016.03.24 07:09:07.017,0.99181,0.99204,1.00,1.00
2016.03.24 07:09:07.226,0.99181,0.99209,1.00,1.75
2016.03.24 07:09:09.731,0.99178,0.99207,1.12,1.75
2016.03.24 07:09:10.340,0.99178,0.99208,1.37,1.75
2016.03.24 07:09:10.858,0.99178,0.99208,1.50,1.75
2016.03.24 07:09:11.142,0.99178,0.99201,1.50,1.00
2016.03.24 07:09:14.736,0.99179,0.99211,1.50,1.75
2016.03.24 07:09:14.787,0.99183,0.99205,1.00,1.00
2016.03.24 07:09:17.543,0.99179,0.99211,1.75,1.75
2016.03.24 07:09:17.594,0.99184,0.99207,1.00,1.00
2016.03.24 07:09:18.054,0.99176,0.99208,1.75,3.00
2016.03.24 07:09:18.206,0.99178,0.99207,1.12,2.25
2016.03.24 07:09:18.458,0.99179,0.99208,1.37,6.00
2016.03.24 07:09:18.711,0.9919,0.99213,1.00,1.00
2016.03.24 07:09:20.581,0.99189,0.99219,1.75,1.75
2016.03.24 07:09:20.682,0.99194,0.99216,1.00,1.00
2016.03.24 07:09:20.834,0.99188,0.9922,1.75,1.75
2016.03.24 07:09:20.884,0.99188,0.9922,1.75,1.75
2016.03.24 07:09:21.442,0.99188,0.99219,1.75,1.75
2016.03.24 07:09:21.543,0.99187,0.99219,1.12,1.75
2016.03.24 07:09:21.644,0.99186,0.99222,1.75,6.75
2016.03.24 07:09:21.904,0.99189,0.99218,1.50,2.25
2016.03.24 07:09:22.106,0.99185,0.99217,2.25,2.25
2016.03.24 07:09:22.157,0.99188,0.99218,1.50,2.25
2016.03.24 07:09:22.207,0.99192,0.99214,1.00,1.00
2016.03.24 07:09:22.258,0.99189,0.99219,1.75,2.25
2016.03.24 07:09:22.410,0.99191,0.99214,1.00,1.00
2016.03.24 07:09:22.460,0.99184,0.99219,2.25,2.25
2016.03.24 07:09:22.662,0.99183,0.99216,1.75,1.75
2016.03.24 07:09:22.713,0.99183,0.99216,1.75,1.75
2016.03.24 07:09:22.763,0.99183,0.99216,1.75,1.75
2016.03.24 07:09:23.085,0.99203,0.99226,1.00,1.75
2016.03.24 07:09:23.237,0.99199,0.9922,1.00,1.00
2016.03.24 07:09:23.338,0.99204,0.99229,1.00,2.25
2016.03.24 07:09:23.389,0.99204,0.99224,1.00,1.00
2016.03.24 07:09:23.641,0.99195,0.9923,2.25,2.25
2016.03.24 07:09:23.692,0.992,0.99222,1.00,1.00
2016.03.24 07:09:23.943,0.99199,0.9923,1.75,2.25
2016.03.24 07:09:24.136,0.99203,0.99225,1.00,1.00
2016.03.24 07:09:24.187,0.99204,0.99231,1.00,3.00
2016.03.24 07:09:24.389,0.99201,0.99224,1.00,1.00
2016.03.24 07:09:24.439,0.99201,0.99229,1.00,1.75
2016.03.24 07:09:24.986,0.99199,0.99228,1.50,1.12
2016.03.24 07:09:25.087,0.99199,0.99228,1.50,1.12
2016.03.24 07:09:26.185,0.99201,0.99224,1.00,1.00
2016.03.24 07:09:26.286,0.99199,0.99229,1.75,1.75
2016.03.24 07:09:26.387,0.99194,0.99228,1.75,2.25
2016.03.24 07:09:26.489,0.99194,0.99225,1.50,2.25
2016.03.24 07:09:27.392,0.99199,0.99225,1.00,3.00
2016.03.24 07:09:27.493,0.99199,0.99225,1.00,1.75
2016.03.24 07:09:28.033,0.99198,0.99225,1.12,1.75
2016.03.24 07:09:28.536,0.99199,0.99225,1.00,1.75
2016.03.24 07:09:31.203,0.99203,0.99228,1.00,2.25
2016.03.24 07:09:31.267,0.99199,0.99232,1.75,3.00
2016.03.24 07:09:31.851,0.99204,0.99232,1.00,2.25
2016.03.24 07:09:32.405,0.99204,0.99228,1.00,1.75
2016.03.24 07:09:32.456,0.99198,0.99228,1.75,1.75
2016.03.24 07:09:32.602,0.992,0.99228,1.00,3.37
2016.03.24 07:09:32.906,0.99193,0.99221,1.00,1.75
2016.03.24 07:09:33.414,0.99194,0.99221,1.00,1.75
2016.03.24 07:09:35.140,0.99194,0.99216,1.00,1.00
2016.03.24 07:09:35.191,0.99199,0.99216,1.00,1.00
2016.03.24 07:09:35.521,0.99193,0.99216,1.50,1.00
2016.03.24 07:09:35.768,0.99193,0.9922,1.12,1.75
2016.03.24 07:09:35.919,0.99194,0.99221,1.00,1.75
2016.03.24 07:09:36.274,0.99194,0.9922,1.00,3.00
2016.03.24 07:09:36.959,0.99193,0.9922,1.00,3.00
2016.03.24 07:09:38.030,0.99194,0.9922,1.00,3.00
2016.03.24 07:09:39.417,0.99194,0.99215,1.00,1.00
2016.03.24 07:09:39.920,0.99193,0.99215,1.00,1.00
2016.03.24 07:09:39.972,0.99193,0.99219,1.00,2.25
2016.03.24 07:09:40.490,0.99193,0.99217,1.00,1.75
2016.03.24 07:09:41.224,0.99194,0.99218,1.00,1.75
2016.03.24 07:09:41.895,0.99194,0.99211,1.00,1.00
2016.03.24 07:09:46.081,0.99183,0.99217,4.50,1.75
2016.03.24 07:09:52.240,0.99188,0.9922,1.75,1.75
2016.03.24 07:09:52.290,0.99194,0.99221,1.00,2.25
2016.03.24 07:09:52.341,0.99194,0.99227,1.75,1.75
2016.03.24 07:09:52.442,0.99202,0.99224,1.00,1.00
2016.03.24 07:09:52.970,0.99198,0.99229,1.75,1.75
2016.03.24 07:09:53.744,0.99198,0.99229,1.75,1.75
2016.03.24 07:09:53.901,0.99198,0.99224,1.75,1.00
2016.03.24 07:09:55.645,0.99198,0.99229,1.50,1.75
2016.03.24 07:10:04.761,0.99204,0.9923,1.00,2.25
2016.03.24 07:10:04.912,0.99203,0.99225,1.00,1.00
2016.03.24 07:10:05.432,0.99203,0.99226,1.00,1.75
2016.03.24 07:10:06.548,0.99194,0.99222,2.25,1.00
2016.03.24 07:10:06.700,0.99191,0.99223,1.75,3.75
2016.03.24 07:10:06.750,0.99194,0.99224,1.37,3.75
2016.03.24 07:10:06.801,0.99194,0.99226,1.75,1.75
2016.03.24 07:10:06.852,0.99194,0.99223,1.75,1.75
2016.03.24 07:10:06.953,0.99194,0.99224,1.50,3.00
2016.03.24 07:10:07.457,0.99194,0.99223,1.12,1.75
2016.03.24 07:10:08.739,0.99191,0.99225,4.50,3.00
2016.03.24 07:10:08.790,0.99191,0.99226,4.50,1.75
2016.03.24 07:10:09.317,0.99199,0.99227,1.37,1.75
2016.03.24 07:10:11.849,0.99198,0.99227,1.50,1.75
2016.03.24 07:10:12.472,0.99198,0.99225,1.00,3.00
2016.03.24 07:10:12.623,0.99198,0.99228,1.75,2.25
2016.03.24 07:10:13.461,0.99194,0.99227,1.75,2.25
2016.03.24 07:10:13.971,0.99198,0.99227,1.12,2.25
2016.03.24 07:10:14.674,0.99204,0.9922,1.00,1.00
2016.03.24 07:10:15.678,0.99204,0.99227,1.00,1.75
2016.03.24 07:10:16.182,0.99204,0.99222,1.00,1.00
2016.03.24 07:10:16.554,0.99199,0.99227,1.12,1.75
2016.03.24 07:10:16.605,0.99199,0.99229,1.50,2.25
2016.03.24 07:10:16.656,0.99199,0.9923,1.75,3.00
2016.03.24 07:10:16.758,0.99203,0.99231,1.00,1.75
2016.03.24 07:10:17.261,0.99204,0.99231,1.00,1.75
2016.03.24 07:10:18.751,0.99199,0.9923,1.50,1.75
2016.03.24 07:10:18.802,0.99199,0.99227,1.50,1.75
2016.03.24 07:10:18.903,0.99194,0.99224,1.37,3.75
2016.03.24 07:10:19.054,0.99188,0.99218,1.50,1.75
2016.03.24 07:10:19.155,0.99188,0.99217,1.37,3.75
2016.03.24 07:10:19.675,0.99188,0.99218,1.75,2.25
2016.03.24 07:10:40.269,0.99184,0.99218,1.75,3.75
2016.03.24 07:10:40.770,0.99184,0.99217,1.75,3.00
2016.03.24 07:10:42.756,0.99183,0.99208,1.75,1.00
2016.03.24 07:10:42.807,0.99181,0.99206,1.75,1.00
2016.03.24 07:10:42.909,0.99178,0.99203,1.00,3.00
2016.03.24 07:10:43.010,0.99173,0.99202,1.12,1.75
2016.03.24 07:10:43.061,0.99173,0.99199,1.00,3.00
2016.03.24 07:10:43.363,0.99166,0.99202,3.00,3.00
2016.03.24 07:10:43.464,0.99178,0.99202,1.00,2.25
2016.03.24 07:10:43.789,0.99178,0.99203,1.00,1.75
2016.03.24 07:10:44.346,0.99174,0.99204,1.12,4.50
2016.03.24 07:10:44.876,0.99179,0.99203,1.00,1.75
2016.03.24 07:10:45.391,0.99178,0.99203,1.00,2.25
2016.03.24 07:10:45.940,0.99179,0.99203,1.00,2.25
2016.03.24 07:10:46.845,0.99179,0.99204,1.00,1.75
2016.03.24 07:10:47.183,0.99179,0.99204,1.00,3.00
2016.03.24 07:10:50.768,0.99174,0.99199,1.50,1.00
2016.03.24 07:10:51.102,0.99169,0.99199,1.12,1.00
2016.03.24 07:10:51.153,0.99169,0.99196,1.00,2.62
2016.03.24 07:10:51.456,0.99174,0.99196,1.00,1.75
2016.03.24 07:10:52.275,0.99174,0.99191,1.00,1.00
2016.03.24 07:10:52.782,0.99174,0.99198,1.00,1.75
2016.03.24 07:10:53.370,0.99174,0.99196,1.00,1.75
2016.03.24 07:10:53.623,0.99169,0.9919,1.00,1.00
2016.03.24 07:10:53.873,0.99174,0.99197,1.00,3.00
2016.03.24 07:10:54.185,0.99169,0.99197,1.12,2.25
2016.03.24 07:10:54.286,0.99173,0.99197,1.00,2.25
2016.03.24 07:10:54.693,0.99169,0.99199,1.12,4.50
2016.03.24 07:10:55.223,0.99168,0.99198,1.37,3.75
2016.03.24 07:10:55.727,0.99169,0.99197,1.12,2.25
2016.03.24 07:10:57.991,0.99169,0.99197,1.50,2.25
2016.03.24 07:10:58.507,0.99169,0.99191,1.50,1.00
2016.03.24 07:10:59.011,0.99169,0.99199,1.50,2.25
2016.03.24 07:11:01.223,0.99174,0.99199,1.00,1.75
2016.03.24 07:11:01.475,0.99174,0.99203,1.12,1.75
2016.03.24 07:11:01.929,0.99174,0.99202,1.37,1.75
2016.03.24 07:11:02.207,0.99179,0.99207,1.12,3.75
2016.03.24 07:11:02.409,0.99179,0.99208,1.75,1.75
2016.03.24 07:11:02.510,0.99179,0.99203,1.50,1.00
2016.03.24 07:11:02.611,0.99179,0.99209,1.75,2.25
2016.03.24 07:11:02.914,0.99184,0.9921,1.00,1.75
2016.03.24 07:11:04.331,0.99184,0.9921,1.00,3.00
2016.03.24 07:11:04.835,0.99184,0.99209,1.00,2.25
2016.03.24 07:11:05.523,0.99183,0.99209,1.00,2.25
2016.03.24 07:11:07.136,0.99189,0.99209,1.00,2.25
2016.03.24 07:11:07.287,0.99184,0.99209,1.00,2.25
2016.03.24 07:11:08.231,0.99184,0.99207,1.00,3.00
2016.03.24 07:11:09.450,0.99183,0.99207,1.00,3.00
2016.03.24 07:11:11.528,0.99183,0.99207,1.00,1.75
2016.03.24 07:11:13.440,0.99189,0.9921,1.00,3.75
2016.03.24 07:11:13.541,0.99189,0.99214,1.00,3.75
2016.03.24 07:11:13.642,0.99189,0.99209,1.00,1.00
2016.03.24 07:11:14.146,0.99188,0.99217,1.75,1.75
2016.03.24 07:11:14.368,0.99189,0.99222,1.75,1.75
2016.03.24 07:11:14.671,0.99199,0.99225,1.00,3.75
2016.03.24 07:11:14.853,0.99199,0.99224,1.12,1.75
2016.03.24 07:11:15.257,0.99199,0.99225,1.00,3.75
2016.03.24 07:11:15.308,0.99194,0.99224,1.12,2.25
2016.03.24 07:11:15.409,0.99199,0.99224,1.00,2.25
2016.03.24 07:11:15.811,0.99199,0.99222,1.00,2.25
2016.03.24 07:11:16.199,0.99204,0.99222,1.00,2.25
2016.03.24 07:11:16.249,0.99204,0.99217,1.00,1.00
2016.03.24 07:11:17.053,0.99199,0.99217,1.00,1.00
2016.03.24 07:11:17.810,0.99195,0.99217,1.00,1.00
2016.03.24 07:11:19.917,0.99194,0.99222,1.12,1.75
2016.03.24 07:11:21.226,0.99193,0.99223,1.75,1.75
2016.03.24 07:11:21.529,0.99199,0.99222,1.00,1.75
2016.03.24 07:11:21.932,0.99199,0.99222,1.00,1.75
2016.03.24 07:11:26.544,0.99199,0.99219,1.00,1.00
2016.03.24 07:11:26.925,0.99199,0.99225,1.00,1.75
2016.03.24 07:11:27.026,0.99199,0.99226,1.00,2.25
2016.03.24 07:11:27.957,0.99199,0.99224,1.00,1.75
2016.03.24 07:11:28.462,0.99199,0.99225,1.00,2.25
2016.03.24 07:11:28.764,0.99199,0.99224,1.00,3.00
2016.03.24 07:11:28.866,0.99199,0.99218,1.00,1.00
2016.03.24 07:11:29.108,0.99199,0.99224,1.00,1.75
2016.03.24 07:11:30.061,0.99198,0.99223,1.00,1.75
2016.03.24 07:11:30.615,0.99199,0.99216,1.00,1.00
2016.03.24 07:11:31.158,0.99199,0.99223,1.00,1.75
2016.03.24 07:11:31.695,0.99198,0.99224,1.00,1.75
2016.03.24 07:11:32.271,0.99199,0.99224,1.00,1.75
2016.03.24 07:11:33.246,0.99199,0.99223,1.12,1.75
2016.03.24 07:11:33.505,0.99199,0.99222,1.00,1.00
2016.03.24 07:11:33.656,0.99194,0.99229,2.25,3.75
2016.03.24 07:11:34.162,0.99198,0.99226,1.50,1.75
2016.03.24 07:11:34.464,0.99199,0.99222,1.50,1.00
2016.03.24 07:11:35.305,0.99199,0.99225,1.12,1.75
2016.03.24 07:11:35.843,0.99198,0.99224,1.50,1.75
2016.03.24 07:11:36.658,0.99198,0.99227,1.75,1.75
2016.03.24 07:11:36.759,0.99198,0.99227,1.50,1.75
2016.03.24 07:11:36.955,0.99198,0.99226,1.12,1.75
2016.03.24 07:11:37.259,0.99199,0.99224,1.00,3.00
2016.03.24 07:11:37.360,0.99199,0.99222,1.00,1.75
2016.03.24 07:11:37.973,0.99198,0.99222,1.00,1.75
2016.03.24 07:11:39.066,0.99198,0.99224,1.00,3.00
2016.03.24 07:11:39.268,0.99198,0.99224,1.00,2.25
2016.03.24 07:11:39.370,0.99198,0.99224,1.00,3.00
2016.03.24 07:11:40.268,0.99198,0.99224,1.00,3.75
2016.03.24 07:11:40.318,0.99194,0.99224,1.00,3.75
2016.03.24 07:11:40.523,0.99199,0.99222,1.00,1.75
2016.03.24 07:11:40.872,0.99203,0.99222,1.00,1.75
2016.03.24 07:11:43.794,0.99203,0.99222,1.00,1.75
2016.03.24 07:11:45.095,0.99203,0.99223,1.00,1.75
2016.03.24 07:11:45.599,0.99198,0.99224,1.50,1.75
2016.03.24 07:11:45.700,0.99204,0.99228,1.00,1.75
2016.03.24 07:11:45.801,0.99204,0.99233,1.50,1.75
2016.03.24 07:11:46.003,0.99214,0.99234,1.00,1.75
2016.03.24 07:11:48.355,0.99208,0.99234,1.00,1.75
2016.03.24 07:11:48.557,0.99198,0.99225,3.00,1.00
2016.03.24 07:11:48.860,0.9919,0.99221,1.75,1.75
2016.03.24 07:11:49.062,0.99191,0.99221,1.75,1.75
2016.03.24 07:11:49.523,0.99194,0.99224,1.75,5.25
2016.03.24 07:11:49.574,0.99196,0.99225,1.75,1.50
2016.03.24 07:11:50.078,0.99203,0.99225,1.00,1.00
2016.03.24 07:11:51.510,0.99197,0.99229,1.75,1.75
2016.03.24 07:11:51.712,0.99198,0.99225,1.37,1.37
2016.03.24 07:11:51.813,0.99197,0.99219,1.00,1.00
2016.03.24 07:11:52.115,0.99193,0.99226,2.25,1.75
2016.03.24 07:11:52.695,0.99198,0.99221,1.00,1.00
2016.03.24 07:11:53.404,0.99196,0.99221,1.00,1.00
2016.03.24 07:11:53.505,0.99196,0.99219,1.00,1.00
2016.03.24 07:11:53.837,0.99187,0.99219,1.75,1.75
2016.03.24 07:11:57.510,0.99189,0.99212,1.00,1.00
2016.03.24 07:11:58.713,0.99178,0.9921,1.75,3.75
2016.03.24 07:11:58.814,0.99175,0.99212,3.00,4.50
2016.03.24 07:11:59.364,0.99174,0.99211,3.75,2.25
2016.03.24 07:12:00.218,0.99174,0.99209,1.75,3.00
2016.03.24 07:12:00.319,0.99177,0.992,1.00,1.00
2016.03.24 07:12:01.598,0.99175,0.99198,1.00,1.00
2016.03.24 07:12:02.126,0.9917,0.99206,2.25,3.00
2016.03.24 07:12:03.807,0.99176,0.99198,1.00,1.00
2016.03.24 07:12:05.298,0.9917,0.99205,3.00,1.75
2016.03.24 07:12:05.809,0.9917,0.99205,3.00,1.75
2016.03.24 07:12:08.216,0.9917,0.99205,1.75,3.00
2016.03.24 07:12:08.317,0.9917,0.99205,3.00,1.75
2016.03.24 07:12:11.529,0.99173,0.99195,1.00,1.00
2016.03.24 07:12:11.731,0.99174,0.992,1.00,2.25
2016.03.24 07:12:12.057,0.99174,0.99198,1.00,3.00
2016.03.24 07:12:12.609,0.99174,0.99199,1.00,1.75
2016.03.24 07:12:12.911,0.99174,0.99202,1.37,2.25
2016.03.24 07:12:12.962,0.99176,0.99198,1.00,1.00
2016.03.24 07:12:13.013,0.99174,0.99205,1.75,1.75
2016.03.24 07:12:13.255,0.99174,0.99204,1.50,2.25
2016.03.24 07:12:13.305,0.99174,0.99202,1.12,2.25
2016.03.24 07:12:13.608,0.99174,0.99199,1.00,3.00
2016.03.24 07:12:13.810,0.99174,0.99194,1.00,1.00
2016.03.24 07:12:13.911,0.99174,0.99201,1.00,3.00
2016.03.24 07:12:14.112,0.99174,0.99202,1.12,1.75
2016.03.24 07:12:14.643,0.99173,0.99205,1.75,2.25
2016.03.24 07:12:14.945,0.99176,0.99199,1.00,1.00
2016.03.24 07:12:15.248,0.99173,0.99204,1.75,2.25
2016.03.24 07:12:15.564,0.99176,0.99199,1.00,1.00
2016.03.24 07:12:16.957,0.99173,0.99203,1.50,3.00
2016.03.24 07:12:17.260,0.99168,0.992,2.25,1.75
2016.03.24 07:12:19.066,0.99168,0.992,1.75,1.75
2016.03.24 07:12:19.994,0.99174,0.992,1.00,1.75
2016.03.24 07:12:23.245,0.99175,0.99198,1.00,1.00
2016.03.24 07:12:23.346,0.99174,0.99201,1.75,1.75
2016.03.24 07:12:23.650,0.99183,0.99208,1.00,1.75
2016.03.24 07:12:23.751,0.99178,0.99209,1.75,2.25
2016.03.24 07:12:23.852,0.99182,0.99204,1.00,1.00
2016.03.24 07:12:24.389,0.99183,0.99204,1.00,1.00
2016.03.24 07:12:24.440,0.99184,0.99211,1.12,1.75
2016.03.24 07:12:24.541,0.99184,0.99211,1.75,1.75
2016.03.24 07:12:25.270,0.99184,0.99211,1.75,1.75
2016.03.24 07:12:25.673,0.99184,0.99213,1.50,1.75
2016.03.24 07:12:26.177,0.99184,0.99211,1.75,1.75
2016.03.24 07:12:26.689,0.99184,0.99211,1.50,1.75
2016.03.24 07:12:26.942,0.99183,0.99212,1.12,3.00
2016.03.24 07:12:27.245,0.99183,0.9921,1.00,1.75
2016.03.24 07:12:30.997,0.99178,0.99207,2.25,1.75
2016.03.24 07:12:31.048,0.99178,0.99212,3.00,2.25
2016.03.24 07:12:31.149,0.99179,0.99212,4.50,1.75
2016.03.24 07:12:31.259,0.99184,0.99211,1.00,2.25
2016.03.24 07:12:31.562,0.99183,0.99201,1.00,1.00
2016.03.24 07:12:31.663,0.99179,0.99201,1.00,1.00
2016.03.24 07:12:32.168,0.99178,0.99201,1.00,1.00
2016.03.24 07:12:34.470,0.99174,0.99205,1.75,1.75
2016.03.24 07:12:37.991,0.99174,0.99206,1.75,2.25
2016.03.24 07:12:38.495,0.99174,0.99206,1.75,3.75
2016.03.24 07:12:39.099,0.9918,0.99202,1.37,1.00
2016.03.24 07:12:39.150,0.99184,0.99202,1.50,1.00
2016.03.24 07:12:39.294,0.99184,0.99213,2.25,4.50
2016.03.24 07:12:39.345,0.99194,0.9922,1.00,2.25
2016.03.24 07:12:39.396,0.99194,0.99227,2.25,1.75
2016.03.24 07:12:40.765,0.99198,0.99227,1.50,1.75
2016.03.24 07:12:41.720,0.99198,0.99218,1.00,1.00
2016.03.24 07:12:41.770,0.99189,0.99221,2.25,3.00
2016.03.24 07:12:41.872,0.99188,0.99218,1.37,3.00
2016.03.24 07:12:42.075,0.99194,0.99224,1.12,1.75
2016.03.24 07:12:42.176,0.99194,0.99224,1.75,1.75
2016.03.24 07:12:42.478,0.99199,0.99222,1.00,1.00
2016.03.24 07:12:42.580,0.99198,0.99229,1.75,1.75
2016.03.24 07:12:42.993,0.99203,0.99229,1.00,1.75
2016.03.24 07:12:43.454,0.99199,0.99229,1.50,1.75
2016.03.24 07:12:43.871,0.99204,0.99228,1.00,1.75
2016.03.24 07:12:44.528,0.99203,0.99228,1.00,1.75
2016.03.24 07:12:44.979,0.99199,0.99226,1.75,1.75
2016.03.24 07:12:45.181,0.99199,0.99226,1.75,1.75
2016.03.24 07:12:46.682,0.99198,0.99224,1.00,1.75
2016.03.24 07:12:47.106,0.99194,0.99219,1.00,1.75
2016.03.24 07:12:47.409,0.99194,0.99219,1.00,3.00
2016.03.24 07:12:49.292,0.99184,0.99211,1.00,2.25
2016.03.24 07:12:50.188,0.99184,0.9921,1.00,2.25
2016.03.24 07:12:50.712,0.99184,0.99207,1.00,1.75
2016.03.24 07:12:51.344,0.99183,0.99208,1.12,1.75
2016.03.24 07:12:51.853,0.99184,0.99209,1.00,1.75
2016.03.24 07:12:55.523,0.99184,0.99209,1.00,2.25
2016.03.24 07:12:55.574,0.99183,0.99213,1.75,1.75
2016.03.24 07:12:55.625,0.99186,0.99208,1.00,1.00
2016.03.24 07:12:55.726,0.99185,0.99217,1.75,1.75
2016.03.24 07:12:56.030,0.99185,0.99216,1.75,1.75
2016.03.24 07:12:58.324,0.99184,0.99216,2.25,1.75
2016.03.24 07:12:58.805,0.99184,0.99216,2.25,1.75
2016.03.24 07:13:00.248,0.99185,0.99216,1.75,2.25
2016.03.24 07:13:00.299,0.99185,0.99216,1.75,2.25
2016.03.24 07:13:00.804,0.99189,0.99217,1.50,1.75
2016.03.24 07:13:02.925,0.99183,0.99215,1.75,3.00
2016.03.24 07:13:03.228,0.99184,0.99211,1.00,3.00
2016.03.24 07:13:03.543,0.99184,0.99209,1.00,1.75
2016.03.24 07:13:04.019,0.99184,0.99211,1.00,2.25
2016.03.24 07:13:04.550,0.99183,0.99212,1.12,3.75
2016.03.24 07:13:04.907,0.99183,0.99205,1.37,1.00
2016.03.24 07:13:05.758,0.99184,0.99211,1.12,1.75
2016.03.24 07:13:06.513,0.99184,0.99211,1.12,1.75
2016.03.24 07:13:06.843,0.99188,0.99212,1.12,1.75
2016.03.24 07:13:07.055,0.99188,0.9921,1.50,1.00
2016.03.24 07:13:07.256,0.99189,0.99216,1.75,1.75
2016.03.24 07:13:07.566,0.99198,0.9922,1.00,1.75
2016.03.24 07:13:07.667,0.99194,0.99219,1.75,1.12
2016.03.24 07:13:10.634,0.99198,0.9922,1.00,1.50
2016.03.24 07:13:11.255,0.99199,0.9922,1.00,1.50
2016.03.24 07:13:13.456,0.99198,0.99223,1.00,1.75
2016.03.24 07:13:13.658,0.99199,0.99221,1.50,1.00
2016.03.24 07:13:13.708,0.99203,0.99221,1.00,1.00
2016.03.24 07:13:13.759,0.99203,0.99226,1.50,1.75
2016.03.24 07:13:13.911,0.99209,0.99229,1.00,1.75
2016.03.24 07:13:13.961,0.99209,0.99231,1.00,1.75
2016.03.24 07:13:14.131,0.99203,0.99231,1.50,1.75
2016.03.24 07:13:14.232,0.99208,0.99232,1.00,1.75
2016.03.24 07:13:14.887,0.99209,0.99232,1.00,1.75
2016.03.24 07:13:15.345,0.99203,0.99232,1.50,2.25
2016.03.24 07:13:15.547,0.99209,0.99232,1.00,1.75
2016.03.24 07:13:16.776,0.99208,0.9923,1.00,1.75
2016.03.24 07:13:17.318,0.99209,0.9923,1.00,1.75
2016.03.24 07:13:19.516,0.99203,0.99228,1.50,1.50
2016.03.24 07:13:19.567,0.99203,0.99228,1.12,1.75
2016.03.24 07:13:19.970,0.99203,0.99225,1.00,1.75
2016.03.24 07:13:20.187,0.99199,0.99224,1.00,1.75
2016.03.24 07:13:20.389,0.99204,0.99225,1.00,1.75
2016.03.24 07:13:20.440,0.99204,0.99221,1.00,1.00
2016.03.24 07:13:20.972,0.99204,0.99225,1.00,1.75
2016.03.24 07:13:21.651,0.99204,0.99225,1.00,1.75
2016.03.24 07:13:21.752,0.99198,0.99222,1.00,1.75
2016.03.24 07:13:22.155,0.99198,0.99213,1.00,1.00
2016.03.24 07:13:22.678,0.99198,0.99214,1.00,1.00
2016.03.24 07:13:22.979,0.99199,0.9922,1.00,3.75
2016.03.24 07:13:24.388,0.99194,0.99219,1.00,1.75
2016.03.24 07:13:24.563,0.99189,0.99213,1.00,1.75
2016.03.24 07:13:24.664,0.99183,0.99209,1.75,1.75
2016.03.24 07:13:24.765,0.99183,0.99204,1.00,1.00
2016.03.24 07:13:26.459,0.99183,0.99205,1.00,1.00
2016.03.24 07:13:27.767,0.99183,0.99208,1.00,1.75
2016.03.24 07:13:28.467,0.99183,0.99206,1.00,1.75
2016.03.24 07:13:29.119,0.99179,0.99206,1.37,1.75
2016.03.24 07:13:29.906,0.99179,0.99205,1.12,2.25
2016.03.24 07:13:33.295,0.99183,0.99204,1.00,2.25
2016.03.24 07:13:33.804,0.99179,0.99203,1.00,1.75
2016.03.24 07:13:34.006,0.99179,0.99205,1.50,1.75
2016.03.24 07:13:34.243,0.99184,0.99207,1.00,1.75
2016.03.24 07:13:34.831,0.99178,0.99205,1.75,1.75
2016.03.24 07:13:34.882,0.99178,0.99194,1.00,1.00
2016.03.24 07:13:34.983,0.99178,0.99197,1.00,1.00
2016.03.24 07:13:35.134,0.99175,0.99197,1.00,1.00
2016.03.24 07:13:35.564,0.99179,0.99198,1.00,1.00
2016.03.24 07:13:36.045,0.99174,0.99203,1.12,1.75
2016.03.24 07:13:36.096,0.99174,0.99201,1.75,1.75
2016.03.24 07:13:36.434,0.99184,0.99201,1.00,1.75
2016.03.24 07:13:37.436,0.99179,0.99203,1.00,1.75
2016.03.24 07:13:37.789,0.99184,0.99204,1.00,1.75
2016.03.24 07:13:38.220,0.99179,0.99204,1.00,1.75
2016.03.24 07:13:38.422,0.99179,0.99204,1.00,1.75
2016.03.24 07:13:38.523,0.99179,0.99204,1.00,2.25
2016.03.24 07:13:39.194,0.99178,0.99204,1.00,1.75
2016.03.24 07:13:40.796,0.99178,0.99202,1.00,1.00
2016.03.24 07:13:42.000,0.99178,0.99203,1.00,1.12
2016.03.24 07:13:42.101,0.99178,0.992,1.00,2.10
2016.03.24 07:13:42.404,0.99179,0.99199,1.00,1.75
2016.03.24 07:13:42.954,0.99178,0.99201,1.00,2.25
2016.03.24 07:13:43.055,0.99174,0.99201,1.50,2.25
2016.03.24 07:13:43.307,0.99168,0.99194,1.50,1.75
2016.03.24 07:13:43.812,0.99168,0.99185,1.00,1.00
2016.03.24 07:13:55.513,0.99163,0.9919,1.37,1.75
2016.03.24 07:13:55.614,0.99163,0.9919,1.75,1.75
2016.03.24 07:13:56.165,0.99164,0.9919,1.75,1.75
2016.03.24 07:13:57.150,0.99164,0.99186,1.00,1.00
2016.03.24 07:13:59.113,0.99169,0.99186,1.00,1.00
2016.03.24 07:13:59.357,0.99164,0.99186,1.00,1.00
2016.03.24 07:13:59.736,0.99168,0.99186,1.00,1.00
2016.03.24 07:14:01.643,0.99163,0.99186,1.00,1.75
2016.03.24 07:14:01.744,0.99163,0.99181,1.00,2.25
2016.03.24 07:14:01.795,0.99158,0.99176,1.00,1.75
2016.03.24 07:14:01.980,0.99159,0.99177,1.00,1.75
2016.03.24 07:14:02.031,0.99159,0.99177,1.00,1.75
2016.03.24 07:14:02.183,0.99159,0.99179,1.00,1.75
2016.03.24 07:14:02.234,0.99158,0.99182,1.12,1.75
2016.03.24 07:14:02.285,0.99158,0.99182,1.12,1.75
2016.03.24 07:14:02.336,0.99159,0.99181,1.00,1.50
2016.03.24 07:14:02.488,0.99158,0.99183,1.37,1.75
2016.03.24 07:14:02.539,0.99164,0.99184,1.00,1.75
2016.03.24 07:14:03.043,0.99163,0.99183,1.00,1.75
2016.03.24 07:14:04.174,0.99163,0.99184,1.00,1.75
2016.03.24 07:14:04.376,0.99163,0.99184,1.00,1.00
2016.03.24 07:14:04.477,0.99164,0.99187,1.00,1.75
2016.03.24 07:14:04.629,0.99159,0.99181,1.12,1.37
2016.03.24 07:14:04.760,0.99153,0.99179,1.50,1.37
2016.03.24 07:14:04.811,0.99153,0.99178,1.12,1.75
2016.03.24 07:14:05.064,0.99153,0.99179,1.50,1.75
2016.03.24 07:14:05.165,0.99153,0.99175,1.50,1.00
2016.03.24 07:14:05.468,0.99153,0.99179,1.50,1.75
2016.03.24 07:14:06.683,0.99153,0.9918,1.75,1.75
2016.03.24 07:14:06.784,0.99154,0.99176,1.00,1.00
2016.03.24 07:14:06.885,0.99153,0.9918,1.75,1.75
2016.03.24 07:14:06.936,0.99154,0.9918,1.00,1.75
2016.03.24 07:14:07.537,0.99153,0.9918,1.50,1.75
2016.03.24 07:14:08.068,0.99153,0.9918,1.50,1.75
2016.03.24 07:14:12.765,0.99153,0.99178,1.50,1.75
2016.03.24 07:14:13.320,0.99155,0.99178,1.00,1.00
2016.03.24 07:14:13.371,0.99153,0.9918,1.75,1.75
2016.03.24 07:14:13.679,0.99154,0.99177,1.00,1.00
2016.03.24 07:14:14.185,0.99154,0.99176,1.00,1.00
2016.03.24 07:14:14.567,0.99154,0.9918,1.00,1.75
2016.03.24 07:14:14.869,0.99153,0.99176,1.37,1.00
2016.03.24 07:14:15.474,0.99153,0.9918,1.75,1.75
2016.03.24 07:14:15.575,0.99153,0.99177,1.50,1.00
2016.03.24 07:14:15.676,0.99153,0.9918,1.75,1.75
2016.03.24 07:14:17.303,0.9915,0.99172,1.00,1.00
2016.03.24 07:14:17.404,0.99154,0.99175,1.00,1.75
2016.03.24 07:14:17.557,0.99144,0.99171,1.00,1.75
2016.03.24 07:14:17.709,0.99143,0.99177,1.12,1.12
2016.03.24 07:14:17.759,0.99148,0.99177,1.00,1.00
2016.03.24 07:14:18.311,0.99149,0.99179,1.50,1.75
2016.03.24 07:14:18.841,0.9915,0.9918,1.00,1.75
2016.03.24 07:14:18.992,0.9915,0.9918,1.00,1.12
2016.03.24 07:14:20.271,0.99154,0.9918,1.00,1.12
2016.03.24 07:14:20.372,0.9915,0.99181,1.00,1.50
2016.03.24 07:14:21.468,0.9915,0.99179,1.00,1.00
2016.03.24 07:14:21.569,0.99158,0.9918,1.00,1.12
2016.03.24 07:14:21.984,0.99153,0.9918,1.00,1.12
2016.03.24 07:14:22.364,0.99158,0.9918,1.00,1.12
2016.03.24 07:14:22.970,0.99158,0.99182,1.00,1.50
2016.03.24 07:14:23.251,0.99158,0.9918,1.00,1.00
2016.03.24 07:14:23.353,0.99149,0.99178,1.00,1.00
2016.03.24 07:14:23.403,0.99149,0.99178,1.00,1.75
2016.03.24 07:14:23.745,0.99148,0.99173,1.00,1.00
2016.03.24 07:14:24.451,0.99148,0.99174,1.00,1.00
2016.03.24 07:14:24.981,0.99149,0.99173,1.00,1.00
2016.03.24 07:14:25.283,0.99138,0.99163,1.12,1.00
2016.03.24 07:14:25.384,0.99139,0.99158,1.00,1.00
2016.03.24 07:14:25.485,0.99138,0.99161,1.00,1.00
2016.03.24 07:14:25.587,0.99139,0.99157,1.00,1.00
2016.03.24 07:14:25.688,0.99139,0.9916,1.00,1.00
2016.03.24 07:14:25.822,0.99139,0.99162,1.00,1.00
2016.03.24 07:14:26.174,0.99144,0.99163,1.00,1.12
2016.03.24 07:14:26.829,0.99139,0.99163,1.00,1.12
2016.03.24 07:14:27.596,0.99143,0.99173,1.50,1.75
2016.03.24 07:14:27.698,0.99146,0.99173,1.00,1.00
2016.03.24 07:14:27.748,0.99149,0.99173,1.00,1.00
2016.03.24 07:14:27.799,0.99149,0.99181,1.00,2.25
2016.03.24 07:14:27.901,0.99149,0.99181,1.50,1.75
2016.03.24 07:14:28.002,0.99149,0.99182,1.87,1.75
2016.03.24 07:14:28.600,0.99149,0.99181,1.50,1.75
2016.03.24 07:14:29.547,0.99149,0.99178,1.00,1.50
2016.03.24 07:14:30.079,0.99149,0.99179,1.00,1.87
2016.03.24 07:14:31.207,0.99149,0.9918,1.00,1.50
2016.03.24 07:14:31.308,0.99149,0.9918,1.00,1.75
2016.03.24 07:14:31.409,0.99149,0.9918,1.00,1.12
2016.03.24 07:14:31.863,0.99148,0.99179,1.00,1.37
2016.03.24 07:14:32.461,0.99148,0.99177,1.00,1.50
2016.03.24 07:14:33.470,0.99149,0.99178,1.00,1.75
2016.03.24 07:14:34.299,0.99149,0.99181,1.00,1.75
2016.03.24 07:14:35.752,0.99154,0.9918,1.00,1.50
2016.03.24 07:14:35.926,0.99151,0.99185,1.75,1.50
2016.03.24 07:14:36.028,0.99154,0.99186,1.50,1.37
2016.03.24 07:14:36.330,0.99159,0.99187,1.00,1.00
2016.03.24 07:14:37.130,0.99164,0.99187,1.00,1.37
2016.03.24 07:14:37.181,0.99158,0.99185,1.00,1.00
2016.03.24 07:14:37.773,0.99158,0.99185,1.00,2.25
2016.03.24 07:14:37.975,0.9915,0.99181,1.00,1.50
2016.03.24 07:14:38.127,0.99148,0.9918,1.87,1.37
2016.03.24 07:14:38.580,0.99148,0.99178,1.12,1.37
2016.03.24 07:14:38.882,0.99153,0.99178,1.00,1.75
2016.03.24 07:14:39.387,0.99154,0.99176,1.00,1.12
2016.03.24 07:14:40.167,0.99148,0.99176,1.00,1.12
2016.03.24 07:14:40.268,0.99154,0.99176,1.00,1.12
2016.03.24 07:14:40.888,0.99154,0.99179,1.00,1.50
2016.03.24 07:14:41.262,0.99148,0.99177,1.00,1.87
2016.03.24 07:14:41.313,0.99148,0.99172,1.00,1.37
2016.03.24 07:14:41.617,0.99148,0.99172,1.00,1.75
2016.03.24 07:14:42.809,0.99144,0.99173,1.00,1.00
2016.03.24 07:14:43.011,0.99149,0.99173,1.00,1.00
2016.03.24 07:14:44.391,0.99149,0.99172,1.00,1.37
2016.03.24 07:14:44.693,0.99148,0.99169,1.00,1.50
2016.03.24 07:14:45.197,0.99148,0.9917,1.00,1.12
2016.03.24 07:14:46.121,0.99149,0.9917,1.00,1.12
2016.03.24 07:14:46.699,0.99149,0.99169,1.00,1.00
2016.03.24 07:14:47.002,0.99149,0.9917,1.00,1.75
2016.03.24 07:14:47.254,0.99149,0.99171,1.00,1.00
2016.03.24 07:14:47.403,0.99149,0.99171,1.00,1.75
2016.03.24 07:14:48.010,0.99149,0.99174,1.00,1.75
2016.03.24 07:14:48.212,0.99149,0.9917,1.00,1.00
2016.03.24 07:14:48.819,0.99149,0.99174,1.12,2.25
2016.03.24 07:14:49.324,0.99149,0.99174,1.00,2.25
2016.03.24 07:14:49.727,0.99148,0.9917,1.50,1.00
2016.03.24 07:14:49.828,0.99153,0.9917,1.00,1.00
2016.03.24 07:14:50.465,0.99153,0.99176,1.00,3.00
2016.03.24 07:14:50.978,0.99153,0.9917,1.00,1.00
2016.03.24 07:14:51.505,0.99153,0.99175,1.00,1.75
2016.03.24 07:14:51.556,0.99153,0.99175,1.00,1.75
2016.03.24 07:14:51.607,0.99154,0.99175,1.37,1.37
2016.03.24 07:14:51.658,0.99154,0.99185,2.25,4.50
2016.03.24 07:14:51.885,0.99159,0.99191,2.25,1.75
2016.03.24 07:14:52.760,0.99163,0.99192,1.00,2.25
2016.03.24 07:14:53.622,0.99161,0.99185,1.75,1.00
2016.03.24 07:14:57.153,0.99159,0.99191,2.25,3.75
2016.03.24 07:14:57.737,0.99159,0.99191,2.25,3.00
2016.03.24 07:14:58.859,0.9916,0.99191,1.75,1.75
2016.03.24 07:14:59.444,0.9916,0.99191,1.75,1.75
2016.03.24 07:14:59.763,0.9916,0.99191,1.75,1.75
2016.03.24 07:15:00.292,0.99162,0.99191,1.75,1.75
2016.03.24 07:15:00.343,0.99162,0.99193,1.75,2.25
2016.03.24 07:15:00.394,0.99162,0.99195,1.75,4.50
2016.03.24 07:15:00.546,0.99163,0.99196,1.75,3.00
2016.03.24 07:15:00.596,0.99169,0.99191,1.00,1.00
2016.03.24 07:15:00.647,0.99165,0.99198,1.75,1.75
2016.03.24 07:15:01.000,0.99168,0.99197,1.87,2.25
2016.03.24 07:15:01.051,0.99164,0.99196,2.25,1.75
2016.03.24 07:15:01.173,0.99164,0.99196,1.37,1.75
2016.03.24 07:15:01.224,0.99163,0.99196,1.50,1.50
2016.03.24 07:15:01.729,0.99164,0.99193,1.00,1.00
2016.03.24 07:15:02.347,0.99163,0.99193,1.50,1.00
2016.03.24 07:15:02.893,0.99164,0.99193,1.00,1.00
2016.03.24 07:15:06.760,0.99164,0.99192,1.00,1.00
2016.03.24 07:15:06.988,0.99166,0.99193,1.00,1.12
2016.03.24 07:15:07.039,0.99164,0.99193,1.00,1.00
2016.03.24 07:15:07.090,0.99165,0.99195,1.37,1.87
2016.03.24 07:15:07.242,0.99161,0.99192,1.00,1.00
2016.03.24 07:15:07.292,0.9916,0.9919,1.00,1.00
2016.03.24 07:15:07.394,0.99159,0.99193,2.25,1.00
2016.03.24 07:15:07.495,0.99163,0.99192,1.00,1.00
2016.03.24 07:15:07.596,0.99163,0.99194,1.00,1.12
2016.03.24 07:15:07.697,0.99163,0.99194,1.00,1.75
2016.03.24 07:15:08.564,0.99163,0.99194,1.00,1.75
2016.03.24 07:15:08.615,0.99163,0.99194,1.00,1.50
2016.03.24 07:15:11.159,0.99163,0.99194,1.37,2.25
2016.03.24 07:15:11.473,0.99164,0.99196,1.75,3.00
2016.03.24 07:15:11.725,0.99169,0.99198,1.75,1.87
2016.03.24 07:15:11.776,0.99169,0.99196,1.37,3.75
2016.03.24 07:15:11.827,0.99166,0.99196,1.50,4.50
2016.03.24 07:15:12.676,0.99166,0.99196,1.50,3.00
2016.03.24 07:15:12.777,0.99168,0.99196,1.37,2.25
2016.03.24 07:15:12.828,0.99168,0.99199,2.25,2.25
2016.03.24 07:15:12.878,0.9917,0.992,1.50,2.25
2016.03.24 07:15:12.929,0.9917,0.99201,1.75,3.00
2016.03.24 07:15:13.381,0.9917,0.99195,1.87,1.37
2016.03.24 07:15:13.432,0.99169,0.99192,1.00,1.00
2016.03.24 07:15:13.482,0.99164,0.99191,1.75,1.37
2016.03.24 07:15:13.533,0.99166,0.99188,1.00,1.00
2016.03.24 07:15:17.547,0.99169,0.99188,1.00,1.00
2016.03.24 07:15:18.857,0.99168,0.99188,1.00,1.00
2016.03.24 07:15:19.160,0.99172,0.99194,1.00,1.00
2016.03.24 07:15:19.261,0.99173,0.99196,1.00,1.50
2016.03.24 07:15:19.312,0.99169,0.99196,1.75,1.50
2016.03.24 07:15:19.362,0.99169,0.99197,1.50,1.75
2016.03.24 07:15:20.716,0.99169,0.99193,1.00,1.37
2016.03.24 07:15:20.817,0.99169,0.99193,1.75,1.50
2016.03.24 07:15:21.817,0.9917,0.99194,1.00,1.75
2016.03.24 07:15:22.321,0.99169,0.99191,1.00,1.75
2016.03.24 07:15:22.422,0.99168,0.9919,1.00,1.00
2016.03.24 07:15:22.721,0.99164,0.99191,1.75,1.75
2016.03.24 07:15:23.247,0.99169,0.99193,1.00,1.75
2016.03.24 07:15:24.528,0.99169,0.99191,1.12,1.75
2016.03.24 07:15:25.483,0.99169,0.9919,1.12,1.00
2016.03.24 07:15:26.083,0.99169,0.99192,1.12,1.75
2016.03.24 07:15:28.073,0.99165,0.99191,1.75,1.75
2016.03.24 07:15:28.542,0.99169,0.99189,1.00,1.12
2016.03.24 07:15:29.274,0.99165,0.99191,1.75,1.75
2016.03.24 07:15:29.998,0.99168,0.99189,1.00,1.12
2016.03.24 07:15:34.992,0.99169,0.9919,1.00,1.50
2016.03.24 07:15:36.901,0.99169,0.99191,1.00,1.75
2016.03.24 07:15:37.402,0.99168,0.9919,1.00,1.75
2016.03.24 07:15:37.453,0.99165,0.9919,1.12,1.75
2016.03.24 07:15:37.554,0.99168,0.9919,1.00,1.75
2016.03.24 07:15:38.262,0.99168,0.99191,1.00,1.75
2016.03.24 07:15:43.298,0.99168,0.99188,1.00,1.00
2016.03.24 07:15:44.402,0.99168,0.99189,1.00,1.12
2016.03.24 07:15:45.958,0.99168,0.99189,1.87,1.00
2016.03.24 07:15:46.798,0.99168,0.99191,1.37,1.37
2016.03.24 07:15:47.311,0.99168,0.99189,1.50,1.00
2016.03.24 07:15:48.513,0.99168,0.99192,1.50,1.12
2016.03.24 07:15:49.329,0.99165,0.99192,1.50,1.37
2016.03.24 07:15:49.379,0.99164,0.99191,2.25,2.25
2016.03.24 07:15:49.531,0.99164,0.99185,1.50,1.00
2016.03.24 07:15:49.934,0.99169,0.9919,1.37,1.12
2016.03.24 07:15:50.361,0.99169,0.99188,1.00,1.00
2016.03.24 07:15:50.614,0.99165,0.9919,1.50,1.75
2016.03.24 07:15:51.165,0.99165,0.99189,1.12,1.75
2016.03.24 07:15:51.678,0.99165,0.99188,1.00,1.75
2016.03.24 07:15:52.082,0.99168,0.9919,1.00,1.75
2016.03.24 07:15:52.589,0.99165,0.99189,1.50,1.50
2016.03.24 07:15:52.639,0.99165,0.99189,1.50,1.50
2016.03.24 07:15:52.841,0.99167,0.9919,1.00,1.50
2016.03.24 07:15:57.238,0.99166,0.99188,1.00,1.00
2016.03.24 07:15:57.563,0.99164,0.99192,1.75,1.50
2016.03.24 07:15:57.714,0.99164,0.99192,2.25,1.50
2016.03.24 07:16:00.433,0.99164,0.99191,1.75,1.00
2016.03.24 07:16:01.398,0.99168,0.99191,1.00,1.00
2016.03.24 07:16:01.449,0.99163,0.99194,2.25,1.75
2016.03.24 07:16:01.600,0.99168,0.99191,1.00,1.00
2016.03.24 07:16:01.850,0.99163,0.99194,2.25,1.75
2016.03.24 07:16:02.354,0.99163,0.99193,2.25,1.75
2016.03.24 07:16:03.468,0.99163,0.99191,2.25,1.00
2016.03.24 07:16:04.271,0.99163,0.99195,2.25,1.75
2016.03.24 07:16:04.322,0.99168,0.99191,1.50,1.00
2016.03.24 07:16:05.083,0.99168,0.99191,1.50,1.00
2016.03.24 07:16:05.667,0.99168,0.99197,1.75,1.75
2016.03.24 07:16:05.819,0.9917,0.99193,1.00,1.00
2016.03.24 07:16:08.572,0.99167,0.99198,1.75,2.25
2016.03.24 07:16:08.623,0.99167,0.99198,1.50,2.25
2016.03.24 07:16:08.673,0.99167,0.99198,1.50,1.75
2016.03.24 07:16:08.825,0.99167,0.99198,1.75,3.00
2016.03.24 07:16:09.077,0.99167,0.99198,1.50,1.75
2016.03.24 07:16:09.610,0.99167,0.99198,1.75,1.75
2016.03.24 07:16:10.483,0.99167,0.99198,1.75,1.75
2016.03.24 07:16:10.735,0.99168,0.99191,1.00,1.00
2016.03.24 07:16:10.786,0.99167,0.99191,1.75,1.00
2016.03.24 07:16:11.397,0.99167,0.99198,1.75,3.00
2016.03.24 07:16:11.709,0.99167,0.99197,1.50,1.75
2016.03.24 07:16:11.911,0.99167,0.99196,1.75,1.75
2016.03.24 07:16:12.732,0.99166,0.99197,1.75,2.25
2016.03.24 07:16:12.883,0.99164,0.99196,1.75,3.00
2016.03.24 07:16:13.186,0.99164,0.99193,1.50,3.00
2016.03.24 07:16:13.236,0.99164,0.99193,1.12,3.00
2016.03.24 07:16:13.489,0.99165,0.99187,1.12,1.00
2016.03.24 07:16:13.590,0.99165,0.99192,1.00,1.75
2016.03.24 07:16:14.171,0.99164,0.99192,1.12,1.75
2016.03.24 07:16:14.757,0.99165,0.99192,1.00,1.75
2016.03.24 07:16:16.043,0.99163,0.99192,1.37,2.25
2016.03.24 07:16:18.721,0.99164,0.99192,1.50,1.75
2016.03.24 07:16:19.030,0.99166,0.99195,1.50,1.75
2016.03.24 07:16:19.342,0.99166,0.99195,1.75,1.75
2016.03.24 07:16:24.319,0.99167,0.99195,1.50,1.75
2016.03.24 07:16:24.644,0.99169,0.99199,1.75,1.75
2016.03.24 07:16:24.746,0.99172,0.99194,1.00,1.00
2016.03.24 07:16:24.847,0.99171,0.99201,1.75,1.75
2016.03.24 07:16:25.211,0.99171,0.99196,1.75,1.00
2016.03.24 07:16:25.712,0.99173,0.99203,1.50,1.75
2016.03.24 07:16:27.232,0.99173,0.99203,1.50,1.75
2016.03.24 07:16:27.660,0.99173,0.99202,1.50,1.75
2016.03.24 07:16:30.141,0.9917,0.99201,1.75,1.75
2016.03.24 07:16:30.242,0.99173,0.99195,1.00,1.00
2016.03.24 07:16:30.746,0.99163,0.99194,1.75,1.75
2016.03.24 07:16:30.847,0.99163,0.9919,1.75,1.75
2016.03.24 07:16:30.949,0.99164,0.9919,1.37,1.75
2016.03.24 07:16:31.493,0.99164,0.9919,1.00,1.75
2016.03.24 07:16:31.838,0.99164,0.9919,1.00,2.25
2016.03.24 07:16:32.493,0.99164,0.99191,1.12,1.75
2016.03.24 07:16:39.718,0.99168,0.99192,1.00,3.00
2016.03.24 07:16:39.769,0.99168,0.99192,1.00,1.75
2016.03.24 07:16:39.971,0.99174,0.99195,1.00,3.00
2016.03.24 07:16:40.072,0.99174,0.99196,1.50,1.00
2016.03.24 07:16:40.173,0.99174,0.99204,1.75,1.75
2016.03.24 07:16:44.183,0.99174,0.99199,1.00,1.75
2016.03.24 07:16:44.233,0.99168,0.99198,1.75,1.75
2016.03.24 07:16:44.284,0.99165,0.99194,1.00,1.75
2016.03.24 07:16:44.811,0.99163,0.99194,2.25,2.25
2016.03.24 07:16:44.862,0.99163,0.99187,2.25,1.00
2016.03.24 07:16:45.200,0.99168,0.9919,1.00,1.00
2016.03.24 07:16:45.251,0.99164,0.99197,1.75,1.75
2016.03.24 07:16:45.301,0.99171,0.99193,1.00,1.00
2016.03.24 07:16:45.564,0.9917,0.99201,1.75,1.75
2016.03.24 07:16:45.615,0.99173,0.99203,1.75,1.75
2016.03.24 07:16:45.666,0.99173,0.99203,1.75,1.75
2016.03.24 07:16:47.471,0.99174,0.99204,1.75,2.25
2016.03.24 07:16:47.875,0.99173,0.99199,1.50,1.75
2016.03.24 07:16:48.687,0.99174,0.99199,1.00,1.75
2016.03.24 07:16:49.302,0.99174,0.99198,1.37,1.75
2016.03.24 07:16:51.950,0.99174,0.99193,1.37,1.00
2016.03.24 07:16:52.051,0.99171,0.99195,1.75,1.75
2016.03.24 07:16:52.264,0.99178,0.99201,1.12,1.75
2016.03.24 07:16:52.768,0.99176,0.99202,1.75,1.75
2016.03.24 07:16:56.720,0.99176,0.99199,1.00,1.00
2016.03.24 07:17:00.419,0.9917,0.99202,1.75,2.25
2016.03.24 07:17:01.133,0.99169,0.99202,2.25,2.25
2016.03.24 07:17:01.931,0.99171,0.99197,1.00,1.00
2016.03.24 07:17:02.032,0.99168,0.99196,1.75,1.75
2016.03.24 07:17:02.133,0.99169,0.99196,1.12,1.75
2016.03.24 07:17:02.335,0.99168,0.99197,1.75,3.00
2016.03.24 07:17:04.119,0.9917,0.99192,1.00,1.00
2016.03.24 07:17:05.808,0.99166,0.99196,1.75,1.75
2016.03.24 07:17:06.112,0.9917,0.992,1.75,1.75
2016.03.24 07:17:08.536,0.99174,0.99202,1.12,4.50
2016.03.24 07:17:10.752,0.99174,0.99197,1.50,1.00
2016.03.24 07:17:10.853,0.99176,0.99198,1.00,1.00
2016.03.24 07:17:14.817,0.99173,0.99202,1.50,2.25
2016.03.24 07:17:14.868,0.99173,0.99196,1.00,1.00
2016.03.24 07:17:14.919,0.9917,0.99194,1.37,1.50
2016.03.24 07:17:15.183,0.99172,0.99194,1.00,1.00
2016.03.24 07:17:15.234,0.99169,0.99194,1.00,1.75
2016.03.24 07:17:15.436,0.99168,0.9919,1.50,1.00
2016.03.24 07:17:15.662,0.99168,0.99194,1.00,1.75
2016.03.24 07:17:16.582,0.99169,0.99191,1.00,1.00
2016.03.24 07:17:17.457,0.99169,0.99189,1.00,1.00
2016.03.24 07:17:19.524,0.99174,0.99196,1.00,2.25
2016.03.24 07:17:19.675,0.99174,0.99203,1.75,2.25
2016.03.24 07:17:20.982,0.99174,0.99203,1.75,1.75
2016.03.24 07:17:21.084,0.99176,0.99199,1.00,1.00
2016.03.24 07:17:21.966,0.99178,0.992,1.00,1.00
2016.03.24 07:17:35.985,0.99184,0.99206,1.50,1.12
2016.03.24 07:17:36.186,0.99185,0.99208,1.00,1.00
2016.03.24 07:17:36.287,0.99181,0.99208,1.75,1.75
2016.03.24 07:17:36.389,0.99185,0.99207,1.00,1.00
2016.03.24 07:17:36.490,0.99179,0.99208,1.75,1.75
2016.03.24 07:17:40.694,0.9918,0.99207,1.75,2.25
2016.03.24 07:17:45.630,0.99178,0.99207,2.25,1.75
2016.03.24 07:17:50.105,0.99178,0.99206,2.25,1.75
2016.03.24 07:17:50.358,0.99178,0.99205,1.50,1.75
2016.03.24 07:17:53.517,0.99178,0.99202,1.12,1.75
2016.03.24 07:17:54.072,0.99174,0.99202,1.75,2.25
2016.03.24 07:17:54.602,0.99178,0.99202,1.00,1.75
2016.03.24 07:17:55.350,0.99174,0.99203,1.75,1.75
2016.03.24 07:17:58.026,0.99173,0.99203,1.75,1.75
2016.03.24 07:17:58.520,0.99179,0.99203,1.00,1.75
2016.03.24 07:17:59.360,0.99173,0.99203,1.75,1.75
2016.03.24 07:17:59.411,0.99179,0.99203,1.00,1.75
2016.03.24 07:17:59.461,0.99179,0.99198,1.00,1.00
2016.03.24 07:17:59.764,0.99178,0.99201,1.00,1.75
2016.03.24 07:17:59.865,0.9917,0.99197,1.00,2.25
2016.03.24 07:18:00.067,0.99168,0.99195,1.00,1.75
2016.03.24 07:18:01.168,0.99168,0.99195,1.12,1.75
2016.03.24 07:18:01.865,0.99167,0.99191,1.50,1.00
2016.03.24 07:18:04.359,0.99166,0.99195,2.25,1.75
2016.03.24 07:18:04.662,0.9917,0.99201,1.75,1.75
2016.03.24 07:18:04.763,0.99172,0.99201,1.75,1.75
2016.03.24 07:18:05.122,0.99172,0.99203,1.75,1.75
2016.03.24 07:18:06.669,0.99176,0.99206,1.75,1.75
2016.03.24 07:18:06.720,0.99176,0.99206,1.75,1.75
2016.03.24 07:18:06.770,0.99177,0.99207,2.25,1.75
2016.03.24 07:18:06.872,0.99184,0.99212,1.37,1.75
2016.03.24 07:18:07.414,0.99184,0.99209,1.75,1.75
2016.03.24 07:18:10.275,0.99184,0.99211,1.75,2.25
2016.03.24 07:18:10.426,0.99184,0.99209,1.00,1.75
2016.03.24 07:18:12.085,0.99184,0.99208,1.00,1.75
2016.03.24 07:18:12.588,0.99184,0.99207,1.00,1.75
2016.03.24 07:18:19.315,0.99184,0.99205,1.00,1.00
2016.03.24 07:18:19.939,0.99184,0.9921,1.00,1.75
2016.03.24 07:18:26.404,0.99184,0.99209,1.00,1.75
2016.03.24 07:18:26.580,0.99184,0.9921,1.12,1.75
2016.03.24 07:18:26.682,0.99189,0.99211,1.00,1.75
2016.03.24 07:18:26.732,0.99189,0.99211,1.00,1.75
2016.03.24 07:18:26.833,0.99189,0.99212,1.50,1.37
2016.03.24 07:18:27.345,0.99188,0.99212,1.75,1.00
2016.03.24 07:18:27.858,0.99188,0.99214,1.75,1.37
2016.03.24 07:18:29.090,0.99188,0.99215,1.50,1.75
2016.03.24 07:18:29.140,0.99188,0.99215,1.50,1.75
2016.03.24 07:18:30.540,0.99184,0.99207,1.87,1.50
2016.03.24 07:18:34.935,0.99178,0.99205,1.75,1.75
2016.03.24 07:18:35.338,0.9918,0.99204,1.00,1.75
2016.03.24 07:18:36.847,0.99179,0.99205,1.50,1.75
2016.03.24 07:18:37.149,0.99183,0.99205,1.00,1.75
2016.03.24 07:18:37.250,0.99178,0.99205,2.25,1.75
2016.03.24 07:18:38.266,0.99184,0.99205,1.00,1.75
2016.03.24 07:18:38.588,0.99179,0.99205,1.50,1.75
2016.03.24 07:18:40.311,0.99183,0.99206,1.00,1.75
2016.03.24 07:18:40.462,0.99179,0.99204,1.50,1.50
2016.03.24 07:18:41.832,0.99179,0.99204,1.50,1.12
2016.03.24 07:18:42.622,0.99179,0.99204,1.75,1.75
2016.03.24 07:18:42.673,0.99179,0.99204,1.75,1.12
2016.03.24 07:18:43.264,0.99179,0.99205,1.75,1.37
2016.03.24 07:18:43.977,0.99179,0.99201,1.75,1.00
2016.03.24 07:18:44.406,0.99184,0.99206,1.37,1.50
2016.03.24 07:18:44.559,0.99184,0.99206,1.75,1.12
2016.03.24 07:18:45.263,0.99184,0.99206,1.37,1.12
2016.03.24 07:18:45.514,0.99183,0.99205,1.00,1.00
2016.03.24 07:18:45.816,0.99183,0.99203,1.00,1.00
2016.03.24 07:18:45.997,0.99183,0.99205,1.00,1.50
2016.03.24 07:18:46.362,0.99179,0.99205,2.25,1.50
2016.03.24 07:18:46.664,0.99179,0.99203,1.50,1.37
2016.03.24 07:18:46.715,0.99179,0.99203,1.12,1.75
2016.03.24 07:18:48.253,0.99179,0.99202,1.37,1.00
2016.03.24 07:18:52.880,0.99179,0.99204,1.75,1.37
2016.03.24 07:18:53.237,0.99184,0.99206,1.00,1.00
2016.03.24 07:18:53.389,0.99177,0.99201,1.75,1.12
2016.03.24 07:18:53.440,0.99177,0.99201,1.75,1.12
2016.03.24 07:18:53.491,0.99177,0.99199,1.50,1.12
2016.03.24 07:18:53.541,0.99178,0.99199,1.00,1.50
2016.03.24 07:18:53.592,0.99178,0.99197,1.00,1.00
2016.03.24 07:18:54.118,0.99174,0.99198,1.75,1.12
2016.03.24 07:18:55.069,0.9917,0.99198,2.25,1.00
2016.03.24 07:18:55.578,0.99177,0.99199,1.00,1.50
2016.03.24 07:18:56.954,0.99173,0.99202,3.75,1.37
2016.03.24 07:18:57.257,0.99177,0.99206,2.25,1.75
2016.03.24 07:18:57.566,0.9918,0.99208,3.00,1.12
2016.03.24 07:18:57.919,0.99186,0.99209,1.00,1.50
2016.03.24 07:19:01.221,0.99188,0.99209,1.00,1.50
2016.03.24 07:19:01.327,0.99186,0.99209,1.00,1.00
2016.03.24 07:19:01.428,0.99184,0.99214,3.00,1.75
2016.03.24 07:19:11.851,0.99189,0.9921,1.00,1.00
2016.03.24 07:19:12.366,0.99193,0.9921,1.00,1.00
2016.03.24 07:19:12.467,0.99186,0.99215,1.75,1.75
2016.03.24 07:19:12.619,0.99187,0.99215,1.50,1.75
2016.03.24 07:19:12.921,0.99193,0.99215,1.00,1.75
2016.03.24 07:19:13.472,0.99194,0.99215,1.00,1.75
2016.03.24 07:19:14.177,0.99193,0.99215,1.00,1.75
2016.03.24 07:19:14.743,0.99194,0.99215,1.00,1.75
2016.03.24 07:19:20.049,0.99193,0.99217,1.00,1.75
2016.03.24 07:19:20.300,0.99194,0.99215,1.00,1.00
2016.03.24 07:19:20.451,0.99194,0.99219,1.37,1.75
2016.03.24 07:19:20.754,0.99199,0.99221,1.50,1.50
2016.03.24 07:19:20.980,0.99194,0.99221,2.25,1.12
2016.03.24 07:19:21.710,0.99204,0.99224,1.00,1.75
2016.03.24 07:19:22.063,0.99199,0.99224,1.50,1.75
2016.03.24 07:19:22.653,0.99199,0.99226,1.50,1.75
2016.03.24 07:19:22.704,0.99204,0.99226,1.00,1.50
2016.03.24 07:19:24.666,0.99203,0.99227,1.12,1.75
2016.03.24 07:19:27.878,0.99204,0.99227,1.00,1.75
2016.03.24 07:19:30.186,0.99204,0.9923,1.00,3.75
2016.03.24 07:19:30.388,0.992,0.9923,1.75,3.75
2016.03.24 07:19:30.691,0.99208,0.99223,1.00,1.00
2016.03.24 07:19:30.742,0.99203,0.99226,1.00,1.75
2016.03.24 07:19:30.793,0.99203,0.9922,1.00,1.00
2016.03.24 07:19:30.945,0.992,0.99227,1.37,1.75
2016.03.24 07:19:31.197,0.99204,0.99228,1.00,1.75
2016.03.24 07:19:31.298,0.99199,0.99228,1.50,1.75
2016.03.24 07:19:31.399,0.99199,0.99228,1.75,1.75
2016.03.24 07:19:31.830,0.99204,0.99223,1.00,1.00
2016.03.24 07:19:31.931,0.99199,0.99226,1.50,3.00
2016.03.24 07:19:32.145,0.99203,0.99226,1.00,3.00
2016.03.24 07:19:32.397,0.99199,0.99225,1.00,1.75
2016.03.24 07:19:32.928,0.99196,0.99225,1.75,1.75
2016.03.24 07:19:36.564,0.99199,0.99225,1.00,2.25
2016.03.24 07:19:40.287,0.99198,0.99225,1.12,1.75
2016.03.24 07:19:41.603,0.99199,0.99223,1.00,1.75
2016.03.24 07:19:42.062,0.99199,0.99225,1.12,1.75
2016.03.24 07:19:42.113,0.99199,0.99226,1.87,1.75
2016.03.24 07:19:42.163,0.99203,0.99225,1.00,1.00
2016.03.24 07:19:42.315,0.99198,0.99227,3.00,1.75
2016.03.24 07:19:42.801,0.992,0.99229,1.75,2.25
2016.03.24 07:19:42.852,0.99201,0.99224,1.00,1.00
2016.03.24 07:19:43.411,0.99199,0.99225,1.75,1.75
2016.03.24 07:19:43.958,0.992,0.99222,1.00,1.00
2016.03.24 07:19:46.509,0.99199,0.99225,1.37,1.75
2016.03.24 07:19:46.812,0.99193,0.99223,2.25,1.75
2016.03.24 07:19:47.353,0.99193,0.99221,1.75,1.75
2016.03.24 07:19:50.531,0.99199,0.99222,1.00,2.25
2016.03.24 07:19:53.376,0.99193,0.99222,1.75,1.75
2016.03.24 07:19:56.704,0.99198,0.99222,1.00,1.75
2016.03.24 07:19:57.048,0.99198,0.99225,1.37,1.75
2016.03.24 07:19:57.149,0.99198,0.99225,1.12,1.75
2016.03.24 07:19:57.662,0.99199,0.99225,1.00,1.75
2016.03.24 07:19:58.437,0.99198,0.99225,1.12,1.75
2016.03.24 07:19:58.958,0.99199,0.99226,1.00,1.75
2016.03.24 07:19:59.860,0.99198,0.99226,1.87,1.75
2016.03.24 07:19:59.961,0.99198,0.99228,2.25,3.75
2016.03.24 07:20:02.693,0.99199,0.99228,1.12,5.25
2016.03.24 07:20:03.363,0.992,0.99225,1.00,1.75
2016.03.24 07:20:03.635,0.99198,0.99225,1.87,1.75
2016.03.24 07:20:06.044,0.99199,0.99225,1.00,1.75
2016.03.24 07:20:06.865,0.992,0.99225,1.00,1.75
2016.03.24 07:20:07.460,0.99199,0.99225,1.50,1.75
2016.03.24 07:20:08.782,0.992,0.99225,1.00,1.75
2016.03.24 07:20:10.670,0.99199,0.99225,1.12,1.75
2016.03.24 07:20:10.771,0.99199,0.99225,1.50,1.75
2016.03.24 07:20:11.074,0.99203,0.99229,1.12,1.75
2016.03.24 07:20:11.413,0.99205,0.99231,1.00,3.75
2016.03.24 07:20:11.716,0.99203,0.99231,1.12,4.50
2016.03.24 07:20:12.222,0.99204,0.99231,1.00,3.75
2016.03.24 07:20:12.824,0.99204,0.99231,1.12,2.25
2016.03.24 07:20:13.327,0.99205,0.99231,1.00,1.75
2016.03.24 07:20:15.113,0.99204,0.9923,1.50,1.75
2016.03.24 07:20:15.214,0.99202,0.99223,1.12,1.00
2016.03.24 07:20:15.315,0.99202,0.99229,1.00,2.25
2016.03.24 07:20:17.392,0.99204,0.99224,1.00,1.00
2016.03.24 07:20:17.909,0.99204,0.9923,1.00,1.75
2016.03.24 07:20:23.152,0.99204,0.9923,1.50,1.75
2016.03.24 07:20:23.404,0.99201,0.99226,1.00,1.75
2016.03.24 07:20:23.803,0.992,0.99225,1.75,1.50
2016.03.24 07:20:23.904,0.99199,0.99225,1.75,1.75
2016.03.24 07:20:24.060,0.99199,0.99225,1.12,1.75
2016.03.24 07:20:24.366,0.99198,0.99217,1.00,1.00
2016.03.24 07:20:24.669,0.99199,0.99215,1.00,1.00
2016.03.24 07:20:27.035,0.99193,0.99215,2.25,1.00
2016.03.24 07:20:27.311,0.99195,0.99214,1.00,1.00
2016.03.24 07:20:27.886,0.99194,0.99214,1.00,1.00
2016.03.24 07:20:28.570,0.99198,0.99214,1.00,1.00
2016.03.24 07:20:29.128,0.99194,0.99214,1.50,1.00
2016.03.24 07:20:34.660,0.99198,0.9922,1.00,2.25
2016.03.24 07:20:34.761,0.99199,0.99223,1.00,1.50
2016.03.24 07:20:34.812,0.99201,0.99229,1.00,3.00
2016.03.24 07:20:34.863,0.99201,0.99229,1.37,3.00
2016.03.24 07:20:35.609,0.99203,0.9923,1.00,2.25
2016.03.24 07:20:38.688,0.992,0.9923,1.37,2.25
2016.03.24 07:20:38.897,0.992,0.99223,1.00,1.00
2016.03.24 07:20:38.948,0.99194,0.99223,1.75,2.25
2016.03.24 07:20:39.113,0.99194,0.99221,1.50,1.75
2016.03.24 07:20:41.029,0.99199,0.99222,1.00,1.75
2016.03.24 07:20:41.130,0.99194,0.99222,2.25,1.75
2016.03.24 07:20:41.684,0.99194,0.99221,1.75,1.75
2016.03.24 07:20:41.786,0.99198,0.99218,1.00,1.00
2016.03.24 07:20:41.887,0.99196,0.99218,1.00,1.00
2016.03.24 07:20:43.037,0.99194,0.99221,1.75,1.75
2016.03.24 07:20:43.417,0.99199,0.99217,1.00,1.00
2016.03.24 07:20:44.126,0.99195,0.99217,1.00,1.00
2016.03.24 07:20:45.033,0.99193,0.99221,2.25,1.75
2016.03.24 07:20:45.617,0.99196,0.99218,1.00,1.00
2016.03.24 07:20:46.947,0.99196,0.99221,1.00,1.75
2016.03.24 07:20:47.557,0.99195,0.99223,1.50,1.75
2016.03.24 07:20:47.607,0.99195,0.99223,1.75,1.75
2016.03.24 07:20:47.658,0.99195,0.99223,1.75,1.75
2016.03.24 07:20:48.083,0.99197,0.99222,1.00,1.75
2016.03.24 07:20:48.184,0.99196,0.99217,1.00,1.00
2016.03.24 07:20:48.285,0.99192,0.99214,1.00,1.50
2016.03.24 07:20:48.386,0.99189,0.99209,1.00,1.00
2016.03.24 07:20:49.463,0.99189,0.99208,1.00,1.37
2016.03.24 07:20:49.514,0.99184,0.99208,1.50,1.75
2016.03.24 07:20:50.168,0.99184,0.99206,1.12,1.37
2016.03.24 07:20:50.773,0.99184,0.99207,1.00,1.75
2016.03.24 07:20:51.177,0.99183,0.99202,1.00,1.00
2016.03.24 07:20:51.379,0.99188,0.99208,1.00,1.75
2016.03.24 07:20:51.580,0.99183,0.99209,1.00,2.25
2016.03.24 07:20:52.437,0.99184,0.99209,1.00,2.25
2016.03.24 07:20:52.488,0.99184,0.99209,1.00,1.75
2016.03.24 07:20:53.332,0.99183,0.99206,1.00,1.75
2016.03.24 07:20:53.833,0.99184,0.99206,1.00,1.75
2016.03.24 07:20:54.953,0.99184,0.99208,1.00,4.50
2016.03.24 07:20:55.490,0.99184,0.99204,1.00,1.75
2016.03.24 07:20:56.006,0.99183,0.99198,1.00,1.00
2016.03.24 07:20:56.397,0.99179,0.99198,1.00,1.00
2016.03.24 07:20:56.845,0.99184,0.99198,1.00,1.00
2016.03.24 07:20:57.547,0.99178,0.99198,1.00,1.00
2016.03.24 07:20:57.850,0.99184,0.99198,1.00,1.00
2016.03.24 07:20:58.952,0.99183,0.99198,1.00,1.00
2016.03.24 07:20:59.054,0.99184,0.99203,1.00,1.75
2016.03.24 07:20:59.255,0.99184,0.9921,1.00,1.75
2016.03.24 07:20:59.306,0.99184,0.99211,1.50,1.75
2016.03.24 07:20:59.431,0.99184,0.99211,1.75,1.75
2016.03.24 07:21:00.514,0.99184,0.99207,1.37,1.37
2016.03.24 07:21:00.565,0.99184,0.99206,1.00,1.75
2016.03.24 07:21:00.616,0.99179,0.99204,1.00,1.75
2016.03.24 07:21:01.263,0.99183,0.99204,1.00,1.75
2016.03.24 07:21:01.719,0.99178,0.99203,1.00,1.75
2016.03.24 07:21:03.121,0.99183,0.99203,1.00,1.75
2016.03.24 07:21:03.222,0.99178,0.99204,1.00,1.75
2016.03.24 07:21:03.474,0.99183,0.99205,1.00,2.25
2016.03.24 07:21:05.313,0.99178,0.99206,1.00,1.75
2016.03.24 07:21:05.835,0.99179,0.99206,1.00,1.75
2016.03.24 07:21:06.638,0.99178,0.99206,1.50,2.25
2016.03.24 07:21:07.947,0.99184,0.99206,1.00,1.75
2016.03.24 07:21:08.249,0.99183,0.99209,1.00,1.75
2016.03.24 07:21:08.300,0.99183,0.9921,1.37,1.75
2016.03.24 07:21:08.351,0.99183,0.99213,1.75,2.25
2016.03.24 07:21:08.452,0.99186,0.99208,1.00,1.00
2016.03.24 07:21:08.630,0.99188,0.99213,1.00,1.75
2016.03.24 07:21:08.932,0.99188,0.99217,1.75,1.75
2016.03.24 07:21:10.217,0.9919,0.99217,1.00,1.75
2016.03.24 07:21:10.755,0.99189,0.99216,1.50,1.75
2016.03.24 07:21:11.307,0.99189,0.99218,1.50,3.00
2016.03.24 07:21:12.118,0.99189,0.99217,1.50,1.75
2016.03.24 07:21:12.430,0.99194,0.99217,1.00,1.75
2016.03.24 07:21:15.517,0.99193,0.99218,1.00,1.75
2016.03.24 07:21:19.917,0.99194,0.99217,1.00,1.75
2016.03.24 07:21:21.347,0.99189,0.99217,2.25,1.75
2016.03.24 07:21:22.017,0.99194,0.99217,1.00,1.75
2016.03.24 07:21:22.576,0.99194,0.99214,1.00,1.00
2016.03.24 07:21:31.584,0.9919,0.99218,1.75,1.75
2016.03.24 07:21:32.126,0.99194,0.99218,1.00,1.75
2016.03.24 07:21:32.986,0.99193,0.99218,1.00,1.75
2016.03.24 07:21:35.108,0.99194,0.99218,1.00,1.75
2016.03.24 07:21:36.918,0.99194,0.99218,1.00,1.75
2016.03.24 07:21:37.419,0.99194,0.99218,1.00,1.75
2016.03.24 07:21:40.282,0.99193,0.99218,1.00,1.75
2016.03.24 07:21:40.916,0.99191,0.99218,1.50,1.75
2016.03.24 07:21:45.908,0.99189,0.99216,1.12,1.75
2016.03.24 07:21:46.310,0.99184,0.99211,1.50,2.85
2016.03.24 07:21:46.523,0.99178,0.992,1.50,1.00
2016.03.24 07:21:46.624,0.99178,0.99201,1.00,1.75
2016.03.24 07:21:46.927,0.99183,0.99203,1.00,1.75
2016.03.24 07:21:47.813,0.99178,0.99203,1.00,1.75
2016.03.24 07:21:47.864,0.99183,0.99203,1.00,1.75
2016.03.24 07:21:48.118,0.99183,0.99205,1.00,1.00
2016.03.24 07:21:48.622,0.99184,0.9921,1.12,1.75
2016.03.24 07:21:50.444,0.99184,0.9921,2.25,1.75
2016.03.24 07:21:50.545,0.99189,0.99213,1.00,1.75
2016.03.24 07:21:51.071,0.99188,0.99215,1.00,3.75
2016.03.24 07:21:51.530,0.99183,0.99211,1.87,2.25
2016.03.24 07:21:52.034,0.99184,0.99209,1.00,1.75
2016.03.24 07:21:52.588,0.99183,0.99207,1.00,1.75
2016.03.24 07:21:55.598,0.99184,0.99207,1.00,1.75
2016.03.24 07:21:55.666,0.99179,0.99207,1.75,1.75
2016.03.24 07:21:55.886,0.99184,0.99207,1.00,1.75
2016.03.24 07:21:56.399,0.99183,0.99207,1.00,1.75
2016.03.24 07:21:58.355,0.99184,0.99206,1.00,1.75
2016.03.24 07:21:58.456,0.99179,0.99206,1.75,1.75
2016.03.24 07:21:58.887,0.99184,0.99207,1.00,1.75
2016.03.24 07:21:59.736,0.99178,0.99206,3.00,1.75
2016.03.24 07:22:01.975,0.99184,0.99206,1.00,1.75
2016.03.24 07:22:02.519,0.99183,0.99204,1.00,1.75
2016.03.24 07:22:03.071,0.99178,0.99204,2.25,1.75
2016.03.24 07:22:03.344,0.99178,0.99205,1.75,1.50
2016.03.24 07:22:03.495,0.99183,0.99205,1.00,1.50
2016.03.24 07:22:04.025,0.99184,0.99206,1.00,1.75
2016.03.24 07:22:06.053,0.99184,0.99201,1.00,1.00
2016.03.24 07:22:06.154,0.99179,0.99201,1.50,1.00
2016.03.24 07:22:07.878,0.99178,0.99199,1.00,1.75
2016.03.24 07:22:07.979,0.99179,0.99201,1.00,2.25
2016.03.24 07:22:08.124,0.99178,0.99201,1.00,1.75
2016.03.24 07:22:08.175,0.99178,0.99201,1.00,1.75
2016.03.24 07:22:08.377,0.99179,0.99199,1.00,1.75
2016.03.24 07:22:08.579,0.99173,0.99199,1.37,1.75
2016.03.24 07:22:09.083,0.99174,0.99194,1.00,1.75
2016.03.24 07:22:09.283,0.99169,0.99192,1.00,1.75
2016.03.24 07:22:09.837,0.99168,0.99192,1.00,1.75
2016.03.24 07:22:10.399,0.99169,0.99192,1.00,1.75
2016.03.24 07:22:20.378,0.99169,0.99192,1.00,2.25
2016.03.24 07:22:20.680,0.99163,0.99189,1.75,1.50
2016.03.24 07:22:20.933,0.99159,0.99187,2.25,1.75
2016.03.24 07:22:21.903,0.99159,0.99185,1.75,1.75
2016.03.24 07:22:25.110,0.9916,0.99188,1.50,1.75
2016.03.24 07:22:25.311,0.9916,0.99188,1.75,1.75
2016.03.24 07:22:27.120,0.99159,0.99188,2.25,1.75
2016.03.24 07:22:28.474,0.99164,0.99189,1.00,1.75
2016.03.24 07:22:28.575,0.9916,0.9919,1.75,3.75
2016.03.24 07:22:28.626,0.9916,0.99182,1.50,1.00
2016.03.24 07:22:28.928,0.99158,0.99188,1.87,3.00
2016.03.24 07:22:29.029,0.99158,0.99188,2.25,3.75
2016.03.24 07:22:32.614,0.99159,0.99181,1.00,1.00
2016.03.24 07:22:34.501,0.99159,0.99185,1.12,1.75
2016.03.24 07:22:34.779,0.99163,0.99194,1.75,1.75
2016.03.24 07:22:34.830,0.99168,0.99193,1.00,2.25
2016.03.24 07:22:34.931,0.99168,0.99194,1.00,1.75
2016.03.24 07:22:35.389,0.99174,0.99187,1.00,1.00
2016.03.24 07:22:37.400,0.99169,0.99187,1.00,1.00
2016.03.24 07:22:37.602,0.99174,0.99187,1.00,1.00
2016.03.24 07:22:38.688,0.99169,0.99187,1.00,1.00
2016.03.24 07:22:38.839,0.99169,0.99191,1.00,1.75
2016.03.24 07:22:39.033,0.99163,0.99191,1.12,1.75
2016.03.24 07:22:40.447,0.99164,0.99191,1.00,1.75
2016.03.24 07:22:41.948,0.99164,0.99183,1.00,1.00
2016.03.24 07:22:42.651,0.99164,0.9919,1.00,1.75
2016.03.24 07:22:46.265,0.99164,0.99191,1.00,2.25
2016.03.24 07:22:50.115,0.99163,0.99191,1.12,1.75
2016.03.24 07:22:51.332,0.99164,0.99191,1.00,1.75
2016.03.24 07:23:01.894,0.99164,0.99192,1.12,3.00
2016.03.24 07:23:04.701,0.9916,0.99192,2.25,5.25
2016.03.24 07:23:15.564,0.99164,0.99189,1.00,1.75
2016.03.24 07:23:16.077,0.99163,0.99192,1.12,5.25
2016.03.24 07:23:23.821,0.99159,0.9919,2.25,1.75
2016.03.24 07:23:32.324,0.99164,0.99189,1.00,1.75
2016.03.24 07:23:33.035,0.99158,0.99189,2.25,3.00
2016.03.24 07:23:33.137,0.99159,0.99183,1.37,1.75
2016.03.24 07:23:33.440,0.99159,0.99181,1.00,1.75
2016.03.24 07:23:35.096,0.99158,0.99181,1.00,1.75
2016.03.24 07:23:35.197,0.99152,0.99181,1.75,1.75
2016.03.24 07:23:35.248,0.99152,0.99181,2.25,1.75
2016.03.24 07:23:35.572,0.99158,0.99184,1.12,1.75
2016.03.24 07:23:35.875,0.99164,0.99183,1.00,1.75
2016.03.24 07:23:36.238,0.99159,0.99183,1.00,1.75
2016.03.24 07:23:37.726,0.99158,0.99183,1.00,1.75
2016.03.24 07:23:38.268,0.99158,0.99182,1.00,1.75
2016.03.24 07:23:39.423,0.99154,0.99182,1.50,1.75
2016.03.24 07:23:41.286,0.99154,0.99176,1.00,1.00
2016.03.24 07:23:44.604,0.99154,0.99181,1.75,1.75
2016.03.24 07:23:45.511,0.9915,0.99181,1.75,1.75
2016.03.24 07:23:46.224,0.99154,0.99181,1.00,1.75
2016.03.24 07:23:46.274,0.99154,0.99181,1.50,1.75
2016.03.24 07:23:48.674,0.99154,0.99181,1.00,1.75
2016.03.24 07:23:50.600,0.99149,0.99181,2.25,1.75
2016.03.24 07:23:59.240,0.99149,0.99172,1.00,1.00
2016.03.24 07:24:02.418,0.99151,0.99173,1.00,1.00
2016.03.24 07:24:02.902,0.99147,0.99176,1.75,1.75
2016.03.24 07:24:03.408,0.99147,0.99176,1.75,1.75
2016.03.24 07:24:08.231,0.99147,0.99175,1.50,1.75
2016.03.24 07:24:10.140,0.99147,0.99176,1.50,1.75
2016.03.24 07:24:10.341,0.99147,0.9917,1.50,1.00
2016.03.24 07:24:10.442,0.99147,0.99176,1.75,1.75
2016.03.24 07:24:10.778,0.9915,0.9918,1.50,3.00
2016.03.24 07:24:11.244,0.99148,0.99177,1.75,1.50
2016.03.24 07:24:11.848,0.9915,0.9918,1.75,2.25
2016.03.24 07:24:12.519,0.99152,0.9918,1.75,1.75
2016.03.24 07:24:12.872,0.99156,0.99179,1.00,1.00
2016.03.24 07:24:12.922,0.99152,0.9918,1.75,1.75
2016.03.24 07:24:13.074,0.99152,0.99175,1.50,1.00
2016.03.24 07:24:13.348,0.99152,0.9918,1.75,1.75
2016.03.24 07:24:13.651,0.99153,0.99181,1.50,1.75
2016.03.24 07:24:14.833,0.99153,0.99181,1.12,1.75
2016.03.24 07:24:15.337,0.99152,0.99175,1.50,1.00
2016.03.24 07:24:16.237,0.99152,0.99181,1.50,1.75
2016.03.24 07:24:16.439,0.99153,0.99181,1.50,2.25
2016.03.24 07:24:18.188,0.99154,0.99182,1.00,3.75
2016.03.24 07:24:18.856,0.99151,0.99181,1.75,1.75
2016.03.24 07:24:19.494,0.99154,0.99182,1.00,3.00
2016.03.24 07:24:20.044,0.99153,0.99181,1.12,1.75
2016.03.24 07:24:20.736,0.9915,0.99181,1.75,3.75
2016.03.24 07:24:20.887,0.9915,0.99181,1.75,2.25
2016.03.24 07:24:21.293,0.99149,0.99181,2.25,3.75
2016.03.24 07:24:22.745,0.99149,0.99174,2.25,1.00
2016.03.24 07:24:23.532,0.99149,0.99176,1.75,1.75
2016.03.24 07:24:23.797,0.99143,0.99168,1.12,1.75
2016.03.24 07:24:23.949,0.99143,0.99174,1.37,1.75
2016.03.24 07:24:24.000,0.99145,0.99175,1.75,1.75
2016.03.24 07:24:24.050,0.99154,0.99175,1.00,1.75
2016.03.24 07:24:24.618,0.99154,0.99177,1.00,1.75
2016.03.24 07:24:24.769,0.99154,0.99177,1.00,2.25
2016.03.24 07:24:24.870,0.99154,0.99177,1.00,2.25
2016.03.24 07:24:24.971,0.99154,0.99172,1.00,1.00
2016.03.24 07:24:25.515,0.99154,0.99176,1.00,1.75
2016.03.24 07:24:26.369,0.99154,0.99176,1.00,1.75
2016.03.24 07:24:26.891,0.99154,0.99171,1.00,1.00
2016.03.24 07:24:27.586,0.99154,0.99176,1.00,1.75
2016.03.24 07:24:28.090,0.99153,0.99176,1.00,1.75
2016.03.24 07:24:28.594,0.99153,0.99178,1.00,2.25
2016.03.24 07:24:29.155,0.99153,0.99177,1.00,2.25
2016.03.24 07:24:30.664,0.99153,0.99176,1.00,1.75
2016.03.24 07:24:31.088,0.99153,0.99172,1.00,1.00
2016.03.24 07:24:31.293,0.99153,0.99177,1.00,3.00
2016.03.24 07:24:31.394,0.99153,0.99172,1.00,1.00
2016.03.24 07:24:31.495,0.99153,0.99176,1.00,1.75
2016.03.24 07:24:31.696,0.99153,0.99176,1.00,1.75
2016.03.24 07:24:32.088,0.99153,0.99176,1.00,2.25
2016.03.24 07:24:32.391,0.99154,0.99176,1.00,1.75
2016.03.24 07:24:32.593,0.99154,0.99176,1.00,1.75
2016.03.24 07:24:32.695,0.99154,0.99176,1.00,1.75
2016.03.24 07:24:33.223,0.99154,0.99175,1.00,1.75
2016.03.24 07:24:33.525,0.99154,0.99176,1.00,2.25
2016.03.24 07:24:33.677,0.99154,0.99176,1.00,1.75
2016.03.24 07:24:34.300,0.99154,0.99177,1.00,2.25
2016.03.24 07:24:35.225,0.99153,0.99172,1.00,1.75
2016.03.24 07:24:35.767,0.99154,0.99171,1.00,1.75
2016.03.24 07:24:36.408,0.99154,0.99171,1.00,1.75
2016.03.24 07:24:36.874,0.99149,0.99171,1.00,1.75
2016.03.24 07:24:36.925,0.99149,0.99171,1.00,1.75
2016.03.24 07:24:37.111,0.99154,0.99173,1.00,1.75
2016.03.24 07:24:37.612,0.99153,0.99168,1.00,1.00
2016.03.24 07:24:37.713,0.99153,0.99172,1.00,1.75
2016.03.24 07:24:38.225,0.99154,0.99172,1.00,1.75
2016.03.24 07:24:39.219,0.99149,0.99171,1.00,1.50
2016.03.24 07:24:39.691,0.99148,0.99171,1.00,1.75
2016.03.24 07:24:40.540,0.99148,0.99168,1.00,1.50
2016.03.24 07:24:40.777,0.99135,0.99164,3.75,1.37
2016.03.24 07:24:40.828,0.99135,0.99162,1.50,1.75
2016.03.24 07:24:41.029,0.99134,0.99159,1.75,1.50
2016.03.24 07:24:47.517,0.99134,0.9916,1.50,1.75
2016.03.24 07:24:48.627,0.99134,0.99151,1.00,1.00
2016.03.24 07:24:48.728,0.99124,0.99147,1.12,1.75
2016.03.24 07:24:48.829,0.99121,0.99145,1.50,1.75
2016.03.24 07:24:49.156,0.99124,0.99145,1.00,1.75
2016.03.24 07:24:51.119,0.99124,0.99145,1.00,1.50
2016.03.24 07:24:52.970,0.99119,0.99147,1.75,1.75
2016.03.24 07:24:53.021,0.99122,0.99147,2.25,1.37
2016.03.24 07:24:53.071,0.9913,0.99152,1.00,1.00
2016.03.24 07:24:53.122,0.99123,0.99152,2.25,2.25
2016.03.24 07:24:53.173,0.99123,0.99151,1.12,1.75
2016.03.24 07:24:53.224,0.99123,0.99151,1.37,1.75
2016.03.24 07:24:53.671,0.99123,0.99148,1.37,1.75
2016.03.24 07:24:58.348,0.99123,0.99149,1.75,1.75
2016.03.24 07:24:58.650,0.99126,0.99149,1.00,1.00
2016.03.24 07:24:58.751,0.99123,0.9915,1.75,1.50
2016.03.24 07:24:59.280,0.99124,0.99152,1.75,1.75
2016.03.24 07:25:01.472,0.99124,0.9915,1.37,1.75
2016.03.24 07:25:01.775,0.99119,0.9915,1.75,3.00
2016.03.24 07:25:02.077,0.99124,0.99147,1.00,1.75
2016.03.24 07:25:02.684,0.99123,0.99147,1.00,1.75
2016.03.24 07:25:03.217,0.99119,0.99147,1.75,1.75
2016.03.24 07:25:03.807,0.99123,0.99149,1.00,1.75
2016.03.24 07:25:03.858,0.99123,0.99149,1.50,1.75
2016.03.24 07:25:05.585,0.99123,0.99148,1.12,1.75
2016.03.24 07:25:06.177,0.99124,0.99151,1.00,3.00
2016.03.24 07:25:08.065,0.99124,0.99142,1.00,1.00
2016.03.24 07:25:08.368,0.99124,0.99148,1.00,3.75
2016.03.24 07:25:08.418,0.99118,0.99146,1.00,1.75
2016.03.24 07:25:08.570,0.99118,0.99141,1.50,1.00
2016.03.24 07:25:08.952,0.99118,0.99146,1.50,1.75
2016.03.24 07:25:09.002,0.99121,0.99144,1.00,1.00
2016.03.24 07:25:09.306,0.99124,0.99144,1.00,1.00
2016.03.24 07:25:09.508,0.99124,0.9915,1.12,1.75
2016.03.24 07:25:10.088,0.99124,0.9915,1.00,1.75
2016.03.24 07:25:10.592,0.99124,0.99143,1.00,1.00
2016.03.24 07:25:12.502,0.99123,0.99143,1.00,1.00
2016.03.24 07:25:13.033,0.99124,0.99143,1.00,1.00
2016.03.24 07:25:14.270,0.99121,0.99151,2.25,3.00
2016.03.24 07:25:14.321,0.9912,0.99147,1.75,1.75
2016.03.24 07:25:14.372,0.99124,0.99147,1.37,1.75
2016.03.24 07:25:14.674,0.99121,0.99144,1.00,1.00
2016.03.24 07:25:15.008,0.99123,0.99144,1.00,1.00
2016.03.24 07:25:15.310,0.99123,0.99149,1.50,1.75
2016.03.24 07:25:15.811,0.99123,0.99148,1.12,2.25
2016.03.24 07:25:15.914,0.99119,0.99148,1.75,1.75
2016.03.24 07:25:16.015,0.99122,0.99145,1.00,1.00
2016.03.24 07:25:16.117,0.99129,0.99145,1.00,1.00
2016.03.24 07:25:16.218,0.99124,0.99145,1.00,1.00
2016.03.24 07:25:16.320,0.99124,0.99151,1.00,2.25
2016.03.24 07:25:16.371,0.99129,0.99152,1.00,2.25
2016.03.24 07:25:16.725,0.99129,0.99152,1.00,2.25
2016.03.24 07:25:17.158,0.99128,0.9915,1.00,1.00
2016.03.24 07:25:17.209,0.99126,0.9915,1.00,1.00
2016.03.24 07:25:17.260,0.99126,0.99152,1.00,1.50
2016.03.24 07:25:17.361,0.99128,0.99156,1.00,1.75
2016.03.24 07:25:17.412,0.99128,0.99156,1.12,1.00
2016.03.24 07:25:17.462,0.99133,0.99157,1.00,1.12
2016.03.24 07:25:20.406,0.99133,0.9916,1.50,1.87
2016.03.24 07:25:20.708,0.99133,0.9916,1.00,2.25
2016.03.24 07:25:21.072,0.99129,0.99154,1.00,1.50
2016.03.24 07:25:21.175,0.99124,0.99151,1.50,1.00
2016.03.24 07:25:21.225,0.99124,0.9915,1.00,1.75
2016.03.24 07:25:21.328,0.99121,0.99148,1.50,1.12
2016.03.24 07:25:21.530,0.99123,0.9915,1.00,2.25
2016.03.24 07:25:24.027,0.99124,0.99149,1.00,1.50
2016.03.24 07:25:24.279,0.99125,0.99153,1.00,1.00
2016.03.24 07:25:24.531,0.99126,0.99154,1.00,2.25
2016.03.24 07:25:24.632,0.99126,0.99153,1.00,1.12
2016.03.24 07:25:24.985,0.99125,0.99151,1.00,1.00
2016.03.24 07:25:25.035,0.99123,0.99151,1.00,1.00
2016.03.24 07:25:25.549,0.99123,0.99152,1.12,1.00
2016.03.24 07:25:26.064,0.99124,0.99152,1.00,1.00
2016.03.24 07:25:26.578,0.99123,0.99152,1.00,1.50
2016.03.24 07:25:27.105,0.99122,0.99152,1.00,1.50
2016.03.24 07:25:27.824,0.99121,0.99151,1.00,1.12
2016.03.24 07:25:29.408,0.9912,0.99152,1.87,1.50
2016.03.24 07:25:29.769,0.99123,0.99153,1.00,1.75
2016.03.24 07:25:33.132,0.99123,0.99154,1.00,1.75
2016.03.24 07:25:34.387,0.99124,0.99154,1.00,1.75
2016.03.24 07:25:35.072,0.99123,0.99154,1.00,1.75
2016.03.24 07:25:35.591,0.99123,0.99151,1.00,1.00
2016.03.24 07:25:37.164,0.99122,0.99151,1.00,1.00
2016.03.24 07:25:37.699,0.99122,0.99152,1.12,1.12
2016.03.24 07:25:38.049,0.99124,0.99151,1.00,1.00
2016.03.24 07:25:38.277,0.99122,0.99151,1.00,1.00
2016.03.24 07:25:39.103,0.99123,0.99151,1.00,1.00
2016.03.24 07:25:39.632,0.99124,0.99154,1.00,1.75
2016.03.24 07:25:40.137,0.99123,0.99154,1.00,1.75
2016.03.24 07:25:40.718,0.99123,0.99154,1.00,1.75
2016.03.24 07:25:41.310,0.99122,0.99152,1.00,1.75
2016.03.24 07:25:41.461,0.99122,0.99152,1.87,1.12
2016.03.24 07:25:42.012,0.99123,0.99154,1.00,1.75
2016.03.24 07:25:42.924,0.99123,0.99154,1.00,1.75
2016.03.24 07:25:44.195,0.99124,0.99151,1.00,1.00
2016.03.24 07:25:44.346,0.99124,0.99155,1.50,1.75
2016.03.24 07:25:44.397,0.99126,0.99156,1.00,1.75
2016.03.24 07:25:44.448,0.99126,0.99156,1.00,1.50
2016.03.24 07:25:44.549,0.99129,0.99156,1.00,1.75
2016.03.24 07:25:44.650,0.99129,0.99156,1.00,1.50
2016.03.24 07:25:44.751,0.99125,0.99154,1.00,1.00
2016.03.24 07:25:45.844,0.99125,0.99156,1.87,1.00
2016.03.24 07:25:45.895,0.99129,0.99156,1.00,1.00
2016.03.24 07:25:45.946,0.99129,0.99158,1.00,1.12
2016.03.24 07:25:46.482,0.99128,0.99159,1.00,1.12
2016.03.24 07:25:46.985,0.99129,0.99159,1.00,1.12
2016.03.24 07:25:48.051,0.99129,0.99159,1.00,1.50
2016.03.24 07:25:48.572,0.99129,0.99159,1.50,1.12
2016.03.24 07:25:49.115,0.99129,0.99158,1.50,1.00
2016.03.24 07:25:50.147,0.99129,0.99151,1.50,1.00
2016.03.24 07:25:50.248,0.99122,0.99152,1.75,1.00
2016.03.24 07:25:50.423,0.99121,0.99148,1.00,1.50
2016.03.24 07:25:50.486,0.99119,0.99148,1.00,1.50
2016.03.24 07:25:50.688,0.99119,0.99146,1.50,1.00
2016.03.24 07:25:51.040,0.99123,0.99148,1.00,1.50
2016.03.24 07:25:51.242,0.99121,0.99149,1.12,1.87
2016.03.24 07:25:51.556,0.9912,0.99147,1.37,1.37
2016.03.24 07:25:51.607,0.99118,0.99147,1.00,1.75
2016.03.24 07:25:51.658,0.99118,0.99148,1.00,2.25
2016.03.24 07:25:51.810,0.99121,0.99149,1.00,1.75
2016.03.24 07:25:51.861,0.99121,0.99151,1.00,1.75
2016.03.24 07:25:51.912,0.99124,0.99151,1.00,1.75
2016.03.24 07:25:51.962,0.99124,0.99152,1.00,1.12
2016.03.24 07:25:52.470,0.99125,0.99152,1.00,1.12
2016.03.24 07:25:53.154,0.99125,0.99151,1.00,1.00
2016.03.24 07:25:53.456,0.99124,0.99151,1.00,1.50
2016.03.24 07:25:53.780,0.99123,0.99151,1.00,1.75
2016.03.24 07:25:53.831,0.99119,0.99148,1.50,1.75
2016.03.24 07:25:53.881,0.99119,0.99148,1.50,1.75
2016.03.24 07:25:54.427,0.9912,0.99147,1.00,2.25
2016.03.24 07:25:55.681,0.9912,0.99147,1.00,2.25
2016.03.24 07:25:55.983,0.99118,0.99145,1.50,1.12
2016.03.24 07:25:56.525,0.99119,0.99144,1.50,1.00
2016.03.24 07:25:57.267,0.99119,0.99142,1.50,1.00
2016.03.24 07:25:57.733,0.99117,0.99142,1.00,1.00
2016.03.24 07:25:58.543,0.99119,0.99142,1.00,1.00
2016.03.24 07:25:59.596,0.99115,0.99142,1.00,1.00
2016.03.24 07:26:00.574,0.99118,0.99142,1.00,1.00
2016.03.24 07:26:01.102,0.99118,0.99143,1.00,1.50
2016.03.24 07:26:01.704,0.99116,0.99143,1.00,1.50
2016.03.24 07:26:02.206,0.99115,0.99143,1.00,1.50
2016.03.24 07:26:03.359,0.99119,0.99143,1.00,1.50
2016.03.24 07:26:04.881,0.99119,0.99145,1.00,1.37
2016.03.24 07:26:05.201,0.99126,0.99144,1.00,1.00
2016.03.24 07:26:05.302,0.99128,0.99147,1.00,1.00
2016.03.24 07:26:05.403,0.99128,0.99152,1.00,1.00
2016.03.24 07:26:05.604,0.99126,0.99153,1.00,1.50
2016.03.24 07:26:05.806,0.99128,0.99153,1.00,1.00
2016.03.24 07:26:06.448,0.99129,0.99153,1.00,1.00
2016.03.24 07:26:06.972,0.99134,0.99153,1.00,1.00
2016.03.24 07:26:07.485,0.99134,0.99156,1.00,1.50
2016.03.24 07:26:08.003,0.99134,0.99155,1.00,1.00
2016.03.24 07:26:08.058,0.9913,0.99158,1.00,1.00
2016.03.24 07:26:08.210,0.99134,0.99157,1.00,1.00
2016.03.24 07:26:08.311,0.99129,0.99157,1.50,1.00
2016.03.24 07:26:08.413,0.99129,0.99157,2.25,1.75
2016.03.24 07:26:08.817,0.99129,0.99155,1.50,1.75
2016.03.24 07:26:09.177,0.99129,0.99155,1.00,2.25
2016.03.24 07:26:09.278,0.99129,0.99149,1.00,1.00
2016.03.24 07:26:11.087,0.99129,0.99151,1.00,3.00
2016.03.24 07:26:11.189,0.99125,0.99149,1.00,1.75
2016.03.24 07:26:11.693,0.99124,0.99147,1.12,1.75
2016.03.24 07:26:12.996,0.99123,0.99147,1.00,1.75
2016.03.24 07:26:14.552,0.99121,0.99147,1.50,1.75
2016.03.24 07:26:14.603,0.99121,0.99147,1.75,1.75
2016.03.24 07:26:14.906,0.99134,0.9916,1.75,1.75
2016.03.24 07:26:15.173,0.99129,0.99152,1.00,1.75
2016.03.24 07:26:15.224,0.99133,0.99152,1.00,1.75
2016.03.24 07:26:15.325,0.99128,0.99152,1.00,1.75
2016.03.24 07:26:15.856,0.99128,0.99148,1.00,1.00
2016.03.24 07:26:16.756,0.99134,0.9915,1.00,1.50
2016.03.24 07:26:17.009,0.99128,0.9915,1.50,1.12
2016.03.24 07:26:17.110,0.99129,0.99151,1.12,1.75
2016.03.24 07:26:17.687,0.99128,0.99148,1.00,1.50
2016.03.24 07:26:18.191,0.99128,0.99146,1.00,1.00
2016.03.24 07:26:18.595,0.99128,0.99148,1.00,1.75
2016.03.24 07:26:18.883,0.99124,0.99145,1.12,1.37
2016.03.24 07:26:19.085,0.99128,0.99147,1.00,1.75
2016.03.24 07:26:19.187,0.99123,0.99147,1.37,1.75
2016.03.24 07:26:19.288,0.99123,0.99147,1.00,1.75
2016.03.24 07:26:19.389,0.99123,0.99147,1.00,1.75
2016.03.24 07:26:19.541,0.99128,0.99145,1.00,1.00
2016.03.24 07:26:19.744,0.99127,0.99149,1.00,1.00
2016.03.24 07:26:19.794,0.99125,0.99153,4.50,1.12
2016.03.24 07:26:20.120,0.99134,0.99153,1.00,1.12
2016.03.24 07:26:20.423,0.99128,0.99155,1.75,1.75
2016.03.24 07:26:20.524,0.99128,0.99152,1.75,1.50
2016.03.24 07:26:21.028,0.99124,0.99151,2.25,1.00
2016.03.24 07:26:21.281,0.99124,0.99149,1.50,1.00
2016.03.24 07:26:21.879,0.99124,0.9915,1.50,1.00
2016.03.24 07:26:22.182,0.99124,0.99148,1.00,1.00
2016.03.24 07:26:22.719,0.99124,0.99147,1.00,1.00
2016.03.24 07:26:22.954,0.99121,0.99148,1.00,1.12
2016.03.24 07:26:23.257,0.99122,0.99145,1.00,1.00
2016.03.24 07:26:23.794,0.99121,0.99146,1.00,1.00
2016.03.24 07:26:24.141,0.99121,0.99147,1.12,1.75
2016.03.24 07:26:25.377,0.9912,0.99141,1.50,1.00
2016.03.24 07:26:25.478,0.99116,0.99145,1.75,1.50
2016.03.24 07:26:25.529,0.99119,0.99142,1.50,1.00
2016.03.24 07:26:25.832,0.99121,0.99143,1.00,1.00
2016.03.24 07:26:26.134,0.99119,0.99146,2.25,1.75
2016.03.24 07:26:27.550,0.99117,0.99142,1.75,1.75
2016.03.24 07:26:27.651,0.99119,0.99142,1.00,1.50
2016.03.24 07:26:29.054,0.99121,0.99142,1.00,1.00
2016.03.24 07:26:29.155,0.99122,0.99145,1.00,1.00
2016.03.24 07:26:31.034,0.99123,0.99145,1.00,1.00
2016.03.24 07:26:31.135,0.99123,0.9915,1.50,1.75
2016.03.24 07:26:32.949,0.99124,0.99153,1.75,1.75
2016.03.24 07:26:33.357,0.99129,0.9916,1.50,2.25
2016.03.24 07:26:33.458,0.99129,0.99162,2.25,1.75
2016.03.24 07:26:33.761,0.99138,0.99162,1.12,1.75
2016.03.24 07:26:34.273,0.99139,0.99162,1.00,1.75
2016.03.24 07:26:34.374,0.99133,0.99156,1.00,1.00
2016.03.24 07:26:34.475,0.9913,0.99152,1.50,1.00
2016.03.24 07:26:34.971,0.99128,0.99157,2.25,1.75
2016.03.24 07:26:35.358,0.99133,0.99161,1.75,1.75
2016.03.24 07:26:36.117,0.99135,0.99158,1.00,1.00
2016.03.24 07:26:36.168,0.99134,0.99159,1.00,2.25
2016.03.24 07:26:36.370,0.99134,0.99155,1.00,1.00
2016.03.24 07:26:36.471,0.99129,0.9916,2.25,1.75
2016.03.24 07:26:36.522,0.99134,0.9916,1.00,1.75
2016.03.24 07:26:37.177,0.99129,0.99158,2.25,1.75
2016.03.24 07:26:37.979,0.99129,0.99154,2.25,1.12
2016.03.24 07:26:38.080,0.99129,0.99152,1.50,1.00
2016.03.24 07:26:38.938,0.99129,0.99156,1.75,1.50
2016.03.24 07:26:39.848,0.99133,0.99155,1.00,1.00
2016.03.24 07:26:39.949,0.99138,0.99161,1.00,1.50
2016.03.24 07:26:40.050,0.9914,0.99161,1.00,1.00
2016.03.24 07:26:40.354,0.99133,0.99162,2.25,1.75
2016.03.24 07:26:40.862,0.99133,0.9916,2.25,1.37
2016.03.24 07:26:41.164,0.99138,0.99155,1.00,1.00
2016.03.24 07:26:41.265,0.99126,0.99154,1.50,1.75
2016.03.24 07:26:41.468,0.99124,0.99148,1.75,1.00
2016.03.24 07:26:41.669,0.99124,0.9915,1.00,3.00
2016.03.24 07:26:41.770,0.99124,0.99151,1.75,1.75
2016.03.24 07:26:44.103,0.99122,0.9915,1.75,1.37
2016.03.24 07:26:44.355,0.99122,0.99148,1.75,1.50
2016.03.24 07:26:46.402,0.99122,0.9915,1.50,1.75
2016.03.24 07:26:46.946,0.99124,0.99147,1.00,1.00
2016.03.24 07:26:52.673,0.99119,0.99149,2.25,1.75
2016.03.24 07:26:52.774,0.99129,0.9915,1.00,1.00
2016.03.24 07:26:52.825,0.99129,0.99159,1.50,1.75
2016.03.24 07:26:52.876,0.99129,0.9916,1.75,1.75
2016.03.24 07:26:53.078,0.99131,0.99162,3.00,1.12
2016.03.24 07:26:53.179,0.99131,0.99162,4.50,1.75
2016.03.24 07:26:53.381,0.99139,0.99162,1.00,1.50
2016.03.24 07:26:54.410,0.99134,0.99163,1.75,1.75
2016.03.24 07:26:55.617,0.99134,0.99164,1.75,2.25
2016.03.24 07:26:55.841,0.99126,0.99156,1.75,1.75
2016.03.24 07:26:55.892,0.99129,0.99151,1.00,1.00
2016.03.24 07:26:55.993,0.99123,0.99155,1.75,3.75
2016.03.24 07:26:56.095,0.99125,0.99155,1.75,1.75
2016.03.24 07:26:56.196,0.99125,0.99155,1.75,1.75
2016.03.24 07:26:56.420,0.99125,0.99154,1.12,2.25
2016.03.24 07:26:56.522,0.99127,0.9915,1.00,1.00
2016.03.24 07:26:56.573,0.99125,0.99157,1.75,3.00
2016.03.24 07:26:56.904,0.99132,0.99154,1.00,1.00
2016.03.24 07:26:57.425,0.99133,0.99154,1.00,1.00
2016.03.24 07:26:57.678,0.99129,0.99155,1.50,1.75
2016.03.24 07:26:57.729,0.99129,0.99152,1.50,1.00
2016.03.24 07:26:57.780,0.99129,0.99154,1.00,1.75
2016.03.24 07:26:58.086,0.99124,0.99153,1.75,1.75
2016.03.24 07:26:59.484,0.99124,0.99154,1.50,2.25
2016.03.24 07:26:59.535,0.99124,0.99147,1.50,1.00
2016.03.24 07:26:59.956,0.99129,0.99147,1.00,1.00
2016.03.24 07:27:00.061,0.99124,0.99155,2.25,3.00
2016.03.24 07:27:00.112,0.99133,0.99155,1.00,1.00
2016.03.24 07:27:00.213,0.99137,0.99159,1.00,1.00
2016.03.24 07:27:00.838,0.9913,0.99159,1.75,1.75
2016.03.24 07:27:00.939,0.99134,0.99161,1.00,1.75
2016.03.24 07:27:01.191,0.99134,0.99161,1.50,1.75
2016.03.24 07:27:01.668,0.99139,0.99163,1.00,1.75
2016.03.24 07:27:01.789,0.99133,0.99158,1.12,1.75
2016.03.24 07:27:01.840,0.99133,0.99151,1.00,1.00
2016.03.24 07:27:02.167,0.99139,0.99152,1.00,1.00
2016.03.24 07:27:02.218,0.99129,0.99151,1.50,1.00
2016.03.24 07:27:02.334,0.99129,0.99156,1.00,3.00
2016.03.24 07:27:02.545,0.99128,0.99153,1.37,1.75
2016.03.24 07:27:02.646,0.99128,0.99154,1.00,1.75
2016.03.24 07:27:02.966,0.99134,0.99151,1.00,1.00
2016.03.24 07:27:03.017,0.99133,0.99163,1.75,1.75
2016.03.24 07:27:03.118,0.99133,0.99162,1.75,1.75
2016.03.24 07:27:03.401,0.99133,0.99162,1.75,1.75
2016.03.24 07:27:03.632,0.9913,0.99161,1.75,1.75
2016.03.24 07:27:04.480,0.99128,0.99156,1.75,1.75
2016.03.24 07:27:04.531,0.99128,0.99151,1.12,1.75
2016.03.24 07:27:04.834,0.99123,0.99149,1.50,1.75
2016.03.24 07:27:04.885,0.99128,0.99149,1.00,1.75
2016.03.24 07:27:05.187,0.99129,0.99148,1.00,1.75
2016.03.24 07:27:05.466,0.99123,0.99149,1.00,1.75
2016.03.24 07:27:06.667,0.99119,0.99149,1.75,1.75
2016.03.24 07:27:07.277,0.99119,0.9915,2.25,1.75
2016.03.24 07:27:07.782,0.99123,0.9915,1.00,1.75
2016.03.24 07:27:08.312,0.9912,0.9915,1.75,1.75
2016.03.24 07:27:09.331,0.99118,0.99147,2.25,2.25
2016.03.24 07:27:09.784,0.99113,0.99141,1.75,1.75
2016.03.24 07:27:09.936,0.99113,0.99138,1.37,1.75
2016.03.24 07:27:10.476,0.99113,0.99137,1.12,1.75
2016.03.24 07:27:10.577,0.99113,0.99135,1.50,1.00
2016.03.24 07:27:10.678,0.99113,0.99138,1.12,1.75
2016.03.24 07:27:16.669,0.99113,0.99143,1.50,1.75
2016.03.24 07:27:16.771,0.99118,0.9914,1.00,1.00
2016.03.24 07:27:17.292,0.99118,0.99147,1.12,3.00
2016.03.24 07:27:17.393,0.99121,0.99144,1.00,1.00
2016.03.24 07:27:17.444,0.99124,0.99144,1.00,1.00
2016.03.24 07:27:17.696,0.99121,0.99144,1.00,1.00
2016.03.24 07:27:17.797,0.99119,0.99144,1.12,1.75
2016.03.24 07:27:18.100,0.99113,0.9914,1.12,2.25
2016.03.24 07:27:18.675,0.99114,0.99139,1.00,2.25
2016.03.24 07:27:19.413,0.99113,0.99139,1.00,1.75
2016.03.24 07:27:19.465,0.99114,0.99136,1.00,1.00
2016.03.24 07:27:22.993,0.99116,0.99145,1.50,1.75
2016.03.24 07:27:23.094,0.99119,0.9915,1.50,2.25
2016.03.24 07:27:23.195,0.99122,0.99144,1.00,1.00
2016.03.24 07:27:23.722,0.99123,0.99151,1.00,1.75
2016.03.24 07:27:24.225,0.99124,0.99149,1.00,1.75
2016.03.24 07:27:24.608,0.99124,0.99142,1.00,1.00
2016.03.24 07:27:25.112,0.99123,0.99148,1.00,2.25
2016.03.24 07:27:25.553,0.99119,0.9915,2.25,1.75
2016.03.24 07:27:27.078,0.99124,0.99145,1.00,1.00
2016.03.24 07:27:27.594,0.99123,0.99145,1.50,1.00
2016.03.24 07:27:28.118,0.99124,0.99153,1.50,2.25
2016.03.24 07:27:29.197,0.99129,0.99154,1.00,2.25
2016.03.24 07:27:29.651,0.99124,0.99154,1.50,1.75
2016.03.24 07:27:29.752,0.99128,0.99155,1.00,2.25
2016.03.24 07:27:29.904,0.99131,0.99159,1.12,2.25
2016.03.24 07:27:30.005,0.99133,0.99163,1.75,3.37
2016.03.24 07:27:30.605,0.99133,0.99165,1.75,1.75
2016.03.24 07:27:30.908,0.99134,0.99163,1.87,1.75
2016.03.24 07:27:31.887,0.99134,0.99166,1.87,4.50
2016.03.24 07:27:32.539,0.99134,0.99166,2.25,3.00
2016.03.24 07:27:32.973,0.99139,0.99166,1.00,1.75
2016.03.24 07:27:33.631,0.99134,0.99162,2.25,1.75
2016.03.24 07:27:34.175,0.99134,0.9916,1.75,1.50
2016.03.24 07:27:36.601,0.99135,0.99161,1.00,1.75
2016.03.24 07:27:46.777,0.99134,0.99161,1.00,1.75
2016.03.24 07:27:47.302,0.99134,0.99161,1.37,1.75
2016.03.24 07:27:47.806,0.99139,0.99162,1.00,1.75
2016.03.24 07:27:50.091,0.99134,0.99162,1.37,1.75
2016.03.24 07:27:50.533,0.99138,0.99162,1.00,1.75
2016.03.24 07:27:50.838,0.99134,0.99162,1.37,1.75
2016.03.24 07:27:51.769,0.99138,0.99162,1.00,1.75
2016.03.24 07:27:53.871,0.99139,0.99166,1.12,2.25
2016.03.24 07:27:53.972,0.99138,0.99168,1.75,2.25
2016.03.24 07:27:54.074,0.99146,0.99173,1.00,1.75
2016.03.24 07:27:54.175,0.99149,0.99174,1.00,1.75
2016.03.24 07:27:54.406,0.9915,0.99175,1.00,1.75
2016.03.24 07:27:54.457,0.9915,0.99173,1.00,1.00
2016.03.24 07:27:54.659,0.99149,0.99179,2.25,3.75
2016.03.24 07:27:54.760,0.99149,0.99179,1.75,1.75
2016.03.24 07:27:54.861,0.99147,0.99173,1.37,1.75
2016.03.24 07:27:55.063,0.9914,0.99161,1.00,1.00
2016.03.24 07:27:55.433,0.99143,0.99161,1.00,1.00
2016.03.24 07:27:55.686,0.99144,0.99163,1.00,1.00
2016.03.24 07:27:56.491,0.9914,0.99163,1.00,1.00
2016.03.24 07:27:56.691,0.99139,0.99163,1.37,1.50
2016.03.24 07:27:56.792,0.99134,0.99163,1.75,1.75
2016.03.24 07:27:59.475,0.99135,0.99158,1.00,1.50
2016.03.24 07:27:59.879,0.99134,0.99158,1.75,1.00
2016.03.24 07:28:00.273,0.99138,0.99161,1.37,1.50
2016.03.24 07:28:00.374,0.99135,0.99167,1.75,1.75
2016.03.24 07:28:00.881,0.99139,0.9917,1.75,3.00
2016.03.24 07:28:01.428,0.99138,0.9917,1.75,2.25
2016.03.24 07:28:01.882,0.99138,0.9917,1.75,2.25
2016.03.24 07:28:02.386,0.99138,0.99167,1.75,1.75
2016.03.24 07:28:02.709,0.99144,0.99172,1.37,1.75
2016.03.24 07:28:02.759,0.99149,0.9917,1.00,1.00
2016.03.24 07:28:02.810,0.99149,0.99177,1.37,1.75
2016.03.24 07:28:02.861,0.99152,0.99177,1.00,1.50
2016.03.24 07:28:02.912,0.99149,0.99177,1.75,1.50
2016.03.24 07:28:02.962,0.99149,0.99177,1.75,1.37
2016.03.24 07:28:03.285,0.99145,0.99175,1.75,1.75
2016.03.24 07:28:03.386,0.99153,0.99176,1.00,1.75
2016.03.24 07:28:03.638,0.99149,0.99176,1.50,1.75
2016.03.24 07:28:04.112,0.99148,0.99174,1.50,1.75
2016.03.24 07:28:04.415,0.99144,0.99171,1.12,1.75
2016.03.24 07:28:04.516,0.99143,0.99169,1.12,1.75
2016.03.24 07:28:04.668,0.99143,0.99172,1.75,1.75
2016.03.24 07:28:05.917,0.99149,0.99174,1.00,1.75
2016.03.24 07:28:06.431,0.99144,0.99176,1.75,1.75
2016.03.24 07:28:06.953,0.99149,0.99172,1.00,1.00
2016.03.24 07:28:07.004,0.99154,0.99176,1.00,1.75
2016.03.24 07:28:07.458,0.99149,0.9918,2.25,1.75
2016.03.24 07:28:07.661,0.99157,0.99179,1.37,1.50
2016.03.24 07:28:07.712,0.99157,0.99186,1.37,1.37
2016.03.24 07:28:07.813,0.99163,0.99189,1.00,3.00
2016.03.24 07:28:07.914,0.99158,0.99187,1.87,1.37
2016.03.24 07:28:08.737,0.99158,0.99185,1.12,1.50
2016.03.24 07:28:09.321,0.99158,0.99184,1.00,1.75
2016.03.24 07:28:09.581,0.99155,0.99184,1.12,1.37
2016.03.24 07:28:09.632,0.99154,0.99184,1.37,1.37
2016.03.24 07:28:10.008,0.99159,0.99184,1.00,2.25
2016.03.24 07:28:10.554,0.99154,0.99181,1.37,1.87
2016.03.24 07:28:10.705,0.99154,0.99181,1.00,3.00
2016.03.24 07:28:11.308,0.99154,0.99174,1.00,1.00
2016.03.24 07:28:11.696,0.99154,0.99177,1.00,1.75
2016.03.24 07:28:11.747,0.99148,0.99177,1.75,1.75
2016.03.24 07:28:11.848,0.99148,0.99174,1.50,1.75
2016.03.24 07:28:12.399,0.99149,0.99172,1.00,1.75
2016.03.24 07:28:12.555,0.99156,0.99175,1.12,1.00
2016.03.24 07:28:12.707,0.99161,0.99188,1.75,1.75
2016.03.24 07:28:12.808,0.99159,0.9919,2.25,1.75
2016.03.24 07:28:12.909,0.99159,0.99182,2.25,1.00
2016.03.24 07:28:13.111,0.9916,0.99187,1.75,1.75
2016.03.24 07:28:14.309,0.99161,0.99188,1.12,1.75
2016.03.24 07:28:14.910,0.9916,0.9919,1.50,4.50
2016.03.24 07:28:17.222,0.99157,0.99186,1.75,1.75
2016.03.24 07:28:17.324,0.99154,0.99185,2.25,1.75
2016.03.24 07:28:17.425,0.99152,0.99175,1.00,1.00
2016.03.24 07:28:17.526,0.9915,0.99172,1.00,1.00
2016.03.24 07:28:17.872,0.99153,0.99182,2.25,1.75
2016.03.24 07:28:18.124,0.9915,0.99172,1.00,1.00
2016.03.24 07:28:18.920,0.99148,0.99177,1.37,1.75
2016.03.24 07:28:20.307,0.99148,0.99178,1.75,2.25
2016.03.24 07:28:20.358,0.9915,0.99173,1.00,1.00
2016.03.24 07:28:20.409,0.9915,0.9918,1.50,2.25
2016.03.24 07:28:20.460,0.99153,0.99182,1.75,1.75
2016.03.24 07:28:20.510,0.99154,0.99182,1.75,1.37
2016.03.24 07:28:20.561,0.99156,0.99182,1.75,1.12
2016.03.24 07:28:21.939,0.99158,0.9919,1.75,1.75
2016.03.24 07:28:22.040,0.99158,0.9919,1.75,1.75
2016.03.24 07:28:23.249,0.99159,0.99182,2.25,1.00
2016.03.24 07:28:23.350,0.99159,0.9919,1.75,2.25
2016.03.24 07:28:23.753,0.99154,0.99181,3.00,1.00
2016.03.24 07:28:24.056,0.99152,0.99174,1.00,1.00
2016.03.24 07:28:27.962,0.99148,0.99179,2.25,1.75
2016.03.24 07:28:28.063,0.99152,0.99184,1.37,4.50
2016.03.24 07:28:28.215,0.99157,0.99188,1.50,3.75
2016.03.24 07:28:28.265,0.99157,0.99188,1.50,1.75
2016.03.24 07:28:28.773,0.99157,0.99188,1.75,1.75
2016.03.24 07:28:32.460,0.99154,0.99186,1.75,1.75
2016.03.24 07:28:32.561,0.99149,0.99184,4.50,2.25
2016.03.24 07:28:32.662,0.99154,0.99182,1.00,1.75
2016.03.24 07:28:32.864,0.99149,0.99184,1.75,1.75
2016.03.24 07:28:34.387,0.99148,0.9918,1.75,1.75
2016.03.24 07:28:34.438,0.99148,0.9918,1.75,1.75
2016.03.24 07:28:35.770,0.99148,0.9918,1.75,1.75
2016.03.24 07:28:36.409,0.9915,0.99172,1.00,1.00
2016.03.24 07:28:37.351,0.99148,0.99172,1.75,1.00
2016.03.24 07:28:38.051,0.99149,0.99174,1.75,1.00
2016.03.24 07:28:38.188,0.99148,0.99183,3.00,3.00
2016.03.24 07:28:38.239,0.99148,0.99185,3.75,3.75
2016.03.24 07:28:38.290,0.9915,0.99186,3.00,4.50
2016.03.24 07:28:38.391,0.99152,0.99186,2.25,1.75
2016.03.24 07:28:38.694,0.99163,0.99188,1.00,3.00
2016.03.24 07:28:39.097,0.99163,0.99183,1.12,1.00
2016.03.24 07:28:39.475,0.99169,0.9919,1.00,1.75
2016.03.24 07:28:39.576,0.99163,0.9919,1.12,1.75
2016.03.24 07:28:39.677,0.99163,0.99193,1.75,2.25
2016.03.24 07:28:40.080,0.99164,0.99193,2.25,1.75
2016.03.24 07:28:40.333,0.99169,0.99198,1.50,1.75
2016.03.24 07:28:40.597,0.99168,0.99199,2.25,3.75
2016.03.24 07:28:40.748,0.99168,0.99201,2.25,3.00
2016.03.24 07:28:40.900,0.9917,0.99198,1.00,1.75
2016.03.24 07:28:41.203,0.99169,0.99201,4.50,1.75
2016.03.24 07:28:41.566,0.9917,0.99203,1.75,1.75
2016.03.24 07:28:41.785,0.99175,0.99198,1.00,1.00
2016.03.24 07:28:41.886,0.99177,0.992,1.00,1.00
2016.03.24 07:28:42.189,0.99168,0.99203,3.00,2.62
2016.03.24 07:28:42.492,0.99173,0.99195,1.00,1.00
2016.03.24 07:28:42.593,0.99169,0.99191,1.00,1.00
2016.03.24 07:28:42.694,0.99159,0.99193,2.25,1.75
2016.03.24 07:28:42.745,0.99159,0.99193,2.25,1.75
2016.03.24 07:28:43.282,0.99159,0.9919,1.75,1.75
2016.03.24 07:28:43.887,0.9916,0.99183,1.00,1.00
2016.03.24 07:28:47.976,0.99159,0.99189,1.75,1.75
2016.03.24 07:28:48.688,0.99159,0.99189,1.75,1.75
2016.03.24 07:28:49.298,0.99159,0.99187,1.50,1.75
2016.03.24 07:28:49.601,0.99163,0.99188,1.00,1.75
2016.03.24 07:28:50.255,0.99159,0.9919,1.50,2.25
2016.03.24 07:28:50.407,0.99159,0.99191,1.75,1.75
2016.03.24 07:28:52.709,0.99158,0.99192,1.75,1.75
2016.03.24 07:28:55.100,0.99162,0.99184,1.00,1.00
2016.03.24 07:28:55.402,0.99158,0.99192,2.25,4.50
2016.03.24 07:28:55.556,0.99162,0.99184,1.00,1.00
2016.03.24 07:28:56.086,0.99158,0.99191,1.75,2.25
2016.03.24 07:28:56.590,0.99158,0.99192,1.75,4.50
2016.03.24 07:28:58.397,0.99163,0.99191,1.12,2.25
2016.03.24 07:28:58.598,0.99163,0.99192,1.37,2.25
2016.03.24 07:28:58.700,0.99169,0.99185,1.00,1.00
2016.03.24 07:28:58.801,0.99164,0.99185,1.00,1.00
2016.03.24 07:29:01.814,0.99164,0.99187,1.50,1.00
2016.03.24 07:29:03.714,0.99164,0.99194,1.75,1.75
2016.03.24 07:29:04.038,0.99164,0.99194,1.75,3.00
2016.03.24 07:29:04.320,0.99169,0.99191,1.00,1.00
2016.03.24 07:29:04.522,0.99169,0.99196,1.00,1.75
2016.03.24 07:29:05.025,0.99168,0.99196,1.12,1.75
2016.03.24 07:29:05.529,0.99169,0.99195,1.00,1.75
2016.03.24 07:29:07.634,0.99168,0.99196,3.00,1.00
2016.03.24 07:29:08.153,0.99173,0.99203,1.75,1.75
2016.03.24 07:29:09.207,0.99173,0.99204,1.75,3.75
2016.03.24 07:29:09.710,0.99173,0.99203,1.75,2.62
2016.03.24 07:29:12.636,0.9917,0.99201,1.75,1.75
2016.03.24 07:29:15.003,0.99171,0.99194,1.00,1.00
2016.03.24 07:29:15.638,0.99174,0.99194,1.00,1.00
2016.03.24 07:29:16.087,0.99171,0.99194,1.00,1.00
2016.03.24 07:29:16.651,0.99168,0.99195,1.75,1.75
2016.03.24 07:29:16.953,0.99164,0.9919,1.12,1.75
2016.03.24 07:29:20.058,0.99168,0.99194,1.75,1.75
2016.03.24 07:29:20.372,0.99164,0.99194,1.75,1.75
2016.03.24 07:29:21.109,0.99169,0.99194,1.00,1.75
2016.03.24 07:29:22.154,0.99169,0.99185,1.00,1.00
2016.03.24 07:29:22.649,0.99163,0.99185,1.50,1.00
2016.03.24 07:29:24.917,0.99169,0.99185,1.00,1.00
2016.03.24 07:29:25.018,0.99163,0.99185,1.50,1.00
2016.03.24 07:29:27.246,0.99163,0.99188,1.50,1.75
2016.03.24 07:29:27.297,0.99164,0.99187,1.00,1.00
2016.03.24 07:29:27.570,0.99168,0.99187,1.00,1.00
2016.03.24 07:29:29.425,0.99169,0.99187,1.00,1.00
2016.03.24 07:29:32.919,0.99168,0.99187,1.00,1.00
2016.03.24 07:29:33.789,0.99169,0.99188,1.00,1.50
2016.03.24 07:29:33.840,0.99164,0.99187,1.50,1.00
2016.03.24 07:29:33.941,0.99164,0.99187,1.00,1.00
2016.03.24 07:29:35.029,0.99168,0.99187,1.00,1.00
2016.03.24 07:29:35.682,0.99169,0.99187,1.00,1.00
2016.03.24 07:29:36.264,0.99164,0.99187,1.50,1.00
2016.03.24 07:29:36.959,0.99169,0.99187,1.00,1.00
2016.03.24 07:29:43.620,0.99164,0.99187,1.50,1.00
2016.03.24 07:29:44.071,0.99169,0.99187,1.00,1.00
2016.03.24 07:29:44.316,0.99164,0.99189,1.12,1.75
2016.03.24 07:29:44.718,0.99168,0.9919,1.00,1.75
2016.03.24 07:29:44.950,0.99163,0.9919,1.12,1.75
2016.03.24 07:29:45.482,0.99169,0.9919,1.00,1.75
2016.03.24 07:29:46.361,0.99164,0.99189,1.00,1.75
2016.03.24 07:29:47.043,0.99168,0.99189,1.00,1.75
2016.03.24 07:29:49.828,0.99168,0.99189,1.00,1.75
2016.03.24 07:29:50.355,0.99168,0.99189,1.00,1.50
2016.03.24 07:29:50.920,0.99174,0.99189,1.00,1.50
2016.03.24 07:29:51.021,0.99174,0.99191,1.00,1.50
2016.03.24 07:29:51.072,0.99174,0.99191,1.00,1.12
2016.03.24 07:29:51.122,0.99174,0.99192,1.00,1.50
2016.03.24 07:29:55.041,0.99174,0.99192,1.00,1.75
2016.03.24 07:29:57.579,0.99169,0.99188,1.00,1.00
2016.03.24 07:29:58.035,0.99173,0.99195,1.00,3.00
2016.03.24 07:29:58.186,0.99179,0.992,1.00,1.75
2016.03.24 07:29:58.694,0.99179,0.99202,1.00,1.75
2016.03.24 07:29:58.935,0.99174,0.99202,1.37,1.75
2016.03.24 07:29:59.137,0.99178,0.99198,1.00,1.00
2016.03.24 07:29:59.669,0.99178,0.99204,1.12,1.75
2016.03.24 07:30:00.069,0.99184,0.99204,1.00,1.75
2016.03.24 07:30:00.120,0.99178,0.99204,1.12,1.75
2016.03.24 07:30:00.472,0.99183,0.99203,1.00,1.75
2016.03.24 07:30:00.724,0.99183,0.99204,1.00,1.75
2016.03.24 07:30:00.775,0.99183,0.99203,1.00,1.00
2016.03.24 07:30:01.027,0.9918,0.99203,1.00,1.00
2016.03.24 07:30:01.167,0.9918,0.99203,1.00,1.50
2016.03.24 07:30:01.469,0.99183,0.99206,1.00,1.75
2016.03.24 07:30:01.621,0.99183,0.99206,1.12,1.50
2016.03.24 07:30:02.187,0.99181,0.99206,1.75,1.00
2016.03.24 07:30:02.238,0.99184,0.99208,1.50,1.50
2016.03.24 07:30:02.289,0.99184,0.99209,1.75,1.50
2016.03.24 07:30:02.491,0.99184,0.99209,1.50,1.75
2016.03.24 07:30:02.592,0.99184,0.9921,1.75,1.50
2016.03.24 07:30:02.643,0.99184,0.9921,1.75,1.50
2016.03.24 07:30:02.945,0.99184,0.99209,1.75,1.50
2016.03.24 07:30:03.316,0.99184,0.9921,1.12,1.75
2016.03.24 07:30:03.839,0.9918,0.99205,1.75,1.50
2016.03.24 07:30:05.650,0.99181,0.99209,1.37,1.75
2016.03.24 07:30:05.802,0.99182,0.99209,1.75,1.75
2016.03.24 07:30:05.903,0.99186,0.99209,1.00,1.50
2016.03.24 07:30:05.954,0.99186,0.99209,1.00,1.50
2016.03.24 07:30:06.257,0.99184,0.99197,1.00,1.00
2016.03.24 07:30:06.316,0.99174,0.99197,1.50,1.00
2016.03.24 07:30:06.837,0.99173,0.99197,1.75,1.00
2016.03.24 07:30:09.034,0.99176,0.99198,1.00,1.00
2016.03.24 07:30:09.991,0.99174,0.99197,1.50,1.00
2016.03.24 07:30:10.467,0.99178,0.99196,1.00,1.00
2016.03.24 07:30:10.783,0.99174,0.99195,1.00,1.00
2016.03.24 07:30:10.935,0.99178,0.99199,1.00,1.75
2016.03.24 07:30:11.438,0.99178,0.99199,1.00,1.00
2016.03.24 07:30:11.950,0.99178,0.99199,1.37,1.00
2016.03.24 07:30:12.252,0.99174,0.992,1.75,1.37
2016.03.24 07:30:12.353,0.99175,0.99198,1.00,1.00
2016.03.24 07:30:13.180,0.99175,0.99197,1.00,1.00
2016.03.24 07:30:14.007,0.99175,0.99198,1.00,1.50
2016.03.24 07:30:14.643,0.99174,0.992,1.75,1.75
2016.03.24 07:30:15.162,0.99177,0.99201,1.00,1.75
2016.03.24 07:30:15.415,0.99174,0.992,1.75,1.12
2016.03.24 07:30:15.465,0.99178,0.99199,1.00,1.37
2016.03.24 07:30:15.980,0.99177,0.99204,1.37,1.75
2016.03.24 07:30:16.518,0.99178,0.99205,1.50,1.75
2016.03.24 07:30:17.001,0.99178,0.99205,2.25,1.75
2016.03.24 07:30:19.584,0.99178,0.99204,1.50,1.50
2016.03.24 07:30:19.635,0.99178,0.99201,1.50,1.00
2016.03.24 07:30:20.977,0.99178,0.99203,1.50,1.75
2016.03.24 07:30:21.280,0.99178,0.99203,1.75,1.75
2016.03.24 07:30:21.989,0.99185,0.99201,1.00,1.00
2016.03.24 07:30:22.140,0.99188,0.99212,1.75,1.50
2016.03.24 07:30:22.291,0.99188,0.99212,2.25,1.00
2016.03.24 07:30:22.594,0.99189,0.9921,1.12,1.50
2016.03.24 07:30:22.851,0.99186,0.9921,1.50,1.75
2016.03.24 07:30:23.585,0.99184,0.99211,1.75,1.50
2016.03.24 07:30:23.635,0.99184,0.99211,1.75,1.12
2016.03.24 07:30:23.938,0.99188,0.99211,1.00,1.00
2016.03.24 07:30:24.204,0.99188,0.99214,1.50,1.50
2016.03.24 07:30:24.255,0.99188,0.99214,1.75,1.12
2016.03.24 07:30:24.558,0.99189,0.99216,1.75,1.12
2016.03.24 07:30:24.659,0.99189,0.99216,1.75,1.37
2016.03.24 07:30:24.961,0.99189,0.99214,1.50,1.75
2016.03.24 07:30:25.062,0.99189,0.99214,1.50,1.50
2016.03.24 07:30:25.489,0.99185,0.9921,1.75,1.37
2016.03.24 07:30:25.540,0.99184,0.9921,1.75,1.37
2016.03.24 07:30:25.591,0.99187,0.99208,1.00,1.37
2016.03.24 07:30:25.843,0.99182,0.99207,1.75,1.50
2016.03.24 07:30:25.894,0.99182,0.99207,1.75,1.50
2016.03.24 07:30:32.285,0.99182,0.99212,1.75,2.25
2016.03.24 07:30:32.386,0.99178,0.99209,2.25,1.75
2016.03.24 07:30:32.487,0.99178,0.99209,2.25,2.25
2016.03.24 07:30:32.709,0.99179,0.99209,1.75,2.25
2016.03.24 07:30:33.108,0.99179,0.99209,1.75,2.25
2016.03.24 07:30:33.639,0.99179,0.99208,1.75,1.75
2016.03.24 07:30:34.316,0.99179,0.99205,1.50,1.37
2016.03.24 07:30:34.366,0.99179,0.99205,1.12,2.25
2016.03.24 07:30:34.467,0.99174,0.99205,1.75,2.25
2016.03.24 07:30:37.216,0.99178,0.99206,1.12,1.75
2016.03.24 07:30:37.267,0.99178,0.99205,1.50,1.00
2016.03.24 07:30:37.317,0.9918,0.99212,1.37,1.75
2016.03.24 07:30:37.368,0.99185,0.99208,1.00,1.00
2016.03.24 07:30:37.419,0.99186,0.99214,1.37,1.75
2016.03.24 07:30:37.469,0.99186,0.99218,1.75,3.00
2016.03.24 07:30:39.884,0.99185,0.99213,1.75,1.00
2016.03.24 07:30:40.222,0.99187,0.99209,1.00,1.00
2016.03.24 07:30:44.629,0.99183,0.99213,1.75,1.75
2016.03.24 07:30:45.171,0.9918,0.99212,1.75,1.75
2016.03.24 07:30:46.736,0.9918,0.99209,2.25,1.00
2016.03.24 07:30:46.837,0.99179,0.99213,1.75,1.75
2016.03.24 07:30:47.360,0.99179,0.99213,2.25,1.75
2016.03.24 07:30:48.430,0.99184,0.99217,1.75,2.25
2016.03.24 07:30:48.917,0.99188,0.99216,1.00,2.25
2016.03.24 07:30:49.018,0.99183,0.9921,1.75,1.00
2016.03.24 07:30:49.291,0.99189,0.99212,1.00,1.00
2016.03.24 07:30:49.744,0.99184,0.99211,1.75,1.37
2016.03.24 07:30:49.795,0.99183,0.99211,1.75,1.75
2016.03.24 07:30:49.846,0.99183,0.99207,1.37,2.62
2016.03.24 07:30:49.897,0.99179,0.99207,1.50,3.00
2016.03.24 07:30:50.322,0.99184,0.99207,1.00,3.00
2016.03.24 07:30:50.589,0.99179,0.99207,1.50,3.00
2016.03.24 07:30:50.741,0.99179,0.99206,1.12,3.00
2016.03.24 07:30:51.529,0.99172,0.99204,1.75,1.75
2016.03.24 07:30:51.731,0.99169,0.99199,2.10,1.75
2016.03.24 07:30:51.832,0.99173,0.99195,1.00,1.00
2016.03.24 07:30:51.933,0.99174,0.992,1.37,1.75
2016.03.24 07:30:52.327,0.99173,0.99202,1.50,1.75
2016.03.24 07:30:52.731,0.99173,0.99198,1.50,1.00
2016.03.24 07:30:54.186,0.99178,0.99198,1.00,1.00
2016.03.24 07:30:56.479,0.99179,0.99198,1.00,1.00
2016.03.24 07:30:57.038,0.99178,0.99198,1.00,1.00
2016.03.24 07:30:57.909,0.99176,0.99198,1.00,1.00
2016.03.24 07:30:58.789,0.99179,0.99198,1.00,1.00
2016.03.24 07:31:00.910,0.99178,0.99198,1.00,1.00
2016.03.24 07:31:02.211,0.99178,0.992,1.00,1.50
2016.03.24 07:31:02.514,0.99179,0.99196,1.00,1.00
2016.03.24 07:31:06.570,0.99179,0.99198,1.00,1.12
2016.03.24 07:31:07.187,0.99179,0.99198,1.00,1.50
2016.03.24 07:31:07.700,0.99178,0.99198,1.00,1.50
2016.03.24 07:31:08.283,0.99179,0.99198,1.00,1.50
2016.03.24 07:31:08.883,0.99179,0.99198,1.00,1.12
2016.03.24 07:31:10.591,0.99174,0.99198,1.50,1.12
2016.03.24 07:31:12.660,0.99176,0.99198,1.00,1.50
2016.03.24 07:31:13.367,0.99176,0.99197,1.00,1.00
2016.03.24 07:31:13.971,0.99176,0.99198,1.00,1.50
2016.03.24 07:31:15.477,0.99173,0.99197,1.75,1.00
2016.03.24 07:31:15.678,0.99174,0.99196,1.00,1.75
2016.03.24 07:31:16.283,0.99169,0.99194,1.75,1.75
2016.03.24 07:31:21.597,0.99173,0.99196,1.00,1.75
2016.03.24 07:31:21.892,0.99173,0.99196,1.75,1.00
2016.03.24 07:31:21.994,0.99173,0.99196,1.75,1.00
2016.03.24 07:31:22.509,0.99175,0.99202,1.75,1.75
2016.03.24 07:31:27.479,0.99175,0.992,1.67,1.75
2016.03.24 07:31:27.781,0.99178,0.99202,1.50,1.75
2016.03.24 07:31:28.301,0.99176,0.99202,1.37,1.75
2016.03.24 07:31:29.974,0.99178,0.99203,1.00,1.75
2016.03.24 07:31:30.075,0.99178,0.992,1.00,1.00
2016.03.24 07:31:30.176,0.99178,0.99203,1.75,1.75
2016.03.24 07:31:31.476,0.99178,0.99197,1.37,1.00
2016.03.24 07:31:31.627,0.99169,0.99193,1.12,1.75
2016.03.24 07:31:31.801,0.99176,0.992,1.00,1.35
2016.03.24 07:31:31.902,0.99174,0.99199,1.75,1.12
2016.03.24 07:31:32.585,0.99176,0.99198,1.00,1.00
2016.03.24 07:31:32.781,0.99169,0.99194,1.75,1.00
2016.03.24 07:31:32.832,0.99169,0.99194,1.75,1.12
2016.03.24 07:31:32.883,0.99169,0.99191,1.37,1.12
2016.03.24 07:31:33.186,0.99164,0.9919,1.75,1.50
2016.03.24 07:31:34.135,0.99164,0.9919,1.75,1.12
2016.03.24 07:31:35.095,0.9917,0.99195,1.00,1.75
2016.03.24 07:31:35.196,0.99173,0.99196,1.75,1.00
2016.03.24 07:31:35.469,0.99178,0.99198,1.00,1.37
2016.03.24 07:31:36.869,0.99173,0.992,2.25,1.75
2016.03.24 07:31:37.217,0.99178,0.992,1.00,1.75
2016.03.24 07:31:37.771,0.99174,0.99201,1.50,1.75
2016.03.24 07:31:37.822,0.99174,0.99201,1.75,1.75
2016.03.24 07:31:39.818,0.99175,0.99195,1.00,1.00
2016.03.24 07:31:40.121,0.99169,0.99189,1.00,1.00
2016.03.24 07:31:40.222,0.99165,0.99187,1.00,1.50
2016.03.24 07:31:40.323,0.99162,0.99187,1.50,1.75
2016.03.24 07:31:42.852,0.9916,0.99186,1.75,1.37
2016.03.24 07:31:43.907,0.99162,0.99189,1.75,1.37
2016.03.24 07:31:43.958,0.99166,0.99191,1.75,1.75
2016.03.24 07:31:44.060,0.99166,0.99191,1.75,1.50
2016.03.24 07:31:45.951,0.99165,0.99192,1.75,1.12
2016.03.24 07:31:46.052,0.99165,0.9919,1.75,1.00
2016.03.24 07:31:46.291,0.9916,0.99186,1.35,1.12
2016.03.24 07:31:46.342,0.9916,0.99185,1.35,1.12
2016.03.24 07:31:47.376,0.99163,0.99189,1.75,1.50
2016.03.24 07:31:47.679,0.99161,0.99188,1.75,1.75
2016.03.24 07:31:48.031,0.99164,0.99186,1.00,1.00
2016.03.24 07:31:48.132,0.99162,0.99185,1.00,1.00
2016.03.24 07:31:48.233,0.99161,0.99188,1.75,1.75
2016.03.24 07:31:48.457,0.99161,0.99188,1.50,1.75
2016.03.24 07:31:50.855,0.99165,0.99186,1.00,1.00
2016.03.24 07:31:51.057,0.9916,0.99187,1.75,1.50
2016.03.24 07:31:52.456,0.99165,0.99187,1.00,1.00
2016.03.24 07:31:52.961,0.99164,0.99189,2.25,1.75
2016.03.24 07:31:53.062,0.99164,0.99188,1.12,1.75
2016.03.24 07:31:53.264,0.99163,0.9919,2.25,1.75
2016.03.24 07:31:56.476,0.99169,0.99192,1.00,1.00
2016.03.24 07:31:56.577,0.99168,0.99193,1.75,1.12
2016.03.24 07:31:56.879,0.9917,0.99197,1.75,1.50
2016.03.24 07:31:56.980,0.99168,0.99192,2.25,1.00
2016.03.24 07:31:57.082,0.99166,0.99191,1.75,1.50
2016.03.24 07:31:57.683,0.99163,0.99188,1.75,1.00
2016.03.24 07:31:58.235,0.99164,0.99189,1.75,1.12
2016.03.24 07:31:58.488,0.99165,0.99189,1.75,1.75
2016.03.24 07:31:58.803,0.99165,0.9919,1.75,1.12
2016.03.24 07:32:01.981,0.99168,0.99192,1.12,1.75
2016.03.24 07:32:02.262,0.99169,0.99194,1.87,1.75
2016.03.24 07:32:02.314,0.9917,0.99192,1.00,1.00
2016.03.24 07:32:02.365,0.9917,0.99195,1.75,1.75
2016.03.24 07:32:02.517,0.99164,0.99191,1.75,1.12
2016.03.24 07:32:02.567,0.99164,0.99191,1.75,1.75
2016.03.24 07:32:03.071,0.99167,0.99189,1.00,1.50
2016.03.24 07:32:04.095,0.99169,0.99191,1.00,1.00
2016.03.24 07:32:04.398,0.99169,0.99193,1.75,1.75
2016.03.24 07:32:04.966,0.99169,0.99196,1.75,1.75
2016.03.24 07:32:06.573,0.9917,0.9919,1.00,1.00
2016.03.24 07:32:06.674,0.99168,0.9919,1.00,1.00
2016.03.24 07:32:06.775,0.99166,0.99193,1.75,1.50
2016.03.24 07:32:07.078,0.99169,0.99191,1.00,1.75
2016.03.24 07:32:10.187,0.99163,0.99187,2.10,1.50
2016.03.24 07:32:11.608,0.99168,0.99187,1.00,1.50
2016.03.24 07:32:13.587,0.99163,0.99188,2.10,1.50
2016.03.24 07:32:14.810,0.99169,0.99188,1.00,1.50
2016.03.24 07:32:16.007,0.99168,0.99187,1.00,1.37
2016.03.24 07:32:18.882,0.99168,0.9919,1.00,1.75
2016.03.24 07:32:18.936,0.99164,0.99188,1.50,1.37
2016.03.24 07:32:19.908,0.99163,0.99187,2.25,1.00
2016.03.24 07:32:19.959,0.99164,0.99189,1.75,1.12
2016.03.24 07:32:20.110,0.99169,0.9919,1.37,1.12
2016.03.24 07:32:20.600,0.99165,0.9919,1.75,1.75
2016.03.24 07:32:20.911,0.99164,0.99189,1.87,1.75
2016.03.24 07:32:21.112,0.99165,0.99187,1.00,1.00
2016.03.24 07:32:21.264,0.99165,0.99185,1.00,1.00
2016.03.24 07:32:21.930,0.99163,0.99185,1.75,1.00
2016.03.24 07:32:23.928,0.99161,0.99185,1.75,1.12
2016.03.24 07:32:24.408,0.99161,0.99181,1.00,1.00
2016.03.24 07:32:24.610,0.99158,0.99181,1.00,1.50
2016.03.24 07:32:25.114,0.99159,0.99181,1.00,1.00
2016.03.24 07:32:27.847,0.99158,0.99181,1.00,1.00
2016.03.24 07:32:28.049,0.99155,0.99182,1.75,1.12
2016.03.24 07:32:33.015,0.99154,0.99182,2.25,1.75
2016.03.24 07:32:33.437,0.99149,0.99175,1.75,1.50
2016.03.24 07:32:34.946,0.99153,0.99176,1.00,1.75
2016.03.24 07:32:34.997,0.99149,0.99176,1.50,1.75
2016.03.24 07:32:35.552,0.99154,0.9918,1.00,1.75
2016.03.24 07:32:35.653,0.99152,0.99179,1.50,1.75
2016.03.24 07:32:35.955,0.99148,0.99175,1.75,1.75
2016.03.24 07:32:36.056,0.99148,0.99175,1.75,1.12
2016.03.24 07:32:36.636,0.99149,0.99175,2.25,1.50
2016.03.24 07:32:36.737,0.99149,0.99175,1.75,1.50
2016.03.24 07:32:37.342,0.99149,0.99176,1.75,1.37
2016.03.24 07:32:38.271,0.99149,0.99176,1.75,1.75
2016.03.24 07:32:38.776,0.99148,0.99177,1.75,1.75
2016.03.24 07:32:39.317,0.9915,0.99177,1.75,1.75
2016.03.24 07:32:39.834,0.99148,0.99176,1.75,1.50
2016.03.24 07:32:40.237,0.99149,0.99177,1.75,1.75
2016.03.24 07:32:40.578,0.99158,0.99181,1.00,1.00
2016.03.24 07:32:41.133,0.99158,0.99179,1.00,1.00
2016.03.24 07:32:41.500,0.99148,0.99177,1.75,1.75
2016.03.24 07:32:42.460,0.99151,0.99182,1.75,1.75
2016.03.24 07:32:42.753,0.99157,0.99179,1.00,1.00
2016.03.24 07:32:44.067,0.99152,0.99182,1.75,1.75
2016.03.24 07:32:45.456,0.99154,0.99184,3.60,1.12
2016.03.24 07:32:45.557,0.99156,0.99185,1.12,3.00
2016.03.24 07:32:45.658,0.99158,0.99189,1.75,1.75
2016.03.24 07:32:46.162,0.99156,0.99187,1.75,1.75
2016.03.24 07:32:46.263,0.9916,0.99182,1.00,1.00
2016.03.24 07:32:46.991,0.99158,0.99186,1.75,1.75
2016.03.24 07:32:47.193,0.9916,0.99182,1.00,1.00
2016.03.24 07:32:48.303,0.99158,0.99185,1.75,1.50
2016.03.24 07:32:48.880,0.99158,0.99184,1.75,1.75
2016.03.24 07:32:49.282,0.9916,0.99182,1.00,1.00
2016.03.24 07:32:52.659,0.99154,0.99184,2.25,1.75
2016.03.24 07:32:52.710,0.99158,0.99181,1.00,1.00
2016.03.24 07:33:01.403,0.99153,0.99183,1.75,1.75
2016.03.24 07:33:01.918,0.99153,0.99182,1.75,1.75
2016.03.24 07:33:06.158,0.99153,0.99183,1.75,1.50
2016.03.24 07:33:06.209,0.99161,0.99183,1.00,1.00
2016.03.24 07:33:11.122,0.99159,0.9919,2.10,1.75
2016.03.24 07:33:11.627,0.99154,0.99187,4.50,1.75
2016.03.24 07:33:12.008,0.99154,0.99185,1.75,1.75
2016.03.24 07:33:12.113,0.99154,0.99185,3.00,1.12
2016.03.24 07:33:12.415,0.99153,0.99187,3.75,1.75
2016.03.24 07:33:12.617,0.99156,0.99187,1.75,1.50
2016.03.24 07:33:16.731,0.99159,0.99188,1.75,1.75
2016.03.24 07:33:17.033,0.99159,0.99187,1.75,1.75
2016.03.24 07:33:17.827,0.99164,0.99187,1.50,1.37
2016.03.24 07:33:18.244,0.99168,0.99187,1.12,1.00
2016.03.24 07:33:18.345,0.99171,0.99193,1.00,1.00
2016.03.24 07:33:18.446,0.99168,0.99196,1.75,1.50
2016.03.24 07:33:18.915,0.99166,0.99193,3.75,1.37
2016.03.24 07:33:18.966,0.99165,0.99193,1.75,1.75
2016.03.24 07:33:19.067,0.99167,0.99193,1.75,1.50
2016.03.24 07:33:19.117,0.99167,0.99193,1.75,1.37
2016.03.24 07:33:19.168,0.99167,0.99193,1.75,1.00
2016.03.24 07:33:19.320,0.99168,0.99194,2.25,1.00
2016.03.24 07:33:19.918,0.99168,0.99195,2.25,1.00
2016.03.24 07:33:21.356,0.99168,0.99195,1.75,1.12
2016.03.24 07:33:21.627,0.99171,0.99195,1.75,1.00
2016.03.24 07:33:22.059,0.99171,0.99195,1.75,1.00
2016.03.24 07:33:22.906,0.99172,0.99197,1.75,1.12
2016.03.24 07:33:23.339,0.99172,0.99197,1.75,1.00
2016.03.24 07:33:24.241,0.99175,0.99197,1.00,1.50
2016.03.24 07:33:24.409,0.99175,0.99195,1.00,1.00
2016.03.24 07:33:24.724,0.99171,0.99195,1.75,1.00
2016.03.24 07:33:24.976,0.99175,0.99195,1.00,1.00
2016.03.24 07:33:25.178,0.99171,0.99195,1.75,1.00
2016.03.24 07:33:25.682,0.99171,0.99195,1.75,1.00
2016.03.24 07:33:26.115,0.99173,0.99199,1.75,1.37
2016.03.24 07:33:26.166,0.99178,0.99199,1.00,1.00
2016.03.24 07:33:26.318,0.99178,0.99201,1.00,1.00
2016.03.24 07:33:26.821,0.99178,0.992,1.00,1.00
2016.03.24 07:33:27.419,0.99178,0.99201,1.00,1.50
2016.03.24 07:33:29.497,0.99178,0.99198,1.00,1.00
2016.03.24 07:33:29.598,0.99178,0.99201,1.00,1.50
2016.03.24 07:33:30.006,0.99178,0.99199,1.00,1.00
2016.03.24 07:33:30.322,0.99178,0.99201,1.00,1.00
2016.03.24 07:33:31.352,0.99173,0.99203,1.75,1.75
2016.03.24 07:33:31.856,0.99173,0.99201,1.75,1.50
2016.03.24 07:33:34.887,0.99178,0.992,1.00,1.00
2016.03.24 07:33:35.292,0.99179,0.99202,1.00,1.00
2016.03.24 07:33:37.046,0.99175,0.99207,1.75,1.75
2016.03.24 07:33:37.096,0.99179,0.99207,1.35,1.75
2016.03.24 07:33:37.299,0.99189,0.99211,1.00,1.00
2016.03.24 07:33:37.500,0.99182,0.99213,1.75,1.75
2016.03.24 07:33:37.676,0.99189,0.99211,1.00,1.00
2016.03.24 07:33:37.784,0.99181,0.99213,1.75,1.75
2016.03.24 07:33:38.305,0.99181,0.99213,3.75,1.75
2016.03.24 07:33:38.657,0.99181,0.99213,2.25,1.75
2016.03.24 07:33:39.176,0.99181,0.99212,1.75,1.75
2016.03.24 07:33:39.378,0.99181,0.99212,3.00,1.75
2016.03.24 07:33:39.883,0.99182,0.99213,1.75,1.75
2016.03.24 07:33:40.085,0.9918,0.99212,1.35,1.75
2016.03.24 07:33:40.287,0.99179,0.99208,1.00,5.25
2016.03.24 07:33:40.896,0.99178,0.99206,1.75,1.75
2016.03.24 07:33:41.991,0.99174,0.99205,1.75,1.75
2016.03.24 07:33:42.794,0.99194,0.99205,1.00,1.75
2016.03.24 07:33:42.895,0.99194,0.99209,1.00,1.75
2016.03.24 07:33:42.997,0.99194,0.99216,1.00,1.75
2016.03.24 07:33:43.098,0.99194,0.99218,1.12,1.75
2016.03.24 07:33:43.249,0.99204,0.99221,1.00,2.62
2016.03.24 07:33:43.300,0.99204,0.99224,1.00,1.75
2016.03.24 07:33:43.401,0.99204,0.99225,1.00,1.75
2016.03.24 07:33:43.452,0.99199,0.99227,1.50,1.75
2016.03.24 07:33:43.675,0.99203,0.99227,1.00,1.75
2016.03.24 07:33:43.977,0.99209,0.99223,1.00,1.00
2016.03.24 07:33:44.279,0.99209,0.99226,1.00,1.50
2016.03.24 07:33:44.874,0.99208,0.99225,1.00,1.12
2016.03.24 07:33:45.077,0.99209,0.99225,1.00,1.75
2016.03.24 07:33:45.178,0.99209,0.99225,1.00,1.50
2016.03.24 07:33:45.606,0.99209,0.99225,1.00,1.75
2016.03.24 07:33:45.707,0.99209,0.99225,1.00,1.12
2016.03.24 07:33:46.392,0.99209,0.99228,1.00,1.75
2016.03.24 07:33:46.912,0.99209,0.99225,1.00,1.00
2016.03.24 07:33:48.168,0.99209,0.99226,1.00,1.75
2016.03.24 07:33:48.765,0.99209,0.99226,1.00,1.75
2016.03.24 07:33:49.146,0.99204,0.99226,1.00,1.75
2016.03.24 07:33:49.197,0.99204,0.99226,1.00,1.75
2016.03.24 07:33:49.500,0.99204,0.99227,1.00,1.75
2016.03.24 07:33:49.601,0.99209,0.99227,1.00,1.75
2016.03.24 07:33:51.492,0.99209,0.99226,1.00,1.75
2016.03.24 07:33:51.593,0.99209,0.99225,1.00,1.00
2016.03.24 07:33:52.160,0.99208,0.99226,1.00,1.50
2016.03.24 07:33:52.691,0.99208,0.99226,1.00,1.50
2016.03.24 07:33:53.325,0.99203,0.99226,1.00,1.50
2016.03.24 07:33:53.695,0.99206,0.99225,1.00,1.00
2016.03.24 07:33:53.746,0.99206,0.99229,1.00,1.00
2016.03.24 07:33:53.963,0.99204,0.99231,1.75,1.75
2016.03.24 07:33:54.316,0.99204,0.99231,1.12,1.75
2016.03.24 07:33:54.367,0.99209,0.99231,1.00,1.75
2016.03.24 07:33:54.720,0.99208,0.99227,1.00,1.00
2016.03.24 07:33:54.771,0.99204,0.99227,1.50,1.00
2016.03.24 07:33:55.001,0.99204,0.9923,1.50,1.75
2016.03.24 07:33:56.006,0.99203,0.99229,1.00,1.00
2016.03.24 07:33:56.107,0.992,0.99228,1.00,1.00
2016.03.24 07:33:56.674,0.992,0.99228,1.37,1.00
2016.03.24 07:33:56.725,0.99207,0.99231,1.00,1.00
2016.03.24 07:33:56.826,0.99208,0.99235,1.00,1.00
2016.03.24 07:33:57.035,0.99206,0.99232,1.37,1.00
2016.03.24 07:33:57.136,0.99204,0.99231,1.00,1.00
2016.03.24 07:33:57.359,0.99204,0.99233,1.00,1.00
2016.03.24 07:33:57.510,0.99205,0.99233,1.75,1.37
2016.03.24 07:33:57.940,0.99204,0.9923,2.25,1.00
2016.03.24 07:33:57.991,0.99209,0.9923,1.12,1.12
2016.03.24 07:33:58.193,0.99211,0.99233,1.00,1.00
2016.03.24 07:33:58.714,0.99211,0.99234,1.00,1.50
2016.03.24 07:33:59.381,0.99211,0.99233,1.00,1.00
2016.03.24 07:33:59.431,0.99208,0.99233,1.75,1.75
2016.03.24 07:33:59.533,0.99208,0.99233,1.37,1.75
2016.03.24 07:33:59.634,0.99206,0.99233,1.50,1.75
2016.03.24 07:34:00.422,0.99202,0.99228,1.75,1.37
2016.03.24 07:34:00.623,0.99202,0.99228,1.75,1.75
2016.03.24 07:34:01.297,0.99201,0.99226,1.75,1.50
2016.03.24 07:34:01.930,0.99202,0.99225,1.00,1.00
2016.03.24 07:34:02.734,0.99205,0.99225,2.10,1.00
2016.03.24 07:34:02.835,0.99214,0.9923,1.00,1.00
2016.03.24 07:34:02.936,0.99214,0.99236,1.50,1.00
2016.03.24 07:34:03.038,0.9921,0.99236,1.75,1.75
2016.03.24 07:34:03.340,0.99205,0.99231,1.75,1.50
2016.03.24 07:34:03.441,0.9921,0.99227,1.00,1.00
2016.03.24 07:34:03.542,0.9921,0.99229,1.00,1.00
2016.03.24 07:34:03.768,0.99212,0.99239,1.00,3.75
2016.03.24 07:34:04.092,0.99214,0.99239,1.00,1.75
2016.03.24 07:34:04.346,0.99212,0.99239,1.12,1.75
2016.03.24 07:34:04.548,0.99211,0.99239,1.75,1.75
2016.03.24 07:34:05.242,0.99211,0.99236,1.00,1.75
2016.03.24 07:34:05.451,0.99211,0.99233,1.00,1.00
2016.03.24 07:34:06.947,0.99208,0.99233,1.50,1.50
2016.03.24 07:34:07.258,0.99209,0.99235,1.75,1.75
2016.03.24 07:34:09.592,0.99209,0.99232,1.50,1.00
2016.03.24 07:34:10.152,0.99209,0.99236,1.75,1.75
2016.03.24 07:34:10.457,0.99209,0.99236,1.12,1.75
2016.03.24 07:34:10.824,0.99209,0.99237,1.37,1.75
2016.03.24 07:34:10.925,0.99213,0.99237,1.00,1.75
2016.03.24 07:34:11.429,0.99213,0.99235,1.00,1.75
2016.03.24 07:34:12.400,0.9921,0.99238,1.75,1.75
2016.03.24 07:34:12.703,0.99214,0.99235,1.00,2.25
2016.03.24 07:34:14.755,0.99214,0.9923,1.00,1.00
2016.03.24 07:34:14.806,0.99219,0.9923,1.00,1.00
2016.03.24 07:34:14.953,0.99212,0.99236,1.35,1.75
2016.03.24 07:34:15.004,0.99213,0.99238,1.00,1.75
2016.03.24 07:34:15.056,0.99215,0.99234,1.00,1.00
2016.03.24 07:34:15.162,0.99216,0.99241,1.50,1.75
2016.03.24 07:34:15.790,0.99217,0.99239,1.00,1.00
2016.03.24 07:34:16.368,0.99215,0.9924,1.75,1.50
2016.03.24 07:34:18.074,0.99214,0.99239,1.12,1.75
2016.03.24 07:34:18.366,0.99214,0.99234,1.00,1.00
2016.03.24 07:34:18.926,0.99213,0.99234,1.00,1.00
2016.03.24 07:34:20.973,0.99213,0.99235,1.50,1.00
2016.03.24 07:34:21.284,0.99215,0.99235,1.00,1.00
2016.03.24 07:34:21.612,0.99209,0.99233,1.00,1.75
2016.03.24 07:34:21.940,0.99208,0.99226,1.00,1.00
2016.03.24 07:34:22.192,0.99204,0.99226,1.00,1.00
2016.03.24 07:34:22.292,0.99205,0.99228,1.00,1.50
2016.03.24 07:34:22.393,0.99203,0.99227,1.75,1.75
2016.03.24 07:34:22.690,0.99199,0.99227,2.25,1.12
2016.03.24 07:34:23.198,0.99201,0.99226,1.75,1.00
2016.03.24 07:34:23.755,0.99204,0.99228,1.37,1.75
2016.03.24 07:34:27.268,0.99203,0.99228,1.12,1.75
2016.03.24 07:34:27.773,0.99202,0.99225,1.50,1.00
2016.03.24 07:34:33.690,0.99202,0.99229,1.75,1.75
2016.03.24 07:34:33.992,0.99203,0.99227,1.37,1.50
2016.03.24 07:34:34.194,0.99204,0.99228,1.00,1.75
2016.03.24 07:34:34.845,0.992,0.99223,1.75,1.30
2016.03.24 07:34:35.149,0.99194,0.99217,1.00,1.75
2016.03.24 07:34:35.811,0.99193,0.99217,1.00,1.75
2016.03.24 07:34:36.756,0.99198,0.99216,1.00,1.75
2016.03.24 07:34:36.908,0.99199,0.99217,1.00,1.75
2016.03.24 07:34:37.125,0.99194,0.99219,1.50,1.37
2016.03.24 07:34:37.177,0.99199,0.9922,1.87,1.00
2016.03.24 07:34:37.278,0.99199,0.99225,1.87,1.75
2016.03.24 07:34:37.782,0.99201,0.99223,1.00,1.50
2016.03.24 07:34:40.209,0.992,0.99226,1.75,1.75
2016.03.24 07:34:42.096,0.99199,0.99222,1.75,1.12
2016.03.24 07:34:42.147,0.992,0.99222,1.00,1.50
2016.03.24 07:34:42.197,0.99194,0.99218,1.75,1.37
2016.03.24 07:34:42.248,0.9919,0.99218,1.75,1.50
2016.03.24 07:34:42.299,0.99189,0.99215,1.75,1.37
2016.03.24 07:34:42.350,0.99189,0.99215,1.75,1.37
2016.03.24 07:34:42.400,0.9919,0.99216,1.50,1.50
2016.03.24 07:34:42.704,0.99194,0.99215,1.00,1.50
2016.03.24 07:34:43.007,0.9919,0.99216,1.37,1.75
2016.03.24 07:34:43.208,0.99194,0.99215,1.00,1.75
2016.03.24 07:34:43.347,0.99196,0.99215,1.00,1.00
2016.03.24 07:34:43.398,0.99192,0.99218,1.75,1.00
2016.03.24 07:34:43.902,0.99196,0.9922,1.75,1.12
2016.03.24 07:34:44.406,0.99198,0.9922,1.00,1.00
2016.03.24 07:34:44.577,0.99194,0.9922,1.75,1.37
2016.03.24 07:34:45.159,0.99194,0.99219,2.25,1.50
2016.03.24 07:34:46.824,0.99195,0.99221,1.75,1.75
2016.03.24 07:34:47.348,0.99194,0.99221,2.25,1.50
2016.03.24 07:34:47.449,0.99194,0.99223,1.75,1.75
2016.03.24 07:34:47.550,0.99197,0.9922,1.00,1.00
2016.03.24 07:34:47.752,0.99199,0.9922,1.00,1.00
2016.03.24 07:34:47.853,0.99197,0.9922,1.00,1.00
2016.03.24 07:34:47.904,0.99199,0.99226,1.37,1.75
2016.03.24 07:34:48.005,0.99199,0.99227,1.75,1.75
2016.03.24 07:34:48.056,0.99199,0.99227,1.75,1.75
2016.03.24 07:34:48.157,0.99204,0.99223,1.00,1.00
2016.03.24 07:34:48.701,0.99203,0.99225,1.37,1.00
2016.03.24 07:34:48.853,0.99203,0.9923,2.25,1.75
2016.03.24 07:34:49.215,0.992,0.9923,1.75,1.75
2016.03.24 07:34:49.774,0.992,0.99228,1.75,1.75
2016.03.24 07:34:50.606,0.99204,0.99231,1.00,2.25
2016.03.24 07:34:51.559,0.992,0.99228,1.75,1.75
2016.03.24 07:34:53.618,0.992,0.99225,1.75,1.00
2016.03.24 07:34:53.769,0.99204,0.99228,1.75,1.50
2016.03.24 07:34:53.921,0.99204,0.99229,2.25,1.12
2016.03.24 07:34:54.178,0.99204,0.99231,1.75,1.75
2016.03.24 07:34:54.481,0.99203,0.99231,1.75,1.75
2016.03.24 07:34:56.338,0.99207,0.99229,1.00,1.00
2016.03.24 07:34:56.839,0.99204,0.99231,1.75,1.75
2016.03.24 07:34:57.607,0.992,0.99225,1.75,1.00
2016.03.24 07:34:57.658,0.99202,0.99225,1.00,2.25
2016.03.24 07:34:57.759,0.99197,0.99224,1.12,1.75
2016.03.24 07:34:59.212,0.99198,0.99224,1.00,1.75
2016.03.24 07:34:59.753,0.99196,0.99224,1.37,1.75
2016.03.24 07:35:00.246,0.99201,0.99228,1.37,3.00
2016.03.24 07:35:00.297,0.99201,0.99228,1.50,1.75
2016.03.24 07:35:00.398,0.99204,0.99227,1.50,1.00
2016.03.24 07:35:00.448,0.99204,0.99232,1.50,1.75
2016.03.24 07:35:00.961,0.99202,0.99232,1.75,1.75
2016.03.24 07:35:01.062,0.99201,0.99231,1.75,1.75
2016.03.24 07:35:01.264,0.99197,0.99226,1.75,1.75
2016.03.24 07:35:01.365,0.99197,0.99226,1.75,1.75
2016.03.24 07:35:04.007,0.992,0.99228,1.00,1.75
2016.03.24 07:35:04.058,0.992,0.99228,1.37,1.75
2016.03.24 07:35:04.108,0.992,0.99232,1.75,1.75
2016.03.24 07:35:04.159,0.992,0.99232,1.75,1.75
2016.03.24 07:35:04.210,0.99199,0.9923,2.25,1.75
2016.03.24 07:35:04.412,0.99201,0.99231,1.75,1.50
2016.03.24 07:35:04.463,0.99201,0.99231,1.75,1.50
2016.03.24 07:35:05.055,0.99199,0.99231,1.75,1.75
2016.03.24 07:35:05.106,0.99199,0.99231,1.75,1.75
2016.03.24 07:35:05.236,0.99199,0.99229,1.75,1.75
2016.03.24 07:35:05.337,0.99198,0.99229,2.25,1.75
2016.03.24 07:35:06.230,0.99198,0.99229,1.75,1.87
2016.03.24 07:35:14.278,0.99196,0.99225,1.75,1.75
2016.03.24 07:35:14.329,0.99196,0.99225,1.75,1.75
2016.03.24 07:35:14.480,0.99194,0.9922,1.75,1.37
2016.03.24 07:35:14.702,0.99197,0.99219,1.00,1.00
2016.03.24 07:35:15.259,0.99196,0.99225,1.75,1.75
2016.03.24 07:35:15.310,0.99196,0.99225,1.75,1.75
2016.03.24 07:35:15.965,0.9919,0.99213,4.50,1.00
2016.03.24 07:35:16.066,0.99187,0.99211,1.00,1.75
2016.03.24 07:35:16.167,0.99184,0.99212,1.00,3.75
2016.03.24 07:35:16.218,0.99184,0.99209,1.00,1.75
2016.03.24 07:35:16.688,0.99184,0.99204,1.00,1.00
2016.03.24 07:35:17.193,0.99184,0.99207,1.00,1.75
2016.03.24 07:35:17.697,0.99184,0.99207,1.00,1.75
2016.03.24 07:35:18.123,0.99188,0.99206,1.00,1.37
2016.03.24 07:35:18.174,0.99188,0.99206,1.00,1.00
2016.03.24 07:35:18.326,0.99184,0.99206,1.12,1.50
2016.03.24 07:35:18.428,0.99184,0.99208,1.12,1.75
2016.03.24 07:35:18.579,0.99184,0.99208,1.00,1.75
2016.03.24 07:35:18.983,0.99184,0.99208,1.12,1.75
2016.03.24 07:35:19.185,0.99189,0.99208,1.00,1.75
2016.03.24 07:35:20.064,0.99184,0.99208,1.12,1.75
2016.03.24 07:35:20.569,0.99184,0.99208,1.50,1.75
2016.03.24 07:35:21.190,0.99185,0.99207,1.00,1.00
2016.03.24 07:35:21.291,0.99184,0.99208,1.12,1.75
2016.03.24 07:35:23.213,0.99184,0.99206,1.12,1.75
2016.03.24 07:35:23.516,0.99173,0.992,3.00,1.00
2016.03.24 07:35:23.617,0.99174,0.99196,1.00,1.00
2016.03.24 07:35:23.819,0.99174,0.99199,1.50,1.50
2016.03.24 07:35:23.920,0.99169,0.99197,1.37,1.37
2016.03.24 07:35:24.023,0.9917,0.99198,1.50,1.75
2016.03.24 07:35:24.190,0.9917,0.99196,1.75,1.75
2016.03.24 07:35:24.493,0.99177,0.992,1.00,1.00
2016.03.24 07:35:24.594,0.99173,0.99202,2.25,1.75
2016.03.24 07:35:24.932,0.99173,0.99199,2.25,1.50
2016.03.24 07:35:25.614,0.99175,0.99199,1.00,1.50
2016.03.24 07:35:25.715,0.99175,0.99202,1.75,1.75
2016.03.24 07:35:25.885,0.99173,0.99201,2.25,1.75
2016.03.24 07:35:25.936,0.99174,0.99196,1.37,1.50
2016.03.24 07:35:26.037,0.99168,0.99196,2.25,1.75
2016.03.24 07:35:26.188,0.99168,0.99193,1.00,1.75
2016.03.24 07:35:26.700,0.99168,0.99193,1.00,1.75
2016.03.24 07:35:26.801,0.99168,0.99194,1.00,1.75
2016.03.24 07:35:27.223,0.99169,0.99197,1.50,1.75
2016.03.24 07:35:29.393,0.99169,0.9919,1.00,1.00
2016.03.24 07:35:29.896,0.99168,0.9919,1.00,1.00
2016.03.24 07:35:30.726,0.99165,0.99196,1.75,2.25
2016.03.24 07:35:31.515,0.99165,0.99196,1.75,1.75
2016.03.24 07:35:31.616,0.99173,0.99199,1.12,1.75
2016.03.24 07:35:31.667,0.99173,0.99203,1.50,2.25
2016.03.24 07:35:31.718,0.99175,0.99198,1.00,1.00
2016.03.24 07:35:31.869,0.99174,0.99203,1.75,1.75
2016.03.24 07:35:32.349,0.99174,0.99206,1.75,2.25
2016.03.24 07:35:32.500,0.99174,0.99207,1.75,2.25
2016.03.24 07:35:32.551,0.99173,0.99207,1.75,3.75
2016.03.24 07:35:32.854,0.99169,0.99198,1.50,2.25
2016.03.24 07:35:32.904,0.99169,0.99201,1.75,1.75
2016.03.24 07:35:32.955,0.99169,0.992,1.75,3.00
2016.03.24 07:35:33.474,0.99168,0.99198,1.75,2.25
2016.03.24 07:35:33.727,0.99164,0.99194,1.75,1.75
2016.03.24 07:35:33.777,0.99164,0.99191,1.37,1.75
2016.03.24 07:35:33.828,0.99164,0.99185,1.00,1.00
2016.03.24 07:35:33.879,0.99162,0.99185,1.00,1.00
2016.03.24 07:35:33.980,0.99159,0.99187,1.50,1.75
2016.03.24 07:35:34.030,0.99159,0.99187,1.50,1.75
2016.03.24 07:35:34.131,0.99159,0.99187,1.75,1.75
2016.03.24 07:35:34.233,0.99159,0.99181,1.50,1.00
2016.03.24 07:35:34.334,0.99159,0.99187,1.75,1.75
2016.03.24 07:35:34.653,0.99159,0.9919,1.75,2.25
2016.03.24 07:35:34.909,0.99161,0.99183,1.00,1.00
2016.03.24 07:35:35.010,0.99156,0.99191,1.75,3.75
2016.03.24 07:35:35.111,0.99155,0.9919,1.75,1.75
2016.03.24 07:35:36.072,0.99159,0.9919,1.50,3.00
2016.03.24 07:35:36.173,0.99154,0.99187,1.75,1.75
2016.03.24 07:35:36.324,0.99154,0.99187,1.75,3.00
2016.03.24 07:35:36.960,0.99158,0.99187,1.50,2.25
2016.03.24 07:35:37.011,0.99158,0.9919,1.75,1.75
2016.03.24 07:35:37.135,0.9916,0.9919,2.25,1.75
2016.03.24 07:35:37.186,0.9916,0.9919,2.25,1.75
2016.03.24 07:35:37.539,0.99163,0.99189,1.75,1.75
2016.03.24 07:35:38.812,0.99169,0.99193,1.00,1.75
2016.03.24 07:35:39.347,0.99169,0.99191,1.00,1.75
2016.03.24 07:35:39.849,0.99169,0.99191,1.00,1.75
2016.03.24 07:35:40.352,0.99169,0.99191,1.00,1.75
2016.03.24 07:35:40.856,0.99165,0.99193,1.75,1.75
2016.03.24 07:35:40.957,0.99167,0.9919,1.00,1.00
2016.03.24 07:35:41.314,0.99165,0.99193,1.75,1.75
2016.03.24 07:35:41.872,0.99166,0.99194,1.50,1.75
2016.03.24 07:35:42.075,0.99166,0.99195,1.75,1.75
2016.03.24 07:35:42.125,0.9917,0.99192,1.00,1.00
2016.03.24 07:35:42.637,0.99166,0.99197,1.75,1.75
2016.03.24 07:35:43.042,0.99167,0.9919,1.00,1.00
2016.03.24 07:35:43.194,0.99167,0.99196,1.75,1.50
2016.03.24 07:35:43.244,0.99167,0.99196,1.75,1.50
2016.03.24 07:35:43.969,0.99171,0.99189,1.00,1.00
2016.03.24 07:35:44.071,0.99165,0.99186,1.00,1.00
2016.03.24 07:35:44.122,0.99163,0.99186,1.37,1.37
2016.03.24 07:35:44.172,0.99163,0.99183,1.00,1.00
2016.03.24 07:35:44.223,0.99158,0.99185,1.50,1.75
2016.03.24 07:35:44.274,0.99158,0.99182,1.50,1.75
2016.03.24 07:35:44.778,0.99154,0.99183,2.25,1.75
2016.03.24 07:35:44.922,0.99154,0.9918,1.37,1.75
2016.03.24 07:35:44.973,0.99154,0.9918,1.00,1.75
2016.03.24 07:35:45.074,0.99158,0.9918,1.00,1.75
2016.03.24 07:35:45.377,0.99159,0.99186,1.50,1.75
2016.03.24 07:35:45.427,0.99164,0.99186,1.00,1.75
2016.03.24 07:35:45.478,0.99164,0.99186,1.00,1.75
2016.03.24 07:35:45.680,0.99162,0.99191,1.75,1.75
2016.03.24 07:35:46.210,0.99166,0.99188,1.00,1.00
2016.03.24 07:35:47.205,0.99163,0.9919,1.75,1.75
2016.03.24 07:35:47.709,0.99163,0.99189,1.75,1.50
2016.03.24 07:35:48.213,0.99166,0.99189,1.00,1.75
2016.03.24 07:35:48.616,0.99168,0.99192,1.00,1.75
2016.03.24 07:35:48.895,0.99168,0.99191,1.00,1.50
2016.03.24 07:35:49.413,0.99165,0.99191,1.75,1.50
2016.03.24 07:35:50.919,0.99165,0.99191,1.75,1.37
2016.03.24 07:35:51.070,0.99174,0.99201,1.75,1.75
2016.03.24 07:35:51.171,0.99174,0.99201,1.75,1.50
2016.03.24 07:35:51.777,0.99174,0.99202,1.50,1.75
2016.03.24 07:35:52.524,0.9917,0.99197,1.75,1.50
2016.03.24 07:35:52.575,0.99169,0.99194,1.75,1.50
2016.03.24 07:35:52.766,0.99168,0.99191,1.00,1.00
2016.03.24 07:35:52.817,0.99165,0.99194,1.75,1.75
2016.03.24 07:35:53.331,0.99164,0.99192,1.75,1.75
2016.03.24 07:35:53.683,0.99168,0.99193,1.12,1.75
2016.03.24 07:35:54.635,0.99169,0.99193,1.12,1.50
2016.03.24 07:35:54.685,0.9917,0.99196,1.37,1.75
2016.03.24 07:35:54.787,0.99174,0.99199,1.50,1.50
2016.03.24 07:35:58.596,0.99173,0.99199,2.25,1.50
2016.03.24 07:36:04.666,0.99174,0.99202,1.75,1.75
2016.03.24 07:36:04.772,0.99179,0.99202,1.12,1.75
2016.03.24 07:36:05.024,0.99184,0.99202,1.00,1.75
2016.03.24 07:36:06.145,0.99178,0.99203,1.50,1.75
2016.03.24 07:36:06.195,0.99178,0.99198,1.50,1.00
2016.03.24 07:36:06.296,0.99174,0.99201,1.12,1.75
2016.03.24 07:36:06.347,0.99174,0.99201,1.12,1.75
2016.03.24 07:36:06.649,0.99168,0.99189,1.00,1.50
2016.03.24 07:36:07.216,0.99169,0.99187,1.00,1.00
2016.03.24 07:36:07.775,0.99168,0.99187,1.00,1.00
2016.03.24 07:36:08.838,0.99168,0.9919,1.00,1.75
2016.03.24 07:36:09.264,0.99169,0.99197,3.00,1.00
2016.03.24 07:36:13.008,0.99169,0.99198,2.25,1.12
2016.03.24 07:36:13.210,0.99168,0.99194,3.00,1.00
2016.03.24 07:36:13.311,0.99172,0.99193,1.00,1.00
2016.03.24 07:36:13.362,0.99165,0.99193,1.75,1.37
2016.03.24 07:36:13.413,0.99169,0.99195,1.87,1.75
2016.03.24 07:36:13.514,0.99174,0.99196,1.00,1.75
2016.03.24 07:36:17.136,0.99174,0.99193,1.00,1.75
2016.03.24 07:36:17.187,0.99168,0.99193,1.75,1.75
2016.03.24 07:36:17.691,0.99165,0.99192,1.75,1.75
2016.03.24 07:36:18.915,0.99169,0.99191,1.00,1.50
2016.03.24 07:36:19.814,0.99169,0.99191,1.50,1.50
2016.03.24 07:36:19.915,0.9917,0.99192,1.00,1.00
2016.03.24 07:36:20.487,0.9917,0.99193,1.00,1.00
2016.03.24 07:36:21.002,0.99169,0.99194,1.50,1.75
2016.03.24 07:36:21.305,0.99169,0.99192,1.75,1.12
2016.03.24 07:36:21.406,0.99169,0.99192,1.00,1.75
2016.03.24 07:36:21.507,0.99169,0.99191,1.00,1.00
2016.03.24 07:36:22.057,0.99168,0.99192,1.50,1.75
2016.03.24 07:36:23.076,0.99168,0.99193,1.37,1.75
2016.03.24 07:36:23.580,0.99168,0.99188,1.00,1.00
2016.03.24 07:36:27.126,0.99169,0.99192,1.00,1.50
2016.03.24 07:36:27.227,0.99169,0.99197,1.75,1.50
2016.03.24 07:36:27.576,0.99176,0.99198,1.00,1.00
2016.03.24 07:36:32.362,0.99176,0.99197,1.00,1.00
2016.03.24 07:36:32.665,0.99165,0.99192,1.75,1.75
2016.03.24 07:36:34.768,0.99169,0.9919,1.00,1.75
2016.03.24 07:36:35.770,0.99161,0.9919,1.75,1.75
2016.03.24 07:36:35.871,0.99161,0.99187,1.75,1.50
2016.03.24 07:36:36.251,0.99165,0.99188,1.00,1.50
2016.03.24 07:36:36.844,0.99165,0.99187,1.00,1.00
2016.03.24 07:36:37.503,0.99161,0.99186,1.75,1.12
2016.03.24 07:36:37.860,0.99161,0.99186,1.75,1.00
2016.03.24 07:36:38.409,0.99159,0.99187,2.25,1.12
2016.03.24 07:36:39.614,0.9916,0.99189,1.75,1.50
2016.03.24 07:36:40.884,0.99161,0.99187,1.75,1.50
2016.03.24 07:36:40.935,0.99161,0.99187,1.75,1.37
2016.03.24 07:36:41.087,0.99161,0.9919,2.25,1.50
2016.03.24 07:36:42.425,0.99168,0.9919,1.50,1.37
2016.03.24 07:36:42.476,0.99169,0.99192,1.00,1.00
2016.03.24 07:36:43.005,0.99169,0.99191,1.00,1.00
2016.03.24 07:36:43.156,0.99163,0.99191,2.25,1.50
2016.03.24 07:36:45.679,0.99163,0.99188,1.75,1.00
2016.03.24 07:36:46.199,0.99164,0.99189,1.75,1.12
2016.03.24 07:36:48.464,0.9917,0.99192,1.00,1.00
2016.03.24 07:36:48.565,0.99173,0.99196,1.00,1.00
2016.03.24 07:36:48.616,0.99178,0.99196,1.00,1.00
2016.03.24 07:36:48.767,0.99173,0.99202,2.25,1.75
2016.03.24 07:36:48.903,0.99174,0.99198,1.12,1.75
2016.03.24 07:36:49.557,0.99174,0.99199,1.00,1.87
2016.03.24 07:36:49.759,0.99169,0.99195,1.50,1.75
2016.03.24 07:36:50.383,0.99165,0.99194,1.75,1.75
2016.03.24 07:36:50.435,0.99167,0.99189,1.00,1.00
2016.03.24 07:36:50.739,0.99169,0.99194,1.00,1.75
2016.03.24 07:36:51.640,0.99169,0.99196,1.00,1.75
2016.03.24 07:36:52.676,0.99169,0.99196,1.00,2.25
2016.03.24 07:36:53.478,0.99164,0.99196,2.25,2.25
2016.03.24 07:36:54.184,0.99167,0.99196,1.75,1.75
2016.03.24 07:36:54.486,0.99174,0.99205,1.75,1.75
2016.03.24 07:36:56.645,0.99184,0.99203,1.00,1.75
2016.03.24 07:37:03.363,0.99178,0.99203,1.50,1.75
2016.03.24 07:37:03.514,0.99181,0.99203,1.00,1.50
2016.03.24 07:37:03.910,0.99179,0.99202,1.50,1.00
2016.03.24 07:37:04.011,0.99179,0.99203,1.75,1.50
2016.03.24 07:37:07.595,0.99178,0.99203,1.12,1.75
2016.03.24 07:37:08.809,0.99178,0.99199,1.00,1.75
2016.03.24 07:37:11.133,0.99178,0.99194,1.00,1.00
2016.03.24 07:37:11.234,0.99169,0.99193,1.50,1.12
2016.03.24 07:37:11.285,0.99169,0.99193,1.37,1.50
2016.03.24 07:37:11.524,0.99165,0.99189,1.37,1.50
2016.03.24 07:37:12.275,0.99169,0.99189,1.00,1.50
2016.03.24 07:37:13.201,0.99173,0.99192,1.00,1.75
2016.03.24 07:37:13.303,0.9917,0.99197,1.75,2.25
2016.03.24 07:37:13.404,0.99174,0.99201,1.75,1.75
2016.03.24 07:37:13.807,0.99176,0.99201,1.75,1.12
2016.03.24 07:37:14.009,0.99177,0.99203,1.75,1.75
2016.03.24 07:37:17.465,0.99184,0.99202,1.00,1.50
2016.03.24 07:37:21.415,0.99179,0.99204,1.75,1.75
2016.03.24 07:37:21.970,0.99183,0.99204,1.00,1.75
2016.03.24 07:37:23.062,0.99179,0.99204,1.75,1.75
2016.03.24 07:37:23.415,0.99184,0.99206,1.00,1.75
2016.03.24 07:37:25.420,0.99184,0.99203,1.00,1.75
2016.03.24 07:37:26.933,0.99179,0.992,1.00,1.00
2016.03.24 07:37:27.034,0.99179,0.99202,1.00,1.75
2016.03.24 07:37:27.236,0.99173,0.992,1.87,1.75
2016.03.24 07:37:32.067,0.99174,0.99198,2.25,1.50
2016.03.24 07:37:32.383,0.99169,0.99195,1.87,1.75
2016.03.24 07:37:36.131,0.99167,0.99192,1.75,1.37
2016.03.24 07:37:36.182,0.99167,0.99192,1.75,1.12
2016.03.24 07:37:40.096,0.99168,0.99195,1.75,1.75
2016.03.24 07:37:40.297,0.99167,0.99194,1.75,1.50
2016.03.24 07:37:40.348,0.99167,0.99194,1.75,1.75
2016.03.24 07:37:41.380,0.99168,0.99195,1.50,1.75
2016.03.24 07:37:41.903,0.99164,0.99192,1.75,1.50
2016.03.24 07:37:42.055,0.99166,0.99193,1.12,1.87
2016.03.24 07:37:42.106,0.99168,0.99193,1.00,1.75
2016.03.24 07:37:42.156,0.9917,0.99192,1.00,1.00
2016.03.24 07:37:46.720,0.99171,0.99192,1.00,1.00
2016.03.24 07:37:46.821,0.99172,0.99195,1.00,1.00
2016.03.24 07:37:46.871,0.99171,0.99198,1.75,1.75
2016.03.24 07:37:48.603,0.99169,0.99192,3.00,1.00
2016.03.24 07:37:48.800,0.99168,0.99192,1.00,1.75
2016.03.24 07:37:48.851,0.99163,0.99191,2.25,1.75
2016.03.24 07:37:49.394,0.99164,0.99191,1.75,1.75
2016.03.24 07:37:49.495,0.99168,0.99193,1.75,1.12
2016.03.24 07:37:49.798,0.99172,0.99194,1.00,1.50
2016.03.24 07:37:50.176,0.99168,0.99194,1.75,1.75
2016.03.24 07:37:50.479,0.99176,0.99202,1.00,1.75
2016.03.24 07:37:50.530,0.99174,0.99202,2.25,1.75
2016.03.24 07:37:50.631,0.99174,0.99198,1.37,1.37
2016.03.24 07:37:50.682,0.99173,0.99198,1.00,1.75
2016.03.24 07:37:50.783,0.99173,0.99198,1.75,1.75
2016.03.24 07:37:51.111,0.99173,0.99198,1.75,1.12
2016.03.24 07:37:53.838,0.9917,0.99197,3.00,1.00
2016.03.24 07:37:55.138,0.9917,0.99197,3.00,1.37
2016.03.24 07:37:55.189,0.9917,0.99197,1.75,1.75
2016.03.24 07:37:55.340,0.99174,0.99196,1.00,1.00
2016.03.24 07:37:55.492,0.99171,0.99198,1.75,1.50
2016.03.24 07:37:55.898,0.99173,0.99198,1.12,1.75
2016.03.24 07:37:56.200,0.99167,0.99194,1.75,1.75
2016.03.24 07:37:56.402,0.99167,0.99194,1.75,1.50
2016.03.24 07:37:57.002,0.99169,0.99194,1.50,1.75
2016.03.24 07:37:58.828,0.99164,0.99189,1.75,1.00
2016.03.24 07:37:59.030,0.99164,0.99189,1.50,1.75
2016.03.24 07:37:59.131,0.99164,0.99189,1.75,1.50
2016.03.24 07:37:59.232,0.99167,0.99189,1.00,1.50
2016.03.24 07:38:00.114,0.99169,0.99189,1.00,1.50
2016.03.24 07:38:00.215,0.99167,0.99189,1.00,1.50
2016.03.24 07:38:00.724,0.99164,0.99191,1.75,1.75
2016.03.24 07:38:01.199,0.99164,0.99189,1.75,1.75
2016.03.24 07:38:08.244,0.99164,0.9919,1.75,1.37
2016.03.24 07:38:10.103,0.99169,0.99192,1.00,1.75
2016.03.24 07:38:13.662,0.99166,0.99192,1.50,1.75
2016.03.24 07:38:14.163,0.99166,0.99192,1.75,1.50
2016.03.24 07:38:14.269,0.99165,0.99189,1.75,1.00
2016.03.24 07:38:14.370,0.99166,0.99191,1.75,1.12
2016.03.24 07:38:14.626,0.99168,0.99193,1.75,1.12
2016.03.24 07:38:14.928,0.99166,0.99188,1.00,1.00
2016.03.24 07:38:15.432,0.99164,0.99187,1.12,1.12
2016.03.24 07:38:16.495,0.99169,0.99189,1.00,1.37
2016.03.24 07:38:16.546,0.99169,0.99194,1.12,1.75
2016.03.24 07:38:16.596,0.9917,0.99195,1.37,1.50
2016.03.24 07:38:16.647,0.99175,0.99201,1.00,1.75
2016.03.24 07:38:16.698,0.99175,0.99202,1.37,3.00
2016.03.24 07:38:16.885,0.99179,0.99206,2.25,1.75
2016.03.24 07:38:17.036,0.9918,0.99205,1.12,1.75
2016.03.24 07:38:17.087,0.99182,0.99207,1.00,1.75
2016.03.24 07:38:17.238,0.99187,0.99212,1.12,1.75
2016.03.24 07:38:17.289,0.99187,0.99213,1.50,1.75
2016.03.24 07:38:17.340,0.99187,0.99213,1.75,1.75
2016.03.24 07:38:17.441,0.99182,0.99207,1.75,1.00
2016.03.24 07:38:17.673,0.99178,0.99205,2.25,1.50
2016.03.24 07:38:17.723,0.99179,0.99205,1.50,1.75
2016.03.24 07:38:17.774,0.99179,0.99202,2.25,1.00
2016.03.24 07:38:17.825,0.99179,0.99205,2.25,1.37
2016.03.24 07:38:18.128,0.99183,0.99208,1.12,1.75
2016.03.24 07:38:18.330,0.99183,0.99208,1.75,1.50
2016.03.24 07:38:18.961,0.99184,0.99208,1.50,1.50
2016.03.24 07:38:20.752,0.99182,0.99209,1.75,1.50
2016.03.24 07:38:20.853,0.99182,0.99209,1.75,1.75
2016.03.24 07:38:22.252,0.99188,0.99213,1.00,3.00
2016.03.24 07:38:22.353,0.99186,0.99213,1.75,1.75
2016.03.24 07:38:22.454,0.99187,0.99214,1.75,1.50
2016.03.24 07:38:22.556,0.9919,0.99213,1.00,1.00
2016.03.24 07:38:22.859,0.99187,0.99215,1.75,1.75
2016.03.24 07:38:23.363,0.99189,0.99215,1.50,1.75
2016.03.24 07:38:25.182,0.99187,0.9921,1.00,1.00
2016.03.24 07:38:25.233,0.99186,0.99212,1.37,1.75
2016.03.24 07:38:25.770,0.99183,0.99212,1.75,1.75
2016.03.24 07:38:26.438,0.99183,0.9921,1.75,1.75
2016.03.24 07:38:27.108,0.99183,0.9921,1.75,1.75
2016.03.24 07:38:29.559,0.99183,0.99211,1.75,1.75
2016.03.24 07:38:29.610,0.99183,0.99211,1.75,1.75
2016.03.24 07:38:29.711,0.99183,0.99211,1.75,1.75
2016.03.24 07:38:30.372,0.99179,0.99209,1.75,1.75
2016.03.24 07:38:31.054,0.99183,0.99212,1.37,1.75
2016.03.24 07:38:31.357,0.99189,0.99217,1.75,1.35
2016.03.24 07:38:34.970,0.99194,0.9922,1.37,3.00
2016.03.24 07:38:35.021,0.99194,0.9922,1.75,1.50
2016.03.24 07:38:35.123,0.99196,0.99228,1.75,1.75
2016.03.24 07:38:35.224,0.99201,0.99231,1.75,3.00
2016.03.24 07:38:35.571,0.99199,0.99229,2.25,1.75
2016.03.24 07:38:38.685,0.99197,0.99228,3.00,1.75
2016.03.24 07:38:38.786,0.99202,0.99232,1.75,1.75
2016.03.24 07:38:38.887,0.99211,0.99233,1.00,1.00
2016.03.24 07:38:39.392,0.99209,0.99236,1.75,2.85
2016.03.24 07:38:39.733,0.99209,0.99236,1.75,2.85
2016.03.24 07:38:41.900,0.99209,0.99233,1.75,1.00
2016.03.24 07:38:42.659,0.99204,0.99228,2.25,1.12
2016.03.24 07:38:42.710,0.99205,0.99229,1.75,1.75
2016.03.24 07:38:42.811,0.99207,0.9923,1.00,1.50
2016.03.24 07:38:42.862,0.99208,0.9923,1.37,1.12
2016.03.24 07:38:42.913,0.99209,0.99233,1.75,1.00
2016.03.24 07:38:43.417,0.99209,0.99236,1.75,1.75
2016.03.24 07:38:43.690,0.9921,0.99236,1.00,1.75
2016.03.24 07:38:43.741,0.99209,0.99236,1.75,1.75
2016.03.24 07:38:44.746,0.99212,0.99237,1.00,1.75
2016.03.24 07:38:44.798,0.99212,0.99237,1.50,1.50
2016.03.24 07:38:45.686,0.9921,0.99236,1.75,1.37
2016.03.24 07:38:46.050,0.99215,0.99237,1.00,1.50
2016.03.24 07:38:49.073,0.99213,0.99237,1.75,1.12
2016.03.24 07:38:49.618,0.9921,0.99237,1.75,1.75
2016.03.24 07:38:50.153,0.9921,0.99234,1.75,1.00
2016.03.24 07:38:50.676,0.9921,0.99237,1.75,1.75
2016.03.24 07:38:54.147,0.99211,0.99238,1.75,1.75
2016.03.24 07:38:54.248,0.99211,0.99238,1.75,1.75
2016.03.24 07:38:54.450,0.99214,0.99239,1.75,1.12
2016.03.24 07:38:56.059,0.99214,0.99238,1.75,1.00
2016.03.24 07:38:57.427,0.99216,0.9924,1.75,1.12
2016.03.24 07:38:57.729,0.99214,0.9924,1.75,1.50
2016.03.24 07:38:57.830,0.99218,0.9924,1.50,1.50
2016.03.24 07:38:58.176,0.9922,0.99244,1.75,1.12
2016.03.24 07:38:59.721,0.99219,0.99243,2.25,1.00
2016.03.24 07:38:59.873,0.99219,0.99243,1.75,1.50
2016.03.24 07:39:00.075,0.9922,0.99245,1.75,1.00
2016.03.24 07:39:00.126,0.99218,0.99243,1.75,1.00
2016.03.24 07:39:00.662,0.99219,0.99244,1.75,1.00
2016.03.24 07:39:01.016,0.99219,0.99244,1.75,1.37
2016.03.24 07:39:01.067,0.99219,0.99244,1.75,1.75
2016.03.24 07:39:01.974,0.99219,0.99245,2.25,1.50
2016.03.24 07:39:03.128,0.99219,0.99243,1.75,1.00
2016.03.24 07:39:03.983,0.9922,0.99243,1.00,1.37
2016.03.24 07:39:04.348,0.99219,0.99243,1.50,1.75
2016.03.24 07:39:04.552,0.99218,0.99241,1.00,1.50
2016.03.24 07:39:04.753,0.99214,0.99241,2.25,1.50
2016.03.24 07:39:05.285,0.99214,0.99239,2.25,1.00
2016.03.24 07:39:05.437,0.99218,0.99239,1.00,1.00
2016.03.24 07:39:06.038,0.99218,0.99239,1.00,1.37
2016.03.24 07:39:06.556,0.99218,0.99239,1.00,1.00
2016.03.24 07:39:07.367,0.99218,0.99238,1.00,1.00
2016.03.24 07:39:08.839,0.99217,0.99238,1.00,1.00
2016.03.24 07:39:09.269,0.99213,0.99238,1.75,1.37
2016.03.24 07:39:09.421,0.99209,0.99232,1.00,1.00
2016.03.24 07:39:09.472,0.99206,0.99233,1.75,1.75
2016.03.24 07:39:09.522,0.99207,0.99229,1.00,1.00
2016.03.24 07:39:09.835,0.99205,0.99228,1.00,1.00
2016.03.24 07:39:09.885,0.99202,0.99227,1.75,1.00
2016.03.24 07:39:10.087,0.99203,0.9923,1.75,1.12
2016.03.24 07:39:11.682,0.99206,0.99234,1.75,1.75
2016.03.24 07:39:11.733,0.9921,0.99233,1.00,1.00
2016.03.24 07:39:11.783,0.99208,0.99234,1.75,1.50
2016.03.24 07:39:12.100,0.99215,0.99243,1.50,1.75
2016.03.24 07:39:12.151,0.9922,0.99242,1.00,1.00
2016.03.24 07:39:12.201,0.99215,0.99243,1.75,1.50
2016.03.24 07:39:12.513,0.99219,0.99239,1.75,1.00
2016.03.24 07:39:13.031,0.99219,0.9924,1.75,1.00
2016.03.24 07:39:13.333,0.99219,0.9924,1.12,1.00
2016.03.24 07:39:14.368,0.99219,0.9924,1.37,1.00
2016.03.24 07:39:14.888,0.99219,0.9924,1.37,1.00
2016.03.24 07:39:15.370,0.99218,0.9924,1.50,1.00
2016.03.24 07:39:15.677,0.99218,0.99242,1.37,1.37
2016.03.24 07:39:15.728,0.99221,0.99242,1.00,1.00
2016.03.24 07:39:16.874,0.99218,0.99242,1.75,1.37
2016.03.24 07:39:16.925,0.99219,0.99241,1.00,1.00
2016.03.24 07:39:17.328,0.99219,0.99239,1.00,1.00
2016.03.24 07:39:17.900,0.99219,0.9924,1.12,1.12
2016.03.24 07:39:18.714,0.99218,0.99241,1.50,1.00
2016.03.24 07:39:19.041,0.99223,0.99247,1.00,1.75
2016.03.24 07:39:19.344,0.99224,0.99241,1.00,1.00
2016.03.24 07:39:19.495,0.99219,0.99243,1.37,1.75
2016.03.24 07:39:19.933,0.99223,0.99242,1.00,1.12
2016.03.24 07:39:20.389,0.99219,0.99244,1.37,1.75
2016.03.24 07:39:20.490,0.99219,0.99241,1.00,1.00
2016.03.24 07:39:21.065,0.99219,0.9924,1.00,1.00
2016.03.24 07:39:22.252,0.99219,0.99241,1.00,1.00
2016.03.24 07:39:22.302,0.99219,0.99241,1.37,1.00
2016.03.24 07:39:22.605,0.99216,0.99241,1.75,1.12
2016.03.24 07:39:22.656,0.99216,0.99241,1.75,1.12
2016.03.24 07:39:23.202,0.99215,0.9924,2.25,1.00
2016.03.24 07:39:23.253,0.99215,0.9924,1.75,1.00
2016.03.24 07:39:25.633,0.99213,0.9924,2.25,1.50
2016.03.24 07:39:25.936,0.99219,0.99243,1.75,1.00
2016.03.24 07:39:26.473,0.99223,0.99244,1.12,1.12
2016.03.24 07:39:27.890,0.9922,0.99244,1.50,1.50
2016.03.24 07:39:28.143,0.99218,0.99238,1.50,1.00
2016.03.24 07:39:29.172,0.99213,0.99238,1.75,1.12
2016.03.24 07:39:29.222,0.99213,0.99238,1.75,1.72
2016.03.24 07:39:29.324,0.99211,0.99232,1.00,1.00
2016.03.24 07:39:29.375,0.9921,0.99235,1.75,1.37
2016.03.24 07:39:29.426,0.9921,0.99235,3.00,1.00
2016.03.24 07:39:29.477,0.9921,0.99233,2.25,1.12
2016.03.24 07:39:29.527,0.99208,0.99233,1.75,1.50
2016.03.24 07:39:29.578,0.99208,0.99233,1.75,1.37
2016.03.24 07:39:29.780,0.99216,0.99238,1.00,1.00
2016.03.24 07:39:29.931,0.99219,0.99238,1.00,1.00
2016.03.24 07:39:30.275,0.99216,0.99238,1.00,1.00
2016.03.24 07:39:32.652,0.99214,0.99239,1.75,1.37
2016.03.24 07:39:33.213,0.99214,0.99239,1.75,1.12
2016.03.24 07:39:35.022,0.99214,0.9924,1.75,1.12
2016.03.24 07:39:36.432,0.99218,0.99243,1.75,1.37
2016.03.24 07:39:36.483,0.99218,0.99243,1.75,1.12
2016.03.24 07:39:37.429,0.99218,0.99243,2.25,1.12
2016.03.24 07:39:37.677,0.99219,0.99242,1.00,1.37
2016.03.24 07:39:41.645,0.99214,0.99239,1.50,1.50
2016.03.24 07:39:45.710,0.99214,0.99239,1.75,1.37
2016.03.24 07:39:45.761,0.99214,0.99239,1.75,1.12
2016.03.24 07:39:50.161,0.99215,0.99239,1.75,1.12
2016.03.24 07:39:50.212,0.99216,0.99239,1.00,1.50
2016.03.24 07:39:50.549,0.99216,0.99239,1.00,1.50
2016.03.24 07:39:50.701,0.99213,0.99238,1.12,1.75
2016.03.24 07:39:51.239,0.99212,0.99236,1.12,1.75
2016.03.24 07:39:51.767,0.99213,0.99234,1.12,1.00
2016.03.24 07:39:51.868,0.99211,0.99237,1.12,1.75
2016.03.24 07:39:52.181,0.99211,0.99237,1.00,2.25
2016.03.24 07:39:52.282,0.99211,0.99237,1.12,1.75
2016.03.24 07:39:52.585,0.99212,0.99235,1.00,1.00
2016.03.24 07:39:53.184,0.99212,0.99234,1.00,1.00
2016.03.24 07:39:56.977,0.99213,0.99234,1.00,1.00
2016.03.24 07:39:57.950,0.99213,0.99237,1.37,1.75
2016.03.24 07:39:58.508,0.99213,0.99237,1.37,1.50
2016.03.24 07:40:01.404,0.99215,0.99236,1.00,1.00
2016.03.24 07:40:01.942,0.9921,0.99236,1.75,1.37
2016.03.24 07:40:03.504,0.99213,0.99237,1.50,1.00
2016.03.24 07:40:03.605,0.99214,0.99237,1.00,1.50
2016.03.24 07:40:03.807,0.99212,0.99237,1.12,1.75
2016.03.24 07:40:04.215,0.99213,0.99236,1.00,1.00
2016.03.24 07:40:04.756,0.99214,0.99236,1.50,1.00
2016.03.24 07:40:05.260,0.99213,0.99236,1.00,1.00
2016.03.24 07:40:05.718,0.99211,0.99237,1.37,1.75
2016.03.24 07:40:06.244,0.99214,0.99237,1.00,1.75
2016.03.24 07:40:06.914,0.99214,0.99237,1.00,1.75
2016.03.24 07:40:07.666,0.99214,0.99236,1.00,1.00
2016.03.24 07:40:08.221,0.99211,0.99237,1.75,1.12
2016.03.24 07:40:16.936,0.99211,0.99241,1.75,1.75
2016.03.24 07:40:18.218,0.99213,0.99236,1.37,1.00
2016.03.24 07:40:18.319,0.99213,0.99238,1.50,1.50
2016.03.24 07:40:18.521,0.99211,0.99239,1.75,1.50
2016.03.24 07:40:18.572,0.99213,0.99236,1.00,1.00
2016.03.24 07:40:18.925,0.99209,0.99237,2.25,1.75
2016.03.24 07:40:19.454,0.9921,0.99238,1.75,1.75
2016.03.24 07:40:25.657,0.99211,0.99239,1.75,1.50
2016.03.24 07:40:25.960,0.99214,0.99239,1.50,1.75
2016.03.24 07:40:26.181,0.99212,0.9924,1.37,1.75
2016.03.24 07:40:26.333,0.99213,0.9924,1.37,1.75
2016.03.24 07:40:27.856,0.99215,0.99243,1.12,3.75
2016.03.24 07:40:27.906,0.99215,0.99238,1.50,1.00
2016.03.24 07:40:28.964,0.99211,0.99239,1.37,1.75
2016.03.24 07:40:29.065,0.99207,0.99235,1.75,1.75
2016.03.24 07:40:29.246,0.9921,0.99238,1.37,1.75
2016.03.24 07:40:29.296,0.9921,0.99238,1.75,1.75
2016.03.24 07:40:29.347,0.99214,0.99242,1.37,1.75
2016.03.24 07:40:29.398,0.99218,0.9924,1.00,1.00
2016.03.24 07:40:29.650,0.99214,0.9924,2.25,1.00
2016.03.24 07:40:30.275,0.99214,0.99244,2.25,1.75
2016.03.24 07:40:31.981,0.99214,0.99244,1.75,1.75
2016.03.24 07:40:32.703,0.99214,0.99244,1.75,1.75
2016.03.24 07:40:35.747,0.99217,0.99243,1.00,1.75
2016.03.24 07:40:38.084,0.99214,0.99237,1.50,1.00
2016.03.24 07:40:41.179,0.99214,0.99245,1.50,1.75
2016.03.24 07:40:41.230,0.99214,0.99245,1.75,1.75
2016.03.24 07:40:57.517,0.99213,0.99243,1.75,1.75
2016.03.24 07:40:57.820,0.99213,0.99241,1.75,1.75
2016.03.24 07:40:58.219,0.99213,0.99241,1.75,1.75
2016.03.24 07:41:00.120,0.99215,0.99243,1.12,1.75
2016.03.24 07:41:00.221,0.99214,0.99242,1.75,1.75
2016.03.24 07:41:00.323,0.99219,0.99248,1.50,1.75
2016.03.24 07:41:00.424,0.99224,0.99246,1.00,1.00
2016.03.24 07:41:00.525,0.99217,0.99245,1.75,1.12
2016.03.24 07:41:00.745,0.99217,0.99245,1.75,1.75
2016.03.24 07:41:01.050,0.99218,0.99248,1.75,1.75
2016.03.24 07:41:01.251,0.99217,0.99247,1.75,1.75
2016.03.24 07:41:02.100,0.99215,0.99245,1.75,1.75
2016.03.24 07:41:02.352,0.99218,0.9924,1.00,1.00
2016.03.24 07:41:02.884,0.99214,0.99244,1.75,1.75
2016.03.24 07:41:03.389,0.99218,0.99246,1.75,1.75
2016.03.24 07:41:03.644,0.99215,0.99243,1.50,1.75
2016.03.24 07:41:03.745,0.99213,0.99243,2.25,1.75
2016.03.24 07:41:03.976,0.99215,0.99238,1.00,1.00
2016.03.24 07:41:04.448,0.99218,0.99239,1.00,1.00
2016.03.24 07:41:04.750,0.99219,0.99249,1.50,3.00
2016.03.24 07:41:04.801,0.99222,0.9925,1.00,2.25
2016.03.24 07:41:04.852,0.99228,0.9925,1.00,1.00
2016.03.24 07:41:05.369,0.99228,0.99251,1.00,1.00
2016.03.24 07:41:05.803,0.99228,0.99249,1.00,1.00
2016.03.24 07:41:05.854,0.9922,0.99249,1.75,1.75
2016.03.24 07:41:05.956,0.99219,0.99241,1.00,1.00
2016.03.24 07:41:06.273,0.99214,0.99243,1.75,1.75
2016.03.24 07:41:06.575,0.99213,0.99243,1.75,1.75
2016.03.24 07:41:06.777,0.99213,0.99243,1.75,1.75
2016.03.24 07:41:07.294,0.99211,0.99241,1.75,1.75
2016.03.24 07:41:07.647,0.99211,0.99239,1.75,1.75
2016.03.24 07:41:07.950,0.99216,0.99238,1.00,1.00
2016.03.24 07:41:09.065,0.99214,0.99243,1.50,2.25
2016.03.24 07:41:09.502,0.99213,0.99241,1.75,1.75
2016.03.24 07:41:09.921,0.99216,0.99246,1.50,3.00
2016.03.24 07:41:09.972,0.99218,0.99241,1.00,1.00
2016.03.24 07:41:10.022,0.99217,0.99245,1.75,1.75
2016.03.24 07:41:10.124,0.99219,0.99244,1.75,1.00
2016.03.24 07:41:13.630,0.99222,0.99251,1.75,1.75
2016.03.24 07:41:13.731,0.99223,0.99252,1.75,1.75
2016.03.24 07:41:14.235,0.99226,0.99254,1.50,1.75
2016.03.24 07:41:15.173,0.99223,0.99252,1.12,2.10
2016.03.24 07:41:15.274,0.9922,0.99249,1.50,3.75
2016.03.24 07:41:15.376,0.99219,0.99246,1.75,1.75
2016.03.24 07:41:16.082,0.99221,0.99243,1.00,1.00
2016.03.24 07:41:16.376,0.99218,0.99246,2.25,1.75
2016.03.24 07:41:17.079,0.99224,0.99246,1.00,1.75
2016.03.24 07:41:17.382,0.99224,0.99246,1.00,1.75
2016.03.24 07:41:17.516,0.99224,0.99246,1.50,1.00
2016.03.24 07:41:17.869,0.99222,0.99251,2.25,1.37
2016.03.24 07:41:22.388,0.9923,0.99252,1.00,1.00
2016.03.24 07:41:22.892,0.99228,0.99258,1.75,1.75
2016.03.24 07:41:23.395,0.99225,0.99252,2.25,1.00
2016.03.24 07:41:23.496,0.99224,0.99247,1.50,1.00
2016.03.24 07:41:23.645,0.99226,0.99254,1.75,1.75
2016.03.24 07:41:23.947,0.99226,0.99254,1.75,1.75
2016.03.24 07:41:24.703,0.99227,0.99255,1.75,1.50
2016.03.24 07:41:26.988,0.99226,0.99254,1.75,1.37
2016.03.24 07:41:27.489,0.99224,0.99254,1.75,1.75
2016.03.24 07:41:27.792,0.99223,0.99253,1.75,1.75
2016.03.24 07:41:27.893,0.99219,0.99249,2.25,1.75
2016.03.24 07:41:28.382,0.99221,0.9925,1.75,3.00
2016.03.24 07:41:28.433,0.99221,0.9925,1.75,1.75
2016.03.24 07:41:32.957,0.99219,0.99249,2.25,1.75
2016.03.24 07:41:33.413,0.9922,0.99248,1.50,1.75
2016.03.24 07:41:33.514,0.9922,0.9925,1.75,1.75
2016.03.24 07:41:36.698,0.99219,0.99246,1.75,1.75
2016.03.24 07:41:36.749,0.99219,0.99243,1.75,1.75
2016.03.24 07:41:38.230,0.99221,0.99244,1.00,1.00
2016.03.24 07:41:38.548,0.99219,0.99248,1.75,1.75
2016.03.24 07:41:39.620,0.99218,0.99246,1.75,1.75
2016.03.24 07:41:39.935,0.99217,0.9924,1.00,1.00
2016.03.24 07:41:40.953,0.99217,0.99239,1.00,1.00
2016.03.24 07:41:41.155,0.99214,0.99241,1.75,1.75
2016.03.24 07:41:41.817,0.99213,0.99239,1.75,1.00
2016.03.24 07:41:42.145,0.99218,0.9924,1.00,1.00
2016.03.24 07:41:42.246,0.99213,0.99241,1.75,1.75
2016.03.24 07:41:42.549,0.99215,0.99244,1.75,1.75
2016.03.24 07:41:43.763,0.99215,0.99244,1.75,1.75
2016.03.24 07:41:43.922,0.99222,0.99246,1.12,2.25
2016.03.24 07:41:43.973,0.99222,0.99244,1.50,1.00
2016.03.24 07:41:44.023,0.9923,0.99252,1.00,1.00
2016.03.24 07:41:44.359,0.99217,0.99247,3.00,1.12
2016.03.24 07:41:44.460,0.9922,0.99243,1.00,1.00
2016.03.24 07:41:44.510,0.99214,0.99244,1.75,1.75
2016.03.24 07:41:45.014,0.99214,0.99244,2.25,1.75
2016.03.24 07:41:45.535,0.99214,0.99244,1.75,1.75
2016.03.24 07:41:45.597,0.9922,0.9925,1.50,3.00
2016.03.24 07:41:45.648,0.99226,0.99249,1.00,1.00
2016.03.24 07:41:45.707,0.99223,0.99253,1.75,1.75
2016.03.24 07:41:45.859,0.99224,0.99253,1.75,1.75
2016.03.24 07:41:46.361,0.99225,0.99254,1.75,1.75
2016.03.24 07:41:46.954,0.99225,0.99254,1.75,1.75
2016.03.24 07:41:48.563,0.99225,0.99256,1.75,1.75
2016.03.24 07:41:51.133,0.99225,0.99254,1.75,1.75
2016.03.24 07:41:51.184,0.99225,0.99254,1.75,1.75
2016.03.24 07:41:54.998,0.99223,0.99253,1.75,1.75
2016.03.24 07:41:57.758,0.99224,0.99253,1.75,1.35
2016.03.24 07:41:57.859,0.99219,0.99247,1.75,1.75
2016.03.24 07:41:58.061,0.99218,0.99241,1.00,1.00
2016.03.24 07:41:58.264,0.99218,0.99239,1.00,1.00
2016.03.24 07:41:58.365,0.99215,0.99237,1.00,1.00
2016.03.24 07:41:58.466,0.99209,0.9924,1.75,1.75
2016.03.24 07:41:59.349,0.9921,0.9924,1.75,1.75
2016.03.24 07:41:59.651,0.9921,0.9924,2.25,1.75
2016.03.24 07:41:59.954,0.9921,0.9924,1.75,1.75
2016.03.24 07:42:00.005,0.9921,0.9924,1.75,1.75
2016.03.24 07:42:00.476,0.99209,0.99236,1.75,1.75
2016.03.24 07:42:00.678,0.99209,0.99239,1.75,1.75
2016.03.24 07:42:02.062,0.99209,0.99239,2.25,1.75
2016.03.24 07:42:02.657,0.99207,0.99237,1.75,1.75
2016.03.24 07:42:04.243,0.99208,0.99238,1.75,1.75
2016.03.24 07:42:04.294,0.99208,0.99238,3.00,1.75
2016.03.24 07:42:04.496,0.9921,0.99238,2.25,1.12
2016.03.24 07:42:04.597,0.99211,0.99239,1.75,1.75
2016.03.24 07:42:06.852,0.99213,0.99241,1.75,1.75
2016.03.24 07:42:07.419,0.99212,0.99241,1.75,1.75
2016.03.24 07:42:07.974,0.99208,0.99234,2.25,1.37
2016.03.24 07:42:08.024,0.99211,0.99233,1.00,1.00
2016.03.24 07:42:08.075,0.99204,0.99234,1.75,1.75
2016.03.24 07:42:08.232,0.99202,0.99233,1.75,3.00
2016.03.24 07:42:08.689,0.992,0.9923,1.75,2.25
2016.03.24 07:42:08.739,0.992,0.9923,1.75,2.25
2016.03.24 07:42:12.623,0.99195,0.9923,3.00,1.75
2016.03.24 07:42:19.456,0.99194,0.99226,3.00,2.10
2016.03.24 07:42:19.507,0.99194,0.99223,1.75,1.75
2016.03.24 07:42:19.558,0.9919,0.99223,2.25,4.50
2016.03.24 07:42:19.608,0.99188,0.99223,1.75,4.50
2016.03.24 07:42:19.659,0.99188,0.99217,3.00,1.00
2016.03.24 07:42:19.861,0.99192,0.99224,2.25,1.75
2016.03.24 07:42:19.911,0.99193,0.99227,1.75,1.35
2016.03.24 07:42:20.012,0.99194,0.99227,3.75,1.35
2016.03.24 07:42:20.565,0.99195,0.99223,3.00,1.00
2016.03.24 07:42:21.965,0.99194,0.99229,4.50,1.75
2016.03.24 07:42:22.015,0.992,0.99223,1.00,1.00
2016.03.24 07:42:22.944,0.992,0.99229,1.00,2.25
2016.03.24 07:42:27.473,0.99194,0.99225,1.75,1.75
2016.03.24 07:42:27.524,0.99197,0.9922,1.00,1.00
2016.03.24 07:42:27.574,0.99192,0.99221,1.50,3.00
2016.03.24 07:42:27.625,0.99189,0.99221,2.25,3.00
2016.03.24 07:42:28.551,0.99189,0.99221,1.75,1.75
2016.03.24 07:42:28.602,0.99189,0.99221,1.75,1.75
2016.03.24 07:42:31.260,0.99189,0.99218,1.75,1.75
2016.03.24 07:42:31.322,0.99191,0.99213,1.00,1.00
2016.03.24 07:42:34.963,0.99189,0.99219,1.75,1.75
2016.03.24 07:42:35.014,0.99194,0.99216,1.00,1.00
2016.03.24 07:42:37.570,0.99193,0.99221,3.75,1.75
2016.03.24 07:42:37.621,0.99196,0.99225,1.75,1.35
2016.03.24 07:42:37.672,0.99196,0.99225,1.75,1.35
2016.03.24 07:42:38.190,0.99198,0.99228,1.75,1.75
2016.03.24 07:42:38.892,0.99198,0.99228,1.75,1.75
2016.03.24 07:42:39.519,0.99198,0.99228,1.75,1.75
2016.03.24 07:42:39.620,0.99199,0.99228,1.12,3.75
2016.03.24 07:42:39.721,0.992,0.99222,1.00,1.00
2016.03.24 07:42:39.926,0.99198,0.99228,2.25,1.75
2016.03.24 07:42:40.450,0.99199,0.99232,1.75,1.75
2016.03.24 07:42:41.905,0.99199,0.99231,1.75,1.75
2016.03.24 07:42:42.417,0.99204,0.99227,1.00,1.00
2016.03.24 07:42:43.327,0.99199,0.99227,1.50,1.75
2016.03.24 07:42:43.630,0.99202,0.99224,1.00,1.00
2016.03.24 07:42:45.675,0.99202,0.9923,1.00,2.25
2016.03.24 07:42:45.726,0.99202,0.99224,1.00,1.00
2016.03.24 07:42:47.435,0.99198,0.9923,1.75,1.75
2016.03.24 07:42:47.941,0.99196,0.9923,1.75,3.00
2016.03.24 07:42:49.168,0.99196,0.9923,1.75,3.75
2016.03.24 07:42:49.219,0.99202,0.99224,1.00,1.00
2016.03.24 07:42:49.321,0.99197,0.9923,1.75,1.75
2016.03.24 07:43:01.044,0.99197,0.99232,3.75,1.75
2016.03.24 07:43:01.145,0.99205,0.99227,1.00,1.00
2016.03.24 07:43:01.893,0.99197,0.99232,3.75,1.75
2016.03.24 07:43:01.944,0.99197,0.99233,1.75,3.00
2016.03.24 07:43:06.766,0.99197,0.99234,1.75,2.10
2016.03.24 07:43:12.542,0.99204,0.99232,1.00,2.25
2016.03.24 07:43:12.863,0.99203,0.99237,1.75,1.75
2016.03.24 07:43:13.367,0.99199,0.99234,2.25,1.75
2016.03.24 07:43:13.670,0.99198,0.99233,3.00,1.75
2016.03.24 07:43:14.762,0.992,0.99235,1.75,3.75
2016.03.24 07:43:15.314,0.992,0.99235,1.75,2.25
2016.03.24 07:43:17.953,0.99209,0.99237,1.37,2.25
2016.03.24 07:43:18.004,0.99209,0.9924,1.75,1.75
2016.03.24 07:43:18.105,0.99214,0.99237,1.00,1.00
2016.03.24 07:43:18.155,0.9921,0.99243,3.75,1.75
2016.03.24 07:43:18.206,0.9921,0.99243,3.75,1.75
2016.03.24 07:43:25.669,0.99211,0.9924,1.75,1.50
2016.03.24 07:43:25.719,0.99211,0.9924,1.75,1.75
2016.03.24 07:43:27.076,0.99213,0.99243,1.50,1.75
2016.03.24 07:43:28.788,0.99214,0.99237,1.00,1.00
2016.03.24 07:43:32.193,0.9921,0.99241,1.75,1.75
2016.03.24 07:43:32.695,0.9921,0.99241,1.75,1.75
2016.03.24 07:43:33.210,0.9921,0.99241,1.75,1.75
2016.03.24 07:43:33.412,0.99214,0.99237,1.00,1.00
2016.03.24 07:43:33.801,0.99211,0.99242,1.75,1.75
2016.03.24 07:43:33.902,0.99211,0.99242,1.75,1.75
2016.03.24 07:43:36.516,0.99216,0.99238,1.00,1.00
2016.03.24 07:43:45.189,0.99211,0.99244,1.75,3.00
2016.03.24 07:43:45.290,0.99213,0.99243,1.00,2.25
2016.03.24 07:43:46.189,0.99212,0.9924,1.00,2.25
2016.03.24 07:43:48.391,0.99209,0.9924,1.75,1.75
2016.03.24 07:43:52.739,0.99211,0.99242,1.75,1.75
2016.03.24 07:43:52.840,0.99213,0.99235,1.00,1.00
2016.03.24 07:43:54.134,0.99209,0.99238,1.75,2.25
2016.03.24 07:43:54.184,0.99207,0.99236,1.75,1.75
2016.03.24 07:43:54.235,0.99209,0.99236,1.00,1.75
2016.03.24 07:43:54.965,0.99204,0.99235,1.75,1.75
2016.03.24 07:43:55.950,0.99205,0.99228,1.00,1.00
2016.03.24 07:43:56.052,0.99203,0.99233,1.75,1.75
2016.03.24 07:43:56.451,0.99201,0.99231,1.75,3.00
2016.03.24 07:44:01.460,0.99202,0.99231,1.12,3.00
2016.03.24 07:44:01.971,0.99201,0.99229,1.75,1.75
2016.03.24 07:44:04.421,0.99203,0.99231,1.37,1.75
2016.03.24 07:44:05.633,0.99202,0.99232,1.75,1.75
2016.03.24 07:44:05.734,0.99203,0.99226,1.00,1.00
2016.03.24 07:44:06.065,0.99202,0.99228,1.37,1.75
2016.03.24 07:44:06.266,0.99195,0.99224,1.37,1.35
2016.03.24 07:44:06.378,0.99193,0.99216,1.37,1.00
2016.03.24 07:44:06.429,0.99193,0.9922,1.12,1.75
2016.03.24 07:44:07.372,0.99196,0.99221,1.12,1.75
2016.03.24 07:44:07.473,0.99198,0.99225,1.00,1.75
2016.03.24 07:44:07.674,0.99196,0.99224,1.75,1.50
2016.03.24 07:44:07.775,0.99198,0.99226,1.75,1.75
2016.03.24 07:44:08.101,0.99202,0.99225,1.00,1.00
2016.03.24 07:44:08.455,0.99201,0.99229,1.75,1.75
2016.03.24 07:44:10.305,0.99205,0.99233,1.50,3.60
2016.03.24 07:44:10.476,0.99205,0.99227,1.00,1.00
2016.03.24 07:44:11.505,0.99203,0.99229,1.12,1.75
2016.03.24 07:44:13.658,0.99203,0.99226,1.00,1.00
2016.03.24 07:44:13.765,0.99205,0.99226,1.00,1.00
2016.03.24 07:44:14.043,0.99203,0.99226,1.00,1.00
2016.03.24 07:44:14.768,0.99203,0.99224,1.00,1.00
2016.03.24 07:44:15.078,0.99198,0.99227,1.75,1.75
2016.03.24 07:44:15.180,0.99199,0.99228,1.75,1.75
2016.03.24 07:44:15.281,0.992,0.99229,1.75,1.75
2016.03.24 07:44:15.382,0.99202,0.99224,1.00,1.00
2016.03.24 07:44:16.172,0.99199,0.99226,1.75,1.75
2016.03.24 07:44:16.323,0.99199,0.99226,1.75,1.75
2016.03.24 07:44:16.374,0.99199,0.99227,1.75,1.75
2016.03.24 07:44:16.425,0.99199,0.99227,1.75,1.75
2016.03.24 07:44:16.931,0.99197,0.99226,1.75,1.50
2016.03.24 07:44:17.385,0.99198,0.99226,1.75,1.75
2016.03.24 07:44:18.776,0.99202,0.99231,1.37,2.25
2016.03.24 07:44:18.827,0.99202,0.99233,1.75,1.75
2016.03.24 07:44:19.695,0.99199,0.99229,2.25,1.75
2016.03.24 07:44:20.047,0.99202,0.99231,1.75,1.75
2016.03.24 07:44:20.597,0.99208,0.9923,1.00,1.00
2016.03.24 07:44:21.000,0.99202,0.99232,1.75,1.50
2016.03.24 07:44:21.881,0.99203,0.99232,2.25,1.00
2016.03.24 07:44:22.184,0.99206,0.99233,1.75,1.00
2016.03.24 07:44:24.217,0.99209,0.99238,1.12,2.25
2016.03.24 07:44:24.419,0.99207,0.99238,1.75,1.75
2016.03.24 07:44:24.772,0.99209,0.99237,1.00,1.75
2016.03.24 07:44:27.291,0.99202,0.9923,1.75,1.37
2016.03.24 07:44:27.342,0.99202,0.9923,1.75,1.75
2016.03.24 07:44:27.443,0.99202,0.9923,1.75,1.75
2016.03.24 07:44:32.692,0.99203,0.99231,1.50,1.50
2016.03.24 07:44:32.743,0.99202,0.99232,3.00,1.50
2016.03.24 07:44:33.017,0.99206,0.99234,3.75,1.00
2016.03.24 07:44:33.522,0.99208,0.99238,1.75,1.75
2016.03.24 07:44:33.623,0.99213,0.99241,1.75,1.75
2016.03.24 07:44:36.704,0.99216,0.99243,1.00,1.35
2016.03.24 07:44:37.869,0.99217,0.99243,1.00,1.35
2016.03.24 07:44:38.420,0.99217,0.99239,1.00,1.00
2016.03.24 07:44:39.223,0.99215,0.99245,1.75,1.75
2016.03.24 07:44:40.729,0.99217,0.99245,1.75,1.75
2016.03.24 07:44:41.384,0.99217,0.99245,1.75,1.75
2016.03.24 07:44:41.435,0.99218,0.99246,1.37,1.75
2016.03.24 07:44:41.537,0.99218,0.99246,1.12,1.75
2016.03.24 07:44:41.689,0.99223,0.99246,1.00,1.75
2016.03.24 07:44:42.235,0.99223,0.99246,1.00,1.75
2016.03.24 07:44:42.858,0.99223,0.99245,1.00,1.75
2016.03.24 07:44:43.362,0.99223,0.99246,1.00,2.25
2016.03.24 07:44:44.014,0.99219,0.99246,1.00,3.00
2016.03.24 07:44:44.408,0.99219,0.99245,1.00,2.25
2016.03.24 07:44:44.732,0.99219,0.99246,1.00,3.00
2016.03.24 07:44:47.467,0.99219,0.99242,1.00,2.25
2016.03.24 07:44:47.517,0.99214,0.99234,1.50,1.00
2016.03.24 07:44:47.744,0.9921,0.99238,1.50,1.75
2016.03.24 07:44:48.048,0.99214,0.99238,1.00,1.75
2016.03.24 07:44:48.456,0.99214,0.99234,1.00,1.75
2016.03.24 07:44:48.507,0.99205,0.99234,2.25,1.75
2016.03.24 07:44:48.558,0.99204,0.99232,1.37,1.75
2016.03.24 07:44:48.659,0.99203,0.99232,1.75,3.00
2016.03.24 07:44:48.709,0.99208,0.99232,1.00,3.00
2016.03.24 07:44:48.880,0.99208,0.99235,1.12,3.00
2016.03.24 07:44:49.031,0.99214,0.99232,1.00,1.50
2016.03.24 07:44:49.233,0.99214,0.99236,1.12,1.75
2016.03.24 07:44:49.659,0.99208,0.99233,1.75,1.00
2016.03.24 07:44:49.760,0.99208,0.99236,1.75,1.75
2016.03.24 07:44:52.596,0.99213,0.99236,1.00,1.75
2016.03.24 07:44:52.647,0.99213,0.99235,1.00,1.00
2016.03.24 07:44:53.175,0.99213,0.99236,1.00,1.75
2016.03.24 07:44:53.276,0.99208,0.99236,1.75,1.75
2016.03.24 07:44:53.789,0.99208,0.99236,1.75,1.75
2016.03.24 07:44:54.668,0.99205,0.99235,1.75,1.75
2016.03.24 07:44:54.769,0.99208,0.9923,1.00,1.00
2016.03.24 07:44:57.857,0.99205,0.99233,1.75,1.75
2016.03.24 07:44:58.493,0.99205,0.99233,1.75,1.75
2016.03.24 07:45:00.200,0.99204,0.99232,2.25,1.75
2016.03.24 07:45:00.251,0.99204,0.99232,2.25,1.75
2016.03.24 07:45:00.352,0.99204,0.99232,2.25,1.75
2016.03.24 07:45:01.982,0.99205,0.99234,1.75,1.50
2016.03.24 07:45:02.366,0.99213,0.99235,1.00,1.37
2016.03.24 07:45:02.468,0.99206,0.99235,3.75,1.12
2016.03.24 07:45:03.501,0.99209,0.99237,1.75,1.75
2016.03.24 07:45:03.552,0.99209,0.99237,1.75,1.75
2016.03.24 07:45:04.866,0.99214,0.99236,1.00,1.75
2016.03.24 07:45:05.370,0.99214,0.99236,1.00,1.75
2016.03.24 07:45:06.095,0.99208,0.99234,1.75,1.75
2016.03.24 07:45:06.397,0.99205,0.99233,1.87,1.50
2016.03.24 07:45:06.499,0.99202,0.99231,1.75,1.75
2016.03.24 07:45:06.731,0.99206,0.99234,1.37,3.00
2016.03.24 07:45:06.782,0.99206,0.99234,1.75,1.75
2016.03.24 07:45:06.984,0.99204,0.99232,1.75,1.75
2016.03.24 07:45:07.287,0.99204,0.99232,1.50,1.75
2016.03.24 07:45:07.713,0.99201,0.99228,1.75,1.00
2016.03.24 07:45:07.764,0.99201,0.99231,1.75,1.75
2016.03.24 07:45:07.965,0.99201,0.9923,1.75,1.75
2016.03.24 07:45:08.066,0.99201,0.9923,1.75,1.75
2016.03.24 07:45:08.168,0.99201,0.99231,1.75,1.75
2016.03.24 07:45:08.269,0.99205,0.99228,1.00,1.00
2016.03.24 07:45:09.210,0.99201,0.99229,1.75,1.37
2016.03.24 07:45:09.513,0.992,0.99228,1.75,1.50
2016.03.24 07:45:10.036,0.992,0.9923,1.75,1.75
2016.03.24 07:45:11.267,0.992,0.9923,2.25,1.12
2016.03.24 07:45:11.318,0.992,0.9923,2.25,1.50
2016.03.24 07:45:11.521,0.99199,0.99229,2.25,1.75
2016.03.24 07:45:13.677,0.99199,0.99224,2.25,1.00
2016.03.24 07:45:14.208,0.99199,0.99225,1.75,1.75
2016.03.24 07:45:15.704,0.99198,0.99225,1.75,1.75
2016.03.24 07:45:16.006,0.9919,0.99218,3.00,1.12
2016.03.24 07:45:16.309,0.99187,0.99216,1.75,1.75
2016.03.24 07:45:16.991,0.99191,0.99214,1.00,1.00
2016.03.24 07:45:21.489,0.99186,0.99215,1.75,1.75
2016.03.24 07:45:21.992,0.99184,0.99214,3.00,1.75
2016.03.24 07:45:22.144,0.99184,0.99214,3.00,1.75
2016.03.24 07:45:23.793,0.99184,0.99216,2.25,1.75
2016.03.24 07:45:24.332,0.99184,0.99216,2.25,1.75
2016.03.24 07:45:37.244,0.99189,0.99212,1.00,1.00
2016.03.24 07:45:39.736,0.99197,0.9922,1.00,1.75
2016.03.24 07:45:39.938,0.99208,0.99231,1.00,1.00
2016.03.24 07:45:40.039,0.99204,0.99233,1.50,2.25
2016.03.24 07:45:40.341,0.99199,0.9923,1.75,1.75
2016.03.24 07:45:41.233,0.99202,0.99231,1.75,1.75
2016.03.24 07:45:41.334,0.9921,0.99232,1.00,1.00
2016.03.24 07:45:41.536,0.99209,0.99238,1.50,1.75
2016.03.24 07:45:43.378,0.99203,0.99233,1.37,3.00
2016.03.24 07:45:43.530,0.99201,0.99224,1.00,1.00
2016.03.24 07:45:44.967,0.99199,0.99228,1.50,3.00
2016.03.24 07:45:45.169,0.99201,0.99224,1.00,1.00
2016.03.24 07:45:46.160,0.99204,0.99224,1.00,1.00
2016.03.24 07:45:46.261,0.99201,0.99224,1.00,1.00
2016.03.24 07:45:46.703,0.99204,0.99224,1.00,1.00
2016.03.24 07:45:48.460,0.99204,0.99226,1.00,1.00
2016.03.24 07:45:48.678,0.99204,0.99224,1.00,1.00
2016.03.24 07:45:48.930,0.99201,0.99224,1.00,1.00
2016.03.24 07:45:49.031,0.99204,0.99227,1.12,1.75
2016.03.24 07:45:50.785,0.99202,0.99224,1.00,1.00
2016.03.24 07:45:50.937,0.99204,0.99224,1.00,1.00
2016.03.24 07:45:53.172,0.99204,0.99228,1.75,1.12
2016.03.24 07:45:53.477,0.99209,0.99236,1.75,1.75
2016.03.24 07:45:56.076,0.99203,0.99225,1.00,1.00
2016.03.24 07:45:56.177,0.99201,0.99229,1.50,1.75
2016.03.24 07:45:56.795,0.99201,0.9923,1.75,1.75
2016.03.24 07:45:57.648,0.99201,0.9923,1.50,3.00
2016.03.24 07:45:58.168,0.99197,0.99229,1.75,2.25
2016.03.24 07:45:59.656,0.99199,0.99229,1.75,1.75
2016.03.24 07:46:00.159,0.99197,0.99231,2.25,1.75
2016.03.24 07:46:03.804,0.99197,0.99232,2.25,3.00
2016.03.24 07:46:03.905,0.99197,0.99231,1.75,2.25
2016.03.24 07:46:07.586,0.99198,0.99233,3.00,1.75
2016.03.24 07:46:07.923,0.99199,0.99233,2.25,1.75
2016.03.24 07:46:08.490,0.99196,0.99232,2.25,1.75
2016.03.24 07:46:09.014,0.99202,0.99225,1.00,1.00
2016.03.24 07:46:10.703,0.99203,0.99226,1.00,1.00
2016.03.24 07:46:10.805,0.99196,0.99232,2.25,1.75
2016.03.24 07:46:11.354,0.99195,0.99232,4.50,3.00
2016.03.24 07:46:11.825,0.99197,0.99232,2.25,1.75
2016.03.24 07:46:12.405,0.99196,0.99231,3.00,1.75
2016.03.24 07:46:12.734,0.99203,0.99225,1.00,1.00
2016.03.24 07:46:25.027,0.992,0.99234,2.25,1.75
2016.03.24 07:46:25.537,0.99204,0.99234,1.50,1.75
2016.03.24 07:46:34.631,0.99204,0.99232,1.37,1.75
2016.03.24 07:46:34.682,0.99204,0.99231,1.12,1.75
2016.03.24 07:46:35.297,0.99201,0.99224,1.00,1.00
2016.03.24 07:46:35.928,0.99199,0.99227,1.75,1.75
2016.03.24 07:46:35.979,0.99204,0.99226,1.00,1.00
2016.03.24 07:46:36.483,0.992,0.99231,1.75,1.75
2016.03.24 07:46:37.029,0.99204,0.99229,1.00,1.75
2016.03.24 07:46:37.080,0.99204,0.99227,1.00,1.00
2016.03.24 07:46:37.131,0.99203,0.99231,1.50,1.75
2016.03.24 07:46:37.282,0.99202,0.99224,1.00,1.00
2016.03.24 07:46:37.795,0.99203,0.99225,1.00,1.00
2016.03.24 07:46:37.897,0.99198,0.99227,2.25,1.50
2016.03.24 07:46:38.072,0.992,0.99228,1.75,1.75
2016.03.24 07:46:42.009,0.992,0.99228,1.75,1.50
2016.03.24 07:46:45.254,0.99209,0.9923,1.00,1.75
2016.03.24 07:46:45.406,0.99203,0.9923,1.50,1.75
2016.03.24 07:46:48.066,0.99204,0.99226,1.37,2.10
2016.03.24 07:46:48.610,0.99204,0.99225,1.00,1.00
2016.03.24 07:46:54.097,0.99203,0.99225,1.00,1.00
2016.03.24 07:47:11.719,0.99203,0.99224,1.00,1.00
2016.03.24 07:47:12.259,0.99203,0.99225,1.00,1.50
2016.03.24 07:47:12.840,0.99199,0.99225,1.75,1.12
2016.03.24 07:47:25.425,0.99204,0.99232,1.50,3.00
2016.03.24 07:47:25.489,0.99205,0.99233,1.75,2.25
2016.03.24 07:47:25.642,0.99205,0.99233,1.75,1.75
2016.03.24 07:47:25.692,0.99207,0.99235,1.75,1.75
2016.03.24 07:47:26.483,0.99208,0.99236,1.00,1.75
2016.03.24 07:47:26.584,0.99208,0.99231,1.50,1.00
2016.03.24 07:47:26.685,0.99208,0.99238,1.75,1.75
2016.03.24 07:47:26.988,0.99212,0.99235,1.00,1.00
2016.03.24 07:47:27.615,0.99206,0.99235,1.75,1.50
2016.03.24 07:47:27.667,0.99206,0.99235,1.75,1.75
2016.03.24 07:47:27.969,0.99199,0.99227,1.50,1.75
2016.03.24 07:47:28.702,0.992,0.99223,1.00,1.00
2016.03.24 07:47:41.964,0.99197,0.99227,1.75,1.75
2016.03.24 07:47:42.166,0.99204,0.99227,1.00,1.75
2016.03.24 07:47:45.166,0.99204,0.99229,1.00,1.75
2016.03.24 07:47:45.601,0.99204,0.9923,1.00,1.75
2016.03.24 07:47:46.106,0.99204,0.99229,1.00,1.75
2016.03.24 07:47:46.458,0.99209,0.9923,1.00,1.75
2016.03.24 07:47:46.640,0.99208,0.99236,1.75,1.75
2016.03.24 07:47:47.876,0.99204,0.99232,1.75,1.75
2016.03.24 07:47:47.927,0.99204,0.99232,1.50,1.75
2016.03.24 07:47:48.234,0.99203,0.99233,1.75,1.75
2016.03.24 07:47:48.738,0.99207,0.9923,1.00,1.00
2016.03.24 07:47:49.095,0.99205,0.99228,1.75,1.00
2016.03.24 07:47:49.632,0.99205,0.99233,1.75,1.75
2016.03.24 07:47:50.669,0.99204,0.99234,1.75,1.75
2016.03.24 07:47:50.720,0.99207,0.9923,1.00,1.00
2016.03.24 07:47:51.150,0.99203,0.99233,1.75,1.75
2016.03.24 07:47:53.443,0.99204,0.99236,1.75,1.75
2016.03.24 07:47:54.226,0.99205,0.99226,1.00,1.00
2016.03.24 07:47:54.528,0.99203,0.99232,1.37,5.25
2016.03.24 07:47:56.647,0.99202,0.99225,1.00,1.00
2016.03.24 07:47:57.638,0.99199,0.99228,1.37,1.75
2016.03.24 07:47:58.031,0.99199,0.99219,1.00,1.00
2016.03.24 07:47:58.232,0.99199,0.99221,1.00,1.00
2016.03.24 07:47:58.736,0.99197,0.99228,1.75,2.25
2016.03.24 07:47:59.068,0.99198,0.99221,1.00,1.00
2016.03.24 07:47:59.604,0.99199,0.99221,1.00,1.00
2016.03.24 07:48:00.485,0.99195,0.99223,1.00,3.00
2016.03.24 07:48:00.586,0.9919,0.99218,1.37,1.75
2016.03.24 07:48:01.064,0.99191,0.99219,1.75,2.25
2016.03.24 07:48:02.667,0.99191,0.99221,1.75,1.75
2016.03.24 07:48:02.768,0.99193,0.99223,1.75,1.75
2016.03.24 07:48:02.971,0.99192,0.99224,3.00,1.75
2016.03.24 07:48:03.852,0.99194,0.99224,1.75,1.75
2016.03.24 07:48:03.903,0.99194,0.99224,1.75,1.75
2016.03.24 07:48:08.063,0.99196,0.99225,1.37,1.75
2016.03.24 07:48:08.164,0.99196,0.99226,1.37,1.75
2016.03.24 07:48:08.215,0.99196,0.99226,1.75,1.75
2016.03.24 07:48:08.366,0.99195,0.99228,1.75,2.25
2016.03.24 07:48:08.805,0.99197,0.9923,1.75,3.00
2016.03.24 07:48:10.297,0.99198,0.99228,1.75,1.75
2016.03.24 07:48:10.600,0.99194,0.99225,1.75,1.75
2016.03.24 07:48:10.650,0.99194,0.99224,1.50,1.75
2016.03.24 07:48:10.902,0.99194,0.99221,1.12,1.75
2016.03.24 07:48:11.225,0.99185,0.99219,1.75,1.75
2016.03.24 07:48:11.327,0.99185,0.99219,1.75,3.00
2016.03.24 07:48:18.206,0.9919,0.99219,1.00,3.00
2016.03.24 07:48:19.013,0.99189,0.99219,1.12,3.00
2016.03.24 07:48:19.114,0.99189,0.99217,1.12,2.25
2016.03.24 07:48:23.384,0.9919,0.99217,1.00,2.25
2016.03.24 07:48:24.504,0.99189,0.99217,1.87,2.25
2016.03.24 07:48:25.593,0.99194,0.99217,1.00,2.25
2016.03.24 07:48:26.345,0.99194,0.99218,1.00,2.25
2016.03.24 07:48:26.396,0.99194,0.99212,1.00,1.00
2016.03.24 07:48:27.155,0.99189,0.99217,1.75,1.75
2016.03.24 07:48:27.509,0.99194,0.99218,1.00,1.75
2016.03.24 07:48:27.889,0.99194,0.99218,1.12,1.75
2016.03.24 07:48:32.575,0.99194,0.99213,1.00,1.00
2016.03.24 07:48:33.077,0.99194,0.99219,1.00,1.75
2016.03.24 07:48:34.656,0.99194,0.99213,1.00,1.00
2016.03.24 07:48:39.270,0.99194,0.99219,1.00,1.75
2016.03.24 07:48:39.843,0.99194,0.99221,1.00,4.35
2016.03.24 07:48:40.685,0.99194,0.99221,1.00,4.35
2016.03.24 07:48:41.210,0.99194,0.99219,1.00,3.00
2016.03.24 07:48:41.862,0.99194,0.99212,1.00,1.00
2016.03.24 07:48:52.470,0.99189,0.99219,2.25,1.75
2016.03.24 07:48:52.718,0.99196,0.99221,1.37,2.25
2016.03.24 07:48:52.769,0.99198,0.99226,1.37,1.75
2016.03.24 07:48:52.820,0.99198,0.99226,1.75,1.75
2016.03.24 07:48:57.843,0.99198,0.99229,1.75,3.37
2016.03.24 07:48:58.345,0.99198,0.99219,1.00,1.00
2016.03.24 07:48:58.848,0.99197,0.99219,1.50,1.00
2016.03.24 07:48:58.949,0.99197,0.99223,1.00,1.75
2016.03.24 07:48:59.000,0.99195,0.99223,1.12,1.75
2016.03.24 07:48:59.051,0.99195,0.99222,1.00,2.25
2016.03.24 07:48:59.488,0.99195,0.99217,1.00,1.00
2016.03.24 07:48:59.540,0.99194,0.99222,1.00,3.75
2016.03.24 07:48:59.641,0.99194,0.99223,1.75,1.75
2016.03.24 07:49:00.317,0.99194,0.99221,1.00,2.25
2016.03.24 07:49:00.859,0.99191,0.99221,1.50,2.25
2016.03.24 07:49:06.353,0.99194,0.99217,1.00,1.50
2016.03.24 07:49:07.752,0.9919,0.9922,1.75,1.75
2016.03.24 07:49:07.854,0.99196,0.99219,1.00,1.00
2016.03.24 07:49:08.247,0.9919,0.9922,1.75,1.75
2016.03.24 07:49:08.349,0.99196,0.99219,1.00,1.00
2016.03.24 07:49:08.450,0.99194,0.99222,2.25,1.12
2016.03.24 07:49:14.210,0.99197,0.99225,1.75,1.50
2016.03.24 07:49:16.482,0.99197,0.99227,1.75,1.75
2016.03.24 07:49:18.433,0.99204,0.99227,1.00,1.75
2016.03.24 07:49:19.387,0.99204,0.99228,1.00,1.75
2016.03.24 07:49:27.115,0.99203,0.99227,1.00,1.75
2016.03.24 07:49:27.216,0.99204,0.9923,1.37,1.75
2016.03.24 07:49:27.317,0.99205,0.99228,1.00,1.00
2016.03.24 07:49:28.671,0.99204,0.99233,1.75,1.75
2016.03.24 07:49:28.823,0.9921,0.99233,1.00,1.00
2016.03.24 07:49:29.705,0.9921,0.99237,1.00,1.75
2016.03.24 07:49:29.806,0.99209,0.99237,1.75,1.75
2016.03.24 07:49:30.009,0.9921,0.99238,1.00,3.00
2016.03.24 07:49:30.537,0.99209,0.99237,1.50,1.75
2016.03.24 07:49:31.698,0.99204,0.99231,1.75,1.37
2016.03.24 07:49:31.901,0.99201,0.99229,1.50,1.75
2016.03.24 07:49:32.002,0.99201,0.99229,1.12,1.75
2016.03.24 07:49:32.397,0.99201,0.99229,1.37,1.75
2016.03.24 07:49:32.498,0.99201,0.99226,1.75,1.00
2016.03.24 07:49:33.008,0.99204,0.99232,1.50,1.75
2016.03.24 07:49:33.110,0.99204,0.9923,1.75,1.00
2016.03.24 07:49:33.513,0.99208,0.99234,1.00,1.75
2016.03.24 07:49:33.615,0.99207,0.9923,1.12,1.00
2016.03.24 07:49:33.716,0.99204,0.99232,1.75,1.75
2016.03.24 07:49:33.817,0.99204,0.9923,1.75,1.00
2016.03.24 07:49:34.446,0.99204,0.99232,1.75,1.75
2016.03.24 07:49:35.574,0.99202,0.9923,2.25,1.00
2016.03.24 07:49:35.776,0.99201,0.99233,2.25,1.75
2016.03.24 07:49:38.216,0.99202,0.99234,3.00,1.75
2016.03.24 07:49:38.518,0.99198,0.99231,1.75,1.75
2016.03.24 07:49:40.461,0.99202,0.99231,1.00,2.25
2016.03.24 07:49:40.965,0.99198,0.9923,1.75,1.75
2016.03.24 07:49:42.128,0.99198,0.99224,1.75,1.00
2016.03.24 07:49:52.647,0.99196,0.99225,1.75,1.00
2016.03.24 07:49:54.192,0.99201,0.99224,1.50,1.00
2016.03.24 07:49:54.293,0.99206,0.99228,1.00,1.00
2016.03.24 07:49:54.625,0.99193,0.9923,3.75,2.25
2016.03.24 07:49:56.308,0.99195,0.9923,3.00,1.75
2016.03.24 07:49:57.866,0.99197,0.99231,2.25,2.25
2016.03.24 07:49:58.367,0.99198,0.99229,1.75,1.75
2016.03.24 07:50:00.311,0.99196,0.99226,1.75,1.75
2016.03.24 07:50:00.362,0.992,0.99223,1.00,1.50
2016.03.24 07:50:00.413,0.99191,0.99222,1.75,1.75
2016.03.24 07:50:01.118,0.99189,0.99218,1.75,1.75
2016.03.24 07:50:01.650,0.99187,0.99217,1.75,1.75
2016.03.24 07:50:02.183,0.99193,0.99215,1.00,1.00
2016.03.24 07:50:02.485,0.99193,0.99218,1.00,1.75
2016.03.24 07:50:02.636,0.99193,0.99216,1.00,1.00
2016.03.24 07:50:03.044,0.99188,0.99217,1.75,1.75
2016.03.24 07:50:03.297,0.99187,0.99216,1.75,1.50
2016.03.24 07:50:06.911,0.99186,0.99217,1.75,1.75
2016.03.24 07:50:07.063,0.99193,0.99216,1.00,1.00
2016.03.24 07:50:07.113,0.99189,0.99218,1.75,1.75
2016.03.24 07:50:07.315,0.99184,0.99218,1.75,1.75
2016.03.24 07:50:08.503,0.99184,0.99217,3.00,1.75
2016.03.24 07:50:09.055,0.99184,0.99216,3.00,1.75
2016.03.24 07:50:13.820,0.99186,0.99218,1.35,3.00
2016.03.24 07:50:13.972,0.99194,0.99224,1.75,1.75
2016.03.24 07:50:14.274,0.99199,0.99222,1.00,1.00
2016.03.24 07:50:16.330,0.99193,0.99226,1.75,3.00
2016.03.24 07:50:16.865,0.9919,0.99222,3.00,1.75
2016.03.24 07:50:21.586,0.9919,0.99212,1.00,1.00
2016.03.24 07:50:21.637,0.99188,0.99216,1.75,1.75
2016.03.24 07:50:22.146,0.99183,0.99211,1.75,1.37
2016.03.24 07:50:22.752,0.99184,0.99212,1.75,1.75
2016.03.24 07:50:35.899,0.99183,0.99211,1.75,1.75
2016.03.24 07:50:36.000,0.9918,0.99203,1.00,1.00
2016.03.24 07:50:36.102,0.99175,0.99203,1.50,1.75
2016.03.24 07:50:36.446,0.9916,0.99188,1.75,1.75
2016.03.24 07:50:36.597,0.9916,0.99188,1.00,1.00
2016.03.24 07:50:36.849,0.99162,0.9919,1.00,1.00
2016.03.24 07:50:36.900,0.99162,0.99192,1.00,1.12
2016.03.24 07:50:37.450,0.99164,0.99192,1.00,1.12
2016.03.24 07:50:37.652,0.99164,0.99194,1.00,1.12
2016.03.24 07:50:37.703,0.99164,0.99194,1.75,1.00
2016.03.24 07:50:38.207,0.99167,0.99195,1.00,1.00
2016.03.24 07:50:38.816,0.99166,0.99194,1.12,1.00
2016.03.24 07:50:40.528,0.99167,0.99195,1.00,1.00
2016.03.24 07:50:41.757,0.99168,0.99196,1.00,1.12
2016.03.24 07:50:42.428,0.99169,0.99197,1.00,1.37
2016.03.24 07:50:43.155,0.9917,0.99198,1.00,1.50
2016.03.24 07:50:43.433,0.99171,0.992,1.00,1.35
2016.03.24 07:50:46.033,0.9917,0.992,1.00,1.50
2016.03.24 07:50:46.565,0.99169,0.99199,1.00,1.00
2016.03.24 07:50:47.104,0.99168,0.99198,1.00,1.00
2016.03.24 07:50:50.973,0.99168,0.99198,1.00,1.37
2016.03.24 07:50:51.074,0.9917,0.99198,1.00,1.50
2016.03.24 07:50:54.435,0.9917,0.99198,1.00,1.12
2016.03.24 07:50:55.233,0.99171,0.99199,1.00,1.00
2016.03.24 07:50:55.764,0.99172,0.992,1.00,1.00
2016.03.24 07:50:56.067,0.99174,0.99202,1.00,2.47
2016.03.24 07:50:56.855,0.99176,0.99204,1.00,1.97
2016.03.24 07:50:57.371,0.99175,0.99203,1.00,1.72
2016.03.24 07:50:58.172,0.99175,0.99202,1.00,1.72
2016.03.24 07:50:59.322,0.99175,0.99196,1.00,2.10
2016.03.24 07:50:59.373,0.99171,0.99196,1.00,2.10
2016.03.24 07:50:59.474,0.99165,0.99193,2.25,1.60
2016.03.24 07:50:59.525,0.99165,0.99193,1.12,1.00
2016.03.24 07:50:59.677,0.99163,0.99193,1.00,1.37
2016.03.24 07:50:59.886,0.99163,0.99193,1.00,1.37
2016.03.24 07:51:00.290,0.99162,0.99191,1.00,1.00
2016.03.24 07:51:00.593,0.99163,0.99192,1.37,1.12
2016.03.24 07:51:00.643,0.99166,0.99196,1.00,1.37
2016.03.24 07:51:00.744,0.99169,0.99196,1.00,1.00
2016.03.24 07:51:01.145,0.99169,0.99199,1.75,2.10
2016.03.24 07:51:02.993,0.99169,0.99197,1.50,1.50
2016.03.24 07:51:03.043,0.9917,0.99198,1.00,2.25
2016.03.24 07:51:03.094,0.9917,0.99193,1.37,1.00
2016.03.24 07:51:03.246,0.99176,0.99198,1.00,1.00
2016.03.24 07:51:03.447,0.99179,0.99204,1.00,2.25
2016.03.24 07:51:03.548,0.99179,0.99205,1.00,1.75
2016.03.24 07:51:05.700,0.99177,0.99205,1.75,1.75
2016.03.24 07:51:06.204,0.99177,0.99205,1.75,1.75
2016.03.24 07:51:08.209,0.99179,0.99205,1.00,1.75
2016.03.24 07:51:15.904,0.99175,0.99201,1.75,1.00
2016.03.24 07:51:16.005,0.99177,0.99206,1.75,1.75
2016.03.24 07:51:16.055,0.99182,0.99205,1.00,1.00
2016.03.24 07:51:16.106,0.99182,0.99207,1.00,1.75
2016.03.24 07:51:16.258,0.99178,0.992,1.00,1.00
2016.03.24 07:51:21.600,0.99179,0.992,1.00,1.00
2016.03.24 07:51:21.913,0.99173,0.99198,1.75,1.37
2016.03.24 07:51:21.963,0.99174,0.99196,1.00,1.00
2016.03.24 07:51:22.014,0.99169,0.99196,1.50,1.50
2016.03.24 07:51:22.065,0.99169,0.99196,1.12,1.75
2016.03.24 07:51:22.904,0.99164,0.99194,1.75,1.75
2016.03.24 07:51:23.106,0.99164,0.99194,1.75,1.75
2016.03.24 07:51:23.733,0.99164,0.99194,1.75,1.75
2016.03.24 07:51:32.694,0.99167,0.99189,1.00,1.00
2016.03.24 07:51:35.352,0.99169,0.99189,1.00,1.00
2016.03.24 07:51:37.527,0.99169,0.9919,1.00,1.75
2016.03.24 07:51:37.810,0.99163,0.9919,1.50,1.75
2016.03.24 07:51:41.723,0.99166,0.99194,1.00,3.75
2016.03.24 07:51:41.874,0.99166,0.99188,1.37,1.00
2016.03.24 07:51:42.526,0.99169,0.99192,1.00,1.75
2016.03.24 07:51:42.728,0.99171,0.99199,1.50,1.35
2016.03.24 07:51:42.779,0.99171,0.99199,1.50,1.35
2016.03.24 07:51:43.953,0.99171,0.99199,1.37,1.75
2016.03.24 07:51:44.004,0.99171,0.99199,1.75,1.75
2016.03.24 07:51:45.540,0.99176,0.99204,1.00,3.75
2016.03.24 07:51:45.590,0.99176,0.99204,1.37,1.75
2016.03.24 07:51:46.121,0.99176,0.99204,1.50,1.75
2016.03.24 07:51:49.350,0.99174,0.99204,1.75,1.75
2016.03.24 07:51:49.871,0.99172,0.99203,1.75,1.75
2016.03.24 07:52:00.261,0.99169,0.99205,1.75,1.75
2016.03.24 07:52:00.415,0.99173,0.99206,1.75,2.10
2016.03.24 07:52:00.465,0.99179,0.99202,1.00,1.00
2016.03.24 07:52:04.101,0.99173,0.99208,1.75,3.37
2016.03.24 07:52:04.605,0.99171,0.99207,2.25,2.25
2016.03.24 07:52:05.518,0.99174,0.99207,2.25,2.25
2016.03.24 07:52:05.569,0.99174,0.99207,2.25,1.75
2016.03.24 07:52:05.620,0.99177,0.99209,2.25,1.75
2016.03.24 07:52:06.074,0.99174,0.99209,2.25,1.75
2016.03.24 07:52:06.326,0.99175,0.9921,1.75,2.25
2016.03.24 07:52:06.868,0.99175,0.99206,1.75,1.75
2016.03.24 07:52:06.969,0.99176,0.9921,1.75,1.75
2016.03.24 07:52:07.020,0.99176,0.99207,3.00,1.00
2016.03.24 07:52:07.998,0.99184,0.99211,1.00,2.25
2016.03.24 07:52:08.300,0.99194,0.99213,1.00,1.37
2016.03.24 07:52:08.351,0.99206,0.9922,3.75,1.00
2016.03.24 07:52:08.452,0.99203,0.99228,3.00,1.87
2016.03.24 07:52:08.503,0.99203,0.99234,1.75,1.75
2016.03.24 07:52:08.705,0.99203,0.99232,1.75,1.50
2016.03.24 07:52:08.755,0.99202,0.99232,1.75,1.75
2016.03.24 07:52:08.856,0.99202,0.99236,1.75,2.25
2016.03.24 07:52:09.009,0.99203,0.99236,1.75,1.75
2016.03.24 07:52:09.060,0.99203,0.99236,1.75,1.75
2016.03.24 07:52:09.816,0.99203,0.99232,2.25,1.00
2016.03.24 07:52:09.917,0.99203,0.99236,2.25,2.25
2016.03.24 07:52:10.393,0.99206,0.99229,1.00,1.00
2016.03.24 07:52:10.746,0.99202,0.99234,1.75,1.75
2016.03.24 07:52:10.847,0.99206,0.99229,1.00,1.00
2016.03.24 07:52:11.403,0.99204,0.99234,1.75,1.75
2016.03.24 07:52:11.454,0.99209,0.99231,1.00,1.00
2016.03.24 07:52:11.613,0.99209,0.99236,1.37,1.37
2016.03.24 07:52:11.664,0.9921,0.99241,1.75,1.37
2016.03.24 07:52:11.765,0.99211,0.99241,1.37,1.75
2016.03.24 07:52:11.866,0.99211,0.99241,1.37,1.37
2016.03.24 07:52:12.684,0.99211,0.99244,1.37,1.75
2016.03.24 07:52:12.873,0.99215,0.99243,1.00,1.75
2016.03.24 07:52:12.975,0.99211,0.99243,1.37,2.25
2016.03.24 07:52:13.278,0.9921,0.99241,1.37,2.25
2016.03.24 07:52:13.379,0.99209,0.9924,1.37,1.75
2016.03.24 07:52:13.866,0.99209,0.99238,1.75,1.75
2016.03.24 07:52:14.609,0.99209,0.99238,1.75,1.75
2016.03.24 07:52:15.211,0.9921,0.99233,1.00,1.00
2016.03.24 07:52:15.890,0.99209,0.99237,1.00,1.37
2016.03.24 07:52:15.991,0.99209,0.99239,1.00,1.12
2016.03.24 07:52:16.042,0.99209,0.99239,1.00,1.37
2016.03.24 07:52:16.670,0.99208,0.99237,1.12,1.00
2016.03.24 07:52:16.973,0.99215,0.99243,1.00,1.00
2016.03.24 07:52:17.275,0.99223,0.99252,1.12,1.67
2016.03.24 07:52:17.682,0.99225,0.99252,1.00,1.00
2016.03.24 07:52:17.985,0.99221,0.99253,2.25,1.05
2016.03.24 07:52:18.388,0.99219,0.99249,1.37,1.00
2016.03.24 07:52:18.920,0.9922,0.99248,1.00,1.00
2016.03.24 07:52:19.223,0.9922,0.99248,1.37,1.00
2016.03.24 07:52:19.727,0.99221,0.99249,1.50,1.00
2016.03.24 07:52:19.878,0.99221,0.99251,1.50,1.12
2016.03.24 07:52:20.849,0.99221,0.99249,1.50,1.00
2016.03.24 07:52:21.150,0.99221,0.99251,1.50,1.12
2016.03.24 07:52:21.452,0.99218,0.99246,1.75,1.00
2016.03.24 07:52:21.553,0.99218,0.99246,1.12,1.12
2016.03.24 07:52:21.704,0.99215,0.99245,1.00,1.00
2016.03.24 07:52:21.754,0.9922,0.99248,1.00,1.75
2016.03.24 07:52:21.906,0.99222,0.99252,1.75,1.00
2016.03.24 07:52:22.360,0.99222,0.9925,1.37,1.00
2016.03.24 07:52:22.411,0.99222,0.9925,1.00,1.00
2016.03.24 07:52:22.461,0.99221,0.99247,1.00,1.00
2016.03.24 07:52:22.563,0.99219,0.99247,1.12,1.00
2016.03.24 07:52:22.664,0.99219,0.99248,1.37,1.12
2016.03.24 07:52:23.183,0.99221,0.99249,1.12,1.00
2016.03.24 07:52:23.486,0.99213,0.99243,1.75,1.00
2016.03.24 07:52:23.688,0.99216,0.99245,1.37,1.00
2016.03.24 07:52:23.988,0.99214,0.99245,1.75,1.00
2016.03.24 07:52:24.089,0.99217,0.99245,1.00,1.00
2016.03.24 07:52:24.140,0.99216,0.99245,1.75,1.00
2016.03.24 07:52:24.393,0.99217,0.99245,1.00,1.00
2016.03.24 07:52:24.444,0.99216,0.99245,1.75,1.00
2016.03.24 07:52:24.595,0.99217,0.99246,1.12,1.00
2016.03.24 07:52:25.099,0.99217,0.99246,2.25,1.00
2016.03.24 07:52:25.467,0.99222,0.99246,1.00,1.00
2016.03.24 07:52:25.526,0.99223,0.99253,1.00,1.50
2016.03.24 07:52:25.577,0.99223,0.99248,1.50,1.00
2016.03.24 07:52:25.678,0.99217,0.99248,3.37,1.00
2016.03.24 07:52:25.729,0.99223,0.99248,1.00,1.00
2016.03.24 07:52:25.981,0.9922,0.99249,1.00,1.00
2016.03.24 07:52:26.517,0.99217,0.99249,1.75,1.00
2016.03.24 07:52:27.021,0.99216,0.99248,3.00,1.00
2016.03.24 07:52:27.273,0.99218,0.9925,1.50,1.12
2016.03.24 07:52:27.759,0.99218,0.9925,4.35,1.00
2016.03.24 07:52:27.810,0.99222,0.99253,1.35,1.00
2016.03.24 07:52:27.861,0.99222,0.99254,1.72,1.50
2016.03.24 07:52:28.210,0.99222,0.99251,1.35,1.00
2016.03.24 07:52:28.412,0.9922,0.99251,1.75,1.00
2016.03.24 07:52:28.513,0.9922,0.99251,1.50,1.00
2016.03.24 07:52:28.564,0.9922,0.99251,1.12,1.37
2016.03.24 07:52:28.996,0.99222,0.99253,1.75,1.75
2016.03.24 07:52:29.400,0.99231,0.99254,1.00,1.50
2016.03.24 07:52:29.501,0.99225,0.99254,1.75,1.75
2016.03.24 07:52:30.082,0.99225,0.99254,1.75,1.75
2016.03.24 07:52:30.133,0.99221,0.99252,2.25,1.75
2016.03.24 07:52:30.335,0.99219,0.99249,1.75,1.75
2016.03.24 07:52:30.588,0.9922,0.99248,2.25,1.00
2016.03.24 07:52:31.779,0.9922,0.99252,1.75,1.75
2016.03.24 07:52:31.880,0.99224,0.99251,1.00,1.75
2016.03.24 07:52:34.103,0.9922,0.99249,1.75,1.12
2016.03.24 07:52:34.204,0.99225,0.99248,1.00,1.00
2016.03.24 07:52:34.305,0.99217,0.99248,1.75,1.75
2016.03.24 07:52:35.128,0.99227,0.99249,1.00,1.00
2016.03.24 07:52:35.430,0.99228,0.99251,1.00,1.00
2016.03.24 07:52:35.481,0.99224,0.99254,1.75,1.75
2016.03.24 07:52:36.087,0.99229,0.99253,1.50,1.50
2016.03.24 07:52:38.902,0.99229,0.99255,1.50,1.75
2016.03.24 07:52:39.424,0.99229,0.99253,1.75,1.50
2016.03.24 07:52:41.391,0.99229,0.99255,1.75,1.50
2016.03.24 07:52:41.441,0.99233,0.99255,1.00,1.50
2016.03.24 07:52:41.492,0.99229,0.99255,1.75,1.50
2016.03.24 07:52:41.593,0.9923,0.99255,1.00,1.50
2016.03.24 07:52:41.694,0.99229,0.99253,1.50,1.50
2016.03.24 07:52:42.198,0.99229,0.99253,1.75,1.12
2016.03.24 07:52:42.735,0.99225,0.99251,1.75,1.12
2016.03.24 07:52:42.837,0.99223,0.99249,1.35,1.12
2016.03.24 07:52:43.879,0.99222,0.99252,1.75,1.75
2016.03.24 07:52:46.702,0.99221,0.99249,2.25,1.50
2016.03.24 07:52:47.214,0.9922,0.99247,1.35,1.75
2016.03.24 07:52:47.365,0.99219,0.99245,1.75,1.12
2016.03.24 07:52:47.905,0.99216,0.99244,1.75,1.00
2016.03.24 07:52:48.419,0.99218,0.99248,1.75,1.75
2016.03.24 07:52:49.048,0.99217,0.99245,3.00,1.12
2016.03.24 07:52:50.416,0.99219,0.99246,2.25,1.12
2016.03.24 07:52:50.719,0.99222,0.99248,1.75,1.00
2016.03.24 07:52:51.022,0.99219,0.99247,3.00,1.12
2016.03.24 07:52:51.173,0.99223,0.99246,1.00,1.00
2016.03.24 07:52:51.224,0.99218,0.99246,1.75,1.50
2016.03.24 07:52:51.491,0.99223,0.99246,1.00,1.00
2016.03.24 07:52:54.661,0.99217,0.99247,1.75,1.75
2016.03.24 07:52:55.147,0.99217,0.99245,1.75,1.00
2016.03.24 07:52:55.450,0.99217,0.99246,1.75,1.75
2016.03.24 07:52:55.557,0.99217,0.99249,3.00,1.75
2016.03.24 07:52:55.759,0.99225,0.99248,1.00,1.00
2016.03.24 07:52:56.468,0.99215,0.99248,2.25,1.75
2016.03.24 07:52:56.770,0.9921,0.99241,4.50,1.50
2016.03.24 07:52:57.178,0.9922,0.99242,1.00,1.00
2016.03.24 07:52:57.481,0.99218,0.99249,1.75,1.75
2016.03.24 07:53:01.275,0.99221,0.99244,1.00,1.00
2016.03.24 07:53:01.476,0.99218,0.9925,1.75,1.75
2016.03.24 07:53:04.486,0.99219,0.99248,2.10,1.75
2016.03.24 07:53:04.588,0.99218,0.99241,1.00,1.00
2016.03.24 07:53:04.790,0.99216,0.99238,1.00,1.00
2016.03.24 07:53:05.122,0.99214,0.99241,1.37,1.75
2016.03.24 07:53:05.273,0.99214,0.99242,1.37,1.75
2016.03.24 07:53:05.374,0.99218,0.99245,1.37,2.25
2016.03.24 07:53:05.425,0.99218,0.99248,1.75,3.75
2016.03.24 07:53:05.476,0.99216,0.99245,2.25,1.75
2016.03.24 07:53:05.527,0.99216,0.99245,2.25,1.50
2016.03.24 07:53:05.578,0.99215,0.99245,1.75,1.50
2016.03.24 07:53:05.629,0.99215,0.99245,1.75,1.75
2016.03.24 07:53:05.680,0.99216,0.99246,1.75,1.75
2016.03.24 07:53:05.883,0.99222,0.99244,1.00,1.00
2016.03.24 07:53:08.605,0.99216,0.99248,1.75,1.75
2016.03.24 07:53:10.897,0.99218,0.99248,1.75,1.75
2016.03.24 07:53:11.099,0.99217,0.99248,1.75,1.75
2016.03.24 07:53:11.515,0.99218,0.99248,1.75,1.75
2016.03.24 07:53:17.406,0.99219,0.99247,1.75,1.75
2016.03.24 07:53:19.914,0.9922,0.99248,1.75,1.75
2016.03.24 07:53:20.015,0.99224,0.99246,1.00,1.00
2016.03.24 07:53:20.322,0.99218,0.99246,1.75,1.75
2016.03.24 07:53:20.674,0.99216,0.99246,1.75,1.75
2016.03.24 07:53:21.514,0.9922,0.99244,1.00,1.37
2016.03.24 07:53:21.615,0.99215,0.99245,1.75,1.75
2016.03.24 07:53:22.041,0.99216,0.99245,1.75,1.50
2016.03.24 07:53:22.719,0.99221,0.99244,1.00,1.50
2016.03.24 07:53:22.770,0.99216,0.99247,2.25,1.50
2016.03.24 07:53:23.072,0.99217,0.99247,3.00,1.50
2016.03.24 07:53:23.224,0.99217,0.99247,1.75,1.12
2016.03.24 07:53:23.874,0.99217,0.99246,1.75,1.00
2016.03.24 07:53:24.508,0.99217,0.99246,3.00,1.37
2016.03.24 07:53:24.726,0.99215,0.99245,2.25,1.50
2016.03.24 07:53:27.943,0.99215,0.99247,3.00,1.75
2016.03.24 07:53:28.445,0.99223,0.99245,1.00,1.00
2016.03.24 07:53:29.677,0.99216,0.99249,1.75,1.75
2016.03.24 07:53:29.728,0.99216,0.99249,1.75,1.75
2016.03.24 07:53:30.454,0.99216,0.99249,1.75,1.75
2016.03.24 07:53:30.996,0.99216,0.99249,1.75,1.75
2016.03.24 07:53:32.645,0.99215,0.9925,4.50,1.75
2016.03.24 07:53:32.746,0.99216,0.99249,2.25,1.75
2016.03.24 07:53:34.440,0.99215,0.99251,4.50,1.75
2016.03.24 07:53:35.097,0.99215,0.9925,3.00,1.75
2016.03.24 07:53:37.660,0.99217,0.99249,2.25,1.75
2016.03.24 07:53:41.264,0.99217,0.99246,3.00,1.00
2016.03.24 07:53:41.366,0.99219,0.99249,2.25,1.37
2016.03.24 07:53:41.474,0.99218,0.99245,1.75,1.00
2016.03.24 07:53:41.776,0.99216,0.9925,3.00,1.75
2016.03.24 07:53:44.494,0.99218,0.99252,1.75,1.75
2016.03.24 07:53:44.999,0.99217,0.99249,2.25,1.75
2016.03.24 07:53:45.314,0.99215,0.99247,3.75,1.50
2016.03.24 07:53:45.365,0.99221,0.99243,1.00,1.00
2016.03.24 07:53:45.567,0.99213,0.99248,4.50,2.25
2016.03.24 07:53:46.430,0.99213,0.99241,3.75,1.50
2016.03.24 07:53:46.480,0.99209,0.99239,1.75,1.75
2016.03.24 07:53:46.582,0.99204,0.99237,1.75,1.75
2016.03.24 07:53:46.986,0.99204,0.99235,3.00,1.12
2016.03.24 07:53:47.524,0.99207,0.99234,1.75,1.00
2016.03.24 07:53:47.625,0.99204,0.99239,3.00,1.75
2016.03.24 07:53:53.399,0.99208,0.99239,1.75,1.75
2016.03.24 07:53:53.500,0.99208,0.99239,1.75,1.75
2016.03.24 07:53:56.029,0.99207,0.99242,1.75,3.75
2016.03.24 07:53:57.711,0.99207,0.99239,1.75,1.75
2016.03.24 07:53:58.035,0.99203,0.99239,2.25,3.00
2016.03.24 07:53:58.994,0.99209,0.99238,1.00,3.00
2016.03.24 07:54:00.221,0.99208,0.9923,1.50,1.00
2016.03.24 07:54:00.763,0.99208,0.99238,1.37,3.00
2016.03.24 07:54:01.825,0.99208,0.99237,2.25,2.25
2016.03.24 07:54:01.926,0.9921,0.99238,1.50,1.75
2016.03.24 07:54:02.117,0.99211,0.9924,1.37,2.25
2016.03.24 07:54:04.949,0.99209,0.99239,2.25,1.75
2016.03.24 07:54:05.150,0.9921,0.99239,1.75,1.75
2016.03.24 07:54:06.937,0.9921,0.9924,1.75,1.75
2016.03.24 07:54:11.269,0.99213,0.99237,2.25,1.00
2016.03.24 07:54:11.370,0.9921,0.99238,1.50,1.75
2016.03.24 07:54:11.673,0.99204,0.99234,1.75,1.75
2016.03.24 07:54:12.295,0.99208,0.99235,1.00,1.75
2016.03.24 07:54:12.346,0.9921,0.99232,1.00,1.00
2016.03.24 07:54:12.648,0.9921,0.99238,1.75,1.75
2016.03.24 07:54:12.850,0.9921,0.99238,1.12,1.75
2016.03.24 07:54:13.336,0.9921,0.99238,1.50,1.75
2016.03.24 07:54:16.728,0.9921,0.99238,2.10,1.75
2016.03.24 07:54:17.061,0.99214,0.99239,1.37,1.75
2016.03.24 07:54:17.162,0.99214,0.99244,1.75,1.75
2016.03.24 07:54:17.457,0.99214,0.99244,1.75,1.75
2016.03.24 07:54:17.558,0.99216,0.99238,1.00,1.00
2016.03.24 07:54:17.811,0.99224,0.99246,1.00,3.75
2016.03.24 07:54:17.962,0.99223,0.99252,1.75,1.50
2016.03.24 07:54:18.207,0.99226,0.99254,1.75,1.75
2016.03.24 07:54:18.460,0.99227,0.99255,1.00,2.25
2016.03.24 07:54:18.561,0.99226,0.99255,1.75,2.25
2016.03.24 07:54:19.211,0.99227,0.99255,1.50,1.75
2016.03.24 07:54:19.592,0.99227,0.99251,1.12,1.75
2016.03.24 07:54:19.693,0.99225,0.99252,1.00,1.75
2016.03.24 07:54:19.815,0.99223,0.9925,1.00,1.75
2016.03.24 07:54:20.369,0.99223,0.99251,1.37,1.75
2016.03.24 07:54:20.571,0.99225,0.99253,1.12,1.75
2016.03.24 07:54:20.889,0.99229,0.99255,1.50,1.75
2016.03.24 07:54:21.091,0.99238,0.99261,1.00,1.00
2016.03.24 07:54:22.054,0.99233,0.99262,1.37,1.12
2016.03.24 07:54:22.155,0.99226,0.99254,1.37,1.75
2016.03.24 07:54:22.257,0.99224,0.99253,1.87,1.75
2016.03.24 07:54:22.460,0.99224,0.99252,1.00,1.87
2016.03.24 07:54:22.561,0.99224,0.99251,1.00,1.50
2016.03.24 07:54:22.865,0.99229,0.99256,1.00,2.25
2016.03.24 07:54:23.530,0.99228,0.99258,1.00,1.50
2016.03.24 07:54:23.581,0.99228,0.99258,1.00,1.50
2016.03.24 07:54:23.783,0.99229,0.99254,1.00,1.00
2016.03.24 07:54:24.086,0.99214,0.99244,1.37,1.87
2016.03.24 07:54:24.389,0.99218,0.99246,1.00,1.00
2016.03.24 07:54:24.717,0.99221,0.99247,1.00,1.00
2016.03.24 07:54:24.768,0.99219,0.99247,1.00,1.00
2016.03.24 07:54:26.548,0.99224,0.99248,1.00,1.00
2016.03.24 07:54:28.197,0.99224,0.99248,1.00,1.50
2016.03.24 07:54:28.348,0.9922,0.99246,1.00,1.37
2016.03.24 07:54:28.970,0.99219,0.99246,1.50,1.00
2016.03.24 07:54:29.143,0.99216,0.99244,1.00,1.00
2016.03.24 07:54:29.345,0.9922,0.99244,1.00,1.00
2016.03.24 07:54:29.446,0.99216,0.99244,1.87,1.00
2016.03.24 07:54:29.497,0.99219,0.99244,1.37,1.00
2016.03.24 07:54:29.598,0.99226,0.99254,1.00,1.12
2016.03.24 07:54:30.807,0.99223,0.99251,1.12,1.00
2016.03.24 07:54:31.009,0.99215,0.99244,1.12,1.00
2016.03.24 07:54:31.211,0.99219,0.99247,1.00,1.75
2016.03.24 07:54:31.519,0.9922,0.99248,1.75,2.25
2016.03.24 07:54:32.023,0.9922,0.99248,1.12,2.25
2016.03.24 07:54:32.577,0.9922,0.99249,1.37,1.75
2016.03.24 07:54:32.841,0.99224,0.99244,1.00,1.00
2016.03.24 07:54:36.127,0.99223,0.99244,1.00,1.00
2016.03.24 07:54:36.228,0.99221,0.99244,1.00,1.00
2016.03.24 07:54:36.883,0.99219,0.99249,2.25,1.75
2016.03.24 07:54:36.933,0.99219,0.99249,1.75,1.75
2016.03.24 07:54:37.186,0.99224,0.99247,1.37,1.00
2016.03.24 07:54:37.721,0.99224,0.99251,1.75,1.75
2016.03.24 07:54:38.024,0.99224,0.99251,1.75,1.75
2016.03.24 07:54:38.327,0.99223,0.9925,1.75,1.75
2016.03.24 07:54:38.607,0.99223,0.99248,1.00,1.50
2016.03.24 07:54:39.130,0.99225,0.99245,1.00,1.00
2016.03.24 07:54:39.331,0.99224,0.99254,2.25,1.75
2016.03.24 07:54:39.630,0.99224,0.99253,1.75,1.50
2016.03.24 07:54:40.157,0.99227,0.9925,1.00,1.50
2016.03.24 07:54:41.329,0.99224,0.9925,1.75,1.50
2016.03.24 07:54:42.014,0.9922,0.99248,1.75,1.37
2016.03.24 07:54:42.241,0.99219,0.99244,1.00,1.75
2016.03.24 07:54:42.745,0.99218,0.99245,1.50,1.75
2016.03.24 07:54:44.021,0.99218,0.99246,1.50,1.75
2016.03.24 07:54:44.071,0.99223,0.99246,1.00,1.75
2016.03.24 07:54:44.223,0.99223,0.9925,1.12,3.75
2016.03.24 07:54:44.274,0.99224,0.99251,1.00,1.75
2016.03.24 07:54:44.375,0.99224,0.99247,1.50,1.00
2016.03.24 07:54:45.525,0.99219,0.99248,1.75,1.75
2016.03.24 07:54:45.577,0.99219,0.99248,1.75,1.75
2016.03.24 07:54:45.628,0.99224,0.99248,1.00,1.75
2016.03.24 07:54:46.131,0.99223,0.99243,1.00,1.00
2016.03.24 07:54:48.792,0.9922,0.99243,1.00,1.00
2016.03.24 07:54:48.843,0.9922,0.9925,1.75,1.75
2016.03.24 07:54:48.944,0.99225,0.99251,1.12,1.75
2016.03.24 07:54:49.045,0.99225,0.99253,1.75,1.75
2016.03.24 07:54:49.247,0.99227,0.99255,1.75,1.87
2016.03.24 07:54:49.803,0.99228,0.99253,1.50,1.00
2016.03.24 07:54:50.007,0.99233,0.99253,1.00,1.00
2016.03.24 07:54:50.669,0.99231,0.99253,1.00,1.00
2016.03.24 07:54:50.820,0.99225,0.99255,1.75,1.75
2016.03.24 07:54:51.363,0.99225,0.99255,1.75,1.75
2016.03.24 07:54:52.616,0.99225,0.99255,1.75,1.75
2016.03.24 07:54:53.120,0.99225,0.99255,1.75,1.75
2016.03.24 07:54:54.815,0.99229,0.99255,1.00,1.75
2016.03.24 07:54:55.717,0.99228,0.99255,1.00,1.75
2016.03.24 07:54:55.868,0.99229,0.99257,1.87,2.25
2016.03.24 07:54:55.919,0.99229,0.99257,1.87,1.75
2016.03.24 07:54:55.970,0.99229,0.99257,2.25,1.75
2016.03.24 07:54:56.020,0.99229,0.99256,2.25,1.00
2016.03.24 07:55:01.036,0.9923,0.99258,1.75,1.75
2016.03.24 07:55:02.761,0.9923,0.99258,1.35,1.75
2016.03.24 07:55:02.862,0.99227,0.99255,1.75,1.50
2016.03.24 07:55:02.963,0.99228,0.99256,1.75,1.75
2016.03.24 07:55:03.331,0.9923,0.99253,2.47,1.00
2016.03.24 07:55:03.483,0.99238,0.99261,1.75,1.00
2016.03.24 07:55:03.584,0.99237,0.99267,1.75,1.75
2016.03.24 07:55:03.685,0.99244,0.99267,1.00,2.25
2016.03.24 07:55:03.735,0.99238,0.99267,1.75,2.25
2016.03.24 07:55:04.038,0.99238,0.99268,1.75,2.25
2016.03.24 07:55:06.241,0.99235,0.99264,1.75,1.75
2016.03.24 07:55:06.292,0.99236,0.99258,1.00,1.00
2016.03.24 07:55:06.342,0.99232,0.9926,2.25,1.75
2016.03.24 07:55:06.393,0.99232,0.9926,1.75,1.75
2016.03.24 07:55:06.444,0.99232,0.9926,1.50,3.00
2016.03.24 07:55:06.982,0.99228,0.99256,1.75,1.75
2016.03.24 07:55:08.946,0.99231,0.99254,1.00,1.75
2016.03.24 07:55:12.559,0.99225,0.99254,1.75,1.75
2016.03.24 07:55:13.061,0.99229,0.99252,1.00,1.00
2016.03.24 07:55:14.041,0.99225,0.99252,2.25,1.00
2016.03.24 07:55:14.343,0.99233,0.99262,1.75,2.25
2016.03.24 07:55:14.865,0.99234,0.99261,1.75,1.12
2016.03.24 07:55:26.113,0.99241,0.99262,1.00,1.00
2016.03.24 07:55:26.617,0.9924,0.99261,1.00,1.00
2016.03.24 07:55:27.119,0.9924,0.99262,1.00,1.00
2016.03.24 07:55:27.220,0.99239,0.99266,1.75,2.25
2016.03.24 07:55:30.279,0.99239,0.99265,1.75,1.75
2016.03.24 07:55:30.945,0.99239,0.99266,1.37,1.75
2016.03.24 07:55:30.995,0.99239,0.99266,1.87,1.75
2016.03.24 07:55:31.046,0.99239,0.99266,2.25,1.75
2016.03.24 07:55:31.097,0.99239,0.99266,2.25,1.75
2016.03.24 07:55:31.198,0.99239,0.99267,1.50,1.75
2016.03.24 07:55:31.300,0.99238,0.99267,1.75,1.75
2016.03.24 07:55:31.603,0.99241,0.99269,1.50,1.75
2016.03.24 07:55:32.283,0.99246,0.99269,1.00,1.00
2016.03.24 07:55:33.103,0.99247,0.99269,1.00,1.00
2016.03.24 07:55:33.154,0.99247,0.99275,1.37,1.75
2016.03.24 07:55:33.205,0.99249,0.99272,1.00,1.00
2016.03.24 07:55:33.256,0.99248,0.99276,1.75,1.75
2016.03.24 07:55:33.774,0.99251,0.99273,1.00,1.00
2016.03.24 07:55:34.554,0.99248,0.99276,1.75,1.75
2016.03.24 07:55:35.065,0.99248,0.99276,1.75,1.75
2016.03.24 07:55:37.548,0.99246,0.99275,2.25,1.35
2016.03.24 07:55:37.599,0.99244,0.99271,1.75,1.67
2016.03.24 07:55:37.751,0.99246,0.99267,1.75,1.00
2016.03.24 07:55:37.802,0.99243,0.99267,1.75,1.00
2016.03.24 07:55:37.903,0.99245,0.99267,1.00,1.50
2016.03.24 07:55:42.021,0.99243,0.99267,1.75,1.00
2016.03.24 07:55:45.306,0.99244,0.99266,1.00,1.00
2016.03.24 07:55:45.407,0.99238,0.99266,2.25,1.75
2016.03.24 07:55:45.738,0.99235,0.99259,3.00,2.85
2016.03.24 07:55:45.839,0.9923,0.99251,1.87,1.72
2016.03.24 07:55:45.890,0.99223,0.99251,3.75,1.50
2016.03.24 07:55:45.941,0.99227,0.99246,1.00,1.00
2016.03.24 07:55:45.991,0.99227,0.99252,1.37,1.37
2016.03.24 07:55:46.043,0.99224,0.99254,2.25,1.75
2016.03.24 07:55:46.094,0.99223,0.99252,3.75,1.50
2016.03.24 07:55:46.145,0.99223,0.99252,2.25,1.75
2016.03.24 07:55:46.421,0.99223,0.99251,2.25,1.75
2016.03.24 07:55:46.743,0.99229,0.99252,1.00,1.75
2016.03.24 07:55:46.995,0.99231,0.99257,1.00,3.00
2016.03.24 07:55:47.046,0.99231,0.99258,1.00,1.75
2016.03.24 07:55:47.096,0.99232,0.99258,1.37,1.37
2016.03.24 07:55:47.147,0.99232,0.99261,1.75,1.75
2016.03.24 07:55:48.110,0.99233,0.99263,1.75,1.75
2016.03.24 07:55:48.635,0.99231,0.99259,1.75,1.75
2016.03.24 07:55:48.737,0.99231,0.99259,1.75,1.50
2016.03.24 07:55:48.838,0.99231,0.99259,1.75,1.75
2016.03.24 07:55:49.735,0.99232,0.9926,1.50,1.75
2016.03.24 07:55:50.263,0.99235,0.99258,1.50,1.00
2016.03.24 07:55:50.515,0.99234,0.99264,1.75,1.75
2016.03.24 07:55:50.616,0.99234,0.99261,1.75,1.50
2016.03.24 07:55:51.086,0.99234,0.99264,1.75,1.75
2016.03.24 07:55:52.125,0.99235,0.99263,1.50,1.75
2016.03.24 07:55:56.493,0.99237,0.99266,1.00,2.10
2016.03.24 07:55:57.534,0.99235,0.99265,1.50,1.75
2016.03.24 07:55:58.396,0.99238,0.99265,1.00,1.75
2016.03.24 07:55:58.739,0.99234,0.99265,2.25,1.75
2016.03.24 07:56:00.043,0.99235,0.99264,1.50,1.75
2016.03.24 07:56:00.144,0.99241,0.99259,1.00,1.00
2016.03.24 07:56:00.245,0.99241,0.99266,1.37,1.75
2016.03.24 07:56:00.598,0.99244,0.99269,1.00,2.25
2016.03.24 07:56:01.149,0.99244,0.9927,1.00,1.75
2016.03.24 07:56:01.502,0.99241,0.99269,1.00,2.25
2016.03.24 07:56:01.855,0.99244,0.99261,1.00,1.00
2016.03.24 07:56:02.157,0.9924,0.99266,1.37,1.75
2016.03.24 07:56:02.796,0.99244,0.99269,1.00,3.00
2016.03.24 07:56:02.953,0.99244,0.99269,1.00,1.75
2016.03.24 07:56:03.256,0.99244,0.99269,1.12,1.75
2016.03.24 07:56:03.559,0.99244,0.9927,1.50,1.75
2016.03.24 07:56:04.108,0.9924,0.99268,1.75,1.37
2016.03.24 07:56:04.418,0.9924,0.99265,1.75,1.00
2016.03.24 07:56:04.569,0.99236,0.99265,1.75,2.10
2016.03.24 07:56:04.773,0.99237,0.99265,1.75,1.35
2016.03.24 07:56:04.975,0.99242,0.99265,1.00,1.00
2016.03.24 07:56:05.025,0.99244,0.99265,1.00,1.00
2016.03.24 07:56:05.347,0.99244,0.99268,1.37,1.37
2016.03.24 07:56:05.448,0.99244,0.99268,1.00,1.75
2016.03.24 07:56:05.700,0.99248,0.99268,1.00,1.75
2016.03.24 07:56:06.015,0.99243,0.99268,1.12,1.75
2016.03.24 07:56:06.166,0.99243,0.99268,1.00,2.25
2016.03.24 07:56:06.547,0.99238,0.99268,1.75,1.75
2016.03.24 07:56:10.064,0.9924,0.99265,1.00,1.75
2016.03.24 07:56:10.265,0.99239,0.99265,1.37,1.75
2016.03.24 07:56:10.366,0.9924,0.99265,1.00,1.75
2016.03.24 07:56:10.467,0.99238,0.99262,1.00,1.50
2016.03.24 07:56:10.568,0.99238,0.99262,1.00,1.75
2016.03.24 07:56:10.871,0.99232,0.9926,1.75,1.00
2016.03.24 07:56:10.972,0.99233,0.99263,3.00,1.75
2016.03.24 07:56:11.174,0.99234,0.99263,3.00,1.50
2016.03.24 07:56:11.748,0.99237,0.99267,1.75,1.75
2016.03.24 07:56:15.274,0.99238,0.99266,1.75,1.75
2016.03.24 07:56:18.775,0.99242,0.99266,1.00,1.35
2016.03.24 07:56:25.506,0.9924,0.99267,1.50,1.35
2016.03.24 07:56:26.479,0.9924,0.99268,3.00,1.97
2016.03.24 07:56:26.601,0.9924,0.99267,1.75,1.30
2016.03.24 07:56:26.702,0.99241,0.99268,1.75,1.35
2016.03.24 07:56:27.681,0.99245,0.99266,1.00,1.72
2016.03.24 07:56:31.789,0.99247,0.99266,1.12,1.00
2016.03.24 07:56:31.991,0.99252,0.99275,1.37,1.67
2016.03.24 07:56:32.093,0.99252,0.99275,1.37,1.35
2016.03.24 07:56:32.980,0.99252,0.99275,1.50,1.35
2016.03.24 07:56:33.522,0.99254,0.99275,1.00,1.35
2016.03.24 07:56:37.506,0.99253,0.99275,1.00,1.35
2016.03.24 07:56:38.040,0.99252,0.99275,1.00,1.00
2016.03.24 07:56:38.542,0.99253,0.99275,1.00,1.00
2016.03.24 07:56:38.844,0.99253,0.99277,1.50,1.67
2016.03.24 07:56:41.158,0.99253,0.99277,1.00,2.10
2016.03.24 07:56:44.426,0.99253,0.99276,1.37,1.50
2016.03.24 07:56:45.937,0.99253,0.99276,1.37,1.50
2016.03.24 07:56:46.089,0.99252,0.99275,1.00,1.00
2016.03.24 07:56:46.942,0.99252,0.99276,1.50,1.50
2016.03.24 07:56:47.515,0.99253,0.99276,1.00,1.00
2016.03.24 07:56:48.973,0.99253,0.99278,1.50,1.67
2016.03.24 07:56:49.023,0.99256,0.99278,1.00,1.35
2016.03.24 07:56:49.856,0.99256,0.99278,1.00,1.67
2016.03.24 07:56:50.636,0.99256,0.99279,1.00,1.00
2016.03.24 07:56:58.477,0.99252,0.99282,1.75,1.75
2016.03.24 07:56:58.578,0.99252,0.99282,1.75,1.75
2016.03.24 07:57:00.087,0.99252,0.99282,1.75,1.75
2016.03.24 07:57:00.188,0.99252,0.99282,1.75,1.75
2016.03.24 07:57:00.289,0.99252,0.99282,1.75,1.75
2016.03.24 07:57:00.477,0.99254,0.99277,1.00,1.00
2016.03.24 07:57:00.780,0.99256,0.99278,1.00,1.00
2016.03.24 07:57:04.190,0.99253,0.99281,1.75,1.75
2016.03.24 07:57:12.637,0.99251,0.99279,1.75,2.10
2016.03.24 07:57:12.789,0.99246,0.99274,1.50,1.35
2016.03.24 07:57:12.891,0.99243,0.99273,1.75,1.75
2016.03.24 07:57:12.992,0.99241,0.9927,1.75,1.75
2016.03.24 07:57:13.506,0.9924,0.99268,1.75,1.75
2016.03.24 07:57:21.715,0.99238,0.99271,1.75,2.25
2016.03.24 07:57:21.917,0.99237,0.9927,1.75,1.75
2016.03.24 07:57:28.344,0.99238,0.9927,1.75,1.75
2016.03.24 07:57:30.122,0.99241,0.99274,2.25,2.10
2016.03.24 07:57:30.223,0.99249,0.99271,1.00,1.00
2016.03.24 07:57:30.425,0.99245,0.99274,1.75,1.35
2016.03.24 07:57:30.727,0.99242,0.99274,1.75,2.85
2016.03.24 07:57:33.263,0.99243,0.99274,2.25,1.35
2016.03.24 07:57:34.720,0.99244,0.99275,1.50,3.00
2016.03.24 07:57:35.151,0.99244,0.99274,1.50,2.85
2016.03.24 07:57:36.088,0.99248,0.99273,1.00,1.35
2016.03.24 07:57:36.413,0.99244,0.99271,1.50,1.75
2016.03.24 07:57:37.191,0.99249,0.99273,1.00,1.35
2016.03.24 07:57:37.292,0.99244,0.99273,1.50,1.35
2016.03.24 07:57:37.743,0.99249,0.99273,1.00,1.35
2016.03.24 07:57:40.460,0.99249,0.99273,1.12,1.35
2016.03.24 07:57:41.940,0.99249,0.99276,1.75,1.75
2016.03.24 07:57:42.041,0.99249,0.99278,1.75,1.35
2016.03.24 07:57:42.742,0.99252,0.99278,1.75,1.67
2016.03.24 07:57:43.045,0.99254,0.99282,1.75,1.50
2016.03.24 07:57:43.595,0.99259,0.99285,1.00,1.35
2016.03.24 07:57:45.550,0.99257,0.99281,1.50,1.75
2016.03.24 07:57:46.104,0.99259,0.99285,1.00,1.35
2016.03.24 07:57:47.415,0.99257,0.99285,1.50,1.75
2016.03.24 07:57:47.465,0.99256,0.99278,1.00,1.00
2016.03.24 07:57:48.590,0.99258,0.9928,1.00,1.00
2016.03.24 07:57:49.394,0.99257,0.9928,1.00,1.00
2016.03.24 07:57:49.707,0.99258,0.99282,1.00,1.75
2016.03.24 07:57:50.147,0.99254,0.99282,1.50,1.75
2016.03.24 07:57:50.248,0.99254,0.99283,1.75,1.75
2016.03.24 07:57:50.449,0.99254,0.99283,1.75,1.75
2016.03.24 07:57:50.500,0.99259,0.99283,1.00,1.75
2016.03.24 07:57:51.294,0.99259,0.99279,1.00,1.00
2016.03.24 07:57:52.434,0.99257,0.99279,1.00,1.00
2016.03.24 07:57:53.065,0.99254,0.99282,2.25,1.75
2016.03.24 07:57:53.672,0.99254,0.99282,1.75,1.75
2016.03.24 07:57:56.432,0.99259,0.9928,1.00,1.75
2016.03.24 07:57:56.684,0.99254,0.99276,1.00,3.60
2016.03.24 07:57:56.835,0.99254,0.99276,1.00,1.00
2016.03.24 07:57:56.936,0.99249,0.99277,1.75,1.75
2016.03.24 07:57:56.986,0.99249,0.9928,2.25,2.10
2016.03.24 07:58:01.503,0.99249,0.99275,1.75,1.67
2016.03.24 07:58:01.705,0.99246,0.99268,1.00,1.00
2016.03.24 07:58:01.857,0.99244,0.99272,1.12,1.75
2016.03.24 07:58:02.813,0.99247,0.99272,1.00,1.75
2016.03.24 07:58:02.914,0.99251,0.99273,1.00,1.00
2016.03.24 07:58:03.097,0.9925,0.99278,1.75,1.37
2016.03.24 07:58:03.148,0.9925,0.99278,1.75,1.37
2016.03.24 07:58:03.199,0.9925,0.99272,1.00,1.00
2016.03.24 07:58:03.401,0.99243,0.99273,1.75,1.75
2016.03.24 07:58:03.503,0.99244,0.99267,1.00,1.00
2016.03.24 07:58:03.933,0.99245,0.99273,1.00,3.75
2016.03.24 07:58:04.471,0.99244,0.99272,1.12,1.75
2016.03.24 07:58:05.025,0.99244,0.99272,1.50,1.75
2016.03.24 07:58:05.227,0.99244,0.99266,1.00,1.00
2016.03.24 07:58:06.027,0.99245,0.99266,1.00,1.00
2016.03.24 07:58:06.128,0.99246,0.99268,1.00,1.00
2016.03.24 07:58:08.424,0.99245,0.99268,1.00,1.00
2016.03.24 07:58:11.346,0.99244,0.99271,1.75,1.75
2016.03.24 07:58:11.863,0.99244,0.9927,1.75,1.75
2016.03.24 07:58:12.166,0.9925,0.99278,1.75,1.75
2016.03.24 07:58:16.431,0.99253,0.99282,1.50,2.85
2016.03.24 07:58:18.744,0.99255,0.99282,1.00,1.75
2016.03.24 07:58:18.946,0.99255,0.99285,1.75,1.75
2016.03.24 07:58:20.834,0.9926,0.99286,1.00,2.25
2016.03.24 07:58:20.885,0.9926,0.99289,1.75,1.87
2016.03.24 07:58:21.338,0.99259,0.99285,1.75,1.72
2016.03.24 07:58:21.439,0.99259,0.99281,1.00,1.00
2016.03.24 07:58:21.540,0.99256,0.99282,1.50,1.75
2016.03.24 07:58:21.979,0.99258,0.9928,1.00,1.00
2016.03.24 07:58:22.030,0.99255,0.99277,1.00,1.00
2016.03.24 07:58:22.540,0.99253,0.99281,2.25,2.25
2016.03.24 07:58:32.591,0.99256,0.99279,1.00,1.50
2016.03.24 07:58:36.374,0.99249,0.99277,3.00,1.00
2016.03.24 07:58:36.575,0.99249,0.9928,3.00,1.50
2016.03.24 07:58:37.108,0.9925,0.99279,1.75,1.50
2016.03.24 07:58:39.851,0.9925,0.99279,1.75,1.50
2016.03.24 07:58:41.876,0.9925,0.99279,1.75,1.50
2016.03.24 07:58:42.362,0.99253,0.99277,1.75,1.35
2016.03.24 07:58:42.564,0.99246,0.99268,1.00,1.00
2016.03.24 07:58:42.713,0.9924,0.99268,1.75,1.50
2016.03.24 07:58:43.327,0.99241,0.99269,1.75,1.75
2016.03.24 07:58:43.632,0.99241,0.99269,1.75,1.75
2016.03.24 07:58:44.260,0.99244,0.99271,1.37,1.75
2016.03.24 07:58:44.311,0.99244,0.99271,1.75,1.75
2016.03.24 07:58:45.514,0.99243,0.99271,1.75,1.75
2016.03.24 07:58:45.777,0.99249,0.99273,1.00,1.75
2016.03.24 07:58:45.878,0.99249,0.99273,1.00,1.75
2016.03.24 07:58:46.560,0.99243,0.99272,1.75,2.25
2016.03.24 07:58:46.924,0.99248,0.99272,1.00,1.75
2016.03.24 07:58:47.025,0.99244,0.99267,1.50,1.00
2016.03.24 07:58:50.113,0.99244,0.99271,1.00,2.25
2016.03.24 07:58:51.128,0.99241,0.99269,1.50,1.75
2016.03.24 07:58:51.330,0.99243,0.99271,2.25,1.75
2016.03.24 07:58:51.637,0.99249,0.99277,1.75,1.75
2016.03.24 07:58:51.738,0.9925,0.99277,1.00,1.75
2016.03.24 07:58:52.233,0.99245,0.99275,1.75,1.75
2016.03.24 07:58:52.737,0.99245,0.99275,1.75,1.75
2016.03.24 07:58:53.041,0.99244,0.99272,2.25,1.75
2016.03.24 07:58:53.487,0.99244,0.99274,1.75,1.75
2016.03.24 07:58:54.038,0.99243,0.99271,1.75,1.75
2016.03.24 07:58:54.139,0.99248,0.99276,1.00,1.75
2016.03.24 07:58:54.189,0.99252,0.99277,1.00,1.75
2016.03.24 07:58:54.492,0.9925,0.99278,1.37,1.75
2016.03.24 07:58:54.795,0.9925,0.99278,1.75,1.75
2016.03.24 07:58:54.946,0.99251,0.99278,1.00,1.75
2016.03.24 07:58:55.451,0.99248,0.99276,1.75,1.75
2016.03.24 07:58:55.552,0.99245,0.99275,1.75,1.75
2016.03.24 07:58:56.056,0.9925,0.99275,1.00,1.75
2016.03.24 07:58:56.157,0.9925,0.99275,1.00,1.75
2016.03.24 07:58:56.481,0.99247,0.99275,1.37,1.75
2016.03.24 07:58:56.532,0.99249,0.99277,1.37,1.75
2016.03.24 07:58:56.583,0.99249,0.99277,1.75,1.75
2016.03.24 07:58:58.957,0.9925,0.99275,1.00,1.50
2016.03.24 07:58:59.488,0.99244,0.99272,1.75,1.50
2016.03.24 07:59:00.145,0.99246,0.99274,1.75,1.75
2016.03.24 07:59:00.696,0.99244,0.99274,2.25,1.75
2016.03.24 07:59:01.843,0.99244,0.99272,1.75,1.50
2016.03.24 07:59:01.994,0.99246,0.99274,1.75,1.12
2016.03.24 07:59:02.347,0.99246,0.99276,1.75,1.75
2016.03.24 07:59:03.018,0.99248,0.99274,1.75,1.00
2016.03.24 07:59:03.169,0.99253,0.99275,1.00,1.12
2016.03.24 07:59:03.271,0.99252,0.99275,1.00,1.37
2016.03.24 07:59:03.594,0.99243,0.99271,1.75,1.37
2016.03.24 07:59:07.664,0.99243,0.99271,1.75,1.37
2016.03.24 07:59:07.815,0.99251,0.99273,1.00,1.00
2016.03.24 07:59:08.226,0.99246,0.99274,1.75,1.75
2016.03.24 07:59:10.066,0.99246,0.99274,1.75,1.75
2016.03.24 07:59:10.219,0.99249,0.99272,1.00,1.00
2016.03.24 07:59:10.974,0.99246,0.99274,1.75,1.75
2016.03.24 07:59:11.577,0.99248,0.9927,1.00,1.00
2016.03.24 07:59:14.060,0.99242,0.9927,1.75,1.50
2016.03.24 07:59:14.213,0.99245,0.99267,1.50,1.00
2016.03.24 07:59:14.264,0.99245,0.99272,1.12,2.25
2016.03.24 07:59:14.315,0.99243,0.99264,1.00,1.00
2016.03.24 07:59:14.366,0.99243,0.99268,1.37,1.75
2016.03.24 07:59:14.787,0.9924,0.99268,1.75,1.75
2016.03.24 07:59:17.870,0.9924,0.99266,1.75,1.00
2016.03.24 07:59:18.382,0.99243,0.99271,1.75,1.75
2016.03.24 07:59:19.002,0.99243,0.99265,1.50,1.00
2016.03.24 07:59:19.103,0.99243,0.99273,1.50,2.25
2016.03.24 07:59:21.084,0.99245,0.99268,1.00,1.00
2016.03.24 07:59:21.749,0.99243,0.99272,1.75,1.75
2016.03.24 07:59:22.002,0.99243,0.99271,1.50,1.75
2016.03.24 07:59:22.914,0.99239,0.99267,1.75,1.75
2016.03.24 07:59:23.015,0.99237,0.99265,1.75,1.75
2016.03.24 07:59:23.117,0.99237,0.99265,1.75,1.75
2016.03.24 07:59:23.475,0.99237,0.99267,1.87,1.75
2016.03.24 07:59:23.525,0.99237,0.99267,1.87,1.75
2016.03.24 07:59:28.491,0.99239,0.99269,1.75,1.75
2016.03.24 07:59:28.846,0.9924,0.99268,1.75,1.75
2016.03.24 07:59:28.948,0.99244,0.99268,1.50,1.75
2016.03.24 07:59:29.497,0.99244,0.99269,1.50,1.75
2016.03.24 07:59:29.649,0.99244,0.99267,1.50,1.50
2016.03.24 07:59:29.699,0.99244,0.99267,1.12,1.50
2016.03.24 07:59:30.280,0.99241,0.99269,1.50,1.75
2016.03.24 07:59:30.785,0.99244,0.99271,1.00,1.75
2016.03.24 07:59:31.126,0.99246,0.99275,1.50,2.25
2016.03.24 07:59:31.177,0.99246,0.99275,1.75,1.75
2016.03.24 07:59:32.162,0.99246,0.99273,1.75,1.00
2016.03.24 07:59:34.109,0.99246,0.99274,1.75,1.00
2016.03.24 07:59:36.760,0.99248,0.99278,1.75,1.87
2016.03.24 07:59:37.294,0.99248,0.99278,1.75,1.75
2016.03.24 07:59:41.675,0.99247,0.99277,1.75,1.75
2016.03.24 07:59:41.776,0.99251,0.99274,1.00,1.00
2016.03.24 07:59:41.826,0.99247,0.99274,1.75,1.00
2016.03.24 07:59:42.330,0.99248,0.99278,1.75,1.87
2016.03.24 07:59:45.577,0.9925,0.99278,1.75,1.75
2016.03.24 07:59:45.786,0.99259,0.99281,1.00,1.00
2016.03.24 07:59:45.836,0.99256,0.99282,1.37,2.25
2016.03.24 07:59:45.887,0.99255,0.9928,1.00,1.75
2016.03.24 07:59:45.938,0.99252,0.9928,1.50,1.75
2016.03.24 07:59:45.988,0.99252,0.9928,2.25,1.75
2016.03.24 07:59:46.039,0.99252,0.9928,1.75,1.75
2016.03.24 07:59:46.090,0.99249,0.99278,1.75,1.75
2016.03.24 07:59:46.241,0.99249,0.99275,1.37,2.25
2016.03.24 07:59:46.292,0.99248,0.99275,1.00,2.25
2016.03.24 07:59:46.393,0.99241,0.99271,1.75,1.75
2016.03.24 07:59:46.768,0.9924,0.99271,1.75,4.50
2016.03.24 07:59:46.819,0.9924,0.99271,1.50,5.25
2016.03.24 07:59:47.446,0.99239,0.99267,1.75,1.75
2016.03.24 07:59:47.876,0.99238,0.99268,1.75,1.75
2016.03.24 07:59:48.381,0.9924,0.9927,1.75,1.75
2016.03.24 07:59:49.353,0.99237,0.99266,1.75,1.50
2016.03.24 07:59:49.405,0.99237,0.99266,1.75,1.75
2016.03.24 07:59:49.931,0.9924,0.99262,1.00,1.00
2016.03.24 07:59:50.183,0.99238,0.99264,1.75,1.00
2016.03.24 07:59:50.860,0.9924,0.99268,1.50,1.75
2016.03.24 07:59:50.981,0.99241,0.9927,1.37,1.75
2016.03.24 07:59:51.485,0.99243,0.99264,1.00,1.00
2016.03.24 07:59:53.001,0.99242,0.99264,1.00,1.00
2016.03.24 07:59:55.215,0.99238,0.99274,1.37,1.12
2016.03.24 07:59:55.266,0.99238,0.99273,1.00,1.00
2016.03.24 07:59:56.234,0.99239,0.99275,1.00,1.75
2016.03.24 07:59:57.018,0.99239,0.99276,1.00,2.62
2016.03.24 07:59:59.294,0.99239,0.99274,1.00,1.00
2016.03.24 07:59:59.863,0.99238,0.99274,1.00,1.87
