2013.03.11 12:00:00.856,1.05197,1.05218,1.50,1.73
2013.03.11 12:00:03.243,1.05197,1.05218,2.48,1.73
2013.03.11 12:00:03.364,1.05197,1.0522,2.48,1.58
2013.03.11 12:00:03.825,1.05202,1.05225,1.88,2.10
2013.03.11 12:00:04.675,1.05202,1.05228,2.03,2.33
2013.03.11 12:00:04.794,1.05203,1.05228,2.25,2.33
2013.03.11 12:00:05.035,1.05202,1.05224,1.50,1.73
2013.03.11 12:00:05.371,1.05202,1.05224,1.88,1.73
2013.03.11 12:00:05.674,1.052,1.05224,1.35,1.73
2013.03.11 12:00:05.734,1.05201,1.05224,1.50,1.73
2013.03.11 12:00:06.244,1.05198,1.05222,3.60,1.50
2013.03.11 12:00:06.564,1.05199,1.0522,1.50,1.50
2013.03.11 12:00:06.638,1.05198,1.05218,1.43,1.50
2013.03.11 12:00:06.753,1.05198,1.05218,1.05,1.73
2013.03.11 12:00:07.264,1.05197,1.05218,2.48,1.73
2013.03.11 12:00:07.323,1.05197,1.05218,1.73,1.73
2013.03.11 12:00:07.504,1.05196,1.05218,1.88,1.73
2013.03.11 12:00:07.925,1.05194,1.05218,1.35,1.73
2013.03.11 12:00:10.598,1.05195,1.0522,2.10,1.73
2013.03.11 12:00:10.843,1.05196,1.05219,1.13,1.50
2013.03.11 12:00:10.995,1.05195,1.05219,2.10,1.73
2013.03.11 12:00:17.858,1.05195,1.05218,2.10,1.73
2013.03.11 12:00:18.403,1.05191,1.05214,1.35,1.50
2013.03.11 12:00:20.195,1.05193,1.05215,1.35,2.48
2013.03.11 12:00:20.625,1.05191,1.05213,1.73,1.50
2013.03.11 12:00:20.745,1.05191,1.05209,1.73,1.35
2013.03.11 12:00:21.298,1.0519,1.05209,1.35,1.35
2013.03.11 12:00:21.414,1.05189,1.05208,1.05,1.50
2013.03.11 12:00:21.473,1.05188,1.05208,1.20,1.73
2013.03.11 12:00:25.943,1.05185,1.05206,1.65,1.73
2013.03.11 12:00:26.263,1.05183,1.05206,2.18,2.10
2013.03.11 12:00:26.324,1.05185,1.05208,1.50,2.10
2013.03.11 12:00:27.843,1.05185,1.05208,1.50,2.10
2013.03.11 12:00:31.417,1.05187,1.05208,1.88,1.73
2013.03.11 12:00:31.664,1.05187,1.05208,1.50,1.73
2013.03.11 12:00:31.784,1.05187,1.05208,2.40,1.73
2013.03.11 12:00:31.844,1.05187,1.0521,1.35,1.73
2013.03.11 12:00:32.025,1.05187,1.0521,2.78,1.73
2013.03.11 12:00:32.854,1.05187,1.05208,1.28,1.50
2013.03.11 12:00:33.094,1.05187,1.05208,1.65,1.50
2013.03.11 12:00:33.634,1.05184,1.05207,2.56,1.73
2013.03.11 12:00:33.694,1.05189,1.05207,1.13,1.50
2013.03.11 12:00:33.754,1.05189,1.05211,1.13,1.50
2013.03.11 12:00:35.129,1.05188,1.05209,1.28,1.50
2013.03.11 12:00:35.195,1.05188,1.05209,1.05,1.73
2013.03.11 12:00:35.754,1.05188,1.05207,1.05,1.50
2013.03.11 12:00:36.118,1.05188,1.05204,1.05,1.58
2013.03.11 12:00:36.184,1.05187,1.05204,1.05,1.73
2013.03.11 12:00:36.304,1.05187,1.05204,1.05,1.73
2013.03.11 12:00:36.424,1.05187,1.05204,1.05,1.73
2013.03.11 12:00:37.513,1.05187,1.05204,1.05,1.73
2013.03.11 12:00:38.239,1.05187,1.05204,1.05,1.73
2013.03.11 12:00:38.485,1.05187,1.05204,1.05,1.73
2013.03.11 12:00:41.906,1.05187,1.05203,1.05,1.95
2013.03.11 12:00:41.965,1.05181,1.05201,1.58,1.35
2013.03.11 12:00:42.206,1.05178,1.05201,1.73,2.10
2013.03.11 12:00:42.336,1.05178,1.05201,2.48,1.35
2013.03.11 12:00:42.514,1.05181,1.05203,1.88,3.60
2013.03.11 12:00:43.139,1.0518,1.05205,1.88,1.73
2013.03.11 12:00:44.110,1.0518,1.05205,2.10,1.73
2013.03.11 12:00:44.173,1.0518,1.05205,2.10,1.73
2013.03.11 12:00:48.312,1.0518,1.05202,2.10,1.73
2013.03.11 12:00:48.634,1.05184,1.05208,2.10,3.00
2013.03.11 12:00:49.163,1.05186,1.05209,1.50,7.50
2013.03.11 12:00:53.994,1.05186,1.05206,1.35,1.50
2013.03.11 12:00:54.353,1.05181,1.05195,1.73,1.35
2013.03.11 12:00:56.093,1.05177,1.05197,2.48,1.35
2013.03.11 12:00:57.694,1.05177,1.05198,2.48,1.50
2013.03.11 12:01:08.244,1.05176,1.05198,1.73,2.25
2013.03.11 12:01:10.644,1.05176,1.05195,1.73,1.50
2013.03.11 12:01:10.704,1.05175,1.05195,1.35,1.73
2013.03.11 12:01:11.223,1.05174,1.05193,1.35,1.50
2013.03.11 12:01:12.379,1.05167,1.05185,1.35,1.73
2013.03.11 12:01:12.826,1.05165,1.05185,2.48,1.73
2013.03.11 12:01:22.130,1.05164,1.0519,1.50,1.73
2013.03.11 12:01:22.254,1.05168,1.05191,1.73,1.35
2013.03.11 12:01:22.584,1.05171,1.05194,1.50,1.88
2013.03.11 12:01:46.243,1.05171,1.05196,3.00,1.73
2013.03.11 12:01:49.758,1.05172,1.05196,1.20,1.50
2013.03.11 12:01:59.063,1.0517,1.05194,1.73,2.25
2013.03.11 12:01:59.124,1.0517,1.05194,1.28,3.00
2013.03.11 12:01:59.483,1.0517,1.05194,1.20,2.25
2013.03.11 12:02:02.522,1.0517,1.05194,2.70,1.50
2013.03.11 12:02:03.046,1.05172,1.05196,1.50,1.50
2013.03.11 12:02:07.022,1.05172,1.05196,1.50,1.50
2013.03.11 12:02:19.623,1.0517,1.05194,1.36,1.50
2013.03.11 12:02:21.953,1.0517,1.05195,2.86,1.50
2013.03.11 12:02:22.504,1.0517,1.05195,1.59,1.50
2013.03.11 12:02:24.233,1.0517,1.05195,3.09,1.50
2013.03.11 12:02:26.623,1.0517,1.05196,2.34,2.10
2013.03.11 12:02:26.743,1.05169,1.05194,2.48,1.73
2013.03.11 12:02:26.803,1.05169,1.05193,2.48,1.50
2013.03.11 12:02:26.923,1.05169,1.05193,2.48,1.73
2013.03.11 12:02:27.336,1.05166,1.05193,2.25,2.33
2013.03.11 12:02:27.514,1.05169,1.05193,1.50,2.10
2013.03.11 12:02:27.573,1.05169,1.05193,2.25,1.35
2013.03.11 12:02:28.179,1.05169,1.05191,1.50,1.35
2013.03.11 12:02:28.534,1.05169,1.05191,1.73,1.35
2013.03.11 12:02:31.113,1.05169,1.05192,1.73,1.50
2013.03.11 12:02:31.354,1.05168,1.05191,1.73,1.50
2013.03.11 12:02:31.935,1.0517,1.05193,1.18,3.75
2013.03.11 12:02:32.537,1.05172,1.05196,1.50,1.35
2013.03.11 12:02:36.743,1.05172,1.05197,2.84,1.50
2013.03.11 12:02:47.145,1.05174,1.05199,2.25,1.50
2013.03.11 12:02:47.504,1.05184,1.05204,1.50,1.13
2013.03.11 12:02:47.625,1.05185,1.05208,1.50,7.50
2013.03.11 12:02:48.134,1.05185,1.05209,2.63,1.50
2013.03.11 12:03:11.257,1.05186,1.05209,1.50,1.50
2013.03.11 12:03:13.513,1.05184,1.05209,3.70,1.50
2013.03.11 12:03:14.263,1.05184,1.05209,1.50,1.50
2013.03.11 12:03:16.053,1.05184,1.05209,1.50,1.73
2013.03.11 12:03:19.974,1.05187,1.0521,1.35,1.73
2013.03.11 12:03:27.473,1.05189,1.05212,1.50,1.73
2013.03.11 12:03:40.484,1.05187,1.0521,2.25,2.25
2013.03.11 12:03:40.556,1.05186,1.05204,1.73,2.25
2013.03.11 12:03:40.864,1.0518,1.05193,1.50,1.73
2013.03.11 12:03:40.924,1.05174,1.05193,1.50,1.73
2013.03.11 12:03:41.734,1.05174,1.05193,1.50,1.73
2013.03.11 12:03:41.794,1.05173,1.05193,1.50,1.73
2013.03.11 12:03:42.398,1.05171,1.05193,1.50,1.73
2013.03.11 12:03:43.979,1.05171,1.05191,1.50,1.73
2013.03.11 12:03:44.500,1.05171,1.0519,1.50,1.58
2013.03.11 12:03:45.133,1.05171,1.05192,1.50,3.45
2013.03.11 12:03:45.253,1.05171,1.05193,1.50,1.13
2013.03.11 12:03:45.314,1.05169,1.05191,3.00,1.13
2013.03.11 12:03:45.435,1.05169,1.05191,1.73,1.13
2013.03.11 12:03:45.493,1.05169,1.05191,1.50,1.35
2013.03.11 12:03:49.614,1.05168,1.05189,1.73,1.50
2013.03.11 12:03:51.913,1.05169,1.05193,1.13,1.92
2013.03.11 12:03:52.153,1.0517,1.05193,2.10,1.50
2013.03.11 12:03:52.333,1.05169,1.05193,1.50,1.50
2013.03.11 12:03:55.957,1.05172,1.05196,2.85,1.50
2013.03.11 12:03:56.479,1.05173,1.05198,1.50,1.73
2013.03.11 12:03:57.545,1.05174,1.05199,2.48,3.23
2013.03.11 12:03:59.805,1.05176,1.05199,2.25,1.73
2013.03.11 12:04:12.784,1.05177,1.05203,1.35,2.48
2013.03.11 12:04:13.084,1.05183,1.05206,1.91,1.50
2013.03.11 12:04:13.205,1.05182,1.05202,1.38,1.50
2013.03.11 12:04:13.265,1.05181,1.05202,1.73,1.73
2013.03.11 12:04:13.383,1.0518,1.05204,1.50,2.48
2013.03.11 12:04:13.444,1.0518,1.05204,2.25,1.50
2013.03.11 12:04:13.565,1.0518,1.05206,2.25,1.73
2013.03.11 12:04:13.743,1.05183,1.05207,2.09,1.50
2013.03.11 12:04:15.393,1.05183,1.05207,2.09,2.25
2013.03.11 12:04:15.513,1.05182,1.05206,1.50,1.73
2013.03.11 12:04:15.573,1.05182,1.05204,2.48,1.50
2013.03.11 12:04:15.933,1.05183,1.05207,2.09,2.25
2013.03.11 12:04:16.253,1.05183,1.05204,2.31,1.50
2013.03.11 12:04:16.314,1.05183,1.05204,1.73,1.50
2013.03.11 12:04:16.373,1.05183,1.05204,1.73,2.25
2013.03.11 12:04:16.494,1.05183,1.05201,1.73,1.50
2013.03.11 12:04:18.913,1.05177,1.052,1.73,1.50
2013.03.11 12:04:19.574,1.05177,1.05201,1.73,1.73
2013.03.11 12:04:19.694,1.05177,1.05201,1.55,1.50
2013.03.11 12:04:20.332,1.05181,1.05204,1.88,1.50
2013.03.11 12:04:20.402,1.05181,1.05203,1.88,1.50
2013.03.11 12:04:20.937,1.05181,1.05201,1.35,1.50
2013.03.11 12:04:22.304,1.05181,1.05201,1.35,1.50
2013.03.11 12:04:22.844,1.05181,1.05203,1.13,1.50
2013.03.11 12:04:27.723,1.05182,1.05207,1.50,1.50
2013.03.11 12:04:29.025,1.05183,1.05208,1.50,2.33
2013.03.11 12:04:30.573,1.05183,1.05208,1.50,2.33
2013.03.11 12:04:32.553,1.05183,1.05208,1.50,1.73
2013.03.11 12:04:33.655,1.05186,1.05211,1.73,1.73
2013.03.11 12:04:33.714,1.05188,1.05211,1.34,1.50
2013.03.11 12:04:33.954,1.05188,1.05212,2.85,1.13
2013.03.11 12:04:34.133,1.05188,1.05213,2.48,1.73
2013.03.11 12:04:34.673,1.0519,1.05214,1.09,1.50
2013.03.11 12:04:35.193,1.0519,1.05213,1.50,3.00
2013.03.11 12:04:38.043,1.05188,1.05211,1.73,1.50
2013.03.11 12:04:38.163,1.05187,1.05215,1.13,1.73
2013.03.11 12:04:38.343,1.0519,1.05216,1.50,1.13
2013.03.11 12:04:40.373,1.0519,1.05213,1.50,1.50
2013.03.11 12:04:40.554,1.05189,1.05209,1.35,2.48
2013.03.11 12:04:40.744,1.05186,1.05206,1.58,1.50
2013.03.11 12:04:42.423,1.05186,1.05209,1.73,2.48
2013.03.11 12:04:48.603,1.05186,1.05207,1.73,1.35
2013.03.11 12:05:03.083,1.05184,1.05206,1.73,2.10
2013.03.11 12:05:03.160,1.05182,1.05205,2.48,1.50
2013.03.11 12:05:11.223,1.05182,1.05206,1.50,1.35
2013.03.11 12:05:14.637,1.05182,1.05205,1.73,1.50
2013.03.11 12:05:30.417,1.05182,1.05204,1.73,1.50
2013.03.11 12:05:30.663,1.05181,1.05204,1.73,1.73
2013.03.11 12:05:34.747,1.0518,1.05204,1.73,1.73
2013.03.11 12:05:49.018,1.05179,1.05205,1.73,3.08
2013.03.11 12:05:50.103,1.05178,1.05204,2.25,1.73
2013.03.11 12:06:07.705,1.05181,1.05206,1.50,1.35
2013.03.11 12:06:45.366,1.05182,1.05207,1.50,1.73
2013.03.11 12:07:00.864,1.05181,1.05207,2.63,1.50
2013.03.11 12:07:07.725,1.05181,1.05207,1.13,1.50
2013.03.11 12:07:07.904,1.05181,1.05204,1.13,1.73
2013.03.11 12:07:18.230,1.05179,1.05202,1.73,1.73
2013.03.11 12:07:18.354,1.05176,1.05203,2.25,1.73
2013.03.11 12:07:18.952,1.05176,1.05204,2.25,2.48
2013.03.11 12:07:19.274,1.05175,1.05201,1.35,1.50
2013.03.11 12:07:19.795,1.05177,1.05204,2.25,1.73
2013.03.11 12:07:23.833,1.05177,1.05203,4.58,1.73
2013.03.11 12:07:24.014,1.05177,1.052,2.48,1.50
2013.03.11 12:07:32.514,1.05176,1.05198,1.73,1.50
2013.03.11 12:07:32.576,1.05176,1.05197,1.50,1.73
2013.03.11 12:07:39.524,1.05174,1.05198,1.73,1.73
2013.03.11 12:07:39.976,1.05174,1.05198,1.50,1.50
2013.03.11 12:07:40.608,1.05176,1.052,2.25,1.50
2013.03.11 12:07:49.937,1.05176,1.052,2.25,1.50
2013.03.11 12:07:50.277,1.05176,1.05202,2.25,1.50
2013.03.11 12:07:58.086,1.05177,1.05202,1.50,3.23
2013.03.11 12:07:58.374,1.05177,1.05199,1.73,1.50
2013.03.11 12:07:58.434,1.05177,1.05199,1.73,1.50
2013.03.11 12:07:58.684,1.05175,1.05197,1.73,1.50
2013.03.11 12:07:59.044,1.05173,1.05196,1.73,1.50
2013.03.11 12:08:06.324,1.05174,1.05199,1.73,2.48
2013.03.11 12:08:07.080,1.05174,1.05197,1.73,2.33
2013.03.11 12:08:14.804,1.05172,1.05193,1.50,1.73
2013.03.11 12:08:23.544,1.05168,1.0519,1.73,1.73
2013.03.11 12:08:43.314,1.05166,1.05192,2.48,1.73
2013.03.11 12:08:43.614,1.05166,1.0519,2.48,1.73
2013.03.11 12:08:44.164,1.05166,1.0519,2.25,2.48
2013.03.11 12:08:48.302,1.05166,1.0519,2.48,2.48
2013.03.11 12:08:49.021,1.05167,1.0519,1.58,1.73
2013.03.11 12:08:49.910,1.05166,1.0519,2.48,1.73
2013.03.11 12:08:50.704,1.05164,1.05188,1.50,1.73
2013.03.11 12:08:51.904,1.05163,1.05189,3.23,1.73
2013.03.11 12:08:52.264,1.05167,1.05193,1.50,1.73
2013.03.11 12:08:52.625,1.05168,1.05193,1.50,1.50
2013.03.11 12:08:57.126,1.05171,1.05196,1.50,2.25
2013.03.11 12:09:08.006,1.05171,1.05194,1.50,1.73
2013.03.11 12:09:09.794,1.05169,1.05194,1.73,4.73
2013.03.11 12:09:13.275,1.05168,1.05193,1.73,1.73
2013.03.11 12:09:13.974,1.05168,1.05194,2.25,1.50
2013.03.11 12:09:14.936,1.05167,1.0519,1.50,1.50
2013.03.11 12:09:14.994,1.05167,1.0519,1.73,1.50
2013.03.11 12:09:15.174,1.05164,1.05192,2.63,3.98
2013.03.11 12:09:15.294,1.05166,1.05191,1.50,1.50
2013.03.11 12:09:46.654,1.05166,1.05189,1.73,1.50
2013.03.11 12:09:47.014,1.05166,1.0519,1.73,1.50
2013.03.11 12:09:50.884,1.05166,1.05193,2.25,3.23
2013.03.11 12:10:04.545,1.05167,1.05193,1.09,2.25
2013.03.11 12:10:07.784,1.05167,1.05193,1.50,2.25
2013.03.11 12:10:07.844,1.0517,1.05193,1.32,1.50
2013.03.11 12:10:17.995,1.0517,1.05193,1.07,1.50
2013.03.11 12:10:34.365,1.0517,1.05194,1.07,1.50
2013.03.11 12:10:34.604,1.05167,1.05193,4.20,2.85
2013.03.11 12:10:34.964,1.05171,1.05195,1.50,1.50
2013.03.11 12:10:35.219,1.05174,1.05198,1.05,1.50
2013.03.11 12:10:35.789,1.05174,1.05198,1.07,1.50
2013.03.11 12:10:38.566,1.05172,1.05198,3.00,1.50
2013.03.11 12:10:45.364,1.05176,1.05202,1.02,2.25
2013.03.11 12:10:45.804,1.05177,1.05202,2.61,1.50
2013.03.11 12:11:04.264,1.05175,1.05201,3.00,1.50
2013.03.11 12:11:09.507,1.05174,1.05199,3.38,1.50
2013.03.11 12:11:10.335,1.05174,1.05201,2.25,1.73
2013.03.11 12:11:10.865,1.05174,1.05199,1.50,1.50
2013.03.11 12:11:11.895,1.05175,1.05201,3.00,2.10
2013.03.11 12:11:12.015,1.05178,1.05202,1.25,1.13
2013.03.11 12:11:12.435,1.05182,1.05209,2.48,1.88
2013.03.11 12:11:12.675,1.05186,1.05209,2.25,1.50
2013.03.11 12:11:13.485,1.05186,1.05211,2.25,2.10
2013.03.11 12:11:24.047,1.05186,1.05211,2.25,1.35
2013.03.11 12:11:24.686,1.05188,1.05212,1.36,1.50
2013.03.11 12:11:37.765,1.05186,1.05213,2.25,2.25
2013.03.11 12:11:42.204,1.05188,1.05213,1.27,2.25
2013.03.11 12:11:44.997,1.05189,1.05213,4.23,1.50
2013.03.11 12:11:45.426,1.05193,1.05219,2.25,2.70
2013.03.11 12:11:45.488,1.05194,1.05219,1.41,2.48
2013.03.11 12:11:45.798,1.05196,1.0522,1.50,1.13
2013.03.11 12:11:46.166,1.05197,1.0522,1.50,1.13
2013.03.11 12:11:46.946,1.05196,1.05219,3.00,2.25
2013.03.11 12:11:48.890,1.05196,1.05219,3.00,1.50
2013.03.11 12:11:49.015,1.05196,1.0522,3.00,1.88
2013.03.11 12:11:50.316,1.05196,1.05216,2.25,1.50
2013.03.11 12:11:50.557,1.05195,1.05213,1.35,1.50
2013.03.11 12:11:50.676,1.05191,1.05212,3.23,1.50
2013.03.11 12:12:02.335,1.0519,1.05212,2.48,1.50
2013.03.11 12:12:03.264,1.05191,1.05212,3.00,1.50
2013.03.11 12:12:03.393,1.05191,1.05212,2.91,1.50
2013.03.11 12:12:08.255,1.05192,1.05212,2.25,1.50
2013.03.11 12:12:08.784,1.05192,1.05212,1.50,1.50
2013.03.11 12:12:09.322,1.05191,1.05212,2.79,1.50
2013.03.11 12:12:10.715,1.0519,1.05213,2.10,1.50
2013.03.11 12:12:11.298,1.0519,1.05214,2.10,1.13
2013.03.11 12:12:11.859,1.0519,1.05214,2.10,1.88
2013.03.11 12:12:11.995,1.0519,1.05213,2.25,1.13
2013.03.11 12:12:12.055,1.0519,1.05213,2.48,2.63
2013.03.11 12:12:12.402,1.05188,1.05212,4.78,1.50
2013.03.11 12:12:16.305,1.05188,1.05212,1.13,1.50
2013.03.11 12:12:32.224,1.05188,1.05213,1.50,1.50
2013.03.11 12:12:44.127,1.05188,1.05213,2.25,1.50
2013.03.11 12:12:45.136,1.05191,1.05215,1.50,1.50
2013.03.11 12:12:46.806,1.0519,1.05214,2.25,1.50
2013.03.11 12:12:47.413,1.05189,1.05214,1.13,1.88
2013.03.11 12:12:47.474,1.05189,1.05213,2.10,1.50
2013.03.11 12:12:49.867,1.05189,1.05213,2.10,1.50
2013.03.11 12:12:50.106,1.05193,1.05215,1.50,2.25
2013.03.11 12:12:50.165,1.05194,1.05215,1.50,2.25
2013.03.11 12:12:50.345,1.05194,1.05216,2.25,1.50
2013.03.11 12:12:50.666,1.05195,1.05219,2.25,1.50
2013.03.11 12:12:50.802,1.05195,1.05218,2.25,1.35
2013.03.11 12:12:50.985,1.05194,1.05215,2.25,1.35
2013.03.11 12:12:52.605,1.05193,1.05219,1.29,1.69
2013.03.11 12:12:53.712,1.05193,1.05219,1.73,1.50
2013.03.11 12:12:53.877,1.05195,1.0522,1.50,1.13
2013.03.11 12:12:54.744,1.05197,1.05221,2.25,1.13
2013.03.11 12:12:56.145,1.05198,1.05222,1.13,1.65
2013.03.11 12:12:56.444,1.05202,1.05222,1.50,1.28
2013.03.11 12:12:57.824,1.05202,1.05224,2.25,1.13
2013.03.11 12:12:58.752,1.05202,1.05223,2.25,1.13
2013.03.11 12:13:01.286,1.052,1.05223,1.50,1.13
2013.03.11 12:13:01.406,1.05201,1.05224,1.35,1.88
2013.03.11 12:13:01.525,1.052,1.05223,2.25,1.50
2013.03.11 12:13:10.094,1.05199,1.05223,1.73,3.38
2013.03.11 12:13:16.185,1.05199,1.05219,2.48,1.50
2013.03.11 12:13:16.576,1.05199,1.05219,1.73,1.50
2013.03.11 12:13:17.340,1.05196,1.05218,1.73,1.35
2013.03.11 12:13:24.488,1.05194,1.05219,1.98,2.25
2013.03.11 12:13:24.784,1.05194,1.05219,3.00,1.50
2013.03.11 12:13:25.045,1.05194,1.05219,2.25,1.50
2013.03.11 12:13:25.225,1.05191,1.05217,3.75,1.50
2013.03.11 12:13:26.604,1.05191,1.05217,1.50,1.50
2013.03.11 12:13:26.845,1.05189,1.05211,1.73,1.50
2013.03.11 12:13:27.029,1.05188,1.05213,2.13,2.25
2013.03.11 12:13:27.575,1.05191,1.05213,2.25,1.50
2013.03.11 12:13:27.994,1.05191,1.05215,2.25,1.50
2013.03.11 12:13:28.395,1.05192,1.05215,1.34,1.50
2013.03.11 12:13:31.595,1.05192,1.05217,1.34,2.25
2013.03.11 12:13:40.214,1.05193,1.05217,1.38,1.50
2013.03.11 12:13:46.545,1.05193,1.05219,1.38,2.63
2013.03.11 12:13:46.706,1.05193,1.05219,1.38,1.88
2013.03.11 12:13:48.855,1.05195,1.05219,1.05,1.88
2013.03.11 12:13:49.155,1.05193,1.05217,1.73,1.50
2013.03.11 12:13:49.719,1.05193,1.05217,3.23,1.50
2013.03.11 12:13:50.835,1.05193,1.05219,2.25,2.25
2013.03.11 12:13:51.346,1.05193,1.05218,2.25,1.50
2013.03.11 12:14:05.315,1.05191,1.05218,1.16,2.25
2013.03.11 12:14:05.555,1.05193,1.05217,1.50,1.50
2013.03.11 12:14:05.915,1.05194,1.05216,1.35,1.50
2013.03.11 12:14:07.474,1.05194,1.05216,2.10,1.50
2013.03.11 12:14:09.832,1.05194,1.05218,4.08,1.50
2013.03.11 12:14:10.645,1.05194,1.05216,2.25,1.50
2013.03.11 12:14:10.825,1.05194,1.05218,1.50,2.48
2013.03.11 12:14:10.945,1.05194,1.05218,1.09,2.25
2013.03.11 12:14:27.585,1.05194,1.05218,3.09,2.25
2013.03.11 12:14:32.834,1.05194,1.05218,1.73,2.25
2013.03.11 12:14:35.595,1.05194,1.05218,2.11,2.25
2013.03.11 12:14:37.575,1.05194,1.05218,1.73,2.25
2013.03.11 12:14:48.216,1.05194,1.05218,1.73,2.25
2013.03.11 12:14:48.508,1.05192,1.05214,2.48,2.25
2013.03.11 12:14:48.805,1.0519,1.05212,2.48,1.50
2013.03.11 12:14:49.144,1.05188,1.05212,3.23,1.73
2013.03.11 12:14:49.264,1.05188,1.05212,1.73,3.23
2013.03.11 12:14:49.384,1.05187,1.05208,2.48,1.50
2013.03.11 12:14:49.745,1.05185,1.05208,2.10,2.25
2013.03.11 12:14:50.094,1.05185,1.05206,1.35,1.50
2013.03.11 12:14:50.806,1.05183,1.05203,1.73,1.50
2013.03.11 12:14:50.865,1.0518,1.05203,3.23,1.50
2013.03.11 12:14:51.225,1.0518,1.05199,1.73,1.50
2013.03.11 12:14:51.596,1.05176,1.05199,1.73,1.50
2013.03.11 12:14:51.895,1.05174,1.05197,1.35,1.50
2013.03.11 12:14:51.955,1.05174,1.05197,1.35,1.50
2013.03.11 12:14:52.315,1.05171,1.05194,1.34,1.50
2013.03.11 12:14:54.109,1.0517,1.05194,1.98,1.50
2013.03.11 12:14:54.415,1.0517,1.05198,2.50,1.50
2013.03.11 12:14:54.476,1.05171,1.05198,2.07,1.50
2013.03.11 12:14:54.834,1.05172,1.05199,2.48,1.50
2013.03.11 12:14:54.894,1.05172,1.05199,2.25,1.50
2013.03.11 12:14:55.444,1.05175,1.052,3.27,1.13
2013.03.11 12:14:57.145,1.05175,1.05203,3.27,1.50
2013.03.11 12:14:57.205,1.05175,1.05203,3.00,1.50
2013.03.11 12:14:57.745,1.05177,1.05204,1.36,2.25
2013.03.11 12:14:58.664,1.05177,1.05204,1.50,2.25
2013.03.11 12:15:03.075,1.05176,1.05204,1.50,2.25
2013.03.11 12:15:04.706,1.05177,1.05204,1.50,2.25
2013.03.11 12:15:07.218,1.0518,1.05205,1.11,1.50
2013.03.11 12:15:08.746,1.0518,1.05203,1.34,1.50
2013.03.11 12:15:08.926,1.05179,1.05203,1.73,1.50
2013.03.11 12:15:11.129,1.05177,1.05203,2.25,1.50
2013.03.11 12:15:11.906,1.05178,1.052,2.25,1.50
2013.03.11 12:15:11.967,1.05177,1.05197,2.48,1.50
2013.03.11 12:15:12.455,1.05175,1.05193,1.59,1.50
2013.03.11 12:15:12.995,1.05174,1.05193,1.54,1.50
2013.03.11 12:15:13.476,1.05172,1.05197,2.25,1.50
2013.03.11 12:15:13.915,1.05174,1.05199,1.82,1.50
2013.03.11 12:15:14.546,1.05174,1.05199,1.80,1.50
2013.03.11 12:15:19.632,1.05174,1.05199,2.00,2.25
2013.03.11 12:15:19.935,1.05173,1.05199,1.62,3.00
2013.03.11 12:15:19.995,1.05174,1.05199,1.25,1.50
2013.03.11 12:15:20.055,1.05173,1.05199,1.09,1.50
2013.03.11 12:15:20.175,1.05172,1.05199,2.25,1.50
2013.03.11 12:15:20.684,1.05172,1.05199,2.25,1.50
2013.03.11 12:15:26.666,1.05176,1.05201,2.00,1.50
2013.03.11 12:15:26.726,1.05177,1.05202,1.50,1.50
2013.03.11 12:15:36.455,1.05176,1.05201,3.00,1.50
2013.03.11 12:15:36.516,1.05176,1.05199,2.75,1.50
2013.03.11 12:15:39.036,1.05176,1.05199,1.98,1.50
2013.03.11 12:15:39.665,1.05176,1.05202,1.32,1.50
2013.03.11 12:15:42.845,1.05176,1.05202,1.32,2.25
2013.03.11 12:15:43.146,1.05175,1.05198,1.73,1.50
2013.03.11 12:15:43.455,1.05175,1.05198,1.73,1.50
2013.03.11 12:15:47.725,1.05172,1.05195,1.73,1.88
2013.03.11 12:15:49.616,1.05172,1.05194,1.73,1.50
2013.03.11 12:15:50.196,1.05171,1.05193,1.36,1.50
2013.03.11 12:15:51.744,1.0517,1.05194,1.14,1.50
2013.03.11 12:15:58.986,1.05169,1.05194,2.07,2.25
2013.03.11 12:15:59.045,1.05167,1.05194,2.85,2.25
2013.03.11 12:15:59.355,1.05167,1.05193,2.10,2.25
2013.03.11 12:15:59.536,1.05167,1.05193,2.10,2.25
2013.03.11 12:15:59.656,1.05166,1.05189,2.33,2.63
2013.03.11 12:15:59.716,1.05165,1.05185,1.73,1.50
2013.03.11 12:16:00.075,1.05161,1.05185,2.10,1.50
2013.03.11 12:16:00.636,1.05161,1.05185,2.10,1.50
2013.03.11 12:16:01.075,1.05159,1.05182,1.47,1.50
2013.03.11 12:16:01.649,1.05158,1.05179,1.52,1.50
2013.03.11 12:16:02.176,1.05155,1.05178,1.36,1.50
2013.03.11 12:16:02.777,1.05154,1.05178,1.20,1.50
2013.03.11 12:16:03.475,1.05154,1.05179,1.95,1.50
2013.03.11 12:16:05.947,1.05154,1.05179,1.20,1.50
2013.03.11 12:16:12.725,1.05154,1.05179,1.95,2.25
2013.03.11 12:16:13.275,1.05154,1.05179,1.95,1.50
2013.03.11 12:16:15.467,1.05156,1.05179,1.50,1.50
2013.03.11 12:16:16.026,1.05157,1.05184,3.00,2.63
2013.03.11 12:16:26.109,1.05162,1.05186,1.38,1.50
2013.03.11 12:16:26.385,1.05162,1.05187,2.13,2.10
2013.03.11 12:16:26.968,1.05163,1.05188,1.35,2.25
2013.03.11 12:16:29.345,1.05164,1.05188,1.02,1.50
2013.03.11 12:16:29.646,1.05167,1.0519,1.35,1.50
2013.03.11 12:16:31.895,1.05167,1.05189,1.35,1.50
2013.03.11 12:16:31.955,1.05167,1.05189,2.22,1.50
2013.03.11 12:16:32.565,1.05165,1.05191,1.50,1.13
2013.03.11 12:16:33.935,1.05166,1.0519,1.50,1.13
2013.03.11 12:16:37.352,1.05166,1.05192,2.25,1.50
2013.03.11 12:16:38.088,1.05168,1.05193,1.34,1.88
2013.03.11 12:16:41.696,1.05165,1.05191,1.56,1.50
2013.03.11 12:16:45.795,1.05165,1.05191,1.50,1.50
2013.03.11 12:16:48.758,1.05164,1.05191,2.60,1.50
2013.03.11 12:16:50.430,1.05164,1.05188,2.60,1.50
2013.03.11 12:16:50.499,1.05164,1.05188,2.10,1.50
2013.03.11 12:16:50.746,1.05164,1.05187,2.48,1.50
2013.03.11 12:16:51.306,1.05164,1.05185,1.73,1.73
2013.03.11 12:16:56.873,1.05164,1.05187,1.73,1.73
2013.03.11 12:16:57.116,1.05165,1.05185,1.35,1.50
2013.03.11 12:16:57.237,1.05165,1.05188,1.35,2.48
2013.03.11 12:16:57.915,1.05165,1.05187,1.73,1.73
2013.03.11 12:16:57.975,1.05162,1.05186,1.73,1.73
2013.03.11 12:16:58.695,1.05162,1.05186,1.73,1.73
2013.03.11 12:17:09.635,1.05162,1.05186,1.50,1.73
2013.03.11 12:17:10.259,1.05159,1.05182,1.50,1.73
2013.03.11 12:17:12.395,1.05158,1.0518,1.73,1.50
2013.03.11 12:17:12.519,1.05154,1.05177,2.55,1.73
2013.03.11 12:17:12.976,1.05154,1.05178,1.80,1.73
2013.03.11 12:17:13.526,1.05154,1.05178,1.80,1.73
2013.03.11 12:17:16.766,1.05154,1.05172,1.05,1.50
2013.03.11 12:17:17.288,1.05153,1.05172,1.05,1.73
2013.03.11 12:17:21.529,1.0515,1.05173,1.50,1.73
2013.03.11 12:17:21.775,1.05154,1.05179,1.58,2.85
2013.03.11 12:17:21.955,1.05154,1.05179,1.50,2.85
2013.03.11 12:17:22.195,1.05154,1.05179,1.58,2.10
2013.03.11 12:17:26.356,1.05153,1.0518,4.43,1.73
2013.03.11 12:17:26.657,1.05153,1.05177,1.50,2.48
2013.03.11 12:17:26.717,1.05153,1.05177,1.58,1.73
2013.03.11 12:17:26.897,1.05153,1.05179,2.18,2.10
2013.03.11 12:17:26.956,1.05153,1.05179,2.93,2.10
2013.03.11 12:17:27.506,1.05157,1.05181,2.25,1.73
2013.03.11 12:17:27.886,1.05157,1.05181,3.00,1.73
2013.03.11 12:17:41.085,1.05157,1.0518,2.48,1.73
2013.03.11 12:17:41.325,1.05156,1.05176,2.48,1.73
2013.03.11 12:17:41.565,1.05156,1.05178,2.48,1.35
2013.03.11 12:17:42.095,1.05156,1.05179,2.48,1.73
2013.03.11 12:17:45.545,1.05156,1.05179,1.73,1.73
2013.03.11 12:17:45.607,1.05154,1.05176,1.05,1.50
2013.03.11 12:17:45.965,1.05152,1.05173,1.05,1.73
2013.03.11 12:17:48.060,1.05152,1.05173,3.60,1.50
2013.03.11 12:17:48.186,1.05152,1.05173,1.05,1.73
2013.03.11 12:17:48.511,1.05156,1.05173,1.80,1.50
2013.03.11 12:17:49.275,1.05152,1.05173,1.05,1.73
2013.03.11 12:17:57.471,1.05153,1.05175,1.50,1.73
2013.03.11 12:18:04.296,1.05152,1.05176,1.58,1.50
2013.03.11 12:18:04.356,1.05152,1.05178,2.33,2.10
2013.03.11 12:18:04.892,1.05152,1.05178,2.33,1.50
2013.03.11 12:18:05.447,1.05152,1.05178,2.33,1.50
2013.03.11 12:18:08.266,1.05152,1.05178,2.33,1.50
2013.03.11 12:18:10.636,1.05151,1.05176,5.41,1.50
2013.03.11 12:18:10.696,1.05151,1.05174,5.41,1.73
2013.03.11 12:18:31.366,1.05151,1.05172,1.50,1.50
2013.03.11 12:18:32.081,1.05149,1.05172,2.55,1.73
2013.03.11 12:18:32.146,1.05149,1.05174,2.25,1.73
2013.03.11 12:18:41.329,1.05151,1.05173,1.50,1.73
2013.03.11 12:18:48.855,1.05149,1.05174,1.80,1.73
2013.03.11 12:18:48.915,1.05151,1.05175,1.50,1.73
2013.03.11 12:18:49.036,1.05151,1.05175,2.25,1.50
2013.03.11 12:19:09.212,1.05151,1.05175,2.25,1.50
2013.03.11 12:19:11.821,1.05151,1.05176,3.83,1.50
2013.03.11 12:19:11.885,1.05152,1.05176,1.50,1.88
2013.03.11 12:19:12.066,1.05151,1.05169,1.58,1.73
2013.03.11 12:19:31.135,1.05149,1.0517,2.63,1.35
2013.03.11 12:19:31.265,1.05151,1.05171,1.50,1.13
2013.03.11 12:19:31.866,1.05151,1.05171,1.50,1.13
2013.03.11 12:19:43.892,1.05149,1.05174,3.00,2.25
2013.03.11 12:19:47.966,1.05151,1.05174,1.50,2.25
2013.03.11 12:19:48.026,1.05151,1.05174,1.50,2.25
2013.03.11 12:19:53.107,1.05151,1.05174,1.58,1.50
2013.03.11 12:19:53.421,1.05154,1.05176,1.50,1.13
2013.03.11 12:19:53.856,1.05154,1.05176,1.58,1.13
2013.03.11 12:19:54.966,1.05154,1.05176,1.58,1.13
2013.03.11 12:19:55.632,1.05154,1.05178,1.58,3.53
2013.03.11 12:19:57.906,1.05152,1.05176,1.12,1.50
2013.03.11 12:20:00.676,1.05152,1.05176,1.12,1.50
2013.03.11 12:20:00.987,1.0515,1.05173,3.43,1.50
2013.03.11 12:20:01.886,1.0515,1.05173,1.50,2.25
2013.03.11 12:20:02.807,1.0515,1.05173,4.31,1.50
2013.03.11 12:20:02.986,1.0515,1.05173,1.88,1.50
2013.03.11 12:20:03.502,1.0515,1.05171,1.50,1.13
2013.03.11 12:20:04.057,1.0515,1.05172,1.50,1.13
2013.03.11 12:20:04.596,1.05151,1.05174,1.35,2.10
2013.03.11 12:20:06.910,1.0515,1.05172,1.50,1.13
2013.03.11 12:20:07.098,1.0515,1.0517,1.50,1.13
2013.03.11 12:20:07.306,1.0515,1.05174,3.36,1.88
2013.03.11 12:20:08.014,1.0515,1.05174,2.25,1.73
2013.03.11 12:20:10.386,1.05151,1.05173,3.45,1.50
2013.03.11 12:20:10.566,1.05151,1.05173,1.88,2.48
2013.03.11 12:20:12.586,1.05152,1.05174,1.05,1.20
2013.03.11 12:20:12.826,1.05155,1.05178,3.83,2.10
2013.03.11 12:20:13.350,1.05155,1.05177,1.35,1.35
2013.03.11 12:20:13.845,1.05156,1.05179,3.98,1.13
2013.03.11 12:20:23.595,1.05158,1.0518,1.50,1.13
2013.03.11 12:20:24.136,1.05164,1.05183,1.50,1.20
2013.03.11 12:20:28.846,1.05163,1.05186,1.50,1.20
2013.03.11 12:20:29.096,1.05164,1.05187,3.00,1.20
2013.03.11 12:20:29.618,1.05164,1.05189,3.00,2.85
2013.03.11 12:20:30.386,1.05165,1.05187,1.50,1.35
2013.03.11 12:20:30.686,1.05164,1.05189,2.25,2.85
2013.03.11 12:20:31.388,1.05164,1.05189,2.25,2.85
2013.03.11 12:20:37.027,1.05164,1.05189,2.25,2.85
2013.03.11 12:20:38.096,1.05164,1.05187,2.25,1.20
2013.03.11 12:20:38.156,1.05165,1.05187,1.50,1.20
2013.03.11 12:20:38.457,1.05164,1.05189,3.00,2.85
2013.03.11 12:20:39.027,1.05164,1.05189,2.25,2.85
2013.03.11 12:20:46.035,1.05164,1.05189,2.25,2.85
2013.03.11 12:20:47.567,1.05165,1.05189,1.50,2.10
2013.03.11 12:20:47.997,1.05165,1.05189,1.50,2.10
2013.03.11 12:20:51.972,1.05165,1.0519,1.50,1.73
2013.03.11 12:20:56.046,1.05163,1.0519,2.25,1.73
2013.03.11 12:20:57.156,1.05163,1.0519,2.25,1.73
2013.03.11 12:20:57.677,1.05164,1.05187,1.50,1.20
2013.03.11 12:20:58.111,1.05164,1.05188,1.50,1.35
2013.03.11 12:20:58.622,1.05164,1.05188,1.50,1.35
2013.03.11 12:20:58.687,1.05164,1.05188,1.50,1.35
2013.03.11 12:20:59.048,1.05168,1.05192,1.73,1.35
2013.03.11 12:21:08.629,1.05172,1.05193,1.35,1.13
2013.03.11 12:21:08.817,1.05172,1.05193,2.10,1.13
2013.03.11 12:21:12.716,1.05171,1.0519,1.73,1.88
2013.03.11 12:21:13.201,1.05171,1.0519,1.50,2.10
2013.03.11 12:21:13.842,1.0517,1.05192,1.73,1.35
2013.03.11 12:21:18.377,1.05169,1.0519,1.73,1.35
2013.03.11 12:21:21.647,1.05167,1.05189,2.48,1.73
2013.03.11 12:21:21.886,1.05167,1.05192,1.50,2.10
2013.03.11 12:21:32.046,1.0517,1.05195,3.23,1.73
2013.03.11 12:21:33.797,1.05169,1.05194,3.08,1.73
2013.03.11 12:21:34.149,1.0517,1.05194,1.73,1.73
2013.03.11 12:21:40.177,1.05169,1.05191,3.23,1.73
2013.03.11 12:21:44.195,1.05168,1.05193,3.23,2.85
2013.03.11 12:21:44.586,1.05168,1.05193,2.48,2.10
2013.03.11 12:21:45.176,1.05168,1.05189,1.73,1.73
2013.03.11 12:21:45.477,1.05166,1.05189,3.83,1.35
2013.03.11 12:21:45.656,1.05167,1.05188,3.00,2.10
2013.03.11 12:21:45.717,1.05167,1.05188,1.50,2.10
2013.03.11 12:21:48.829,1.05164,1.05188,2.48,1.35
2013.03.11 12:21:49.017,1.05167,1.05189,1.58,1.35
2013.03.11 12:21:49.076,1.05166,1.05189,2.10,2.10
2013.03.11 12:21:49.196,1.05166,1.05187,2.48,1.73
2013.03.11 12:21:49.556,1.05166,1.05188,3.00,1.05
2013.03.11 12:21:49.616,1.05167,1.05188,1.73,1.05
2013.03.11 12:21:50.056,1.05168,1.05191,2.25,1.35
2013.03.11 12:21:50.563,1.05168,1.05191,2.48,1.73
2013.03.11 12:21:51.437,1.05168,1.05193,1.73,2.10
2013.03.11 12:21:51.704,1.05168,1.05193,1.73,2.10
2013.03.11 12:21:54.548,1.05167,1.05192,3.00,2.10
2013.03.11 12:21:54.606,1.05169,1.05192,1.73,1.35
2013.03.11 12:21:54.727,1.05167,1.05191,2.25,1.73
2013.03.11 12:21:55.560,1.05166,1.05191,3.75,1.73
2013.03.11 12:22:03.427,1.0517,1.05194,2.48,2.10
2013.03.11 12:22:03.487,1.0517,1.05194,3.00,2.10
2013.03.11 12:22:04.006,1.0517,1.05193,1.50,1.35
2013.03.11 12:22:04.650,1.0517,1.05194,1.50,2.10
2013.03.11 12:22:08.386,1.0517,1.05194,1.50,2.10
2013.03.11 12:22:13.748,1.05168,1.05193,2.25,1.35
2013.03.11 12:22:14.481,1.05168,1.05193,2.48,1.35
2013.03.11 12:22:24.089,1.05168,1.05189,1.73,1.73
2013.03.11 12:22:24.147,1.05168,1.05188,1.73,1.73
2013.03.11 12:22:24.507,1.05167,1.05188,3.00,1.73
2013.03.11 12:22:25.943,1.05167,1.05188,3.75,1.73
2013.03.11 12:22:26.007,1.05167,1.05188,2.25,1.73
2013.03.11 12:22:27.314,1.05167,1.05188,2.25,1.73
2013.03.11 12:22:36.006,1.05168,1.05188,2.25,1.73
2013.03.11 12:22:36.367,1.05168,1.05188,1.50,1.73
2013.03.11 12:22:38.294,1.05166,1.05188,4.50,1.73
2013.03.11 12:22:38.803,1.05166,1.05188,3.00,1.73
2013.03.11 12:22:41.766,1.05167,1.05188,1.50,1.73
2013.03.11 12:22:42.068,1.0517,1.05188,3.00,1.73
2013.03.11 12:22:42.246,1.05172,1.05194,2.25,1.73
2013.03.11 12:22:42.487,1.05173,1.05197,1.73,1.35
2013.03.11 12:22:47.296,1.05173,1.05195,2.25,1.35
2013.03.11 12:22:47.416,1.05173,1.05197,2.25,3.38
2013.03.11 12:22:48.006,1.05173,1.05197,2.48,2.85
2013.03.11 12:22:50.592,1.05173,1.05197,1.73,2.10
2013.03.11 12:23:06.878,1.05173,1.05197,1.73,2.85
2013.03.11 12:23:07.442,1.05172,1.05193,2.48,2.48
2013.03.11 12:23:10.207,1.0517,1.05193,1.35,2.48
2013.03.11 12:23:10.766,1.0517,1.05193,1.35,2.48
2013.03.11 12:23:12.066,1.0517,1.05193,1.35,1.50
2013.03.11 12:23:12.336,1.05173,1.05196,3.60,1.35
2013.03.11 12:23:12.457,1.05172,1.05193,1.73,1.35
2013.03.11 12:23:13.896,1.0517,1.05192,1.13,1.73
2013.03.11 12:23:14.527,1.0517,1.05192,2.10,2.33
2013.03.11 12:23:14.586,1.0517,1.05188,1.13,1.50
2013.03.11 12:23:14.901,1.05169,1.05188,1.50,1.73
2013.03.11 12:23:15.388,1.05168,1.05189,1.50,2.10
2013.03.11 12:23:15.506,1.05168,1.05189,1.50,2.10
2013.03.11 12:23:18.466,1.05166,1.05184,1.50,1.73
2013.03.11 12:23:38.365,1.05166,1.05184,1.50,1.73
2013.03.11 12:23:39.506,1.05164,1.05188,1.73,2.85
2013.03.11 12:23:44.057,1.05164,1.05188,1.73,2.10
2013.03.11 12:23:44.993,1.05168,1.05193,3.75,2.10
2013.03.11 12:23:45.553,1.05168,1.05193,3.75,2.10
2013.03.11 12:23:55.876,1.05172,1.05193,2.25,2.10
2013.03.11 12:23:57.033,1.05169,1.05193,3.00,2.10
2013.03.11 12:23:57.692,1.05169,1.05193,3.00,2.10
2013.03.11 12:24:00.487,1.05169,1.05193,3.00,2.10
2013.03.11 12:24:00.846,1.05168,1.05192,2.25,2.10
2013.03.11 12:24:01.452,1.05168,1.05189,1.50,1.73
2013.03.11 12:24:09.678,1.05166,1.05189,2.25,2.48
2013.03.11 12:24:09.737,1.05165,1.05188,1.50,3.72
2013.03.11 12:24:11.246,1.05164,1.05187,2.25,1.13
2013.03.11 12:24:11.307,1.05164,1.05187,2.25,1.13
2013.03.11 12:24:17.047,1.05164,1.05189,2.25,2.10
2013.03.11 12:24:19.131,1.05164,1.05189,2.25,2.60
2013.03.11 12:24:19.297,1.05164,1.05189,2.25,2.10
2013.03.11 12:24:20.236,1.05163,1.05188,1.50,1.73
2013.03.11 12:24:22.270,1.05163,1.05188,1.73,1.73
2013.03.11 12:24:27.298,1.05164,1.05189,2.25,2.10
2013.03.11 12:24:30.296,1.05164,1.05188,3.00,1.73
2013.03.11 12:24:30.356,1.05164,1.0518,1.50,1.35
2013.03.11 12:24:30.536,1.05156,1.05174,1.73,1.50
2013.03.11 12:24:30.597,1.05154,1.05174,1.58,1.50
2013.03.11 12:24:30.656,1.05154,1.05177,1.58,2.48
2013.03.11 12:24:30.897,1.05156,1.05176,1.50,1.73
2013.03.11 12:24:31.136,1.05155,1.05174,1.50,1.73
2013.03.11 12:24:31.256,1.05155,1.05174,1.50,1.73
2013.03.11 12:24:31.986,1.05155,1.05174,1.50,1.73
2013.03.11 12:24:38.537,1.05155,1.05176,1.50,1.36
2013.03.11 12:24:38.836,1.05154,1.05178,2.33,2.10
2013.03.11 12:24:39.156,1.05154,1.05178,1.58,1.73
2013.03.11 12:24:41.196,1.05154,1.05179,3.00,2.85
2013.03.11 12:24:52.256,1.05153,1.05178,2.33,1.73
2013.03.11 12:24:52.557,1.05152,1.05174,2.33,1.73
2013.03.11 12:24:57.822,1.05151,1.05174,1.58,2.48
2013.03.11 12:24:57.948,1.05147,1.0517,1.65,1.73
2013.03.11 12:24:58.562,1.05146,1.05169,1.65,1.73
2013.03.11 12:25:02.728,1.05146,1.05171,1.35,1.35
2013.03.11 12:25:02.867,1.05146,1.05169,2.25,1.73
2013.03.11 12:25:03.619,1.05146,1.05169,1.65,1.73
2013.03.11 12:25:15.838,1.05149,1.05171,2.93,1.59
2013.03.11 12:25:15.957,1.0515,1.05172,1.50,1.35
2013.03.11 12:25:16.507,1.05149,1.05176,4.58,2.10
2013.03.11 12:25:27.686,1.05149,1.05173,3.98,1.73
2013.03.11 12:25:28.076,1.05149,1.05173,3.83,1.73
2013.03.11 12:25:29.967,1.05148,1.05169,1.65,1.73
2013.03.11 12:25:38.596,1.05148,1.05172,1.58,2.11
2013.03.11 12:25:38.656,1.05148,1.05172,1.80,1.73
2013.03.11 12:25:46.814,1.05148,1.05172,1.80,1.73
2013.03.11 12:25:47.066,1.0515,1.05173,1.50,1.35
2013.03.11 12:25:47.676,1.05148,1.0517,1.05,1.73
2013.03.11 12:25:47.736,1.05147,1.0517,1.65,1.73
2013.03.11 12:25:55.370,1.05146,1.05169,2.40,1.73
2013.03.11 12:25:55.676,1.05148,1.05172,1.58,2.10
2013.03.11 12:25:56.036,1.05151,1.05174,3.08,1.73
2013.03.11 12:25:56.157,1.05154,1.05176,1.50,2.10
2013.03.11 12:25:56.691,1.05154,1.05176,2.33,1.73
2013.03.11 12:25:56.936,1.05154,1.05179,1.58,2.10
2013.03.11 12:25:57.511,1.05154,1.05179,1.58,2.10
2013.03.11 12:26:06.067,1.05154,1.05178,2.33,1.35
2013.03.11 12:26:08.919,1.05154,1.05177,1.58,1.73
2013.03.11 12:26:09.156,1.05154,1.05174,1.50,1.35
2013.03.11 12:26:11.457,1.05154,1.05175,1.58,1.73
2013.03.11 12:26:19.147,1.05152,1.05174,1.58,1.73
2013.03.11 12:26:19.450,1.05151,1.05172,1.58,1.73
2013.03.11 12:26:19.807,1.05147,1.05168,2.40,1.73
2013.03.11 12:26:20.581,1.05147,1.05168,2.40,1.73
2013.03.11 12:26:22.728,1.05147,1.05168,2.40,1.73
2013.03.11 12:26:23.886,1.05144,1.05166,2.53,1.73
2013.03.11 12:26:24.248,1.05145,1.0517,1.58,2.48
2013.03.11 12:26:24.857,1.05144,1.05169,1.71,1.73
2013.03.11 12:26:25.218,1.05144,1.05167,1.50,1.73
2013.03.11 12:26:26.387,1.05144,1.05167,1.50,1.73
2013.03.11 12:26:26.587,1.05144,1.05167,2.25,1.73
2013.03.11 12:26:26.838,1.05146,1.0517,3.75,1.36
2013.03.11 12:26:27.087,1.05148,1.05172,1.50,1.73
2013.03.11 12:26:27.326,1.05149,1.05174,2.25,2.48
2013.03.11 12:26:27.447,1.05149,1.05175,2.25,2.10
2013.03.11 12:26:28.196,1.05149,1.05175,2.25,1.73
2013.03.11 12:26:28.387,1.0515,1.05174,1.50,2.10
2013.03.11 12:26:28.538,1.0515,1.05171,1.50,1.73
2013.03.11 12:26:29.097,1.05147,1.05169,1.50,1.73
2013.03.11 12:26:29.387,1.05147,1.05169,1.50,1.73
2013.03.11 12:26:29.962,1.05147,1.05169,1.50,1.73
2013.03.11 12:26:30.692,1.05147,1.05169,1.50,1.73
2013.03.11 12:26:33.908,1.05146,1.05171,2.25,2.36
2013.03.11 12:26:34.028,1.05147,1.05171,1.73,1.73
2013.03.11 12:26:34.087,1.05146,1.0517,3.00,1.73
2013.03.11 12:26:34.267,1.05146,1.05169,2.25,1.73
2013.03.11 12:26:37.597,1.05146,1.05169,1.50,2.48
2013.03.11 12:26:37.896,1.05144,1.05166,2.25,2.10
2013.03.11 12:26:41.887,1.05144,1.05167,1.50,1.35
2013.03.11 12:26:42.226,1.05144,1.05167,2.48,1.35
2013.03.11 12:26:42.346,1.05144,1.05166,3.23,2.85
2013.03.11 12:26:42.407,1.05144,1.05166,2.25,2.85
2013.03.11 12:26:43.358,1.05142,1.05165,2.40,1.73
2013.03.11 12:26:43.901,1.05141,1.05164,2.85,1.73
2013.03.11 12:26:45.586,1.05142,1.05166,3.15,1.73
2013.03.11 12:26:45.964,1.05145,1.05166,1.50,1.35
2013.03.11 12:26:59.059,1.05144,1.05164,1.13,1.73
2013.03.11 12:26:59.691,1.05142,1.05164,2.25,2.48
2013.03.11 12:27:00.398,1.05142,1.05166,1.35,2.10
2013.03.11 12:27:00.457,1.05141,1.05166,1.58,1.35
2013.03.11 12:27:01.967,1.05144,1.05168,2.25,2.10
2013.03.11 12:27:02.587,1.05144,1.05168,1.50,1.73
2013.03.11 12:27:12.597,1.05144,1.05168,1.50,2.48
2013.03.11 12:27:12.717,1.05142,1.05164,4.65,1.73
2013.03.11 12:27:13.743,1.05146,1.05163,1.50,1.73
2013.03.11 12:27:14.226,1.05146,1.05169,4.50,1.73
2013.03.11 12:27:14.586,1.05148,1.0517,3.00,1.35
2013.03.11 12:27:14.647,1.0515,1.05172,1.50,1.80
2013.03.11 12:27:15.189,1.05152,1.05174,2.10,2.10
2013.03.11 12:27:18.500,1.05156,1.05178,3.00,1.58
2013.03.11 12:27:18.853,1.05158,1.05178,1.50,1.58
2013.03.11 12:27:18.978,1.05158,1.05179,2.25,1.20
2013.03.11 12:27:19.397,1.05159,1.05181,2.25,1.35
2013.03.11 12:27:22.637,1.05158,1.05181,1.50,1.73
2013.03.11 12:27:22.697,1.05158,1.0518,1.50,1.73
2013.03.11 12:27:22.757,1.05157,1.05178,3.75,1.73
2013.03.11 12:27:23.208,1.05157,1.05178,1.50,1.73
2013.03.11 12:27:33.139,1.05157,1.05178,1.50,1.73
2013.03.11 12:27:42.857,1.05157,1.05178,1.50,1.73
2013.03.11 12:27:43.037,1.05155,1.05177,1.50,2.11
2013.03.11 12:27:47.087,1.05152,1.05177,1.50,2.95
2013.03.11 12:27:47.427,1.05154,1.05178,3.23,3.08
2013.03.11 12:27:48.129,1.05156,1.05179,1.50,2.70
2013.03.11 12:27:48.200,1.05157,1.05179,1.50,1.73
2013.03.11 12:27:50.877,1.05156,1.05179,2.25,2.48
2013.03.11 12:28:01.708,1.05154,1.05174,1.50,1.73
2013.03.11 12:28:01.767,1.05154,1.05174,1.50,1.73
2013.03.11 12:28:02.068,1.05151,1.05173,1.50,1.73
2013.03.11 12:28:06.397,1.0515,1.05172,1.50,2.16
2013.03.11 12:28:06.657,1.05145,1.05163,1.73,1.73
2013.03.11 12:28:06.777,1.05144,1.05163,1.73,1.73
2013.03.11 12:28:06.897,1.05142,1.05159,1.65,1.73
2013.03.11 12:28:07.395,1.05141,1.05159,1.65,1.73
2013.03.11 12:28:07.907,1.05139,1.0516,1.65,1.73
2013.03.11 12:28:10.977,1.05139,1.0516,1.65,2.07
2013.03.11 12:28:13.940,1.05136,1.05158,1.05,2.48
2013.03.11 12:28:14.737,1.05136,1.05158,1.05,2.48
2013.03.11 12:28:16.279,1.05136,1.05159,1.80,2.48
2013.03.11 12:28:16.698,1.05136,1.0516,1.50,1.53
2013.03.11 12:28:16.939,1.05136,1.0516,1.73,1.35
2013.03.11 12:28:21.610,1.05137,1.0516,1.13,1.73
2013.03.11 12:28:24.397,1.05136,1.05159,2.48,1.73
2013.03.11 12:28:24.458,1.05136,1.05158,1.50,1.50
2013.03.11 12:28:24.577,1.05134,1.05154,1.50,1.73
2013.03.11 12:28:24.757,1.05133,1.05151,1.95,1.73
2013.03.11 12:28:25.471,1.05131,1.05149,1.50,1.73
2013.03.11 12:28:25.550,1.05134,1.05154,2.48,1.73
2013.03.11 12:28:25.678,1.05136,1.05155,2.25,1.73
2013.03.11 12:28:25.938,1.05138,1.05163,2.25,2.62
2013.03.11 12:28:26.761,1.05138,1.05163,3.00,1.73
2013.03.11 12:28:31.282,1.05139,1.05164,1.50,2.69
2013.03.11 12:28:31.828,1.05141,1.05165,3.00,2.73
2013.03.11 12:28:32.187,1.05141,1.0516,1.50,1.63
2013.03.11 12:28:32.997,1.05137,1.0516,2.25,1.73
2013.03.11 12:28:35.447,1.05137,1.0516,2.25,1.73
2013.03.11 12:28:41.107,1.05136,1.05156,2.48,1.73
2013.03.11 12:28:41.288,1.05136,1.05156,2.25,1.73
2013.03.11 12:28:42.091,1.05136,1.05156,1.35,2.48
2013.03.11 12:28:42.548,1.05136,1.05156,1.35,1.73
2013.03.11 12:28:42.727,1.05138,1.0516,2.25,1.73
2013.03.11 12:28:42.848,1.05138,1.05161,3.00,2.25
2013.03.11 12:28:43.147,1.05141,1.05164,2.10,1.73
2013.03.11 12:28:43.398,1.05141,1.05163,1.50,1.73
2013.03.11 12:28:43.637,1.0514,1.05163,1.50,1.73
2013.03.11 12:28:43.768,1.05137,1.05157,1.50,1.73
2013.03.11 12:28:43.827,1.05135,1.05157,2.48,1.73
2013.03.11 12:28:45.689,1.05135,1.05158,3.23,1.73
2013.03.11 12:28:55.268,1.05136,1.0516,2.48,1.73
2013.03.11 12:28:55.353,1.05135,1.05158,1.50,1.73
2013.03.11 12:28:57.887,1.05133,1.05154,3.83,1.32
2013.03.11 12:28:58.497,1.05134,1.05155,1.95,1.61
2013.03.11 12:28:59.267,1.05134,1.05155,1.95,1.61
2013.03.11 12:29:00.467,1.05134,1.05155,5.33,1.61
2013.03.11 12:29:00.768,1.05137,1.05155,1.50,1.61
2013.03.11 12:29:01.217,1.05136,1.05155,1.50,1.61
2013.03.11 12:29:02.358,1.05136,1.05155,2.10,1.61
2013.03.11 12:29:02.418,1.05134,1.05157,3.83,1.61
2013.03.11 12:29:02.540,1.05134,1.05158,3.83,2.48
2013.03.11 12:29:02.607,1.05134,1.05158,3.83,1.73
2013.03.11 12:29:02.967,1.05134,1.05157,1.13,1.73
2013.03.11 12:29:07.356,1.05134,1.05154,1.88,1.73
2013.03.11 12:29:07.657,1.05134,1.05155,3.83,1.73
2013.03.11 12:29:10.836,1.05134,1.05156,1.13,1.45
2013.03.11 12:29:10.957,1.05134,1.05157,1.88,1.73
2013.03.11 12:29:11.077,1.05133,1.05159,3.08,2.48
2013.03.11 12:29:11.207,1.05134,1.05159,1.13,2.88
2013.03.11 12:29:11.811,1.05134,1.05157,1.88,1.73
2013.03.11 12:29:13.828,1.05134,1.05159,1.88,2.88
2013.03.11 12:29:13.887,1.05134,1.05159,2.10,2.48
2013.03.11 12:29:18.390,1.05135,1.05159,1.50,1.73
2013.03.11 12:29:23.008,1.05135,1.05159,3.23,1.73
2013.03.11 12:29:36.678,1.05141,1.05159,1.50,1.73
2013.03.11 12:29:41.622,1.0514,1.05159,1.50,1.73
2013.03.11 12:29:44.069,1.05139,1.05161,1.50,1.50
2013.03.11 12:29:45.065,1.05139,1.05161,1.50,1.73
2013.03.11 12:29:45.647,1.05139,1.05159,1.50,1.73
2013.03.11 12:29:45.887,1.05138,1.05154,1.50,1.73
2013.03.11 12:29:45.947,1.05138,1.05154,1.50,1.73
2013.03.11 12:29:46.535,1.05136,1.05154,1.50,1.73
2013.03.11 12:29:47.200,1.05136,1.05154,1.50,1.73
2013.03.11 12:29:47.872,1.05136,1.05154,1.50,1.73
2013.03.11 12:29:52.757,1.05136,1.05154,1.50,1.73
2013.03.11 12:29:57.547,1.05136,1.05155,1.50,1.73
2013.03.11 12:30:00.437,1.05136,1.0516,3.00,2.88
2013.03.11 12:30:00.498,1.05138,1.0516,1.50,1.58
2013.03.11 12:30:00.617,1.05139,1.05163,1.50,3.23
2013.03.11 12:30:00.978,1.05147,1.05169,1.50,1.20
2013.03.11 12:30:01.837,1.05147,1.0517,2.25,1.54
2013.03.11 12:30:01.897,1.05148,1.05172,1.50,1.54
2013.03.11 12:30:02.353,1.05147,1.05174,2.25,2.16
2013.03.11 12:30:03.624,1.05146,1.05166,1.50,1.73
2013.03.11 12:30:03.689,1.05146,1.05166,1.50,1.73
2013.03.11 12:30:03.752,1.05146,1.05166,1.50,1.73
2013.03.11 12:30:05.590,1.05146,1.05163,1.50,1.73
2013.03.11 12:30:05.937,1.05142,1.05163,2.25,2.48
2013.03.11 12:30:06.898,1.05144,1.05168,1.50,2.48
2013.03.11 12:30:09.578,1.05142,1.05168,2.48,1.73
2013.03.11 12:30:14.347,1.05142,1.05169,2.48,3.08
2013.03.11 12:30:14.716,1.05142,1.05165,1.50,1.73
2013.03.11 12:30:14.777,1.05142,1.05165,1.50,1.73
2013.03.11 12:30:15.688,1.05141,1.05164,3.98,1.73
2013.03.11 12:30:15.747,1.05141,1.05163,3.75,1.52
2013.03.11 12:30:16.417,1.05141,1.05164,3.00,1.73
2013.03.11 12:30:16.897,1.05141,1.05164,1.73,1.73
2013.03.11 12:30:16.958,1.05142,1.05166,1.50,2.48
2013.03.11 12:30:21.647,1.05145,1.05171,2.25,2.48
2013.03.11 12:30:22.221,1.05148,1.05172,1.50,1.73
2013.03.11 12:30:24.677,1.05148,1.05172,1.50,1.73
2013.03.11 12:30:27.770,1.05151,1.05173,1.50,1.45
2013.03.11 12:30:28.277,1.05148,1.05172,2.25,1.62
2013.03.11 12:30:33.067,1.05148,1.05171,1.50,1.43
2013.03.11 12:30:33.650,1.05148,1.0517,1.50,1.35
2013.03.11 12:30:40.028,1.05148,1.0517,1.50,1.35
2013.03.11 12:30:40.267,1.05148,1.05169,1.50,1.35
2013.03.11 12:30:41.066,1.05145,1.05168,2.25,1.73
2013.03.11 12:30:44.377,1.05145,1.05167,1.50,1.58
2013.03.11 12:30:44.497,1.05141,1.05164,2.48,1.73
2013.03.11 12:30:44.557,1.05141,1.05164,2.25,1.73
2013.03.11 12:30:45.857,1.05141,1.05164,2.25,2.36
2013.03.11 12:31:13.627,1.05141,1.05159,1.50,1.50
2013.03.11 12:31:13.884,1.0514,1.05164,1.73,1.73
2013.03.11 12:31:13.961,1.05141,1.05167,1.50,2.85
2013.03.11 12:31:14.198,1.05144,1.05169,2.25,3.00
2013.03.11 12:31:20.647,1.05143,1.05168,2.25,1.73
2013.03.11 12:31:22.857,1.05146,1.05169,1.50,1.73
2013.03.11 12:31:22.918,1.05146,1.05169,2.25,1.73
2013.03.11 12:31:22.980,1.05146,1.05169,1.50,3.23
2013.03.11 12:31:23.528,1.05146,1.05166,1.50,1.73
2013.03.11 12:31:23.589,1.05142,1.05162,2.48,1.73
2013.03.11 12:31:23.949,1.0514,1.05164,2.48,2.33
2013.03.11 12:31:24.268,1.0514,1.05164,3.00,2.23
2013.03.11 12:31:24.678,1.0514,1.05163,3.00,1.20
2013.03.11 12:31:25.997,1.0514,1.05163,2.25,1.35
2013.03.11 12:31:26.969,1.0514,1.05163,2.25,1.95
2013.03.11 12:31:27.438,1.0514,1.05163,1.50,1.95
2013.03.11 12:31:27.932,1.0514,1.05164,1.50,2.10
2013.03.11 12:31:28.057,1.05142,1.05164,1.50,2.10
2013.03.11 12:31:28.578,1.0514,1.05163,2.25,1.58
2013.03.11 12:31:31.128,1.0514,1.05164,1.50,1.35
2013.03.11 12:31:32.767,1.05142,1.05165,1.50,1.35
2013.03.11 12:31:33.068,1.05144,1.05166,3.00,1.35
2013.03.11 12:31:33.525,1.05144,1.05166,3.00,1.35
2013.03.11 12:31:34.478,1.05144,1.05167,3.98,1.35
2013.03.11 12:31:34.658,1.05143,1.05169,2.25,1.73
2013.03.11 12:31:34.718,1.05145,1.05169,1.50,1.73
2013.03.11 12:31:35.530,1.05145,1.05168,1.50,2.10
2013.03.11 12:31:36.097,1.05145,1.05169,2.25,2.10
2013.03.11 12:31:36.220,1.05142,1.05166,1.50,1.73
2013.03.11 12:31:36.777,1.05142,1.05166,1.50,1.73
2013.03.11 12:31:37.428,1.05142,1.05166,1.50,1.73
2013.03.11 12:31:37.980,1.05142,1.05165,1.50,1.58
2013.03.11 12:31:38.307,1.05141,1.05163,2.25,1.73
2013.03.11 12:31:39.274,1.05141,1.05163,1.50,1.73
2013.03.11 12:31:40.788,1.05141,1.05165,1.50,3.31
2013.03.11 12:31:45.309,1.0514,1.05165,2.25,1.44
2013.03.11 12:31:45.488,1.05144,1.05166,2.48,1.58
2013.03.11 12:31:45.908,1.05143,1.05167,1.50,1.73
2013.03.11 12:31:46.443,1.05143,1.05167,1.50,1.35
2013.03.11 12:31:48.241,1.05141,1.05165,2.25,1.73
2013.03.11 12:31:48.368,1.05141,1.05164,3.00,1.73
2013.03.11 12:31:48.728,1.05141,1.05164,3.00,2.13
2013.03.11 12:31:49.029,1.05141,1.05164,3.00,1.61
2013.03.11 12:31:49.090,1.05141,1.05164,1.50,2.36
2013.03.11 12:31:49.209,1.05136,1.05159,1.88,1.73
2013.03.11 12:31:49.328,1.05136,1.05159,2.63,1.73
2013.03.11 12:31:49.892,1.05136,1.0516,3.23,1.35
2013.03.11 12:31:52.507,1.05136,1.05161,2.48,1.35
2013.03.11 12:31:58.658,1.05138,1.0516,1.50,1.35
2013.03.11 12:32:00.627,1.05138,1.05164,2.25,1.35
2013.03.11 12:32:01.107,1.05137,1.05157,1.50,1.73
2013.03.11 12:32:01.648,1.05136,1.05155,1.50,1.73
2013.03.11 12:32:01.708,1.05136,1.05155,1.50,1.73
2013.03.11 12:32:02.267,1.05136,1.05155,1.50,2.02
2013.03.11 12:32:02.688,1.05136,1.05155,2.25,1.27
2013.03.11 12:32:03.378,1.05136,1.05157,1.50,1.27
2013.03.11 12:32:03.438,1.05136,1.05159,3.00,2.48
2013.03.11 12:32:04.005,1.05134,1.05157,2.70,1.73
2013.03.11 12:32:05.578,1.05134,1.05151,1.95,1.73
2013.03.11 12:32:05.757,1.05134,1.05151,2.70,1.73
2013.03.11 12:32:06.097,1.05134,1.05153,2.70,1.73
2013.03.11 12:32:06.218,1.05134,1.05151,2.70,1.73
2013.03.11 12:32:06.789,1.05134,1.05151,2.70,1.73
2013.03.11 12:32:07.327,1.05134,1.05153,1.95,1.73
2013.03.11 12:32:07.388,1.05134,1.05153,2.70,1.73
2013.03.11 12:32:07.448,1.05134,1.05153,2.70,1.73
2013.03.11 12:32:07.508,1.05134,1.05155,2.70,2.48
2013.03.11 12:32:08.418,1.05134,1.05152,2.70,1.73
2013.03.11 12:32:08.477,1.05134,1.05152,2.70,1.73
2013.03.11 12:32:08.798,1.05133,1.05156,2.70,2.48
2013.03.11 12:32:09.545,1.05133,1.05156,2.70,1.73
2013.03.11 12:32:10.126,1.05133,1.05156,2.70,1.73
2013.03.11 12:32:11.445,1.05133,1.05156,2.70,1.73
2013.03.11 12:32:12.478,1.05133,1.05153,2.70,2.07
2013.03.11 12:32:12.838,1.05133,1.05154,2.70,2.48
2013.03.11 12:32:14.977,1.05133,1.05154,2.70,2.48
2013.03.11 12:32:16.367,1.05133,1.05152,2.70,1.58
2013.03.11 12:32:16.428,1.05133,1.05145,2.70,1.23
2013.03.11 12:32:16.667,1.05133,1.05148,1.95,1.54
2013.03.11 12:32:17.388,1.05133,1.05149,1.95,1.63
2013.03.11 12:32:17.958,1.05133,1.05148,1.95,1.29
2013.03.11 12:32:18.738,1.05133,1.05149,2.70,1.43
2013.03.11 12:32:20.327,1.05129,1.05148,1.22,1.58
2013.03.11 12:32:20.391,1.05129,1.05148,1.22,1.58
2013.03.11 12:32:20.628,1.05129,1.05148,1.61,1.58
2013.03.11 12:32:20.959,1.05128,1.05145,1.56,1.54
2013.03.11 12:32:23.308,1.05128,1.05149,1.56,2.07
2013.03.11 12:32:24.918,1.0513,1.05151,1.50,1.73
2013.03.11 12:32:25.157,1.0513,1.05149,2.31,1.36
2013.03.11 12:32:27.538,1.05129,1.05149,1.61,2.49
2013.03.11 12:32:28.332,1.05126,1.05149,3.87,2.25
2013.03.11 12:32:29.128,1.05129,1.05149,1.56,2.25
2013.03.11 12:32:29.248,1.05129,1.05149,2.31,1.73
2013.03.11 12:32:29.727,1.05126,1.05148,2.53,1.73
2013.03.11 12:32:29.908,1.05126,1.05146,1.50,1.73
2013.03.11 12:32:30.089,1.05126,1.05146,1.50,1.73
2013.03.11 12:32:30.517,1.05126,1.05146,1.50,1.73
2013.03.11 12:32:30.758,1.05126,1.0515,1.73,1.73
2013.03.11 12:32:30.878,1.05126,1.0515,1.50,1.73
2013.03.11 12:32:30.997,1.05126,1.0515,1.50,1.73
2013.03.11 12:32:36.319,1.05126,1.0515,2.25,1.73
2013.03.11 12:32:36.438,1.05125,1.05146,1.50,1.73
2013.03.11 12:32:36.617,1.05124,1.05146,1.50,1.73
2013.03.11 12:32:37.971,1.05124,1.05146,3.00,1.73
2013.03.11 12:32:41.987,1.05126,1.05151,1.50,3.30
2013.03.11 12:32:46.548,1.05126,1.05151,1.50,3.30
2013.03.11 12:32:47.342,1.05127,1.05151,1.50,2.10
2013.03.11 12:32:47.727,1.05126,1.05151,3.75,1.73
2013.03.11 12:32:48.363,1.05128,1.05152,2.25,1.73
2013.03.11 12:32:50.729,1.05131,1.05152,1.50,1.73
2013.03.11 12:32:50.789,1.05131,1.05154,3.75,1.38
2013.03.11 12:32:51.090,1.05138,1.05159,1.35,1.56
2013.03.11 12:32:51.268,1.05138,1.0516,1.35,1.73
2013.03.11 12:32:51.768,1.0514,1.05164,1.50,3.04
2013.03.11 12:32:52.187,1.05138,1.05162,2.25,1.38
2013.03.11 12:32:52.715,1.05136,1.05161,1.50,2.27
2013.03.11 12:32:53.758,1.0514,1.05162,1.50,1.50
2013.03.11 12:32:54.267,1.0514,1.05163,1.50,2.20
2013.03.11 12:32:54.578,1.0514,1.05163,1.50,2.20
2013.03.11 12:32:54.698,1.05141,1.05163,1.50,1.73
2013.03.11 12:33:09.048,1.0514,1.05163,1.73,2.48
2013.03.11 12:33:09.237,1.05139,1.0516,1.50,1.73
2013.03.11 12:33:09.438,1.05136,1.05158,2.63,1.73
2013.03.11 12:33:09.617,1.05136,1.0516,1.13,2.33
2013.03.11 12:33:09.678,1.05136,1.0516,1.13,1.73
2013.03.11 12:33:10.267,1.05138,1.05159,1.50,1.73
2013.03.11 12:33:10.643,1.05136,1.05159,1.13,1.73
2013.03.11 12:33:11.848,1.05136,1.05159,1.13,1.73
2013.03.11 12:33:18.127,1.05136,1.05156,1.50,1.35
2013.03.11 12:33:18.247,1.0513,1.05147,1.73,1.50
2013.03.11 12:33:18.368,1.0513,1.0515,1.13,1.73
2013.03.11 12:33:18.607,1.0513,1.05153,2.48,2.48
2013.03.11 12:33:19.143,1.05132,1.05153,1.50,2.48
2013.03.11 12:33:22.078,1.05132,1.05154,3.00,1.73
2013.03.11 12:33:22.850,1.0513,1.05156,1.73,1.58
2013.03.11 12:33:23.238,1.0513,1.05154,2.48,1.73
2013.03.11 12:33:34.357,1.0513,1.05156,2.48,1.58
2013.03.11 12:33:34.657,1.05135,1.05157,1.50,2.48
2013.03.11 12:33:36.919,1.05135,1.05158,1.50,1.73
2013.03.11 12:33:41.958,1.05135,1.05158,2.48,1.73
2013.03.11 12:33:42.198,1.05135,1.05156,1.50,1.73
2013.03.11 12:33:42.706,1.05135,1.05156,1.50,1.73
2013.03.11 12:33:43.236,1.05135,1.05156,1.50,1.73
2013.03.11 12:33:45.149,1.05135,1.05156,1.50,1.35
2013.03.11 12:33:45.700,1.05135,1.05157,1.50,2.48
2013.03.11 12:33:46.711,1.05135,1.05157,1.50,2.48
2013.03.11 12:33:46.948,1.05135,1.05157,1.50,1.73
2013.03.11 12:33:47.938,1.05135,1.05158,1.50,1.73
2013.03.11 12:33:48.249,1.05136,1.05159,1.50,1.73
2013.03.11 12:33:51.378,1.05135,1.05159,1.50,2.48
2013.03.11 12:34:10.777,1.05135,1.05158,1.50,2.16
2013.03.11 12:34:11.108,1.05135,1.05155,1.50,1.73
2013.03.11 12:34:11.668,1.05135,1.05155,1.50,2.25
2013.03.11 12:34:15.778,1.05126,1.0515,3.00,2.22
2013.03.11 12:34:15.967,1.05126,1.05147,3.00,1.73
2013.03.11 12:34:18.668,1.05126,1.05148,1.50,1.73
2013.03.11 12:34:19.088,1.05124,1.05148,2.25,1.73
2013.03.11 12:34:19.627,1.05121,1.05146,7.35,1.73
2013.03.11 12:34:19.694,1.05121,1.05144,4.88,1.47
2013.03.11 12:34:19.877,1.05122,1.05146,2.10,1.73
2013.03.11 12:34:20.418,1.05122,1.05146,1.50,1.73
2013.03.11 12:34:20.658,1.05122,1.05146,1.50,1.73
2013.03.11 12:34:31.029,1.0512,1.0514,1.35,1.73
2013.03.11 12:34:31.105,1.0512,1.05138,1.35,1.73
2013.03.11 12:34:31.407,1.05117,1.05141,3.38,3.23
2013.03.11 12:34:31.468,1.05117,1.0514,2.63,1.73
2013.03.11 12:34:32.029,1.0512,1.0514,1.35,1.73
2013.03.11 12:34:35.189,1.0512,1.05143,1.50,1.73
2013.03.11 12:34:40.148,1.0512,1.05143,1.50,1.73
2013.03.11 12:34:41.648,1.05122,1.05146,1.50,1.63
2013.03.11 12:34:41.708,1.05122,1.05148,3.23,1.73
2013.03.11 12:34:44.388,1.05123,1.05146,1.50,1.73
2013.03.11 12:34:44.589,1.05122,1.05146,1.50,1.73
2013.03.11 12:34:52.638,1.05123,1.05147,1.50,1.27
2013.03.11 12:34:52.698,1.05123,1.05148,1.73,2.48
2013.03.11 12:34:57.168,1.05124,1.05146,1.50,1.73
2013.03.11 12:34:57.288,1.05121,1.05146,2.25,1.73
2013.03.11 12:34:57.372,1.05121,1.05146,2.48,1.73
2013.03.11 12:34:57.438,1.05121,1.05148,2.48,3.83
2013.03.11 12:34:59.588,1.05124,1.05148,1.35,1.73
2013.03.11 12:34:59.648,1.05128,1.05152,1.73,1.73
2013.03.11 12:35:10.599,1.0513,1.05149,1.50,1.73
2013.03.11 12:35:10.838,1.05128,1.05149,1.50,2.48
2013.03.11 12:35:11.009,1.05128,1.05149,2.25,2.48
2013.03.11 12:35:11.128,1.05127,1.05149,2.25,1.73
2013.03.11 12:35:11.249,1.0513,1.05152,2.25,1.73
2013.03.11 12:35:11.368,1.05128,1.05152,3.00,2.48
2013.03.11 12:35:20.358,1.05128,1.05155,4.13,2.48
2013.03.11 12:35:20.538,1.05128,1.05155,4.13,1.73
2013.03.11 12:35:20.598,1.05128,1.05155,4.13,1.73
2013.03.11 12:35:21.394,1.05134,1.05159,1.50,1.73
2013.03.11 12:35:21.882,1.05134,1.05158,1.50,1.73
2013.03.11 12:35:22.081,1.05133,1.05156,2.25,1.63
2013.03.11 12:35:22.918,1.05133,1.05156,1.50,2.38
2013.03.11 12:35:23.928,1.05131,1.05153,1.50,1.73
2013.03.11 12:35:26.448,1.0513,1.05155,3.08,1.73
2013.03.11 12:35:29.118,1.0513,1.05155,2.85,1.73
2013.03.11 12:35:31.449,1.0513,1.05155,3.08,1.73
2013.03.11 12:35:32.481,1.0513,1.05155,2.85,1.73
2013.03.11 12:35:38.089,1.05135,1.05159,2.10,2.48
2013.03.11 12:35:38.208,1.05137,1.05159,1.73,1.73
2013.03.11 12:35:38.862,1.05138,1.05161,1.50,1.73
2013.03.11 12:35:49.772,1.05138,1.05159,1.50,2.48
2013.03.11 12:35:50.077,1.05138,1.05159,1.50,2.48
2013.03.11 12:35:50.618,1.05138,1.05159,1.50,2.48
2013.03.11 12:35:55.648,1.05138,1.05161,2.25,1.73
2013.03.11 12:36:01.536,1.05136,1.05159,2.10,1.73
2013.03.11 12:36:02.089,1.05141,1.05164,3.00,1.73
2013.03.11 12:36:03.010,1.05141,1.05162,1.50,1.73
2013.03.11 12:36:16.128,1.05141,1.0516,2.25,2.34
2013.03.11 12:36:16.690,1.05139,1.05159,1.50,1.73
2013.03.11 12:36:22.308,1.05139,1.05161,1.50,2.18
2013.03.11 12:36:23.002,1.05139,1.05158,1.50,1.73
2013.03.11 12:36:26.318,1.0514,1.05158,2.25,1.73
2013.03.11 12:36:26.439,1.05141,1.05162,1.50,1.73
2013.03.11 12:36:26.559,1.05141,1.05159,1.35,1.73
2013.03.11 12:36:26.618,1.05139,1.05159,1.69,1.73
2013.03.11 12:36:26.679,1.05139,1.0516,3.00,1.73
2013.03.11 12:36:30.530,1.05138,1.05154,1.50,2.48
2013.03.11 12:36:30.649,1.05133,1.05152,2.10,1.73
2013.03.11 12:36:30.708,1.05133,1.05152,2.10,2.48
2013.03.11 12:36:31.068,1.05132,1.0515,1.88,1.73
2013.03.11 12:36:39.478,1.05131,1.05153,3.60,1.73
2013.03.11 12:36:39.658,1.05131,1.05155,2.85,1.73
2013.03.11 12:36:56.870,1.05129,1.05152,2.48,1.73
2013.03.11 12:36:56.931,1.05128,1.05152,1.88,2.16
2013.03.11 12:37:04.680,1.05128,1.05153,2.10,2.48
2013.03.11 12:37:04.858,1.05129,1.05152,1.73,1.73
2013.03.11 12:37:05.098,1.05129,1.05153,1.50,2.48
2013.03.11 12:37:05.591,1.05129,1.05152,2.10,1.95
2013.03.11 12:37:11.928,1.05129,1.05152,1.35,1.20
2013.03.11 12:37:12.048,1.05129,1.05153,1.35,1.73
2013.03.11 12:37:21.228,1.05134,1.05157,2.25,1.23
2013.03.11 12:37:21.408,1.05136,1.05158,1.50,1.73
2013.03.11 12:37:22.029,1.05136,1.05158,1.50,1.73
2013.03.11 12:37:28.418,1.05135,1.05156,1.50,1.73
2013.03.11 12:37:28.478,1.05135,1.05154,1.50,1.73
2013.03.11 12:37:29.062,1.05135,1.05154,1.50,1.73
2013.03.11 12:37:30.498,1.05135,1.05154,1.50,1.73
2013.03.11 12:37:31.692,1.05135,1.05154,1.50,1.73
2013.03.11 12:37:39.378,1.05138,1.05157,2.25,2.28
2013.03.11 12:37:39.558,1.05141,1.05162,1.50,1.35
2013.03.11 12:37:39.818,1.05141,1.05158,1.50,1.35
2013.03.11 12:37:39.939,1.0514,1.05161,1.50,1.73
2013.03.11 12:37:43.930,1.0514,1.05159,1.50,1.73
2013.03.11 12:37:48.418,1.0514,1.05161,1.50,1.23
2013.03.11 12:37:49.040,1.0514,1.05162,1.69,2.38
2013.03.11 12:37:49.098,1.0514,1.05162,1.69,2.38
2013.03.11 12:37:49.671,1.05139,1.05161,1.50,1.54
2013.03.11 12:37:51.388,1.0514,1.05163,1.50,1.54
2013.03.11 12:37:51.568,1.05141,1.05165,1.73,1.73
2013.03.11 12:37:56.209,1.0514,1.05163,2.25,1.73
2013.03.11 12:37:56.629,1.05139,1.05162,1.50,1.32
2013.03.11 12:38:01.357,1.05138,1.05162,1.88,1.36
2013.03.11 12:38:06.718,1.05138,1.05162,1.88,1.20
2013.03.11 12:38:07.356,1.05138,1.05162,1.88,1.50
2013.03.11 12:38:08.199,1.05138,1.0516,1.88,1.43
2013.03.11 12:38:08.379,1.05138,1.0516,1.13,1.34
2013.03.11 12:38:09.214,1.05138,1.0516,1.88,1.73
2013.03.11 12:38:15.239,1.05138,1.05162,1.50,2.11
2013.03.11 12:38:17.433,1.05138,1.05161,1.50,1.54
2013.03.11 12:38:18.968,1.05138,1.05162,1.50,2.00
2013.03.11 12:38:20.004,1.05138,1.05161,1.50,1.25
2013.03.11 12:38:20.678,1.05138,1.05162,1.50,1.95
2013.03.11 12:38:22.639,1.05141,1.05162,1.35,1.27
2013.03.11 12:38:22.982,1.0514,1.05161,1.50,1.34
2013.03.11 12:38:23.054,1.05141,1.05161,1.35,1.11
2013.03.11 12:38:27.880,1.0514,1.05161,1.50,1.95
2013.03.11 12:38:32.729,1.05139,1.05161,1.50,2.22
2013.03.11 12:38:39.898,1.05138,1.05161,1.50,2.29
2013.03.11 12:38:45.799,1.05139,1.05163,1.50,1.73
2013.03.11 12:38:47.768,1.05142,1.05166,3.23,1.35
2013.03.11 12:38:51.918,1.05143,1.05169,2.48,1.73
2013.03.11 12:38:53.311,1.05144,1.05168,3.23,2.48
2013.03.11 12:38:53.429,1.05144,1.05166,3.75,1.98
2013.03.11 12:38:53.668,1.05144,1.05163,3.75,1.73
2013.03.11 12:38:56.180,1.05143,1.05163,1.50,1.73
2013.03.11 12:38:57.540,1.05143,1.05162,1.50,1.32
2013.03.11 12:39:05.670,1.05141,1.05162,1.50,1.09
2013.03.11 12:39:07.918,1.05142,1.05165,1.35,2.04
2013.03.11 12:39:12.618,1.05141,1.05164,1.35,1.73
2013.03.11 12:39:15.688,1.05143,1.05168,2.25,1.73
2013.03.11 12:39:16.203,1.05148,1.05171,1.50,1.38
2013.03.11 12:39:19.767,1.05147,1.05171,2.10,1.52
2013.03.11 12:39:22.128,1.05147,1.05166,1.50,1.25
2013.03.11 12:39:22.979,1.05143,1.05167,3.00,1.73
2013.03.11 12:39:25.588,1.05143,1.05168,3.75,1.73
2013.03.11 12:39:25.648,1.05143,1.05166,3.75,1.38
2013.03.11 12:39:25.948,1.05141,1.05165,1.50,1.73
2013.03.11 12:39:26.828,1.05142,1.05162,1.35,1.73
2013.03.11 12:39:27.148,1.05142,1.05161,1.35,1.27
2013.03.11 12:39:28.869,1.05141,1.05162,1.50,1.29
2013.03.11 12:39:29.292,1.05141,1.05162,1.50,2.04
2013.03.11 12:39:29.479,1.05136,1.05154,2.25,1.61
2013.03.11 12:39:29.782,1.05135,1.05152,1.50,1.27
2013.03.11 12:39:31.238,1.05134,1.05152,1.50,1.61
2013.03.11 12:39:31.578,1.05134,1.05154,1.35,1.61
2013.03.11 12:39:35.797,1.05133,1.05155,1.35,1.73
2013.03.11 12:39:36.049,1.05133,1.05154,1.54,1.38
2013.03.11 12:39:43.198,1.05133,1.05155,1.54,1.73
2013.03.11 12:39:43.390,1.05133,1.05154,1.54,1.29
2013.03.11 12:39:45.901,1.0513,1.05153,3.00,2.04
2013.03.11 12:39:46.258,1.05136,1.05156,1.13,1.36
2013.03.11 12:39:46.318,1.05136,1.05156,1.88,1.36
2013.03.11 12:39:46.378,1.05136,1.05153,1.88,1.43
2013.03.11 12:39:47.133,1.05135,1.05153,1.50,2.04
2013.03.11 12:39:51.213,1.05135,1.05153,1.50,1.73
2013.03.11 12:40:04.110,1.05135,1.05157,1.35,1.95
2013.03.11 12:40:04.581,1.05134,1.05152,1.50,1.73
2013.03.11 12:40:09.111,1.05131,1.05153,2.25,1.73
2013.03.11 12:40:09.488,1.05134,1.05155,1.50,1.29
2013.03.11 12:40:10.872,1.05133,1.05154,1.50,1.73
2013.03.11 12:40:11.533,1.05133,1.05153,1.50,1.73
2013.03.11 12:40:21.388,1.05134,1.05155,3.60,1.54
2013.03.11 12:40:21.509,1.05134,1.05156,3.60,1.73
2013.03.11 12:40:22.296,1.05134,1.05156,3.60,1.73
2013.03.11 12:40:25.178,1.05136,1.05156,2.25,1.73
2013.03.11 12:40:25.549,1.0514,1.05163,2.25,1.73
2013.03.11 12:40:26.398,1.05141,1.05165,2.25,1.73
2013.03.11 12:40:26.518,1.05141,1.05167,2.48,1.73
2013.03.11 12:40:27.335,1.05143,1.05169,2.25,2.85
2013.03.11 12:40:28.358,1.05141,1.05166,4.73,1.73
2013.03.11 12:40:46.219,1.05141,1.05164,1.50,2.48
2013.03.11 12:40:47.145,1.05141,1.05162,1.50,1.73
2013.03.11 12:40:53.328,1.05141,1.05166,1.50,1.73
2013.03.11 12:41:03.341,1.05142,1.05165,2.48,1.73
2013.03.11 12:41:03.459,1.05142,1.0516,1.50,1.73
2013.03.11 12:41:05.319,1.05139,1.0516,1.88,2.48
2013.03.11 12:41:10.820,1.05139,1.0516,1.88,1.73
2013.03.11 12:41:11.396,1.05139,1.05162,1.88,1.73
2013.03.11 12:41:27.118,1.05138,1.0516,2.25,1.73
2013.03.11 12:41:27.239,1.05138,1.05159,1.50,1.73
2013.03.11 12:41:27.764,1.05138,1.05159,1.50,1.73
2013.03.11 12:41:31.858,1.05137,1.05155,1.35,1.73
2013.03.11 12:41:33.738,1.05136,1.05155,1.50,1.73
2013.03.11 12:41:43.769,1.05134,1.05155,2.25,1.73
2013.03.11 12:41:43.949,1.05134,1.05155,2.48,1.73
2013.03.11 12:41:44.179,1.05135,1.05158,1.73,1.73
2013.03.11 12:41:47.450,1.05135,1.05158,1.50,1.73
2013.03.11 12:42:02.369,1.05135,1.05158,1.73,2.48
2013.03.11 12:42:06.828,1.05135,1.05157,1.73,1.73
2013.03.11 12:42:07.248,1.05133,1.05154,1.50,1.73
2013.03.11 12:42:07.340,1.05132,1.05154,2.48,1.73
2013.03.11 12:42:07.901,1.05132,1.05148,1.50,1.50
2013.03.11 12:42:22.099,1.0513,1.05147,1.73,1.50
2013.03.11 12:42:22.278,1.0513,1.05144,1.73,1.50
2013.03.11 12:42:22.400,1.05127,1.05149,2.25,2.25
2013.03.11 12:42:24.349,1.05129,1.05149,1.50,1.73
2013.03.11 12:42:25.609,1.05129,1.05154,2.48,1.73
2013.03.11 12:42:30.330,1.0513,1.05154,1.73,2.48
2013.03.11 12:42:30.894,1.05129,1.05151,2.10,1.73
2013.03.11 12:42:31.553,1.05129,1.05151,2.10,1.73
2013.03.11 12:42:32.529,1.05129,1.05152,2.10,1.73
2013.03.11 12:42:32.649,1.05129,1.05152,2.10,1.73
2013.03.11 12:42:43.648,1.05129,1.05153,1.20,2.48
2013.03.11 12:42:43.888,1.05129,1.0515,1.50,1.73
2013.03.11 12:42:43.950,1.05129,1.05152,1.50,1.73
2013.03.11 12:42:46.201,1.0513,1.05148,1.88,1.50
2013.03.11 12:42:46.379,1.0513,1.05148,1.88,1.73
2013.03.11 12:42:47.299,1.0513,1.05148,1.13,1.73
2013.03.11 12:42:50.392,1.05128,1.05153,3.00,1.73
2013.03.11 12:42:50.568,1.05128,1.05153,3.23,1.73
2013.03.11 12:42:52.728,1.05129,1.05153,1.73,1.73
2013.03.11 12:42:53.108,1.05129,1.0515,1.73,1.73
2013.03.11 12:42:53.169,1.05128,1.0515,1.50,2.48
2013.03.11 12:42:53.804,1.05128,1.05149,1.50,1.73
2013.03.11 12:42:54.958,1.05127,1.05149,2.85,1.73
2013.03.11 12:43:10.238,1.05129,1.05149,1.50,1.73
2013.03.11 12:43:10.652,1.05129,1.05154,1.50,2.48
2013.03.11 12:43:10.780,1.05131,1.05155,3.75,1.73
2013.03.11 12:43:10.838,1.05131,1.05156,3.00,1.73
2013.03.11 12:43:11.169,1.05131,1.05155,3.00,1.73
2013.03.11 12:43:11.229,1.05131,1.05151,2.48,1.73
2013.03.11 12:43:20.418,1.05131,1.05156,2.48,1.73
2013.03.11 12:43:20.539,1.05132,1.05158,1.50,2.48
2013.03.11 12:43:22.409,1.05134,1.05158,1.35,1.50
2013.03.11 12:43:22.531,1.05136,1.05161,2.25,2.85
2013.03.11 12:43:30.829,1.05136,1.05159,1.73,2.48
2013.03.11 12:43:31.034,1.05136,1.05155,1.73,1.50
2013.03.11 12:43:31.544,1.05136,1.05155,1.73,1.50
2013.03.11 12:43:35.619,1.05135,1.05158,3.00,1.73
2013.03.11 12:43:35.739,1.05136,1.0516,1.50,1.73
2013.03.11 12:43:38.729,1.05136,1.05154,1.73,1.50
2013.03.11 12:43:39.304,1.05136,1.05154,1.73,1.50
2013.03.11 12:43:55.951,1.05135,1.05154,2.33,1.50
2013.03.11 12:43:57.777,1.05135,1.05154,1.35,1.50
2013.03.11 12:43:58.079,1.05128,1.05143,1.50,1.50
2013.03.11 12:43:58.259,1.05124,1.05143,1.73,1.50
2013.03.11 12:44:04.449,1.05123,1.05143,1.73,2.25
2013.03.11 12:44:04.509,1.05123,1.05143,1.50,2.48
2013.03.11 12:44:04.629,1.05121,1.05142,3.83,1.73
2013.03.11 12:44:04.689,1.05121,1.05139,3.83,1.73
2013.03.11 12:44:04.808,1.0512,1.05139,1.73,1.73
2013.03.11 12:44:11.558,1.05118,1.05139,3.75,1.73
2013.03.11 12:44:12.859,1.05118,1.05142,3.23,2.48
2013.03.11 12:44:12.979,1.0512,1.05142,1.50,2.48
2013.03.11 12:44:13.599,1.05124,1.05144,2.25,1.73
2013.03.11 12:44:21.659,1.05124,1.05142,1.50,2.25
2013.03.11 12:44:21.839,1.05123,1.05141,1.50,1.73
2013.03.11 12:44:21.898,1.05123,1.05143,1.73,1.50
2013.03.11 12:44:22.198,1.05121,1.05139,1.50,1.73
2013.03.11 12:44:26.759,1.05121,1.05139,1.50,1.73
2013.03.11 12:44:29.840,1.05121,1.05139,2.25,1.73
2013.03.11 12:44:30.199,1.05122,1.05143,1.35,2.00
2013.03.11 12:44:30.259,1.05122,1.05143,1.35,1.50
2013.03.11 12:44:30.319,1.05122,1.05143,1.35,1.50
2013.03.11 12:44:30.379,1.05121,1.05139,3.00,1.50
2013.03.11 12:44:32.299,1.05118,1.05139,2.25,1.73
2013.03.11 12:44:32.864,1.05117,1.05139,1.50,1.73
2013.03.11 12:44:40.169,1.05117,1.05139,2.48,1.73
2013.03.11 12:44:40.529,1.0512,1.05141,1.35,1.50
2013.03.11 12:44:40.652,1.05117,1.05141,2.10,1.73
2013.03.11 12:44:43.729,1.05117,1.05139,1.73,1.73
2013.03.11 12:44:52.375,1.05118,1.05139,2.48,1.73
2013.03.11 12:44:52.559,1.0512,1.05139,1.50,1.73
2013.03.11 12:44:59.169,1.0512,1.05139,2.48,1.50
2013.03.11 12:44:59.289,1.0512,1.05139,1.50,1.73
2013.03.11 12:44:59.883,1.05115,1.05134,2.48,1.50
2013.03.11 12:44:59.961,1.05115,1.05138,1.50,1.73
2013.03.11 12:45:01.709,1.05115,1.05138,1.73,3.23
2013.03.11 12:45:03.062,1.05115,1.05136,1.73,1.50
2013.03.11 12:45:03.179,1.05114,1.0513,1.13,1.50
2013.03.11 12:45:03.239,1.05113,1.0513,1.88,1.50
2013.03.11 12:45:03.359,1.05111,1.0513,2.63,1.73
2013.03.11 12:45:03.848,1.05111,1.0513,1.73,1.50
2013.03.11 12:45:04.163,1.05114,1.05138,1.13,2.48
2013.03.11 12:45:06.309,1.05114,1.05136,1.73,1.73
2013.03.11 12:45:06.568,1.05111,1.05129,4.65,1.73
2013.03.11 12:45:07.299,1.05111,1.05129,2.40,1.73
2013.03.11 12:45:12.621,1.05109,1.05129,1.73,1.73
2013.03.11 12:45:12.929,1.05109,1.05126,1.65,1.73
2013.03.11 12:45:18.529,1.0511,1.05128,2.25,1.73
2013.03.11 12:45:18.589,1.0511,1.05128,2.48,1.73
2013.03.11 12:45:19.386,1.0511,1.0513,2.48,1.73
2013.03.11 12:45:25.429,1.0511,1.0513,1.65,1.73
2013.03.11 12:45:25.729,1.05108,1.05131,1.73,1.73
2013.03.11 12:45:25.909,1.05108,1.0513,1.13,1.73
2013.03.11 12:45:25.969,1.05107,1.0513,2.03,1.73
2013.03.11 12:45:29.132,1.05107,1.0513,1.13,1.73
2013.03.11 12:45:29.321,1.05109,1.05133,1.73,1.73
2013.03.11 12:45:31.039,1.05107,1.05129,2.03,1.73
2013.03.11 12:45:31.261,1.05107,1.05129,1.13,1.73
2013.03.11 12:45:31.869,1.05107,1.0513,2.03,1.73
2013.03.11 12:45:32.429,1.05106,1.05128,1.50,1.73
2013.03.11 12:45:33.189,1.05106,1.05128,2.40,1.73
2013.03.11 12:45:33.403,1.05108,1.05128,1.13,1.73
2013.03.11 12:45:38.679,1.05108,1.0513,1.13,1.73
2013.03.11 12:45:39.509,1.05106,1.0513,3.15,1.73
2013.03.11 12:45:40.119,1.05106,1.05129,2.25,1.73
2013.03.11 12:45:46.613,1.05106,1.05129,1.50,1.73
2013.03.11 12:45:54.019,1.05106,1.05129,2.25,1.73
2013.03.11 12:45:54.969,1.05106,1.05129,2.25,1.73
2013.03.11 12:45:55.489,1.05106,1.05129,2.25,1.73
2013.03.11 12:45:55.681,1.05104,1.05128,2.25,1.73
2013.03.11 12:45:55.745,1.05104,1.05128,2.25,1.73
2013.03.11 12:45:56.247,1.05102,1.05127,2.10,1.73
2013.03.11 12:46:06.360,1.05102,1.05125,2.48,1.73
2013.03.11 12:46:07.094,1.05102,1.05121,1.50,1.73
2013.03.11 12:46:15.089,1.05103,1.05121,1.50,1.73
2013.03.11 12:46:15.209,1.05101,1.05121,2.48,1.73
2013.03.11 12:46:15.329,1.05101,1.05124,2.48,1.73
2013.03.11 12:46:40.826,1.05103,1.05128,3.23,1.73
2013.03.11 12:46:42.989,1.05103,1.05127,1.73,1.73
2013.03.11 12:46:45.357,1.05103,1.05127,1.73,1.73
2013.03.11 12:46:45.899,1.05103,1.05128,1.73,2.48
2013.03.11 12:46:46.467,1.05103,1.05128,1.73,2.48
2013.03.11 12:47:02.532,1.05107,1.0513,1.73,1.73
2013.03.11 12:47:02.841,1.05108,1.0513,2.25,1.73
2013.03.11 12:47:22.389,1.0511,1.05133,1.50,1.73
2013.03.11 12:47:22.449,1.05109,1.05133,3.98,1.73
2013.03.11 12:47:27.050,1.0511,1.05134,2.25,1.73
2013.03.11 12:47:33.007,1.0511,1.05133,4.50,1.34
2013.03.11 12:47:38.845,1.0511,1.05133,2.25,1.34
2013.03.11 12:47:39.091,1.0511,1.05134,1.50,3.02
2013.03.11 12:47:39.329,1.0511,1.05129,1.50,1.73
2013.03.11 12:47:39.630,1.0511,1.05133,1.50,2.00
2013.03.11 12:47:40.056,1.0511,1.05133,1.50,2.31
2013.03.11 12:47:40.635,1.05108,1.0513,3.00,1.73
2013.03.11 12:47:41.360,1.05108,1.0513,3.23,1.73
2013.03.11 12:47:42.049,1.05108,1.05134,4.73,1.73
2013.03.11 12:47:42.601,1.05112,1.05136,3.00,2.33
2013.03.11 12:47:42.920,1.05114,1.05137,1.50,1.35
2013.03.11 12:47:44.119,1.05117,1.05139,1.50,2.10
2013.03.11 12:47:46.325,1.05117,1.05139,2.25,2.10
2013.03.11 12:47:46.569,1.05115,1.05138,2.25,1.73
2013.03.11 12:47:50.065,1.05116,1.05139,1.50,1.35
2013.03.11 12:47:50.839,1.05115,1.05136,3.75,1.73
2013.03.11 12:47:51.200,1.05115,1.05136,3.00,1.73
2013.03.11 12:47:54.619,1.05115,1.05138,2.25,1.73
2013.03.11 12:47:59.635,1.05114,1.05138,3.23,1.73
2013.03.11 12:48:00.076,1.05113,1.05136,1.35,1.58
2013.03.11 12:48:05.400,1.05116,1.05137,3.00,1.58
2013.03.11 12:48:05.519,1.05116,1.05137,3.75,2.33
2013.03.11 12:48:05.579,1.05116,1.05137,3.00,2.33
2013.03.11 12:48:08.380,1.05114,1.05136,1.73,1.73
2013.03.11 12:48:08.559,1.05113,1.05137,2.10,1.58
2013.03.11 12:48:09.089,1.05116,1.05139,1.50,1.35
2013.03.11 12:48:09.210,1.05114,1.05138,3.00,1.73
2013.03.11 12:48:09.329,1.05114,1.05138,2.25,1.73
2013.03.11 12:48:09.450,1.05117,1.05139,1.50,2.10
2013.03.11 12:48:10.130,1.05117,1.05139,3.00,1.73
2013.03.11 12:48:10.190,1.05117,1.05138,2.25,1.73
2013.03.11 12:48:10.754,1.05115,1.05138,1.50,2.48
2013.03.11 12:48:12.210,1.05114,1.05138,1.50,1.73
2013.03.11 12:48:22.184,1.05117,1.05138,1.50,1.73
2013.03.11 12:48:22.431,1.05117,1.05141,1.73,1.73
2013.03.11 12:48:22.670,1.0512,1.05141,2.25,1.73
2013.03.11 12:48:23.274,1.0512,1.05141,2.25,1.73
2013.03.11 12:48:24.399,1.0512,1.05141,1.50,1.73
2013.03.11 12:48:27.853,1.0512,1.05141,1.50,2.33
2013.03.11 12:48:28.265,1.0512,1.05138,1.50,1.73
2013.03.11 12:48:28.391,1.05117,1.05138,2.48,1.73
2013.03.11 12:48:28.691,1.05121,1.05141,1.50,1.73
2013.03.11 12:48:33.200,1.0512,1.05143,1.50,1.73
2013.03.11 12:48:33.879,1.05121,1.05144,1.50,1.35
2013.03.11 12:48:44.779,1.05122,1.05144,1.50,1.35
2013.03.11 12:48:45.330,1.05122,1.05143,3.00,1.35
2013.03.11 12:48:46.559,1.05121,1.05143,3.00,1.35
2013.03.11 12:48:47.851,1.05123,1.05144,1.50,1.35
2013.03.11 12:48:47.971,1.05121,1.05144,3.00,2.10
2013.03.11 12:48:50.121,1.0512,1.05144,1.50,2.10
2013.03.11 12:48:50.180,1.05119,1.05143,1.50,1.73
2013.03.11 12:48:50.684,1.05119,1.05143,1.50,1.58
2013.03.11 12:48:51.220,1.05119,1.05143,2.25,2.10
2013.03.11 12:48:52.264,1.05122,1.05143,1.50,2.10
2013.03.11 12:48:52.330,1.05122,1.05143,3.00,1.35
2013.03.11 12:48:53.189,1.05122,1.05143,2.25,1.35
2013.03.11 12:48:56.924,1.05122,1.05143,1.50,1.35
2013.03.11 12:48:57.110,1.05121,1.05136,1.50,1.73
2013.03.11 12:48:57.170,1.05118,1.05136,1.73,1.73
2013.03.11 12:48:57.230,1.05116,1.05136,1.35,1.73
2013.03.11 12:48:57.609,1.05116,1.05138,2.25,1.73
2013.03.11 12:48:57.969,1.05114,1.05135,1.50,1.73
2013.03.11 12:48:58.340,1.05114,1.05135,1.50,1.73
2013.03.11 12:49:00.310,1.05114,1.05124,1.50,2.10
2013.03.11 12:49:00.611,1.05107,1.0512,1.13,1.11
2013.03.11 12:49:00.670,1.05107,1.05123,1.13,2.48
2013.03.11 12:49:00.730,1.05105,1.05125,1.73,2.48
2013.03.11 12:49:00.911,1.05106,1.05128,1.73,2.48
2013.03.11 12:49:01.090,1.0511,1.05131,2.48,1.35
2013.03.11 12:49:01.150,1.05112,1.05133,1.50,1.05
2013.03.11 12:49:01.211,1.05112,1.05133,1.73,1.05
2013.03.11 12:49:03.305,1.05112,1.05137,1.73,1.73
2013.03.11 12:49:03.373,1.05112,1.05137,2.10,1.73
2013.03.11 12:49:05.082,1.05115,1.05137,1.50,1.58
2013.03.11 12:49:05.142,1.05114,1.05137,1.50,1.58
2013.03.11 12:49:05.442,1.05113,1.05137,1.50,2.02
2013.03.11 12:49:06.899,1.05115,1.05139,1.50,2.17
2013.03.11 12:49:07.020,1.05115,1.05139,1.50,1.73
2013.03.11 12:49:11.860,1.05117,1.05142,3.23,2.48
2013.03.11 12:49:12.435,1.05117,1.05142,3.00,2.48
2013.03.11 12:49:14.922,1.05119,1.05142,2.25,2.48
2013.03.11 12:49:16.010,1.05119,1.05142,2.25,2.48
2013.03.11 12:49:16.870,1.05119,1.05142,3.00,2.48
2013.03.11 12:49:17.486,1.05118,1.05138,2.25,1.73
2013.03.11 12:49:27.260,1.05116,1.05138,3.75,3.08
2013.03.11 12:49:27.800,1.05116,1.05138,2.25,3.08
2013.03.11 12:49:28.919,1.05115,1.05138,1.50,2.48
2013.03.11 12:49:29.103,1.05115,1.05138,3.23,1.73
2013.03.11 12:49:36.391,1.05115,1.05138,3.98,1.73
2013.03.11 12:49:39.439,1.05115,1.05138,1.50,1.73
2013.03.11 12:49:39.730,1.05115,1.05138,1.50,1.73
2013.03.11 12:49:42.109,1.05115,1.05138,1.50,1.73
2013.03.11 12:49:42.349,1.05116,1.05142,2.48,1.73
2013.03.11 12:49:42.593,1.05117,1.05142,1.50,1.73
2013.03.11 12:49:43.135,1.05117,1.05138,2.25,1.73
2013.03.11 12:49:46.490,1.05117,1.05138,1.50,2.48
2013.03.11 12:49:50.589,1.05117,1.05138,1.50,1.73
2013.03.11 12:49:57.478,1.05115,1.05139,3.00,1.73
2013.03.11 12:50:01.302,1.05115,1.05139,3.00,1.73
2013.03.11 12:50:01.707,1.05115,1.05139,3.00,1.73
2013.03.11 12:50:02.629,1.05116,1.05141,1.50,1.73
2013.03.11 12:50:02.872,1.05115,1.05139,3.00,1.73
2013.03.11 12:50:04.829,1.05114,1.05138,2.25,1.73
2013.03.11 12:50:05.593,1.05113,1.05135,2.25,1.73
2013.03.11 12:50:06.042,1.05111,1.05135,3.23,1.73
2013.03.11 12:50:06.633,1.05111,1.05135,2.25,2.48
2013.03.11 12:50:06.920,1.05111,1.05133,1.73,1.73
2013.03.11 12:50:07.440,1.05111,1.05133,1.50,2.48
2013.03.11 12:50:11.253,1.05111,1.05129,1.50,1.73
2013.03.11 12:50:13.594,1.05111,1.05129,1.73,1.73
2013.03.11 12:50:20.768,1.05111,1.05128,1.73,1.50
2013.03.11 12:50:21.424,1.05111,1.05131,1.73,1.73
2013.03.11 12:50:27.209,1.0511,1.05134,1.50,1.35
2013.03.11 12:50:27.829,1.05111,1.05136,3.00,2.10
2013.03.11 12:50:29.630,1.05114,1.05138,3.23,1.35
2013.03.11 12:50:29.689,1.05114,1.05138,4.73,1.35
2013.03.11 12:50:42.079,1.05119,1.0514,1.50,1.73
2013.03.11 12:50:42.484,1.05121,1.0514,2.48,1.73
2013.03.11 12:50:44.090,1.05121,1.0514,1.73,1.73
2013.03.11 12:50:45.312,1.05119,1.0514,1.73,1.73
2013.03.11 12:50:45.670,1.05117,1.05136,2.48,1.50
2013.03.11 12:50:47.120,1.05117,1.05138,2.48,1.73
2013.03.11 12:50:47.179,1.05118,1.0514,1.73,2.48
2013.03.11 12:50:50.048,1.05118,1.05142,1.50,1.73
2013.03.11 12:50:50.230,1.05121,1.05143,1.73,1.73
2013.03.11 12:50:50.410,1.05121,1.05142,2.48,1.73
2013.03.11 12:50:50.471,1.05121,1.0514,1.73,1.73
2013.03.11 12:50:51.369,1.05121,1.05144,2.48,2.10
2013.03.11 12:50:51.430,1.0512,1.05144,1.50,2.10
2013.03.11 12:50:51.490,1.05121,1.05144,2.25,1.35
2013.03.11 12:50:53.850,1.05124,1.05148,1.50,1.35
2013.03.11 12:50:54.742,1.05124,1.05148,1.50,1.35
2013.03.11 12:50:54.815,1.05124,1.05144,1.73,1.73
2013.03.11 12:50:54.942,1.05124,1.05147,1.50,1.73
2013.03.11 12:50:55.120,1.05125,1.05148,2.25,1.35
2013.03.11 12:50:55.840,1.05124,1.05147,2.48,1.73
2013.03.11 12:50:55.900,1.05124,1.05146,1.73,1.73
2013.03.11 12:50:56.141,1.05123,1.05146,2.48,1.73
2013.03.11 12:50:56.380,1.0512,1.05145,1.50,1.73
2013.03.11 12:50:59.282,1.05122,1.05147,3.00,1.73
2013.03.11 12:50:59.852,1.05123,1.05145,2.25,1.73
2013.03.11 12:51:00.111,1.05125,1.05148,1.73,1.35
2013.03.11 12:51:00.823,1.05125,1.05149,1.73,2.48
2013.03.11 12:51:01.330,1.05129,1.05152,1.73,2.10
2013.03.11 12:51:01.987,1.05129,1.05152,1.50,2.10
2013.03.11 12:51:03.960,1.05129,1.05152,1.73,2.10
2013.03.11 12:51:05.333,1.05127,1.05152,3.23,2.10
2013.03.11 12:51:05.570,1.05126,1.05149,2.48,1.73
2013.03.11 12:51:11.006,1.05128,1.05151,1.73,2.85
2013.03.11 12:51:11.390,1.05126,1.05149,3.00,1.58
2013.03.11 12:51:11.930,1.05125,1.05148,3.75,1.73
2013.03.11 12:51:14.455,1.05125,1.05146,1.50,1.50
2013.03.11 12:51:15.010,1.05127,1.05148,1.50,1.73
2013.03.11 12:51:17.211,1.05131,1.05152,1.73,1.35
2013.03.11 12:51:17.770,1.05131,1.05155,3.00,1.58
2013.03.11 12:51:22.052,1.05131,1.05155,2.25,1.58
2013.03.11 12:51:22.600,1.05127,1.05149,1.73,1.35
2013.03.11 12:51:22.721,1.05127,1.05149,1.73,1.35
2013.03.11 12:51:23.271,1.05126,1.05147,3.98,1.50
2013.03.11 12:51:23.511,1.05123,1.05143,2.48,1.50
2013.03.11 12:51:23.631,1.05122,1.05142,1.73,1.50
2013.03.11 12:51:23.691,1.05122,1.05142,1.73,1.73
2013.03.11 12:51:24.473,1.0512,1.05143,2.25,1.73
2013.03.11 12:51:24.549,1.05119,1.05143,3.00,2.48
2013.03.11 12:51:25.109,1.0512,1.05143,2.25,1.73
2013.03.11 12:51:28.209,1.05122,1.05145,1.50,2.33
2013.03.11 12:51:29.613,1.05122,1.05145,1.50,1.73
2013.03.11 12:51:39.132,1.05122,1.05145,1.50,1.58
2013.03.11 12:51:39.190,1.05123,1.05147,1.50,1.73
2013.03.11 12:51:40.580,1.05124,1.05149,2.25,2.85
2013.03.11 12:51:41.340,1.05122,1.05146,4.50,1.73
2013.03.11 12:51:41.995,1.05122,1.05146,2.25,3.23
2013.03.11 12:51:43.350,1.05122,1.05144,1.73,1.73
2013.03.11 12:51:43.530,1.05122,1.05144,1.73,1.73
2013.03.11 12:51:52.769,1.05119,1.05139,1.73,1.73
2013.03.11 12:52:00.278,1.05122,1.05143,2.48,1.73
2013.03.11 12:52:00.460,1.05124,1.05145,1.73,1.73
2013.03.11 12:52:00.582,1.05124,1.05147,2.48,1.73
2013.03.11 12:52:01.136,1.05125,1.05149,1.50,2.48
2013.03.11 12:52:05.109,1.05125,1.05149,1.50,2.48
2013.03.11 12:52:05.230,1.05126,1.05149,3.23,1.50
2013.03.11 12:52:05.410,1.05126,1.05149,1.50,2.48
2013.03.11 12:52:17.700,1.05123,1.05146,1.73,2.85
2013.03.11 12:52:17.760,1.05122,1.05146,1.88,2.85
2013.03.11 12:52:17.961,1.05123,1.05146,1.50,2.10
2013.03.11 12:52:25.031,1.05123,1.05149,2.25,3.23
2013.03.11 12:52:35.190,1.05123,1.05145,1.50,1.73
2013.03.11 12:52:35.491,1.05125,1.05148,2.25,3.00
2013.03.11 12:52:35.550,1.05125,1.05149,3.98,1.50
2013.03.11 12:52:35.610,1.05125,1.05147,1.50,1.50
2013.03.11 12:52:36.405,1.05126,1.05147,1.13,1.50
2013.03.11 12:52:36.475,1.0513,1.05149,1.50,1.35
2013.03.11 12:52:36.599,1.0513,1.05149,3.23,1.50
2013.03.11 12:52:36.900,1.0513,1.05151,1.50,1.73
2013.03.11 12:52:37.858,1.0513,1.05149,2.48,1.50
2013.03.11 12:52:38.550,1.0513,1.05149,1.73,1.73
2013.03.11 12:52:49.342,1.05127,1.05149,1.50,2.48
2013.03.11 12:53:14.770,1.05126,1.05147,1.73,1.73
2013.03.11 12:53:14.890,1.05124,1.05146,1.73,2.48
2013.03.11 12:53:15.070,1.05122,1.05143,1.73,1.73
2013.03.11 12:53:15.370,1.05122,1.05143,2.48,1.73
2013.03.11 12:53:15.429,1.05121,1.05144,1.73,1.73
2013.03.11 12:53:15.609,1.05121,1.05143,3.23,1.73
2013.03.11 12:53:16.510,1.05122,1.05146,1.73,1.73
2013.03.11 12:53:16.630,1.05122,1.05147,2.48,2.33
2013.03.11 12:53:17.294,1.05125,1.05148,1.50,2.48
2013.03.11 12:53:22.910,1.05125,1.05145,1.73,1.73
2013.03.11 12:53:23.090,1.05122,1.05147,3.00,2.48
2013.03.11 12:53:32.539,1.05122,1.05147,3.00,1.73
2013.03.11 12:53:32.790,1.05121,1.05144,3.23,1.73
2013.03.11 12:53:35.601,1.05125,1.05146,1.50,2.33
2013.03.11 12:53:35.660,1.05125,1.05148,1.50,1.73
2013.03.11 12:53:35.720,1.05122,1.05147,3.23,1.73
2013.03.11 12:53:35.779,1.05122,1.05147,2.25,1.73
2013.03.11 12:53:37.839,1.05123,1.05145,2.25,1.73
2013.03.11 12:53:39.110,1.05121,1.0514,1.73,1.50
2013.03.11 12:53:39.692,1.05121,1.05139,1.73,1.50
2013.03.11 12:53:39.749,1.05121,1.05138,1.73,1.50
2013.03.11 12:53:41.059,1.05121,1.05139,1.73,1.50
2013.03.11 12:53:46.187,1.05121,1.05142,2.48,1.73
2013.03.11 12:53:47.890,1.05121,1.05139,1.73,2.25
2013.03.11 12:53:48.606,1.0512,1.05139,1.73,2.25
2013.03.11 12:53:53.350,1.0512,1.05139,1.73,2.48
2013.03.11 12:53:59.877,1.05117,1.05139,2.25,1.73
2013.03.11 12:54:00.000,1.0512,1.05142,2.25,1.73
2013.03.11 12:54:00.674,1.0512,1.05142,2.25,1.73
2013.03.11 12:54:01.840,1.0512,1.05139,2.48,1.50
2013.03.11 12:54:06.779,1.0512,1.05139,1.73,1.50
2013.03.11 12:54:07.963,1.0512,1.05139,1.73,1.50
2013.03.11 12:54:09.655,1.05119,1.05141,1.50,1.73
2013.03.11 12:54:15.231,1.05119,1.05139,1.50,1.50
2013.03.11 12:54:17.091,1.05119,1.05139,1.50,2.25
2013.03.11 12:54:17.150,1.05119,1.05138,2.48,1.50
2013.03.11 12:54:17.449,1.05118,1.05138,1.35,1.50
2013.03.11 12:54:18.196,1.05117,1.05139,1.50,1.73
2013.03.11 12:54:23.200,1.05117,1.05139,1.50,2.48
2013.03.11 12:54:27.580,1.05117,1.05133,1.73,1.50
2013.03.11 12:54:27.700,1.05117,1.05134,2.52,2.25
2013.03.11 12:54:27.760,1.05117,1.05134,2.29,2.48
2013.03.11 12:54:27.940,1.05116,1.05134,1.69,1.73
2013.03.11 12:54:28.120,1.05118,1.05136,1.50,1.73
2013.03.11 12:54:28.240,1.05114,1.05134,1.50,1.73
2013.03.11 12:54:28.300,1.05113,1.05134,2.85,1.50
2013.03.11 12:54:28.421,1.05114,1.05136,2.25,1.50
2013.03.11 12:54:28.760,1.05116,1.05138,1.50,1.50
2013.03.11 12:54:29.181,1.0512,1.05142,1.35,2.48
2013.03.11 12:54:29.240,1.0512,1.05143,4.58,1.73
2013.03.11 12:54:29.770,1.0512,1.05142,2.10,1.73
2013.03.11 12:54:29.830,1.0512,1.0514,2.10,1.50
2013.03.11 12:54:31.798,1.05119,1.0514,2.48,2.25
2013.03.11 12:54:32.159,1.05117,1.05135,1.73,1.50
2013.03.11 12:54:34.839,1.05113,1.05133,1.73,1.50
2013.03.11 12:54:34.919,1.05115,1.05139,1.73,2.25
2013.03.11 12:54:35.538,1.05115,1.05139,1.73,1.50
2013.03.11 12:54:35.660,1.05119,1.05142,1.50,1.73
2013.03.11 12:54:35.900,1.05119,1.05142,2.25,1.73
2013.03.11 12:54:36.486,1.05119,1.0514,1.73,1.73
2013.03.11 12:54:37.036,1.05116,1.05139,3.23,2.48
2013.03.11 12:54:39.929,1.05116,1.05138,3.23,1.73
2013.03.11 12:54:47.401,1.05116,1.05138,3.61,1.50
2013.03.11 12:54:56.923,1.05116,1.05135,1.73,1.50
2013.03.11 12:55:05.821,1.05115,1.05137,2.25,1.50
2013.03.11 12:55:05.940,1.05118,1.05142,2.25,2.48
2013.03.11 12:55:06.000,1.05118,1.05142,3.75,2.25
2013.03.11 12:55:06.302,1.05126,1.05149,1.98,3.75
2013.03.11 12:55:06.542,1.05122,1.05142,2.85,1.50
2013.03.11 12:55:06.601,1.05122,1.05146,1.88,1.73
2013.03.11 12:55:06.720,1.05122,1.05146,2.07,1.50
2013.03.11 12:55:07.380,1.05122,1.05145,2.82,1.35
2013.03.11 12:55:07.440,1.05122,1.05145,2.25,1.58
2013.03.11 12:55:13.120,1.05122,1.05142,1.73,1.73
2013.03.11 12:55:16.553,1.05122,1.05142,1.73,1.73
2013.03.11 12:55:16.671,1.05122,1.05142,1.73,1.50
2013.03.11 12:55:21.871,1.05121,1.05139,1.73,1.50
2013.03.11 12:55:30.320,1.05121,1.05141,1.73,2.25
2013.03.11 12:55:31.470,1.05121,1.05141,1.73,2.25
2013.03.11 12:55:31.910,1.05122,1.05145,3.00,2.48
2013.03.11 12:55:33.201,1.05125,1.05145,2.25,1.50
2013.03.11 12:55:33.761,1.05122,1.05145,3.00,1.50
2013.03.11 12:55:34.300,1.05122,1.05144,2.25,1.50
2013.03.11 12:55:40.010,1.05121,1.05143,3.08,2.25
2013.03.11 12:55:40.129,1.05121,1.05141,1.73,2.33
2013.03.11 12:55:40.190,1.0512,1.05139,2.48,1.50
2013.03.11 12:55:42.751,1.05118,1.05137,1.73,1.50
2013.03.11 12:55:44.481,1.0512,1.05139,2.25,1.50
2013.03.11 12:55:44.540,1.05121,1.05139,1.50,1.50
2013.03.11 12:55:45.206,1.0512,1.05139,1.11,1.50
2013.03.11 12:55:49.220,1.05119,1.05139,2.25,1.50
2013.03.11 12:55:49.890,1.05118,1.05139,1.50,2.25
2013.03.11 12:55:54.700,1.05117,1.05136,1.25,1.50
2013.03.11 12:55:54.821,1.05115,1.05136,1.73,1.50
2013.03.11 12:55:55.474,1.05115,1.05136,1.73,1.50
2013.03.11 12:55:56.641,1.05115,1.05136,2.31,1.50
2013.03.11 12:56:03.971,1.05115,1.05137,1.34,1.50
2013.03.11 12:56:05.880,1.05112,1.05137,5.84,1.50
2013.03.11 12:56:12.851,1.05117,1.05138,1.35,1.50
2013.03.11 12:56:13.090,1.05119,1.05138,1.07,1.50
2013.03.11 12:56:13.330,1.05116,1.05138,3.75,1.50
2013.03.11 12:56:26.050,1.05116,1.05137,1.50,1.50
2013.03.11 12:56:28.690,1.05116,1.05137,2.48,1.50
2013.03.11 12:56:35.290,1.05115,1.05138,1.50,1.50
2013.03.11 12:56:35.554,1.05114,1.05137,1.13,1.50
2013.03.11 12:56:36.122,1.05113,1.05134,3.23,1.50
2013.03.11 12:56:36.660,1.05113,1.05134,1.73,1.50
2013.03.11 12:56:37.181,1.05113,1.05134,1.73,1.50
2013.03.11 12:56:37.252,1.05113,1.05134,1.73,1.50
2013.03.11 12:56:38.071,1.05113,1.05134,1.73,1.50
2013.03.11 12:56:38.443,1.05113,1.05134,1.73,1.50
2013.03.11 12:56:38.853,1.05113,1.05133,1.73,1.50
2013.03.11 12:56:39.151,1.05113,1.05129,1.73,1.50
2013.03.11 12:56:39.785,1.05113,1.05129,1.73,1.50
2013.03.11 12:56:40.660,1.05113,1.05132,1.73,1.13
2013.03.11 12:56:40.721,1.05113,1.05132,1.73,1.13
2013.03.11 12:56:40.781,1.05113,1.05132,1.73,1.13
2013.03.11 12:56:46.051,1.05113,1.05132,1.73,1.13
2013.03.11 12:56:46.410,1.05113,1.05129,1.73,1.50
2013.03.11 12:56:54.712,1.05112,1.05133,1.73,1.50
2013.03.11 12:56:58.080,1.05112,1.05133,1.73,1.50
2013.03.11 12:57:04.233,1.05113,1.05128,1.50,1.50
2013.03.11 12:57:04.411,1.05113,1.05134,2.25,1.50
2013.03.11 12:57:07.780,1.05112,1.05132,1.35,1.50
2013.03.11 12:57:07.840,1.05112,1.05133,1.35,1.50
2013.03.11 12:57:15.121,1.05111,1.05134,3.00,2.25
2013.03.11 12:57:15.300,1.05111,1.05134,3.00,2.25
2013.03.11 12:57:18.310,1.05111,1.05134,3.00,2.25
2013.03.11 12:57:20.472,1.05111,1.05133,1.50,1.50
2013.03.11 12:57:20.531,1.05113,1.05135,1.73,1.50
2013.03.11 12:57:20.653,1.05114,1.05137,1.05,1.50
2013.03.11 12:57:21.161,1.05113,1.05137,1.71,1.50
2013.03.11 12:57:21.623,1.05113,1.05135,2.09,1.50
2013.03.11 12:57:21.811,1.05112,1.05133,2.48,1.50
2013.03.11 12:57:23.881,1.05112,1.05131,1.73,1.50
2013.03.11 12:57:24.002,1.05111,1.05129,1.73,1.50
2013.03.11 12:57:24.572,1.0511,1.05129,1.73,1.50
2013.03.11 12:57:26.150,1.0511,1.05131,1.73,1.50
2013.03.11 12:57:26.271,1.05108,1.05131,1.50,1.50
2013.03.11 12:57:27.356,1.05108,1.0513,1.50,1.50
2013.03.11 12:57:27.961,1.05108,1.05128,1.50,1.50
2013.03.11 12:57:30.610,1.05106,1.05127,3.38,1.50
2013.03.11 12:57:30.790,1.05106,1.05124,3.10,1.50
2013.03.11 12:57:32.761,1.05105,1.05124,1.50,1.50
2013.03.11 12:57:33.481,1.05106,1.05124,2.25,1.50
2013.03.11 12:57:34.150,1.05106,1.05124,2.88,1.50
2013.03.11 12:57:36.210,1.05106,1.05124,1.73,2.25
2013.03.11 12:57:36.751,1.05106,1.05124,1.73,1.50
2013.03.11 12:57:36.992,1.05105,1.05124,1.50,1.50
2013.03.11 12:57:38.480,1.05104,1.05127,1.13,1.50
2013.03.11 12:57:38.996,1.05105,1.05128,1.11,1.50
2013.03.11 12:57:41.313,1.05107,1.05129,3.27,1.50
2013.03.11 12:57:42.610,1.05116,1.05132,2.48,1.50
2013.03.11 12:57:42.730,1.05116,1.05137,2.48,1.73
2013.03.11 12:57:42.790,1.05116,1.05137,2.25,1.50
2013.03.11 12:57:43.100,1.05116,1.05138,3.24,1.50
2013.03.11 12:57:51.331,1.05116,1.05137,3.99,1.50
2013.03.11 12:57:51.510,1.05116,1.05134,2.63,1.50
2013.03.11 12:57:51.750,1.05116,1.05138,1.50,1.50
2013.03.11 12:57:52.510,1.05115,1.05138,2.70,1.50
2013.03.11 12:57:53.671,1.05115,1.05138,1.95,1.50
2013.03.11 12:57:54.192,1.05114,1.05134,1.35,1.50
2013.03.11 12:57:55.601,1.05114,1.05137,2.10,1.50
2013.03.11 12:57:55.660,1.05115,1.05137,1.50,1.88
2013.03.11 12:57:56.231,1.05115,1.05137,1.50,1.88
2013.03.11 12:57:56.353,1.05115,1.05137,1.50,1.88
2013.03.11 12:57:56.961,1.05114,1.05133,1.13,1.50
2013.03.11 12:58:05.132,1.05114,1.05133,1.13,1.50
2013.03.11 12:58:05.911,1.05114,1.05133,1.20,2.25
2013.03.11 12:58:06.456,1.05114,1.05133,1.34,2.25
2013.03.11 12:58:12.174,1.05113,1.05137,2.25,1.50
2013.03.11 12:58:12.361,1.05116,1.05137,1.36,1.50
2013.03.11 12:58:12.885,1.05116,1.05136,1.36,1.50
2013.03.11 12:58:21.220,1.0512,1.05141,1.50,1.50
2013.03.11 12:58:21.280,1.0512,1.05141,1.36,1.50
2013.03.11 12:58:21.340,1.0512,1.05141,1.36,1.50
2013.03.11 12:58:21.580,1.05118,1.05138,1.73,1.50
2013.03.11 12:58:21.641,1.05118,1.05136,1.73,1.50
2013.03.11 12:58:22.190,1.05118,1.05133,1.73,1.50
2013.03.11 12:58:23.601,1.05117,1.05133,1.73,1.50
2013.03.11 12:58:24.165,1.05117,1.05133,1.73,1.50
2013.03.11 12:58:25.042,1.05118,1.05133,1.50,1.50
2013.03.11 12:58:25.161,1.05118,1.05138,2.25,1.50
2013.03.11 12:58:25.223,1.05118,1.05138,2.48,2.25
2013.03.11 12:58:25.550,1.0512,1.0514,1.50,1.50
2013.03.11 12:58:25.610,1.0512,1.05141,1.50,2.25
2013.03.11 12:58:26.150,1.05122,1.05141,1.77,1.50
2013.03.11 12:58:26.330,1.05122,1.05139,1.50,1.50
2013.03.11 12:58:28.391,1.05122,1.05141,1.50,1.50
2013.03.11 12:58:33.480,1.05121,1.05144,1.07,1.88
2013.03.11 12:58:33.540,1.05122,1.05144,2.09,1.13
2013.03.11 12:58:34.490,1.05124,1.05146,2.73,1.13
2013.03.11 12:58:34.922,1.05126,1.05146,1.14,1.13
2013.03.11 12:58:36.821,1.05125,1.05144,1.36,1.13
2013.03.11 12:58:37.001,1.05123,1.05143,2.48,1.50
2013.03.11 12:58:37.660,1.05122,1.05143,1.73,2.25
2013.03.11 12:58:39.214,1.05121,1.05144,1.50,1.88
2013.03.11 12:58:39.331,1.05122,1.05144,1.07,1.88
2013.03.11 12:58:39.691,1.05127,1.05151,1.91,1.50
2013.03.11 12:58:39.943,1.05127,1.05151,2.00,1.50
2013.03.11 12:58:48.675,1.05127,1.05151,1.50,1.50
2013.03.11 12:58:49.184,1.05127,1.05151,2.79,1.50
2013.03.11 12:58:55.230,1.05127,1.05152,1.84,2.25
2013.03.11 12:58:55.970,1.05127,1.05149,1.09,2.25
2013.03.11 12:58:56.331,1.05126,1.05144,1.63,1.50
2013.03.11 12:58:56.650,1.05124,1.05147,2.25,2.25
2013.03.11 12:58:56.845,1.05124,1.05147,1.50,2.25
2013.03.11 12:58:57.142,1.05123,1.05143,1.88,1.50
2013.03.11 12:59:00.720,1.05124,1.05148,1.50,1.50
2013.03.11 12:59:02.691,1.05124,1.05149,2.25,1.50
2013.03.11 12:59:03.100,1.05123,1.05147,3.84,3.00
2013.03.11 12:59:03.220,1.05124,1.05147,3.00,1.50
2013.03.11 12:59:03.340,1.05124,1.05147,2.48,2.25
2013.03.11 12:59:03.400,1.05124,1.05147,2.70,2.25
2013.03.11 12:59:04.110,1.05124,1.05145,2.07,1.50
2013.03.11 12:59:04.412,1.05123,1.05142,1.32,1.50
2013.03.11 12:59:04.592,1.05121,1.05142,2.29,1.50
2013.03.11 12:59:06.350,1.05121,1.05142,1.73,1.50
2013.03.11 12:59:06.551,1.0512,1.05142,2.48,1.50
2013.03.11 12:59:11.283,1.0512,1.05142,1.73,2.25
2013.03.11 12:59:11.650,1.05121,1.05142,1.50,1.50
2013.03.11 12:59:13.258,1.05122,1.05144,1.50,1.88
2013.03.11 12:59:15.254,1.05122,1.05144,1.50,1.88
2013.03.11 12:59:15.955,1.05122,1.05144,1.50,1.88
2013.03.11 12:59:17.045,1.05122,1.05144,2.25,1.13
2013.03.11 12:59:17.117,1.05122,1.05146,2.25,1.88
2013.03.11 12:59:17.373,1.05122,1.05146,2.68,1.88
2013.03.11 12:59:18.452,1.05124,1.05146,1.27,1.13
2013.03.11 12:59:20.220,1.05124,1.05147,1.27,1.50
2013.03.11 12:59:20.995,1.05122,1.05147,2.50,1.50
2013.03.11 12:59:24.193,1.05122,1.05147,2.50,1.50
2013.03.11 12:59:24.382,1.05122,1.05144,3.23,1.50
2013.03.11 12:59:25.740,1.05121,1.05143,1.50,1.50
2013.03.11 12:59:28.154,1.05121,1.05143,2.48,1.73
2013.03.11 12:59:30.381,1.05121,1.05142,1.73,1.50
2013.03.11 12:59:30.441,1.05121,1.05142,1.50,1.73
2013.03.11 12:59:36.691,1.05121,1.05142,2.48,1.73
2013.03.11 12:59:36.932,1.05121,1.05143,2.48,1.50
2013.03.11 12:59:37.174,1.05121,1.05144,1.50,1.73
2013.03.11 12:59:37.510,1.05124,1.05144,1.50,1.50
2013.03.11 12:59:40.963,1.05121,1.05144,4.73,2.25
2013.03.11 12:59:42.509,1.05121,1.05144,2.25,2.25
2013.03.11 12:59:43.390,1.05121,1.05144,2.25,2.48
2013.03.11 12:59:48.631,1.05121,1.05142,1.73,1.50
2013.03.11 12:59:51.281,1.05122,1.05144,1.73,1.73
2013.03.11 12:59:52.662,1.05122,1.05144,1.73,1.73
