2013.08.30 12:00:02.471,0.94061,0.94077,1.69,1.32
2013.08.30 12:00:05.413,0.94059,0.94078,1.32,1.32
2013.08.30 12:00:05.533,0.94064,0.94079,1.13,1.50
2013.08.30 12:00:05.593,0.94063,0.94079,1.54,2.25
2013.08.30 12:00:05.713,0.94062,0.94078,1.69,1.32
2013.08.30 12:00:05.832,0.94059,0.94071,1.50,1.32
2013.08.30 12:00:06.013,0.94054,0.94068,2.25,2.07
2013.08.30 12:00:06.072,0.9405,0.94068,1.69,2.07
2013.08.30 12:00:06.613,0.94048,0.94068,2.44,1.69
2013.08.30 12:00:06.733,0.9405,0.94069,3.19,1.69
2013.08.30 12:00:07.234,0.94053,0.9407,1.69,1.32
2013.08.30 12:00:07.954,0.94054,0.94071,1.69,2.07
2013.08.30 12:00:08.693,0.94054,0.9407,1.69,1.13
2013.08.30 12:00:12.308,0.94054,0.94071,1.69,1.32
2013.08.30 12:00:12.553,0.94062,0.94076,1.69,1.88
2013.08.30 12:00:13.096,0.94063,0.94078,2.07,1.50
2013.08.30 12:00:13.154,0.94063,0.94082,2.07,2.44
2013.08.30 12:00:13.274,0.94062,0.94078,2.29,1.69
2013.08.30 12:00:13.754,0.94059,0.94077,1.69,1.32
2013.08.30 12:00:14.573,0.94058,0.94074,1.69,1.32
2013.08.30 12:00:18.363,0.94057,0.94075,1.32,1.69
2013.08.30 12:00:18.545,0.94054,0.94073,2.44,1.69
2013.08.30 12:00:18.725,0.94054,0.9407,1.69,1.69
2013.08.30 12:00:18.843,0.9405,0.94068,2.44,1.69
2013.08.30 12:00:19.084,0.9405,0.94068,1.69,2.44
2013.08.30 12:00:19.145,0.9405,0.94068,1.69,2.44
2013.08.30 12:00:19.606,0.94049,0.94066,1.69,1.69
2013.08.30 12:00:20.354,0.9405,0.94063,1.17,1.50
2013.08.30 12:00:20.534,0.94056,0.9407,1.13,1.69
2013.08.30 12:00:20.594,0.94056,0.94072,1.69,1.13
2013.08.30 12:00:21.392,0.94061,0.94073,1.69,1.50
2013.08.30 12:00:22.213,0.94058,0.94073,1.69,1.50
2013.08.30 12:00:22.394,0.94058,0.94075,1.69,1.69
2013.08.30 12:00:22.897,0.94059,0.94077,1.69,1.69
2013.08.30 12:00:23.464,0.94059,0.94077,2.07,1.69
2013.08.30 12:00:23.583,0.94062,0.94079,1.69,2.07
2013.08.30 12:00:23.643,0.94062,0.94079,1.69,2.07
2013.08.30 12:00:23.703,0.94064,0.9408,1.69,1.69
2013.08.30 12:00:23.943,0.94065,0.94082,1.69,1.69
2013.08.30 12:00:24.123,0.94064,0.94081,1.69,2.44
2013.08.30 12:00:24.663,0.94064,0.94079,1.69,1.50
2013.08.30 12:00:24.783,0.94063,0.94077,1.69,1.50
2013.08.30 12:00:24.903,0.94057,0.94074,2.44,1.50
2013.08.30 12:00:25.023,0.94055,0.94073,1.69,2.44
2013.08.30 12:00:25.083,0.94056,0.94073,1.32,2.44
2013.08.30 12:00:25.385,0.94071,0.94086,2.44,1.50
2013.08.30 12:00:25.446,0.94071,0.94088,2.44,2.07
2013.08.30 12:00:25.565,0.94071,0.94087,1.69,1.69
2013.08.30 12:00:25.624,0.94069,0.94087,1.69,1.69
2013.08.30 12:00:25.803,0.94067,0.94083,1.69,1.50
2013.08.30 12:00:26.043,0.94063,0.9408,1.69,1.69
2013.08.30 12:00:26.403,0.9406,0.94078,1.69,1.69
2013.08.30 12:00:26.703,0.94061,0.94078,1.69,2.44
2013.08.30 12:00:26.763,0.94061,0.94076,1.69,1.69
2013.08.30 12:00:27.303,0.9406,0.94074,1.69,1.50
2013.08.30 12:00:29.273,0.9406,0.94077,1.69,2.44
2013.08.30 12:00:30.183,0.94061,0.94077,1.69,1.69
2013.08.30 12:00:31.655,0.94062,0.94079,1.69,1.69
2013.08.30 12:00:32.983,0.94062,0.94077,1.69,1.69
2013.08.30 12:00:36.113,0.9406,0.94077,1.69,1.69
2013.08.30 12:00:36.353,0.9406,0.94076,1.69,1.50
2013.08.30 12:00:39.523,0.9406,0.94076,1.69,1.69
2013.08.30 12:00:39.763,0.94055,0.94074,2.44,2.44
2013.08.30 12:00:40.123,0.94055,0.94073,1.69,1.69
2013.08.30 12:00:40.483,0.94051,0.94068,1.69,2.44
2013.08.30 12:00:42.035,0.94052,0.94071,1.69,2.44
2013.08.30 12:00:42.156,0.94051,0.94069,1.69,1.69
2013.08.30 12:00:42.393,0.9405,0.94068,1.69,1.69
2013.08.30 12:00:42.574,0.9405,0.94066,1.69,1.50
2013.08.30 12:00:42.883,0.9405,0.94069,1.69,3.19
2013.08.30 12:00:44.534,0.9405,0.94067,1.69,1.69
2013.08.30 12:00:45.082,0.94051,0.94068,1.69,1.69
2013.08.30 12:00:45.214,0.9405,0.94068,1.69,1.50
2013.08.30 12:00:45.336,0.94051,0.94071,1.69,1.32
2013.08.30 12:00:45.397,0.94054,0.94071,2.25,1.32
2013.08.30 12:00:45.513,0.94054,0.94073,2.44,1.32
2013.08.30 12:00:46.053,0.94056,0.94073,2.44,1.32
2013.08.30 12:00:48.026,0.94057,0.94072,1.69,1.32
2013.08.30 12:00:48.703,0.94057,0.94073,1.69,2.07
2013.08.30 12:00:51.563,0.9406,0.94077,1.69,2.44
2013.08.30 12:00:52.052,0.94062,0.94078,1.69,1.50
2013.08.30 12:00:52.112,0.94062,0.94078,1.69,1.50
2013.08.30 12:00:52.642,0.94062,0.94078,1.69,1.50
2013.08.30 12:00:56.973,0.94063,0.94078,1.69,1.50
2013.08.30 12:00:59.493,0.94064,0.94082,1.69,1.32
2013.08.30 12:01:02.114,0.94065,0.9408,1.50,1.32
2013.08.30 12:01:02.173,0.94062,0.94078,1.50,1.69
2013.08.30 12:01:02.683,0.94058,0.94077,1.69,2.44
2013.08.30 12:01:06.385,0.94062,0.94076,1.13,1.69
2013.08.30 12:01:06.503,0.94064,0.94083,1.69,2.44
2013.08.30 12:01:06.624,0.94063,0.94082,1.69,1.69
2013.08.30 12:01:06.983,0.94065,0.94083,1.69,1.69
2013.08.30 12:01:08.043,0.94063,0.94083,1.69,2.44
2013.08.30 12:01:08.164,0.94062,0.9408,1.69,1.69
2013.08.30 12:01:10.016,0.94062,0.94081,1.69,1.69
2013.08.30 12:01:12.623,0.9406,0.94079,1.69,3.19
2013.08.30 12:01:12.950,0.94057,0.94076,2.44,2.44
2013.08.30 12:01:16.840,0.94059,0.94076,1.69,1.69
2013.08.30 12:01:19.773,0.94058,0.94075,1.69,1.69
2013.08.30 12:01:22.193,0.94057,0.94076,3.19,1.69
2013.08.30 12:01:22.312,0.9406,0.94078,1.69,1.69
2013.08.30 12:01:23.673,0.94062,0.9408,1.69,2.82
2013.08.30 12:01:27.846,0.94064,0.94079,1.69,1.69
2013.08.30 12:01:29.423,0.94064,0.9408,1.50,1.69
2013.08.30 12:01:29.482,0.94061,0.9408,2.44,1.69
2013.08.30 12:01:32.854,0.94061,0.94079,2.44,1.69
2013.08.30 12:01:34.446,0.94062,0.94079,1.69,1.32
2013.08.30 12:01:34.562,0.94063,0.94081,1.69,1.69
2013.08.30 12:01:34.743,0.94062,0.94079,2.44,1.32
2013.08.30 12:01:34.933,0.9406,0.94078,1.54,1.69
2013.08.30 12:01:35.112,0.94062,0.9408,1.50,3.94
2013.08.30 12:01:35.173,0.94066,0.9408,1.13,1.69
2013.08.30 12:01:35.233,0.94065,0.94082,1.13,2.44
2013.08.30 12:01:35.294,0.94068,0.94085,1.69,1.69
2013.08.30 12:01:35.354,0.94073,0.94089,1.69,2.07
2013.08.30 12:01:35.593,0.94073,0.9409,1.69,1.69
2013.08.30 12:01:35.953,0.94077,0.94092,1.50,2.44
2013.08.30 12:01:36.013,0.94079,0.94098,1.69,2.44
2013.08.30 12:01:36.193,0.94079,0.94098,2.44,1.32
2013.08.30 12:01:38.064,0.94078,0.94095,1.69,1.50
2013.08.30 12:01:38.432,0.94077,0.94095,1.69,2.44
2013.08.30 12:01:38.493,0.94077,0.94094,1.69,2.07
2013.08.30 12:01:39.813,0.94076,0.94092,1.32,2.07
2013.08.30 12:01:40.326,0.94073,0.94092,1.69,2.82
2013.08.30 12:01:42.691,0.94073,0.94092,1.69,4.32
2013.08.30 12:01:45.656,0.94073,0.94092,1.69,1.69
2013.08.30 12:01:46.712,0.94073,0.94092,1.69,3.19
2013.08.30 12:01:49.674,0.94073,0.94092,1.50,1.69
2013.08.30 12:01:50.933,0.94073,0.94092,1.69,1.69
2013.08.30 12:01:53.963,0.94072,0.94089,2.44,1.32
2013.08.30 12:01:58.316,0.94072,0.94089,1.69,2.82
2013.08.30 12:01:58.373,0.9407,0.94088,1.69,2.07
2013.08.30 12:01:58.493,0.9407,0.94087,1.50,1.32
2013.08.30 12:01:58.793,0.94066,0.94084,2.44,1.69
2013.08.30 12:01:58.913,0.94067,0.94086,1.69,1.32
2013.08.30 12:01:59.214,0.94072,0.94088,1.69,1.13
2013.08.30 12:02:02.074,0.94072,0.94088,2.25,1.69
2013.08.30 12:02:17.663,0.94071,0.94089,1.69,1.32
2013.08.30 12:02:19.527,0.94071,0.94088,1.69,1.69
2013.08.30 12:02:20.362,0.9407,0.94088,2.44,1.69
2013.08.30 12:02:20.860,0.94069,0.94084,1.69,1.32
2013.08.30 12:02:20.930,0.94066,0.94082,1.69,1.32
2013.08.30 12:02:26.003,0.94065,0.94082,1.69,1.32
2013.08.30 12:02:28.763,0.94064,0.94082,1.69,2.07
2013.08.30 12:02:31.513,0.94063,0.9408,1.69,1.32
2013.08.30 12:02:34.365,0.94063,0.9408,1.69,2.07
2013.08.30 12:02:34.969,0.94065,0.9408,1.69,1.32
2013.08.30 12:02:42.634,0.94064,0.94081,1.69,2.44
2013.08.30 12:02:48.890,0.94064,0.94081,1.69,2.44
2013.08.30 12:02:49.423,0.94062,0.94079,2.44,1.32
2013.08.30 12:02:50.294,0.94063,0.9408,2.44,1.32
2013.08.30 12:03:02.913,0.94065,0.94081,1.69,1.32
2013.08.30 12:03:02.973,0.94065,0.94082,1.50,1.32
2013.08.30 12:03:03.153,0.9407,0.94088,1.69,2.07
2013.08.30 12:03:03.695,0.94071,0.94088,2.44,1.69
2013.08.30 12:03:04.113,0.94071,0.9409,2.44,1.32
2013.08.30 12:03:04.173,0.94073,0.9409,1.69,1.32
2013.08.30 12:03:05.423,0.94072,0.9409,1.69,1.69
2013.08.30 12:03:10.153,0.94073,0.94091,1.69,1.69
2013.08.30 12:03:10.702,0.94074,0.94091,2.07,2.07
2013.08.30 12:03:19.384,0.94077,0.94092,1.13,1.69
2013.08.30 12:03:19.503,0.94077,0.94093,2.07,1.69
2013.08.30 12:03:19.623,0.9408,0.94097,1.32,3.00
2013.08.30 12:03:19.743,0.9408,0.94098,2.07,1.50
2013.08.30 12:03:19.983,0.94081,0.94099,2.07,2.63
2013.08.30 12:03:20.465,0.94082,0.94099,1.32,1.69
2013.08.30 12:03:21.133,0.94082,0.94099,1.32,2.82
2013.08.30 12:03:21.435,0.94081,0.94094,1.69,1.13
2013.08.30 12:03:23.224,0.9408,0.94094,1.69,1.13
2013.08.30 12:03:26.234,0.94078,0.94094,1.69,1.32
2013.08.30 12:03:31.683,0.9408,0.94094,1.69,1.13
2013.08.30 12:03:33.574,0.94079,0.94094,1.69,1.13
2013.08.30 12:03:33.813,0.94079,0.94098,1.69,2.44
2013.08.30 12:03:34.763,0.9408,0.94097,1.69,2.07
2013.08.30 12:03:38.223,0.94081,0.94097,1.69,1.13
2013.08.30 12:03:38.583,0.94082,0.94098,1.69,1.50
2013.08.30 12:03:39.123,0.94082,0.94099,2.44,1.32
2013.08.30 12:03:40.795,0.94083,0.94099,1.69,1.32
2013.08.30 12:03:41.723,0.94082,0.94099,1.69,2.07
2013.08.30 12:03:46.463,0.94084,0.94099,1.69,1.32
2013.08.30 12:03:47.085,0.94084,0.94101,1.69,2.07
2013.08.30 12:03:49.923,0.94084,0.94101,1.69,2.07
2013.08.30 12:03:50.043,0.9408,0.941,2.44,3.19
2013.08.30 12:03:50.353,0.9408,0.94099,1.69,2.07
2013.08.30 12:03:50.933,0.94081,0.94099,1.69,2.07
2013.08.30 12:03:51.173,0.94079,0.94099,2.44,2.07
2013.08.30 12:03:53.853,0.94076,0.94096,2.44,3.79
2013.08.30 12:03:53.973,0.94075,0.94092,1.69,1.69
2013.08.30 12:03:54.093,0.94072,0.94088,2.44,1.13
2013.08.30 12:03:54.154,0.94072,0.9409,2.44,1.50
2013.08.30 12:03:54.693,0.94073,0.94089,1.69,1.50
2013.08.30 12:03:54.753,0.94073,0.9409,1.69,1.13
2013.08.30 12:03:59.934,0.94074,0.94091,1.69,3.94
2013.08.30 12:04:03.790,0.94074,0.94091,1.69,3.19
2013.08.30 12:04:18.240,0.94074,0.9409,1.69,1.69
2013.08.30 12:04:22.752,0.94071,0.9409,1.69,2.44
2013.08.30 12:04:23.254,0.94071,0.94088,1.69,1.32
2013.08.30 12:04:24.325,0.94071,0.94087,1.69,1.13
2013.08.30 12:04:24.533,0.94071,0.94087,1.69,1.13
2013.08.30 12:04:26.524,0.94071,0.94087,1.69,1.69
2013.08.30 12:04:26.775,0.94067,0.94085,1.32,1.69
2013.08.30 12:04:28.092,0.94066,0.94084,2.44,1.32
2013.08.30 12:04:28.235,0.94066,0.94084,1.69,2.07
2013.08.30 12:04:30.543,0.94064,0.94084,3.19,3.83
2013.08.30 12:04:31.575,0.94064,0.94081,1.69,1.32
2013.08.30 12:04:34.073,0.94063,0.9408,1.69,1.13
2013.08.30 12:04:34.253,0.94061,0.9408,2.44,2.07
2013.08.30 12:04:34.313,0.94061,0.9408,2.44,1.32
2013.08.30 12:04:34.553,0.94068,0.94083,1.69,1.69
2013.08.30 12:04:35.103,0.94068,0.94085,1.69,3.57
2013.08.30 12:04:35.643,0.94066,0.94083,1.69,2.44
2013.08.30 12:04:37.383,0.94063,0.94082,3.19,2.82
2013.08.30 12:04:37.443,0.94063,0.9408,1.69,1.50
2013.08.30 12:04:37.623,0.94063,0.9408,1.69,1.50
2013.08.30 12:04:37.923,0.94067,0.94082,1.69,2.07
2013.08.30 12:04:38.435,0.94066,0.94082,1.69,2.25
2013.08.30 12:04:38.585,0.94066,0.94082,1.69,2.25
2013.08.30 12:04:39.063,0.94062,0.94081,3.19,1.32
2013.08.30 12:04:45.286,0.94061,0.94079,1.69,1.69
2013.08.30 12:04:46.394,0.94061,0.94079,1.69,1.88
2013.08.30 12:04:46.555,0.94061,0.94078,1.69,1.13
2013.08.30 12:04:46.914,0.94057,0.94076,3.19,1.69
2013.08.30 12:04:47.094,0.94055,0.94073,1.69,2.44
2013.08.30 12:04:47.273,0.94055,0.94073,1.50,2.44
2013.08.30 12:04:47.394,0.94051,0.9407,2.44,2.44
2013.08.30 12:04:47.904,0.9405,0.94068,1.69,2.63
2013.08.30 12:04:47.963,0.9405,0.94068,1.69,1.88
2013.08.30 12:04:49.143,0.9405,0.94068,1.69,1.88
2013.08.30 12:04:49.686,0.94051,0.94068,1.69,3.00
2013.08.30 12:04:49.745,0.94053,0.94068,1.69,2.25
2013.08.30 12:04:49.984,0.94056,0.94073,1.69,3.19
2013.08.30 12:04:55.774,0.94054,0.9407,1.69,2.07
2013.08.30 12:04:57.825,0.94054,0.94073,1.69,3.75
2013.08.30 12:05:02.193,0.94054,0.94073,1.69,3.75
2013.08.30 12:05:02.705,0.94054,0.94073,1.69,3.75
2013.08.30 12:05:03.165,0.94053,0.9407,1.69,1.32
2013.08.30 12:05:03.346,0.94052,0.9407,1.69,2.25
2013.08.30 12:05:04.764,0.94053,0.94071,2.44,1.32
2013.08.30 12:05:08.173,0.94054,0.94073,1.69,1.88
2013.08.30 12:05:12.985,0.94053,0.94072,1.69,2.07
2013.08.30 12:05:13.476,0.94051,0.94069,3.19,1.50
2013.08.30 12:05:13.716,0.9405,0.94068,1.69,1.13
2013.08.30 12:05:13.895,0.9405,0.94068,1.69,1.13
2013.08.30 12:05:14.412,0.94052,0.94071,1.69,2.07
2013.08.30 12:05:21.032,0.9405,0.94068,1.69,1.13
2013.08.30 12:05:21.473,0.94052,0.94069,1.69,2.44
2013.08.30 12:05:23.122,0.94052,0.9407,1.69,1.32
2013.08.30 12:05:23.745,0.94051,0.94068,2.44,1.13
2013.08.30 12:05:26.106,0.94051,0.94068,2.44,1.88
2013.08.30 12:05:36.185,0.9405,0.94067,1.69,1.13
2013.08.30 12:05:37.160,0.94049,0.94066,1.69,1.13
2013.08.30 12:05:37.343,0.94047,0.94066,2.44,1.69
2013.08.30 12:05:37.403,0.94047,0.94066,1.69,1.69
2013.08.30 12:05:39.023,0.94048,0.94067,1.69,2.44
2013.08.30 12:05:39.383,0.94052,0.9407,1.69,1.69
2013.08.30 12:05:40.175,0.94052,0.9407,3.19,1.32
2013.08.30 12:05:40.713,0.94052,0.94069,2.44,1.13
2013.08.30 12:05:41.635,0.94052,0.94069,1.69,1.50
2013.08.30 12:05:41.994,0.94053,0.94069,2.44,1.32
2013.08.30 12:05:42.055,0.94053,0.94068,1.69,1.13
2013.08.30 12:05:42.593,0.94052,0.94068,2.44,1.32
2013.08.30 12:05:45.703,0.94052,0.94068,2.44,1.13
2013.08.30 12:05:47.235,0.94052,0.94068,2.44,1.50
2013.08.30 12:05:49.497,0.94052,0.94069,2.44,1.13
2013.08.30 12:05:50.453,0.94052,0.94068,2.44,1.13
2013.08.30 12:05:50.992,0.94052,0.94068,2.44,1.50
2013.08.30 12:05:52.420,0.94053,0.9407,1.69,1.50
2013.08.30 12:05:54.193,0.94053,0.94072,1.69,1.13
2013.08.30 12:05:55.472,0.94053,0.94072,1.69,1.13
2013.08.30 12:05:55.832,0.94051,0.94069,2.44,2.07
2013.08.30 12:05:56.192,0.94048,0.94066,1.69,1.69
2013.08.30 12:05:56.732,0.94048,0.94066,1.69,1.69
2013.08.30 12:05:57.332,0.9405,0.94066,1.69,1.50
2013.08.30 12:05:57.392,0.9405,0.94068,1.69,2.10
2013.08.30 12:05:58.942,0.9405,0.94067,1.69,1.50
2013.08.30 12:06:02.832,0.94049,0.94066,1.69,1.50
2013.08.30 12:06:03.403,0.94049,0.94066,1.69,1.50
2013.08.30 12:06:03.463,0.9405,0.94068,1.69,2.10
2013.08.30 12:06:04.484,0.94052,0.94069,1.69,1.50
2013.08.30 12:06:04.543,0.94051,0.94067,2.44,1.50
2013.08.30 12:06:04.783,0.94047,0.94064,1.69,1.69
2013.08.30 12:06:05.475,0.94046,0.94064,1.69,1.69
2013.08.30 12:06:14.523,0.94047,0.94066,1.69,2.44
2013.08.30 12:06:14.702,0.94049,0.94066,2.07,1.32
2013.08.30 12:06:17.323,0.94051,0.94069,1.69,2.25
2013.08.30 12:06:21.286,0.94051,0.94066,1.50,2.82
2013.08.30 12:06:23.912,0.94044,0.94065,3.19,3.57
2013.08.30 12:06:25.632,0.94045,0.94062,1.69,2.07
2013.08.30 12:06:34.135,0.94044,0.94062,1.69,2.44
2013.08.30 12:06:42.365,0.94045,0.94062,1.69,2.44
2013.08.30 12:06:51.859,0.94045,0.94062,1.69,1.69
2013.08.30 12:06:52.062,0.94044,0.94062,1.69,1.69
2013.08.30 12:06:53.725,0.94045,0.94061,1.69,2.07
2013.08.30 12:06:57.072,0.94045,0.94061,1.69,1.69
2013.08.30 12:06:57.862,0.94046,0.94063,1.69,1.69
2013.08.30 12:07:02.644,0.94046,0.94063,1.69,1.69
2013.08.30 12:07:15.703,0.94047,0.94064,1.69,1.69
2013.08.30 12:07:20.718,0.94046,0.94063,1.69,1.69
2013.08.30 12:07:25.474,0.94047,0.94064,1.69,2.07
2013.08.30 12:07:25.872,0.94048,0.94067,1.69,2.44
2013.08.30 12:07:27.618,0.94051,0.94068,1.69,1.88
2013.08.30 12:07:30.312,0.94046,0.94065,1.69,1.69
2013.08.30 12:07:30.432,0.94047,0.94066,1.69,2.82
2013.08.30 12:07:30.492,0.94046,0.94065,1.69,1.69
2013.08.30 12:07:41.054,0.94046,0.94065,1.69,2.07
2013.08.30 12:07:41.383,0.94046,0.94063,1.69,1.32
2013.08.30 12:07:41.442,0.94044,0.94063,2.44,2.07
2013.08.30 12:07:48.092,0.94045,0.94063,1.69,3.38
2013.08.30 12:07:50.674,0.94043,0.94063,3.19,5.25
2013.08.30 12:07:51.513,0.94043,0.94063,2.44,5.25
2013.08.30 12:07:58.401,0.94043,0.94063,2.44,3.75
2013.08.30 12:08:02.025,0.94041,0.9406,1.69,2.07
2013.08.30 12:08:03.935,0.94042,0.9406,1.69,2.07
2013.08.30 12:08:05.793,0.94043,0.94062,2.44,2.07
2013.08.30 12:08:06.320,0.94046,0.94063,1.69,1.88
2013.08.30 12:08:10.858,0.94045,0.94063,1.69,1.88
2013.08.30 12:08:14.284,0.94044,0.94062,1.69,1.13
2013.08.30 12:08:16.433,0.94046,0.94063,1.69,2.25
2013.08.30 12:08:22.864,0.94043,0.94062,1.69,1.88
2013.08.30 12:08:30.347,0.94041,0.94062,2.44,1.88
2013.08.30 12:08:33.373,0.94041,0.94062,3.19,2.82
2013.08.30 12:08:34.122,0.94041,0.94062,4.17,2.44
2013.08.30 12:08:34.183,0.94043,0.94062,1.69,1.50
2013.08.30 12:08:34.662,0.94045,0.94063,1.69,2.07
2013.08.30 12:08:34.964,0.94046,0.94063,2.44,1.69
2013.08.30 12:08:35.023,0.94046,0.94067,3.19,2.44
2013.08.30 12:08:35.084,0.94047,0.94067,1.69,2.44
2013.08.30 12:08:35.770,0.94053,0.9407,2.67,1.50
2013.08.30 12:08:35.849,0.94053,0.94073,3.57,1.69
2013.08.30 12:08:36.356,0.94053,0.94072,1.69,1.13
2013.08.30 12:08:36.907,0.94053,0.94073,2.44,1.32
2013.08.30 12:08:37.562,0.94054,0.94074,1.32,2.44
2013.08.30 12:08:37.624,0.94058,0.94075,1.32,1.50
2013.08.30 12:08:37.865,0.9406,0.94079,1.69,1.32
2013.08.30 12:08:38.103,0.94059,0.94078,2.82,1.69
2013.08.30 12:08:38.163,0.94061,0.94079,1.69,1.32
2013.08.30 12:08:38.464,0.94059,0.94079,1.69,1.69
2013.08.30 12:08:38.642,0.94058,0.94079,2.44,3.19
2013.08.30 12:08:39.244,0.94057,0.94076,1.69,1.13
2013.08.30 12:08:39.783,0.94056,0.94075,1.69,2.07
2013.08.30 12:08:40.572,0.94051,0.94073,3.57,2.82
2013.08.30 12:08:40.932,0.94051,0.94071,2.82,1.50
2013.08.30 12:08:44.132,0.94059,0.94071,1.35,2.07
2013.08.30 12:08:44.254,0.94063,0.94071,1.13,1.88
2013.08.30 12:08:44.316,0.94063,0.94076,1.32,1.28
2013.08.30 12:08:44.374,0.94063,0.94078,1.32,5.03
2013.08.30 12:08:44.434,0.94063,0.94078,1.32,4.50
2013.08.30 12:08:44.942,0.94066,0.94081,1.13,1.69
2013.08.30 12:08:47.732,0.94064,0.9408,1.69,2.07
2013.08.30 12:08:48.892,0.94064,0.94079,1.69,1.13
2013.08.30 12:08:55.073,0.94066,0.94081,1.32,1.32
2013.08.30 12:08:55.133,0.9407,0.94081,1.35,2.07
2013.08.30 12:08:55.254,0.9407,0.94083,2.10,1.50
2013.08.30 12:08:55.315,0.9407,0.94083,2.10,1.50
2013.08.30 12:08:55.434,0.94071,0.94086,1.92,2.25
2013.08.30 12:08:55.494,0.94071,0.94087,1.92,1.09
2013.08.30 12:08:55.733,0.9407,0.94087,1.69,1.69
2013.08.30 12:08:55.973,0.94076,0.94091,1.69,1.09
2013.08.30 12:08:56.153,0.94076,0.94093,1.69,1.09
2013.08.30 12:09:00.023,0.94076,0.94094,1.69,2.07
2013.08.30 12:09:00.912,0.94076,0.94094,1.69,2.07
2013.08.30 12:09:00.972,0.94076,0.94094,1.69,2.07
2013.08.30 12:09:03.195,0.94075,0.94092,1.69,1.69
2013.08.30 12:09:06.663,0.94075,0.94092,1.69,1.69
2013.08.30 12:09:08.333,0.94075,0.94092,1.69,2.63
2013.08.30 12:09:08.393,0.94075,0.94093,1.69,2.63
2013.08.30 12:09:08.693,0.94078,0.94097,1.69,1.50
2013.08.30 12:09:08.753,0.94079,0.94095,1.50,1.50
2013.08.30 12:09:08.872,0.94078,0.94093,1.50,1.32
2013.08.30 12:09:08.993,0.94076,0.94093,2.44,1.32
2013.08.30 12:09:09.538,0.94074,0.94091,1.69,1.69
2013.08.30 12:09:09.857,0.94074,0.9409,1.69,1.50
2013.08.30 12:09:10.092,0.94076,0.94091,1.69,1.69
2013.08.30 12:09:11.842,0.94076,0.94093,1.69,1.69
2013.08.30 12:09:12.082,0.94079,0.94094,1.69,2.07
2013.08.30 12:09:12.323,0.9408,0.94094,1.69,2.63
2013.08.30 12:09:14.084,0.9408,0.94094,1.69,2.63
2013.08.30 12:09:14.383,0.94081,0.94097,1.69,2.10
2013.08.30 12:09:14.443,0.94079,0.94097,1.69,2.29
2013.08.30 12:09:14.562,0.94079,0.94097,1.69,1.69
2013.08.30 12:09:15.127,0.94078,0.94092,2.44,1.50
2013.08.30 12:09:15.632,0.94077,0.94092,1.32,1.50
2013.08.30 12:09:17.024,0.94078,0.94092,2.44,1.50
2013.08.30 12:09:17.083,0.94077,0.94094,2.82,1.50
2013.08.30 12:09:17.322,0.94077,0.94094,1.32,2.25
2013.08.30 12:09:17.858,0.94076,0.94092,1.32,1.50
2013.08.30 12:09:18.518,0.94072,0.94092,2.44,2.82
2013.08.30 12:09:19.542,0.94075,0.94092,1.69,1.69
2013.08.30 12:09:19.723,0.94075,0.9409,1.69,1.69
2013.08.30 12:09:20.324,0.94071,0.94089,1.69,1.69
2013.08.30 12:09:20.444,0.94067,0.94087,2.44,1.69
2013.08.30 12:09:20.504,0.94066,0.94083,1.69,1.13
2013.08.30 12:09:20.923,0.94069,0.94085,1.69,1.69
2013.08.30 12:09:20.982,0.94069,0.94085,1.69,1.69
2013.08.30 12:09:21.223,0.94067,0.94086,2.44,1.13
2013.08.30 12:09:21.403,0.94067,0.94082,1.69,1.50
2013.08.30 12:09:22.092,0.94071,0.94084,1.35,1.88
2013.08.30 12:09:22.213,0.94072,0.94089,1.73,1.35
2013.08.30 12:09:22.333,0.94075,0.9409,1.69,1.69
2013.08.30 12:09:22.453,0.94075,0.94088,1.69,1.50
2013.08.30 12:09:22.812,0.94071,0.94081,1.69,1.50
2013.08.30 12:09:23.353,0.9407,0.94084,1.69,1.50
2013.08.30 12:09:23.893,0.9407,0.94081,1.69,1.50
2013.08.30 12:09:25.953,0.9407,0.94083,1.69,2.25
2013.08.30 12:09:26.282,0.94076,0.94091,1.13,1.92
2013.08.30 12:09:26.344,0.94077,0.94092,1.13,1.69
2013.08.30 12:09:27.922,0.9408,0.94093,1.69,1.50
2013.08.30 12:09:28.102,0.9408,0.94093,1.69,1.50
2013.08.30 12:09:28.283,0.94079,0.94094,1.69,1.50
2013.08.30 12:09:28.342,0.9408,0.94093,1.69,1.50
2013.08.30 12:09:28.462,0.9408,0.94094,1.69,1.50
2013.08.30 12:09:29.002,0.94079,0.94092,1.69,1.50
2013.08.30 12:09:29.603,0.94079,0.94093,1.69,1.88
2013.08.30 12:09:30.183,0.9408,0.94092,1.69,1.88
2013.08.30 12:09:30.363,0.94079,0.94094,1.69,1.50
2013.08.30 12:09:30.424,0.94079,0.94094,1.69,1.50
2013.08.30 12:09:31.190,0.94077,0.94091,1.32,1.13
2013.08.30 12:09:32.853,0.94077,0.94091,1.32,2.63
2013.08.30 12:09:33.212,0.94072,0.9409,1.69,1.69
2013.08.30 12:09:33.332,0.94071,0.94089,1.69,2.44
2013.08.30 12:09:33.452,0.94069,0.94087,1.69,1.69
2013.08.30 12:09:33.513,0.94069,0.94085,1.69,1.50
2013.08.30 12:09:33.872,0.94072,0.94087,1.69,1.50
2013.08.30 12:09:33.932,0.94072,0.94088,1.69,1.69
2013.08.30 12:09:37.782,0.94071,0.94088,1.69,1.88
2013.08.30 12:09:39.143,0.94075,0.94088,1.69,1.88
2013.08.30 12:09:39.265,0.94077,0.9409,1.69,1.13
2013.08.30 12:09:39.504,0.9408,0.94093,1.69,1.50
2013.08.30 12:09:39.563,0.9408,0.94094,1.69,1.50
2013.08.30 12:09:41.244,0.94079,0.94096,1.69,2.44
2013.08.30 12:09:47.167,0.94081,0.94094,1.69,1.13
2013.08.30 12:09:49.803,0.94081,0.94099,1.69,1.69
2013.08.30 12:09:49.923,0.94081,0.941,1.69,1.69
2013.08.30 12:09:52.307,0.94083,0.94099,1.69,1.32
2013.08.30 12:09:57.613,0.94081,0.94098,1.69,1.32
2013.08.30 12:10:01.143,0.94079,0.94098,1.69,2.07
2013.08.30 12:10:01.446,0.94082,0.94099,1.69,2.44
2013.08.30 12:10:01.806,0.94082,0.94097,2.07,2.82
2013.08.30 12:10:01.865,0.94082,0.94097,2.07,2.07
2013.08.30 12:10:02.402,0.94083,0.94099,1.69,1.13
2013.08.30 12:10:02.912,0.94083,0.941,1.69,2.07
2013.08.30 12:10:03.496,0.94083,0.941,1.69,2.44
2013.08.30 12:10:07.213,0.94082,0.94099,2.07,2.07
2013.08.30 12:10:10.152,0.94082,0.94098,1.32,1.69
2013.08.30 12:10:10.212,0.94081,0.94097,1.69,2.44
2013.08.30 12:10:10.752,0.94076,0.94095,2.44,1.69
2013.08.30 12:10:10.812,0.94076,0.94094,1.69,1.69
2013.08.30 12:10:12.014,0.94076,0.94094,1.69,1.69
2013.08.30 12:10:15.472,0.94076,0.94094,2.44,1.69
2013.08.30 12:10:17.953,0.94076,0.94094,1.69,3.19
2013.08.30 12:10:18.372,0.94074,0.94091,2.07,1.69
2013.08.30 12:10:18.553,0.94078,0.94095,2.07,2.07
2013.08.30 12:10:24.332,0.94077,0.94094,1.69,2.82
2013.08.30 12:10:24.484,0.94076,0.94093,1.69,1.69
2013.08.30 12:10:24.723,0.94073,0.94093,1.32,4.69
2013.08.30 12:10:25.774,0.94072,0.94092,3.57,2.44
2013.08.30 12:10:27.094,0.94072,0.94091,3.57,2.29
2013.08.30 12:10:27.154,0.94072,0.94089,1.69,2.07
2013.08.30 12:10:27.214,0.94069,0.94083,1.50,3.19
2013.08.30 12:10:27.334,0.94067,0.94081,1.50,2.44
2013.08.30 12:10:27.396,0.94066,0.94082,2.25,2.44
2013.08.30 12:10:27.465,0.94064,0.94082,1.69,3.38
2013.08.30 12:10:27.525,0.94065,0.94082,1.32,1.88
2013.08.30 12:10:27.883,0.94069,0.94085,2.07,1.50
2013.08.30 12:10:28.184,0.94071,0.94089,2.44,2.07
2013.08.30 12:10:31.653,0.94071,0.94089,1.69,1.69
2013.08.30 12:10:33.773,0.94071,0.94088,1.69,1.69
2013.08.30 12:10:38.503,0.94071,0.9409,1.69,3.57
2013.08.30 12:10:40.613,0.94071,0.9409,1.69,4.32
2013.08.30 12:10:41.043,0.94071,0.9409,3.19,2.07
2013.08.30 12:10:42.903,0.94074,0.94094,1.69,3.94
2013.08.30 12:10:43.263,0.94073,0.9409,1.69,1.13
2013.08.30 12:10:43.323,0.94071,0.9409,3.19,1.13
2013.08.30 12:10:44.102,0.94075,0.94091,1.50,1.13
2013.08.30 12:10:44.643,0.94074,0.94089,1.69,1.69
2013.08.30 12:10:47.733,0.94071,0.94089,2.44,3.19
2013.08.30 12:10:48.183,0.94071,0.94089,1.69,2.44
2013.08.30 12:10:48.495,0.94069,0.94088,2.44,2.82
2013.08.30 12:10:48.825,0.94069,0.94086,1.69,2.44
2013.08.30 12:10:49.063,0.94066,0.94083,1.69,3.19
2013.08.30 12:10:50.400,0.94065,0.94084,3.57,2.44
2013.08.30 12:10:53.253,0.94065,0.94081,2.44,2.44
2013.08.30 12:10:53.434,0.94065,0.94079,1.50,1.69
2013.08.30 12:10:53.614,0.94062,0.94079,2.07,1.69
2013.08.30 12:10:53.675,0.94062,0.94078,1.50,1.69
2013.08.30 12:10:54.212,0.94062,0.94078,1.69,3.19
2013.08.30 12:10:54.722,0.94062,0.94078,1.69,1.69
2013.08.30 12:10:54.973,0.94062,0.94079,1.69,1.69
2013.08.30 12:10:55.293,0.94062,0.94079,1.69,1.69
2013.08.30 12:10:55.932,0.94062,0.94079,1.69,1.69
2013.08.30 12:10:56.292,0.94061,0.94078,1.69,1.69
2013.08.30 12:10:56.593,0.94067,0.9408,1.32,1.13
2013.08.30 12:10:56.713,0.94072,0.94087,1.69,1.35
2013.08.30 12:10:56.772,0.94076,0.94094,1.50,1.69
2013.08.30 12:10:56.893,0.9407,0.9409,3.19,2.44
2013.08.30 12:10:56.952,0.94073,0.9409,1.69,1.69
2013.08.30 12:10:57.874,0.94073,0.9409,1.69,1.50
2013.08.30 12:10:58.412,0.94069,0.94085,1.69,1.13
2013.08.30 12:10:59.622,0.94076,0.94085,1.13,1.13
2013.08.30 12:10:59.683,0.94076,0.94091,1.32,1.47
2013.08.30 12:10:59.802,0.94076,0.94093,1.32,1.69
2013.08.30 12:10:59.862,0.94076,0.94094,1.50,1.69
2013.08.30 12:10:59.923,0.94076,0.94094,1.50,1.69
2013.08.30 12:11:00.042,0.94076,0.94094,1.13,1.69
2013.08.30 12:11:00.462,0.94071,0.94089,2.07,1.69
2013.08.30 12:11:00.823,0.94072,0.9409,1.69,1.32
2013.08.30 12:11:01.063,0.94074,0.94095,2.07,2.07
2013.08.30 12:11:01.183,0.94071,0.9409,2.29,1.88
2013.08.30 12:11:01.242,0.94071,0.9409,1.54,2.07
2013.08.30 12:11:01.363,0.94069,0.94089,2.07,1.69
2013.08.30 12:11:01.723,0.94067,0.94086,2.07,1.69
2013.08.30 12:11:02.623,0.94067,0.94086,1.69,1.32
2013.08.30 12:11:05.844,0.94069,0.94088,1.69,2.07
2013.08.30 12:11:05.906,0.94074,0.94088,1.35,1.32
2013.08.30 12:11:06.214,0.94076,0.94094,1.73,3.94
2013.08.30 12:11:06.642,0.94076,0.94094,1.32,1.69
2013.08.30 12:11:06.763,0.94078,0.94094,1.13,1.69
2013.08.30 12:11:07.783,0.94078,0.94093,1.13,1.69
2013.08.30 12:11:08.023,0.94081,0.94095,1.69,1.50
2013.08.30 12:11:08.143,0.94081,0.941,2.44,1.69
2013.08.30 12:11:08.384,0.94084,0.94099,1.69,1.69
2013.08.30 12:11:08.622,0.94086,0.94104,1.69,2.44
2013.08.30 12:11:08.682,0.94086,0.94103,1.69,1.69
2013.08.30 12:11:08.984,0.94088,0.94107,1.69,1.69
2013.08.30 12:11:09.045,0.9409,0.94109,1.69,3.19
2013.08.30 12:11:09.105,0.9409,0.94109,1.69,2.44
2013.08.30 12:11:09.342,0.94092,0.9411,1.69,1.69
2013.08.30 12:11:09.644,0.94096,0.94111,1.88,1.69
2013.08.30 12:11:09.705,0.94097,0.94116,1.50,1.69
2013.08.30 12:11:09.883,0.94096,0.94114,3.00,1.69
2013.08.30 12:11:09.943,0.94096,0.94112,2.07,1.32
2013.08.30 12:11:10.253,0.94093,0.94109,1.69,1.69
2013.08.30 12:11:10.612,0.94093,0.94111,2.44,1.32
2013.08.30 12:11:10.733,0.94096,0.94113,1.50,1.69
2013.08.30 12:11:10.853,0.94096,0.94114,1.50,1.69
2013.08.30 12:11:11.093,0.94092,0.9411,1.69,1.69
2013.08.30 12:11:12.192,0.94092,0.9411,1.69,1.69
2013.08.30 12:11:15.850,0.94092,0.9411,1.69,1.69
2013.08.30 12:11:17.478,0.94091,0.94107,1.69,1.50
2013.08.30 12:11:18.109,0.94092,0.94108,1.69,2.07
2013.08.30 12:11:18.912,0.94093,0.94112,2.44,2.44
2013.08.30 12:11:20.209,0.94093,0.94109,1.69,1.69
2013.08.30 12:11:20.933,0.94092,0.9411,1.69,1.32
2013.08.30 12:11:24.013,0.94092,0.9411,2.44,2.07
2013.08.30 12:11:25.343,0.94093,0.9411,1.69,2.82
2013.08.30 12:11:25.884,0.94093,0.9411,1.69,2.07
2013.08.30 12:11:26.403,0.94093,0.9411,1.69,2.82
2013.08.30 12:11:27.914,0.94093,0.9411,1.69,2.44
2013.08.30 12:11:28.493,0.94093,0.9411,1.69,2.44
2013.08.30 12:11:32.393,0.94093,0.9411,1.69,3.19
2013.08.30 12:11:33.729,0.94094,0.9411,1.69,2.44
2013.08.30 12:11:37.949,0.94092,0.9411,2.44,3.19
2013.08.30 12:11:42.505,0.94092,0.94109,2.44,1.32
2013.08.30 12:11:42.624,0.94095,0.9411,1.69,2.25
2013.08.30 12:11:42.685,0.94097,0.94112,1.69,1.88
2013.08.30 12:11:42.803,0.94095,0.94113,1.69,1.69
2013.08.30 12:11:42.863,0.94095,0.94113,1.69,2.07
2013.08.30 12:11:42.922,0.94094,0.94113,1.69,2.82
2013.08.30 12:11:43.045,0.94096,0.94111,1.50,1.32
2013.08.30 12:11:43.582,0.94093,0.94108,1.69,1.32
2013.08.30 12:11:44.150,0.94092,0.94108,1.69,1.32
2013.08.30 12:11:44.684,0.94092,0.94109,1.69,3.19
2013.08.30 12:11:45.252,0.94092,0.94108,1.69,1.32
2013.08.30 12:11:46.057,0.94093,0.94109,1.69,2.44
2013.08.30 12:11:47.913,0.94094,0.9411,1.69,1.69
2013.08.30 12:11:48.163,0.94094,0.94111,1.69,1.32
2013.08.30 12:11:49.212,0.94094,0.94111,1.69,2.07
2013.08.30 12:11:49.844,0.94096,0.9411,1.69,1.50
2013.08.30 12:11:51.410,0.94096,0.9411,1.69,1.88
2013.08.30 12:11:51.533,0.94092,0.9411,1.69,2.07
2013.08.30 12:11:51.653,0.94091,0.94108,1.69,2.07
2013.08.30 12:11:51.773,0.94088,0.94106,2.44,1.32
2013.08.30 12:11:52.093,0.94088,0.94104,1.69,1.13
2013.08.30 12:11:54.553,0.94087,0.94104,1.69,2.07
2013.08.30 12:11:55.262,0.94088,0.94107,2.07,1.69
2013.08.30 12:11:55.323,0.94089,0.94107,1.32,1.69
2013.08.30 12:11:55.383,0.94089,0.94107,1.32,1.69
2013.08.30 12:11:55.563,0.94092,0.94108,1.69,2.25
2013.08.30 12:11:55.862,0.94096,0.94114,1.69,1.69
2013.08.30 12:11:55.922,0.94096,0.94115,1.69,2.44
2013.08.30 12:11:56.103,0.94097,0.94118,3.19,3.19
2013.08.30 12:11:56.282,0.94099,0.94116,1.50,2.44
2013.08.30 12:11:56.823,0.94096,0.94117,3.19,2.44
2013.08.30 12:11:59.302,0.94097,0.94116,1.69,1.32
2013.08.30 12:11:59.363,0.94096,0.94116,3.19,2.07
2013.08.30 12:11:59.965,0.94096,0.94114,1.69,2.44
2013.08.30 12:12:06.177,0.94096,0.94114,1.69,2.44
2013.08.30 12:12:06.684,0.94095,0.94114,2.44,3.19
2013.08.30 12:12:09.203,0.94095,0.94113,1.50,1.69
2013.08.30 12:12:09.893,0.94092,0.9411,1.69,1.69
2013.08.30 12:12:10.332,0.94091,0.94109,1.69,1.69
2013.08.30 12:12:10.533,0.94091,0.94108,1.69,1.69
2013.08.30 12:12:12.107,0.9409,0.94109,2.44,1.69
2013.08.30 12:12:13.516,0.94091,0.94109,1.69,2.44
2013.08.30 12:12:14.944,0.94091,0.94109,1.69,1.69
2013.08.30 12:12:15.473,0.94091,0.9411,3.19,2.82
2013.08.30 12:12:16.337,0.94091,0.94109,2.44,1.69
2013.08.30 12:12:20.141,0.94091,0.94109,3.19,1.69
2013.08.30 12:12:23.647,0.94091,0.94109,2.44,1.69
2013.08.30 12:12:25.773,0.94091,0.94109,3.19,1.69
2013.08.30 12:12:28.674,0.94092,0.9411,1.69,1.69
2013.08.30 12:12:30.193,0.94092,0.94111,1.69,2.44
2013.08.30 12:12:30.733,0.94094,0.94114,1.69,3.19
2013.08.30 12:12:32.865,0.94095,0.94114,1.69,1.69
2013.08.30 12:12:32.923,0.94096,0.94115,1.69,1.69
2013.08.30 12:12:33.044,0.94098,0.94116,2.44,1.69
2013.08.30 12:12:33.523,0.94095,0.94114,2.44,1.69
2013.08.30 12:12:34.743,0.94096,0.94115,1.69,2.44
2013.08.30 12:12:46.247,0.94097,0.94114,2.44,1.69
2013.08.30 12:12:47.466,0.94097,0.94115,1.69,1.69
2013.08.30 12:12:47.534,0.94097,0.94115,1.69,1.69
2013.08.30 12:12:47.713,0.94094,0.94113,1.69,1.69
2013.08.30 12:12:48.333,0.94093,0.94112,2.44,1.69
2013.08.30 12:12:51.153,0.94094,0.94114,2.44,1.69
2013.08.30 12:12:51.213,0.94096,0.94114,1.69,1.69
2013.08.30 12:12:53.172,0.94096,0.94114,2.44,2.07
2013.08.30 12:13:01.203,0.94094,0.94112,1.69,1.69
2013.08.30 12:13:03.603,0.94093,0.94112,2.44,2.44
2013.08.30 12:13:04.023,0.94092,0.9411,1.69,2.44
2013.08.30 12:13:05.643,0.94092,0.9411,2.44,1.69
2013.08.30 12:13:13.138,0.94091,0.9411,2.44,1.69
2013.08.30 12:13:15.548,0.94091,0.9411,1.69,2.44
2013.08.30 12:13:16.150,0.94091,0.94108,1.69,1.69
2013.08.30 12:13:18.472,0.94092,0.9411,2.44,1.69
2013.08.30 12:13:24.644,0.94092,0.94108,1.69,1.69
2013.08.30 12:13:27.433,0.94092,0.94109,2.44,1.69
2013.08.30 12:13:28.104,0.94092,0.94111,2.44,1.69
2013.08.30 12:13:28.282,0.94095,0.94113,1.69,2.82
2013.08.30 12:13:31.534,0.94095,0.94112,1.69,1.13
2013.08.30 12:13:31.593,0.94095,0.94112,1.69,1.13
2013.08.30 12:13:32.096,0.94099,0.94116,2.25,2.44
2013.08.30 12:13:32.633,0.941,0.94116,1.50,2.07
2013.08.30 12:13:34.863,0.941,0.94117,1.50,2.44
2013.08.30 12:13:38.893,0.94099,0.94117,1.69,2.82
2013.08.30 12:13:38.953,0.94098,0.94114,1.32,2.44
2013.08.30 12:13:41.182,0.94097,0.94118,1.69,4.69
2013.08.30 12:13:41.244,0.94097,0.94115,1.69,2.44
2013.08.30 12:13:41.583,0.94096,0.94114,2.82,1.69
2013.08.30 12:13:41.643,0.94096,0.94113,2.07,2.44
2013.08.30 12:13:42.002,0.94096,0.94111,1.50,2.44
2013.08.30 12:13:45.626,0.94096,0.94114,1.69,3.19
2013.08.30 12:13:47.553,0.94096,0.94111,1.50,2.44
2013.08.30 12:13:51.775,0.94096,0.94109,1.50,2.44
2013.08.30 12:13:52.313,0.94091,0.94108,1.32,3.19
2013.08.30 12:13:55.573,0.94091,0.94108,1.13,3.19
2013.08.30 12:13:56.093,0.94091,0.94108,1.13,3.19
2013.08.30 12:14:00.160,0.9409,0.94108,1.69,3.19
2013.08.30 12:14:00.224,0.9409,0.94105,1.50,2.44
2013.08.30 12:14:00.583,0.94085,0.94103,1.69,2.44
2013.08.30 12:14:01.632,0.94084,0.94102,1.32,3.19
2013.08.30 12:14:02.153,0.94084,0.94101,1.88,2.44
2013.08.30 12:14:04.423,0.94084,0.941,2.07,2.44
2013.08.30 12:14:04.542,0.94084,0.94103,2.07,2.44
2013.08.30 12:14:05.073,0.94085,0.94104,1.69,3.94
2013.08.30 12:14:05.883,0.94086,0.94104,1.69,1.69
2013.08.30 12:14:08.934,0.94088,0.94107,1.69,1.32
2013.08.30 12:14:09.443,0.9409,0.94108,1.69,2.44
2013.08.30 12:14:09.502,0.94089,0.94108,1.69,4.69
2013.08.30 12:14:16.784,0.94091,0.94108,1.32,2.44
2013.08.30 12:14:17.203,0.94092,0.9411,1.69,1.69
2013.08.30 12:14:17.590,0.94092,0.9411,1.69,1.69
2013.08.30 12:14:17.896,0.94087,0.94107,2.44,1.69
2013.08.30 12:14:19.515,0.9409,0.94105,1.50,2.82
2013.08.30 12:14:20.343,0.94084,0.941,1.69,1.32
2013.08.30 12:14:20.403,0.94084,0.94101,2.44,1.32
2013.08.30 12:14:20.933,0.94084,0.941,1.69,1.32
2013.08.30 12:14:21.803,0.94083,0.94099,2.44,1.32
2013.08.30 12:14:22.973,0.94082,0.94099,1.32,1.69
2013.08.30 12:14:24.113,0.9408,0.94099,2.82,1.69
2013.08.30 12:14:24.293,0.94074,0.94093,1.69,3.19
2013.08.30 12:14:24.593,0.94074,0.94092,1.69,1.69
2013.08.30 12:14:25.553,0.94074,0.94093,1.69,3.94
2013.08.30 12:14:25.673,0.94076,0.94093,1.69,2.44
2013.08.30 12:14:26.033,0.94073,0.94093,2.44,2.25
2013.08.30 12:14:26.332,0.94077,0.94093,1.69,2.25
2013.08.30 12:14:27.673,0.94077,0.94094,1.32,1.69
2013.08.30 12:14:29.243,0.94077,0.94093,1.32,1.69
2013.08.30 12:14:31.613,0.94077,0.94094,2.07,1.69
2013.08.30 12:14:33.343,0.94078,0.94095,1.32,1.69
2013.08.30 12:14:33.403,0.94078,0.94096,2.07,1.69
2013.08.30 12:14:34.035,0.9408,0.94098,1.32,2.44
2013.08.30 12:14:34.573,0.94081,0.94098,1.32,1.69
2013.08.30 12:14:35.068,0.94082,0.94099,1.32,2.44
2013.08.30 12:14:35.324,0.94089,0.94106,1.69,1.50
2013.08.30 12:14:35.505,0.94089,0.94108,1.69,3.19
2013.08.30 12:14:35.807,0.94091,0.94108,1.69,1.69
2013.08.30 12:14:40.299,0.94089,0.94108,2.07,1.69
2013.08.30 12:14:40.547,0.94092,0.94109,1.69,2.44
2013.08.30 12:14:41.063,0.94089,0.94108,1.69,3.19
2013.08.30 12:14:41.842,0.94088,0.94106,2.07,1.69
2013.08.30 12:14:43.213,0.94088,0.94105,1.69,1.69
2013.08.30 12:14:48.673,0.94088,0.94108,1.69,3.19
2013.08.30 12:14:50.143,0.94087,0.94098,1.50,2.25
2013.08.30 12:14:50.203,0.94085,0.94098,1.50,2.25
2013.08.30 12:14:50.323,0.94079,0.94093,2.25,1.13
2013.08.30 12:14:50.383,0.94076,0.94092,1.69,1.88
2013.08.30 12:14:50.623,0.94071,0.94088,1.69,1.50
2013.08.30 12:14:50.683,0.9407,0.94088,1.69,2.44
2013.08.30 12:14:50.803,0.94068,0.94087,2.07,1.69
2013.08.30 12:14:51.104,0.94068,0.94084,2.07,1.50
2013.08.30 12:14:52.316,0.9407,0.94084,1.69,1.50
2013.08.30 12:14:52.434,0.94067,0.94083,1.69,1.50
2013.08.30 12:14:52.494,0.94065,0.94083,1.69,3.94
2013.08.30 12:14:52.734,0.94062,0.9408,1.69,1.32
2013.08.30 12:14:52.913,0.9406,0.94078,2.44,1.88
2013.08.30 12:14:53.274,0.9406,0.94078,1.69,2.07
2013.08.30 12:14:53.803,0.9406,0.94079,1.69,2.44
2013.08.30 12:14:54.163,0.94064,0.94081,2.44,1.32
2013.08.30 12:14:54.523,0.94059,0.94076,2.44,1.50
2013.08.30 12:14:55.063,0.94059,0.94077,1.69,3.19
2013.08.30 12:14:55.693,0.94061,0.94079,1.69,1.69
2013.08.30 12:14:56.553,0.94059,0.94079,2.44,1.69
2013.08.30 12:14:56.613,0.94059,0.94077,1.50,1.69
2013.08.30 12:14:56.736,0.94053,0.94071,1.32,1.50
2013.08.30 12:14:56.925,0.9405,0.9407,1.69,2.44
2013.08.30 12:14:57.165,0.94057,0.94073,1.32,1.69
2013.08.30 12:14:57.585,0.94057,0.94074,1.69,1.69
2013.08.30 12:14:57.943,0.94056,0.94072,1.69,2.44
2013.08.30 12:14:58.124,0.94055,0.9407,1.50,1.69
2013.08.30 12:14:58.375,0.94055,0.94068,1.50,2.44
2013.08.30 12:14:58.793,0.94053,0.94068,1.50,2.44
2013.08.30 12:14:58.913,0.94048,0.94068,1.69,3.19
2013.08.30 12:14:59.274,0.94048,0.94065,1.69,2.44
2013.08.30 12:15:00.174,0.94048,0.94067,2.44,2.44
2013.08.30 12:15:01.593,0.9405,0.94066,1.69,1.32
2013.08.30 12:15:02.134,0.94053,0.94068,2.44,2.82
2013.08.30 12:15:02.254,0.94056,0.94071,1.50,2.44
2013.08.30 12:15:02.313,0.94057,0.94071,1.50,2.44
2013.08.30 12:15:02.614,0.94061,0.94075,1.69,1.32
2013.08.30 12:15:02.924,0.94062,0.94075,1.50,1.47
2013.08.30 12:15:02.984,0.94062,0.94075,1.50,1.47
2013.08.30 12:15:03.225,0.94065,0.9408,1.50,1.69
2013.08.30 12:15:03.744,0.94066,0.94081,2.25,1.32
2013.08.30 12:15:04.067,0.94066,0.94083,3.94,1.32
2013.08.30 12:15:04.593,0.94069,0.94083,2.44,1.32
2013.08.30 12:15:04.775,0.94071,0.94089,1.69,2.07
2013.08.30 12:15:04.833,0.94072,0.94087,1.50,1.69
2013.08.30 12:15:05.383,0.94071,0.94087,1.69,1.69
2013.08.30 12:15:05.563,0.94071,0.94089,2.44,2.07
2013.08.30 12:15:06.063,0.94071,0.94089,2.44,2.07
2013.08.30 12:15:06.202,0.94073,0.94089,1.69,2.07
2013.08.30 12:15:09.593,0.94075,0.94089,1.69,1.32
2013.08.30 12:15:09.908,0.94077,0.94093,1.69,1.32
2013.08.30 12:15:10.441,0.9408,0.94093,1.50,1.32
2013.08.30 12:15:11.039,0.9408,0.94093,1.50,1.32
2013.08.30 12:15:11.643,0.9408,0.94093,1.50,1.32
2013.08.30 12:15:12.293,0.9408,0.94094,1.69,1.13
2013.08.30 12:15:14.683,0.9408,0.94094,1.50,1.32
2013.08.30 12:15:14.744,0.94081,0.94094,1.50,1.32
2013.08.30 12:15:15.054,0.94083,0.94094,1.50,1.32
2013.08.30 12:15:15.906,0.94083,0.94094,1.50,1.69
2013.08.30 12:15:16.154,0.94083,0.941,1.50,2.44
2013.08.30 12:15:16.214,0.94085,0.941,1.50,2.44
2013.08.30 12:15:16.333,0.94088,0.94103,1.50,2.44
2013.08.30 12:15:16.453,0.94088,0.94104,1.50,1.69
2013.08.30 12:15:16.573,0.94088,0.94104,1.50,1.69
2013.08.30 12:15:16.873,0.94087,0.94104,1.69,1.69
2013.08.30 12:15:27.413,0.94086,0.94104,1.69,1.69
2013.08.30 12:15:27.673,0.94086,0.94104,1.69,1.69
2013.08.30 12:15:29.326,0.94088,0.94105,1.69,1.69
2013.08.30 12:15:29.684,0.94086,0.94103,1.69,1.69
2013.08.30 12:15:29.744,0.94084,0.94101,2.44,1.69
2013.08.30 12:15:30.853,0.94085,0.94103,2.44,1.69
2013.08.30 12:15:31.214,0.94086,0.94104,2.44,1.69
2013.08.30 12:15:31.334,0.94084,0.94104,2.44,1.69
2013.08.30 12:15:31.574,0.94084,0.94102,1.69,1.69
2013.08.30 12:15:32.323,0.94084,0.94103,2.44,1.69
2013.08.30 12:15:33.386,0.94087,0.94103,1.69,1.69
2013.08.30 12:15:33.914,0.94087,0.94104,1.69,1.69
2013.08.30 12:15:34.723,0.94087,0.94104,1.69,1.69
2013.08.30 12:15:38.154,0.94087,0.94103,1.69,1.69
2013.08.30 12:15:38.887,0.94086,0.94102,1.69,1.69
2013.08.30 12:15:39.213,0.94089,0.94106,1.50,1.32
2013.08.30 12:15:39.273,0.94088,0.94105,1.69,1.69
2013.08.30 12:15:39.333,0.9409,0.94104,1.69,1.69
2013.08.30 12:15:39.641,0.9409,0.94103,1.50,1.69
2013.08.30 12:15:40.643,0.94087,0.94103,2.44,1.69
2013.08.30 12:15:42.598,0.94087,0.94103,2.44,1.69
2013.08.30 12:15:43.118,0.94085,0.94103,2.44,1.69
2013.08.30 12:15:44.836,0.94085,0.94103,1.69,1.69
2013.08.30 12:15:45.354,0.94087,0.94103,2.25,1.69
2013.08.30 12:15:45.763,0.94086,0.94099,1.50,1.69
2013.08.30 12:15:46.124,0.9409,0.94108,1.69,2.07
2013.08.30 12:15:46.243,0.9409,0.94105,1.50,1.69
2013.08.30 12:15:46.363,0.94087,0.94105,2.44,1.69
2013.08.30 12:15:46.964,0.94089,0.94105,1.69,1.69
2013.08.30 12:15:50.458,0.94088,0.94104,1.32,1.69
2013.08.30 12:15:50.822,0.94088,0.94107,1.69,3.19
2013.08.30 12:15:50.943,0.94091,0.94108,1.69,3.19
2013.08.30 12:15:51.123,0.94092,0.94108,1.69,1.13
2013.08.30 12:15:51.184,0.94091,0.94107,1.69,1.69
2013.08.30 12:15:51.483,0.94092,0.94108,1.69,2.07
2013.08.30 12:15:51.603,0.9409,0.94108,1.69,1.32
2013.08.30 12:15:51.724,0.94091,0.9411,2.44,1.32
2013.08.30 12:15:52.412,0.94095,0.94111,2.44,1.32
2013.08.30 12:15:53.136,0.94095,0.94114,2.44,1.69
2013.08.30 12:15:53.208,0.94097,0.94116,1.69,2.44
2013.08.30 12:15:54.364,0.94098,0.94118,2.44,1.69
2013.08.30 12:15:56.695,0.94098,0.94115,1.69,1.69
2013.08.30 12:15:56.753,0.94098,0.94114,1.69,1.69
2013.08.30 12:15:57.415,0.94096,0.94112,1.32,1.69
2013.08.30 12:15:58.914,0.94096,0.94112,1.32,2.44
2013.08.30 12:16:00.533,0.94096,0.94112,1.32,1.69
2013.08.30 12:16:02.215,0.94095,0.94111,2.44,1.13
2013.08.30 12:16:02.516,0.94093,0.94109,1.50,1.69
2013.08.30 12:16:02.756,0.94091,0.94107,1.50,1.32
2013.08.30 12:16:05.263,0.94091,0.94107,2.25,1.32
2013.08.30 12:16:06.043,0.94089,0.94106,2.63,1.32
2013.08.30 12:16:07.383,0.9409,0.94109,1.69,2.07
2013.08.30 12:16:07.944,0.94091,0.94109,1.69,1.69
2013.08.30 12:16:08.445,0.94091,0.94109,1.69,1.69
2013.08.30 12:16:09.385,0.94091,0.94109,1.69,2.07
2013.08.30 12:16:13.303,0.94091,0.94108,1.69,1.32
2013.08.30 12:16:16.213,0.94091,0.94109,1.69,1.69
2013.08.30 12:16:16.573,0.94093,0.94111,1.69,1.69
2013.08.30 12:16:20.000,0.94093,0.9411,1.69,1.69
2013.08.30 12:16:21.313,0.94094,0.9411,1.13,1.69
2013.08.30 12:16:22.124,0.94091,0.94105,1.32,1.69
2013.08.30 12:16:22.594,0.94093,0.94105,1.50,1.69
2013.08.30 12:16:25.753,0.94096,0.94108,1.50,1.69
2013.08.30 12:16:27.813,0.94092,0.94108,2.82,1.69
2013.08.30 12:16:28.303,0.94088,0.94105,2.44,2.07
2013.08.30 12:16:28.363,0.94088,0.94105,2.44,2.07
2013.08.30 12:16:28.743,0.94088,0.94103,1.69,2.07
2013.08.30 12:16:29.053,0.94091,0.94103,1.50,2.07
2013.08.30 12:16:32.793,0.94088,0.94102,1.69,1.32
2013.08.30 12:16:50.393,0.94088,0.94105,1.69,2.07
2013.08.30 12:16:55.983,0.9409,0.94104,1.50,1.69
2013.08.30 12:16:56.464,0.9409,0.94106,1.69,1.32
2013.08.30 12:16:56.703,0.9409,0.94105,1.69,1.13
2013.08.30 12:16:57.063,0.94093,0.94107,1.69,1.32
2013.08.30 12:16:59.623,0.94093,0.94107,1.50,1.32
2013.08.30 12:16:59.683,0.94093,0.94108,1.69,2.07
2013.08.30 12:17:00.223,0.94093,0.9411,1.69,1.32
2013.08.30 12:17:00.343,0.94096,0.9411,1.50,1.32
2013.08.30 12:17:00.523,0.941,0.94116,1.69,1.32
2013.08.30 12:17:00.883,0.94101,0.94118,3.19,1.32
2013.08.30 12:17:01.004,0.94101,0.94119,3.94,1.13
2013.08.30 12:17:01.123,0.94106,0.94119,1.50,1.13
2013.08.30 12:17:01.644,0.94106,0.94119,1.50,1.13
2013.08.30 12:17:02.405,0.94106,0.94119,1.50,1.13
2013.08.30 12:17:04.355,0.94106,0.94119,1.50,1.13
2013.08.30 12:17:04.633,0.94103,0.94119,1.69,1.13
2013.08.30 12:17:05.487,0.94104,0.94119,1.69,1.13
2013.08.30 12:17:05.904,0.94105,0.94125,2.44,1.32
2013.08.30 12:17:05.963,0.94105,0.94121,2.44,1.32
2013.08.30 12:17:06.503,0.94105,0.94119,1.69,1.13
2013.08.30 12:17:08.683,0.94105,0.94119,1.69,1.13
2013.08.30 12:17:09.414,0.94105,0.94119,1.69,1.13
2013.08.30 12:17:14.421,0.94105,0.94119,1.69,1.13
2013.08.30 12:17:18.329,0.94104,0.94119,1.69,1.32
2013.08.30 12:17:18.953,0.94105,0.94124,2.44,2.82
2013.08.30 12:17:19.133,0.94105,0.94124,3.19,2.82
2013.08.30 12:17:20.207,0.94105,0.94124,3.19,2.82
2013.08.30 12:17:20.525,0.94105,0.94122,2.63,1.13
2013.08.30 12:17:20.644,0.94104,0.94118,1.88,1.13
2013.08.30 12:17:20.764,0.94102,0.94118,1.88,1.32
2013.08.30 12:17:21.123,0.94102,0.94115,1.13,1.88
2013.08.30 12:17:21.455,0.94101,0.94115,1.13,2.07
2013.08.30 12:17:21.695,0.94101,0.94115,1.13,2.07
2013.08.30 12:17:22.282,0.94099,0.94115,1.69,2.07
2013.08.30 12:17:22.344,0.94099,0.94115,1.69,2.07
2013.08.30 12:17:23.633,0.94102,0.94115,1.13,1.50
2013.08.30 12:17:23.753,0.94102,0.94118,2.07,1.50
2013.08.30 12:17:23.813,0.94104,0.94121,2.07,1.32
2013.08.30 12:17:23.933,0.94107,0.94123,2.44,2.07
2013.08.30 12:17:26.039,0.94105,0.94124,3.38,2.07
2013.08.30 12:17:26.753,0.94107,0.94125,1.69,1.32
2013.08.30 12:17:26.933,0.94111,0.94129,1.69,1.69
2013.08.30 12:17:27.484,0.94112,0.94129,2.82,1.69
2013.08.30 12:17:27.633,0.94113,0.94132,2.07,2.82
2013.08.30 12:17:27.753,0.94114,0.94132,1.69,2.07
2013.08.30 12:17:28.744,0.94114,0.94132,1.32,1.32
2013.08.30 12:17:30.863,0.94114,0.94132,1.13,1.69
2013.08.30 12:17:31.371,0.94113,0.94132,3.42,1.99
2013.08.30 12:17:33.653,0.94118,0.94134,1.35,1.88
2013.08.30 12:17:33.955,0.94123,0.9414,2.44,1.32
2013.08.30 12:17:34.075,0.94123,0.94138,1.69,1.69
2013.08.30 12:17:34.134,0.94122,0.94138,2.25,1.69
2013.08.30 12:17:37.993,0.94123,0.94141,1.32,3.57
2013.08.30 12:17:41.094,0.94125,0.94141,1.32,1.32
2013.08.30 12:17:41.903,0.94131,0.94143,1.50,1.88
2013.08.30 12:17:42.023,0.94132,0.94149,2.25,1.69
2013.08.30 12:17:42.203,0.94132,0.94148,1.13,1.69
2013.08.30 12:17:42.743,0.94131,0.94148,1.69,1.69
2013.08.30 12:17:43.564,0.9413,0.94148,1.32,1.69
2013.08.30 12:17:43.623,0.94128,0.94147,1.32,1.69
2013.08.30 12:17:44.383,0.94126,0.94145,2.07,2.44
2013.08.30 12:17:44.904,0.94126,0.94144,1.69,2.44
2013.08.30 12:17:45.943,0.94124,0.94144,2.44,2.44
2013.08.30 12:17:46.453,0.94123,0.94141,2.07,1.69
2013.08.30 12:17:46.973,0.94125,0.94143,1.69,1.69
2013.08.30 12:17:47.510,0.94125,0.94144,2.44,3.19
2013.08.30 12:17:48.310,0.94125,0.94144,1.69,3.19
2013.08.30 12:17:48.373,0.94124,0.94143,2.44,1.69
2013.08.30 12:17:48.493,0.94124,0.9414,1.69,1.13
2013.08.30 12:17:48.975,0.94125,0.94141,1.69,1.32
2013.08.30 12:17:49.034,0.94125,0.94139,1.69,1.50
2013.08.30 12:17:49.154,0.94125,0.94142,1.69,2.44
2013.08.30 12:17:50.290,0.94124,0.94142,1.69,2.44
2013.08.30 12:17:50.863,0.94124,0.94141,1.69,1.69
2013.08.30 12:18:00.304,0.94124,0.94141,1.69,2.07
2013.08.30 12:18:00.543,0.94127,0.94144,1.69,2.44
2013.08.30 12:18:00.666,0.94129,0.94148,1.69,3.94
2013.08.30 12:18:00.963,0.94132,0.9415,1.69,2.18
2013.08.30 12:18:01.840,0.94134,0.94152,1.69,1.32
2013.08.30 12:18:02.228,0.94134,0.94153,2.07,2.82
2013.08.30 12:18:04.440,0.94134,0.94153,2.44,2.44
2013.08.30 12:18:04.965,0.94137,0.94153,1.13,2.44
2013.08.30 12:18:05.264,0.94138,0.94155,2.82,1.69
2013.08.30 12:18:07.275,0.9414,0.94153,1.69,1.32
2013.08.30 12:18:07.394,0.94141,0.94157,1.69,1.32
2013.08.30 12:18:07.453,0.94141,0.9416,1.69,3.94
2013.08.30 12:18:07.919,0.94139,0.94156,2.44,1.32
2013.08.30 12:18:07.983,0.94139,0.94156,1.69,2.07
2013.08.30 12:18:08.693,0.94139,0.94154,1.50,1.69
2013.08.30 12:18:09.204,0.94137,0.94154,1.69,1.69
2013.08.30 12:18:09.753,0.94137,0.94154,2.07,1.69
2013.08.30 12:18:10.103,0.94137,0.94155,2.07,2.07
2013.08.30 12:18:10.223,0.94137,0.94152,1.50,1.32
2013.08.30 12:18:10.885,0.94133,0.94151,1.69,1.69
2013.08.30 12:18:11.184,0.94132,0.9415,1.69,1.69
2013.08.30 12:18:11.423,0.94133,0.9415,1.32,1.69
2013.08.30 12:18:12.840,0.94133,0.9415,1.32,1.69
2013.08.30 12:18:12.963,0.94131,0.94147,1.69,3.19
2013.08.30 12:18:13.023,0.9413,0.94145,2.25,2.07
2013.08.30 12:18:13.143,0.9413,0.94145,1.50,1.69
2013.08.30 12:18:13.943,0.9413,0.94145,1.88,1.69
2013.08.30 12:18:14.564,0.94128,0.94145,2.44,1.69
2013.08.30 12:18:20.274,0.94129,0.94146,1.69,2.07
2013.08.30 12:18:28.243,0.94128,0.94147,2.82,1.69
2013.08.30 12:18:29.834,0.94128,0.94147,2.44,1.69
2013.08.30 12:18:30.195,0.94128,0.94143,1.69,1.69
2013.08.30 12:18:30.255,0.94128,0.94145,2.44,1.69
2013.08.30 12:18:30.773,0.9413,0.94145,1.69,1.69
2013.08.30 12:18:41.345,0.9413,0.94146,1.69,1.69
2013.08.30 12:18:41.526,0.94126,0.94143,2.44,1.69
2013.08.30 12:18:42.063,0.94127,0.94146,2.44,1.69
2013.08.30 12:18:42.184,0.94127,0.94144,1.69,1.69
2013.08.30 12:18:43.553,0.94127,0.94144,2.44,1.69
2013.08.30 12:18:43.613,0.94127,0.94144,2.44,1.69
2013.08.30 12:18:43.853,0.94128,0.94145,2.07,1.69
2013.08.30 12:18:52.633,0.9413,0.94146,2.67,1.50
2013.08.30 12:18:52.813,0.94134,0.94153,2.07,3.19
2013.08.30 12:18:53.353,0.94136,0.94153,1.69,2.44
2013.08.30 12:18:53.654,0.94141,0.94153,1.69,1.50
2013.08.30 12:18:53.834,0.94142,0.94158,2.07,1.69
2013.08.30 12:18:54.313,0.94142,0.94159,1.32,3.19
2013.08.30 12:18:54.623,0.94141,0.94159,1.13,3.19
2013.08.30 12:18:55.417,0.94141,0.94157,1.13,1.69
2013.08.30 12:18:56.025,0.94141,0.94159,2.82,1.69
2013.08.30 12:18:56.144,0.94144,0.94161,2.07,1.32
2013.08.30 12:18:56.815,0.94145,0.94164,2.07,1.69
2013.08.30 12:18:56.876,0.94146,0.94164,1.32,1.69
2013.08.30 12:18:57.735,0.94148,0.94164,1.88,1.69
2013.08.30 12:18:58.433,0.94148,0.94166,2.07,1.69
2013.08.30 12:18:58.553,0.9415,0.94167,2.07,1.69
2013.08.30 12:18:58.799,0.94156,0.94172,1.50,1.32
2013.08.30 12:18:59.043,0.94157,0.94174,2.07,2.44
2013.08.30 12:18:59.164,0.94156,0.94173,1.32,1.69
2013.08.30 12:18:59.689,0.94156,0.94173,1.32,1.69
2013.08.30 12:18:59.758,0.94155,0.94172,2.82,1.69
2013.08.30 12:18:59.936,0.94155,0.94172,2.82,1.69
2013.08.30 12:18:59.996,0.94155,0.94172,2.07,1.69
2013.08.30 12:19:01.063,0.94157,0.94171,1.69,1.32
2013.08.30 12:19:01.763,0.94157,0.94171,1.69,1.32
2013.08.30 12:19:02.003,0.9416,0.94172,1.50,1.32
2013.08.30 12:19:02.923,0.94159,0.94173,1.69,1.13
2013.08.30 12:19:04.795,0.94158,0.94173,1.32,2.07
2013.08.30 12:19:05.603,0.94158,0.94172,1.32,1.32
2013.08.30 12:19:05.723,0.94156,0.94171,1.13,2.07
2013.08.30 12:19:07.579,0.94153,0.94172,1.84,2.29
2013.08.30 12:19:07.823,0.94151,0.94167,1.92,1.69
2013.08.30 12:19:08.416,0.9415,0.94167,2.07,1.69
2013.08.30 12:19:08.593,0.9415,0.94167,2.07,1.32
2013.08.30 12:19:10.423,0.94152,0.94168,2.07,2.07
2013.08.30 12:19:11.094,0.94152,0.94164,1.50,1.13
2013.08.30 12:19:11.403,0.94147,0.94166,2.44,2.07
2013.08.30 12:19:13.364,0.94148,0.94165,1.32,1.32
2013.08.30 12:19:13.424,0.94149,0.94165,1.32,1.13
2013.08.30 12:19:14.524,0.94149,0.94164,2.44,1.13
2013.08.30 12:19:15.084,0.94149,0.94165,2.44,1.32
2013.08.30 12:19:15.924,0.9415,0.94167,1.32,1.13
2013.08.30 12:19:16.163,0.94152,0.94169,1.69,1.32
2013.08.30 12:19:17.244,0.94152,0.94169,3.00,1.32
2013.08.30 12:19:18.543,0.94152,0.94169,3.00,1.32
2013.08.30 12:19:18.883,0.94152,0.94168,3.00,1.32
2013.08.30 12:19:18.944,0.94152,0.94168,2.25,1.32
2013.08.30 12:19:20.593,0.94151,0.94168,1.50,2.07
2013.08.30 12:19:20.653,0.94151,0.94168,2.25,2.07
2013.08.30 12:19:21.203,0.94151,0.94167,1.88,1.13
2013.08.30 12:19:21.753,0.94151,0.94168,3.75,1.50
2013.08.30 12:19:22.053,0.94153,0.9417,1.32,1.69
2013.08.30 12:19:23.683,0.94153,0.9417,2.63,1.32
2013.08.30 12:19:29.201,0.94152,0.94169,3.57,1.13
2013.08.30 12:19:31.884,0.94153,0.94164,2.07,1.13
2013.08.30 12:19:31.954,0.94153,0.94164,1.13,1.13
2013.08.30 12:19:32.133,0.94148,0.94164,1.13,1.13
2013.08.30 12:19:32.555,0.94147,0.94162,1.13,1.32
2013.08.30 12:19:32.914,0.94142,0.94159,1.69,1.32
2013.08.30 12:19:32.974,0.94142,0.94159,1.69,1.32
2013.08.30 12:19:33.034,0.94141,0.94159,1.69,2.82
2013.08.30 12:19:37.533,0.94142,0.94158,1.32,1.69
2013.08.30 12:19:37.853,0.94136,0.94153,1.69,2.44
2013.08.30 12:19:37.973,0.94133,0.94152,1.69,1.69
2013.08.30 12:19:40.135,0.94131,0.94151,3.19,2.07
2013.08.30 12:19:40.653,0.94132,0.94149,1.32,1.32
2013.08.30 12:19:41.236,0.94132,0.94149,1.32,1.32
2013.08.30 12:19:41.423,0.94131,0.94147,1.69,1.13
2013.08.30 12:19:41.484,0.9413,0.94146,1.50,1.69
2013.08.30 12:19:41.544,0.9413,0.94144,1.50,1.32
2013.08.30 12:19:41.783,0.94125,0.94142,2.44,2.07
2013.08.30 12:19:44.214,0.94127,0.94145,1.69,1.69
2013.08.30 12:19:44.514,0.9413,0.94148,1.69,2.44
2013.08.30 12:19:44.874,0.94134,0.94151,2.44,1.69
2013.08.30 12:19:48.133,0.94134,0.94151,3.57,2.07
2013.08.30 12:19:48.544,0.94134,0.94151,3.57,1.69
2013.08.30 12:19:48.603,0.94134,0.94149,2.82,1.69
2013.08.30 12:19:48.904,0.94132,0.94149,1.69,1.69
2013.08.30 12:19:52.663,0.94132,0.94149,2.82,1.69
2013.08.30 12:19:52.847,0.9413,0.94147,1.69,1.69
2013.08.30 12:19:54.154,0.94131,0.94148,2.44,1.69
2013.08.30 12:19:54.413,0.94132,0.94148,1.69,1.69
2013.08.30 12:19:54.473,0.94132,0.94151,2.44,2.44
2013.08.30 12:19:55.843,0.94133,0.94152,3.57,1.69
2013.08.30 12:19:56.383,0.94128,0.94148,3.94,1.69
2013.08.30 12:19:57.605,0.94129,0.94148,1.32,1.69
2013.08.30 12:19:57.664,0.94128,0.94147,3.19,1.69
2013.08.30 12:19:57.783,0.94128,0.94144,1.50,1.69
2013.08.30 12:19:58.144,0.94126,0.94144,1.69,1.69
2013.08.30 12:19:58.323,0.94126,0.94141,2.07,1.69
2013.08.30 12:19:58.443,0.9413,0.94144,1.50,1.69
2013.08.30 12:19:58.511,0.94128,0.94144,1.50,1.69
2013.08.30 12:19:59.063,0.94128,0.94144,1.13,1.69
2013.08.30 12:20:00.036,0.94128,0.94145,1.13,1.69
2013.08.30 12:20:00.097,0.94128,0.94145,1.13,1.69
2013.08.30 12:20:00.815,0.94127,0.94143,1.50,1.69
2013.08.30 12:20:01.293,0.94122,0.9414,2.25,1.69
2013.08.30 12:20:01.826,0.94122,0.9414,1.13,2.44
2013.08.30 12:20:02.389,0.94121,0.9414,1.69,2.44
2013.08.30 12:20:02.454,0.94121,0.9414,1.69,2.44
2013.08.30 12:20:02.936,0.94122,0.94141,3.19,1.69
2013.08.30 12:20:03.056,0.94125,0.94142,1.69,2.44
2013.08.30 12:20:03.175,0.94123,0.94141,1.69,1.69
2013.08.30 12:20:04.138,0.94122,0.94141,2.82,2.44
2013.08.30 12:20:05.505,0.94122,0.94141,2.82,1.69
2013.08.30 12:20:06.554,0.94122,0.94139,2.82,1.69
2013.08.30 12:20:06.674,0.94121,0.94138,2.63,1.69
2013.08.30 12:20:06.794,0.94115,0.94132,2.59,1.69
2013.08.30 12:20:06.854,0.94115,0.94126,2.40,1.69
2013.08.30 12:20:07.033,0.94113,0.94126,2.03,1.69
2013.08.30 12:20:07.154,0.9411,0.94126,1.69,1.69
2013.08.30 12:20:07.214,0.94107,0.94126,2.44,1.69
2013.08.30 12:20:07.794,0.94113,0.94126,1.50,1.69
2013.08.30 12:20:08.093,0.94128,0.94147,1.13,2.44
2013.08.30 12:20:08.154,0.94127,0.94147,2.82,1.50
2013.08.30 12:20:08.214,0.94129,0.94149,1.69,2.44
2013.08.30 12:20:08.274,0.9413,0.94148,1.69,1.69
2013.08.30 12:20:08.814,0.9413,0.94147,1.69,1.69
2013.08.30 12:20:10.504,0.94129,0.94144,1.32,1.69
2013.08.30 12:20:10.863,0.94126,0.94144,1.32,1.69
2013.08.30 12:20:10.983,0.94125,0.94144,3.57,1.69
2013.08.30 12:20:12.325,0.94126,0.94142,2.07,1.69
2013.08.30 12:20:12.384,0.94122,0.9414,1.69,1.69
2013.08.30 12:20:13.046,0.94123,0.9414,1.32,1.69
2013.08.30 12:20:13.124,0.94126,0.94143,1.50,1.69
2013.08.30 12:20:13.197,0.94126,0.94143,1.69,1.69
2013.08.30 12:20:13.327,0.94127,0.94145,3.00,1.69
2013.08.30 12:20:13.755,0.94129,0.94147,1.69,1.69
2013.08.30 12:20:14.304,0.94131,0.94147,1.69,1.69
2013.08.30 12:20:15.435,0.94131,0.94148,3.57,1.69
2013.08.30 12:20:15.764,0.94131,0.94149,4.32,1.69
2013.08.30 12:20:17.425,0.94132,0.94151,3.57,1.69
2013.08.30 12:20:17.484,0.94134,0.94154,1.69,1.69
2013.08.30 12:20:17.724,0.94138,0.94155,1.69,1.69
2013.08.30 12:20:17.844,0.94138,0.94157,2.44,2.44
2013.08.30 12:20:18.734,0.94137,0.94154,2.44,1.69
2013.08.30 12:20:19.834,0.94139,0.94155,2.07,1.69
2013.08.30 12:20:20.138,0.94141,0.94159,1.69,2.25
2013.08.30 12:20:20.254,0.94141,0.94159,1.69,2.25
2013.08.30 12:20:20.493,0.94141,0.94159,1.69,3.19
2013.08.30 12:20:20.794,0.9414,0.94156,2.07,1.50
2013.08.30 12:20:20.854,0.9414,0.94156,1.32,2.44
2013.08.30 12:20:20.974,0.9414,0.94154,1.32,2.25
2013.08.30 12:20:21.333,0.94134,0.94152,1.69,1.50
2013.08.30 12:20:21.873,0.94133,0.94149,1.32,1.50
2013.08.30 12:20:24.154,0.94134,0.94153,2.44,1.69
2013.08.30 12:20:30.184,0.94134,0.94154,2.44,3.19
2013.08.30 12:20:31.073,0.94134,0.94154,3.19,5.07
2013.08.30 12:20:38.114,0.94136,0.94152,1.69,1.69
2013.08.30 12:20:38.415,0.9414,0.94157,1.69,1.69
2013.08.30 12:20:38.535,0.94142,0.94158,1.69,1.69
2013.08.30 12:20:38.924,0.94142,0.94159,3.19,1.13
2013.08.30 12:20:40.963,0.94145,0.94163,1.69,1.69
2013.08.30 12:20:41.024,0.94146,0.94164,2.44,1.69
2013.08.30 12:20:41.083,0.94146,0.94163,2.44,1.69
2013.08.30 12:20:41.143,0.94146,0.94163,2.44,1.69
2013.08.30 12:20:41.683,0.94143,0.94161,2.07,1.69
2013.08.30 12:20:41.974,0.94144,0.94159,1.32,1.69
2013.08.30 12:20:42.483,0.94141,0.94159,2.44,1.69
2013.08.30 12:20:44.002,0.94141,0.94158,1.69,1.69
2013.08.30 12:20:45.183,0.94138,0.94155,1.69,1.69
2013.08.30 12:20:45.528,0.94136,0.94154,3.19,1.50
2013.08.30 12:20:46.463,0.94135,0.94154,2.82,1.69
2013.08.30 12:20:47.003,0.94132,0.94151,2.44,1.69
2013.08.30 12:20:48.476,0.94132,0.94151,3.57,2.44
2013.08.30 12:20:51.295,0.94132,0.9415,3.57,1.69
2013.08.30 12:20:54.502,0.94132,0.94151,3.57,2.44
2013.08.30 12:20:55.023,0.94132,0.94151,2.82,2.44
2013.08.30 12:21:00.303,0.94132,0.94149,2.82,1.69
2013.08.30 12:21:00.905,0.94132,0.9415,2.82,1.69
2013.08.30 12:21:10.874,0.94132,0.94152,3.34,2.44
2013.08.30 12:21:11.570,0.94135,0.94154,1.69,2.44
2013.08.30 12:21:14.177,0.94134,0.94154,2.44,2.44
2013.08.30 12:21:16.662,0.94137,0.94153,1.50,1.32
2013.08.30 12:21:26.725,0.94136,0.94153,1.32,1.32
2013.08.30 12:21:32.964,0.94136,0.94155,2.07,2.07
2013.08.30 12:21:34.467,0.94138,0.94155,1.69,1.69
2013.08.30 12:21:35.168,0.94137,0.94154,2.82,1.69
2013.08.30 12:21:43.853,0.94137,0.94154,2.07,2.07
2013.08.30 12:21:43.973,0.94135,0.94154,2.44,2.07
2013.08.30 12:21:44.093,0.94135,0.94153,1.69,2.44
2013.08.30 12:21:44.274,0.94135,0.94149,1.88,1.69
2013.08.30 12:21:44.515,0.94132,0.94148,2.25,1.69
2013.08.30 12:21:44.818,0.94125,0.94143,1.69,1.69
2013.08.30 12:21:44.885,0.94124,0.94143,2.82,1.69
2013.08.30 12:21:45.586,0.94124,0.94143,2.44,1.69
2013.08.30 12:21:45.764,0.94124,0.94143,2.44,1.69
2013.08.30 12:21:46.324,0.94125,0.94144,1.69,2.07
2013.08.30 12:21:47.684,0.94124,0.94142,2.44,1.69
2013.08.30 12:21:47.743,0.94124,0.94142,1.69,1.69
2013.08.30 12:21:48.794,0.94124,0.94143,2.44,2.07
2013.08.30 12:21:49.124,0.94127,0.94145,1.69,2.44
2013.08.30 12:21:51.474,0.94131,0.94147,1.13,1.69
2013.08.30 12:21:52.218,0.94129,0.94147,2.82,1.69
2013.08.30 12:21:52.526,0.94138,0.94154,2.25,1.50
2013.08.30 12:21:52.764,0.94142,0.94158,2.44,1.13
2013.08.30 12:21:52.884,0.94142,0.94161,2.44,1.69
2013.08.30 12:21:55.183,0.94142,0.94161,2.82,1.69
2013.08.30 12:21:55.636,0.94142,0.94161,2.07,1.69
2013.08.30 12:21:55.993,0.94143,0.9416,1.32,1.69
2013.08.30 12:22:01.504,0.94144,0.94159,1.32,1.69
2013.08.30 12:22:03.579,0.94144,0.94163,2.07,2.82
2013.08.30 12:22:05.704,0.94145,0.94164,1.32,1.69
2013.08.30 12:22:05.824,0.94147,0.94164,2.44,1.32
2013.08.30 12:22:07.106,0.94147,0.94165,2.44,2.07
2013.08.30 12:22:07.224,0.94147,0.94163,1.69,1.32
2013.08.30 12:22:08.411,0.94143,0.94162,2.82,1.69
2013.08.30 12:22:08.774,0.94143,0.94162,2.44,1.69
2013.08.30 12:22:09.884,0.94146,0.94163,2.25,1.32
2013.08.30 12:22:09.944,0.94146,0.94164,2.44,2.07
2013.08.30 12:22:10.063,0.94147,0.94164,1.69,1.69
2013.08.30 12:22:10.604,0.94148,0.94164,2.44,1.69
2013.08.30 12:22:10.963,0.94149,0.94166,2.44,2.07
2013.08.30 12:22:11.794,0.94149,0.94164,2.44,1.32
2013.08.30 12:22:12.154,0.94146,0.94163,2.44,1.69
2013.08.30 12:22:12.774,0.94142,0.94161,3.19,2.07
2013.08.30 12:22:13.368,0.94142,0.94161,3.19,2.07
2013.08.30 12:22:13.953,0.94143,0.9416,1.32,1.50
2013.08.30 12:22:21.184,0.94144,0.94163,1.69,1.69
2013.08.30 12:22:21.424,0.94148,0.94167,1.32,3.19
2013.08.30 12:22:21.604,0.9415,0.94169,2.44,1.69
2013.08.30 12:22:21.724,0.94151,0.94169,1.69,1.69
2013.08.30 12:22:22.733,0.94153,0.94171,1.69,1.69
2013.08.30 12:22:25.607,0.94152,0.94171,2.44,2.07
2013.08.30 12:22:26.145,0.94153,0.9417,2.44,1.69
2013.08.30 12:22:34.128,0.94149,0.94169,2.44,1.69
2013.08.30 12:22:37.564,0.9415,0.94167,1.69,1.69
2013.08.30 12:22:38.443,0.94149,0.94165,1.69,1.69
2013.08.30 12:22:46.785,0.94148,0.94167,1.69,2.29
2013.08.30 12:22:46.916,0.94147,0.94165,1.69,1.69
2013.08.30 12:22:47.214,0.94145,0.94161,1.50,1.69
2013.08.30 12:22:47.274,0.94142,0.94161,2.44,1.69
2013.08.30 12:22:47.334,0.94142,0.94159,2.44,1.69
2013.08.30 12:22:51.497,0.94142,0.94161,1.69,2.44
2013.08.30 12:22:53.113,0.94142,0.94159,1.69,1.69
2013.08.30 12:22:53.414,0.94139,0.94158,1.69,1.69
2013.08.30 12:22:53.714,0.94139,0.94157,1.69,1.69
2013.08.30 12:22:53.954,0.94141,0.94161,2.44,2.63
2013.08.30 12:22:57.329,0.94141,0.9416,2.44,1.69
2013.08.30 12:22:59.472,0.94142,0.94161,3.19,1.69
2013.08.30 12:22:59.894,0.94145,0.94163,1.69,1.32
2013.08.30 12:23:00.280,0.94145,0.94163,3.19,1.32
2013.08.30 12:23:00.582,0.94158,0.94175,1.69,1.69
2013.08.30 12:23:03.605,0.94158,0.94175,1.69,1.69
2013.08.30 12:23:05.382,0.94156,0.94176,1.69,2.44
2013.08.30 12:23:06.664,0.94159,0.94177,1.69,1.69
2013.08.30 12:23:06.723,0.9416,0.94178,1.69,1.69
2013.08.30 12:23:06.902,0.94162,0.94179,1.69,2.07
2013.08.30 12:23:07.263,0.94161,0.9418,1.69,1.32
2013.08.30 12:23:08.493,0.9416,0.94178,1.69,1.32
2013.08.30 12:23:08.812,0.94161,0.94179,1.69,2.07
2013.08.30 12:23:08.932,0.94163,0.94179,2.44,1.13
2013.08.30 12:23:09.172,0.9417,0.94188,1.69,2.44
2013.08.30 12:23:09.533,0.94171,0.94188,1.69,1.50
2013.08.30 12:23:09.652,0.94173,0.94192,1.69,1.69
2013.08.30 12:23:09.712,0.94176,0.94193,1.69,1.50
2013.08.30 12:23:10.072,0.94176,0.94194,1.69,1.69
2013.08.30 12:23:10.132,0.94175,0.94193,1.69,1.69
2013.08.30 12:23:10.754,0.94176,0.94194,1.69,1.69
2013.08.30 12:23:11.292,0.94177,0.94196,1.69,1.69
2013.08.30 12:23:11.782,0.94177,0.94196,1.69,1.69
2013.08.30 12:23:12.622,0.94176,0.94192,1.69,1.69
2013.08.30 12:23:14.022,0.94173,0.94192,1.69,1.69
2013.08.30 12:23:17.742,0.94173,0.94191,1.69,2.07
2013.08.30 12:23:18.352,0.94172,0.94189,3.19,1.69
2013.08.30 12:23:18.822,0.94172,0.94189,2.44,1.69
2013.08.30 12:23:19.133,0.9417,0.94189,1.69,2.07
2013.08.30 12:23:19.492,0.94169,0.94188,1.69,2.07
2013.08.30 12:23:19.552,0.94167,0.94184,2.44,2.07
2013.08.30 12:23:19.672,0.94165,0.94182,1.88,1.69
2013.08.30 12:23:20.572,0.94166,0.94184,1.69,2.07
2013.08.30 12:23:20.632,0.94166,0.94184,2.44,2.07
2013.08.30 12:23:20.752,0.94168,0.94187,2.44,2.82
2013.08.30 12:23:20.812,0.94169,0.94187,1.69,2.07
2013.08.30 12:23:21.352,0.94169,0.94188,2.44,1.69
2013.08.30 12:23:21.783,0.94169,0.94187,2.44,1.69
2013.08.30 12:23:22.142,0.94166,0.94183,1.69,1.69
2013.08.30 12:23:24.810,0.94162,0.94181,2.44,1.69
2013.08.30 12:23:28.842,0.9416,0.94179,1.69,1.32
2013.08.30 12:23:29.586,0.9416,0.94177,1.69,1.13
2013.08.30 12:23:30.033,0.94161,0.94178,1.69,1.32
2013.08.30 12:23:30.274,0.94162,0.94178,1.69,1.32
2013.08.30 12:23:31.434,0.94162,0.94178,1.69,1.32
2013.08.30 12:23:31.838,0.9416,0.94178,1.69,2.63
2013.08.30 12:23:32.062,0.9416,0.94178,1.69,1.88
2013.08.30 12:23:32.362,0.94161,0.94179,2.82,1.88
2013.08.30 12:23:35.205,0.94163,0.94181,1.69,1.13
2013.08.30 12:23:35.502,0.94163,0.94182,2.44,1.32
2013.08.30 12:23:36.143,0.94163,0.94182,2.44,1.32
2013.08.30 12:23:38.123,0.94163,0.94179,1.69,1.13
2013.08.30 12:23:38.183,0.94162,0.94178,1.69,1.13
2013.08.30 12:23:39.692,0.94162,0.94178,1.69,1.13
2013.08.30 12:23:41.162,0.9416,0.94177,1.69,1.13
2013.08.30 12:23:41.462,0.9416,0.94179,2.82,1.32
2013.08.30 12:23:44.362,0.94161,0.9418,2.07,1.69
2013.08.30 12:23:44.892,0.94161,0.9418,3.19,1.50
2013.08.30 12:23:45.312,0.94164,0.94183,1.32,1.69
2013.08.30 12:23:45.842,0.94163,0.94183,1.92,2.07
2013.08.30 12:23:46.476,0.94165,0.94183,1.13,2.07
2013.08.30 12:23:47.655,0.9417,0.94183,1.35,1.50
2013.08.30 12:23:47.892,0.94171,0.94189,2.44,2.63
2013.08.30 12:23:47.952,0.94171,0.94189,1.69,1.88
2013.08.30 12:23:48.013,0.9417,0.94184,1.13,1.13
2013.08.30 12:23:48.425,0.9416,0.94179,1.32,1.50
2013.08.30 12:23:48.723,0.94161,0.94179,1.32,2.25
2013.08.30 12:23:48.842,0.94158,0.94179,2.82,2.44
2013.08.30 12:23:49.372,0.94158,0.94176,2.07,1.50
2013.08.30 12:23:49.913,0.94158,0.94176,1.69,1.50
2013.08.30 12:23:50.452,0.94156,0.94174,2.07,2.25
2013.08.30 12:23:51.172,0.94153,0.94174,2.44,2.82
2013.08.30 12:23:51.413,0.94153,0.94172,1.32,1.50
2013.08.30 12:23:53.338,0.94152,0.94172,3.19,1.69
2013.08.30 12:23:53.402,0.94152,0.9417,3.19,1.69
2013.08.30 12:23:53.953,0.94152,0.94168,2.07,1.50
2013.08.30 12:23:58.112,0.94151,0.94167,1.32,1.50
2013.08.30 12:23:58.302,0.94152,0.94168,1.32,1.50
2013.08.30 12:23:58.923,0.94154,0.94174,1.32,1.69
2013.08.30 12:23:59.183,0.94155,0.94175,2.07,1.32
2013.08.30 12:24:00.273,0.94157,0.94176,1.32,1.69
2013.08.30 12:24:00.826,0.94157,0.94173,1.32,2.25
2013.08.30 12:24:01.593,0.94156,0.94172,1.32,1.50
2013.08.30 12:24:01.712,0.94155,0.94172,1.32,1.50
2013.08.30 12:24:01.832,0.94157,0.94173,1.32,1.50
2013.08.30 12:24:01.892,0.94157,0.94174,1.32,1.50
2013.08.30 12:24:02.393,0.94157,0.94177,1.32,1.69
2013.08.30 12:24:05.782,0.94159,0.94178,1.32,2.44
2013.08.30 12:24:06.022,0.94161,0.94175,1.32,1.50
2013.08.30 12:24:07.992,0.94161,0.94179,1.32,1.69
2013.08.30 12:24:08.516,0.94161,0.9418,1.32,2.44
2013.08.30 12:24:09.053,0.94162,0.9418,1.32,2.25
2013.08.30 12:24:09.412,0.94166,0.94182,1.32,1.50
2013.08.30 12:24:09.652,0.94166,0.94184,1.32,1.69
2013.08.30 12:24:10.182,0.94166,0.94184,1.32,1.69
2013.08.30 12:24:10.474,0.94166,0.94184,1.32,1.69
2013.08.30 12:24:11.072,0.94167,0.94187,1.69,1.69
2013.08.30 12:24:11.952,0.94167,0.94187,1.69,1.69
2013.08.30 12:24:14.532,0.94166,0.94184,1.69,2.25
2013.08.30 12:24:16.792,0.94165,0.94184,2.44,2.25
2013.08.30 12:24:18.153,0.94165,0.94183,1.69,1.50
2013.08.30 12:24:18.452,0.94165,0.94183,1.32,1.50
2013.08.30 12:24:20.004,0.94165,0.94183,1.69,1.50
2013.08.30 12:24:22.532,0.94164,0.94181,1.69,1.50
2013.08.30 12:24:30.802,0.94164,0.94184,2.07,1.69
2013.08.30 12:24:33.165,0.94162,0.94184,3.57,1.69
2013.08.30 12:24:33.524,0.94157,0.94176,3.19,1.69
2013.08.30 12:24:35.544,0.94157,0.94176,1.69,1.69
2013.08.30 12:24:35.862,0.9416,0.94178,1.69,1.69
2013.08.30 12:24:36.373,0.9416,0.94179,2.44,2.44
2013.08.30 12:24:37.378,0.9416,0.94179,2.44,2.44
2013.08.30 12:24:38.842,0.9416,0.94179,2.44,1.69
2013.08.30 12:24:39.613,0.9416,0.94181,3.19,2.44
2013.08.30 12:24:40.824,0.9416,0.94181,3.19,3.19
2013.08.30 12:24:41.006,0.9416,0.9418,2.44,1.69
2013.08.30 12:24:44.592,0.9416,0.94179,1.54,1.69
2013.08.30 12:24:44.907,0.94166,0.94183,1.69,1.50
2013.08.30 12:24:46.763,0.94166,0.94186,2.44,1.69
2013.08.30 12:24:47.622,0.94169,0.94187,1.69,1.50
2013.08.30 12:24:48.184,0.94171,0.94189,2.44,1.32
2013.08.30 12:24:49.023,0.94171,0.94189,2.44,1.32
2013.08.30 12:24:52.883,0.94171,0.9419,1.69,1.54
2013.08.30 12:24:53.064,0.9417,0.9419,1.69,1.54
2013.08.30 12:24:53.373,0.94175,0.94193,1.50,2.44
2013.08.30 12:24:56.152,0.94175,0.94194,1.50,2.44
2013.08.30 12:24:56.272,0.94172,0.94192,2.44,1.54
2013.08.30 12:24:57.214,0.9417,0.94191,1.69,2.44
2013.08.30 12:24:59.723,0.9417,0.9419,1.69,1.69
2013.08.30 12:25:02.282,0.94168,0.94187,1.69,1.69
2013.08.30 12:25:05.392,0.94168,0.94187,3.19,1.50
2013.08.30 12:25:05.572,0.94173,0.94192,1.13,1.69
2013.08.30 12:25:05.632,0.94173,0.94192,1.13,1.69
2013.08.30 12:25:06.174,0.94175,0.94194,1.69,2.44
2013.08.30 12:25:07.112,0.94175,0.94194,1.69,1.69
2013.08.30 12:25:07.712,0.94177,0.94196,1.50,1.69
2013.08.30 12:25:12.642,0.94174,0.94194,2.44,1.69
2013.08.30 12:25:12.823,0.94171,0.9419,2.44,1.69
2013.08.30 12:25:14.042,0.94171,0.9419,2.44,1.32
2013.08.30 12:25:14.582,0.94171,0.94191,1.69,2.82
2013.08.30 12:25:18.097,0.94173,0.94193,1.69,2.44
2013.08.30 12:25:18.342,0.94172,0.94191,2.44,1.69
2013.08.30 12:25:18.402,0.94172,0.94191,1.69,1.69
2013.08.30 12:25:19.232,0.9417,0.9419,1.69,2.07
2013.08.30 12:25:19.942,0.94168,0.94188,2.44,2.25
2013.08.30 12:25:20.724,0.94171,0.94189,1.69,1.69
2013.08.30 12:25:30.970,0.94171,0.9419,1.13,1.13
2013.08.30 12:25:43.196,0.94171,0.94188,1.88,1.13
2013.08.30 12:25:43.847,0.94171,0.94189,1.88,1.32
2013.08.30 12:25:46.214,0.94172,0.94188,1.69,1.13
2013.08.30 12:25:46.863,0.94171,0.94188,1.69,1.13
2013.08.30 12:25:47.103,0.9417,0.94188,1.88,1.13
2013.08.30 12:25:47.162,0.94169,0.94185,1.88,1.35
2013.08.30 12:25:47.402,0.94168,0.94187,1.69,1.32
2013.08.30 12:25:51.159,0.94172,0.94188,1.50,2.07
2013.08.30 12:25:51.573,0.9417,0.94188,1.50,2.07
2013.08.30 12:25:51.724,0.94169,0.94186,1.69,1.54
2013.08.30 12:25:53.322,0.94169,0.94186,2.07,1.35
2013.08.30 12:25:53.642,0.9417,0.94186,1.50,1.54
2013.08.30 12:25:54.165,0.94171,0.94186,1.50,1.54
2013.08.30 12:25:54.834,0.94169,0.94186,1.69,1.54
2013.08.30 12:25:55.146,0.94169,0.94186,3.19,1.54
2013.08.30 12:25:56.673,0.9417,0.94185,1.50,1.32
2013.08.30 12:25:57.202,0.9417,0.94184,1.50,1.13
2013.08.30 12:25:57.642,0.94171,0.94188,1.50,1.32
2013.08.30 12:25:57.763,0.94174,0.94191,1.50,1.50
2013.08.30 12:25:57.882,0.94172,0.94193,3.38,1.69
2013.08.30 12:25:58.133,0.94174,0.94194,1.50,1.69
2013.08.30 12:25:58.252,0.94172,0.94193,3.38,1.69
2013.08.30 12:25:58.502,0.94172,0.94193,2.63,1.69
2013.08.30 12:25:58.623,0.94173,0.94192,1.13,1.50
2013.08.30 12:25:58.862,0.94173,0.94192,2.25,1.69
2013.08.30 12:25:58.983,0.94171,0.94185,2.82,1.13
2013.08.30 12:25:59.105,0.94169,0.94185,1.50,1.69
2013.08.30 12:25:59.164,0.94171,0.94189,2.44,1.69
2013.08.30 12:25:59.643,0.94173,0.94193,1.69,1.69
2013.08.30 12:25:59.943,0.9418,0.94195,1.50,1.50
2013.08.30 12:26:00.003,0.9418,0.94199,1.69,3.19
2013.08.30 12:26:00.363,0.94182,0.94198,1.50,1.69
2013.08.30 12:26:00.423,0.94179,0.94198,2.07,1.69
2013.08.30 12:26:00.543,0.9418,0.94198,1.69,1.69
2013.08.30 12:26:00.872,0.9418,0.94198,1.69,1.69
2013.08.30 12:26:01.392,0.94177,0.94196,1.32,2.44
2013.08.30 12:26:02.743,0.94176,0.94196,1.50,2.82
2013.08.30 12:26:03.352,0.94173,0.94195,2.44,1.69
2013.08.30 12:26:06.311,0.94174,0.94196,1.69,2.82
2013.08.30 12:26:06.493,0.94176,0.94196,1.32,1.88
2013.08.30 12:26:07.064,0.94177,0.94196,1.88,1.13
2013.08.30 12:26:07.183,0.94178,0.94196,1.13,1.69
2013.08.30 12:26:11.371,0.94177,0.94193,1.69,1.50
2013.08.30 12:26:14.583,0.94176,0.94193,2.07,1.50
2013.08.30 12:26:15.482,0.94176,0.94193,2.07,1.88
2013.08.30 12:26:16.682,0.94177,0.94193,1.69,1.88
2013.08.30 12:26:17.222,0.94177,0.94193,1.69,1.50
2013.08.30 12:26:17.343,0.94178,0.94196,1.69,1.88
2013.08.30 12:26:24.723,0.94182,0.94197,1.69,1.50
2013.08.30 12:26:24.843,0.94182,0.94198,1.69,2.25
2013.08.30 12:26:29.504,0.94182,0.94199,1.69,1.50
2013.08.30 12:26:35.322,0.94182,0.94198,1.69,2.25
2013.08.30 12:26:37.313,0.94182,0.94199,1.69,1.50
2013.08.30 12:26:37.861,0.9418,0.94199,2.44,2.82
2013.08.30 12:26:38.104,0.9418,0.94195,1.69,1.50
2013.08.30 12:26:38.933,0.9418,0.94195,1.69,1.13
2013.08.30 12:26:39.723,0.9418,0.94196,1.69,1.13
2013.08.30 12:26:40.234,0.9418,0.94197,1.69,1.88
2013.08.30 12:26:43.886,0.94181,0.94197,1.69,2.63
2013.08.30 12:26:46.016,0.94185,0.94197,1.69,1.50
2013.08.30 12:26:46.193,0.94185,0.94203,1.69,1.50
2013.08.30 12:26:46.313,0.94185,0.94204,2.44,1.50
2013.08.30 12:26:46.862,0.94186,0.94206,1.69,1.69
2013.08.30 12:26:47.023,0.94186,0.94207,1.69,1.69
2013.08.30 12:26:47.634,0.94189,0.94208,1.50,1.69
2013.08.30 12:26:49.392,0.94189,0.94207,1.69,1.69
2013.08.30 12:26:58.073,0.94188,0.94205,1.32,1.50
2013.08.30 12:26:58.374,0.94191,0.9421,1.69,1.32
2013.08.30 12:26:58.616,0.94193,0.94211,1.69,1.50
2013.08.30 12:26:58.805,0.94196,0.94211,1.69,1.50
2013.08.30 12:26:59.124,0.94193,0.9421,2.44,1.50
2013.08.30 12:26:59.663,0.94197,0.94211,1.69,1.13
2013.08.30 12:26:59.843,0.94197,0.94213,1.69,2.25
2013.08.30 12:27:00.142,0.94195,0.94215,1.69,1.69
2013.08.30 12:27:00.323,0.94193,0.94214,1.69,2.44
2013.08.30 12:27:00.782,0.94193,0.94212,1.69,1.69
2013.08.30 12:27:01.792,0.94192,0.9421,1.69,1.50
2013.08.30 12:27:02.053,0.94193,0.94212,1.69,2.82
2013.08.30 12:27:02.604,0.94195,0.94212,1.69,1.50
2013.08.30 12:27:03.014,0.94195,0.9421,1.69,1.88
2013.08.30 12:27:03.134,0.94195,0.94211,1.69,1.13
2013.08.30 12:27:03.313,0.94196,0.94213,1.69,2.07
2013.08.30 12:27:04.581,0.94194,0.94213,1.69,1.69
2013.08.30 12:27:05.068,0.94194,0.94213,1.69,1.69
2013.08.30 12:27:05.673,0.94194,0.94209,1.69,1.13
2013.08.30 12:27:05.972,0.94194,0.94212,1.69,2.07
2013.08.30 12:27:06.775,0.94194,0.94212,1.69,1.13
2013.08.30 12:27:07.354,0.94196,0.94212,1.69,1.13
2013.08.30 12:27:08.198,0.94196,0.94212,1.69,1.13
2013.08.30 12:27:09.416,0.94195,0.94212,2.44,1.13
2013.08.30 12:27:10.223,0.94195,0.94212,1.69,1.13
2013.08.30 12:27:11.300,0.94194,0.94212,1.69,1.88
2013.08.30 12:27:11.604,0.94192,0.94213,3.19,1.69
2013.08.30 12:27:14.052,0.94192,0.94213,3.19,3.57
2013.08.30 12:27:14.262,0.94191,0.94211,1.69,1.69
2013.08.30 12:27:14.323,0.94191,0.94212,1.69,1.69
2013.08.30 12:27:14.994,0.94191,0.94211,1.69,1.32
2013.08.30 12:27:15.653,0.94191,0.94211,1.69,1.32
2013.08.30 12:27:16.703,0.94191,0.94211,1.69,1.32
2013.08.30 12:27:17.433,0.94191,0.94211,1.69,2.07
2013.08.30 12:27:18.773,0.94191,0.94212,2.44,2.82
2013.08.30 12:27:19.383,0.94194,0.94211,1.50,1.69
2013.08.30 12:27:19.502,0.94191,0.9421,1.69,1.69
2013.08.30 12:27:19.563,0.94201,0.94211,2.10,2.25
2013.08.30 12:27:19.744,0.94203,0.94214,1.17,2.25
2013.08.30 12:27:19.804,0.94206,0.94215,3.23,1.50
2013.08.30 12:27:19.984,0.94213,0.94223,2.25,1.50
2013.08.30 12:27:20.042,0.94214,0.94225,1.32,1.50
2013.08.30 12:27:20.102,0.94214,0.9423,1.32,1.50
2013.08.30 12:27:20.222,0.94214,0.9423,1.32,1.50
2013.08.30 12:27:20.282,0.94214,0.94235,2.82,1.69
2013.08.30 12:27:21.404,0.94217,0.94236,1.88,1.69
2013.08.30 12:27:21.643,0.94217,0.94234,1.13,1.50
2013.08.30 12:27:22.083,0.94217,0.94233,1.13,1.50
2013.08.30 12:27:22.262,0.94212,0.94232,2.44,2.25
2013.08.30 12:27:22.563,0.94212,0.94226,2.44,1.50
2013.08.30 12:27:31.882,0.94208,0.94225,1.69,1.50
2013.08.30 12:27:32.004,0.94207,0.94223,1.50,2.44
2013.08.30 12:27:32.122,0.94203,0.94219,1.69,1.50
2013.08.30 12:27:35.343,0.94201,0.94219,1.73,2.25
2013.08.30 12:27:37.040,0.94199,0.94217,3.23,1.50
2013.08.30 12:27:37.163,0.94198,0.94217,1.73,1.50
2013.08.30 12:27:37.463,0.94197,0.94213,1.69,1.50
2013.08.30 12:27:39.386,0.94197,0.94213,1.69,1.50
2013.08.30 12:27:39.446,0.94194,0.94213,1.69,1.69
2013.08.30 12:27:39.504,0.94192,0.94212,3.19,2.44
2013.08.30 12:27:39.863,0.94189,0.94207,1.32,2.25
2013.08.30 12:27:40.954,0.9419,0.94208,1.69,1.69
2013.08.30 12:27:41.196,0.94187,0.94206,1.32,2.25
2013.08.30 12:27:41.793,0.94187,0.94205,1.32,1.50
2013.08.30 12:27:41.913,0.94185,0.94203,1.69,1.73
2013.08.30 12:27:42.153,0.94181,0.94199,1.69,1.54
2013.08.30 12:27:42.213,0.9418,0.94196,1.50,1.69
2013.08.30 12:27:42.394,0.94175,0.94195,1.69,1.69
2013.08.30 12:27:42.952,0.94175,0.94192,1.69,1.50
2013.08.30 12:27:48.363,0.94174,0.94191,1.69,1.13
2013.08.30 12:27:48.483,0.94171,0.9419,3.19,1.69
2013.08.30 12:27:48.603,0.94171,0.94191,2.44,2.07
2013.08.30 12:27:49.113,0.94172,0.94191,1.69,1.50
2013.08.30 12:27:49.173,0.94171,0.94191,1.69,1.69
2013.08.30 12:27:49.688,0.94171,0.94188,1.69,1.50
2013.08.30 12:27:50.348,0.9417,0.94188,1.73,1.50
2013.08.30 12:27:50.903,0.94172,0.9419,1.50,2.82
2013.08.30 12:27:51.822,0.9417,0.9419,1.69,2.07
2013.08.30 12:27:52.063,0.94168,0.94187,1.69,2.07
2013.08.30 12:27:52.482,0.9417,0.94188,1.50,2.07
2013.08.30 12:27:53.103,0.94167,0.94188,1.69,2.82
2013.08.30 12:27:55.143,0.94166,0.94186,1.69,1.69
2013.08.30 12:27:55.263,0.94166,0.94185,1.69,1.69
2013.08.30 12:27:55.383,0.94166,0.94185,2.44,1.69
2013.08.30 12:27:56.580,0.94163,0.94185,1.69,1.32
2013.08.30 12:27:57.733,0.94166,0.94187,1.69,2.44
2013.08.30 12:27:58.093,0.94169,0.94187,1.69,1.13
2013.08.30 12:27:58.214,0.94167,0.94187,3.19,1.32
2013.08.30 12:27:58.512,0.94165,0.94186,1.69,1.69
2013.08.30 12:28:06.615,0.94166,0.94186,2.82,1.69
2013.08.30 12:28:06.953,0.94167,0.94189,1.69,1.69
2013.08.30 12:28:07.013,0.94167,0.94191,2.44,1.69
2013.08.30 12:28:07.314,0.94171,0.94193,1.69,4.69
2013.08.30 12:28:11.952,0.94173,0.94195,1.32,1.69
2013.08.30 12:28:12.313,0.94172,0.94195,2.07,1.69
2013.08.30 12:28:12.493,0.94174,0.94196,1.32,1.69
2013.08.30 12:28:12.893,0.94174,0.94193,1.69,3.19
2013.08.30 12:28:12.953,0.94173,0.94188,1.50,1.50
2013.08.30 12:28:13.013,0.94171,0.94188,1.13,1.50
2013.08.30 12:28:13.072,0.94171,0.94189,1.88,2.44
2013.08.30 12:28:13.197,0.94171,0.94191,1.69,1.69
2013.08.30 12:28:13.553,0.94173,0.94194,2.07,1.69
2013.08.30 12:28:14.074,0.94173,0.94194,2.07,1.69
2013.08.30 12:28:14.134,0.94173,0.94192,1.13,1.69
2013.08.30 12:28:14.314,0.94171,0.94187,1.13,1.69
2013.08.30 12:28:14.373,0.94166,0.94189,2.14,1.69
2013.08.30 12:28:14.434,0.94166,0.94189,2.52,1.69
2013.08.30 12:28:14.496,0.94166,0.94189,2.82,2.44
2013.08.30 12:28:14.612,0.94168,0.94189,1.69,1.69
2013.08.30 12:28:17.133,0.9417,0.94189,1.69,1.69
2013.08.30 12:28:17.892,0.94168,0.94188,1.13,2.44
2013.08.30 12:28:18.014,0.94167,0.94188,2.07,1.69
2013.08.30 12:28:18.933,0.94173,0.94189,1.50,1.69
2013.08.30 12:28:18.993,0.94173,0.94193,1.69,3.19
2013.08.30 12:28:19.053,0.94173,0.94193,1.69,2.44
2013.08.30 12:28:19.353,0.94171,0.94189,1.50,2.07
2013.08.30 12:28:22.733,0.94171,0.94188,1.50,1.32
2013.08.30 12:28:25.133,0.94171,0.94189,1.50,1.50
2013.08.30 12:28:27.087,0.94172,0.94187,1.50,1.13
2013.08.30 12:28:29.713,0.94172,0.94189,1.50,1.50
2013.08.30 12:28:30.299,0.94172,0.94189,1.50,1.32
2013.08.30 12:28:30.422,0.94172,0.94185,1.50,1.69
2013.08.30 12:28:30.783,0.94168,0.9418,1.50,1.69
2013.08.30 12:28:31.312,0.94165,0.9418,1.50,1.69
2013.08.30 12:28:36.033,0.94166,0.94181,1.50,1.69
2013.08.30 12:28:36.153,0.94166,0.94184,1.50,1.69
2013.08.30 12:28:36.273,0.94167,0.94188,2.44,2.82
2013.08.30 12:28:36.396,0.94173,0.94188,1.50,2.07
2013.08.30 12:28:36.573,0.94174,0.9419,1.50,1.32
2013.08.30 12:28:36.756,0.94174,0.94191,1.69,1.69
2013.08.30 12:28:36.934,0.94177,0.94194,1.50,1.69
2013.08.30 12:28:36.993,0.94177,0.94195,1.50,1.69
2013.08.30 12:28:37.664,0.94179,0.94195,1.50,1.69
2013.08.30 12:28:37.896,0.94177,0.94193,1.50,1.32
2013.08.30 12:28:38.253,0.94176,0.94191,1.50,1.13
2013.08.30 12:28:38.673,0.94176,0.94196,2.44,2.44
2013.08.30 12:28:38.793,0.94178,0.94197,1.69,1.69
2013.08.30 12:28:38.972,0.94178,0.94199,1.69,1.69
2013.08.30 12:28:39.212,0.94182,0.94201,1.50,2.44
2013.08.30 12:28:40.213,0.94182,0.94198,1.50,1.69
2013.08.30 12:28:40.333,0.9418,0.94198,1.50,1.69
2013.08.30 12:28:41.492,0.9418,0.94198,1.50,1.69
2013.08.30 12:28:44.123,0.94183,0.94198,1.50,1.69
2013.08.30 12:28:45.193,0.94183,0.942,1.50,1.69
2013.08.30 12:28:45.733,0.94181,0.942,1.50,2.44
2013.08.30 12:28:46.155,0.94181,0.94196,1.50,2.82
2013.08.30 12:28:46.215,0.94177,0.94191,1.50,1.69
2013.08.30 12:28:46.273,0.94171,0.94191,1.50,1.69
2013.08.30 12:28:46.725,0.94166,0.94185,1.69,1.69
2013.08.30 12:28:46.904,0.94163,0.94185,1.69,2.44
2013.08.30 12:28:47.693,0.94162,0.94183,3.19,2.44
2013.08.30 12:28:48.173,0.94162,0.94182,2.44,1.69
2013.08.30 12:28:51.403,0.94164,0.94183,1.50,2.44
2013.08.30 12:28:52.503,0.94163,0.94182,1.50,1.69
2013.08.30 12:28:52.833,0.94161,0.94174,1.69,1.35
2013.08.30 12:28:52.954,0.94156,0.94174,2.25,2.48
2013.08.30 12:28:53.013,0.94154,0.94174,1.50,3.23
2013.08.30 12:28:53.073,0.94154,0.9417,1.50,1.35
2013.08.30 12:28:53.253,0.94148,0.94168,1.69,1.50
2013.08.30 12:28:53.954,0.94147,0.94168,1.69,2.25
2013.08.30 12:28:54.393,0.94146,0.94167,2.44,1.50
2013.08.30 12:28:54.937,0.94143,0.94163,2.44,1.50
2013.08.30 12:28:55.443,0.94146,0.94165,2.44,1.69
2013.08.30 12:28:55.965,0.94149,0.94166,1.50,1.69
2013.08.30 12:28:56.613,0.94148,0.94166,1.69,1.69
2013.08.30 12:28:56.673,0.94149,0.94166,1.50,1.69
2013.08.30 12:28:56.853,0.94148,0.94166,1.69,1.69
2013.08.30 12:28:58.722,0.94148,0.94166,1.69,1.69
2013.08.30 12:28:59.263,0.94147,0.94168,2.44,1.69
2013.08.30 12:28:59.323,0.94147,0.94169,2.44,2.44
2013.08.30 12:29:01.068,0.94148,0.94168,2.44,2.44
2013.08.30 12:29:01.665,0.94148,0.94168,1.69,3.57
2013.08.30 12:29:01.883,0.94148,0.94168,1.69,3.57
2013.08.30 12:29:02.064,0.94148,0.94168,1.69,3.19
2013.08.30 12:29:03.043,0.94146,0.94164,1.69,2.10
2013.08.30 12:29:03.163,0.94142,0.9416,1.69,1.50
2013.08.30 12:29:03.283,0.94139,0.94158,2.44,1.50
2013.08.30 12:29:03.403,0.94138,0.94157,1.69,2.48
2013.08.30 12:29:03.913,0.94139,0.94158,1.69,1.50
2013.08.30 12:29:04.093,0.9414,0.94159,1.69,1.32
2013.08.30 12:29:04.213,0.94142,0.94161,1.69,1.69
2013.08.30 12:29:04.603,0.94141,0.9416,1.69,1.69
2013.08.30 12:29:04.844,0.94146,0.94165,1.50,2.07
2013.08.30 12:29:04.904,0.94146,0.94166,1.69,1.69
2013.08.30 12:29:05.264,0.94146,0.94167,2.44,1.69
2013.08.30 12:29:06.753,0.94149,0.94168,1.50,1.69
2013.08.30 12:29:07.483,0.9415,0.94168,2.25,1.69
2013.08.30 12:29:07.544,0.9415,0.94169,2.44,1.69
2013.08.30 12:29:07.603,0.94152,0.94171,1.69,1.50
2013.08.30 12:29:07.663,0.94155,0.94175,1.50,1.50
2013.08.30 12:29:07.723,0.94155,0.94178,3.00,1.50
2013.08.30 12:29:07.843,0.94163,0.94181,1.50,2.07
2013.08.30 12:29:07.903,0.94163,0.94181,2.44,1.88
2013.08.30 12:29:08.083,0.94166,0.94187,2.44,1.50
2013.08.30 12:29:08.143,0.94171,0.94191,1.69,2.44
2013.08.30 12:29:08.203,0.94174,0.94192,1.69,1.50
2013.08.30 12:29:08.323,0.94177,0.94193,1.69,1.50
2013.08.30 12:29:08.443,0.94182,0.94198,1.69,1.50
2013.08.30 12:29:08.503,0.94184,0.94204,1.69,1.32
2013.08.30 12:29:12.014,0.94189,0.94204,1.50,2.07
2013.08.30 12:29:12.133,0.94182,0.94204,1.69,1.69
2013.08.30 12:29:12.672,0.94182,0.94205,1.69,1.69
2013.08.30 12:29:13.392,0.94181,0.94204,2.44,1.69
2013.08.30 12:29:13.883,0.94181,0.94204,1.69,2.07
2013.08.30 12:29:13.943,0.9418,0.94201,2.44,1.69
2013.08.30 12:29:14.312,0.94179,0.94203,1.69,3.19
2013.08.30 12:29:14.552,0.94181,0.94203,1.69,1.69
2013.08.30 12:29:15.092,0.94182,0.94202,1.69,3.19
2013.08.30 12:29:15.635,0.94181,0.94201,2.07,1.69
2013.08.30 12:29:15.755,0.94179,0.94198,1.50,1.69
2013.08.30 12:29:15.932,0.94179,0.94198,1.50,1.69
2013.08.30 12:29:16.663,0.94179,0.94194,1.50,1.69
2013.08.30 12:29:16.903,0.94174,0.94193,1.50,1.32
2013.08.30 12:29:16.963,0.94174,0.94193,1.50,1.32
2013.08.30 12:29:17.154,0.94176,0.94193,1.50,1.32
2013.08.30 12:29:17.513,0.94177,0.94194,1.50,2.07
2013.08.30 12:29:17.813,0.94174,0.94191,1.50,1.32
2013.08.30 12:29:19.823,0.94172,0.94192,1.69,2.07
2013.08.30 12:29:19.943,0.94172,0.94189,1.50,3.19
2013.08.30 12:29:20.123,0.94167,0.94187,1.69,2.44
2013.08.30 12:29:20.303,0.94168,0.94187,1.69,1.69
2013.08.30 12:29:20.363,0.9417,0.9419,1.50,2.44
2013.08.30 12:29:20.484,0.94171,0.94191,1.50,1.69
2013.08.30 12:29:20.785,0.94182,0.94201,1.69,1.50
2013.08.30 12:29:21.112,0.94191,0.94205,1.50,1.69
2013.08.30 12:29:21.353,0.94186,0.94203,1.50,2.07
2013.08.30 12:29:21.473,0.94183,0.94203,1.50,2.07
2013.08.30 12:29:21.593,0.94182,0.94203,1.69,3.57
2013.08.30 12:29:22.533,0.94182,0.94201,1.69,1.69
2013.08.30 12:29:25.093,0.94182,0.94203,1.69,2.82
2013.08.30 12:29:25.273,0.94179,0.94198,1.69,1.50
2013.08.30 12:29:25.913,0.94179,0.94199,1.69,2.25
2013.08.30 12:29:26.034,0.9418,0.94199,1.50,1.50
2013.08.30 12:29:27.052,0.94182,0.94199,1.50,1.69
2013.08.30 12:29:28.144,0.94179,0.94199,1.69,2.44
2013.08.30 12:29:28.721,0.94177,0.94198,1.69,1.69
2013.08.30 12:29:29.364,0.94176,0.94198,1.69,2.44
2013.08.30 12:29:35.954,0.94176,0.94197,2.44,1.69
2013.08.30 12:29:36.784,0.94175,0.94197,1.69,1.69
2013.08.30 12:29:36.843,0.94175,0.94195,1.69,1.69
2013.08.30 12:29:36.963,0.94173,0.94195,1.69,2.44
2013.08.30 12:29:37.024,0.94173,0.94193,1.69,1.69
2013.08.30 12:29:37.203,0.94171,0.94192,1.69,1.69
2013.08.30 12:29:37.359,0.9417,0.94193,1.50,1.50
2013.08.30 12:29:37.873,0.94171,0.94194,1.50,1.50
2013.08.30 12:29:38.414,0.94172,0.94194,1.50,1.50
2013.08.30 12:29:39.353,0.94172,0.94195,1.50,1.50
2013.08.30 12:29:39.992,0.94173,0.94196,1.50,1.50
2013.08.30 12:29:40.089,0.94177,0.942,1.50,1.50
2013.08.30 12:29:40.395,0.94176,0.94196,1.50,1.50
2013.08.30 12:29:40.754,0.94171,0.9419,1.13,1.50
2013.08.30 12:29:40.936,0.94173,0.94192,1.13,1.50
2013.08.30 12:29:41.054,0.94171,0.94193,3.00,1.50
2013.08.30 12:29:41.173,0.9417,0.94188,1.13,1.50
2013.08.30 12:29:41.293,0.9417,0.9419,2.63,1.50
2013.08.30 12:29:41.812,0.94171,0.94192,2.25,1.50
2013.08.30 12:29:42.744,0.94178,0.94198,1.50,2.25
2013.08.30 12:29:42.863,0.94171,0.94193,1.50,1.50
2013.08.30 12:29:42.923,0.94173,0.94196,2.25,2.25
2013.08.30 12:29:42.984,0.94176,0.94198,1.50,1.50
2013.08.30 12:29:43.044,0.94171,0.94193,1.50,1.50
2013.08.30 12:29:43.163,0.94177,0.94197,1.50,1.50
2013.08.30 12:29:43.285,0.94182,0.94202,1.50,2.25
2013.08.30 12:29:43.583,0.94177,0.942,1.50,1.50
2013.08.30 12:29:43.703,0.94179,0.94199,1.50,1.50
2013.08.30 12:29:44.004,0.94174,0.94194,1.13,1.50
2013.08.30 12:29:44.283,0.9418,0.94201,1.50,1.50
2013.08.30 12:29:44.402,0.94178,0.94199,1.50,1.50
2013.08.30 12:29:44.583,0.94178,0.942,1.50,1.50
2013.08.30 12:29:44.703,0.94177,0.94198,1.50,1.50
2013.08.30 12:29:44.880,0.94177,0.942,1.50,1.50
2013.08.30 12:29:44.943,0.94178,0.94201,1.50,1.50
2013.08.30 12:29:45.063,0.94179,0.94201,1.13,1.50
2013.08.30 12:29:45.493,0.94171,0.94209,1.32,1.13
2013.08.30 12:29:47.713,0.94171,0.94206,1.13,1.13
2013.08.30 12:29:48.662,0.94171,0.94206,1.32,1.13
2013.08.30 12:29:49.072,0.94171,0.94206,1.13,1.13
2013.08.30 12:29:49.972,0.94171,0.94209,1.32,2.07
2013.08.30 12:29:50.803,0.94171,0.94216,1.69,1.69
2013.08.30 12:29:51.208,0.94173,0.94217,1.50,1.69
2013.08.30 12:29:51.276,0.94178,0.94246,2.63,1.88
2013.08.30 12:29:51.333,0.94178,0.94246,2.63,1.88
2013.08.30 12:29:52.602,0.94174,0.94242,2.63,1.13
2013.08.30 12:29:52.722,0.94175,0.94251,1.50,1.50
2013.08.30 12:29:53.163,0.94182,0.94256,1.50,1.50
2013.08.30 12:29:53.702,0.94183,0.94255,1.50,1.50
2013.08.30 12:29:54.062,0.94227,0.94266,0.75,1.50
2013.08.30 12:29:54.624,0.94191,0.94265,1.88,1.50
2013.08.30 12:29:54.864,0.94221,0.94276,0.75,1.50
2013.08.30 12:29:55.432,0.94171,0.94277,2.25,1.50
2013.08.30 12:29:55.552,0.94173,0.94246,1.50,1.13
2013.08.30 12:29:55.792,0.9416,0.94239,1.50,1.13
2013.08.30 12:29:55.972,0.94171,0.94274,1.50,1.50
2013.08.30 12:29:56.512,0.94177,0.94275,1.50,1.50
2013.08.30 12:29:57.073,0.94177,0.94267,1.50,1.50
2013.08.30 12:29:57.374,0.94183,0.9428,1.50,1.50
2013.08.30 12:29:57.912,0.94188,0.9428,1.50,1.50
2013.08.30 12:30:00.624,0.94181,0.94292,2.25,1.50
2013.08.30 12:30:00.864,0.94174,0.9429,1.50,1.50
2013.08.30 12:30:01.462,0.94169,0.94288,1.50,1.50
2013.08.30 12:30:01.582,0.94147,0.94266,1.50,1.50
2013.08.30 12:30:01.642,0.94143,0.94266,1.13,1.50
2013.08.30 12:30:01.702,0.94143,0.94249,1.13,1.50
2013.08.30 12:30:01.823,0.94147,0.94258,0.75,2.25
2013.08.30 12:30:01.882,0.94057,0.94249,1.88,0.75
2013.08.30 12:30:01.942,0.94097,0.94248,1.50,0.75
2013.08.30 12:30:02.062,0.94092,0.94249,1.50,0.75
2013.08.30 12:30:02.122,0.94121,0.94249,1.50,0.75
2013.08.30 12:30:02.362,0.94089,0.94279,1.50,1.50
2013.08.30 12:30:02.423,0.94118,0.94249,1.50,0.75
2013.08.30 12:30:02.542,0.94093,0.94249,1.50,0.75
2013.08.30 12:30:02.662,0.94073,0.94267,1.50,1.50
2013.08.30 12:30:02.784,0.94065,0.94254,2.25,1.50
2013.08.30 12:30:02.844,0.94152,0.94262,1.50,1.50
2013.08.30 12:30:02.963,0.94151,0.94248,1.50,0.75
2013.08.30 12:30:03.380,0.94146,0.94248,1.13,0.75
2013.08.30 12:30:03.682,0.94157,0.94248,2.25,0.75
2013.08.30 12:30:04.403,0.94164,0.94248,1.50,0.75
2013.08.30 12:30:04.463,0.94206,0.94331,1.50,2.25
2013.08.30 12:30:04.523,0.94176,0.94294,1.28,1.50
2013.08.30 12:30:04.583,0.94175,0.94296,1.50,1.50
2013.08.30 12:30:04.703,0.94177,0.94339,1.50,1.50
2013.08.30 12:30:04.763,0.94173,0.94339,1.28,1.50
2013.08.30 12:30:04.824,0.94185,0.94299,2.44,2.44
2013.08.30 12:30:05.003,0.94181,0.94287,1.69,1.32
2013.08.30 12:30:05.123,0.94178,0.94284,1.69,2.44
2013.08.30 12:30:05.183,0.94176,0.94267,1.69,1.13
2013.08.30 12:30:05.543,0.9418,0.94274,2.44,2.44
2013.08.30 12:30:05.603,0.94179,0.94279,2.44,2.44
2013.08.30 12:30:05.723,0.94184,0.94285,2.44,2.07
2013.08.30 12:30:05.845,0.94187,0.94283,3.94,2.44
2013.08.30 12:30:05.964,0.94184,0.94278,2.44,2.44
2013.08.30 12:30:06.024,0.94183,0.94257,1.69,1.69
2013.08.30 12:30:06.383,0.94188,0.94259,1.69,2.07
2013.08.30 12:30:06.443,0.94184,0.9425,1.32,1.69
2013.08.30 12:30:06.503,0.94184,0.9425,1.32,1.69
2013.08.30 12:30:06.562,0.94183,0.94247,1.32,1.32
2013.08.30 12:30:06.923,0.94181,0.94234,1.13,1.13
2013.08.30 12:30:07.163,0.94182,0.9424,1.13,2.07
2013.08.30 12:30:07.343,0.94171,0.94237,2.07,2.07
2013.08.30 12:30:07.463,0.94171,0.94227,1.88,2.07
2013.08.30 12:30:07.943,0.94162,0.94227,1.13,1.69
2013.08.30 12:30:08.244,0.94186,0.94219,1.50,1.50
2013.08.30 12:30:08.423,0.94183,0.94229,1.13,1.50
2013.08.30 12:30:08.483,0.94175,0.94233,1.50,1.88
2013.08.30 12:30:08.723,0.94175,0.94235,1.50,2.07
2013.08.30 12:30:09.153,0.94175,0.94225,1.50,1.88
2013.08.30 12:30:09.452,0.94169,0.94223,1.13,2.07
2013.08.30 12:30:09.513,0.94172,0.94223,1.50,2.07
2013.08.30 12:30:09.632,0.94175,0.94223,1.13,1.13
2013.08.30 12:30:09.992,0.94172,0.94229,1.13,1.88
2013.08.30 12:30:10.314,0.94175,0.94239,1.69,1.50
2013.08.30 12:30:10.433,0.94197,0.94241,1.50,1.32
2013.08.30 12:30:10.494,0.94196,0.94245,1.50,1.69
2013.08.30 12:30:10.553,0.94196,0.94254,1.69,1.88
2013.08.30 12:30:10.972,0.94191,0.94247,1.69,1.88
2013.08.30 12:30:11.092,0.9419,0.94247,1.32,1.88
2013.08.30 12:30:11.873,0.94191,0.94245,1.88,1.88
2013.08.30 12:30:11.934,0.94191,0.94245,1.50,1.88
2013.08.30 12:30:12.053,0.94186,0.94246,1.13,1.88
2013.08.30 12:30:12.883,0.94189,0.94248,1.13,1.88
2013.08.30 12:30:13.243,0.94192,0.9425,1.13,2.25
2013.08.30 12:30:13.608,0.94191,0.9425,1.58,2.25
2013.08.30 12:30:13.663,0.94191,0.94245,1.58,2.63
2013.08.30 12:30:14.203,0.9419,0.94241,1.13,1.88
2013.08.30 12:30:14.443,0.94186,0.94238,1.13,1.50
2013.08.30 12:30:14.503,0.94183,0.94238,1.13,1.50
2013.08.30 12:30:14.683,0.94184,0.94231,1.13,2.63
2013.08.30 12:30:15.103,0.94181,0.94232,1.13,2.63
2013.08.30 12:30:15.225,0.94186,0.94228,1.13,1.50
2013.08.30 12:30:15.346,0.94181,0.94228,1.50,2.63
2013.08.30 12:30:15.704,0.94205,0.94239,1.50,1.50
2013.08.30 12:30:16.074,0.94205,0.94239,1.50,1.50
2013.08.30 12:30:16.134,0.94213,0.94239,1.13,1.50
2013.08.30 12:30:16.195,0.94221,0.94254,1.50,1.50
2013.08.30 12:30:16.256,0.94227,0.94254,1.13,1.50
2013.08.30 12:30:16.373,0.94227,0.94264,1.13,2.25
2013.08.30 12:30:16.654,0.94216,0.9426,1.50,1.50
2013.08.30 12:30:17.074,0.9421,0.94254,1.13,1.50
2013.08.30 12:30:17.433,0.94203,0.94239,1.58,3.00
2013.08.30 12:30:17.494,0.94198,0.94239,1.50,3.00
2013.08.30 12:30:17.613,0.94193,0.94234,1.13,1.50
2013.08.30 12:30:17.733,0.94188,0.94234,1.50,1.50
2013.08.30 12:30:18.634,0.9419,0.94233,1.13,1.13
2013.08.30 12:30:18.993,0.94203,0.94243,1.50,1.65
2013.08.30 12:30:19.053,0.94198,0.9423,1.13,1.13
2013.08.30 12:30:19.233,0.94195,0.94237,2.40,2.03
2013.08.30 12:30:19.415,0.94196,0.94233,1.13,1.13
2013.08.30 12:30:19.593,0.942,0.94243,1.13,2.40
2013.08.30 12:30:19.653,0.94203,0.94241,1.50,1.28
2013.08.30 12:30:20.193,0.94202,0.94243,1.50,1.50
2013.08.30 12:30:20.373,0.94212,0.94243,1.50,1.50
2013.08.30 12:30:20.493,0.94212,0.94244,1.50,1.88
2013.08.30 12:30:20.974,0.94204,0.94246,1.13,1.50
2013.08.30 12:30:21.048,0.942,0.94247,1.50,1.50
2013.08.30 12:30:21.603,0.94199,0.94246,1.65,1.88
2013.08.30 12:30:21.903,0.94206,0.94239,1.50,1.11
2013.08.30 12:30:22.024,0.94206,0.94239,1.50,1.88
2013.08.30 12:30:22.263,0.94202,0.94245,2.12,1.95
2013.08.30 12:30:22.504,0.94202,0.9424,1.93,1.88
2013.08.30 12:30:23.143,0.94207,0.9424,1.13,1.13
2013.08.30 12:30:23.445,0.94205,0.94239,1.11,1.88
2013.08.30 12:30:23.744,0.94199,0.94233,1.13,1.11
2013.08.30 12:30:23.864,0.94195,0.9423,2.25,1.50
2013.08.30 12:30:23.925,0.94194,0.9422,1.50,1.11
2013.08.30 12:30:24.223,0.94189,0.9422,1.50,1.11
2013.08.30 12:30:24.344,0.94182,0.94221,1.13,1.13
2013.08.30 12:30:24.464,0.94188,0.94223,1.13,1.13
2013.08.30 12:30:24.894,0.94188,0.94221,1.13,1.13
2013.08.30 12:30:25.133,0.94186,0.94224,1.50,1.13
2013.08.30 12:30:26.225,0.94191,0.9422,1.50,1.50
2013.08.30 12:30:26.284,0.9419,0.9422,1.13,1.88
2013.08.30 12:30:26.585,0.94186,0.94206,1.13,1.50
2013.08.30 12:30:26.645,0.94184,0.94206,1.13,1.88
2013.08.30 12:30:26.765,0.94176,0.94207,1.88,1.88
2013.08.30 12:30:28.154,0.94182,0.94215,1.50,1.13
2013.08.30 12:30:28.974,0.94178,0.94211,1.13,1.13
2013.08.30 12:30:29.214,0.94177,0.94214,1.50,1.13
2013.08.30 12:30:29.514,0.94177,0.94211,1.50,1.13
2013.08.30 12:30:29.695,0.94174,0.94204,1.50,1.13
2013.08.30 12:30:30.210,0.94168,0.94199,1.13,1.50
2013.08.30 12:30:30.513,0.94161,0.94192,1.50,1.50
2013.08.30 12:30:30.574,0.94159,0.94192,1.50,1.50
2013.08.30 12:30:30.635,0.94163,0.94196,1.88,1.13
2013.08.30 12:30:30.754,0.94157,0.9419,1.13,1.50
2013.08.30 12:30:31.603,0.94156,0.94189,1.50,1.13
2013.08.30 12:30:31.724,0.94151,0.94184,1.88,1.50
2013.08.30 12:30:31.903,0.94147,0.94173,1.13,1.13
2013.08.30 12:30:33.165,0.94146,0.94184,1.32,2.25
2013.08.30 12:30:33.916,0.94154,0.94179,1.13,1.50
2013.08.30 12:30:34.514,0.94147,0.94183,1.50,2.03
2013.08.30 12:30:34.753,0.94147,0.9418,1.50,1.28
2013.08.30 12:30:35.444,0.94146,0.94179,1.50,1.50
2013.08.30 12:30:35.803,0.94146,0.94176,1.50,1.50
2013.08.30 12:30:36.213,0.94146,0.94174,1.50,1.13
2013.08.30 12:30:36.494,0.94146,0.94176,1.50,2.63
2013.08.30 12:30:36.674,0.94146,0.94178,1.50,1.13
2013.08.30 12:30:36.855,0.94144,0.94177,1.13,2.03
2013.08.30 12:30:37.576,0.94141,0.9417,1.13,1.88
2013.08.30 12:30:37.708,0.94132,0.94164,1.69,1.50
2013.08.30 12:30:37.774,0.94132,0.94164,1.69,1.50
2013.08.30 12:30:38.134,0.94145,0.94159,1.13,1.13
2013.08.30 12:30:38.195,0.94129,0.94159,1.69,1.13
2013.08.30 12:30:38.255,0.94129,0.94159,1.13,1.13
2013.08.30 12:30:38.434,0.94131,0.94162,1.13,1.88
2013.08.30 12:30:38.794,0.94126,0.94159,1.69,2.25
2013.08.30 12:30:38.975,0.94125,0.94153,1.13,1.50
2013.08.30 12:30:39.483,0.94127,0.94153,1.32,1.69
2013.08.30 12:30:39.878,0.94127,0.94153,1.32,2.44
2013.08.30 12:30:39.994,0.94131,0.94156,1.32,2.07
2013.08.30 12:30:40.413,0.94128,0.94154,1.32,1.69
2013.08.30 12:30:40.714,0.94126,0.94154,1.32,3.19
2013.08.30 12:30:40.895,0.94124,0.94149,1.32,1.32
2013.08.30 12:30:41.015,0.9412,0.94148,1.32,1.32
2013.08.30 12:30:41.854,0.9412,0.94148,2.82,1.32
2013.08.30 12:30:42.547,0.9412,0.94145,1.32,1.13
2013.08.30 12:30:42.666,0.9412,0.94145,1.32,1.32
2013.08.30 12:30:42.725,0.94116,0.94143,1.32,1.69
2013.08.30 12:30:43.085,0.94109,0.94138,3.38,2.07
2013.08.30 12:30:43.523,0.94109,0.94135,1.88,1.32
2013.08.30 12:30:44.413,0.94109,0.94134,1.13,2.07
2013.08.30 12:30:44.533,0.94107,0.94133,1.32,1.32
2013.08.30 12:30:44.714,0.94107,0.94134,2.07,1.69
2013.08.30 12:30:44.835,0.94109,0.94134,1.32,1.32
2013.08.30 12:30:45.015,0.94122,0.9414,1.13,2.44
2013.08.30 12:30:45.136,0.94116,0.94141,1.32,1.32
2013.08.30 12:30:45.255,0.94114,0.94139,1.32,2.82
2013.08.30 12:30:45.613,0.94111,0.94134,2.07,2.44
2013.08.30 12:30:45.735,0.94111,0.94138,2.82,2.44
2013.08.30 12:30:46.295,0.94114,0.94138,1.32,2.44
2013.08.30 12:30:47.093,0.94111,0.94133,1.69,1.13
2013.08.30 12:30:47.154,0.94111,0.94133,1.69,1.13
2013.08.30 12:30:47.273,0.94107,0.94132,1.69,1.32
2013.08.30 12:30:47.853,0.94109,0.94134,1.69,1.32
2013.08.30 12:30:47.974,0.94112,0.94136,1.32,1.32
2013.08.30 12:30:48.094,0.94112,0.94139,2.44,3.19
2013.08.30 12:30:48.155,0.9411,0.94136,2.29,2.25
2013.08.30 12:30:48.213,0.9411,0.94135,1.92,1.13
2013.08.30 12:30:48.274,0.9411,0.94135,1.17,2.82
2013.08.30 12:30:48.633,0.9411,0.94135,1.32,1.32
2013.08.30 12:30:49.174,0.94108,0.94132,1.32,1.32
2013.08.30 12:30:49.294,0.94107,0.94131,2.82,2.44
2013.08.30 12:30:49.833,0.94106,0.94131,1.69,2.44
2013.08.30 12:30:50.476,0.94107,0.94132,2.07,1.32
2013.08.30 12:30:51.113,0.94111,0.94134,2.44,1.32
2013.08.30 12:30:51.474,0.94115,0.94139,1.32,2.44
2013.08.30 12:30:52.013,0.94112,0.94136,1.69,1.69
2013.08.30 12:30:52.133,0.94111,0.94134,1.32,1.32
2013.08.30 12:30:52.253,0.94108,0.94133,2.44,1.32
2013.08.30 12:30:52.433,0.94107,0.94132,1.32,3.04
2013.08.30 12:30:52.793,0.94106,0.94128,1.13,3.19
2013.08.30 12:30:53.333,0.94106,0.94129,1.32,2.44
2013.08.30 12:30:53.453,0.94106,0.94131,1.32,3.19
2013.08.30 12:30:53.933,0.94111,0.94133,1.13,2.44
2013.08.30 12:30:54.924,0.94112,0.94136,1.32,3.19
2013.08.30 12:30:55.653,0.94111,0.94133,1.50,3.19
2013.08.30 12:30:55.713,0.9411,0.94132,1.69,1.32
2013.08.30 12:30:56.234,0.94108,0.94132,1.69,1.32
2013.08.30 12:30:56.873,0.94108,0.9413,1.69,2.82
2013.08.30 12:30:57.138,0.94108,0.94132,1.69,1.32
2013.08.30 12:30:57.527,0.94108,0.9413,1.69,1.32
2013.08.30 12:30:58.064,0.9411,0.9413,1.69,1.88
2013.08.30 12:30:58.644,0.9411,0.9413,1.69,1.13
2013.08.30 12:30:59.457,0.94112,0.94131,1.69,1.32
2013.08.30 12:31:00.016,0.94113,0.94131,1.50,1.32
2013.08.30 12:31:00.953,0.94113,0.94131,1.50,1.32
2013.08.30 12:31:01.843,0.94115,0.94134,1.50,1.32
2013.08.30 12:31:02.313,0.9412,0.94135,1.50,1.32
2013.08.30 12:31:02.373,0.9412,0.94136,1.50,1.32
2013.08.30 12:31:02.433,0.94122,0.9414,1.50,1.69
2013.08.30 12:31:02.493,0.94122,0.94143,1.50,2.07
2013.08.30 12:31:02.613,0.94123,0.94144,1.13,1.69
2013.08.30 12:31:02.733,0.94123,0.94145,1.32,2.07
2013.08.30 12:31:03.093,0.94127,0.94147,1.69,1.32
2013.08.30 12:31:03.513,0.94125,0.94146,1.50,1.69
2013.08.30 12:31:03.574,0.94126,0.94146,1.13,1.32
2013.08.30 12:31:03.693,0.94126,0.94148,1.32,2.44
2013.08.30 12:31:04.043,0.94126,0.94148,1.32,3.19
2013.08.30 12:31:04.415,0.94127,0.94148,1.69,2.44
2013.08.30 12:31:04.773,0.94133,0.9415,1.50,1.69
2013.08.30 12:31:05.174,0.9413,0.9415,1.69,1.69
2013.08.30 12:31:05.235,0.9413,0.94152,1.69,1.32
2013.08.30 12:31:05.593,0.94142,0.94156,1.50,1.13
2013.08.30 12:31:05.774,0.94146,0.94159,1.50,1.50
2013.08.30 12:31:05.894,0.94152,0.94164,1.32,2.25
2013.08.30 12:31:05.954,0.94154,0.94173,1.50,1.69
2013.08.30 12:31:06.014,0.94155,0.94182,1.88,1.32
2013.08.30 12:31:06.074,0.94155,0.94179,1.50,1.32
2013.08.30 12:31:06.314,0.94152,0.9417,1.50,1.32
2013.08.30 12:31:06.433,0.94153,0.94173,1.13,1.32
2013.08.30 12:31:06.493,0.9415,0.94177,1.69,2.44
2013.08.30 12:31:07.033,0.94151,0.94178,1.32,2.07
2013.08.30 12:31:07.395,0.94153,0.94178,1.32,1.32
2013.08.30 12:31:07.513,0.94155,0.94178,1.32,1.32
2013.08.30 12:31:07.873,0.94156,0.94182,2.44,1.32
2013.08.30 12:31:08.053,0.94159,0.94183,1.32,1.69
2013.08.30 12:31:08.184,0.94161,0.94184,1.32,2.07
2013.08.30 12:31:08.723,0.94161,0.94186,1.32,1.32
2013.08.30 12:31:09.273,0.94161,0.94184,1.32,1.69
2013.08.30 12:31:09.575,0.94159,0.94184,1.69,1.69
2013.08.30 12:31:09.815,0.94155,0.94182,2.07,2.44
2013.08.30 12:31:10.123,0.94156,0.94179,1.32,2.44
2013.08.30 12:31:11.284,0.94154,0.94179,1.69,2.82
2013.08.30 12:31:11.404,0.94152,0.94177,1.69,2.44
2013.08.30 12:31:11.763,0.94153,0.94179,1.69,2.44
2013.08.30 12:31:11.943,0.94153,0.94179,2.07,2.82
2013.08.30 12:31:12.183,0.94155,0.9418,1.32,1.32
2013.08.30 12:31:12.623,0.94156,0.94181,1.69,2.44
2013.08.30 12:31:12.683,0.94158,0.94182,1.32,2.44
2013.08.30 12:31:13.724,0.94159,0.94184,1.32,2.44
2013.08.30 12:31:14.014,0.94158,0.94182,1.32,2.44
2013.08.30 12:31:14.923,0.94153,0.94177,1.47,2.07
2013.08.30 12:31:16.163,0.94152,0.94175,1.32,1.32
2013.08.30 12:31:16.723,0.94154,0.94179,1.32,1.32
2013.08.30 12:31:17.885,0.94161,0.9418,1.13,2.82
2013.08.30 12:31:17.945,0.94162,0.94187,1.69,1.69
2013.08.30 12:31:18.063,0.94164,0.94188,1.32,1.32
2013.08.30 12:31:18.363,0.94157,0.94179,1.13,1.32
2013.08.30 12:31:18.603,0.94155,0.94179,1.32,2.82
2013.08.30 12:31:19.343,0.94153,0.94178,1.69,2.44
2013.08.30 12:31:22.063,0.94151,0.94174,2.44,2.44
2013.08.30 12:31:22.483,0.94151,0.94175,2.44,2.44
2013.08.30 12:31:23.124,0.94152,0.94179,1.69,2.82
2013.08.30 12:31:23.674,0.94152,0.94179,1.69,2.82
2013.08.30 12:31:24.254,0.94152,0.94179,1.69,2.82
2013.08.30 12:31:25.865,0.94152,0.94179,2.07,2.82
2013.08.30 12:31:25.924,0.94152,0.94176,1.69,2.44
2013.08.30 12:31:26.285,0.94152,0.94176,1.69,2.44
2013.08.30 12:31:26.523,0.94153,0.94178,1.69,2.44
2013.08.30 12:31:27.691,0.94153,0.94178,1.69,2.44
2013.08.30 12:31:28.034,0.94159,0.94181,1.17,1.32
2013.08.30 12:31:28.334,0.94167,0.94192,2.07,1.32
2013.08.30 12:31:28.455,0.94167,0.94193,1.32,1.69
2013.08.30 12:31:28.515,0.94165,0.9419,1.69,1.32
2013.08.30 12:31:28.575,0.94163,0.9419,1.69,1.32
2013.08.30 12:31:28.935,0.94166,0.94189,1.88,2.44
2013.08.30 12:31:28.993,0.94167,0.94192,1.69,1.32
2013.08.30 12:31:29.293,0.94167,0.9419,1.50,1.32
2013.08.30 12:31:29.834,0.94163,0.94187,1.32,1.69
2013.08.30 12:31:30.015,0.94165,0.94189,1.69,1.69
2013.08.30 12:31:30.497,0.9417,0.9419,2.07,1.13
2013.08.30 12:31:31.043,0.94171,0.9419,1.32,1.13
2013.08.30 12:31:31.644,0.94168,0.9419,2.07,1.13
2013.08.30 12:31:31.704,0.94167,0.94189,1.32,1.69
2013.08.30 12:31:31.885,0.94166,0.94188,1.69,1.69
2013.08.30 12:31:32.004,0.94167,0.94189,1.69,1.69
2013.08.30 12:31:32.543,0.94167,0.94188,2.82,1.69
2013.08.30 12:31:32.904,0.94164,0.9418,1.69,1.13
2013.08.30 12:31:36.164,0.94163,0.9418,2.07,1.13
2013.08.30 12:31:36.464,0.94163,0.94182,1.32,1.13
2013.08.30 12:31:37.004,0.94161,0.9418,2.07,1.32
2013.08.30 12:31:37.544,0.94163,0.9418,1.50,2.07
2013.08.30 12:31:37.786,0.9416,0.94179,1.50,1.69
2013.08.30 12:31:37.844,0.9416,0.94179,1.50,1.69
2013.08.30 12:31:38.243,0.9416,0.9418,1.50,3.57
2013.08.30 12:31:38.363,0.94162,0.9418,1.50,2.07
2013.08.30 12:31:38.484,0.94157,0.94178,2.07,1.69
2013.08.30 12:31:38.544,0.94158,0.94179,3.00,1.69
2013.08.30 12:31:38.903,0.94157,0.94178,1.88,1.69
2013.08.30 12:31:39.203,0.9416,0.94181,1.88,2.82
2013.08.30 12:31:39.263,0.9416,0.94181,3.57,1.88
2013.08.30 12:31:39.623,0.94165,0.9418,1.50,1.13
2013.08.30 12:31:39.805,0.9416,0.9418,1.69,1.32
2013.08.30 12:31:39.923,0.94158,0.94179,1.69,2.44
2013.08.30 12:31:39.984,0.94158,0.94178,1.69,1.69
2013.08.30 12:31:44.072,0.94157,0.94177,2.07,2.44
2013.08.30 12:31:46.583,0.94155,0.94175,1.69,2.07
2013.08.30 12:31:46.943,0.94156,0.94175,1.50,2.44
2013.08.30 12:31:47.003,0.94155,0.94173,1.32,1.32
2013.08.30 12:31:47.543,0.94156,0.94173,1.13,1.32
2013.08.30 12:31:51.255,0.94155,0.94173,2.07,1.32
2013.08.30 12:31:51.966,0.94155,0.94171,1.50,1.32
2013.08.30 12:31:54.043,0.94155,0.94171,1.88,1.69
2013.08.30 12:31:54.165,0.94157,0.94173,1.13,1.69
2013.08.30 12:31:54.284,0.94158,0.94175,1.50,2.07
2013.08.30 12:31:54.643,0.94154,0.94169,1.50,1.69
2013.08.30 12:31:54.945,0.94151,0.94169,2.63,1.32
2013.08.30 12:31:55.493,0.94151,0.94165,1.50,1.13
2013.08.30 12:31:55.813,0.9415,0.94165,1.88,1.13
2013.08.30 12:31:56.390,0.94148,0.94165,1.13,1.32
2013.08.30 12:31:56.853,0.94147,0.94165,1.50,1.32
2013.08.30 12:31:56.913,0.94147,0.94159,1.50,1.13
2013.08.30 12:31:57.034,0.94145,0.94156,1.13,1.13
2013.08.30 12:31:57.453,0.94146,0.94161,1.13,2.44
2013.08.30 12:31:57.573,0.94146,0.94162,1.13,1.69
2013.08.30 12:31:58.084,0.94143,0.94162,1.13,1.69
2013.08.30 12:31:58.786,0.94143,0.94162,1.13,2.44
2013.08.30 12:31:58.903,0.94143,0.94162,1.13,1.69
2013.08.30 12:31:59.353,0.94145,0.94164,1.88,1.32
2013.08.30 12:31:59.593,0.94146,0.94164,1.88,1.13
2013.08.30 12:32:00.118,0.94146,0.94164,1.88,1.13
2013.08.30 12:32:00.324,0.94146,0.94163,2.25,1.13
2013.08.30 12:32:00.503,0.94147,0.94167,1.69,1.69
2013.08.30 12:32:00.683,0.94148,0.94168,1.13,1.69
2013.08.30 12:32:00.923,0.94149,0.9417,1.69,3.42
2013.08.30 12:32:01.047,0.94152,0.94171,1.69,1.50
2013.08.30 12:32:01.104,0.94153,0.94173,1.69,1.69
2013.08.30 12:32:01.703,0.94152,0.94172,1.69,1.32
2013.08.30 12:32:02.003,0.94149,0.94168,1.32,1.69
2013.08.30 12:32:02.063,0.94147,0.94166,3.19,1.50
2013.08.30 12:32:02.313,0.94147,0.94166,2.07,2.07
2013.08.30 12:32:02.926,0.94147,0.94166,2.07,2.07
2013.08.30 12:32:03.056,0.94147,0.94166,2.44,1.69
2013.08.30 12:32:03.414,0.94155,0.9417,1.69,1.13
2013.08.30 12:32:03.474,0.94153,0.9417,1.69,1.13
2013.08.30 12:32:03.533,0.94155,0.9417,1.50,1.13
2013.08.30 12:32:03.833,0.9415,0.9417,1.69,1.88
2013.08.30 12:32:03.894,0.94156,0.94171,1.13,1.50
2013.08.30 12:32:04.133,0.94151,0.9417,2.44,2.25
2013.08.30 12:32:04.254,0.9415,0.94167,1.69,1.50
2013.08.30 12:32:04.613,0.9415,0.94169,1.69,1.50
2013.08.30 12:32:05.794,0.94149,0.9417,2.44,1.13
2013.08.30 12:32:05.914,0.94156,0.94172,1.13,1.50
2013.08.30 12:32:06.274,0.94156,0.94174,2.07,1.50
2013.08.30 12:32:06.753,0.94155,0.94174,1.32,2.82
2013.08.30 12:32:07.055,0.94152,0.94171,2.44,1.50
2013.08.30 12:32:09.994,0.94151,0.9417,2.44,2.25
2013.08.30 12:32:10.175,0.94149,0.94167,1.32,1.50
2013.08.30 12:32:10.294,0.94148,0.94164,2.44,2.25
2013.08.30 12:32:10.536,0.94149,0.94162,1.69,1.50
2013.08.30 12:32:11.153,0.94147,0.94162,1.69,1.50
2013.08.30 12:32:11.213,0.94146,0.94162,1.69,1.50
2013.08.30 12:32:11.464,0.94146,0.94162,1.69,1.50
2013.08.30 12:32:12.093,0.94146,0.94161,2.44,1.50
2013.08.30 12:32:13.377,0.94146,0.9416,1.69,1.88
2013.08.30 12:32:18.324,0.94146,0.9416,1.50,1.88
2013.08.30 12:32:20.414,0.94141,0.9416,1.69,1.88
2013.08.30 12:32:20.475,0.94141,0.9416,1.69,1.50
2013.08.30 12:32:20.654,0.94139,0.94159,1.32,2.25
2013.08.30 12:32:20.714,0.94139,0.94159,1.32,2.25
2013.08.30 12:32:20.833,0.94139,0.94159,1.32,2.25
2013.08.30 12:32:20.953,0.94137,0.94157,1.32,1.50
2013.08.30 12:32:21.313,0.94137,0.94157,2.07,1.50
2013.08.30 12:32:21.434,0.94137,0.94157,1.32,1.50
2013.08.30 12:32:21.793,0.94139,0.94157,1.32,2.07
2013.08.30 12:32:21.853,0.94139,0.94159,1.32,3.57
2013.08.30 12:32:22.813,0.94137,0.94157,2.07,1.32
2013.08.30 12:32:23.100,0.94137,0.94157,2.07,1.32
2013.08.30 12:32:23.603,0.94137,0.94158,2.07,3.19
2013.08.30 12:32:24.264,0.94136,0.94156,2.82,1.88
2013.08.30 12:32:24.414,0.94136,0.94156,2.82,1.88
2013.08.30 12:32:24.773,0.94139,0.94158,1.32,2.07
2013.08.30 12:32:26.285,0.94139,0.94158,1.32,2.07
2013.08.30 12:32:26.403,0.94139,0.94158,1.13,2.82
2013.08.30 12:32:26.763,0.94138,0.94156,1.13,2.44
2013.08.30 12:32:27.423,0.94136,0.94156,1.32,2.44
2013.08.30 12:32:27.723,0.94136,0.94156,1.32,2.44
2013.08.30 12:32:28.233,0.94136,0.94155,1.32,4.32
2013.08.30 12:32:29.283,0.94136,0.94154,1.32,1.69
2013.08.30 12:32:29.996,0.94136,0.94154,1.32,2.07
2013.08.30 12:32:30.714,0.94136,0.94154,1.32,2.82
2013.08.30 12:32:31.014,0.94136,0.94154,1.32,2.82
2013.08.30 12:32:32.671,0.94136,0.94154,1.32,2.82
2013.08.30 12:32:33.053,0.94135,0.94154,1.69,2.82
2013.08.30 12:32:33.714,0.94135,0.94154,1.69,2.82
2013.08.30 12:32:34.284,0.94137,0.94154,1.32,2.82
2013.08.30 12:32:34.824,0.94141,0.94158,1.32,1.50
2013.08.30 12:32:34.885,0.94141,0.9416,2.07,2.44
2013.08.30 12:32:35.007,0.94142,0.9416,1.32,1.50
2013.08.30 12:32:35.363,0.9414,0.94155,1.69,1.50
2013.08.30 12:32:35.424,0.94138,0.94154,1.69,1.50
2013.08.30 12:32:35.663,0.94138,0.94154,1.69,1.50
2013.08.30 12:32:36.405,0.94137,0.94154,2.44,1.50
2013.08.30 12:32:36.924,0.94137,0.94154,2.44,1.50
2013.08.30 12:32:37.288,0.94137,0.94152,2.44,1.50
2013.08.30 12:32:37.355,0.94137,0.94152,2.44,1.50
2013.08.30 12:32:38.067,0.94137,0.94152,1.69,1.50
2013.08.30 12:32:38.624,0.9414,0.94152,1.13,1.50
2013.08.30 12:32:38.744,0.94141,0.94153,2.07,1.13
2013.08.30 12:32:38.933,0.94141,0.94157,2.07,1.73
2013.08.30 12:32:38.993,0.94141,0.94157,2.07,1.73
2013.08.30 12:32:39.114,0.94141,0.94158,2.07,1.50
2013.08.30 12:32:39.474,0.94142,0.94158,1.32,1.50
2013.08.30 12:32:39.653,0.94141,0.94158,2.07,1.50
2013.08.30 12:32:39.773,0.94139,0.94157,1.13,1.50
2013.08.30 12:32:40.074,0.94139,0.94155,1.69,1.50
2013.08.30 12:32:40.822,0.94139,0.94154,1.69,1.13
2013.08.30 12:32:41.166,0.94139,0.94154,1.69,1.13
2013.08.30 12:32:42.204,0.94139,0.94155,1.32,1.50
2013.08.30 12:32:42.445,0.94139,0.94152,1.32,1.50
2013.08.30 12:32:42.505,0.94136,0.94153,1.32,1.50
2013.08.30 12:32:42.564,0.94136,0.94154,1.32,1.88
2013.08.30 12:32:42.624,0.94136,0.94153,1.32,1.50
2013.08.30 12:32:42.743,0.94136,0.94153,1.32,1.50
2013.08.30 12:32:42.867,0.94135,0.94153,1.69,2.25
2013.08.30 12:32:43.106,0.94131,0.94153,2.44,1.88
2013.08.30 12:32:43.166,0.94131,0.94149,2.07,1.50
2013.08.30 12:32:43.287,0.9413,0.94149,2.25,1.69
2013.08.30 12:32:43.344,0.9413,0.94149,1.50,2.44
2013.08.30 12:32:43.645,0.94123,0.9414,1.13,2.25
2013.08.30 12:32:44.004,0.94123,0.94137,1.32,1.50
2013.08.30 12:32:44.614,0.94123,0.94138,1.32,2.25
2013.08.30 12:32:44.733,0.94123,0.94137,1.32,1.50
2013.08.30 12:32:45.135,0.94123,0.94138,1.32,1.50
2013.08.30 12:32:49.365,0.94117,0.94139,2.07,1.69
2013.08.30 12:32:50.893,0.9412,0.94138,2.07,1.50
2013.08.30 12:32:51.817,0.9412,0.94139,2.44,1.50
2013.08.30 12:32:53.373,0.9412,0.94139,1.69,2.82
2013.08.30 12:32:55.293,0.94121,0.9414,1.32,1.69
2013.08.30 12:32:57.574,0.94121,0.9414,2.07,1.69
2013.08.30 12:32:57.693,0.94122,0.9414,1.13,1.69
2013.08.30 12:32:59.091,0.94123,0.94139,1.88,1.69
2013.08.30 12:32:59.795,0.94121,0.94139,1.88,1.69
2013.08.30 12:33:00.535,0.94121,0.94139,1.88,1.69
2013.08.30 12:33:00.864,0.94121,0.94139,1.88,3.19
2013.08.30 12:33:01.164,0.94121,0.94139,1.88,3.19
2013.08.30 12:33:01.463,0.94121,0.9414,2.07,1.69
2013.08.30 12:33:02.003,0.94123,0.9414,1.32,1.69
2013.08.30 12:33:02.543,0.94123,0.94135,1.50,2.44
2013.08.30 12:33:02.663,0.94121,0.94135,1.50,2.44
2013.08.30 12:33:02.843,0.9412,0.94138,1.13,4.32
2013.08.30 12:33:03.023,0.94121,0.94138,1.13,4.32
2013.08.30 12:33:03.144,0.94123,0.94138,1.13,1.69
2013.08.30 12:33:03.383,0.94123,0.94141,1.69,1.69
2013.08.30 12:33:03.443,0.94123,0.94142,1.32,2.44
2013.08.30 12:33:03.623,0.9412,0.94141,2.07,2.44
2013.08.30 12:33:04.085,0.94123,0.9414,1.32,1.13
2013.08.30 12:33:04.145,0.94123,0.9414,1.32,1.13
2013.08.30 12:33:06.535,0.94119,0.94139,1.69,2.25
2013.08.30 12:33:06.693,0.94118,0.94137,2.07,1.13
2013.08.30 12:33:09.073,0.94117,0.94135,1.32,1.50
2013.08.30 12:33:09.134,0.94116,0.94135,1.32,1.50
2013.08.30 12:33:09.194,0.94116,0.94132,1.13,1.69
2013.08.30 12:33:09.374,0.94109,0.94129,2.07,1.69
2013.08.30 12:33:11.729,0.94109,0.94129,1.32,1.69
2013.08.30 12:33:12.166,0.94109,0.94129,1.32,1.69
2013.08.30 12:33:12.684,0.94109,0.94129,1.32,1.69
2013.08.30 12:33:14.375,0.94111,0.94129,1.13,1.69
2013.08.30 12:33:14.435,0.94112,0.94129,1.13,1.69
2013.08.30 12:33:14.624,0.94117,0.94134,1.32,1.13
2013.08.30 12:33:14.923,0.94117,0.94131,1.69,1.13
2013.08.30 12:33:15.223,0.94115,0.94131,1.69,1.13
2013.08.30 12:33:16.378,0.94113,0.9413,1.32,1.69
2013.08.30 12:33:16.923,0.94111,0.9413,1.69,2.44
2013.08.30 12:33:17.204,0.94111,0.94128,1.69,1.69
2013.08.30 12:33:23.114,0.94112,0.94128,1.13,1.50
2013.08.30 12:33:25.684,0.94112,0.94129,1.88,1.69
2013.08.30 12:33:26.343,0.94114,0.94129,1.69,1.13
2013.08.30 12:33:26.864,0.94114,0.94129,1.50,1.69
2013.08.30 12:33:27.604,0.94114,0.94129,1.50,1.69
2013.08.30 12:33:27.723,0.94113,0.94127,1.13,1.69
2013.08.30 12:33:29.193,0.94108,0.9412,2.25,1.13
2013.08.30 12:33:29.254,0.94106,0.94116,1.50,1.69
2013.08.30 12:33:29.313,0.94104,0.94116,1.50,1.69
2013.08.30 12:33:29.433,0.94102,0.94117,2.25,2.44
2013.08.30 12:33:29.493,0.94102,0.94118,2.25,1.69
2013.08.30 12:33:29.553,0.94102,0.94118,2.25,1.69
2013.08.30 12:33:30.903,0.94104,0.94118,1.50,1.69
2013.08.30 12:33:31.443,0.94103,0.9412,1.50,1.69
2013.08.30 12:33:37.336,0.94103,0.9412,1.50,1.69
2013.08.30 12:33:38.234,0.94103,0.9412,1.50,1.69
2013.08.30 12:33:38.416,0.94103,0.9412,1.50,1.69
2013.08.30 12:33:38.973,0.94101,0.9412,2.44,1.69
2013.08.30 12:33:39.274,0.94097,0.94117,2.44,1.69
2013.08.30 12:33:39.831,0.94097,0.94116,2.44,1.50
2013.08.30 12:33:40.313,0.94097,0.94117,2.44,1.69
2013.08.30 12:33:41.295,0.94097,0.94116,1.69,1.50
2013.08.30 12:33:44.825,0.94097,0.94116,2.07,1.13
2013.08.30 12:33:48.944,0.94097,0.94115,1.88,1.69
2013.08.30 12:33:49.494,0.94097,0.94115,1.50,1.69
2013.08.30 12:33:49.614,0.94097,0.94115,1.50,1.69
2013.08.30 12:33:49.733,0.94093,0.94112,1.50,1.69
2013.08.30 12:33:49.853,0.94091,0.94111,2.07,2.44
2013.08.30 12:33:52.304,0.94091,0.94109,1.88,1.69
2013.08.30 12:33:52.483,0.94089,0.94106,2.07,1.13
2013.08.30 12:33:52.543,0.94089,0.94108,1.69,2.07
2013.08.30 12:33:52.924,0.94089,0.94106,1.50,1.32
2013.08.30 12:33:52.988,0.94089,0.94108,2.07,1.32
2013.08.30 12:33:54.064,0.9409,0.94108,1.13,1.32
2013.08.30 12:33:54.614,0.94092,0.94108,1.50,1.32
2013.08.30 12:33:56.133,0.94092,0.94109,2.44,1.32
2013.08.30 12:33:56.604,0.94094,0.94109,1.50,1.32
2013.08.30 12:33:56.664,0.94092,0.94112,3.19,2.07
2013.08.30 12:33:56.904,0.94095,0.94113,1.69,1.50
2013.08.30 12:33:58.005,0.94095,0.94113,3.19,1.50
2013.08.30 12:33:58.524,0.94098,0.94116,1.69,1.32
2013.08.30 12:34:01.545,0.94098,0.94117,1.69,1.32
2013.08.30 12:34:01.606,0.94098,0.94117,1.69,1.13
2013.08.30 12:34:02.363,0.941,0.94118,2.44,2.07
2013.08.30 12:34:04.058,0.941,0.94118,2.44,1.69
2013.08.30 12:34:04.363,0.941,0.94116,1.69,1.69
2013.08.30 12:34:09.153,0.941,0.94114,1.69,1.69
2013.08.30 12:34:09.513,0.94096,0.94113,1.69,3.00
2013.08.30 12:34:11.214,0.94096,0.94113,1.69,1.69
2013.08.30 12:34:12.004,0.94094,0.94112,1.69,2.44
2013.08.30 12:34:12.884,0.94094,0.94112,2.44,2.44
2013.08.30 12:34:14.352,0.94094,0.94113,2.44,3.19
2013.08.30 12:34:17.594,0.94094,0.94112,1.69,1.69
2013.08.30 12:34:20.144,0.94094,0.94109,1.69,1.32
2013.08.30 12:34:20.210,0.94094,0.94108,1.50,2.25
2013.08.30 12:34:20.514,0.94094,0.94105,1.50,1.13
2013.08.30 12:34:20.696,0.94088,0.94106,2.44,1.13
2013.08.30 12:34:20.815,0.94088,0.94106,1.69,2.07
2013.08.30 12:34:21.115,0.94091,0.94104,1.50,1.69
2013.08.30 12:34:21.475,0.9409,0.94104,1.50,1.69
2013.08.30 12:34:21.537,0.94088,0.94104,2.07,1.69
2013.08.30 12:34:21.786,0.94089,0.94104,2.25,1.69
2013.08.30 12:34:21.964,0.94089,0.94104,1.50,1.69
2013.08.30 12:34:22.024,0.94087,0.94104,1.69,1.69
2013.08.30 12:34:22.632,0.94088,0.94104,2.44,1.69
2013.08.30 12:34:22.699,0.9409,0.94104,1.50,1.69
2013.08.30 12:34:23.225,0.9409,0.94104,1.50,1.69
2013.08.30 12:34:23.755,0.94089,0.94104,1.50,1.69
2013.08.30 12:34:26.014,0.94089,0.94106,1.69,1.69
2013.08.30 12:34:26.134,0.9409,0.94106,1.69,1.69
2013.08.30 12:34:26.253,0.94086,0.94102,1.69,1.69
2013.08.30 12:34:27.074,0.94084,0.94102,1.32,1.69
2013.08.30 12:34:27.135,0.94086,0.94103,1.32,2.44
2013.08.30 12:34:27.314,0.94084,0.94104,1.32,1.69
2013.08.30 12:34:27.676,0.94083,0.94103,1.69,3.57
2013.08.30 12:34:28.095,0.94083,0.94101,1.32,1.69
2013.08.30 12:34:28.665,0.94081,0.94099,2.82,1.50
2013.08.30 12:34:30.095,0.94082,0.94099,1.32,1.69
2013.08.30 12:34:30.794,0.94082,0.94101,2.07,2.82
2013.08.30 12:34:31.364,0.94082,0.94101,2.07,2.82
2013.08.30 12:34:32.819,0.94084,0.94101,1.32,2.07
2013.08.30 12:34:33.056,0.94084,0.94103,1.32,3.94
2013.08.30 12:34:34.114,0.94085,0.94103,1.32,3.94
2013.08.30 12:34:35.244,0.94083,0.941,1.69,2.07
2013.08.30 12:34:35.545,0.9408,0.941,2.82,1.69
2013.08.30 12:34:35.914,0.9408,0.94098,2.44,1.69
2013.08.30 12:34:36.530,0.94082,0.94098,1.69,1.69
2013.08.30 12:34:38.363,0.9408,0.94098,3.19,1.69
2013.08.30 12:34:40.475,0.94081,0.94098,2.07,1.69
2013.08.30 12:34:41.523,0.94081,0.94099,1.69,1.69
2013.08.30 12:34:42.703,0.94083,0.94101,1.32,2.44
2013.08.30 12:34:43.124,0.94081,0.94103,3.19,2.07
2013.08.30 12:34:43.307,0.94081,0.941,2.44,1.69
2013.08.30 12:34:44.604,0.94082,0.941,1.69,2.63
2013.08.30 12:34:44.723,0.94082,0.941,2.44,1.88
2013.08.30 12:34:45.224,0.94084,0.941,1.32,1.69
2013.08.30 12:34:46.874,0.94084,0.941,1.32,1.69
2013.08.30 12:34:47.534,0.94085,0.94103,1.69,2.07
2013.08.30 12:34:50.114,0.94084,0.94103,2.07,2.07
2013.08.30 12:34:51.217,0.94084,0.94103,2.07,3.57
2013.08.30 12:34:54.423,0.94083,0.94103,2.07,3.19
2013.08.30 12:34:56.965,0.94083,0.94102,2.07,1.69
2013.08.30 12:34:57.614,0.94083,0.94103,2.07,2.82
2013.08.30 12:34:59.653,0.94083,0.94101,1.32,1.69
2013.08.30 12:34:59.955,0.94078,0.94094,2.44,1.13
2013.08.30 12:35:00.194,0.94077,0.94093,1.69,1.50
2013.08.30 12:35:00.255,0.94076,0.94093,1.69,1.50
2013.08.30 12:35:00.315,0.94076,0.94094,1.69,1.13
2013.08.30 12:35:00.374,0.94075,0.94093,1.69,1.69
2013.08.30 12:35:00.914,0.94074,0.94094,1.69,2.44
2013.08.30 12:35:01.396,0.94077,0.94095,2.44,2.44
2013.08.30 12:35:01.876,0.94076,0.94089,1.69,1.13
2013.08.30 12:35:01.994,0.94074,0.94089,1.32,1.13
2013.08.30 12:35:02.114,0.94075,0.94093,1.69,2.44
2013.08.30 12:35:02.413,0.94077,0.94094,1.69,1.69
2013.08.30 12:35:03.266,0.94079,0.94097,1.69,2.07
2013.08.30 12:35:03.783,0.9408,0.94095,1.69,1.32
2013.08.30 12:35:03.965,0.94076,0.94091,1.69,1.13
2013.08.30 12:35:04.024,0.94074,0.94091,1.69,2.07
2013.08.30 12:35:04.226,0.94076,0.94094,2.44,2.44
2013.08.30 12:35:04.286,0.94078,0.94096,1.69,2.44
2013.08.30 12:35:05.054,0.9408,0.94097,2.44,1.32
2013.08.30 12:35:05.814,0.9408,0.94098,2.44,1.32
2013.08.30 12:35:06.518,0.94082,0.94098,2.25,1.32
2013.08.30 12:35:08.364,0.94081,0.94098,1.69,1.69
2013.08.30 12:35:08.844,0.94079,0.94098,3.19,2.07
2013.08.30 12:35:11.153,0.94079,0.94098,1.69,3.57
2013.08.30 12:35:11.754,0.94082,0.94098,2.25,1.69
2013.08.30 12:35:12.313,0.94083,0.94098,1.50,1.69
2013.08.30 12:35:14.454,0.94081,0.94098,1.69,1.69
2013.08.30 12:35:14.693,0.94081,0.94098,1.69,2.44
2013.08.30 12:35:15.234,0.9408,0.94097,1.69,1.32
2013.08.30 12:35:15.594,0.94078,0.94094,1.50,2.07
2013.08.30 12:35:16.276,0.94076,0.94094,2.44,2.07
2013.08.30 12:35:17.247,0.94076,0.94094,2.44,1.69
2013.08.30 12:35:17.364,0.94077,0.94095,1.69,2.44
2013.08.30 12:35:18.059,0.94077,0.94094,1.69,1.32
2013.08.30 12:35:19.115,0.94077,0.9409,1.69,1.35
2013.08.30 12:35:19.354,0.94074,0.94089,1.69,1.13
2013.08.30 12:35:20.124,0.94075,0.94092,1.69,1.69
2013.08.30 12:35:20.894,0.94077,0.9409,1.50,1.32
2013.08.30 12:35:21.505,0.94075,0.9409,1.50,1.32
2013.08.30 12:35:23.334,0.94074,0.9409,1.50,1.69
2013.08.30 12:35:24.064,0.94074,0.94091,2.44,1.69
2013.08.30 12:35:26.396,0.94073,0.94091,1.69,1.69
2013.08.30 12:35:27.195,0.9407,0.94089,1.69,2.82
2013.08.30 12:35:29.544,0.94071,0.94087,1.69,1.32
2013.08.30 12:35:30.104,0.94071,0.94087,1.69,1.32
2013.08.30 12:35:30.611,0.94071,0.94087,1.69,1.32
2013.08.30 12:35:35.707,0.94072,0.9409,1.69,1.32
2013.08.30 12:35:35.837,0.94072,0.94089,1.69,1.32
2013.08.30 12:35:36.194,0.94072,0.9409,1.69,2.07
2013.08.30 12:35:36.936,0.94072,0.9409,1.69,2.07
2013.08.30 12:35:37.685,0.94072,0.9409,2.44,1.32
2013.08.30 12:35:40.298,0.94072,0.94091,2.44,2.07
2013.08.30 12:35:41.726,0.94072,0.9409,2.44,1.32
2013.08.30 12:35:43.154,0.94072,0.94087,1.69,1.13
2013.08.30 12:35:43.394,0.94072,0.94087,1.69,1.13
2013.08.30 12:35:43.815,0.94071,0.94089,1.69,1.69
2013.08.30 12:35:44.252,0.9407,0.94087,2.44,1.13
2013.08.30 12:35:54.403,0.94071,0.94088,3.57,1.32
2013.08.30 12:35:54.524,0.94072,0.9409,1.32,1.32
2013.08.30 12:35:54.583,0.94073,0.9409,1.69,1.32
2013.08.30 12:35:56.185,0.94072,0.9409,1.69,1.32
2013.08.30 12:35:58.044,0.94072,0.94089,1.69,1.32
2013.08.30 12:35:58.578,0.94072,0.9409,2.44,1.69
2013.08.30 12:35:58.648,0.94071,0.9409,3.19,1.32
2013.08.30 12:35:58.774,0.94074,0.94091,1.69,2.82
2013.08.30 12:35:59.075,0.94073,0.94089,1.69,1.69
2013.08.30 12:35:59.135,0.94071,0.94087,2.25,1.32
2013.08.30 12:35:59.194,0.94071,0.94086,1.50,1.32
2013.08.30 12:35:59.255,0.94066,0.94081,3.19,1.13
2013.08.30 12:35:59.314,0.94067,0.94081,1.50,1.13
2013.08.30 12:35:59.434,0.94064,0.9408,1.69,1.13
2013.08.30 12:35:59.974,0.9406,0.94078,2.44,1.32
2013.08.30 12:36:00.095,0.94059,0.94077,1.69,1.69
2013.08.30 12:36:00.154,0.94058,0.94073,2.44,1.13
2013.08.30 12:36:00.214,0.94056,0.94073,1.69,2.07
2013.08.30 12:36:00.644,0.94053,0.94072,3.19,2.44
2013.08.30 12:36:00.704,0.94052,0.94072,3.94,3.19
2013.08.30 12:36:00.763,0.94052,0.9407,3.19,1.32
2013.08.30 12:36:00.884,0.94049,0.94064,1.69,1.32
2013.08.30 12:36:00.944,0.94047,0.94064,2.44,1.32
2013.08.30 12:36:01.245,0.9405,0.94068,1.50,1.69
2013.08.30 12:36:01.305,0.9405,0.94069,3.19,3.19
2013.08.30 12:36:01.425,0.94051,0.94069,1.69,3.19
2013.08.30 12:36:01.724,0.94053,0.94069,2.44,1.13
2013.08.30 12:36:02.486,0.94055,0.94071,1.69,1.69
2013.08.30 12:36:03.024,0.94057,0.94071,1.69,1.69
2013.08.30 12:36:03.568,0.94058,0.94073,1.69,1.32
2013.08.30 12:36:04.115,0.94058,0.94073,1.69,1.69
2013.08.30 12:36:07.044,0.9406,0.94074,1.50,1.69
2013.08.30 12:36:07.548,0.94061,0.94075,1.50,1.69
2013.08.30 12:36:07.904,0.94065,0.94079,1.50,2.07
2013.08.30 12:36:08.209,0.94066,0.94079,1.50,1.69
2013.08.30 12:36:08.854,0.94064,0.94079,1.50,1.69
2013.08.30 12:36:11.605,0.94064,0.94079,1.69,1.69
2013.08.30 12:36:12.325,0.94064,0.94083,2.44,1.69
2013.08.30 12:36:12.884,0.94066,0.94083,1.69,1.69
2013.08.30 12:36:13.374,0.94067,0.94086,2.44,1.69
2013.08.30 12:36:13.854,0.94071,0.94084,1.50,1.32
2013.08.30 12:36:14.215,0.94071,0.94084,1.50,1.32
2013.08.30 12:36:14.395,0.94068,0.94084,1.50,2.07
2013.08.30 12:36:14.935,0.94066,0.94079,1.50,1.69
2013.08.30 12:36:15.295,0.94062,0.94079,2.44,1.69
2013.08.30 12:36:15.594,0.94062,0.94079,2.82,1.69
2013.08.30 12:36:15.895,0.94066,0.94085,1.69,2.07
2013.08.30 12:36:16.254,0.9407,0.94088,1.50,2.44
2013.08.30 12:36:16.433,0.94072,0.94089,1.69,1.32
2013.08.30 12:36:16.966,0.94072,0.94089,3.19,1.32
2013.08.30 12:36:17.504,0.94072,0.9409,2.44,2.44
2013.08.30 12:36:17.652,0.94072,0.9409,2.44,1.69
2013.08.30 12:36:17.774,0.94073,0.94092,2.25,1.69
2013.08.30 12:36:17.894,0.94078,0.94094,1.69,1.69
2013.08.30 12:36:18.255,0.94089,0.94101,1.50,1.88
2013.08.30 12:36:18.375,0.94084,0.94101,1.69,1.13
2013.08.30 12:36:18.674,0.94082,0.941,2.44,1.32
2013.08.30 12:36:18.795,0.94079,0.94098,2.44,1.69
2013.08.30 12:36:19.262,0.94078,0.94094,1.50,1.69
2013.08.30 12:36:19.328,0.94075,0.94094,2.44,2.07
2013.08.30 12:36:19.744,0.94074,0.94094,1.13,3.57
2013.08.30 12:36:19.805,0.94072,0.94092,1.50,2.44
2013.08.30 12:36:21.454,0.94072,0.94091,1.32,1.69
2013.08.30 12:36:23.214,0.94073,0.94091,1.32,2.44
2013.08.30 12:36:23.816,0.94073,0.94093,2.07,3.57
2013.08.30 12:36:24.587,0.94074,0.94092,1.69,1.69
2013.08.30 12:36:25.605,0.94073,0.9409,1.69,1.32
2013.08.30 12:36:25.725,0.94072,0.94089,1.69,1.32
2013.08.30 12:36:25.965,0.94066,0.94084,1.88,1.69
2013.08.30 12:36:26.501,0.94066,0.94083,1.69,2.07
2013.08.30 12:36:27.574,0.94065,0.94083,1.69,1.32
2013.08.30 12:36:27.814,0.94066,0.94082,1.50,1.69
2013.08.30 12:36:28.544,0.94063,0.94084,2.44,2.82
2013.08.30 12:36:28.906,0.94062,0.94082,1.69,2.44
2013.08.30 12:36:28.965,0.94062,0.94079,1.69,1.69
2013.08.30 12:36:29.503,0.94059,0.94074,1.13,2.25
2013.08.30 12:36:29.874,0.94058,0.94074,1.50,2.25
2013.08.30 12:36:30.286,0.94056,0.94068,1.69,1.50
2013.08.30 12:36:30.477,0.94056,0.94072,1.69,1.50
2013.08.30 12:36:30.538,0.94056,0.94072,1.69,1.50
2013.08.30 12:36:30.774,0.94056,0.94074,1.69,2.44
2013.08.30 12:36:31.014,0.94056,0.94074,2.44,1.50
2013.08.30 12:36:32.364,0.94059,0.94074,1.69,1.13
2013.08.30 12:36:32.424,0.94058,0.94074,1.69,2.07
2013.08.30 12:36:32.543,0.94055,0.94073,3.19,2.07
2013.08.30 12:36:32.997,0.94057,0.94075,1.69,1.69
2013.08.30 12:36:33.118,0.94061,0.94077,1.69,2.07
2013.08.30 12:36:33.435,0.9406,0.94077,1.69,1.50
2013.08.30 12:36:33.674,0.9406,0.94076,1.69,1.32
2013.08.30 12:36:34.214,0.9406,0.94076,1.69,1.13
2013.08.30 12:36:34.909,0.94059,0.94077,2.44,1.13
2013.08.30 12:36:37.314,0.9406,0.94078,1.69,1.32
2013.08.30 12:36:37.434,0.94063,0.94079,1.69,1.50
2013.08.30 12:36:37.494,0.94064,0.94082,3.94,1.69
2013.08.30 12:36:37.555,0.94066,0.94088,2.44,2.44
2013.08.30 12:36:37.615,0.94069,0.94087,2.82,1.69
2013.08.30 12:36:37.975,0.94076,0.94093,1.69,1.69
2013.08.30 12:36:38.097,0.94074,0.94092,1.69,1.69
2013.08.30 12:36:38.156,0.94074,0.94093,1.69,1.69
2013.08.30 12:36:38.214,0.94076,0.94093,1.69,1.69
2013.08.30 12:36:38.584,0.94078,0.94094,1.69,1.69
2013.08.30 12:36:39.984,0.94079,0.94096,2.44,1.69
2013.08.30 12:36:44.091,0.94078,0.94095,1.69,1.69
2013.08.30 12:36:44.624,0.94075,0.94094,1.69,1.69
2013.08.30 12:36:44.805,0.94077,0.94094,1.69,1.69
2013.08.30 12:36:47.055,0.94077,0.94093,1.69,1.69
2013.08.30 12:36:47.114,0.94077,0.94093,1.69,1.69
2013.08.30 12:36:47.654,0.94074,0.94097,3.19,1.69
2013.08.30 12:36:48.415,0.94075,0.94095,2.44,1.69
2013.08.30 12:36:50.556,0.94074,0.94093,2.07,1.69
2013.08.30 12:36:50.685,0.94071,0.94091,1.69,1.69
2013.08.30 12:36:50.744,0.94071,0.94092,1.69,3.19
2013.08.30 12:36:51.104,0.94066,0.94085,1.69,1.69
2013.08.30 12:36:51.285,0.94065,0.94084,1.69,1.69
2013.08.30 12:36:51.704,0.94067,0.94084,1.69,1.69
2013.08.30 12:36:52.214,0.94069,0.94084,1.50,1.69
2013.08.30 12:36:53.591,0.94069,0.94084,1.50,1.69
2013.08.30 12:36:53.661,0.9407,0.94088,1.69,1.69
2013.08.30 12:36:55.445,0.9407,0.94088,1.69,1.69
2013.08.30 12:36:55.505,0.94072,0.94091,1.69,2.44
2013.08.30 12:36:58.072,0.94072,0.94091,1.69,2.44
2013.08.30 12:36:58.194,0.9407,0.94086,1.69,1.69
2013.08.30 12:36:58.444,0.94068,0.94084,1.69,1.69
2013.08.30 12:36:58.694,0.94066,0.94084,1.69,1.69
2013.08.30 12:36:59.173,0.94065,0.94084,1.69,1.69
2013.08.30 12:37:01.153,0.94066,0.94084,1.69,1.69
2013.08.30 12:37:01.371,0.94065,0.94083,1.69,1.32
2013.08.30 12:37:01.674,0.94062,0.94082,1.69,1.69
2013.08.30 12:37:02.033,0.94062,0.94082,2.44,1.32
2013.08.30 12:37:02.153,0.94062,0.94083,2.44,2.82
2013.08.30 12:37:05.445,0.94064,0.94083,1.69,2.82
2013.08.30 12:37:05.947,0.94064,0.94083,2.44,1.69
2013.08.30 12:37:06.484,0.94064,0.94082,2.44,1.32
2013.08.30 12:37:06.785,0.94066,0.94087,3.19,2.44
2013.08.30 12:37:06.846,0.94068,0.94087,1.69,2.44
2013.08.30 12:37:06.904,0.94067,0.94087,1.69,3.19
2013.08.30 12:37:07.264,0.94066,0.94079,1.50,1.69
2013.08.30 12:37:07.744,0.94062,0.94075,1.50,1.69
2013.08.30 12:37:07.864,0.9406,0.94075,1.50,1.69
2013.08.30 12:37:08.104,0.94057,0.94075,1.69,1.69
2013.08.30 12:37:08.519,0.94055,0.94074,1.69,2.44
2013.08.30 12:37:09.745,0.94055,0.94073,1.32,1.69
2013.08.30 12:37:10.046,0.94054,0.94075,3.94,3.19
2013.08.30 12:37:13.581,0.94057,0.94078,2.44,3.94
2013.08.30 12:37:14.101,0.94057,0.94078,2.44,2.44
2013.08.30 12:37:14.824,0.94057,0.94078,2.44,2.44
2013.08.30 12:37:18.134,0.94057,0.94078,2.44,2.44
2013.08.30 12:37:22.933,0.94057,0.94078,2.44,2.44
2013.08.30 12:37:30.987,0.94058,0.94079,1.69,3.94
2013.08.30 12:37:31.344,0.94062,0.94079,1.69,2.44
2013.08.30 12:37:31.464,0.9406,0.94077,1.69,1.69
2013.08.30 12:37:31.584,0.94062,0.94079,1.69,2.82
2013.08.30 12:37:31.944,0.94062,0.94079,1.69,1.69
2013.08.30 12:37:32.004,0.94059,0.94078,2.44,1.69
2013.08.30 12:37:34.054,0.9406,0.9408,2.44,2.07
2013.08.30 12:37:40.104,0.94058,0.94077,1.69,1.69
2013.08.30 12:37:40.689,0.94057,0.94073,1.69,1.69
2013.08.30 12:37:41.535,0.94057,0.94074,1.69,1.69
2013.08.30 12:37:43.093,0.94057,0.94076,1.69,1.69
2013.08.30 12:37:43.741,0.94058,0.94076,1.69,1.69
2013.08.30 12:37:46.361,0.94059,0.94076,1.54,1.69
2013.08.30 12:37:46.426,0.94062,0.94079,1.69,2.44
2013.08.30 12:37:46.604,0.94061,0.94079,1.69,2.44
2013.08.30 12:37:46.785,0.94059,0.94078,2.44,1.69
2013.08.30 12:37:47.843,0.94059,0.94078,3.04,1.69
2013.08.30 12:37:47.964,0.94062,0.94078,1.69,1.13
2013.08.30 12:37:49.904,0.94062,0.94078,1.69,1.32
2013.08.30 12:37:49.964,0.94061,0.94078,1.69,2.07
2013.08.30 12:37:50.493,0.94061,0.94078,1.69,1.69
2013.08.30 12:37:51.285,0.94061,0.94079,1.69,1.69
2013.08.30 12:37:51.644,0.94066,0.94083,1.50,1.32
2013.08.30 12:37:52.003,0.94066,0.94083,2.25,1.32
2013.08.30 12:37:55.844,0.94064,0.9408,1.69,1.32
2013.08.30 12:37:55.964,0.94063,0.94079,1.32,1.69
2013.08.30 12:37:56.084,0.94063,0.94082,1.32,3.04
2013.08.30 12:37:57.435,0.94061,0.9408,2.44,2.07
2013.08.30 12:37:57.555,0.9406,0.9408,1.69,4.32
2013.08.30 12:37:58.074,0.94059,0.94078,1.69,1.69
2013.08.30 12:37:58.134,0.9406,0.9408,1.69,2.44
2013.08.30 12:37:58.435,0.94063,0.94082,1.50,3.19
2013.08.30 12:37:58.735,0.9406,0.94079,1.69,1.69
2013.08.30 12:37:58.974,0.94059,0.94077,2.25,1.69
2013.08.30 12:38:00.296,0.94059,0.94078,2.44,2.44
2013.08.30 12:38:02.134,0.94061,0.94079,1.69,1.69
2013.08.30 12:38:02.734,0.94061,0.94081,1.69,2.44
2013.08.30 12:38:03.616,0.94062,0.94079,2.44,1.69
2013.08.30 12:38:09.031,0.94061,0.94079,2.44,1.69
2013.08.30 12:38:19.204,0.94061,0.94079,1.50,3.19
2013.08.30 12:38:21.375,0.94061,0.94078,1.50,2.44
2013.08.30 12:38:32.257,0.94059,0.94078,1.69,1.69
2013.08.30 12:38:34.869,0.94059,0.94078,1.69,1.69
2013.08.30 12:38:37.178,0.94059,0.94078,2.44,1.69
2013.08.30 12:38:40.794,0.9406,0.94078,1.69,1.69
2013.08.30 12:38:40.915,0.94061,0.94079,1.69,2.44
2013.08.30 12:38:40.976,0.94061,0.94079,2.07,2.44
2013.08.30 12:38:41.154,0.94069,0.94084,1.50,1.69
2013.08.30 12:38:41.694,0.9407,0.94085,1.69,1.13
2013.08.30 12:38:43.476,0.9407,0.94084,1.50,1.13
2013.08.30 12:38:44.038,0.9407,0.94084,1.50,1.32
2013.08.30 12:38:50.804,0.9407,0.94085,1.50,1.32
2013.08.30 12:38:52.450,0.9407,0.94085,1.50,1.32
2013.08.30 12:38:53.556,0.9407,0.94085,1.50,1.32
2013.08.30 12:38:54.461,0.9407,0.94085,1.50,2.07
2013.08.30 12:38:56.594,0.94069,0.94085,1.50,2.07
2013.08.30 12:38:57.170,0.94069,0.94085,1.50,1.32
2013.08.30 12:39:02.194,0.94069,0.94085,1.50,2.07
2013.08.30 12:39:03.925,0.94069,0.94084,1.50,1.69
2013.08.30 12:39:04.454,0.94067,0.94084,1.50,2.07
2013.08.30 12:39:06.135,0.94065,0.94084,1.69,2.07
2013.08.30 12:39:07.218,0.94065,0.94084,1.69,1.32
2013.08.30 12:39:07.344,0.94065,0.94082,1.69,1.32
2013.08.30 12:39:07.584,0.94065,0.94083,2.25,1.32
2013.08.30 12:39:10.403,0.94066,0.94084,1.13,1.69
2013.08.30 12:39:10.874,0.94066,0.94085,1.13,1.32
2013.08.30 12:39:10.934,0.94066,0.94086,1.13,2.07
2013.08.30 12:39:12.027,0.94066,0.94086,3.00,2.07
2013.08.30 12:39:12.087,0.94072,0.94087,1.35,1.69
2013.08.30 12:39:12.205,0.94074,0.94091,1.13,1.13
2013.08.30 12:39:12.744,0.94076,0.94094,1.13,1.32
2013.08.30 12:39:21.624,0.94075,0.94092,1.50,1.32
2013.08.30 12:39:21.934,0.94075,0.94093,1.69,1.32
2013.08.30 12:39:22.294,0.94078,0.94096,1.50,1.32
2013.08.30 12:39:23.375,0.94077,0.94093,1.50,2.07
2013.08.30 12:39:26.339,0.94074,0.94093,1.69,1.32
2013.08.30 12:39:29.164,0.94077,0.94093,1.50,2.07
2013.08.30 12:39:30.484,0.94073,0.94093,2.44,2.07
2013.08.30 12:39:33.069,0.94073,0.94093,2.44,2.07
2013.08.30 12:39:42.877,0.94073,0.94093,2.44,2.07
2013.08.30 12:39:43.036,0.94073,0.94093,2.44,2.07
2013.08.30 12:39:43.695,0.94079,0.94093,1.50,1.13
2013.08.30 12:39:44.054,0.94081,0.94093,1.50,1.13
2013.08.30 12:39:44.619,0.94081,0.94093,1.50,1.13
2013.08.30 12:39:45.164,0.94079,0.94093,1.50,1.13
2013.08.30 12:39:47.395,0.94079,0.94093,1.50,1.13
2013.08.30 12:39:50.765,0.94077,0.94093,3.19,1.13
2013.08.30 12:39:53.815,0.94077,0.94093,3.19,1.13
2013.08.30 12:39:55.174,0.94077,0.94091,1.69,1.13
2013.08.30 12:39:55.354,0.94072,0.94088,1.32,2.07
2013.08.30 12:39:55.656,0.94072,0.94088,1.69,1.13
2013.08.30 12:39:56.506,0.94072,0.94088,1.69,1.13
2013.08.30 12:39:56.744,0.94072,0.94088,1.69,1.13
2013.08.30 12:39:56.990,0.94072,0.94088,1.69,1.13
2013.08.30 12:39:58.325,0.94071,0.94088,1.69,1.13
2013.08.30 12:39:58.685,0.9407,0.94088,2.25,1.92
2013.08.30 12:39:58.743,0.9407,0.94083,1.50,1.13
2013.08.30 12:39:59.042,0.94065,0.94083,1.69,1.88
2013.08.30 12:39:59.616,0.94064,0.94082,3.38,1.13
2013.08.30 12:40:00.127,0.94064,0.94083,3.38,1.32
2013.08.30 12:40:00.302,0.94064,0.94083,3.19,1.32
2013.08.30 12:40:01.913,0.94064,0.94082,2.44,1.13
2013.08.30 12:40:02.693,0.94064,0.94082,2.44,1.13
2013.08.30 12:40:03.493,0.94064,0.94082,2.44,1.13
2013.08.30 12:40:03.675,0.94062,0.94081,2.44,1.32
2013.08.30 12:40:03.794,0.94063,0.94082,1.50,2.29
2013.08.30 12:40:04.152,0.94063,0.94083,2.44,1.50
2013.08.30 12:40:04.876,0.94062,0.94082,2.07,2.25
2013.08.30 12:40:07.872,0.94062,0.94082,2.44,1.32
2013.08.30 12:40:08.113,0.94062,0.94081,1.69,1.32
2013.08.30 12:40:08.173,0.94061,0.9408,1.69,1.13
2013.08.30 12:40:08.412,0.94062,0.94081,1.50,1.50
2013.08.30 12:40:08.472,0.94062,0.94082,1.69,2.07
2013.08.30 12:40:09.845,0.94062,0.94082,2.44,1.32
2013.08.30 12:40:10.244,0.94062,0.94082,3.19,1.32
2013.08.30 12:40:10.424,0.94063,0.94083,1.32,2.07
2013.08.30 12:40:10.946,0.94062,0.94083,2.44,2.07
2013.08.30 12:40:11.182,0.94061,0.94079,1.69,1.32
2013.08.30 12:40:11.720,0.94062,0.94083,1.69,2.82
2013.08.30 12:40:12.331,0.94062,0.94083,1.69,2.82
2013.08.30 12:40:12.624,0.94061,0.94078,1.69,1.32
2013.08.30 12:40:12.802,0.94062,0.9408,1.50,1.32
2013.08.30 12:40:13.162,0.94062,0.94081,2.25,1.32
2013.08.30 12:40:13.712,0.94062,0.94081,2.63,1.32
2013.08.30 12:40:15.414,0.94062,0.94082,2.44,1.32
2013.08.30 12:40:15.862,0.94064,0.94083,1.50,2.07
2013.08.30 12:40:16.412,0.94064,0.94083,1.69,2.07
2013.08.30 12:40:16.846,0.94062,0.94082,3.19,1.88
2013.08.30 12:40:18.313,0.94062,0.94082,3.19,1.88
2013.08.30 12:40:23.161,0.94062,0.94082,3.57,1.50
2013.08.30 12:40:30.394,0.94063,0.94082,1.69,2.07
2013.08.30 12:40:34.307,0.94063,0.94083,1.69,1.32
2013.08.30 12:40:34.433,0.94062,0.94081,1.69,1.32
2013.08.30 12:40:34.673,0.94061,0.94081,1.32,2.07
2013.08.30 12:40:34.733,0.94061,0.9408,1.13,1.32
2013.08.30 12:40:38.863,0.94062,0.9408,1.13,1.69
2013.08.30 12:40:39.672,0.94062,0.94081,1.13,2.82
2013.08.30 12:40:40.022,0.94062,0.94081,1.32,2.07
2013.08.30 12:40:40.845,0.94061,0.94081,2.82,1.32
2013.08.30 12:40:41.152,0.94057,0.94077,1.69,2.07
2013.08.30 12:40:43.767,0.94057,0.94077,1.32,2.44
2013.08.30 12:40:44.063,0.94057,0.94075,1.13,1.32
2013.08.30 12:40:45.585,0.94054,0.94073,2.07,1.13
2013.08.30 12:40:47.153,0.94057,0.94074,1.13,1.69
2013.08.30 12:40:47.292,0.94053,0.94071,1.32,1.50
2013.08.30 12:40:47.713,0.94052,0.9407,1.69,1.32
2013.08.30 12:40:47.833,0.94051,0.94068,1.69,1.50
2013.08.30 12:40:48.073,0.94052,0.94072,2.44,1.69
2013.08.30 12:40:48.665,0.94053,0.94073,2.44,1.32
2013.08.30 12:40:49.993,0.94054,0.94074,2.44,2.44
2013.08.30 12:40:50.425,0.94052,0.94073,3.19,1.69
2013.08.30 12:40:50.874,0.94048,0.94068,1.69,1.69
2013.08.30 12:40:50.993,0.94047,0.94068,5.44,2.44
2013.08.30 12:40:51.873,0.94047,0.94068,2.82,2.25
2013.08.30 12:40:52.053,0.94047,0.94063,2.07,1.50
2013.08.30 12:40:52.413,0.94045,0.94058,2.82,1.50
2013.08.30 12:40:52.473,0.94045,0.94061,2.82,1.50
2013.08.30 12:40:53.384,0.94047,0.94061,1.69,1.50
2013.08.30 12:40:53.562,0.94047,0.94062,2.07,1.50
2013.08.30 12:40:53.742,0.94047,0.9406,2.07,1.50
2013.08.30 12:40:53.864,0.94047,0.94062,2.07,1.50
2013.08.30 12:40:53.924,0.94047,0.94062,2.07,1.50
2013.08.30 12:40:54.896,0.94047,0.94063,2.07,2.44
2013.08.30 12:41:00.614,0.94047,0.94063,1.69,1.69
2013.08.30 12:41:00.674,0.94043,0.94061,1.69,1.69
2013.08.30 12:41:00.976,0.94042,0.94061,1.69,1.69
2013.08.30 12:41:01.466,0.94043,0.9406,1.69,2.44
2013.08.30 12:41:02.183,0.94045,0.94062,2.07,1.32
2013.08.30 12:41:02.842,0.94046,0.94063,1.13,2.07
2013.08.30 12:41:03.686,0.94047,0.94064,1.13,2.44
2013.08.30 12:41:05.603,0.94046,0.94066,3.94,2.82
2013.08.30 12:41:05.783,0.94049,0.94069,3.19,1.69
2013.08.30 12:41:06.425,0.94049,0.94067,2.44,1.50
2013.08.30 12:41:06.904,0.94049,0.94067,2.44,3.00
2013.08.30 12:41:07.084,0.9405,0.94067,2.44,1.50
2013.08.30 12:41:08.133,0.9405,0.94068,2.44,1.69
2013.08.30 12:41:08.194,0.9405,0.94069,2.44,2.44
2013.08.30 12:41:10.193,0.9405,0.94069,2.44,2.44
2013.08.30 12:41:12.524,0.9405,0.94066,2.44,1.50
2013.08.30 12:41:13.073,0.94051,0.94066,2.44,1.50
2013.08.30 12:41:13.563,0.94048,0.94064,2.44,1.50
2013.08.30 12:41:13.683,0.94048,0.94066,2.44,1.50
2013.08.30 12:41:13.743,0.94046,0.94066,3.57,1.69
2013.08.30 12:41:13.923,0.94045,0.94061,2.44,1.50
2013.08.30 12:41:14.042,0.94047,0.94064,1.32,1.69
2013.08.30 12:41:14.102,0.94047,0.94064,1.32,1.69
2013.08.30 12:41:14.812,0.94047,0.94066,1.32,1.50
2013.08.30 12:41:14.873,0.94048,0.94064,2.44,1.50
2013.08.30 12:41:15.052,0.94047,0.94064,2.82,1.50
2013.08.30 12:41:15.112,0.94047,0.94063,2.82,1.50
2013.08.30 12:41:15.352,0.94047,0.94066,2.44,1.69
2013.08.30 12:41:15.412,0.94047,0.94066,2.44,1.69
2013.08.30 12:41:17.328,0.94046,0.94062,1.69,1.50
2013.08.30 12:41:18.533,0.94046,0.94064,1.69,1.69
2013.08.30 12:41:19.967,0.94046,0.94066,2.44,1.69
2013.08.30 12:41:21.912,0.94046,0.94065,2.44,1.50
2013.08.30 12:41:23.764,0.94047,0.94066,2.44,1.69
2013.08.30 12:41:25.194,0.94046,0.94066,2.44,1.69
2013.08.30 12:41:30.842,0.94046,0.94064,2.44,1.69
2013.08.30 12:41:31.142,0.94046,0.94062,1.69,1.50
2013.08.30 12:41:32.524,0.94046,0.94062,1.69,1.50
2013.08.30 12:41:32.953,0.94046,0.94062,3.19,1.50
2013.08.30 12:41:33.072,0.94046,0.94065,3.19,1.69
2013.08.30 12:41:33.132,0.94046,0.94063,1.69,1.50
2013.08.30 12:41:33.645,0.94046,0.94062,1.69,1.50
2013.08.30 12:41:35.936,0.94046,0.94062,1.69,1.50
2013.08.30 12:41:40.006,0.94045,0.94062,1.69,2.44
2013.08.30 12:41:42.473,0.94044,0.94062,1.69,1.69
2013.08.30 12:41:42.793,0.94046,0.94062,1.69,1.69
2013.08.30 12:41:47.095,0.94045,0.94062,1.69,2.44
2013.08.30 12:41:55.193,0.94046,0.94065,1.69,1.69
2013.08.30 12:41:55.492,0.94047,0.94066,1.32,2.44
2013.08.30 12:41:55.887,0.94049,0.94069,2.44,3.19
2013.08.30 12:41:57.653,0.94048,0.94068,1.69,1.69
2013.08.30 12:41:58.193,0.94047,0.94065,1.69,1.69
2013.08.30 12:41:58.253,0.94046,0.94065,1.69,2.44
2013.08.30 12:41:58.493,0.94044,0.94063,2.44,1.69
2013.08.30 12:41:59.795,0.94044,0.94063,1.69,1.69
2013.08.30 12:42:00.313,0.94045,0.94063,1.69,2.07
2013.08.30 12:42:00.612,0.94045,0.94063,1.69,2.82
2013.08.30 12:42:02.555,0.94045,0.94062,1.69,1.32
2013.08.30 12:42:04.352,0.94045,0.94062,1.69,1.32
2013.08.30 12:42:05.153,0.94045,0.94065,1.69,3.94
2013.08.30 12:42:05.953,0.94047,0.94065,1.69,1.69
2013.08.30 12:42:06.253,0.94051,0.94068,2.07,2.07
2013.08.30 12:42:06.793,0.94051,0.94067,1.13,1.32
2013.08.30 12:42:08.064,0.94051,0.94067,2.07,1.69
2013.08.30 12:42:08.614,0.94051,0.94067,1.32,2.44
2013.08.30 12:42:09.433,0.94048,0.94066,1.69,1.69
2013.08.30 12:42:09.732,0.94047,0.94064,1.69,2.07
2013.08.30 12:42:10.093,0.94047,0.94063,1.69,1.69
2013.08.30 12:42:11.083,0.94047,0.94063,1.69,2.07
2013.08.30 12:42:14.543,0.94044,0.94061,1.69,2.07
2013.08.30 12:42:15.054,0.94044,0.94061,1.69,1.69
2013.08.30 12:42:17.052,0.94045,0.94061,1.69,1.69
2013.08.30 12:42:20.203,0.94045,0.94061,1.69,1.88
2013.08.30 12:42:21.025,0.94045,0.94063,1.69,1.32
2013.08.30 12:42:21.523,0.94045,0.94063,1.69,2.07
2013.08.30 12:42:21.587,0.94043,0.94061,1.69,1.13
2013.08.30 12:42:21.943,0.94042,0.94057,1.69,1.13
2013.08.30 12:42:22.464,0.94042,0.94057,1.69,1.13
2013.08.30 12:42:22.933,0.94041,0.94058,1.69,2.44
2013.08.30 12:42:23.292,0.9404,0.94058,1.69,2.44
2013.08.30 12:42:23.473,0.9404,0.94058,1.69,2.82
2013.08.30 12:42:23.743,0.94038,0.94056,1.69,1.32
2013.08.30 12:42:24.273,0.94038,0.94055,1.69,1.69
2013.08.30 12:42:25.052,0.94038,0.94057,1.69,2.82
2013.08.30 12:42:25.809,0.94038,0.94057,1.69,2.82
2013.08.30 12:42:26.323,0.94039,0.94057,1.69,1.69
2013.08.30 12:42:27.028,0.94036,0.94055,2.44,2.44
2013.08.30 12:42:27.096,0.94036,0.94054,2.44,1.69
2013.08.30 12:42:30.775,0.94035,0.94052,2.07,1.69
2013.08.30 12:42:31.335,0.94034,0.94052,1.69,2.44
2013.08.30 12:42:32.606,0.94034,0.94042,1.69,1.50
2013.08.30 12:42:32.723,0.94033,0.94042,1.50,1.50
2013.08.30 12:42:32.783,0.94025,0.94042,3.00,1.88
2013.08.30 12:42:32.843,0.94025,0.94042,2.25,4.92
2013.08.30 12:42:33.145,0.94023,0.94031,1.50,1.69
2013.08.30 12:42:33.205,0.94017,0.9403,1.69,1.13
2013.08.30 12:42:33.446,0.94012,0.94029,1.32,2.07
2013.08.30 12:42:33.573,0.94012,0.94029,2.07,1.32
2013.08.30 12:42:33.753,0.94011,0.94029,1.32,1.69
2013.08.30 12:42:34.294,0.94008,0.94029,1.69,1.69
2013.08.30 12:42:34.833,0.94011,0.9403,2.44,1.32
2013.08.30 12:42:35.673,0.94011,0.9403,1.69,1.32
2013.08.30 12:42:36.994,0.94008,0.94029,3.19,1.32
2013.08.30 12:42:37.202,0.94008,0.94029,3.19,1.32
2013.08.30 12:42:38.213,0.9401,0.94029,1.69,1.32
2013.08.30 12:42:38.806,0.94012,0.9403,1.69,1.32
2013.08.30 12:42:38.984,0.94013,0.94032,1.69,1.32
2013.08.30 12:42:39.527,0.94013,0.94032,1.69,1.32
2013.08.30 12:42:39.656,0.94013,0.94032,1.69,1.32
2013.08.30 12:42:39.844,0.94011,0.94028,1.69,1.32
2013.08.30 12:42:43.803,0.9401,0.94028,1.69,1.32
2013.08.30 12:42:44.218,0.94012,0.94031,1.69,2.07
2013.08.30 12:42:46.213,0.94013,0.94031,1.32,1.69
2013.08.30 12:42:47.186,0.94012,0.9403,1.69,1.69
2013.08.30 12:42:47.575,0.9401,0.94028,1.69,1.32
2013.08.30 12:42:47.694,0.94005,0.94024,2.44,2.29
2013.08.30 12:42:48.106,0.94003,0.94022,1.32,1.69
2013.08.30 12:42:48.423,0.94004,0.94024,1.32,2.85
2013.08.30 12:42:49.813,0.94002,0.94021,1.32,2.44
2013.08.30 12:42:49.993,0.94001,0.9402,1.69,2.07
2013.08.30 12:42:50.414,0.93999,0.94017,1.69,2.44
2013.08.30 12:42:50.774,0.93997,0.94015,2.07,1.32
2013.08.30 12:42:51.013,0.93997,0.94016,1.69,3.57
2013.08.30 12:42:51.604,0.93996,0.94016,1.69,2.82
2013.08.30 12:42:52.027,0.93996,0.94018,3.19,1.69
2013.08.30 12:42:52.394,0.94002,0.94019,1.69,1.69
2013.08.30 12:42:53.343,0.94,0.94018,1.69,3.57
2013.08.30 12:42:53.523,0.94,0.94019,1.69,2.07
2013.08.30 12:42:53.643,0.93998,0.94018,1.69,1.69
2013.08.30 12:42:53.944,0.93998,0.94017,1.69,1.69
2013.08.30 12:42:54.303,0.93998,0.94018,2.44,1.69
2013.08.30 12:42:54.543,0.94001,0.94018,2.44,1.69
2013.08.30 12:42:55.442,0.94,0.94018,1.69,3.19
2013.08.30 12:42:55.563,0.94002,0.94019,1.69,3.19
2013.08.30 12:42:56.103,0.94003,0.94022,1.69,3.19
2013.08.30 12:42:56.285,0.94004,0.94022,1.69,1.69
2013.08.30 12:42:56.346,0.94004,0.94022,1.69,1.69
2013.08.30 12:42:56.464,0.94006,0.94025,1.69,1.69
2013.08.30 12:42:56.943,0.94005,0.94023,1.69,1.69
2013.08.30 12:42:57.363,0.9401,0.94027,1.50,1.32
2013.08.30 12:42:57.663,0.94012,0.94026,1.50,1.32
2013.08.30 12:42:58.326,0.94011,0.94028,2.25,1.32
2013.08.30 12:42:58.633,0.94015,0.94028,1.50,1.32
2013.08.30 12:42:58.873,0.94011,0.94027,1.69,1.32
2013.08.30 12:42:59.416,0.94012,0.94028,1.69,1.69
2013.08.30 12:42:59.784,0.94012,0.94032,1.69,2.44
2013.08.30 12:42:59.903,0.94012,0.94032,1.69,1.69
2013.08.30 12:43:00.324,0.94012,0.94031,2.44,1.69
2013.08.30 12:43:00.935,0.94014,0.94033,2.44,1.69
2013.08.30 12:43:01.354,0.94016,0.94033,1.69,1.69
2013.08.30 12:43:02.772,0.94016,0.94033,1.69,2.07
2013.08.30 12:43:03.273,0.94017,0.94035,1.69,1.69
2013.08.30 12:43:04.164,0.94017,0.94035,1.69,1.69
2013.08.30 12:43:04.283,0.94016,0.94034,1.69,1.69
2013.08.30 12:43:04.947,0.94015,0.94032,1.69,1.69
2013.08.30 12:43:05.894,0.94015,0.94034,1.69,2.44
2013.08.30 12:43:07.679,0.94013,0.94034,2.44,3.19
2013.08.30 12:43:07.804,0.9401,0.94028,2.82,1.69
2013.08.30 12:43:11.023,0.94007,0.94029,1.69,2.44
2013.08.30 12:43:12.653,0.94009,0.94029,1.88,3.19
2013.08.30 12:43:12.894,0.9401,0.94028,1.69,1.32
2013.08.30 12:43:13.254,0.94007,0.94027,2.25,2.82
2013.08.30 12:43:13.313,0.94007,0.94024,2.25,1.13
2013.08.30 12:43:13.433,0.94004,0.94023,1.69,1.50
2013.08.30 12:43:14.805,0.94004,0.94023,1.69,2.44
2013.08.30 12:43:15.165,0.94001,0.94022,2.82,2.44
2013.08.30 12:43:16.714,0.94,0.9402,3.57,1.50
2013.08.30 12:43:17.543,0.94003,0.9402,1.69,2.07
2013.08.30 12:43:17.603,0.94,0.94017,1.69,1.69
2013.08.30 12:43:18.143,0.93997,0.94014,1.69,2.44
2013.08.30 12:43:18.563,0.93997,0.94014,3.94,1.50
2013.08.30 12:43:19.984,0.94,0.94019,1.69,2.44
2013.08.30 12:43:20.163,0.93999,0.94017,1.69,1.69
2013.08.30 12:43:23.203,0.93999,0.94017,1.69,1.69
2013.08.30 12:43:24.454,0.93998,0.94017,1.69,2.44
2013.08.30 12:43:24.576,0.93998,0.94017,1.69,2.44
2013.08.30 12:43:24.995,0.94003,0.94024,1.69,4.32
2013.08.30 12:43:25.114,0.94006,0.94024,1.69,2.07
2013.08.30 12:43:25.295,0.94011,0.94027,1.50,1.32
2013.08.30 12:43:25.415,0.9401,0.94028,1.69,1.32
2013.08.30 12:43:25.534,0.94011,0.94029,3.19,2.07
2013.08.30 12:43:25.892,0.94013,0.94031,1.69,1.69
2013.08.30 12:43:26.913,0.94013,0.9403,1.69,1.32
2013.08.30 12:43:29.623,0.94012,0.9403,1.69,1.69
2013.08.30 12:43:29.743,0.94011,0.94028,1.69,1.69
2013.08.30 12:43:29.923,0.94011,0.94028,1.69,1.13
2013.08.30 12:43:31.576,0.94009,0.94028,3.19,1.13
2013.08.30 12:43:32.125,0.94009,0.94025,1.69,1.13
2013.08.30 12:43:32.245,0.94007,0.94024,1.69,1.69
2013.08.30 12:43:32.305,0.94007,0.94023,1.50,1.69
2013.08.30 12:43:32.664,0.94012,0.9403,1.69,1.69
2013.08.30 12:43:33.086,0.94017,0.94031,1.88,1.13
2013.08.30 12:43:33.323,0.94019,0.94037,1.32,2.44
2013.08.30 12:43:33.382,0.94022,0.94037,1.69,1.50
2013.08.30 12:43:33.813,0.94019,0.94035,2.44,1.32
2013.08.30 12:43:35.302,0.94022,0.94037,1.50,1.32
2013.08.30 12:43:35.423,0.94027,0.94043,1.50,2.63
2013.08.30 12:43:35.543,0.94027,0.94043,1.50,1.69
2013.08.30 12:43:35.782,0.94025,0.9404,1.50,1.32
2013.08.30 12:43:35.903,0.94024,0.94041,1.69,1.32
2013.08.30 12:43:36.633,0.94023,0.94041,1.69,2.07
2013.08.30 12:43:36.693,0.94022,0.94039,2.44,1.32
2013.08.30 12:43:36.753,0.94022,0.94038,1.50,1.32
2013.08.30 12:43:36.993,0.94015,0.94034,2.82,2.82
2013.08.30 12:43:37.053,0.94015,0.94034,1.32,3.57
2013.08.30 12:43:37.643,0.94014,0.94033,1.13,1.69
2013.08.30 12:43:37.712,0.94008,0.94026,1.50,2.44
2013.08.30 12:43:38.072,0.94008,0.94028,2.44,2.63
2013.08.30 12:43:43.833,0.9401,0.94028,1.50,1.13
2013.08.30 12:43:44.353,0.94012,0.94031,2.25,2.82
2013.08.30 12:43:49.355,0.9401,0.94029,2.44,1.69
2013.08.30 12:43:49.656,0.94013,0.94033,3.19,1.13
2013.08.30 12:43:49.784,0.94014,0.94033,1.69,1.69
2013.08.30 12:43:50.025,0.94017,0.94035,2.07,1.69
2013.08.30 12:43:52.073,0.94017,0.94035,1.32,2.82
2013.08.30 12:43:52.193,0.94016,0.94033,2.07,1.32
2013.08.30 12:43:52.360,0.94016,0.94033,2.07,1.32
2013.08.30 12:43:53.052,0.94015,0.94031,1.32,1.69
2013.08.30 12:43:53.604,0.94014,0.94031,1.69,1.69
2013.08.30 12:43:56.268,0.94016,0.94034,2.29,1.69
2013.08.30 12:43:56.473,0.94021,0.94038,2.25,1.69
2013.08.30 12:43:56.772,0.9402,0.94034,1.50,1.69
2013.08.30 12:43:56.894,0.94019,0.94034,1.13,1.69
2013.08.30 12:43:59.193,0.9402,0.94037,1.13,1.69
2013.08.30 12:43:59.553,0.94029,0.94043,1.50,1.69
2013.08.30 12:43:59.613,0.94025,0.94043,1.69,1.69
2013.08.30 12:44:00.034,0.94023,0.94041,1.69,1.69
2013.08.30 12:44:01.285,0.94023,0.94039,1.69,1.69
2013.08.30 12:44:02.728,0.94023,0.94039,1.69,1.69
2013.08.30 12:44:03.232,0.94021,0.94038,2.44,1.05
2013.08.30 12:44:03.352,0.94024,0.94038,1.50,1.05
2013.08.30 12:44:04.003,0.94024,0.94038,1.50,1.05
2013.08.30 12:44:04.443,0.9402,0.94038,1.69,1.69
2013.08.30 12:44:05.524,0.94021,0.94038,1.50,1.69
2013.08.30 12:44:05.704,0.94019,0.94038,2.07,1.69
2013.08.30 12:44:05.824,0.94019,0.94038,1.32,3.19
2013.08.30 12:44:06.352,0.94017,0.94035,1.32,1.69
2013.08.30 12:44:10.123,0.94017,0.94036,1.32,2.44
2013.08.30 12:44:11.594,0.94018,0.94035,1.32,1.69
2013.08.30 12:44:13.178,0.94016,0.94035,2.44,1.69
2013.08.30 12:44:13.364,0.94016,0.94035,1.69,1.69
2013.08.30 12:44:13.483,0.94016,0.94038,2.44,4.43
2013.08.30 12:44:16.273,0.94016,0.94035,1.69,1.69
2013.08.30 12:44:16.813,0.94014,0.94031,2.07,1.69
2013.08.30 12:44:17.113,0.94015,0.94033,1.32,2.44
2013.08.30 12:44:17.174,0.94019,0.94037,1.69,1.69
2013.08.30 12:44:17.713,0.94019,0.94037,2.82,1.69
2013.08.30 12:44:17.773,0.94019,0.94037,2.07,1.69
2013.08.30 12:44:18.013,0.94018,0.94037,2.07,1.05
2013.08.30 12:44:18.073,0.94016,0.94035,3.57,1.69
2013.08.30 12:44:18.870,0.94017,0.94037,1.69,1.80
2013.08.30 12:44:24.953,0.94018,0.94037,2.07,1.69
2013.08.30 12:44:27.143,0.9402,0.94039,2.44,1.69
2013.08.30 12:44:27.685,0.94024,0.94039,1.50,1.69
2013.08.30 12:44:28.218,0.94031,0.94047,1.13,1.69
2013.08.30 12:44:28.283,0.94033,0.94049,1.13,1.69
2013.08.30 12:44:28.642,0.94032,0.94049,1.69,1.69
2013.08.30 12:44:28.763,0.94029,0.94049,1.69,2.44
2013.08.30 12:44:29.154,0.94028,0.94044,1.32,1.50
2013.08.30 12:44:29.516,0.94027,0.94044,1.32,1.69
2013.08.30 12:44:30.203,0.94027,0.94043,1.13,1.69
2013.08.30 12:44:31.635,0.94027,0.94043,1.13,2.07
2013.08.30 12:44:32.517,0.94027,0.94043,1.32,1.32
2013.08.30 12:44:34.488,0.94027,0.94043,1.32,2.82
2013.08.30 12:44:41.037,0.94027,0.94042,1.32,3.04
2013.08.30 12:44:41.213,0.94022,0.94039,2.82,1.35
2013.08.30 12:44:41.333,0.9402,0.94039,1.69,2.29
2013.08.30 12:44:42.463,0.94021,0.94039,1.69,3.04
2013.08.30 12:44:42.822,0.94016,0.94035,1.69,2.44
2013.08.30 12:44:43.355,0.94014,0.94033,2.82,1.69
2013.08.30 12:44:43.476,0.94013,0.9403,2.25,1.69
2013.08.30 12:44:43.594,0.94013,0.94031,3.94,1.69
2013.08.30 12:44:44.193,0.94012,0.9403,2.44,1.69
2013.08.30 12:44:44.965,0.94013,0.94032,1.69,1.69
2013.08.30 12:44:45.383,0.94016,0.94034,1.69,2.44
2013.08.30 12:44:45.893,0.94017,0.94037,1.69,2.44
2013.08.30 12:44:46.493,0.94018,0.94038,1.69,1.69
2013.08.30 12:44:47.093,0.94018,0.94038,1.69,1.69
2013.08.30 12:44:47.639,0.94017,0.94036,1.69,1.69
2013.08.30 12:44:49.243,0.94016,0.94035,3.19,1.69
2013.08.30 12:44:49.663,0.94016,0.94035,2.44,1.69
2013.08.30 12:44:49.843,0.94014,0.94031,1.69,1.69
2013.08.30 12:44:49.966,0.94014,0.94031,1.69,1.69
2013.08.30 12:44:52.343,0.94011,0.94031,1.69,2.44
2013.08.30 12:44:52.763,0.9401,0.94028,1.69,1.69
2013.08.30 12:44:52.943,0.94009,0.94027,1.69,1.69
2013.08.30 12:44:55.283,0.94007,0.94024,1.69,1.69
2013.08.30 12:44:55.464,0.94003,0.94022,2.82,1.69
2013.08.30 12:44:56.003,0.94004,0.94023,1.69,2.44
2013.08.30 12:44:57.852,0.94004,0.94023,1.69,2.44
2013.08.30 12:44:57.973,0.94006,0.94023,1.69,1.69
2013.08.30 12:45:00.613,0.94007,0.94024,2.44,1.69
2013.08.30 12:45:00.675,0.94007,0.94024,1.69,1.69
2013.08.30 12:45:01.813,0.94009,0.94025,1.50,2.44
2013.08.30 12:45:01.993,0.94009,0.94027,1.50,1.69
2013.08.30 12:45:04.923,0.94011,0.94028,1.50,2.44
2013.08.30 12:45:04.983,0.94011,0.94029,1.69,2.07
2013.08.30 12:45:05.043,0.94014,0.94029,1.50,1.32
2013.08.30 12:45:05.103,0.94014,0.9403,1.50,1.32
2013.08.30 12:45:05.283,0.94016,0.94034,1.69,1.69
2013.08.30 12:45:05.594,0.94016,0.94035,3.19,1.69
2013.08.30 12:45:05.773,0.94016,0.94034,2.44,1.69
2013.08.30 12:45:06.133,0.94013,0.94034,3.19,4.69
2013.08.30 12:45:06.193,0.94015,0.94034,1.69,3.19
2013.08.30 12:45:07.680,0.94016,0.94034,2.44,2.44
2013.08.30 12:45:10.144,0.94016,0.94034,1.69,1.69
2013.08.30 12:45:17.652,0.94017,0.94036,1.69,2.44
2013.08.30 12:45:18.073,0.94015,0.94034,2.44,1.69
2013.08.30 12:45:18.433,0.94015,0.94034,1.69,1.69
2013.08.30 12:45:18.553,0.94016,0.94034,1.69,1.69
2013.08.30 12:45:18.793,0.94017,0.94034,1.69,1.69
2013.08.30 12:45:19.333,0.94019,0.94035,1.69,1.69
2013.08.30 12:45:21.133,0.94019,0.94038,2.44,1.69
2013.08.30 12:45:26.393,0.94018,0.94035,1.32,1.69
2013.08.30 12:45:26.513,0.94016,0.94032,2.07,1.50
2013.08.30 12:45:26.633,0.94016,0.94034,3.19,1.69
2013.08.30 12:45:26.693,0.94021,0.94036,2.25,1.88
2013.08.30 12:45:26.813,0.94021,0.94038,2.25,1.69
2013.08.30 12:45:27.623,0.94021,0.94038,1.50,2.44
2013.08.30 12:45:27.803,0.94019,0.94038,1.32,2.44
2013.08.30 12:45:29.914,0.9402,0.94037,1.69,1.69
2013.08.30 12:45:34.643,0.9402,0.94037,2.44,1.69
2013.08.30 12:45:37.694,0.94022,0.94042,2.25,1.32
2013.08.30 12:45:41.424,0.94025,0.94039,1.50,1.69
2013.08.30 12:45:44.292,0.94025,0.94039,1.50,1.69
2013.08.30 12:45:44.774,0.94025,0.94039,1.50,1.69
2013.08.30 12:45:44.895,0.94024,0.94041,1.69,1.13
2013.08.30 12:45:44.954,0.94026,0.94042,1.69,1.50
2013.08.30 12:45:45.135,0.94027,0.94043,2.07,1.50
2013.08.30 12:45:45.678,0.94027,0.94043,2.07,1.69
2013.08.30 12:45:46.603,0.94026,0.94044,2.07,1.32
2013.08.30 12:45:53.117,0.94025,0.94043,2.44,1.32
2013.08.30 12:45:55.870,0.94023,0.94043,2.44,3.94
2013.08.30 12:46:04.133,0.94023,0.94039,1.69,1.69
2013.08.30 12:46:06.093,0.94021,0.94038,1.69,1.32
2013.08.30 12:46:06.153,0.9402,0.94034,1.50,1.69
2013.08.30 12:46:06.273,0.94017,0.94033,1.50,1.69
2013.08.30 12:46:06.333,0.94013,0.94033,1.69,2.44
2013.08.30 12:46:06.393,0.94014,0.94032,1.13,3.19
2013.08.30 12:46:06.723,0.94011,0.94029,1.32,1.69
2013.08.30 12:46:08.206,0.94013,0.94031,1.69,1.54
2013.08.30 12:46:08.504,0.94021,0.94039,1.88,2.44
2013.08.30 12:46:09.064,0.94023,0.9404,1.13,1.69
2013.08.30 12:46:09.483,0.94023,0.9404,1.50,1.69
2013.08.30 12:46:11.639,0.94022,0.94039,2.44,1.69
2013.08.30 12:46:13.283,0.94022,0.94041,2.44,2.07
2013.08.30 12:46:14.667,0.94023,0.9404,1.32,1.69
2013.08.30 12:46:15.203,0.94025,0.94041,1.69,1.32
2013.08.30 12:46:15.385,0.94025,0.94042,1.69,1.32
2013.08.30 12:46:15.923,0.94024,0.94044,1.69,3.94
2013.08.30 12:46:16.283,0.94021,0.94039,2.07,1.50
2013.08.30 12:46:16.763,0.94021,0.94037,1.69,1.69
2013.08.30 12:46:23.764,0.94023,0.94039,1.13,1.32
2013.08.30 12:46:23.824,0.94023,0.94041,1.13,2.44
2013.08.30 12:46:24.243,0.94025,0.94042,1.69,2.07
2013.08.30 12:46:26.383,0.94022,0.94041,1.69,3.19
2013.08.30 12:46:26.925,0.9402,0.94038,1.69,2.07
2013.08.30 12:46:26.983,0.94017,0.94036,2.44,1.69
2013.08.30 12:46:27.103,0.94017,0.94034,1.69,1.69
2013.08.30 12:46:27.284,0.94014,0.94034,2.44,2.44
2013.08.30 12:46:27.823,0.94016,0.94034,1.69,3.19
2013.08.30 12:46:28.589,0.94016,0.94033,1.69,1.69
2013.08.30 12:46:29.403,0.94016,0.94033,1.69,2.07
2013.08.30 12:46:29.763,0.94015,0.94033,1.69,1.32
2013.08.30 12:46:30.274,0.94016,0.94033,1.69,1.69
2013.08.30 12:46:30.455,0.94011,0.94029,3.94,1.69
2013.08.30 12:46:30.753,0.9401,0.94028,1.69,1.69
2013.08.30 12:46:31.054,0.94007,0.94026,2.44,1.69
2013.08.30 12:46:32.493,0.94005,0.94022,1.69,1.69
2013.08.30 12:46:35.163,0.94004,0.94023,1.69,2.82
2013.08.30 12:46:36.263,0.94003,0.94022,1.69,1.32
2013.08.30 12:46:37.523,0.94003,0.94023,1.69,2.44
2013.08.30 12:46:37.703,0.94005,0.94023,1.69,1.69
2013.08.30 12:46:38.214,0.94008,0.94025,1.69,2.07
2013.08.30 12:46:39.596,0.94007,0.94025,1.69,1.32
2013.08.30 12:46:41.855,0.9401,0.94029,1.69,1.73
2013.08.30 12:46:41.915,0.94011,0.9403,1.69,2.48
2013.08.30 12:46:42.035,0.94011,0.9403,1.69,2.44
2013.08.30 12:46:42.453,0.94016,0.94034,1.69,2.44
2013.08.30 12:46:44.602,0.94017,0.94034,2.44,2.82
2013.08.30 12:46:46.113,0.94019,0.94034,2.44,2.25
2013.08.30 12:46:47.653,0.94019,0.94033,2.44,1.13
2013.08.30 12:46:48.273,0.94019,0.94036,2.44,2.44
2013.08.30 12:46:49.923,0.94019,0.94034,2.44,2.63
2013.08.30 12:46:56.745,0.94018,0.94034,2.44,1.88
2013.08.30 12:47:00.306,0.9402,0.94035,2.44,1.50
2013.08.30 12:47:00.603,0.94026,0.94043,1.69,2.44
2013.08.30 12:47:01.214,0.94024,0.94042,2.44,1.69
2013.08.30 12:47:01.393,0.94022,0.94039,2.44,1.88
2013.08.30 12:47:03.213,0.94022,0.9404,2.44,2.07
2013.08.30 12:47:03.275,0.94025,0.9404,2.44,1.69
2013.08.30 12:47:09.194,0.94023,0.94043,2.44,2.44
2013.08.30 12:47:10.301,0.94023,0.94041,2.44,1.69
2013.08.30 12:47:10.803,0.94022,0.9404,2.44,2.07
2013.08.30 12:47:13.653,0.94024,0.94041,2.44,2.44
2013.08.30 12:47:19.324,0.94024,0.94042,2.44,1.32
2013.08.30 12:47:22.583,0.94024,0.94043,2.44,1.69
2013.08.30 12:47:22.894,0.9403,0.94043,2.44,1.50
2013.08.30 12:47:23.433,0.94027,0.94045,4.69,1.69
2013.08.30 12:47:23.675,0.94024,0.94041,2.44,1.69
2013.08.30 12:47:24.214,0.94025,0.9404,1.69,1.32
2013.08.30 12:47:24.920,0.94022,0.9404,3.19,2.82
2013.08.30 12:47:28.713,0.94021,0.94039,1.69,1.69
2013.08.30 12:47:31.691,0.94021,0.9404,2.44,2.44
2013.08.30 12:47:31.934,0.94021,0.94039,2.44,2.07
2013.08.30 12:47:32.235,0.94021,0.94033,1.50,1.32
2013.08.30 12:47:32.356,0.94017,0.94033,2.25,1.32
2013.08.30 12:47:32.473,0.94017,0.94035,1.69,2.07
2013.08.30 12:47:32.653,0.94016,0.94035,1.69,2.07
2013.08.30 12:47:32.774,0.94016,0.94035,1.69,2.07
2013.08.30 12:47:36.763,0.94017,0.94034,1.69,1.32
2013.08.30 12:47:42.214,0.94017,0.94036,3.19,1.32
2013.08.30 12:47:42.394,0.94021,0.94037,1.69,1.32
2013.08.30 12:47:42.818,0.94021,0.9404,1.69,1.32
2013.08.30 12:47:42.875,0.94021,0.9404,1.69,1.69
2013.08.30 12:47:43.563,0.94021,0.94038,1.69,1.20
2013.08.30 12:47:44.129,0.94021,0.9404,1.69,1.69
2013.08.30 12:47:46.100,0.94022,0.9404,1.69,1.69
2013.08.30 12:47:46.284,0.94025,0.94043,1.69,2.07
2013.08.30 12:47:46.343,0.94023,0.94043,3.19,2.82
2013.08.30 12:47:46.403,0.94023,0.94041,2.44,1.69
2013.08.30 12:47:46.960,0.94023,0.94041,2.44,1.69
2013.08.30 12:47:50.673,0.94026,0.94043,1.69,2.44
2013.08.30 12:47:52.403,0.94024,0.94041,2.44,1.13
2013.08.30 12:47:52.897,0.94024,0.94043,1.69,3.19
2013.08.30 12:47:52.965,0.94022,0.9404,3.38,1.69
2013.08.30 12:47:53.803,0.9402,0.94037,2.44,1.32
2013.08.30 12:47:53.923,0.94016,0.94034,1.69,1.50
2013.08.30 12:47:54.043,0.94017,0.94034,1.69,1.13
2013.08.30 12:47:54.463,0.94017,0.94031,3.19,1.50
2013.08.30 12:47:54.583,0.94017,0.94033,3.19,1.50
2013.08.30 12:47:55.383,0.94019,0.94033,1.69,1.88
2013.08.30 12:47:55.563,0.94019,0.94036,1.69,2.07
2013.08.30 12:47:56.270,0.94019,0.94034,1.69,1.50
2013.08.30 12:47:56.794,0.9402,0.94037,1.69,2.44
2013.08.30 12:47:57.674,0.94016,0.94036,3.94,1.32
2013.08.30 12:47:58.093,0.94016,0.94033,3.19,1.69
2013.08.30 12:47:58.534,0.94016,0.94031,3.19,1.50
2013.08.30 12:48:01.323,0.94012,0.94031,2.44,1.69
2013.08.30 12:48:02.467,0.94012,0.94029,2.44,1.87
2013.08.30 12:48:03.444,0.94012,0.94029,2.44,1.88
2013.08.30 12:48:05.023,0.94012,0.94029,2.44,2.07
2013.08.30 12:48:05.854,0.94011,0.94029,1.69,2.63
2013.08.30 12:48:06.503,0.94011,0.94029,1.69,2.63
2013.08.30 12:48:07.874,0.94011,0.94029,1.69,3.94
2013.08.30 12:48:07.933,0.94011,0.94027,1.69,1.69
2013.08.30 12:48:07.993,0.94008,0.94025,1.69,1.50
2013.08.30 12:48:08.293,0.94006,0.94024,1.69,2.25
2013.08.30 12:48:08.594,0.94004,0.94022,1.69,1.50
2013.08.30 12:48:08.653,0.94002,0.94022,2.44,1.50
2013.08.30 12:48:09.223,0.93998,0.94018,3.19,2.25
2013.08.30 12:48:09.583,0.94001,0.9402,1.69,1.69
2013.08.30 12:48:10.874,0.94001,0.9402,1.69,2.07
2013.08.30 12:48:12.903,0.94,0.94019,3.19,1.69
2013.08.30 12:48:13.256,0.93998,0.94017,1.69,1.69
2013.08.30 12:48:14.413,0.93999,0.94016,1.69,1.69
2013.08.30 12:48:14.974,0.93997,0.94015,1.69,1.69
2013.08.30 12:48:15.503,0.93995,0.94013,1.69,1.69
2013.08.30 12:48:15.863,0.93992,0.9401,3.19,1.69
2013.08.30 12:48:16.290,0.93993,0.9401,1.69,1.69
2013.08.30 12:48:16.833,0.93994,0.94011,1.69,2.44
2013.08.30 12:48:17.134,0.93993,0.94012,1.69,1.69
2013.08.30 12:48:17.194,0.93994,0.9401,1.69,1.50
2013.08.30 12:48:17.314,0.93991,0.9401,2.44,1.50
2013.08.30 12:48:18.823,0.93992,0.94009,1.69,1.50
2013.08.30 12:48:19.243,0.93997,0.94015,2.44,1.69
2013.08.30 12:48:19.484,0.93999,0.94016,1.69,1.13
2013.08.30 12:48:21.284,0.94001,0.94019,1.50,1.69
2013.08.30 12:48:21.405,0.94001,0.94019,2.25,1.69
2013.08.30 12:48:21.464,0.94003,0.9402,2.44,1.69
2013.08.30 12:48:22.186,0.94007,0.94021,1.50,1.32
2013.08.30 12:48:22.365,0.94009,0.94024,1.69,1.32
2013.08.30 12:48:22.903,0.94011,0.94027,1.50,1.13
2013.08.30 12:48:23.453,0.94007,0.94025,1.69,1.69
2013.08.30 12:48:26.744,0.94006,0.94024,1.69,2.44
2013.08.30 12:48:30.039,0.94007,0.94025,1.69,1.69
2013.08.30 12:48:30.203,0.94007,0.94026,2.44,2.63
2013.08.30 12:48:30.383,0.94009,0.94028,1.69,1.50
2013.08.30 12:48:32.485,0.94008,0.94028,3.19,1.32
2013.08.30 12:48:33.656,0.94011,0.94027,2.25,1.32
2013.08.30 12:48:35.580,0.94011,0.94027,1.50,1.32
2013.08.30 12:48:38.853,0.94008,0.94027,2.44,2.07
2013.08.30 12:48:39.540,0.94007,0.94025,1.69,2.07
2013.08.30 12:48:39.610,0.94007,0.94025,1.69,1.32
2013.08.30 12:48:41.702,0.94007,0.94025,1.69,2.07
2013.08.30 12:48:43.011,0.94009,0.94026,1.69,1.32
2013.08.30 12:48:44.225,0.9401,0.94026,1.69,1.32
2013.08.30 12:48:47.814,0.9401,0.94027,2.44,1.32
2013.08.30 12:48:48.351,0.94012,0.94029,2.44,2.25
2013.08.30 12:48:50.151,0.94011,0.94028,1.69,1.50
2013.08.30 12:48:54.113,0.94011,0.94028,1.69,1.32
2013.08.30 12:48:59.273,0.94011,0.94029,3.19,1.32
2013.08.30 12:49:00.569,0.94011,0.9403,2.44,2.25
2013.08.30 12:49:00.884,0.94011,0.94029,2.44,1.69
2013.08.30 12:49:00.943,0.94009,0.94028,1.69,3.19
2013.08.30 12:49:01.123,0.94008,0.94026,2.44,1.32
2013.08.30 12:49:01.485,0.94005,0.94024,1.69,1.13
2013.08.30 12:49:01.605,0.94005,0.94024,1.69,1.13
2013.08.30 12:49:01.963,0.94007,0.94025,2.44,1.13
2013.08.30 12:49:02.523,0.94007,0.94024,2.44,1.13
2013.08.30 12:49:03.203,0.94007,0.94022,1.50,1.13
2013.08.30 12:49:04.523,0.94001,0.94019,1.69,2.44
2013.08.30 12:49:04.583,0.94,0.94018,2.07,1.50
2013.08.30 12:49:05.063,0.94002,0.9402,1.32,1.69
2013.08.30 12:49:05.124,0.94004,0.9402,1.50,1.69
2013.08.30 12:49:05.673,0.94004,0.94021,2.44,1.13
2013.08.30 12:49:05.853,0.94004,0.94018,1.69,1.35
2013.08.30 12:49:05.973,0.94,0.94018,2.82,2.37
2013.08.30 12:49:06.033,0.93999,0.94015,2.07,1.13
2013.08.30 12:49:06.333,0.94,0.94017,1.32,1.13
2013.08.30 12:49:06.453,0.94001,0.94018,1.32,1.54
2013.08.30 12:49:10.737,0.94003,0.9402,1.69,1.69
2013.08.30 12:49:11.094,0.94009,0.94028,1.50,1.69
2013.08.30 12:49:11.454,0.94011,0.9403,2.44,2.07
2013.08.30 12:49:12.184,0.94007,0.94025,1.69,1.69
2013.08.30 12:49:14.083,0.94009,0.94027,1.50,1.13
2013.08.30 12:49:14.453,0.9401,0.94027,1.69,1.13
2013.08.30 12:49:15.338,0.9401,0.94028,2.44,1.69
2013.08.30 12:49:16.274,0.94011,0.94029,1.69,2.07
2013.08.30 12:49:16.853,0.94011,0.94028,1.69,1.69
2013.08.30 12:49:17.467,0.94011,0.94028,1.69,2.44
2013.08.30 12:49:17.974,0.94006,0.94025,3.19,1.69
2013.08.30 12:49:19.284,0.94006,0.94025,2.44,1.69
2013.08.30 12:49:19.403,0.94005,0.94025,1.69,2.44
2013.08.30 12:49:19.588,0.94003,0.94022,1.69,2.44
2013.08.30 12:49:19.914,0.94011,0.94028,1.88,1.69
2013.08.30 12:49:19.973,0.94011,0.9403,2.07,1.32
2013.08.30 12:49:20.094,0.94011,0.9403,1.32,2.44
2013.08.30 12:49:20.333,0.94006,0.94024,1.69,1.88
2013.08.30 12:49:20.873,0.94004,0.94023,3.19,1.50
2013.08.30 12:49:21.113,0.94004,0.94023,1.69,1.69
2013.08.30 12:49:21.233,0.94002,0.94021,3.57,1.50
2013.08.30 12:49:23.163,0.94005,0.94021,1.69,1.69
2013.08.30 12:49:23.523,0.94007,0.94025,1.69,1.69
2013.08.30 12:49:24.769,0.94007,0.94025,1.69,2.44
2013.08.30 12:49:25.313,0.94007,0.94023,1.69,2.44
2013.08.30 12:49:26.454,0.94007,0.94025,1.69,2.44
2013.08.30 12:49:28.023,0.94007,0.94025,3.19,2.44
2013.08.30 12:49:29.883,0.9401,0.94025,1.69,1.69
2013.08.30 12:49:30.425,0.94008,0.94027,1.69,1.69
2013.08.30 12:49:35.193,0.94006,0.94024,1.69,1.50
2013.08.30 12:49:35.553,0.94006,0.94023,1.69,1.50
2013.08.30 12:49:35.613,0.94002,0.94023,3.94,3.19
2013.08.30 12:49:36.424,0.94002,0.9402,1.69,1.69
2013.08.30 12:49:36.965,0.94002,0.94019,1.69,1.69
2013.08.30 12:49:37.513,0.94002,0.94019,1.69,1.69
2013.08.30 12:49:37.995,0.94002,0.94017,1.69,1.50
2013.08.30 12:49:38.672,0.94002,0.94017,1.69,1.50
2013.08.30 12:49:39.366,0.94002,0.94021,1.69,2.44
2013.08.30 12:49:40.153,0.94002,0.94021,1.69,1.69
2013.08.30 12:49:40.274,0.94003,0.94022,2.44,1.69
2013.08.30 12:49:40.793,0.94006,0.94023,1.69,1.69
2013.08.30 12:49:45.175,0.94006,0.94024,1.69,1.69
2013.08.30 12:49:49.364,0.94006,0.94024,1.69,2.44
2013.08.30 12:49:50.413,0.94003,0.94023,2.44,1.69
2013.08.30 12:49:52.845,0.94007,0.94024,1.69,1.69
2013.08.30 12:49:53.023,0.94007,0.94026,1.69,1.69
2013.08.30 12:49:53.354,0.9401,0.94027,1.69,1.69
2013.08.30 12:49:54.163,0.9401,0.94027,1.69,1.69
2013.08.30 12:49:57.723,0.94011,0.94029,1.69,1.69
2013.08.30 12:49:57.784,0.94012,0.94031,2.44,1.69
2013.08.30 12:49:57.964,0.94014,0.94033,2.44,1.69
2013.08.30 12:49:58.704,0.94015,0.94032,2.44,1.69
2013.08.30 12:49:59.223,0.94014,0.94034,1.69,2.44
2013.08.30 12:50:01.375,0.94014,0.94034,3.19,2.44
2013.08.30 12:50:01.495,0.94015,0.94034,2.44,1.50
2013.08.30 12:50:02.450,0.94018,0.94037,1.69,2.44
2013.08.30 12:50:04.934,0.94017,0.94036,1.69,1.69
2013.08.30 12:50:05.304,0.94017,0.94034,1.69,1.69
2013.08.30 12:50:10.798,0.94014,0.94033,2.44,1.50
2013.08.30 12:50:17.894,0.94013,0.94033,2.44,2.44
2013.08.30 12:50:17.954,0.94012,0.94032,4.69,1.69
2013.08.30 12:50:18.074,0.94015,0.94032,1.69,2.44
2013.08.30 12:50:18.373,0.94019,0.94036,1.69,2.44
2013.08.30 12:50:20.184,0.94016,0.94035,3.94,1.69
2013.08.30 12:50:20.723,0.94016,0.94034,1.69,3.19
2013.08.30 12:50:21.853,0.94013,0.94032,3.19,1.69
2013.08.30 12:50:22.033,0.94013,0.94032,1.69,2.82
2013.08.30 12:50:31.867,0.94012,0.94029,2.07,1.69
2013.08.30 12:50:32.056,0.94013,0.9403,1.69,2.44
2013.08.30 12:50:32.175,0.94014,0.94029,1.69,1.32
2013.08.30 12:50:32.294,0.94011,0.94029,1.69,1.69
2013.08.30 12:50:32.534,0.9401,0.94028,1.69,1.32
2013.08.30 12:50:32.664,0.94009,0.94026,1.69,2.44
2013.08.30 12:50:32.964,0.94008,0.94025,1.69,1.69
2013.08.30 12:50:33.458,0.9401,0.94028,1.69,2.82
2013.08.30 12:50:37.724,0.94007,0.94025,1.69,1.69
2013.08.30 12:50:39.348,0.94006,0.94025,2.82,2.44
2013.08.30 12:50:39.403,0.94005,0.94025,2.82,2.44
2013.08.30 12:50:39.524,0.94005,0.94025,2.82,2.44
2013.08.30 12:50:46.169,0.94007,0.94025,1.69,1.32
2013.08.30 12:50:49.138,0.94007,0.94027,2.44,1.32
2013.08.30 12:50:51.655,0.94007,0.94027,2.44,2.07
2013.08.30 12:50:52.013,0.94006,0.94022,1.69,1.54
2013.08.30 12:50:52.374,0.94009,0.94026,1.69,3.19
2013.08.30 12:50:52.493,0.94009,0.94027,1.69,2.07
2013.08.30 12:50:53.663,0.94009,0.94026,1.69,1.69
2013.08.30 12:50:54.183,0.94008,0.94026,1.69,1.69
2013.08.30 12:50:57.503,0.94009,0.94026,1.69,1.69
2013.08.30 12:50:57.744,0.94011,0.9403,3.19,1.69
2013.08.30 12:50:57.864,0.94014,0.94033,1.50,2.07
2013.08.30 12:50:57.924,0.94014,0.94033,1.69,2.07
2013.08.30 12:50:58.103,0.94015,0.94033,1.88,1.32
2013.08.30 12:50:58.504,0.94014,0.9403,1.50,2.07
2013.08.30 12:50:58.683,0.94012,0.9403,2.44,2.07
2013.08.30 12:51:03.920,0.94013,0.94029,1.32,1.69
2013.08.30 12:51:04.236,0.94012,0.94027,1.88,1.69
2013.08.30 12:51:04.295,0.94008,0.94027,2.82,2.44
2013.08.30 12:51:04.353,0.94012,0.94027,1.13,1.69
2013.08.30 12:51:04.904,0.94012,0.94028,1.32,1.69
2013.08.30 12:51:05.935,0.94012,0.94029,1.32,2.82
2013.08.30 12:51:08.439,0.94012,0.94029,2.82,1.69
2013.08.30 12:51:09.783,0.94013,0.9403,1.32,1.69
2013.08.30 12:51:09.943,0.94013,0.9403,1.32,1.69
2013.08.30 12:51:13.075,0.94016,0.94033,1.69,1.69
2013.08.30 12:51:14.214,0.94015,0.94034,1.69,2.44
2013.08.30 12:51:14.333,0.94013,0.94031,2.07,1.69
2013.08.30 12:51:15.523,0.94015,0.94032,1.32,2.44
2013.08.30 12:51:15.584,0.94017,0.94032,2.07,1.69
2013.08.30 12:51:15.704,0.94019,0.94032,1.13,1.50
2013.08.30 12:51:15.885,0.94024,0.94036,1.13,1.50
2013.08.30 12:51:16.245,0.94026,0.94039,1.13,1.32
2013.08.30 12:51:16.794,0.94022,0.94039,1.88,1.69
2013.08.30 12:51:17.351,0.94022,0.94038,1.88,1.69
2013.08.30 12:51:17.905,0.9402,0.94037,1.13,1.69
2013.08.30 12:51:17.964,0.94018,0.94037,1.88,1.69
2013.08.30 12:51:19.133,0.94017,0.94036,1.69,1.69
2013.08.30 12:51:19.707,0.94017,0.94036,2.44,2.82
2013.08.30 12:51:21.277,0.94018,0.94036,1.69,2.07
2013.08.30 12:51:21.456,0.94013,0.94028,2.82,1.50
2013.08.30 12:51:21.633,0.94014,0.94033,2.44,2.82
2013.08.30 12:51:21.754,0.94016,0.94033,1.69,1.69
2013.08.30 12:51:21.934,0.94017,0.94036,3.19,1.69
2013.08.30 12:51:22.473,0.9402,0.94038,2.44,1.32
2013.08.30 12:51:25.616,0.94018,0.94036,1.69,1.69
2013.08.30 12:51:26.156,0.94016,0.94033,1.69,1.69
2013.08.30 12:51:26.454,0.94015,0.94031,1.69,1.69
2013.08.30 12:51:28.763,0.94013,0.94031,1.69,1.69
2013.08.30 12:51:32.060,0.94012,0.94029,1.69,1.69
2013.08.30 12:51:32.364,0.94013,0.94031,1.69,1.69
2013.08.30 12:51:33.074,0.94011,0.94029,2.44,1.54
2013.08.30 12:51:33.193,0.94011,0.94028,1.69,1.69
2013.08.30 12:51:33.314,0.94011,0.94029,1.69,3.04
2013.08.30 12:51:33.674,0.94011,0.94029,1.69,1.69
2013.08.30 12:51:34.033,0.94016,0.94033,1.84,3.19
2013.08.30 12:51:34.405,0.94014,0.94033,1.32,2.44
2013.08.30 12:51:36.284,0.94014,0.94033,1.32,1.69
2013.08.30 12:51:36.933,0.94013,0.94031,1.69,1.69
2013.08.30 12:51:38.295,0.94012,0.94031,2.44,1.69
2013.08.30 12:51:42.866,0.94013,0.94032,1.69,1.69
2013.08.30 12:51:44.334,0.94012,0.94029,2.44,1.69
2013.08.30 12:51:44.514,0.9401,0.94029,1.69,1.69
2013.08.30 12:51:44.634,0.9401,0.94027,1.32,2.07
2013.08.30 12:51:44.874,0.9401,0.94027,1.32,2.07
2013.08.30 12:51:44.994,0.94011,0.94029,1.32,3.19
2013.08.30 12:51:45.353,0.94013,0.94031,1.69,1.69
2013.08.30 12:51:45.987,0.94015,0.94031,1.50,1.69
2013.08.30 12:51:48.583,0.94015,0.94031,1.50,1.69
2013.08.30 12:51:50.734,0.94013,0.94032,2.07,1.69
2013.08.30 12:51:53.465,0.94013,0.94031,1.32,1.69
2013.08.30 12:51:53.835,0.94012,0.94029,1.69,1.69
2013.08.30 12:51:54.373,0.94011,0.94029,1.69,1.69
2013.08.30 12:51:55.107,0.94014,0.94029,1.50,1.69
2013.08.30 12:51:55.285,0.94015,0.94034,2.44,2.29
2013.08.30 12:51:55.405,0.94016,0.94031,1.69,1.32
2013.08.30 12:51:55.765,0.94014,0.9403,1.50,2.44
2013.08.30 12:51:55.885,0.94013,0.94029,1.50,1.69
2013.08.30 12:51:56.534,0.94012,0.94028,1.13,1.69
2013.08.30 12:51:57.074,0.94013,0.94031,1.50,2.82
2013.08.30 12:51:57.194,0.94013,0.94033,2.44,1.69
2013.08.30 12:51:57.374,0.94014,0.94034,1.69,2.82
2013.08.30 12:51:57.494,0.94016,0.94035,1.69,1.69
2013.08.30 12:51:58.043,0.94017,0.94036,1.50,2.44
2013.08.30 12:51:58.164,0.94017,0.94034,1.50,2.07
2013.08.30 12:51:58.285,0.94016,0.94034,1.50,2.07
2013.08.30 12:51:58.824,0.94013,0.94031,1.69,1.69
2013.08.30 12:51:58.885,0.94013,0.94029,1.50,1.69
2013.08.30 12:51:59.426,0.94014,0.9403,1.50,1.50
2013.08.30 12:51:59.794,0.94013,0.94029,1.50,1.69
2013.08.30 12:52:01.034,0.94014,0.94029,1.50,1.88
2013.08.30 12:52:01.716,0.94015,0.94029,1.50,1.88
2013.08.30 12:52:01.913,0.94016,0.94034,1.69,2.25
2013.08.30 12:52:02.453,0.94017,0.94035,1.69,1.32
2013.08.30 12:52:03.355,0.94017,0.94035,1.50,1.32
2013.08.30 12:52:04.124,0.94015,0.94034,2.44,1.69
2013.08.30 12:52:05.674,0.94017,0.94035,1.69,2.07
2013.08.30 12:52:06.213,0.94016,0.94035,3.57,1.69
2013.08.30 12:52:06.514,0.94016,0.94034,2.07,1.69
2013.08.30 12:52:06.874,0.94011,0.94028,2.44,2.07
2013.08.30 12:52:07.175,0.94008,0.94026,1.69,1.69
2013.08.30 12:52:07.705,0.94007,0.94025,1.69,2.44
2013.08.30 12:52:09.154,0.94007,0.94024,2.44,1.69
2013.08.30 12:52:09.514,0.94003,0.94017,1.88,1.50
2013.08.30 12:52:09.635,0.94002,0.9402,2.44,2.07
2013.08.30 12:52:10.407,0.94002,0.9402,2.44,1.69
2013.08.30 12:52:11.824,0.94004,0.94022,1.69,1.32
2013.08.30 12:52:11.884,0.94004,0.94023,2.44,1.69
2013.08.30 12:52:12.884,0.94007,0.94024,1.50,1.32
2013.08.30 12:52:13.486,0.94007,0.94024,3.00,1.32
2013.08.30 12:52:14.324,0.94008,0.94024,1.69,1.32
2013.08.30 12:52:15.705,0.94007,0.94024,3.19,1.32
2013.08.30 12:52:17.566,0.94007,0.94024,2.44,1.32
2013.08.30 12:52:18.103,0.94005,0.94022,1.69,2.07
2013.08.30 12:52:21.554,0.94006,0.9402,1.69,1.50
2013.08.30 12:52:22.254,0.94004,0.94019,1.69,1.32
2013.08.30 12:52:22.674,0.94002,0.94019,1.69,1.69
2013.08.30 12:52:23.354,0.94003,0.94019,1.69,1.32
2013.08.30 12:52:23.964,0.94005,0.94019,2.44,1.13
2013.08.30 12:52:24.086,0.94008,0.94025,1.69,1.69
2013.08.30 12:52:24.383,0.9401,0.94029,3.19,1.69
2013.08.30 12:52:24.787,0.94014,0.9403,1.69,1.69
2013.08.30 12:52:26.623,0.94013,0.9403,2.44,1.69
2013.08.30 12:52:27.568,0.94013,0.94029,2.44,1.32
2013.08.30 12:52:27.649,0.94014,0.9403,3.19,1.32
2013.08.30 12:52:27.897,0.94016,0.94034,2.44,1.32
2013.08.30 12:52:28.016,0.94018,0.94035,1.69,1.32
2013.08.30 12:52:28.379,0.9402,0.94038,1.69,2.82
2013.08.30 12:52:28.446,0.94018,0.94036,1.69,1.32
2013.08.30 12:52:28.625,0.94019,0.94035,1.50,1.69
2013.08.30 12:52:28.994,0.94016,0.94034,2.44,1.32
2013.08.30 12:52:29.354,0.94016,0.94035,3.19,2.07
2013.08.30 12:52:29.894,0.94019,0.94038,1.69,1.32
2013.08.30 12:52:30.918,0.94019,0.94038,1.69,1.32
2013.08.30 12:52:32.724,0.94019,0.94038,1.69,1.32
2013.08.30 12:52:33.533,0.94021,0.94038,1.50,1.32
2013.08.30 12:52:37.157,0.94021,0.94039,1.69,1.69
2013.08.30 12:52:37.985,0.94021,0.9404,2.44,2.07
2013.08.30 12:52:38.513,0.94022,0.94041,3.19,3.57
2013.08.30 12:52:42.894,0.94023,0.94041,1.69,2.07
2013.08.30 12:52:45.196,0.94021,0.9404,3.19,2.44
2013.08.30 12:52:48.044,0.94021,0.9404,3.19,2.44
2013.08.30 12:52:50.463,0.94021,0.9404,2.44,1.69
2013.08.30 12:52:55.138,0.94022,0.94041,1.69,2.07
2013.08.30 12:52:56.897,0.94021,0.94036,1.69,1.32
2013.08.30 12:52:57.076,0.94017,0.94033,1.69,2.07
2013.08.30 12:52:57.315,0.94016,0.94031,2.44,1.13
2013.08.30 12:52:57.373,0.94014,0.94032,1.69,1.32
2013.08.30 12:52:57.914,0.94013,0.94029,1.69,1.13
2013.08.30 12:53:03.164,0.94014,0.94029,2.44,1.88
2013.08.30 12:53:03.224,0.94011,0.94028,2.44,1.69
2013.08.30 12:53:03.404,0.94011,0.94027,2.44,1.69
2013.08.30 12:53:03.465,0.94011,0.94031,3.19,2.29
2013.08.30 12:53:04.390,0.94012,0.9403,1.69,1.32
2013.08.30 12:53:05.105,0.94013,0.94032,2.44,2.44
2013.08.30 12:53:07.104,0.94014,0.94033,1.69,2.82
2013.08.30 12:53:07.354,0.94011,0.94031,4.50,2.44
2013.08.30 12:53:07.476,0.94013,0.94032,1.50,2.44
2013.08.30 12:53:07.534,0.94015,0.94032,1.50,1.69
2013.08.30 12:53:07.654,0.94018,0.94033,2.44,1.50
2013.08.30 12:53:07.774,0.94015,0.94032,2.44,1.69
2013.08.30 12:53:08.074,0.94017,0.94034,2.44,1.69
2013.08.30 12:53:08.134,0.94017,0.94034,2.44,1.69
2013.08.30 12:53:09.862,0.94017,0.94027,2.44,1.13
2013.08.30 12:53:09.930,0.94008,0.94027,1.69,2.82
2013.08.30 12:53:10.141,0.9401,0.94027,1.69,1.32
2013.08.30 12:53:10.454,0.94011,0.94029,3.19,2.44
2013.08.30 12:53:10.813,0.94013,0.94029,2.44,1.69
2013.08.30 12:53:15.397,0.94012,0.94029,2.44,1.32
2013.08.30 12:53:15.754,0.94008,0.94025,1.13,1.88
2013.08.30 12:53:16.212,0.94007,0.94023,2.63,1.13
2013.08.30 12:53:17.414,0.94007,0.94023,3.94,1.13
2013.08.30 12:53:18.654,0.94008,0.94023,2.44,1.13
2013.08.30 12:53:18.965,0.94008,0.94025,2.44,2.82
2013.08.30 12:53:19.206,0.94008,0.94023,3.19,1.13
2013.08.30 12:53:19.535,0.94008,0.9402,1.69,1.13
2013.08.30 12:53:19.894,0.94008,0.94024,1.69,1.32
2013.08.30 12:53:19.954,0.94009,0.94024,2.44,1.32
2013.08.30 12:53:20.493,0.9401,0.94025,2.44,1.32
2013.08.30 12:53:23.629,0.94009,0.94025,2.44,1.32
2013.08.30 12:53:24.289,0.94007,0.94024,2.44,1.32
2013.08.30 12:53:24.593,0.94007,0.94024,2.44,1.32
2013.08.30 12:53:26.558,0.94004,0.94021,1.50,2.07
2013.08.30 12:53:26.915,0.94007,0.94022,1.50,1.69
2013.08.30 12:53:27.455,0.94007,0.94023,1.50,2.07
2013.08.30 12:53:28.376,0.94006,0.94023,1.69,3.19
2013.08.30 12:53:29.525,0.94007,0.94023,3.19,2.44
2013.08.30 12:53:30.126,0.94008,0.94026,1.69,2.82
2013.08.30 12:53:30.186,0.9401,0.94026,1.69,2.07
2013.08.30 12:53:30.424,0.94007,0.94026,1.69,1.69
2013.08.30 12:53:30.724,0.94005,0.94024,3.19,2.07
2013.08.30 12:53:31.084,0.93999,0.94019,3.94,3.19
2013.08.30 12:53:31.447,0.94001,0.94018,1.69,1.69
2013.08.30 12:53:31.956,0.94002,0.94021,1.69,2.07
2013.08.30 12:53:32.134,0.93999,0.94018,3.94,1.69
2013.08.30 12:53:32.675,0.94,0.94018,2.44,1.13
2013.08.30 12:53:32.735,0.93998,0.94017,3.19,1.88
2013.08.30 12:53:32.854,0.93999,0.94018,2.44,1.69
2013.08.30 12:53:33.404,0.94001,0.94019,1.69,1.69
2013.08.30 12:53:34.284,0.94003,0.94021,1.69,1.50
2013.08.30 12:53:34.854,0.94002,0.94021,2.44,1.32
2013.08.30 12:53:35.394,0.94005,0.94022,2.44,1.50
2013.08.30 12:53:36.463,0.94005,0.94023,2.44,1.50
2013.08.30 12:53:36.917,0.94007,0.94026,2.44,2.82
2013.08.30 12:53:38.480,0.94008,0.94026,2.44,2.82
2013.08.30 12:53:38.745,0.94006,0.94023,2.44,1.69
2013.08.30 12:53:42.264,0.94007,0.94025,3.00,1.69
2013.08.30 12:53:43.643,0.94007,0.94026,2.44,2.07
2013.08.30 12:53:44.995,0.94007,0.94023,1.69,1.32
2013.08.30 12:53:45.508,0.94015,0.94028,1.69,1.13
2013.08.30 12:53:45.578,0.94015,0.94032,1.69,1.32
2013.08.30 12:53:45.966,0.94016,0.94032,2.44,1.13
2013.08.30 12:53:46.155,0.94017,0.94034,1.69,1.69
2013.08.30 12:53:46.214,0.94017,0.94034,1.69,2.44
2013.08.30 12:53:46.575,0.94024,0.94036,1.69,1.50
2013.08.30 12:53:46.694,0.94024,0.94043,1.69,2.44
2013.08.30 12:53:46.815,0.94025,0.94043,1.50,1.69
2013.08.30 12:53:46.936,0.94022,0.9404,3.19,1.69
2013.08.30 12:53:46.996,0.94021,0.9404,1.69,1.69
2013.08.30 12:53:47.554,0.94018,0.94037,2.07,2.44
2013.08.30 12:53:48.414,0.94019,0.94036,1.69,1.69
2013.08.30 12:53:51.026,0.9402,0.94037,1.69,1.69
2013.08.30 12:53:51.264,0.94018,0.94038,3.94,2.07
2013.08.30 12:53:51.554,0.94018,0.94038,1.69,2.07
2013.08.30 12:53:51.724,0.94018,0.94038,3.94,1.69
2013.08.30 12:53:52.034,0.94021,0.94039,2.44,2.44
2013.08.30 12:53:52.093,0.94021,0.94039,2.44,2.44
2013.08.30 12:53:52.156,0.94018,0.94039,2.44,2.44
2013.08.30 12:53:52.454,0.94021,0.94038,2.25,1.69
2013.08.30 12:53:52.634,0.94025,0.94041,1.50,1.32
2013.08.30 12:53:52.875,0.94022,0.94038,1.69,1.32
2013.08.30 12:53:53.054,0.9402,0.94038,2.44,2.07
2013.08.30 12:53:53.174,0.94018,0.94037,2.44,1.32
2013.08.30 12:53:53.714,0.94017,0.94036,2.44,2.07
2013.08.30 12:53:54.964,0.9402,0.94036,2.25,1.69
2013.08.30 12:53:56.033,0.94021,0.94039,2.25,1.69
2013.08.30 12:53:56.097,0.94023,0.9404,1.50,1.69
2013.08.30 12:53:57.404,0.94024,0.94041,1.69,1.32
2013.08.30 12:53:57.885,0.94025,0.94043,1.69,2.07
2013.08.30 12:53:58.006,0.94025,0.94042,1.69,1.32
2013.08.30 12:53:58.365,0.94027,0.94043,1.50,1.32
2013.08.30 12:53:58.426,0.94024,0.94043,1.50,1.69
2013.08.30 12:53:58.785,0.94027,0.94044,1.50,1.69
2013.08.30 12:53:58.844,0.94027,0.94044,1.50,1.69
2013.08.30 12:54:02.053,0.94028,0.94045,1.69,1.69
2013.08.30 12:54:03.444,0.94029,0.94048,1.69,1.69
2013.08.30 12:54:04.013,0.9403,0.94048,1.69,1.69
2013.08.30 12:54:07.957,0.94031,0.9405,1.50,2.07
2013.08.30 12:54:08.764,0.94031,0.94051,1.50,1.69
2013.08.30 12:54:09.884,0.94033,0.94052,1.69,2.07
2013.08.30 12:54:10.515,0.94034,0.94052,1.69,1.32
2013.08.30 12:54:11.578,0.94036,0.94054,1.69,2.07
2013.08.30 12:54:12.219,0.94037,0.94054,1.69,2.07
2013.08.30 12:54:13.504,0.94037,0.94054,1.69,1.32
2013.08.30 12:54:15.625,0.94038,0.94054,2.44,1.32
2013.08.30 12:54:16.327,0.94037,0.94054,1.69,2.07
2013.08.30 12:54:17.164,0.94037,0.94055,3.19,1.69
2013.08.30 12:54:17.345,0.94037,0.94053,1.69,1.69
2013.08.30 12:54:17.584,0.94038,0.94054,1.50,1.69
2013.08.30 12:54:17.736,0.9404,0.94054,1.50,1.69
2013.08.30 12:54:17.974,0.94037,0.94054,2.44,1.69
2013.08.30 12:54:18.945,0.94037,0.94054,1.69,2.07
2013.08.30 12:54:19.664,0.94036,0.94054,1.50,3.19
2013.08.30 12:54:20.345,0.94035,0.94054,1.69,3.38
2013.08.30 12:54:20.874,0.94035,0.94054,1.69,3.38
2013.08.30 12:54:21.594,0.94035,0.94054,2.44,1.88
2013.08.30 12:54:22.134,0.94032,0.94053,3.19,1.69
2013.08.30 12:54:23.694,0.94032,0.94053,3.19,1.69
2013.08.30 12:54:24.355,0.94032,0.94051,1.69,1.69
2013.08.30 12:54:24.713,0.94032,0.94049,2.44,1.69
2013.08.30 12:54:25.254,0.94031,0.94049,1.69,1.69
2013.08.30 12:54:26.514,0.94029,0.94048,1.69,1.69
2013.08.30 12:54:26.815,0.94026,0.94047,3.19,2.44
2013.08.30 12:54:27.174,0.94022,0.94042,2.44,2.44
2013.08.30 12:54:31.824,0.94023,0.94042,2.44,1.69
2013.08.30 12:54:32.345,0.94022,0.94042,2.44,1.69
2013.08.30 12:54:33.454,0.94022,0.94041,2.44,1.69
2013.08.30 12:54:33.634,0.94019,0.94037,1.69,1.69
2013.08.30 12:54:33.754,0.94018,0.94037,1.69,2.44
2013.08.30 12:54:33.814,0.94017,0.94037,1.69,2.44
2013.08.30 12:54:34.353,0.94017,0.94035,1.69,1.69
2013.08.30 12:54:34.904,0.94017,0.94037,1.69,2.44
2013.08.30 12:54:37.694,0.94017,0.94035,1.69,2.44
2013.08.30 12:54:37.994,0.94015,0.94034,1.69,1.69
2013.08.30 12:54:38.534,0.94014,0.94032,1.32,1.69
2013.08.30 12:54:40.261,0.94014,0.94032,2.44,1.69
2013.08.30 12:54:42.005,0.94013,0.94033,4.32,1.69
2013.08.30 12:54:43.696,0.94016,0.94033,1.69,1.69
2013.08.30 12:54:43.815,0.94018,0.94033,1.69,1.50
2013.08.30 12:54:44.333,0.94021,0.94039,1.69,1.69
2013.08.30 12:54:44.402,0.94021,0.9404,3.94,1.69
2013.08.30 12:54:45.334,0.94025,0.94043,1.69,2.44
2013.08.30 12:54:45.514,0.94025,0.9404,1.69,1.69
2013.08.30 12:54:46.054,0.94023,0.94037,2.44,1.50
2013.08.30 12:54:47.156,0.94024,0.94037,2.44,1.50
2013.08.30 12:54:47.534,0.94024,0.94042,2.44,1.69
2013.08.30 12:54:47.893,0.94024,0.9404,2.44,1.50
2013.08.30 12:54:47.953,0.94021,0.9404,3.19,1.69
2013.08.30 12:54:50.344,0.94021,0.94042,3.94,2.44
2013.08.30 12:54:50.464,0.94023,0.94042,2.44,1.69
2013.08.30 12:54:50.644,0.94025,0.94044,1.69,1.69
2013.08.30 12:54:50.764,0.94028,0.94046,1.69,1.69
2013.08.30 12:54:51.064,0.94035,0.94049,1.50,1.50
2013.08.30 12:54:51.651,0.94035,0.94053,1.50,2.07
2013.08.30 12:54:51.716,0.94034,0.94053,2.25,2.82
2013.08.30 12:54:52.665,0.94034,0.94053,2.44,2.82
2013.08.30 12:54:55.193,0.94033,0.94053,2.44,2.82
2013.08.30 12:54:55.854,0.94032,0.94051,2.44,2.82
2013.08.30 12:54:55.974,0.94031,0.94049,1.69,1.32
2013.08.30 12:54:56.094,0.94029,0.94048,1.69,2.44
2013.08.30 12:54:56.453,0.94027,0.94045,1.69,2.44
2013.08.30 12:54:58.434,0.94026,0.94044,1.69,2.44
2013.08.30 12:54:58.854,0.94025,0.94043,2.44,1.69
2013.08.30 12:54:59.035,0.94022,0.9404,3.19,1.69
2013.08.30 12:55:05.573,0.94022,0.94043,3.94,2.82
2013.08.30 12:55:05.634,0.94024,0.94043,2.44,1.69
2013.08.30 12:55:05.944,0.94027,0.94044,2.44,1.69
2013.08.30 12:55:07.356,0.9403,0.94047,2.44,1.50
2013.08.30 12:55:07.417,0.9403,0.94048,2.44,1.69
2013.08.30 12:55:07.595,0.94031,0.94048,1.69,2.82
2013.08.30 12:55:07.655,0.94027,0.94047,2.44,1.69
2013.08.30 12:55:07.965,0.94025,0.94043,1.88,2.44
2013.08.30 12:55:08.324,0.94019,0.94036,2.44,1.50
2013.08.30 12:55:08.915,0.94018,0.94035,2.44,2.44
2013.08.30 12:55:10.404,0.94021,0.94035,3.19,1.50
2013.08.30 12:55:10.525,0.94021,0.94039,3.19,2.44
2013.08.30 12:55:10.586,0.94022,0.94039,2.44,2.25
2013.08.30 12:55:10.885,0.9402,0.94039,1.69,1.69
2013.08.30 12:55:11.005,0.94018,0.94036,2.44,1.69
2013.08.30 12:55:12.374,0.94018,0.94032,2.44,1.50
2013.08.30 12:55:12.434,0.94014,0.94032,2.44,1.50
2013.08.30 12:55:13.414,0.94013,0.94032,3.19,2.82
2013.08.30 12:55:15.904,0.94015,0.94031,1.69,1.32
2013.08.30 12:55:16.894,0.94013,0.94032,2.44,2.07
2013.08.30 12:55:17.201,0.94016,0.94032,2.44,2.07
2013.08.30 12:55:17.774,0.94016,0.94032,2.44,2.44
2013.08.30 12:55:21.994,0.94017,0.94032,1.69,2.07
2013.08.30 12:55:24.132,0.94016,0.94032,1.69,2.07
2013.08.30 12:55:28.186,0.94017,0.94032,1.69,2.07
2013.08.30 12:55:29.356,0.94015,0.94032,1.69,2.07
2013.08.30 12:55:29.876,0.94017,0.94035,1.69,1.69
2013.08.30 12:55:30.537,0.94017,0.94035,1.69,1.69
2013.08.30 12:55:32.197,0.94016,0.94034,1.69,2.44
2013.08.30 12:55:34.175,0.94014,0.94034,1.69,2.63
2013.08.30 12:55:36.046,0.94013,0.94033,3.19,1.69
2013.08.30 12:55:36.224,0.94012,0.9403,2.44,1.32
2013.08.30 12:55:37.805,0.94012,0.94029,3.19,1.69
2013.08.30 12:55:39.025,0.94011,0.94029,1.69,1.69
2013.08.30 12:55:39.146,0.94012,0.94029,2.82,1.69
2013.08.30 12:55:39.504,0.94027,0.94038,1.13,1.69
2013.08.30 12:55:39.624,0.94027,0.94043,3.57,2.25
2013.08.30 12:55:39.684,0.94028,0.94043,1.32,1.50
2013.08.30 12:55:39.804,0.94028,0.94044,1.32,1.69
2013.08.30 12:55:40.134,0.94029,0.94047,1.32,2.07
2013.08.30 12:55:40.574,0.94025,0.94043,1.69,2.44
2013.08.30 12:55:41.107,0.94024,0.94041,2.44,1.69
2013.08.30 12:55:43.374,0.94023,0.94041,2.44,2.44
2013.08.30 12:55:43.940,0.94023,0.94038,2.44,2.44
2013.08.30 12:55:45.074,0.94023,0.94037,2.44,1.50
2013.08.30 12:55:45.194,0.94021,0.94037,2.44,1.69
2013.08.30 12:55:45.984,0.94019,0.94036,2.44,1.32
2013.08.30 12:55:46.564,0.94016,0.94034,3.94,1.32
2013.08.30 12:55:46.803,0.94016,0.94034,3.19,2.82
2013.08.30 12:55:47.362,0.94016,0.94034,3.19,3.57
2013.08.30 12:55:47.786,0.94014,0.94033,1.69,1.32
2013.08.30 12:55:47.905,0.94016,0.94034,1.69,2.82
2013.08.30 12:55:47.965,0.94016,0.94032,1.69,1.32
2013.08.30 12:55:48.324,0.94016,0.94032,1.69,1.32
2013.08.30 12:55:48.708,0.94015,0.94032,2.44,1.32
2013.08.30 12:55:49.234,0.94015,0.9403,2.44,1.13
2013.08.30 12:55:49.804,0.94014,0.9403,2.44,1.13
2013.08.30 12:55:50.376,0.94013,0.9403,2.44,1.32
2013.08.30 12:55:51.895,0.94013,0.9403,2.44,1.32
2013.08.30 12:55:52.188,0.94013,0.9403,2.44,1.32
2013.08.30 12:55:52.734,0.94013,0.9403,2.44,1.32
2013.08.30 12:55:53.366,0.94013,0.9403,2.44,1.32
2013.08.30 12:55:54.295,0.94015,0.94032,2.44,1.69
2013.08.30 12:55:54.596,0.94022,0.94037,2.25,1.13
2013.08.30 12:55:54.655,0.94022,0.94039,2.25,1.88
2013.08.30 12:55:54.896,0.94023,0.94039,1.50,1.13
2013.08.30 12:55:55.075,0.94024,0.94041,2.25,1.50
2013.08.30 12:55:55.134,0.94024,0.94041,1.50,1.50
2013.08.30 12:55:55.194,0.94024,0.94041,1.50,1.50
2013.08.30 12:55:55.554,0.94024,0.94041,2.25,1.50
2013.08.30 12:55:56.830,0.94026,0.94041,1.69,1.69
2013.08.30 12:55:58.237,0.94026,0.94041,1.69,1.50
2013.08.30 12:56:00.141,0.94026,0.94041,1.69,1.69
2013.08.30 12:56:01.598,0.94026,0.94043,1.69,2.44
2013.08.30 12:56:01.658,0.94028,0.94044,1.69,1.69
2013.08.30 12:56:01.774,0.94029,0.94046,2.44,1.32
2013.08.30 12:56:01.954,0.94034,0.94049,2.25,2.07
2013.08.30 12:56:02.535,0.94034,0.94051,2.25,1.32
2013.08.30 12:56:03.775,0.94034,0.94051,2.44,1.32
2013.08.30 12:56:07.176,0.94034,0.94052,2.44,2.82
2013.08.30 12:56:10.089,0.94034,0.94053,2.44,1.32
2013.08.30 12:56:13.154,0.94036,0.94054,1.74,3.57
2013.08.30 12:56:13.215,0.94045,0.94054,2.25,2.07
2013.08.30 12:56:13.276,0.94045,0.94057,1.50,2.25
2013.08.30 12:56:13.516,0.9407,0.94078,1.50,1.50
2013.08.30 12:56:13.635,0.94071,0.94086,1.69,1.50
2013.08.30 12:56:13.755,0.94074,0.94095,1.69,2.44
2013.08.30 12:56:13.875,0.94074,0.94095,5.07,2.44
2013.08.30 12:56:13.935,0.94082,0.94103,1.50,1.69
2013.08.30 12:56:14.055,0.94078,0.94098,2.44,1.69
2013.08.30 12:56:14.174,0.94077,0.94098,1.69,1.69
2013.08.30 12:56:14.474,0.94075,0.94097,1.69,3.19
2013.08.30 12:56:15.014,0.94075,0.94097,1.69,3.19
2013.08.30 12:56:16.135,0.94073,0.94095,1.69,2.44
2013.08.30 12:56:18.764,0.94072,0.94094,1.69,1.69
2013.08.30 12:56:18.884,0.94081,0.94098,1.13,1.69
2013.08.30 12:56:19.005,0.94081,0.94099,1.32,1.69
2013.08.30 12:56:19.126,0.94083,0.94103,1.13,3.23
2013.08.30 12:56:19.684,0.94082,0.94103,1.69,2.07
2013.08.30 12:56:21.595,0.94084,0.94103,1.69,2.07
2013.08.30 12:56:22.134,0.94082,0.94102,1.69,1.32
2013.08.30 12:56:22.194,0.94079,0.94098,2.07,1.69
2013.08.30 12:56:22.648,0.94075,0.94095,3.38,2.07
2013.08.30 12:56:22.720,0.94073,0.94094,1.69,2.44
2013.08.30 12:56:23.207,0.94072,0.94091,2.07,1.69
2013.08.30 12:56:23.504,0.94072,0.94088,2.07,2.25
2013.08.30 12:56:23.695,0.94072,0.94088,2.07,1.50
2013.08.30 12:56:24.625,0.94074,0.9409,1.32,1.69
2013.08.30 12:56:24.984,0.94076,0.94091,1.69,1.50
2013.08.30 12:56:25.044,0.94077,0.94096,1.69,2.85
2013.08.30 12:56:25.404,0.94077,0.94092,1.69,1.50
2013.08.30 12:56:26.054,0.94077,0.94093,1.69,1.50
2013.08.30 12:56:26.384,0.94078,0.94094,1.69,1.69
2013.08.30 12:56:26.565,0.94079,0.94095,1.69,1.50
2013.08.30 12:56:26.935,0.94079,0.94095,1.69,1.50
2013.08.30 12:56:27.484,0.94076,0.94092,1.69,1.50
2013.08.30 12:56:28.084,0.94074,0.94091,2.44,1.50
2013.08.30 12:56:28.144,0.94073,0.94091,2.07,1.69
2013.08.30 12:56:28.264,0.94072,0.9409,2.44,1.69
2013.08.30 12:56:28.324,0.94072,0.94091,1.69,2.44
2013.08.30 12:56:28.504,0.94075,0.94093,1.69,1.13
2013.08.30 12:56:29.014,0.94076,0.94097,2.44,2.44
2013.08.30 12:56:31.873,0.94076,0.94093,1.69,1.69
2013.08.30 12:56:38.914,0.94076,0.94093,1.69,1.69
2013.08.30 12:56:39.636,0.94075,0.94093,1.69,2.44
2013.08.30 12:56:40.514,0.94071,0.9409,1.32,1.69
2013.08.30 12:56:40.634,0.94068,0.9408,1.13,1.50
2013.08.30 12:56:40.695,0.94067,0.94079,1.69,1.35
2013.08.30 12:56:40.755,0.94061,0.94078,1.69,1.73
2013.08.30 12:56:40.815,0.9406,0.94078,2.44,1.13
2013.08.30 12:56:40.874,0.9406,0.94078,1.69,1.13
2013.08.30 12:56:41.175,0.94064,0.9408,1.32,1.69
2013.08.30 12:56:43.395,0.94064,0.9408,1.69,1.69
2013.08.30 12:56:43.934,0.94061,0.94077,1.32,2.44
2013.08.30 12:56:44.474,0.94061,0.94077,2.07,1.69
2013.08.30 12:56:47.854,0.94061,0.94077,1.32,1.69
2013.08.30 12:56:52.904,0.9406,0.94076,1.32,2.44
2013.08.30 12:56:53.463,0.9406,0.94073,1.32,1.50
2013.08.30 12:56:53.974,0.9406,0.94073,1.32,1.50
2013.08.30 12:56:54.334,0.94056,0.94071,1.69,1.50
2013.08.30 12:56:54.394,0.94052,0.9407,1.32,2.44
2013.08.30 12:56:54.514,0.94051,0.94069,2.07,3.19
2013.08.30 12:56:54.826,0.94051,0.94065,1.32,1.69
2013.08.30 12:56:55.135,0.9405,0.94066,1.32,1.69
2013.08.30 12:56:55.635,0.94056,0.94069,1.13,1.69
2013.08.30 12:56:56.156,0.94056,0.94067,1.13,1.50
2013.08.30 12:57:00.296,0.94047,0.94065,2.44,1.69
2013.08.30 12:57:00.355,0.94047,0.94064,1.69,1.69
2013.08.30 12:57:00.535,0.94044,0.94061,2.07,1.69
2013.08.30 12:57:00.895,0.94042,0.94059,2.07,1.69
2013.08.30 12:57:01.429,0.94042,0.94057,2.07,1.50
2013.08.30 12:57:01.494,0.94042,0.94059,2.07,1.69
2013.08.30 12:57:01.617,0.94042,0.94058,2.07,1.50
2013.08.30 12:57:05.203,0.94042,0.94057,1.32,1.69
2013.08.30 12:57:06.210,0.94042,0.94058,1.32,1.69
2013.08.30 12:57:08.551,0.94042,0.94058,1.32,1.69
2013.08.30 12:57:08.732,0.94041,0.94058,1.32,2.44
2013.08.30 12:57:09.144,0.94037,0.94054,3.19,1.13
2013.08.30 12:57:09.264,0.94033,0.9405,1.50,2.07
2013.08.30 12:57:09.384,0.94029,0.94043,1.69,1.13
2013.08.30 12:57:09.504,0.94027,0.94038,1.88,2.82
2013.08.30 12:57:09.743,0.94016,0.94033,1.69,1.50
2013.08.30 12:57:10.299,0.94017,0.94035,1.69,1.69
2013.08.30 12:57:11.093,0.94017,0.94031,1.69,2.10
2013.08.30 12:57:11.213,0.94015,0.94028,1.32,1.35
2013.08.30 12:57:11.333,0.94013,0.94028,1.69,1.50
2013.08.30 12:57:11.394,0.94016,0.94032,1.32,1.50
2013.08.30 12:57:11.514,0.94016,0.94036,2.07,1.69
2013.08.30 12:57:11.636,0.94018,0.94038,1.69,1.50
2013.08.30 12:57:12.533,0.94018,0.94038,1.32,1.88
2013.08.30 12:57:13.155,0.94016,0.94034,2.07,1.13
2013.08.30 12:57:13.556,0.94017,0.94033,1.13,3.19
2013.08.30 12:57:13.625,0.94014,0.94033,1.13,2.44
2013.08.30 12:57:13.685,0.94014,0.94034,2.07,1.69
2013.08.30 12:57:13.864,0.94016,0.94035,1.32,1.13
2013.08.30 12:57:13.983,0.9402,0.94038,1.69,1.88
2013.08.30 12:57:14.043,0.94022,0.94038,1.69,1.13
2013.08.30 12:57:14.223,0.94022,0.94038,1.69,1.13
2013.08.30 12:57:14.642,0.94017,0.94037,1.69,1.13
2013.08.30 12:57:15.273,0.94017,0.94037,1.69,1.13
2013.08.30 12:57:16.073,0.94015,0.94034,1.69,1.88
2013.08.30 12:57:16.434,0.9402,0.94041,1.69,1.13
2013.08.30 12:57:16.795,0.94023,0.94043,1.69,1.50
2013.08.30 12:57:16.856,0.94021,0.94043,1.69,1.69
2013.08.30 12:57:17.034,0.94023,0.94041,1.69,1.69
2013.08.30 12:57:17.153,0.94022,0.94041,1.69,1.69
2013.08.30 12:57:17.394,0.94022,0.94039,1.69,1.50
2013.08.30 12:57:18.561,0.94023,0.94039,1.69,1.50
2013.08.30 12:57:21.010,0.94021,0.94039,1.69,2.44
2013.08.30 12:57:22.420,0.9402,0.94039,1.69,2.44
2013.08.30 12:57:22.912,0.9402,0.94037,1.69,1.69
2013.08.30 12:57:29.848,0.94019,0.94038,1.69,1.69
2013.08.30 12:57:30.303,0.94022,0.94039,2.44,1.50
2013.08.30 12:57:30.543,0.94027,0.94045,1.32,1.69
2013.08.30 12:57:30.603,0.94028,0.94046,1.69,2.44
2013.08.30 12:57:31.353,0.94027,0.94044,1.32,1.69
2013.08.30 12:57:31.413,0.94026,0.94044,1.69,2.44
2013.08.30 12:57:31.473,0.94024,0.94042,2.44,1.69
2013.08.30 12:57:32.654,0.94024,0.9404,1.69,1.69
2013.08.30 12:57:32.713,0.94024,0.94039,1.69,1.50
2013.08.30 12:57:33.642,0.94023,0.94039,1.69,1.50
2013.08.30 12:57:36.432,0.94021,0.94039,1.69,1.50
2013.08.30 12:57:36.874,0.94018,0.94035,1.32,1.50
2013.08.30 12:57:36.937,0.94016,0.94034,1.69,1.69
2013.08.30 12:57:37.632,0.94016,0.94033,1.69,1.69
2013.08.30 12:57:40.855,0.94016,0.94034,1.69,2.44
2013.08.30 12:57:41.034,0.94017,0.94036,2.44,2.44
2013.08.30 12:57:41.274,0.94022,0.94038,1.69,1.50
2013.08.30 12:57:43.746,0.94022,0.9404,2.44,1.69
2013.08.30 12:57:48.742,0.94024,0.9404,1.69,1.69
2013.08.30 12:57:50.530,0.94024,0.94039,1.69,1.54
2013.08.30 12:57:50.832,0.9402,0.94038,1.69,1.54
2013.08.30 12:57:50.893,0.94021,0.9404,1.69,2.07
2013.08.30 12:57:51.013,0.94023,0.94038,1.69,1.50
2013.08.30 12:57:51.132,0.94023,0.94039,1.69,1.50
2013.08.30 12:57:51.655,0.94023,0.94041,1.69,1.69
2013.08.30 12:57:52.554,0.94024,0.94041,1.69,1.69
2013.08.30 12:57:53.104,0.94027,0.94041,1.32,1.50
2013.08.30 12:57:53.162,0.94027,0.94041,1.32,1.50
2013.08.30 12:57:53.224,0.94032,0.94043,1.69,1.50
2013.08.30 12:57:53.283,0.94032,0.94047,1.69,1.69
2013.08.30 12:57:53.343,0.94032,0.94048,1.69,1.69
2013.08.30 12:57:55.563,0.94031,0.94048,1.69,1.69
2013.08.30 12:57:56.162,0.94028,0.94048,3.57,1.69
2013.08.30 12:57:57.285,0.94028,0.94047,3.57,1.69
2013.08.30 12:57:57.523,0.94027,0.94046,1.69,1.69
2013.08.30 12:57:57.643,0.94029,0.94046,1.69,1.69
2013.08.30 12:57:58.185,0.94031,0.94045,1.69,1.50
2013.08.30 12:57:58.304,0.94031,0.9405,1.69,2.82
2013.08.30 12:58:02.624,0.94031,0.94051,2.44,1.69
2013.08.30 12:58:03.751,0.94031,0.94051,2.44,1.69
2013.08.30 12:58:06.892,0.94032,0.94053,1.69,1.32
2013.08.30 12:58:08.050,0.94032,0.94053,1.69,1.69
2013.08.30 12:58:08.592,0.94032,0.94051,1.69,1.69
2013.08.30 12:58:09.532,0.94031,0.94049,3.19,1.69
2013.08.30 12:58:09.953,0.94035,0.94052,1.69,1.32
2013.08.30 12:58:10.013,0.94037,0.94053,1.69,1.69
2013.08.30 12:58:10.133,0.94037,0.94054,1.69,1.69
2013.08.30 12:58:10.493,0.94039,0.94057,1.69,2.44
2013.08.30 12:58:10.613,0.94037,0.94054,3.19,1.69
2013.08.30 12:58:10.673,0.94037,0.94053,3.19,1.32
2013.08.30 12:58:10.793,0.94036,0.94049,1.50,1.32
2013.08.30 12:58:10.913,0.94033,0.94048,2.44,1.32
2013.08.30 12:58:11.033,0.94033,0.94048,2.44,1.32
2013.08.30 12:58:13.015,0.94032,0.94048,1.69,1.32
2013.08.30 12:58:13.135,0.94031,0.94046,1.50,1.32
2013.08.30 12:58:15.103,0.94026,0.94044,1.13,2.07
2013.08.30 12:58:15.162,0.94025,0.94042,1.88,1.69
2013.08.30 12:58:15.583,0.94025,0.94043,2.44,1.32
2013.08.30 12:58:15.765,0.94026,0.94044,1.69,1.32
2013.08.30 12:58:18.345,0.94028,0.94044,1.69,1.32
2013.08.30 12:58:18.403,0.94028,0.94044,1.69,1.32
2013.08.30 12:58:20.682,0.94028,0.94044,1.69,1.32
2013.08.30 12:58:23.115,0.94029,0.94044,1.69,1.32
2013.08.30 12:58:23.173,0.94026,0.94044,1.88,2.82
2013.08.30 12:58:23.414,0.94026,0.94044,2.63,2.07
2013.08.30 12:58:23.617,0.94026,0.94044,2.63,2.07
2013.08.30 12:58:24.094,0.94026,0.94044,2.63,2.82
2013.08.30 12:58:24.423,0.94026,0.94042,1.69,1.02
2013.08.30 12:58:24.483,0.94025,0.94042,1.69,4.77
2013.08.30 12:58:24.843,0.94021,0.94039,1.69,1.32
2013.08.30 12:58:28.094,0.94022,0.94039,1.69,2.29
2013.08.30 12:58:28.153,0.94022,0.94039,1.50,2.29
2013.08.30 12:58:28.394,0.94021,0.94039,1.69,2.07
2013.08.30 12:58:28.574,0.94022,0.9404,2.44,2.44
2013.08.30 12:58:29.116,0.94026,0.94043,1.32,1.88
2013.08.30 12:58:29.474,0.94026,0.94046,1.69,2.44
2013.08.30 12:58:29.595,0.94027,0.94046,1.69,2.44
2013.08.30 12:58:30.325,0.94027,0.94037,1.50,1.69
2013.08.30 12:58:30.418,0.94021,0.94037,2.25,1.69
2013.08.30 12:58:30.484,0.94017,0.94037,3.19,1.69
2013.08.30 12:58:30.733,0.94019,0.94036,1.69,1.69
2013.08.30 12:58:33.643,0.94017,0.94035,3.94,1.69
2013.08.30 12:58:34.231,0.94017,0.94036,4.69,1.32
2013.08.30 12:58:34.996,0.94018,0.94038,2.07,2.44
2013.08.30 12:58:35.054,0.9402,0.94038,1.69,1.69
2013.08.30 12:58:35.235,0.94022,0.94041,4.69,1.32
2013.08.30 12:58:35.782,0.94026,0.94041,1.69,1.32
2013.08.30 12:58:36.183,0.94025,0.94039,1.69,1.13
2013.08.30 12:58:36.503,0.94023,0.94038,3.94,1.32
2013.08.30 12:58:36.863,0.94022,0.94032,1.50,2.07
2013.08.30 12:58:36.985,0.94022,0.94034,1.50,2.82
2013.08.30 12:58:37.199,0.94017,0.94034,1.69,1.32
2013.08.30 12:58:37.266,0.94017,0.94034,1.69,1.32
2013.08.30 12:58:37.503,0.9402,0.94037,1.69,2.25
2013.08.30 12:58:37.742,0.94018,0.94033,1.50,1.32
2013.08.30 12:58:37.920,0.94015,0.94033,1.69,1.32
2013.08.30 12:58:38.133,0.94016,0.94033,1.69,1.32
2013.08.30 12:58:38.494,0.94015,0.94033,1.69,1.32
2013.08.30 12:58:38.674,0.94018,0.94033,1.50,1.32
2013.08.30 12:58:39.033,0.94014,0.94034,2.44,1.32
2013.08.30 12:58:39.212,0.94015,0.94034,1.69,1.32
2013.08.30 12:58:39.572,0.94014,0.94033,1.69,2.07
2013.08.30 12:58:39.692,0.94014,0.94033,1.69,2.07
2013.08.30 12:58:39.862,0.94014,0.94033,1.69,2.07
2013.08.30 12:58:39.927,0.94014,0.94033,1.69,2.82
2013.08.30 12:58:40.463,0.94012,0.94031,1.69,1.69
2013.08.30 12:58:41.004,0.94013,0.9403,3.19,2.07
2013.08.30 12:58:41.384,0.94013,0.9403,2.44,2.07
2013.08.30 12:58:41.624,0.94009,0.94023,1.69,1.13
2013.08.30 12:58:41.685,0.94007,0.94023,1.69,1.69
2013.08.30 12:58:42.523,0.94007,0.94024,2.44,1.32
2013.08.30 12:58:42.702,0.94007,0.94027,3.19,1.32
2013.08.30 12:58:43.063,0.94009,0.94026,1.69,1.32
2013.08.30 12:58:43.123,0.94007,0.94023,2.44,2.07
2013.08.30 12:58:43.746,0.94001,0.94015,1.69,1.13
2013.08.30 12:58:43.815,0.94001,0.94019,2.44,1.32
2013.08.30 12:58:44.323,0.94001,0.94019,2.44,2.07
2013.08.30 12:58:44.643,0.94001,0.94019,2.44,2.07
2013.08.30 12:58:45.629,0.94001,0.94019,2.44,2.07
2013.08.30 12:58:45.954,0.94001,0.94019,2.44,2.07
2013.08.30 12:58:46.072,0.94001,0.94019,2.44,2.07
2013.08.30 12:58:46.323,0.94001,0.94019,2.44,2.07
2013.08.30 12:58:46.855,0.94001,0.94019,2.44,2.82
2013.08.30 12:58:47.372,0.94001,0.94019,2.44,2.82
2013.08.30 12:58:48.223,0.94001,0.94019,2.44,2.82
2013.08.30 12:58:48.828,0.94001,0.94019,2.44,2.07
2013.08.30 12:58:49.093,0.94001,0.94019,2.44,2.07
2013.08.30 12:58:49.533,0.94002,0.94019,1.69,1.32
2013.08.30 12:58:49.714,0.94003,0.94022,1.69,2.07
2013.08.30 12:58:49.893,0.94003,0.9402,2.44,1.32
2013.08.30 12:58:50.252,0.94,0.94015,1.69,1.13
2013.08.30 12:58:51.204,0.94001,0.94019,2.07,1.50
2013.08.30 12:58:51.264,0.94003,0.9402,1.69,1.88
2013.08.30 12:58:51.623,0.94002,0.94018,1.69,1.13
2013.08.30 12:58:54.973,0.94,0.94016,1.69,1.32
2013.08.30 12:58:55.512,0.94,0.94013,1.69,1.13
2013.08.30 12:58:56.052,0.94,0.94013,1.69,1.13
2013.08.30 12:58:56.542,0.94001,0.9402,1.69,2.44
2013.08.30 12:58:57.083,0.94004,0.94022,1.69,1.69
2013.08.30 12:58:58.052,0.94003,0.94023,3.94,3.57
2013.08.30 12:58:58.383,0.94003,0.9402,2.44,1.32
2013.08.30 12:58:58.743,0.93997,0.94014,3.19,1.50
2013.08.30 12:58:58.804,0.93997,0.94014,1.69,1.69
2013.08.30 12:58:59.285,0.93996,0.94015,2.44,2.07
2013.08.30 12:59:01.103,0.93995,0.94013,1.69,1.69
2013.08.30 12:59:01.342,0.93995,0.94014,1.69,1.69
2013.08.30 12:59:01.524,0.93997,0.94016,1.69,2.44
2013.08.30 12:59:02.198,0.93996,0.94015,2.44,1.69
2013.08.30 12:59:02.824,0.93998,0.94016,1.69,1.69
2013.08.30 12:59:06.375,0.93999,0.94016,2.44,1.69
2013.08.30 12:59:06.433,0.93997,0.94014,1.69,1.69
2013.08.30 12:59:06.553,0.93995,0.94012,1.69,1.69
2013.08.30 12:59:06.613,0.93993,0.94012,2.44,1.69
2013.08.30 12:59:08.233,0.93991,0.94011,2.82,2.44
2013.08.30 12:59:11.683,0.93994,0.94009,1.69,1.69
2013.08.30 12:59:11.803,0.93995,0.94012,1.69,1.69
2013.08.30 12:59:11.923,0.93995,0.94014,2.44,1.69
2013.08.30 12:59:12.043,0.93998,0.94016,1.69,1.69
2013.08.30 12:59:12.703,0.93997,0.94016,1.69,2.44
2013.08.30 12:59:13.004,0.93996,0.94016,1.69,2.44
2013.08.30 12:59:13.183,0.93996,0.94015,1.69,1.69
2013.08.30 12:59:13.543,0.93993,0.94012,2.82,1.69
2013.08.30 12:59:14.104,0.93993,0.9401,2.07,1.69
2013.08.30 12:59:14.406,0.93997,0.94016,3.19,1.69
2013.08.30 12:59:14.464,0.93997,0.94017,3.19,2.44
2013.08.30 12:59:18.626,0.93998,0.94019,2.44,4.69
2013.08.30 12:59:19.403,0.94,0.94019,2.44,1.69
2013.08.30 12:59:20.013,0.94001,0.9402,1.69,1.69
2013.08.30 12:59:20.313,0.94,0.9402,1.69,3.19
2013.08.30 12:59:20.673,0.93998,0.94015,1.69,1.69
2013.08.30 12:59:21.224,0.93996,0.94015,1.69,1.69
2013.08.30 12:59:21.657,0.93996,0.94014,1.69,1.69
2013.08.30 12:59:22.182,0.93993,0.9401,1.32,1.69
2013.08.30 12:59:23.234,0.93993,0.9401,1.32,1.69
2013.08.30 12:59:26.124,0.93993,0.9401,1.69,2.07
2013.08.30 12:59:26.543,0.93987,0.94008,2.44,3.19
2013.08.30 12:59:27.113,0.93989,0.94008,1.69,1.69
2013.08.30 12:59:27.173,0.93991,0.94008,1.50,1.69
2013.08.30 12:59:27.293,0.93989,0.94008,1.69,1.69
2013.08.30 12:59:27.413,0.93995,0.94007,1.50,1.69
2013.08.30 12:59:27.533,0.93993,0.94007,1.50,1.69
2013.08.30 12:59:27.655,0.93996,0.94007,1.50,1.69
2013.08.30 12:59:27.777,0.93994,0.94007,1.50,1.69
2013.08.30 12:59:27.972,0.93997,0.94007,1.50,1.69
2013.08.30 12:59:31.842,0.93994,0.94006,1.50,1.69
2013.08.30 12:59:31.963,0.93991,0.94006,1.69,1.69
2013.08.30 12:59:32.323,0.93989,0.94005,1.69,1.69
2013.08.30 12:59:33.782,0.93989,0.94006,2.44,1.69
2013.08.30 12:59:34.024,0.93992,0.94011,1.69,1.69
2013.08.30 12:59:34.143,0.93994,0.94013,2.07,1.69
2013.08.30 12:59:34.203,0.93996,0.94014,1.69,2.07
2013.08.30 12:59:34.803,0.93998,0.94015,1.69,1.32
2013.08.30 12:59:34.923,0.93997,0.94013,1.69,1.32
2013.08.30 12:59:35.425,0.93994,0.94013,1.69,1.32
2013.08.30 12:59:36.573,0.93995,0.94013,1.69,2.07
2013.08.30 12:59:37.586,0.93995,0.94013,1.69,2.07
2013.08.30 12:59:37.646,0.93994,0.94013,1.69,2.07
2013.08.30 12:59:38.123,0.93996,0.94013,1.69,1.32
2013.08.30 12:59:38.624,0.93995,0.9401,1.69,1.32
2013.08.30 12:59:41.483,0.93993,0.94012,1.69,2.44
2013.08.30 12:59:44.403,0.93994,0.94013,1.69,2.07
2013.08.30 12:59:44.463,0.93994,0.94013,1.69,1.32
2013.08.30 12:59:44.582,0.93994,0.94013,1.69,2.07
2013.08.30 12:59:45.123,0.93992,0.9401,1.69,1.69
2013.08.30 12:59:45.873,0.93992,0.94011,1.69,2.07
2013.08.30 12:59:45.933,0.93992,0.94011,1.69,1.69
2013.08.30 12:59:47.393,0.93994,0.94013,1.69,2.44
2013.08.30 12:59:47.753,0.94,0.94017,1.69,1.69
2013.08.30 12:59:48.112,0.94001,0.94019,1.69,2.44
2013.08.30 12:59:48.933,0.94002,0.94021,1.69,1.69
2013.08.30 12:59:49.113,0.94002,0.94021,3.19,2.44
2013.08.30 12:59:49.622,0.94003,0.94022,1.69,2.44
2013.08.30 12:59:51.243,0.94006,0.94024,1.69,2.44
2013.08.30 12:59:51.423,0.94009,0.94029,1.69,1.32
2013.08.30 12:59:51.783,0.94007,0.94023,1.69,1.69
2013.08.30 12:59:51.844,0.94004,0.94023,1.92,2.44
2013.08.30 12:59:52.393,0.94004,0.94023,1.69,3.19
2013.08.30 12:59:52.933,0.94002,0.94023,2.44,3.19
2013.08.30 12:59:53.594,0.94002,0.94021,1.69,1.69
2013.08.30 12:59:53.953,0.94001,0.94019,1.69,1.69
2013.08.30 12:59:55.563,0.94001,0.9402,1.69,2.44
2013.08.30 12:59:55.683,0.94002,0.94021,2.44,2.44
2013.08.30 12:59:55.743,0.94003,0.94023,1.69,2.82
2013.08.30 12:59:55.863,0.94008,0.94024,1.13,2.82
2013.08.30 12:59:55.984,0.94009,0.94024,2.07,1.50
2013.08.30 12:59:56.103,0.94012,0.94029,1.69,1.32
2013.08.30 12:59:56.343,0.94014,0.94032,1.32,2.44
2013.08.30 12:59:56.584,0.94015,0.94033,1.32,1.50
2013.08.30 12:59:57.064,0.94014,0.94035,3.19,2.07
2013.08.30 12:59:57.313,0.94023,0.94039,1.50,1.88
2013.08.30 12:59:57.552,0.94024,0.94042,1.13,2.82
2013.08.30 12:59:58.435,0.94025,0.94042,1.50,1.32
2013.08.30 12:59:59.173,0.94028,0.94042,1.13,2.07
2013.08.30 12:59:59.483,0.94028,0.94046,1.13,1.32
2013.08.30 12:59:59.845,0.94027,0.94044,1.13,1.32
