2011.12.22 06:00:00.280,1.03554,1.03591,2.25,1.50
2011.12.22 06:00:00.894,1.03562,1.03594,1.50,1.50
2011.12.22 06:00:01.423,1.03559,1.03596,1.50,2.85
2011.12.22 06:00:01.801,1.03552,1.03591,3.00,2.25
2011.12.22 06:00:02.322,1.03552,1.03591,3.00,1.50
2011.12.22 06:00:02.702,1.03565,1.03594,1.50,1.50
2011.12.22 06:00:02.771,1.03565,1.03596,1.50,1.35
2011.12.22 06:00:03.745,1.03565,1.03596,1.50,1.35
2011.12.22 06:00:03.821,1.03561,1.03596,1.50,2.10
2011.12.22 06:00:03.892,1.03552,1.0359,2.25,1.50
2011.12.22 06:00:04.079,1.03548,1.03587,1.50,2.25
2011.12.22 06:00:04.151,1.03548,1.03587,1.50,2.25
2011.12.22 06:00:04.222,1.03543,1.0358,1.50,2.25
2011.12.22 06:00:04.711,1.03546,1.03581,1.50,1.50
2011.12.22 06:00:05.023,1.03547,1.03586,1.80,2.25
2011.12.22 06:00:05.363,1.03547,1.03586,2.55,2.25
2011.12.22 06:00:05.434,1.03547,1.03586,1.65,2.25
2011.12.22 06:00:06.322,1.03543,1.03579,2.25,1.50
2011.12.22 06:00:06.440,1.03543,1.0358,2.25,2.25
2011.12.22 06:00:06.570,1.03546,1.03585,2.25,2.25
2011.12.22 06:00:06.641,1.03552,1.03591,1.50,2.25
2011.12.22 06:00:06.770,1.03547,1.03586,1.50,2.25
2011.12.22 06:00:07.299,1.03544,1.03579,1.05,3.00
2011.12.22 06:00:08.222,1.0355,1.03587,1.50,2.40
2011.12.22 06:00:08.292,1.0355,1.03578,1.50,1.50
2011.12.22 06:00:08.362,1.03544,1.03578,2.25,1.50
2011.12.22 06:00:08.491,1.03541,1.03578,2.25,3.00
2011.12.22 06:00:09.324,1.03547,1.03578,1.05,1.50
2011.12.22 06:00:09.397,1.03547,1.03584,1.05,2.25
2011.12.22 06:00:09.760,1.03543,1.0358,1.35,1.50
2011.12.22 06:00:10.071,1.0355,1.03585,1.50,2.25
2011.12.22 06:00:10.524,1.03554,1.03591,1.50,2.25
2011.12.22 06:00:10.953,1.03554,1.03585,1.50,1.20
2011.12.22 06:00:11.202,1.03552,1.03585,1.50,1.20
2011.12.22 06:00:11.389,1.03552,1.03588,2.25,1.20
2011.12.22 06:00:12.332,1.03553,1.03592,2.25,1.95
2011.12.22 06:00:12.752,1.03553,1.03585,1.50,1.20
2011.12.22 06:00:13.324,1.03553,1.03588,2.25,1.95
2011.12.22 06:00:13.870,1.03558,1.03588,1.50,1.20
2011.12.22 06:00:14.182,1.03552,1.03585,1.35,1.20
2011.12.22 06:00:14.250,1.03552,1.03585,1.05,1.20
2011.12.22 06:00:14.796,1.0355,1.03585,2.25,1.20
2011.12.22 06:00:14.919,1.0355,1.03589,2.25,2.70
2011.12.22 06:00:15.170,1.0355,1.03585,2.25,1.20
2011.12.22 06:00:15.753,1.0355,1.03588,2.25,1.20
2011.12.22 06:00:16.060,1.03564,1.03594,1.50,1.20
2011.12.22 06:00:16.141,1.03558,1.03594,2.40,1.20
2011.12.22 06:00:16.429,1.03558,1.03588,1.65,1.20
2011.12.22 06:00:16.901,1.03558,1.03593,2.40,1.20
2011.12.22 06:00:17.089,1.03558,1.03588,1.65,1.20
2011.12.22 06:00:17.221,1.03557,1.0359,1.05,1.95
2011.12.22 06:00:17.409,1.03553,1.03589,3.00,1.95
2011.12.22 06:00:17.723,1.03553,1.03589,3.00,1.20
2011.12.22 06:00:20.903,1.03561,1.03593,3.00,1.20
2011.12.22 06:00:21.005,1.03561,1.03595,3.00,1.84
2011.12.22 06:00:23.772,1.03567,1.03595,1.50,1.84
2011.12.22 06:00:23.901,1.03567,1.036,1.50,1.50
2011.12.22 06:00:24.059,1.03567,1.03599,1.50,1.50
2011.12.22 06:00:24.688,1.03567,1.03596,1.50,1.50
2011.12.22 06:00:38.285,1.03567,1.036,1.50,1.80
2011.12.22 06:00:49.100,1.0357,1.036,2.48,1.80
2011.12.22 06:00:49.775,1.03575,1.03603,2.03,1.05
2011.12.22 06:00:50.416,1.03578,1.03617,2.25,2.48
2011.12.22 06:00:51.936,1.03578,1.03613,1.50,1.73
2011.12.22 06:01:11.341,1.03578,1.03613,1.50,1.73
2011.12.22 06:01:11.810,1.03566,1.036,2.25,1.50
2011.12.22 06:01:11.941,1.03566,1.036,1.50,1.50
2011.12.22 06:01:16.581,1.03566,1.036,2.25,1.73
2011.12.22 06:01:17.190,1.03566,1.036,1.50,1.73
2011.12.22 06:01:17.543,1.03571,1.03606,1.50,2.24
2011.12.22 06:01:17.963,1.03571,1.03606,1.50,2.24
2011.12.22 06:01:18.342,1.03571,1.03606,1.50,2.24
2011.12.22 06:01:18.952,1.03571,1.03606,1.50,2.24
2011.12.22 06:01:20.632,1.03573,1.03609,1.50,1.50
2011.12.22 06:01:21.899,1.03573,1.03604,1.50,1.05
2011.12.22 06:01:34.670,1.03573,1.03606,2.85,1.05
2011.12.22 06:01:35.073,1.03581,1.03609,1.50,1.05
2011.12.22 06:01:37.491,1.03577,1.03609,1.50,1.05
2011.12.22 06:01:38.191,1.0357,1.03604,1.35,1.05
2011.12.22 06:01:39.191,1.03567,1.03603,2.25,1.80
2011.12.22 06:01:39.380,1.03567,1.03604,2.25,1.50
2011.12.22 06:01:39.800,1.03567,1.03603,2.25,1.13
2011.12.22 06:01:41.452,1.03567,1.03603,2.25,1.20
2011.12.22 06:01:43.424,1.03567,1.03599,1.50,1.20
2011.12.22 06:01:43.955,1.03559,1.03596,1.05,1.50
2011.12.22 06:01:44.143,1.03557,1.03594,2.25,1.50
2011.12.22 06:01:44.941,1.03563,1.03598,1.50,1.20
2011.12.22 06:01:45.010,1.03558,1.03595,2.25,2.25
2011.12.22 06:01:45.421,1.03558,1.03595,3.00,1.50
2011.12.22 06:01:45.492,1.03565,1.03598,2.25,1.95
2011.12.22 06:01:45.923,1.03565,1.03604,1.50,2.25
2011.12.22 06:01:46.606,1.03565,1.03598,2.25,1.13
2011.12.22 06:01:46.850,1.03565,1.03597,1.50,1.13
2011.12.22 06:01:46.982,1.03565,1.03598,2.25,1.13
2011.12.22 06:01:48.263,1.03565,1.03597,2.25,1.13
2011.12.22 06:01:49.146,1.03565,1.03598,2.25,1.13
2011.12.22 06:01:49.620,1.03565,1.03603,2.25,1.13
2011.12.22 06:01:50.184,1.03565,1.03598,2.25,1.13
2011.12.22 06:01:50.252,1.03569,1.03603,2.25,1.13
2011.12.22 06:01:50.409,1.03569,1.03599,1.50,1.13
2011.12.22 06:01:51.640,1.03569,1.03604,1.50,1.50
2011.12.22 06:01:53.250,1.03569,1.03604,2.25,1.73
2011.12.22 06:01:53.327,1.0358,1.0361,1.50,2.93
2011.12.22 06:01:53.512,1.0358,1.03617,1.50,2.25
2011.12.22 06:01:54.216,1.0358,1.03617,1.50,2.25
2011.12.22 06:01:54.415,1.0358,1.03617,1.50,2.25
2011.12.22 06:01:54.652,1.0358,1.03617,1.50,2.25
2011.12.22 06:01:57.574,1.03574,1.03613,1.50,2.25
2011.12.22 06:02:00.722,1.03574,1.03613,2.25,2.25
2011.12.22 06:02:00.913,1.03574,1.03613,1.50,2.25
2011.12.22 06:02:01.223,1.03571,1.03608,2.25,2.25
2011.12.22 06:02:02.331,1.03571,1.03608,1.50,2.25
2011.12.22 06:02:02.744,1.03566,1.03603,2.25,2.25
2011.12.22 06:02:02.932,1.03572,1.03605,1.50,1.50
2011.12.22 06:02:03.242,1.03567,1.03605,2.25,1.50
2011.12.22 06:02:04.039,1.03569,1.03606,1.13,2.25
2011.12.22 06:02:04.356,1.03578,1.03615,1.50,2.85
2011.12.22 06:02:04.607,1.03578,1.03615,1.80,2.25
2011.12.22 06:02:04.934,1.0358,1.03615,1.13,2.25
2011.12.22 06:02:05.002,1.03583,1.0362,1.50,3.00
2011.12.22 06:02:05.319,1.03586,1.03624,1.50,1.50
2011.12.22 06:02:06.304,1.03586,1.03625,2.25,2.25
2011.12.22 06:02:06.432,1.03586,1.03625,1.88,2.25
2011.12.22 06:02:06.503,1.03591,1.03628,1.50,2.25
2011.12.22 06:02:06.571,1.03595,1.03629,1.50,1.50
2011.12.22 06:02:06.884,1.03588,1.03627,1.50,2.25
2011.12.22 06:02:07.333,1.03595,1.03632,1.50,3.00
2011.12.22 06:02:07.465,1.03595,1.03632,1.50,2.25
2011.12.22 06:02:08.242,1.03595,1.03632,1.50,2.25
2011.12.22 06:02:08.630,1.03595,1.03632,1.50,2.25
2011.12.22 06:02:08.883,1.03595,1.03632,1.50,2.25
2011.12.22 06:02:09.193,1.0359,1.03629,2.63,2.25
2011.12.22 06:02:09.263,1.03592,1.03629,1.13,2.25
2011.12.22 06:02:09.331,1.03598,1.03633,1.50,1.50
2011.12.22 06:02:09.403,1.03593,1.0363,2.25,2.25
2011.12.22 06:02:09.474,1.03593,1.0363,1.50,2.25
2011.12.22 06:02:09.791,1.03593,1.03629,1.50,1.50
2011.12.22 06:02:10.103,1.03592,1.0363,1.50,1.13
2011.12.22 06:02:10.993,1.03588,1.03627,1.50,2.25
2011.12.22 06:02:11.122,1.03582,1.0362,1.28,2.25
2011.12.22 06:02:11.193,1.03581,1.0362,1.80,2.25
2011.12.22 06:02:11.500,1.03577,1.03616,1.50,2.63
2011.12.22 06:02:12.273,1.03577,1.03616,1.50,2.25
2011.12.22 06:02:12.584,1.03583,1.0362,1.50,3.00
2011.12.22 06:02:12.654,1.03583,1.03619,1.50,1.50
2011.12.22 06:02:13.443,1.03583,1.0362,2.25,2.25
2011.12.22 06:02:13.901,1.03583,1.03619,1.50,1.50
2011.12.22 06:02:14.584,1.03583,1.03619,1.88,1.50
2011.12.22 06:02:14.712,1.03589,1.0362,1.50,1.50
2011.12.22 06:02:14.783,1.03593,1.03629,1.50,2.10
2011.12.22 06:02:15.538,1.03593,1.03624,1.50,1.50
2011.12.22 06:02:16.056,1.03593,1.03624,1.50,1.50
2011.12.22 06:02:16.334,1.03587,1.03626,2.25,2.25
2011.12.22 06:02:17.309,1.03586,1.03623,1.50,1.50
2011.12.22 06:02:17.659,1.03589,1.03628,1.50,3.00
2011.12.22 06:02:17.899,1.03588,1.03622,1.50,1.80
2011.12.22 06:02:18.151,1.0359,1.03624,2.25,1.50
2011.12.22 06:02:18.680,1.0359,1.03626,1.50,1.13
2011.12.22 06:02:18.870,1.03584,1.03621,2.25,1.13
2011.12.22 06:02:19.061,1.03581,1.03618,2.25,2.25
2011.12.22 06:02:19.433,1.03581,1.03618,1.50,2.25
2011.12.22 06:02:19.762,1.03586,1.03619,1.50,1.50
2011.12.22 06:02:19.954,1.03578,1.03617,2.25,2.25
2011.12.22 06:02:20.649,1.03578,1.03617,1.50,2.25
2011.12.22 06:02:21.588,1.03583,1.03615,1.50,1.13
2011.12.22 06:02:21.712,1.03586,1.03619,1.50,1.50
2011.12.22 06:02:21.840,1.03586,1.03623,1.50,3.00
2011.12.22 06:02:21.970,1.03578,1.03617,1.50,2.25
2011.12.22 06:02:22.809,1.03578,1.03617,2.25,2.25
2011.12.22 06:02:23.811,1.03578,1.03617,1.50,2.25
2011.12.22 06:02:24.793,1.03578,1.03617,2.25,2.25
2011.12.22 06:02:25.099,1.03578,1.03617,1.50,2.25
2011.12.22 06:02:25.170,1.03578,1.03617,2.25,2.25
2011.12.22 06:02:25.721,1.03583,1.0362,1.50,1.50
2011.12.22 06:02:27.367,1.03579,1.03618,2.25,2.25
2011.12.22 06:02:27.772,1.03584,1.03621,1.50,2.25
2011.12.22 06:02:27.960,1.03578,1.03617,2.25,2.25
2011.12.22 06:02:29.339,1.03582,1.03617,1.50,2.25
2011.12.22 06:02:29.472,1.03587,1.03617,1.13,1.50
2011.12.22 06:02:29.542,1.03593,1.03622,1.50,3.75
2011.12.22 06:02:30.028,1.03584,1.03621,2.18,2.25
2011.12.22 06:02:30.097,1.03584,1.03619,1.50,1.50
2011.12.22 06:02:30.460,1.03581,1.03617,1.50,2.25
2011.12.22 06:02:31.224,1.0358,1.03615,1.50,1.13
2011.12.22 06:02:31.290,1.03576,1.03613,2.25,2.25
2011.12.22 06:02:31.421,1.03576,1.03613,2.63,1.50
2011.12.22 06:02:31.850,1.0358,1.03619,1.50,2.25
2011.12.22 06:02:32.041,1.03573,1.0361,2.25,2.25
2011.12.22 06:02:34.363,1.03573,1.0361,2.25,1.50
2011.12.22 06:02:34.731,1.03573,1.0361,2.25,3.00
2011.12.22 06:02:38.912,1.0357,1.03605,1.50,1.50
2011.12.22 06:02:39.039,1.03573,1.0361,2.25,3.30
2011.12.22 06:02:39.532,1.03578,1.03617,1.50,2.40
2011.12.22 06:02:39.840,1.03583,1.0362,1.50,2.25
2011.12.22 06:02:40.151,1.03583,1.0362,1.50,2.63
2011.12.22 06:02:40.222,1.03579,1.03616,1.50,2.25
2011.12.22 06:02:40.681,1.03579,1.03616,2.25,2.25
2011.12.22 06:02:41.220,1.03583,1.0362,1.50,1.50
2011.12.22 06:02:42.613,1.03588,1.0362,1.50,1.50
2011.12.22 06:02:42.684,1.03583,1.03619,1.50,1.50
2011.12.22 06:02:43.351,1.03588,1.03625,1.50,2.25
2011.12.22 06:02:43.482,1.03583,1.03622,1.50,2.25
2011.12.22 06:02:43.973,1.03583,1.03619,2.25,1.50
2011.12.22 06:02:44.283,1.03588,1.03625,2.25,2.25
2011.12.22 06:02:44.594,1.03588,1.03625,1.50,2.25
2011.12.22 06:02:49.457,1.03588,1.03621,1.50,1.50
2011.12.22 06:02:59.135,1.03582,1.03621,2.25,3.00
2011.12.22 06:02:59.321,1.03575,1.03612,2.25,1.50
2011.12.22 06:02:59.860,1.03575,1.03613,2.25,1.50
2011.12.22 06:03:00.400,1.03575,1.03614,2.25,2.25
2011.12.22 06:03:00.651,1.03575,1.03612,2.25,1.50
2011.12.22 06:03:00.880,1.03575,1.03613,2.25,1.50
2011.12.22 06:03:01.399,1.03575,1.03614,2.63,2.25
2011.12.22 06:03:01.652,1.03575,1.03612,2.25,1.50
2011.12.22 06:03:01.840,1.03575,1.03613,2.25,1.50
2011.12.22 06:03:02.460,1.0358,1.03617,2.25,2.25
2011.12.22 06:03:03.014,1.03576,1.03612,2.25,1.50
2011.12.22 06:03:03.250,1.03576,1.03613,2.25,3.00
2011.12.22 06:03:03.319,1.03576,1.03612,2.25,1.50
2011.12.22 06:03:03.602,1.03576,1.03613,2.25,3.00
2011.12.22 06:03:03.912,1.0358,1.03617,1.50,2.25
2011.12.22 06:03:04.100,1.03575,1.03611,2.25,1.50
2011.12.22 06:03:04.610,1.03575,1.03614,2.63,3.00
2011.12.22 06:03:04.682,1.03575,1.03614,2.63,2.25
2011.12.22 06:03:04.994,1.03575,1.03614,2.25,2.25
2011.12.22 06:03:05.783,1.03575,1.03614,2.63,2.25
2011.12.22 06:03:06.089,1.0358,1.03611,1.50,1.50
2011.12.22 06:03:06.393,1.03576,1.0361,2.25,1.50
2011.12.22 06:03:06.840,1.0358,1.03617,1.50,2.25
2011.12.22 06:03:06.911,1.03574,1.03613,2.25,2.25
2011.12.22 06:03:07.159,1.03574,1.0361,1.50,1.50
2011.12.22 06:03:07.339,1.03574,1.0361,2.25,1.50
2011.12.22 06:03:08.491,1.03574,1.03613,2.25,2.25
2011.12.22 06:03:09.230,1.03578,1.03617,2.25,2.25
2011.12.22 06:03:09.308,1.03579,1.03614,2.25,1.50
2011.12.22 06:03:09.810,1.03579,1.03614,2.25,1.50
2011.12.22 06:03:10.820,1.0358,1.03614,2.25,1.13
2011.12.22 06:03:10.945,1.03575,1.03612,2.25,1.50
2011.12.22 06:03:11.281,1.03575,1.03612,2.25,2.25
2011.12.22 06:03:11.970,1.0358,1.03617,2.25,2.25
2011.12.22 06:03:12.899,1.0358,1.03614,2.25,1.50
2011.12.22 06:03:13.151,1.03574,1.0361,2.25,1.50
2011.12.22 06:03:13.363,1.03574,1.03613,2.25,3.00
2011.12.22 06:03:14.894,1.03574,1.0361,2.25,1.50
2011.12.22 06:03:16.801,1.03575,1.03612,2.25,1.50
2011.12.22 06:03:17.110,1.03579,1.03614,1.50,1.13
2011.12.22 06:03:17.375,1.03575,1.03609,2.25,1.50
2011.12.22 06:03:17.580,1.03575,1.03612,2.25,2.25
2011.12.22 06:03:17.961,1.03575,1.03612,2.25,1.50
2011.12.22 06:03:18.089,1.03575,1.03612,2.25,2.25
2011.12.22 06:03:18.419,1.03575,1.03612,2.25,2.25
2011.12.22 06:03:19.198,1.03579,1.03614,2.25,1.13
2011.12.22 06:03:19.267,1.03575,1.03609,2.25,1.50
2011.12.22 06:03:19.621,1.03575,1.03612,2.25,2.25
2011.12.22 06:03:19.754,1.03575,1.03612,2.25,1.50
2011.12.22 06:03:19.882,1.03579,1.03614,1.50,1.13
2011.12.22 06:03:19.953,1.03574,1.03613,2.25,2.25
2011.12.22 06:03:20.611,1.03574,1.03613,2.25,3.00
2011.12.22 06:03:20.884,1.03579,1.03614,1.50,1.13
2011.12.22 06:03:21.010,1.03575,1.03612,2.25,2.25
2011.12.22 06:03:21.649,1.03575,1.03612,2.25,2.25
2011.12.22 06:03:21.960,1.03576,1.03613,2.55,2.25
2011.12.22 06:03:22.467,1.03576,1.03612,2.25,1.50
2011.12.22 06:03:22.640,1.03576,1.03613,2.63,2.25
2011.12.22 06:03:23.173,1.03576,1.03611,2.25,1.50
2011.12.22 06:03:24.094,1.03576,1.03613,2.25,2.25
2011.12.22 06:03:24.694,1.03576,1.03613,2.25,1.50
2011.12.22 06:03:25.001,1.03575,1.03614,2.25,3.00
2011.12.22 06:03:26.145,1.03576,1.03611,2.25,1.50
2011.12.22 06:03:26.349,1.03576,1.03613,2.25,3.00
2011.12.22 06:03:26.891,1.03576,1.03613,2.25,2.25
2011.12.22 06:03:27.081,1.03576,1.03613,2.25,3.00
2011.12.22 06:03:27.153,1.03576,1.03611,2.25,1.50
2011.12.22 06:03:27.320,1.03576,1.03613,2.25,2.25
2011.12.22 06:03:27.782,1.03576,1.03613,2.63,1.50
2011.12.22 06:03:28.317,1.03576,1.03612,2.25,1.50
2011.12.22 06:03:28.382,1.03576,1.03613,2.25,3.00
2011.12.22 06:03:28.892,1.0358,1.03617,2.25,2.25
2011.12.22 06:03:29.212,1.03576,1.03611,2.25,1.50
2011.12.22 06:03:29.687,1.03576,1.03613,2.25,2.25
2011.12.22 06:03:29.753,1.03576,1.03613,2.25,1.50
2011.12.22 06:03:30.179,1.03581,1.03612,1.50,1.50
2011.12.22 06:03:30.384,1.03576,1.03612,2.25,1.50
2011.12.22 06:03:30.578,1.03576,1.03613,2.25,2.25
2011.12.22 06:03:30.760,1.03579,1.03618,2.25,2.25
2011.12.22 06:03:30.831,1.03579,1.03618,1.50,2.25
2011.12.22 06:03:30.960,1.03575,1.03614,2.25,2.25
2011.12.22 06:03:31.743,1.03575,1.03613,2.63,1.50
2011.12.22 06:03:31.870,1.03582,1.03619,2.25,2.25
2011.12.22 06:03:32.558,1.03575,1.03614,2.25,2.25
2011.12.22 06:03:32.723,1.03575,1.03614,2.63,3.00
2011.12.22 06:03:33.228,1.03575,1.03614,2.25,2.25
2011.12.22 06:03:33.292,1.03575,1.03614,2.25,3.00
2011.12.22 06:03:33.654,1.03581,1.03614,1.13,2.25
2011.12.22 06:03:33.964,1.0359,1.03619,1.50,1.13
2011.12.22 06:03:34.095,1.0358,1.03615,1.50,1.50
2011.12.22 06:03:34.223,1.03584,1.0362,2.25,1.50
2011.12.22 06:03:34.291,1.03584,1.0362,1.50,1.50
2011.12.22 06:03:34.554,1.0358,1.03617,3.00,2.25
2011.12.22 06:03:34.680,1.03584,1.0362,1.50,1.50
2011.12.22 06:03:34.754,1.03584,1.0362,2.25,1.50
2011.12.22 06:03:34.886,1.03587,1.03626,1.50,2.85
2011.12.22 06:03:35.018,1.03581,1.0362,2.25,2.63
2011.12.22 06:03:35.478,1.03581,1.0362,2.25,3.00
2011.12.22 06:03:35.784,1.03581,1.0362,2.63,1.50
2011.12.22 06:03:35.852,1.03586,1.03625,2.25,2.40
2011.12.22 06:03:35.984,1.03586,1.03624,2.25,1.50
2011.12.22 06:03:36.296,1.03586,1.03625,2.25,3.00
2011.12.22 06:03:36.692,1.03587,1.03625,1.13,2.25
2011.12.22 06:03:36.821,1.03592,1.03629,2.25,2.25
2011.12.22 06:03:36.893,1.03592,1.03629,2.25,2.25
2011.12.22 06:03:37.772,1.03596,1.0363,1.50,1.50
2011.12.22 06:03:38.022,1.0359,1.03629,2.25,2.25
2011.12.22 06:03:38.960,1.03588,1.03624,2.25,1.13
2011.12.22 06:03:39.035,1.03583,1.03622,2.25,1.50
2011.12.22 06:03:39.343,1.03583,1.03619,2.25,1.50
2011.12.22 06:03:39.690,1.03583,1.03622,2.25,1.50
2011.12.22 06:03:40.067,1.03583,1.03622,2.25,2.25
2011.12.22 06:03:40.454,1.03583,1.0362,1.50,1.50
2011.12.22 06:03:40.599,1.03583,1.0362,2.25,1.50
2011.12.22 06:03:40.734,1.03589,1.0362,1.50,1.50
2011.12.22 06:03:40.860,1.03583,1.0362,1.50,1.50
2011.12.22 06:03:41.494,1.03583,1.0362,2.25,1.50
2011.12.22 06:03:41.644,1.03583,1.03622,2.25,2.25
2011.12.22 06:03:41.833,1.03583,1.0362,2.25,1.50
2011.12.22 06:03:42.620,1.03584,1.03621,2.25,2.25
2011.12.22 06:03:42.809,1.03589,1.03626,1.50,2.25
2011.12.22 06:03:43.021,1.03584,1.03619,2.25,1.50
2011.12.22 06:03:43.712,1.03584,1.03621,2.25,2.25
2011.12.22 06:03:43.785,1.03584,1.03621,2.25,1.50
2011.12.22 06:03:43.861,1.03588,1.03625,2.25,2.25
2011.12.22 06:03:43.930,1.03588,1.03624,1.50,1.13
2011.12.22 06:03:44.001,1.03584,1.0362,2.25,1.50
2011.12.22 06:03:44.558,1.03584,1.03621,2.25,2.25
2011.12.22 06:03:44.941,1.03583,1.0362,2.25,1.50
2011.12.22 06:03:45.701,1.03583,1.03622,2.25,2.25
2011.12.22 06:03:45.872,1.03588,1.03625,2.25,1.13
2011.12.22 06:03:45.941,1.03583,1.03622,1.50,2.25
2011.12.22 06:03:46.552,1.0358,1.03617,2.25,2.25
2011.12.22 06:03:47.669,1.0358,1.03617,2.25,1.50
2011.12.22 06:03:47.920,1.03579,1.03618,2.25,2.25
2011.12.22 06:03:48.629,1.03579,1.03618,2.25,1.50
2011.12.22 06:03:48.934,1.0359,1.03626,1.50,1.05
2011.12.22 06:04:06.351,1.03587,1.03626,1.50,2.25
2011.12.22 06:04:07.890,1.03587,1.03624,1.50,1.35
2011.12.22 06:04:08.344,1.03583,1.03619,1.50,1.88
2011.12.22 06:04:08.816,1.03583,1.03619,1.50,1.13
2011.12.22 06:04:09.322,1.03583,1.03619,1.50,1.13
2011.12.22 06:04:09.436,1.03583,1.03619,1.50,1.13
2011.12.22 06:04:10.480,1.03578,1.03617,1.50,2.25
2011.12.22 06:04:15.061,1.03573,1.0361,2.25,3.00
2011.12.22 06:04:15.191,1.03573,1.03609,1.50,1.50
2011.12.22 06:04:19.371,1.03573,1.03609,2.25,1.50
2011.12.22 06:04:20.232,1.03583,1.03611,1.50,1.05
2011.12.22 06:04:22.081,1.03583,1.0362,1.50,3.15
2011.12.22 06:04:25.050,1.03583,1.0362,1.50,3.15
2011.12.22 06:04:30.327,1.03583,1.0362,1.50,3.38
2011.12.22 06:04:30.591,1.03574,1.03611,2.25,2.25
2011.12.22 06:04:31.098,1.03577,1.03611,1.50,2.25
2011.12.22 06:04:31.280,1.0358,1.03615,1.50,1.50
2011.12.22 06:04:31.542,1.03574,1.0361,1.50,1.50
2011.12.22 06:04:32.103,1.03574,1.0361,2.25,1.50
2011.12.22 06:04:32.231,1.03579,1.03616,1.50,2.25
2011.12.22 06:04:32.480,1.03574,1.03611,1.50,2.25
2011.12.22 06:04:35.168,1.03574,1.0361,2.25,1.50
2011.12.22 06:04:35.350,1.03579,1.03616,1.50,2.25
2011.12.22 06:04:35.661,1.03574,1.03609,1.50,1.50
2011.12.22 06:04:36.159,1.03574,1.03609,2.25,1.50
2011.12.22 06:04:36.450,1.03574,1.03609,1.50,1.50
2011.12.22 06:04:36.598,1.03574,1.03609,2.25,1.50
2011.12.22 06:04:37.061,1.03578,1.03616,1.50,1.05
2011.12.22 06:04:37.610,1.0357,1.03609,2.25,3.38
2011.12.22 06:04:37.862,1.0357,1.03609,2.25,3.38
2011.12.22 06:04:38.401,1.03573,1.03612,1.50,2.25
2011.12.22 06:04:38.871,1.03568,1.03607,2.25,2.25
2011.12.22 06:04:38.941,1.03568,1.03607,2.25,1.50
2011.12.22 06:04:39.741,1.03573,1.0361,1.50,1.50
2011.12.22 06:04:40.089,1.03573,1.0361,2.25,1.50
2011.12.22 06:04:40.411,1.03578,1.03615,1.50,1.13
2011.12.22 06:04:40.600,1.03574,1.03609,2.25,1.50
2011.12.22 06:04:41.690,1.03579,1.03615,1.50,1.13
2011.12.22 06:04:42.000,1.03573,1.03612,1.50,2.25
2011.12.22 06:04:42.618,1.03573,1.0361,2.25,1.50
2011.12.22 06:04:43.210,1.03573,1.0361,1.50,1.50
2011.12.22 06:04:43.512,1.03573,1.0361,2.25,1.50
2011.12.22 06:04:43.840,1.03577,1.03616,1.50,2.55
2011.12.22 06:04:43.910,1.03573,1.03612,1.50,2.25
2011.12.22 06:04:44.850,1.03573,1.03609,2.25,1.50
2011.12.22 06:04:46.291,1.03578,1.0361,1.50,1.50
2011.12.22 06:04:46.360,1.03571,1.03607,1.88,2.25
2011.12.22 06:04:49.260,1.03571,1.03607,1.50,1.65
2011.12.22 06:04:49.810,1.03573,1.03609,2.25,1.65
2011.12.22 06:04:50.150,1.03577,1.03616,2.25,3.00
2011.12.22 06:04:50.592,1.03574,1.03611,2.25,1.50
2011.12.22 06:04:50.661,1.03574,1.03611,2.25,2.25
2011.12.22 06:04:51.843,1.03574,1.03611,2.25,2.25
2011.12.22 06:04:51.914,1.03578,1.03617,1.50,2.25
2011.12.22 06:04:52.418,1.03573,1.03609,2.25,1.50
2011.12.22 06:04:52.781,1.03579,1.03609,1.50,1.50
2011.12.22 06:04:52.984,1.03573,1.03612,2.25,2.25
2011.12.22 06:04:53.451,1.03573,1.03612,2.25,2.25
2011.12.22 06:04:53.893,1.03573,1.0361,2.25,1.50
2011.12.22 06:04:54.743,1.03578,1.0361,1.50,1.50
2011.12.22 06:04:54.991,1.03572,1.0361,2.25,1.50
2011.12.22 06:04:55.792,1.03577,1.03616,1.50,2.55
2011.12.22 06:04:55.861,1.03577,1.03616,2.25,2.85
2011.12.22 06:04:56.200,1.03581,1.03619,2.25,1.50
2011.12.22 06:04:56.674,1.03577,1.03616,2.25,1.50
2011.12.22 06:04:56.861,1.03583,1.03619,2.25,1.50
2011.12.22 06:04:59.013,1.0358,1.03616,1.50,1.50
2011.12.22 06:04:59.324,1.03572,1.03611,3.60,2.25
2011.12.22 06:04:59.690,1.03572,1.03611,2.85,2.25
2011.12.22 06:05:00.266,1.03572,1.03611,2.25,2.25
2011.12.22 06:05:10.140,1.03572,1.03609,2.25,1.50
2011.12.22 06:05:11.121,1.03562,1.03601,2.25,1.50
2011.12.22 06:05:11.370,1.03562,1.03599,2.25,1.50
2011.12.22 06:05:12.130,1.03562,1.03601,2.25,2.25
2011.12.22 06:05:12.321,1.03568,1.03605,2.25,2.40
2011.12.22 06:05:12.480,1.03568,1.03605,1.50,2.40
2011.12.22 06:05:12.553,1.03562,1.036,2.25,1.50
2011.12.22 06:05:13.263,1.03568,1.03605,1.50,2.25
2011.12.22 06:05:13.408,1.03563,1.036,2.25,2.25
2011.12.22 06:05:14.342,1.03567,1.03599,1.50,1.50
2011.12.22 06:05:14.905,1.03563,1.03599,2.25,1.50
2011.12.22 06:05:16.043,1.03568,1.03599,1.50,1.50
2011.12.22 06:05:16.553,1.03563,1.036,2.25,3.00
2011.12.22 06:05:17.003,1.03568,1.03605,1.50,2.25
2011.12.22 06:05:17.589,1.03568,1.03605,2.25,2.25
2011.12.22 06:05:18.139,1.03568,1.03605,1.50,2.25
2011.12.22 06:05:21.108,1.03568,1.03605,1.50,2.25
2011.12.22 06:05:21.632,1.03562,1.036,1.50,1.50
2011.12.22 06:05:21.922,1.03562,1.036,2.25,1.50
2011.12.22 06:05:22.112,1.03568,1.03605,2.25,2.25
2011.12.22 06:05:22.471,1.03563,1.036,2.25,2.25
2011.12.22 06:05:23.130,1.03569,1.03606,1.50,2.25
2011.12.22 06:05:23.803,1.03569,1.03606,2.25,2.25
2011.12.22 06:05:24.325,1.03568,1.03605,2.25,2.25
2011.12.22 06:05:24.450,1.03568,1.03604,2.25,1.50
2011.12.22 06:05:24.731,1.03568,1.03605,2.25,2.25
2011.12.22 06:05:25.673,1.03573,1.03609,1.50,1.50
2011.12.22 06:05:27.331,1.03569,1.03606,2.25,2.25
2011.12.22 06:05:28.202,1.03562,1.03601,2.25,2.25
2011.12.22 06:05:30.151,1.03562,1.03601,2.25,2.25
2011.12.22 06:05:30.400,1.03568,1.03599,1.50,1.50
2011.12.22 06:05:30.530,1.03562,1.03599,2.25,1.50
2011.12.22 06:05:31.130,1.03562,1.03601,2.25,2.25
2011.12.22 06:05:31.321,1.03568,1.03607,2.25,2.25
2011.12.22 06:05:31.390,1.03568,1.03607,1.50,2.25
2011.12.22 06:05:32.038,1.03563,1.03599,2.25,1.50
2011.12.22 06:05:32.343,1.03563,1.036,1.50,2.55
2011.12.22 06:05:33.302,1.03568,1.03602,1.50,3.00
2011.12.22 06:05:33.437,1.0356,1.03599,2.63,3.00
2011.12.22 06:05:34.212,1.0356,1.03599,2.25,2.25
2011.12.22 06:05:34.536,1.03558,1.03594,2.25,1.13
2011.12.22 06:05:38.159,1.03558,1.03594,1.50,1.13
2011.12.22 06:05:38.510,1.03558,1.03595,2.25,2.25
2011.12.22 06:05:38.943,1.03557,1.03596,2.25,1.50
2011.12.22 06:05:39.131,1.03557,1.03596,2.25,2.25
2011.12.22 06:05:39.390,1.03557,1.03596,2.25,1.50
2011.12.22 06:05:39.741,1.03562,1.03601,2.25,2.25
2011.12.22 06:05:39.813,1.03558,1.03595,2.25,1.50
2011.12.22 06:05:40.122,1.03558,1.03595,2.25,2.25
2011.12.22 06:05:40.337,1.03558,1.03595,2.25,1.50
2011.12.22 06:05:40.689,1.03563,1.036,2.25,3.00
2011.12.22 06:05:41.195,1.03558,1.03595,2.25,1.50
2011.12.22 06:05:41.271,1.03558,1.03595,2.25,2.25
2011.12.22 06:05:41.657,1.03558,1.03595,2.25,1.50
2011.12.22 06:05:42.174,1.03558,1.03595,2.25,2.25
2011.12.22 06:05:42.483,1.03558,1.03595,1.50,2.63
2011.12.22 06:05:42.611,1.03553,1.03592,2.25,2.25
2011.12.22 06:05:42.923,1.03556,1.03595,2.63,2.25
2011.12.22 06:05:43.473,1.03556,1.03595,2.25,2.63
2011.12.22 06:05:44.133,1.03557,1.03594,2.25,2.25
2011.12.22 06:05:44.573,1.03554,1.03591,2.25,1.50
2011.12.22 06:05:44.921,1.03555,1.03591,1.13,1.50
2011.12.22 06:05:45.055,1.03557,1.03596,2.25,1.50
2011.12.22 06:05:45.123,1.03561,1.036,2.25,2.25
2011.12.22 06:05:45.431,1.03561,1.03594,2.25,1.13
2011.12.22 06:05:45.890,1.03558,1.03595,2.25,1.50
2011.12.22 06:05:46.209,1.03558,1.03595,2.25,2.25
2011.12.22 06:05:46.860,1.03552,1.03591,2.25,1.50
2011.12.22 06:05:46.940,1.03557,1.03596,2.25,1.50
2011.12.22 06:05:47.134,1.03563,1.036,2.25,2.25
2011.12.22 06:05:49.140,1.03563,1.036,1.50,2.63
2011.12.22 06:05:49.880,1.03557,1.03596,2.25,1.50
2011.12.22 06:05:50.270,1.03563,1.036,2.25,3.00
2011.12.22 06:05:52.847,1.03563,1.036,1.50,2.25
2011.12.22 06:05:53.456,1.03557,1.03596,2.25,1.50
2011.12.22 06:05:53.730,1.03557,1.03596,2.25,2.25
2011.12.22 06:05:54.431,1.03557,1.03596,2.25,1.50
2011.12.22 06:05:55.250,1.03562,1.03599,2.25,2.25
2011.12.22 06:05:56.840,1.03562,1.03599,1.50,2.25
2011.12.22 06:05:57.576,1.03562,1.03599,2.25,3.00
2011.12.22 06:05:57.972,1.03562,1.03599,2.25,2.25
2011.12.22 06:05:58.609,1.03562,1.03599,2.25,2.25
2011.12.22 06:05:59.224,1.03562,1.03599,1.50,3.00
2011.12.22 06:05:59.527,1.03562,1.03599,2.25,3.00
2011.12.22 06:05:59.931,1.03562,1.03599,2.25,2.25
2011.12.22 06:06:00.710,1.03562,1.03599,2.25,2.25
2011.12.22 06:06:01.152,1.03562,1.03599,1.50,2.25
2011.12.22 06:06:01.351,1.03562,1.03599,2.25,2.25
2011.12.22 06:06:02.741,1.03562,1.03599,2.25,3.00
2011.12.22 06:06:03.076,1.03562,1.03599,2.25,3.00
2011.12.22 06:06:03.410,1.03562,1.03599,2.25,3.00
2011.12.22 06:06:04.090,1.03562,1.03599,2.25,3.00
2011.12.22 06:06:04.401,1.03562,1.03599,1.50,2.25
2011.12.22 06:06:05.069,1.03562,1.03599,2.25,3.00
2011.12.22 06:06:05.410,1.03562,1.03599,1.50,2.25
2011.12.22 06:06:06.620,1.03562,1.03599,2.25,2.25
2011.12.22 06:06:07.180,1.03562,1.03599,1.50,2.25
2011.12.22 06:06:08.137,1.03562,1.03599,2.25,2.25
2011.12.22 06:06:08.381,1.03562,1.03599,1.50,2.25
2011.12.22 06:06:09.191,1.03562,1.03599,2.25,2.25
2011.12.22 06:06:09.383,1.03562,1.03599,2.25,2.25
2011.12.22 06:06:30.485,1.0356,1.03594,1.50,1.13
2011.12.22 06:06:30.621,1.03555,1.03594,2.25,2.25
2011.12.22 06:06:31.980,1.03559,1.03596,2.25,2.25
2011.12.22 06:06:32.322,1.03559,1.03598,1.50,2.25
2011.12.22 06:06:32.512,1.03556,1.03593,2.25,2.25
2011.12.22 06:06:32.642,1.03559,1.03598,1.50,2.25
2011.12.22 06:06:34.472,1.03555,1.03594,2.25,2.25
2011.12.22 06:06:34.980,1.03559,1.03596,1.50,2.25
2011.12.22 06:06:36.412,1.03556,1.03593,2.25,2.25
2011.12.22 06:06:36.851,1.0356,1.03596,1.50,1.05
2011.12.22 06:06:37.096,1.0356,1.03596,2.25,1.05
2011.12.22 06:06:37.342,1.0356,1.03596,1.50,1.05
2011.12.22 06:06:37.650,1.0356,1.03596,2.25,1.05
2011.12.22 06:06:38.095,1.0356,1.03597,1.50,2.55
2011.12.22 06:06:39.846,1.0356,1.03597,2.25,2.55
2011.12.22 06:06:40.630,1.0356,1.03596,1.50,1.05
2011.12.22 06:06:41.580,1.0356,1.03595,2.25,1.13
2011.12.22 06:06:42.718,1.0356,1.03597,1.50,2.25
2011.12.22 06:06:42.781,1.0356,1.03597,2.25,2.25
2011.12.22 06:06:42.910,1.0356,1.03597,1.50,2.25
2011.12.22 06:06:44.533,1.03556,1.03593,2.25,2.25
2011.12.22 06:06:44.660,1.03556,1.03593,2.25,2.25
2011.12.22 06:06:44.876,1.03556,1.03593,2.25,2.25
2011.12.22 06:06:45.539,1.03559,1.03598,1.50,2.25
2011.12.22 06:06:47.655,1.03559,1.03597,2.25,1.20
2011.12.22 06:06:48.450,1.03559,1.03594,1.50,1.13
2011.12.22 06:06:48.641,1.03559,1.03598,2.25,2.25
2011.12.22 06:06:48.836,1.03559,1.03598,1.50,2.25
2011.12.22 06:06:49.964,1.03559,1.03598,2.25,2.25
2011.12.22 06:06:50.431,1.03559,1.03595,1.50,1.13
2011.12.22 06:06:50.621,1.03559,1.03595,2.25,1.13
2011.12.22 06:06:50.870,1.03559,1.03598,1.50,2.25
2011.12.22 06:06:52.201,1.03556,1.03593,2.25,2.25
2011.12.22 06:06:52.522,1.03559,1.03598,1.50,2.25
2011.12.22 06:06:54.055,1.03559,1.03598,1.50,2.25
2011.12.22 06:06:57.191,1.03559,1.03598,1.50,2.25
2011.12.22 06:06:58.386,1.03559,1.03598,1.50,2.25
2011.12.22 06:06:58.932,1.03559,1.03595,1.50,1.13
2011.12.22 06:06:59.466,1.03556,1.03593,2.25,2.25
2011.12.22 06:06:59.586,1.03558,1.03593,1.50,2.25
2011.12.22 06:06:59.934,1.0356,1.03599,1.50,3.00
2011.12.22 06:07:00.126,1.03558,1.03594,1.50,2.25
2011.12.22 06:07:00.660,1.03557,1.03594,1.50,2.25
2011.12.22 06:07:01.521,1.03558,1.03594,1.50,2.25
2011.12.22 06:07:01.593,1.0356,1.03599,1.50,2.25
2011.12.22 06:07:02.361,1.03557,1.03594,1.50,2.25
2011.12.22 06:07:02.933,1.03557,1.03594,1.50,2.25
2011.12.22 06:07:03.123,1.03561,1.03596,1.50,2.25
2011.12.22 06:07:07.372,1.03561,1.03588,1.50,1.13
2011.12.22 06:07:07.504,1.03544,1.03581,2.55,1.50
2011.12.22 06:07:07.693,1.03546,1.03583,1.13,3.75
2011.12.22 06:07:07.823,1.03558,1.03592,1.50,1.50
2011.12.22 06:07:07.951,1.03558,1.03592,1.50,1.50
2011.12.22 06:07:08.025,1.03561,1.03599,1.50,1.05
2011.12.22 06:07:13.303,1.03556,1.0359,2.25,1.50
2011.12.22 06:07:16.163,1.03556,1.0359,1.50,1.88
2011.12.22 06:07:16.717,1.03556,1.03585,1.50,1.13
2011.12.22 06:07:16.841,1.03553,1.03579,1.50,1.50
2011.12.22 06:07:16.911,1.03546,1.03579,2.25,1.50
2011.12.22 06:07:19.235,1.03542,1.03579,1.50,2.40
2011.12.22 06:07:26.555,1.03542,1.03579,2.25,1.50
2011.12.22 06:07:27.125,1.03547,1.0358,2.25,1.43
2011.12.22 06:07:27.322,1.03547,1.03583,2.25,2.25
2011.12.22 06:07:27.453,1.03552,1.03588,2.25,1.50
2011.12.22 06:07:27.522,1.03552,1.0359,2.25,1.50
2011.12.22 06:07:27.712,1.03552,1.0359,1.50,1.50
2011.12.22 06:07:28.272,1.03548,1.03587,2.25,2.25
2011.12.22 06:07:29.101,1.03548,1.03587,1.50,2.25
2011.12.22 06:07:29.611,1.03544,1.03581,2.25,2.25
2011.12.22 06:07:29.960,1.03549,1.03586,2.25,2.25
2011.12.22 06:07:30.735,1.03549,1.03586,2.25,1.50
2011.12.22 06:07:34.553,1.03549,1.03586,2.25,1.50
2011.12.22 06:07:34.702,1.03558,1.03597,2.25,1.50
2011.12.22 06:07:35.141,1.03558,1.03596,2.25,1.13
2011.12.22 06:07:35.332,1.03553,1.03592,2.25,1.50
2011.12.22 06:07:35.876,1.03553,1.03591,3.00,1.50
2011.12.22 06:07:36.870,1.03553,1.03591,1.50,1.13
2011.12.22 06:07:37.402,1.03548,1.03587,2.25,2.25
2011.12.22 06:07:46.326,1.03548,1.03587,2.25,1.50
2011.12.22 06:07:47.095,1.03548,1.03587,2.25,2.25
2011.12.22 06:07:47.604,1.03543,1.03582,2.25,2.25
2011.12.22 06:07:48.162,1.03548,1.03587,2.25,2.25
2011.12.22 06:07:48.871,1.03548,1.03585,1.50,1.13
2011.12.22 06:07:49.453,1.03545,1.03582,2.25,2.25
2011.12.22 06:07:52.816,1.03545,1.03582,2.25,1.50
2011.12.22 06:07:56.894,1.03545,1.03582,2.25,2.25
2011.12.22 06:07:57.105,1.03545,1.03582,2.25,1.50
2011.12.22 06:07:58.959,1.03548,1.03585,2.25,1.13
2011.12.22 06:07:59.866,1.03548,1.03585,1.50,1.13
2011.12.22 06:08:00.055,1.03534,1.03571,3.00,1.50
2011.12.22 06:08:00.122,1.03534,1.03571,3.00,1.50
2011.12.22 06:08:00.436,1.03549,1.03586,1.50,2.78
2011.12.22 06:08:01.034,1.03549,1.03586,2.25,2.40
2011.12.22 06:08:03.598,1.03549,1.03586,1.50,2.40
2011.12.22 06:08:04.162,1.03546,1.0358,2.25,2.25
2011.12.22 06:08:04.893,1.03548,1.03585,1.50,2.25
2011.12.22 06:08:06.347,1.03548,1.03585,2.25,2.25
2011.12.22 06:08:06.477,1.03548,1.0358,1.50,1.50
2011.12.22 06:08:06.604,1.03542,1.03579,2.25,2.25
2011.12.22 06:08:06.733,1.03548,1.03585,2.25,2.40
2011.12.22 06:08:07.214,1.03548,1.03585,1.50,2.25
2011.12.22 06:08:07.880,1.03548,1.03585,1.50,2.63
2011.12.22 06:08:08.034,1.03546,1.03579,1.50,3.00
2011.12.22 06:08:08.105,1.03542,1.03579,2.25,3.00
2011.12.22 06:08:13.589,1.03545,1.03584,2.25,2.25
2011.12.22 06:08:14.370,1.03552,1.03589,1.50,3.00
2011.12.22 06:08:14.702,1.03552,1.03589,1.50,2.25
2011.12.22 06:08:15.557,1.03543,1.03582,2.25,2.25
2011.12.22 06:08:16.193,1.03543,1.03582,2.25,2.25
2011.12.22 06:08:17.326,1.03543,1.03582,3.00,1.50
2011.12.22 06:08:23.612,1.03543,1.03582,2.25,2.25
2011.12.22 06:08:24.403,1.0354,1.03577,2.25,1.50
2011.12.22 06:08:27.333,1.0354,1.03577,2.25,1.50
2011.12.22 06:08:28.378,1.0354,1.03577,2.25,1.88
2011.12.22 06:08:28.447,1.0354,1.03574,2.25,1.13
2011.12.22 06:08:28.947,1.03536,1.03573,2.25,1.50
2011.12.22 06:08:29.286,1.03536,1.03573,2.25,1.50
2011.12.22 06:08:29.820,1.03536,1.03573,2.25,2.25
2011.12.22 06:08:31.453,1.03536,1.03573,2.25,1.50
2011.12.22 06:08:32.657,1.03536,1.03573,2.25,2.25
2011.12.22 06:08:33.019,1.03536,1.03573,2.25,2.25
2011.12.22 06:08:37.226,1.03536,1.03573,2.25,2.25
2011.12.22 06:08:37.471,1.03536,1.03573,2.25,2.25
2011.12.22 06:08:38.463,1.03536,1.03573,2.25,2.25
2011.12.22 06:08:39.025,1.03536,1.03573,2.25,2.25
2011.12.22 06:08:39.454,1.03536,1.03573,2.25,2.25
2011.12.22 06:08:39.642,1.03536,1.03573,2.25,1.50
2011.12.22 06:08:40.456,1.03536,1.03573,2.25,2.25
2011.12.22 06:08:40.761,1.03536,1.03573,2.25,2.25
2011.12.22 06:08:41.376,1.03536,1.03573,2.25,2.25
2011.12.22 06:08:42.007,1.03547,1.03584,2.25,2.25
2011.12.22 06:08:42.701,1.03547,1.0358,2.25,1.13
2011.12.22 06:08:43.191,1.03543,1.0358,1.50,1.13
2011.12.22 06:08:43.955,1.0354,1.03577,2.25,2.25
2011.12.22 06:08:44.605,1.0354,1.03577,1.50,2.25
2011.12.22 06:08:44.733,1.0354,1.03577,2.25,2.25
2011.12.22 06:08:46.683,1.0354,1.03577,1.50,2.25
2011.12.22 06:08:47.328,1.03537,1.03574,2.25,2.25
2011.12.22 06:08:48.871,1.03535,1.03574,2.25,1.50
2011.12.22 06:08:49.005,1.0354,1.03579,3.00,2.63
2011.12.22 06:08:49.193,1.0354,1.03579,3.00,1.50
2011.12.22 06:08:49.463,1.0354,1.03579,2.25,2.25
2011.12.22 06:08:54.948,1.03537,1.03574,1.50,2.25
2011.12.22 06:08:57.512,1.03537,1.03574,2.25,2.25
2011.12.22 06:08:57.913,1.03537,1.03574,1.50,2.25
2011.12.22 06:08:58.357,1.03537,1.03576,2.25,2.25
2011.12.22 06:08:59.034,1.03537,1.03575,1.50,1.13
2011.12.22 06:08:59.101,1.03537,1.03575,2.25,1.13
2011.12.22 06:08:59.946,1.03537,1.03574,2.25,1.13
2011.12.22 06:09:00.273,1.03537,1.03576,2.25,2.25
2011.12.22 06:09:01.065,1.03537,1.03576,2.25,2.25
2011.12.22 06:09:01.138,1.03537,1.03575,2.25,1.13
2011.12.22 06:09:01.443,1.03537,1.03576,1.50,2.25
2011.12.22 06:09:01.984,1.0353,1.03569,3.00,2.25
2011.12.22 06:09:03.165,1.03534,1.03573,2.25,1.50
2011.12.22 06:09:03.966,1.03534,1.03573,2.25,2.25
2011.12.22 06:09:04.212,1.03534,1.03573,2.25,2.25
2011.12.22 06:09:04.952,1.03534,1.03573,2.25,2.25
2011.12.22 06:09:05.262,1.03534,1.03573,2.25,1.50
2011.12.22 06:09:05.896,1.03534,1.03573,2.25,2.25
2011.12.22 06:09:06.213,1.03534,1.03573,2.25,2.25
2011.12.22 06:09:07.015,1.03534,1.03573,2.25,2.25
2011.12.22 06:09:07.140,1.03534,1.03573,2.25,1.50
2011.12.22 06:09:07.474,1.03534,1.03573,2.25,2.25
2011.12.22 06:09:07.938,1.03534,1.03573,2.25,2.25
2011.12.22 06:09:09.023,1.03534,1.03573,2.25,2.25
2011.12.22 06:09:09.095,1.03534,1.03573,2.25,1.50
2011.12.22 06:09:09.891,1.03534,1.03573,2.25,2.25
2011.12.22 06:09:10.243,1.03534,1.03573,2.25,2.25
2011.12.22 06:09:11.142,1.03534,1.03573,2.25,2.25
2011.12.22 06:09:11.453,1.03534,1.03573,2.25,2.25
2011.12.22 06:09:15.913,1.03534,1.03573,2.25,2.25
2011.12.22 06:09:16.160,1.03534,1.03573,2.25,1.50
2011.12.22 06:09:17.887,1.03534,1.03573,2.25,2.25
2011.12.22 06:09:18.133,1.03534,1.03573,2.25,2.25
2011.12.22 06:09:18.676,1.03534,1.03573,2.25,2.25
2011.12.22 06:09:18.924,1.03534,1.03573,2.25,1.50
2011.12.22 06:09:19.843,1.03534,1.03573,2.25,2.25
2011.12.22 06:09:20.064,1.03534,1.03573,2.25,1.50
2011.12.22 06:09:20.858,1.03534,1.03573,2.25,2.25
2011.12.22 06:09:21.203,1.03534,1.03573,2.25,2.25
2011.12.22 06:09:21.966,1.03534,1.03573,2.25,2.25
2011.12.22 06:09:22.275,1.03534,1.03573,2.25,2.25
2011.12.22 06:09:22.951,1.03534,1.03573,2.25,2.25
2011.12.22 06:09:23.230,1.03534,1.03573,2.25,1.50
2011.12.22 06:09:23.985,1.03534,1.03573,2.25,2.25
2011.12.22 06:09:24.253,1.03534,1.03573,2.25,1.50
2011.12.22 06:09:25.022,1.03534,1.03573,2.25,2.25
2011.12.22 06:09:25.211,1.03534,1.03573,2.25,2.25
2011.12.22 06:09:25.981,1.03534,1.03573,2.25,2.25
2011.12.22 06:09:26.170,1.03534,1.03573,2.25,1.50
2011.12.22 06:09:26.992,1.03534,1.03573,2.25,2.25
2011.12.22 06:09:27.319,1.03534,1.03573,2.25,2.25
2011.12.22 06:09:27.983,1.03534,1.03573,2.25,2.25
2011.12.22 06:09:28.502,1.03534,1.03573,2.25,2.25
2011.12.22 06:09:28.926,1.03534,1.03573,2.25,2.25
2011.12.22 06:09:29.540,1.03534,1.03573,2.25,2.25
2011.12.22 06:09:32.734,1.03534,1.03569,2.25,1.50
2011.12.22 06:09:32.947,1.03534,1.0357,1.50,1.50
2011.12.22 06:09:33.194,1.03534,1.03573,2.25,3.00
2011.12.22 06:09:33.266,1.03533,1.03568,2.25,1.50
2011.12.22 06:09:33.396,1.03535,1.03571,2.25,1.35
2011.12.22 06:09:33.703,1.03535,1.03574,2.25,2.25
2011.12.22 06:09:34.277,1.03531,1.0357,2.25,2.25
2011.12.22 06:09:34.875,1.03531,1.0357,2.25,2.25
2011.12.22 06:09:37.883,1.03531,1.0357,2.25,1.50
2011.12.22 06:09:38.115,1.03531,1.0357,2.25,2.25
2011.12.22 06:09:38.416,1.03531,1.0357,2.25,1.88
2011.12.22 06:09:41.277,1.03533,1.0357,1.50,1.50
2011.12.22 06:09:41.406,1.03536,1.03573,1.50,2.25
2011.12.22 06:09:41.539,1.03525,1.03564,2.25,1.50
2011.12.22 06:09:41.601,1.03529,1.03564,1.50,1.50
2011.12.22 06:09:41.735,1.03532,1.03569,1.50,1.50
2011.12.22 06:09:51.403,1.03532,1.03564,2.25,1.50
2011.12.22 06:09:51.535,1.03528,1.03563,2.25,1.50
2011.12.22 06:09:51.963,1.03528,1.03565,2.25,1.50
2011.12.22 06:09:52.091,1.03526,1.03563,2.25,1.50
2011.12.22 06:09:52.573,1.03526,1.03563,2.25,1.50
2011.12.22 06:09:53.144,1.03526,1.03563,2.25,1.50
2011.12.22 06:09:57.091,1.03526,1.03563,2.25,1.50
2011.12.22 06:09:57.535,1.0352,1.03559,2.25,1.50
2011.12.22 06:09:57.862,1.0352,1.03559,2.25,1.50
2011.12.22 06:09:58.315,1.03527,1.03564,2.25,1.50
2011.12.22 06:09:58.958,1.03527,1.03564,1.50,2.25
2011.12.22 06:10:00.436,1.03527,1.03564,2.25,1.50
2011.12.22 06:10:02.354,1.03527,1.03564,2.25,1.50
2011.12.22 06:10:03.123,1.03527,1.03564,2.25,1.50
2011.12.22 06:10:03.633,1.03522,1.03559,2.25,1.50
2011.12.22 06:10:05.681,1.03522,1.03559,2.25,2.63
2011.12.22 06:10:06.133,1.03522,1.03558,1.50,1.50
2011.12.22 06:10:06.621,1.03522,1.03559,2.25,3.38
2011.12.22 06:10:06.962,1.03522,1.03559,1.50,2.25
2011.12.22 06:10:07.640,1.03522,1.03559,1.50,1.50
2011.12.22 06:10:09.123,1.03522,1.03559,1.50,2.25
2011.12.22 06:10:09.435,1.03522,1.03549,1.50,1.50
2011.12.22 06:10:09.687,1.03515,1.03553,2.25,1.13
2011.12.22 06:10:09.932,1.03515,1.03553,2.25,1.13
2011.12.22 06:10:10.902,1.03515,1.03554,2.25,2.63
2011.12.22 06:10:11.426,1.03515,1.03553,2.25,1.13
2011.12.22 06:10:11.855,1.03515,1.03553,2.25,1.13
2011.12.22 06:10:11.963,1.03515,1.03553,2.25,1.13
2011.12.22 06:10:12.272,1.03515,1.03554,2.25,2.63
2011.12.22 06:10:12.807,1.03515,1.03554,2.25,1.50
2011.12.22 06:10:15.427,1.03515,1.03554,2.25,1.50
2011.12.22 06:10:15.777,1.03519,1.03558,2.25,1.50
2011.12.22 06:10:16.164,1.03525,1.03562,2.25,1.50
2011.12.22 06:10:16.673,1.03525,1.03557,2.25,1.13
2011.12.22 06:10:17.049,1.03522,1.03551,2.25,1.50
2011.12.22 06:10:17.123,1.03517,1.03554,2.25,2.25
2011.12.22 06:10:17.193,1.03517,1.03554,2.25,1.50
2011.12.22 06:10:17.325,1.03519,1.03558,2.25,2.25
2011.12.22 06:10:22.924,1.03519,1.03558,2.25,3.00
2011.12.22 06:10:27.143,1.03519,1.03558,2.25,3.00
2011.12.22 06:10:27.701,1.03519,1.03558,2.25,2.63
2011.12.22 06:10:27.876,1.03519,1.03558,2.25,1.88
2011.12.22 06:10:28.842,1.03519,1.03558,2.25,2.63
2011.12.22 06:10:31.162,1.03519,1.03558,2.25,1.88
2011.12.22 06:10:31.883,1.03519,1.03558,2.25,1.50
2011.12.22 06:10:32.380,1.03526,1.03563,2.25,2.25
2011.12.22 06:10:33.143,1.03526,1.03563,2.25,2.25
2011.12.22 06:10:33.502,1.03531,1.03566,2.25,2.25
2011.12.22 06:10:34.401,1.03531,1.03564,2.25,1.50
2011.12.22 06:10:34.717,1.03518,1.03555,3.00,1.50
2011.12.22 06:10:34.787,1.0352,1.03557,2.25,1.50
2011.12.22 06:10:34.916,1.0352,1.03557,2.25,1.50
2011.12.22 06:10:36.162,1.0352,1.03557,2.25,1.50
2011.12.22 06:10:36.605,1.03523,1.03562,2.25,1.50
2011.12.22 06:10:37.365,1.03523,1.03562,2.25,2.25
2011.12.22 06:10:38.865,1.03523,1.03556,2.25,1.50
2011.12.22 06:10:39.182,1.03519,1.03553,2.25,1.50
2011.12.22 06:10:39.252,1.0352,1.03559,2.25,2.25
2011.12.22 06:10:46.148,1.0352,1.03559,2.25,2.25
2011.12.22 06:10:47.162,1.0352,1.03554,1.50,1.13
2011.12.22 06:10:47.293,1.03516,1.03554,2.25,1.13
2011.12.22 06:10:47.363,1.03516,1.03554,2.25,1.13
2011.12.22 06:10:48.811,1.03515,1.0355,2.25,1.50
2011.12.22 06:10:48.948,1.03516,1.03553,2.25,2.25
2011.12.22 06:10:49.015,1.03516,1.03555,2.25,2.25
2011.12.22 06:10:53.129,1.03517,1.03555,1.13,2.25
2011.12.22 06:10:53.257,1.03528,1.03558,1.50,1.50
2011.12.22 06:10:53.975,1.03528,1.03565,2.25,2.25
2011.12.22 06:10:54.191,1.03522,1.03561,2.25,1.50
2011.12.22 06:10:54.401,1.03522,1.03561,2.25,2.25
2011.12.22 06:10:54.904,1.03527,1.03564,2.25,1.50
2011.12.22 06:10:57.443,1.0353,1.03569,2.25,3.00
2011.12.22 06:10:57.694,1.0353,1.03569,2.25,2.25
2011.12.22 06:10:57.882,1.03537,1.03576,2.25,2.25
2011.12.22 06:11:00.684,1.03536,1.03571,2.25,2.25
2011.12.22 06:11:01.202,1.03534,1.03569,1.35,1.50
2011.12.22 06:11:01.817,1.03533,1.03571,1.35,2.25
2011.12.22 06:11:13.886,1.03532,1.03569,1.50,1.88
2011.12.22 06:11:17.482,1.03532,1.03568,2.25,1.50
2011.12.22 06:11:18.027,1.03532,1.03568,1.50,1.50
2011.12.22 06:11:19.695,1.03532,1.03568,2.25,1.50
2011.12.22 06:11:20.673,1.03532,1.03568,2.25,1.50
2011.12.22 06:11:21.024,1.03532,1.03568,2.25,1.50
2011.12.22 06:11:21.519,1.03532,1.03571,2.25,2.25
2011.12.22 06:11:21.583,1.03537,1.03574,2.25,2.25
2011.12.22 06:11:23.313,1.0354,1.03578,1.50,1.50
2011.12.22 06:11:23.643,1.03529,1.03566,1.50,2.25
2011.12.22 06:11:23.951,1.03535,1.03569,1.50,2.25
2011.12.22 06:11:24.022,1.03539,1.03576,1.50,2.25
2011.12.22 06:11:26.295,1.03539,1.03576,2.25,2.25
2011.12.22 06:11:28.115,1.03536,1.03565,2.25,1.50
2011.12.22 06:11:28.185,1.03528,1.03565,5.25,1.50
2011.12.22 06:11:28.492,1.03535,1.03569,2.25,1.05
2011.12.22 06:11:29.061,1.03535,1.03568,2.25,1.05
2011.12.22 06:11:30.518,1.03535,1.03568,2.25,1.05
2011.12.22 06:11:31.343,1.03535,1.03569,2.25,1.50
2011.12.22 06:11:32.111,1.03535,1.03572,2.25,2.25
2011.12.22 06:11:32.953,1.03529,1.03566,3.00,1.50
2011.12.22 06:11:33.712,1.03534,1.03571,2.25,2.25
2011.12.22 06:11:39.521,1.03534,1.03571,1.50,3.75
2011.12.22 06:11:45.091,1.03534,1.03571,2.25,3.00
2011.12.22 06:11:45.873,1.03534,1.03565,2.25,1.50
2011.12.22 06:11:46.297,1.03538,1.03575,2.25,2.25
2011.12.22 06:11:46.872,1.03538,1.03575,1.50,2.25
2011.12.22 06:11:49.633,1.03538,1.03575,2.25,2.25
2011.12.22 06:11:50.182,1.03538,1.03575,2.25,2.25
2011.12.22 06:11:50.821,1.03538,1.03574,2.25,1.50
2011.12.22 06:11:50.951,1.03538,1.03574,2.25,1.50
2011.12.22 06:11:51.712,1.03537,1.03574,2.25,3.15
2011.12.22 06:11:51.918,1.03537,1.03574,2.25,2.40
2011.12.22 06:11:52.135,1.03537,1.03574,2.25,2.40
2011.12.22 06:11:55.660,1.03537,1.03574,1.50,2.25
2011.12.22 06:11:55.734,1.03535,1.0357,1.50,2.25
2011.12.22 06:11:55.802,1.03533,1.0357,1.50,2.25
2011.12.22 06:11:56.652,1.03527,1.03566,2.25,2.25
2011.12.22 06:11:57.276,1.03533,1.0357,1.50,2.25
2011.12.22 06:11:59.831,1.03533,1.0357,2.25,2.25
2011.12.22 06:12:03.131,1.03533,1.0357,1.50,2.25
2011.12.22 06:12:03.350,1.03533,1.0357,2.25,2.25
2011.12.22 06:12:25.993,1.03541,1.03574,1.50,1.13
2011.12.22 06:12:27.392,1.03541,1.03574,1.50,1.13
2011.12.22 06:12:29.090,1.03541,1.03574,1.50,1.13
2011.12.22 06:12:30.252,1.03545,1.03574,1.50,1.13
2011.12.22 06:12:35.580,1.03545,1.03578,1.50,1.50
2011.12.22 06:12:35.831,1.03545,1.03578,2.25,1.50
2011.12.22 06:12:36.383,1.03548,1.03578,1.50,1.50
2011.12.22 06:12:39.646,1.03555,1.03586,1.50,1.65
2011.12.22 06:12:39.713,1.03555,1.03586,1.50,1.65
2011.12.22 06:12:40.637,1.03554,1.03583,1.50,2.25
2011.12.22 06:12:40.704,1.03544,1.03583,1.50,2.25
2011.12.22 06:12:41.014,1.03553,1.03579,1.50,1.50
2011.12.22 06:12:41.083,1.03551,1.03584,1.50,1.13
2011.12.22 06:12:41.342,1.0355,1.03584,1.50,1.28
2011.12.22 06:12:41.473,1.03544,1.03579,1.50,1.13
2011.12.22 06:12:42.420,1.03544,1.03574,1.50,1.13
2011.12.22 06:12:42.492,1.03544,1.03574,1.50,1.13
2011.12.22 06:12:44.968,1.03541,1.03574,1.50,1.13
2011.12.22 06:12:45.661,1.03541,1.03574,1.50,1.13
2011.12.22 06:12:47.311,1.03541,1.03574,2.25,1.13
2011.12.22 06:12:47.682,1.03543,1.03578,2.25,2.25
2011.12.22 06:12:48.351,1.03544,1.03578,1.50,1.50
2011.12.22 06:12:49.511,1.03544,1.03574,1.50,1.13
2011.12.22 06:12:49.621,1.03544,1.03574,1.50,1.13
2011.12.22 06:12:50.611,1.03544,1.03574,1.50,1.13
2011.12.22 06:12:51.218,1.0354,1.03576,1.50,2.25
2011.12.22 06:12:51.287,1.03537,1.03574,1.50,2.25
2011.12.22 06:12:51.355,1.03537,1.03574,1.50,2.25
2011.12.22 06:12:51.487,1.03537,1.03574,1.50,2.63
2011.12.22 06:12:54.502,1.03533,1.0357,1.50,2.25
2011.12.22 06:12:55.684,1.03537,1.03574,1.50,2.25
2011.12.22 06:12:55.965,1.03537,1.03574,2.25,2.25
2011.12.22 06:12:56.539,1.03533,1.03572,2.25,2.25
2011.12.22 06:12:57.671,1.03533,1.03572,1.50,2.25
2011.12.22 06:12:59.849,1.03533,1.03572,2.25,2.25
2011.12.22 06:13:33.881,1.0354,1.03574,1.50,2.25
2011.12.22 06:13:33.953,1.03543,1.03578,2.25,1.50
2011.12.22 06:13:34.813,1.03543,1.03578,2.25,2.10
2011.12.22 06:13:34.888,1.03543,1.03577,1.50,1.35
2011.12.22 06:13:34.957,1.0354,1.0357,2.25,2.25
2011.12.22 06:13:35.428,1.03542,1.03574,1.50,1.43
2011.12.22 06:13:35.503,1.03539,1.0357,2.25,2.25
2011.12.22 06:13:35.634,1.03531,1.03569,2.25,1.50
2011.12.22 06:13:35.873,1.03531,1.03569,2.25,1.50
2011.12.22 06:13:42.351,1.03531,1.03569,2.25,1.50
2011.12.22 06:13:43.153,1.03531,1.03569,2.25,1.50
2011.12.22 06:13:49.181,1.03531,1.0357,2.25,2.25
2011.12.22 06:13:50.204,1.03535,1.03571,2.40,2.25
2011.12.22 06:13:51.003,1.03535,1.03573,2.25,1.50
2011.12.22 06:13:51.360,1.03535,1.03574,2.63,3.00
2011.12.22 06:13:52.274,1.03535,1.03574,2.63,3.00
2011.12.22 06:13:52.601,1.03535,1.03573,2.25,1.50
2011.12.22 06:13:53.601,1.03535,1.03573,2.63,1.50
2011.12.22 06:13:56.346,1.03535,1.03574,2.63,2.25
2011.12.22 06:13:56.652,1.03541,1.03574,1.13,1.50
2011.12.22 06:14:03.642,1.03535,1.03574,2.63,2.25
2011.12.22 06:14:04.453,1.03535,1.03574,2.25,1.50
2011.12.22 06:14:09.901,1.03535,1.03574,2.63,2.25
2011.12.22 06:14:16.131,1.03535,1.03574,2.63,1.50
2011.12.22 06:14:17.612,1.03535,1.03574,2.63,1.50
2011.12.22 06:14:17.683,1.03535,1.03574,2.63,1.50
2011.12.22 06:14:21.713,1.0354,1.03574,1.13,1.50
2011.12.22 06:14:21.782,1.03546,1.03582,2.25,1.50
2011.12.22 06:14:21.973,1.03541,1.03578,2.25,1.50
2011.12.22 06:14:22.105,1.03541,1.03578,2.25,2.25
2011.12.22 06:14:22.668,1.03546,1.03583,2.63,3.00
2011.12.22 06:14:23.245,1.03546,1.03582,2.63,1.50
2011.12.22 06:14:25.425,1.03546,1.03582,2.63,1.50
2011.12.22 06:14:27.018,1.03539,1.03573,1.88,1.50
2011.12.22 06:14:27.264,1.03534,1.03573,2.25,3.00
2011.12.22 06:14:27.514,1.03538,1.03572,2.25,1.50
2011.12.22 06:14:27.822,1.03542,1.03569,1.50,1.50
2011.12.22 06:14:28.244,1.03543,1.03574,1.50,1.50
2011.12.22 06:14:28.493,1.03543,1.03582,1.50,2.25
2011.12.22 06:14:32.644,1.03545,1.03582,2.25,2.25
2011.12.22 06:14:32.713,1.03548,1.03585,1.50,3.00
2011.12.22 06:14:33.174,1.03548,1.03585,2.25,2.25
2011.12.22 06:14:33.937,1.03548,1.03583,2.25,1.50
2011.12.22 06:14:36.110,1.03543,1.03582,2.25,1.50
2011.12.22 06:14:39.571,1.03547,1.03586,2.25,2.25
2011.12.22 06:14:41.708,1.03538,1.03573,3.00,1.50
2011.12.22 06:14:41.774,1.03538,1.03573,3.00,1.50
2011.12.22 06:14:42.205,1.03547,1.03584,1.50,2.25
2011.12.22 06:14:45.920,1.03547,1.03579,1.50,1.13
2011.12.22 06:14:46.044,1.03537,1.03574,1.50,2.25
2011.12.22 06:14:47.395,1.03537,1.03573,2.25,1.50
2011.12.22 06:14:48.879,1.03541,1.03578,2.25,2.25
2011.12.22 06:14:49.373,1.03541,1.03578,2.25,3.00
2011.12.22 06:14:49.442,1.03551,1.03584,2.25,1.50
2011.12.22 06:14:49.574,1.03551,1.03584,2.25,1.50
2011.12.22 06:14:49.871,1.03551,1.03584,2.25,1.50
2011.12.22 06:14:50.477,1.03551,1.03578,1.50,1.50
2011.12.22 06:14:51.136,1.03551,1.03583,2.25,1.50
2011.12.22 06:14:55.240,1.03551,1.03586,2.25,2.51
2011.12.22 06:14:55.360,1.03551,1.03584,2.25,1.50
2011.12.22 06:14:55.560,1.03551,1.03584,2.25,2.10
2011.12.22 06:14:55.781,1.03551,1.03584,2.25,2.10
2011.12.22 06:14:56.247,1.03544,1.03578,3.00,1.50
2011.12.22 06:14:56.373,1.03544,1.03573,1.50,1.50
2011.12.22 06:14:59.484,1.03544,1.03578,2.25,1.50
2011.12.22 06:14:59.732,1.03548,1.03578,1.50,1.50
2011.12.22 06:15:00.043,1.03555,1.03586,2.25,2.55
2011.12.22 06:15:00.174,1.03555,1.03591,1.50,3.00
2011.12.22 06:15:00.243,1.03551,1.03584,2.25,1.50
2011.12.22 06:15:00.402,1.03551,1.03584,1.50,1.50
2011.12.22 06:15:00.802,1.03545,1.03584,1.80,3.00
2011.12.22 06:15:00.845,1.03551,1.03585,1.50,1.50
2011.12.22 06:15:00.921,1.03551,1.03585,1.88,1.50
2011.12.22 06:15:01.162,1.03553,1.03588,1.50,2.25
2011.12.22 06:15:01.475,1.03555,1.03594,1.50,2.63
2011.12.22 06:15:01.661,1.03551,1.0359,1.50,2.25
2011.12.22 06:15:02.163,1.03551,1.0359,1.50,2.25
2011.12.22 06:15:02.294,1.03546,1.03583,1.50,2.25
2011.12.22 06:15:03.186,1.03553,1.03585,1.50,3.00
2011.12.22 06:15:03.373,1.03549,1.03585,1.50,1.50
2011.12.22 06:15:03.750,1.03549,1.03585,1.50,1.50
2011.12.22 06:15:07.327,1.03549,1.03584,1.50,1.50
2011.12.22 06:15:07.390,1.03552,1.03584,1.50,1.50
2011.12.22 06:15:07.703,1.03555,1.03583,1.50,2.25
2011.12.22 06:15:08.195,1.03547,1.03579,1.65,1.50
2011.12.22 06:15:08.264,1.03549,1.03579,1.50,1.50
2011.12.22 06:15:08.700,1.03553,1.03585,1.50,1.50
2011.12.22 06:15:08.770,1.03548,1.03584,1.50,1.50
2011.12.22 06:15:10.959,1.03548,1.03585,1.50,1.50
2011.12.22 06:15:12.444,1.0354,1.03579,2.40,2.25
2011.12.22 06:15:15.358,1.0354,1.03579,2.25,3.00
2011.12.22 06:15:16.184,1.0354,1.03579,3.00,3.00
2011.12.22 06:15:18.878,1.0354,1.03579,3.00,2.25
2011.12.22 06:15:20.088,1.0354,1.03578,3.00,1.50
2011.12.22 06:15:24.047,1.03546,1.03583,2.25,1.50
2011.12.22 06:15:24.411,1.03546,1.03583,2.25,1.50
2011.12.22 06:15:25.487,1.03556,1.03586,2.25,1.50
2011.12.22 06:15:25.553,1.03556,1.03594,2.25,1.50
2011.12.22 06:15:37.736,1.03556,1.03595,2.25,3.00
2011.12.22 06:15:38.183,1.03556,1.03595,2.25,3.38
2011.12.22 06:15:38.372,1.03552,1.03591,1.50,2.25
2011.12.22 06:15:44.381,1.0355,1.03587,2.25,2.25
2011.12.22 06:15:46.490,1.03548,1.03587,1.50,2.25
2011.12.22 06:15:53.068,1.03554,1.03588,1.50,2.25
2011.12.22 06:15:53.133,1.03554,1.03588,1.50,2.25
2011.12.22 06:15:53.400,1.0356,1.03588,1.50,1.50
2011.12.22 06:15:59.364,1.0356,1.03595,1.50,1.50
2011.12.22 06:16:00.409,1.0356,1.03588,1.50,1.50
2011.12.22 06:16:00.478,1.03549,1.03583,2.25,1.50
2011.12.22 06:16:00.665,1.03549,1.03588,2.25,2.25
2011.12.22 06:16:00.732,1.03549,1.03584,2.25,1.50
2011.12.22 06:16:01.923,1.03549,1.03579,1.50,1.50
2011.12.22 06:16:02.361,1.03549,1.03579,1.50,1.50
2011.12.22 06:16:02.883,1.03549,1.03579,1.50,1.50
2011.12.22 06:16:03.515,1.03548,1.03573,1.50,1.50
2011.12.22 06:16:03.589,1.03541,1.03573,2.10,1.50
2011.12.22 06:16:03.773,1.03546,1.03574,1.50,1.50
2011.12.22 06:16:04.086,1.03543,1.03576,1.50,1.50
2011.12.22 06:16:04.733,1.03541,1.03576,2.25,1.50
2011.12.22 06:16:12.109,1.03541,1.03578,2.25,3.15
2011.12.22 06:16:12.218,1.03541,1.03578,2.25,3.15
2011.12.22 06:16:15.377,1.03541,1.03575,2.25,1.50
2011.12.22 06:16:18.311,1.03541,1.03578,2.25,3.15
2011.12.22 06:16:22.113,1.03541,1.03578,2.25,3.15
2011.12.22 06:16:22.552,1.03541,1.03578,2.25,3.15
2011.12.22 06:16:26.436,1.03541,1.03578,2.63,2.40
2011.12.22 06:16:26.505,1.0355,1.0358,2.25,2.40
2011.12.22 06:16:27.089,1.0355,1.03584,2.25,2.25
2011.12.22 06:16:27.809,1.0355,1.03578,1.50,1.65
2011.12.22 06:16:35.343,1.03539,1.03574,2.25,1.50
2011.12.22 06:16:35.411,1.03539,1.03574,2.25,1.50
2011.12.22 06:16:35.860,1.03539,1.03578,2.25,2.55
2011.12.22 06:16:37.067,1.0354,1.03578,1.05,2.25
2011.12.22 06:16:37.431,1.03549,1.03578,1.50,1.50
2011.12.22 06:16:37.504,1.03549,1.03588,1.50,2.40
2011.12.22 06:16:39.403,1.03549,1.03584,1.50,1.65
2011.12.22 06:16:39.478,1.03535,1.03574,2.40,3.00
2011.12.22 06:16:41.163,1.03541,1.03569,1.50,1.50
2011.12.22 06:17:13.536,1.03541,1.03569,1.50,1.50
2011.12.22 06:17:13.626,1.03536,1.03569,2.25,1.50
2011.12.22 06:17:13.923,1.03536,1.03569,2.25,1.50
2011.12.22 06:17:14.941,1.03536,1.03569,2.25,1.50
2011.12.22 06:17:15.415,1.03536,1.03571,2.25,1.20
2011.12.22 06:17:21.115,1.03536,1.03568,2.25,1.50
2011.12.22 06:17:21.609,1.03536,1.03571,2.25,1.43
2011.12.22 06:17:21.672,1.03536,1.03568,2.25,1.50
2011.12.22 06:17:24.078,1.03536,1.03571,2.25,1.43
2011.12.22 06:17:24.414,1.03543,1.03579,1.50,1.62
2011.12.22 06:17:24.932,1.03535,1.03573,2.25,1.43
2011.12.22 06:17:32.336,1.03535,1.03574,2.25,2.18
2011.12.22 06:17:33.151,1.03544,1.03574,1.50,1.73
2011.12.22 06:17:35.645,1.03544,1.03576,2.25,1.58
2011.12.22 06:17:38.582,1.03544,1.03576,2.25,1.58
2011.12.22 06:17:39.610,1.03544,1.03573,1.50,1.73
2011.12.22 06:17:39.793,1.03538,1.03574,2.25,1.73
2011.12.22 06:17:39.866,1.03538,1.03574,2.25,1.73
2011.12.22 06:17:39.933,1.03538,1.03569,1.50,1.50
2011.12.22 06:17:40.184,1.03538,1.03572,2.25,1.88
2011.12.22 06:17:40.313,1.03538,1.03572,2.25,1.58
2011.12.22 06:17:40.567,1.03538,1.03572,2.25,1.50
2011.12.22 06:17:40.635,1.03538,1.03572,1.50,2.25
2011.12.22 06:17:41.218,1.03539,1.03573,2.25,1.65
2011.12.22 06:17:47.451,1.03539,1.03573,2.25,1.65
2011.12.22 06:17:47.521,1.03539,1.03568,1.50,1.50
2011.12.22 06:17:47.656,1.03539,1.03574,2.25,1.80
2011.12.22 06:17:48.242,1.03539,1.03574,2.25,1.65
2011.12.22 06:17:50.763,1.03539,1.03568,1.50,1.50
2011.12.22 06:17:50.954,1.03539,1.03574,2.25,1.65
2011.12.22 06:17:51.605,1.03539,1.03574,2.25,1.65
2011.12.22 06:17:55.355,1.03539,1.03571,1.50,1.65
2011.12.22 06:17:55.727,1.03539,1.03574,2.25,1.65
2011.12.22 06:17:56.524,1.03539,1.03574,2.25,1.65
2011.12.22 06:18:00.414,1.03539,1.03571,1.50,1.65
2011.12.22 06:18:00.625,1.03539,1.03573,2.25,1.65
2011.12.22 06:18:11.631,1.03539,1.03576,2.25,2.70
2011.12.22 06:18:12.421,1.03542,1.03578,2.25,2.33
2011.12.22 06:18:12.498,1.03542,1.03578,2.25,1.20
2011.12.22 06:18:12.955,1.03549,1.03579,1.50,1.50
2011.12.22 06:18:13.622,1.03549,1.03584,2.25,1.50
2011.12.22 06:18:13.753,1.03555,1.03584,1.50,1.50
2011.12.22 06:18:15.195,1.03555,1.03594,2.25,2.25
2011.12.22 06:18:15.270,1.03555,1.03594,1.50,2.25
2011.12.22 06:18:17.432,1.03555,1.03594,1.50,2.25
2011.12.22 06:18:17.824,1.03555,1.03594,1.50,2.25
2011.12.22 06:18:37.673,1.03555,1.03594,1.50,2.25
2011.12.22 06:18:38.324,1.0355,1.03587,1.50,2.25
2011.12.22 06:18:39.135,1.0355,1.03587,2.25,2.25
2011.12.22 06:18:42.712,1.0355,1.03587,2.25,1.50
2011.12.22 06:18:47.768,1.03553,1.0359,2.25,3.00
2011.12.22 06:18:48.115,1.03556,1.03593,3.75,1.05
2011.12.22 06:18:48.253,1.03558,1.03594,2.25,1.80
2011.12.22 06:18:48.736,1.03562,1.036,1.50,1.50
2011.12.22 06:18:49.232,1.03562,1.036,2.25,1.50
2011.12.22 06:18:49.446,1.03562,1.036,1.50,1.50
2011.12.22 06:18:49.517,1.03562,1.036,2.25,1.50
2011.12.22 06:18:49.648,1.03562,1.03596,1.50,1.13
2011.12.22 06:18:49.840,1.03559,1.03596,2.25,2.63
2011.12.22 06:18:50.696,1.03554,1.03593,2.25,1.50
2011.12.22 06:18:51.724,1.03559,1.03596,2.25,1.13
2011.12.22 06:18:51.795,1.03559,1.03596,1.50,1.13
2011.12.22 06:18:52.808,1.03559,1.03596,1.50,1.13
2011.12.22 06:18:52.993,1.03559,1.03596,2.25,1.13
2011.12.22 06:18:53.714,1.03559,1.03598,1.50,2.55
2011.12.22 06:18:53.788,1.03554,1.03593,2.25,2.25
2011.12.22 06:18:53.914,1.0356,1.03597,2.25,2.25
2011.12.22 06:18:54.968,1.0356,1.03597,2.25,1.50
2011.12.22 06:18:55.304,1.0356,1.03597,2.25,2.25
2011.12.22 06:18:55.494,1.0356,1.03593,2.25,1.50
2011.12.22 06:18:56.079,1.0356,1.03593,2.25,1.50
2011.12.22 06:18:56.186,1.03565,1.036,2.25,1.50
2011.12.22 06:18:56.638,1.03565,1.036,1.50,1.50
2011.12.22 06:18:56.950,1.0356,1.03595,1.50,1.50
2011.12.22 06:18:57.762,1.0356,1.03594,2.25,1.50
2011.12.22 06:18:59.727,1.0356,1.03593,2.25,1.50
2011.12.22 06:19:01.759,1.0356,1.03595,2.25,1.50
2011.12.22 06:19:02.547,1.03564,1.03595,1.50,1.50
2011.12.22 06:19:02.996,1.03564,1.03601,2.25,3.00
2011.12.22 06:19:03.245,1.03567,1.03603,2.25,1.50
2011.12.22 06:19:03.436,1.03567,1.03605,1.50,1.50
2011.12.22 06:19:04.355,1.03567,1.03605,2.25,1.50
2011.12.22 06:19:08.371,1.03567,1.03605,1.50,1.50
2011.12.22 06:19:08.735,1.03567,1.03605,2.25,1.50
2011.12.22 06:19:10.114,1.03567,1.03605,2.25,1.50
2011.12.22 06:19:10.594,1.03567,1.03603,2.25,1.50
2011.12.22 06:19:10.724,1.03567,1.036,2.25,1.50
2011.12.22 06:19:11.112,1.03567,1.036,1.50,1.50
2011.12.22 06:19:11.473,1.03563,1.03599,1.50,1.50
2011.12.22 06:19:13.593,1.03561,1.03596,2.25,1.50
2011.12.22 06:19:13.665,1.0356,1.03596,1.50,1.50
2011.12.22 06:19:14.432,1.0356,1.0359,1.50,1.50
2011.12.22 06:19:16.157,1.0356,1.03596,2.25,1.50
2011.12.22 06:19:17.183,1.0356,1.0359,1.50,1.50
2011.12.22 06:19:17.494,1.0356,1.0359,1.50,1.50
2011.12.22 06:19:17.563,1.03551,1.0359,3.00,3.00
2011.12.22 06:19:18.134,1.03551,1.0359,2.25,2.25
2011.12.22 06:19:18.464,1.03551,1.0359,2.25,1.50
2011.12.22 06:19:18.534,1.03557,1.03596,2.25,2.25
2011.12.22 06:19:18.912,1.03557,1.03596,1.50,2.25
2011.12.22 06:19:19.163,1.03557,1.03591,1.50,1.50
2011.12.22 06:19:19.393,1.03557,1.03591,2.25,1.50
2011.12.22 06:19:19.889,1.03557,1.03594,2.25,1.50
2011.12.22 06:19:20.015,1.03552,1.03591,2.25,3.00
2011.12.22 06:19:20.085,1.03552,1.03583,2.25,1.50
2011.12.22 06:19:21.342,1.03552,1.03588,2.25,1.50
2011.12.22 06:19:21.592,1.03557,1.03591,2.25,2.10
2011.12.22 06:19:21.725,1.03557,1.03591,2.25,1.35
2011.12.22 06:19:22.104,1.03557,1.03592,2.25,1.20
2011.12.22 06:19:22.234,1.0356,1.03596,2.25,1.50
2011.12.22 06:19:22.711,1.0356,1.03596,2.25,1.50
2011.12.22 06:19:22.781,1.03565,1.036,2.25,1.50
2011.12.22 06:19:22.851,1.03567,1.03605,2.25,1.50
2011.12.22 06:19:25.631,1.03567,1.03605,2.25,1.50
2011.12.22 06:19:26.856,1.03567,1.03604,2.25,1.13
2011.12.22 06:19:26.927,1.03573,1.03606,1.50,1.50
2011.12.22 06:19:27.245,1.03568,1.03605,1.50,3.00
2011.12.22 06:19:28.549,1.03568,1.03603,1.50,1.13
2011.12.22 06:19:29.370,1.03568,1.03603,1.50,1.13
2011.12.22 06:19:29.806,1.03564,1.03601,2.25,2.25
2011.12.22 06:19:30.962,1.03571,1.03608,3.75,2.55
2011.12.22 06:19:31.153,1.03573,1.03609,1.50,1.43
2011.12.22 06:19:31.813,1.03578,1.0361,1.50,1.50
2011.12.22 06:19:32.716,1.03578,1.03614,1.50,1.13
2011.12.22 06:19:32.976,1.03575,1.03612,1.50,2.25
2011.12.22 06:19:33.387,1.03573,1.03608,1.50,1.13
2011.12.22 06:19:33.689,1.0357,1.03606,1.50,1.50
2011.12.22 06:19:33.935,1.0357,1.03605,1.50,1.50
2011.12.22 06:19:34.124,1.0357,1.03606,1.50,1.50
2011.12.22 06:19:34.659,1.0357,1.03602,1.50,1.13
2011.12.22 06:19:35.130,1.0357,1.03601,1.50,2.25
2011.12.22 06:19:35.199,1.03562,1.03599,1.50,2.25
2011.12.22 06:19:35.834,1.03562,1.03599,1.50,2.25
2011.12.22 06:19:35.902,1.03564,1.03599,1.50,2.25
2011.12.22 06:19:36.212,1.03566,1.03601,1.50,1.50
2011.12.22 06:19:36.283,1.03566,1.03601,2.25,1.50
2011.12.22 06:19:36.532,1.03569,1.03606,1.50,1.05
2011.12.22 06:19:38.835,1.03577,1.03609,1.50,1.13
2011.12.22 06:19:38.930,1.03577,1.03609,1.50,1.13
2011.12.22 06:19:39.176,1.03574,1.0361,1.50,3.00
2011.12.22 06:19:39.303,1.03571,1.0361,3.00,3.00
2011.12.22 06:19:39.374,1.03571,1.0361,1.50,2.25
2011.12.22 06:19:39.443,1.03569,1.03605,1.50,2.25
2011.12.22 06:19:39.516,1.03566,1.03605,2.25,2.25
2011.12.22 06:19:39.644,1.03571,1.03601,1.50,1.50
2011.12.22 06:19:39.994,1.03571,1.03609,1.50,2.03
2011.12.22 06:19:40.361,1.03571,1.03609,1.50,2.03
2011.12.22 06:19:57.136,1.03571,1.0361,2.25,3.00
2011.12.22 06:19:58.897,1.03571,1.0361,2.25,3.00
2011.12.22 06:19:59.278,1.03571,1.0361,2.25,3.00
2011.12.22 06:19:59.682,1.03573,1.0361,2.25,2.25
2011.12.22 06:20:00.008,1.0358,1.03616,2.25,1.80
2011.12.22 06:20:00.325,1.03584,1.03613,1.50,1.50
2011.12.22 06:20:00.704,1.03584,1.03617,1.50,1.05
2011.12.22 06:20:01.659,1.03584,1.03621,1.50,3.00
2011.12.22 06:20:03.208,1.03584,1.03621,2.25,3.00
2011.12.22 06:20:03.786,1.03582,1.03621,2.25,3.00
2011.12.22 06:20:04.126,1.03586,1.03621,1.50,1.50
2011.12.22 06:20:04.255,1.03586,1.03621,2.25,1.50
2011.12.22 06:20:05.895,1.03586,1.03618,1.50,1.13
2011.12.22 06:20:06.433,1.03578,1.03615,2.25,2.25
2011.12.22 06:20:06.686,1.03588,1.03619,1.50,1.50
2011.12.22 06:20:06.824,1.03588,1.03625,1.50,3.00
2011.12.22 06:20:06.895,1.03588,1.03625,1.50,3.00
2011.12.22 06:20:08.337,1.03583,1.03618,1.50,1.35
2011.12.22 06:20:08.586,1.0358,1.03616,2.25,1.50
2011.12.22 06:20:08.659,1.0358,1.03616,1.50,1.50
2011.12.22 06:20:09.251,1.03585,1.03618,1.50,1.35
2011.12.22 06:20:09.852,1.03585,1.0362,2.25,1.50
2011.12.22 06:20:10.105,1.03592,1.03628,1.50,1.73
2011.12.22 06:20:11.185,1.03592,1.03628,1.50,1.73
2011.12.22 06:20:11.880,1.03592,1.03628,1.50,1.73
2011.12.22 06:20:12.598,1.03592,1.03628,1.50,1.73
2011.12.22 06:20:12.665,1.03592,1.03628,1.50,1.73
2011.12.22 06:20:12.866,1.03592,1.03628,1.50,1.73
2011.12.22 06:20:12.989,1.03592,1.03628,1.50,1.73
2011.12.22 06:20:13.106,1.03592,1.03628,1.50,1.73
2011.12.22 06:20:16.433,1.0359,1.03615,1.50,2.25
2011.12.22 06:20:16.504,1.03578,1.03615,1.50,2.25
2011.12.22 06:20:16.632,1.03578,1.03615,1.50,2.25
2011.12.22 06:20:16.703,1.03583,1.03615,1.50,1.50
2011.12.22 06:20:17.265,1.03587,1.03619,1.50,1.05
2011.12.22 06:20:17.940,1.03586,1.0362,2.25,1.50
2011.12.22 06:20:18.666,1.03589,1.0362,1.50,1.50
2011.12.22 06:20:19.003,1.03591,1.03628,1.50,1.13
2011.12.22 06:20:21.334,1.03591,1.03628,1.50,1.13
2011.12.22 06:20:21.464,1.03577,1.03616,4.50,2.40
2011.12.22 06:20:21.595,1.03577,1.03616,2.25,2.40
2011.12.22 06:20:22.120,1.03587,1.03619,1.50,1.05
2011.12.22 06:20:22.461,1.03592,1.03631,1.50,3.15
2011.12.22 06:20:23.646,1.03592,1.03631,1.50,3.30
2011.12.22 06:20:23.714,1.03598,1.03631,1.50,1.80
2011.12.22 06:20:26.394,1.03598,1.03632,1.50,1.95
2011.12.22 06:20:28.641,1.03593,1.03631,1.50,1.80
2011.12.22 06:20:29.207,1.03587,1.03624,2.25,1.35
2011.12.22 06:20:29.523,1.03587,1.03624,3.00,1.35
2011.12.22 06:20:40.506,1.03587,1.03623,2.25,1.50
2011.12.22 06:20:41.410,1.03587,1.0362,2.25,1.50
2011.12.22 06:20:41.941,1.03587,1.0362,1.50,1.50
2011.12.22 06:20:43.268,1.03587,1.0362,2.25,1.50
2011.12.22 06:20:46.112,1.03587,1.0362,1.50,1.50
2011.12.22 06:20:46.663,1.03587,1.0362,2.25,1.50
2011.12.22 06:20:50.294,1.03587,1.0362,1.50,1.50
2011.12.22 06:20:50.576,1.03587,1.0362,1.50,1.50
2011.12.22 06:20:51.097,1.03587,1.03618,1.50,1.50
2011.12.22 06:20:51.225,1.03583,1.03619,2.25,1.50
2011.12.22 06:20:56.812,1.03592,1.03621,1.50,1.05
2011.12.22 06:20:57.006,1.03587,1.03625,2.25,1.80
2011.12.22 06:21:04.464,1.03587,1.03625,3.00,1.80
2011.12.22 06:21:14.929,1.03587,1.03625,3.00,1.80
2011.12.22 06:21:15.026,1.03587,1.03625,3.00,1.80
2011.12.22 06:21:15.152,1.03587,1.03625,2.25,1.80
2011.12.22 06:21:16.367,1.03587,1.03625,3.00,1.65
2011.12.22 06:21:18.632,1.03587,1.03623,2.25,1.50
2011.12.22 06:21:25.485,1.03587,1.03621,2.25,1.50
2011.12.22 06:21:25.589,1.03587,1.03623,2.25,1.50
2011.12.22 06:21:26.623,1.03587,1.03621,1.50,1.50
2011.12.22 06:21:26.894,1.03587,1.03624,2.25,1.50
2011.12.22 06:21:29.683,1.03587,1.03625,2.25,1.05
2011.12.22 06:21:30.308,1.03593,1.03624,1.50,1.65
2011.12.22 06:21:30.383,1.03593,1.03626,2.25,2.10
2011.12.22 06:21:30.942,1.03593,1.03626,2.25,2.10
2011.12.22 06:21:36.339,1.03593,1.03627,2.25,2.25
2011.12.22 06:21:40.881,1.03593,1.03627,2.25,2.25
2011.12.22 06:21:41.247,1.03593,1.03627,2.25,2.25
2011.12.22 06:21:41.435,1.03593,1.03627,2.25,2.25
2011.12.22 06:21:41.504,1.03595,1.03628,2.25,1.05
2011.12.22 06:21:46.598,1.03592,1.03628,2.25,1.50
2011.12.22 06:21:46.668,1.03592,1.03626,2.25,1.50
2011.12.22 06:21:46.816,1.03592,1.03628,2.25,1.50
2011.12.22 06:21:46.965,1.03592,1.03631,2.25,3.00
2011.12.22 06:21:59.603,1.03592,1.03631,1.50,2.25
2011.12.22 06:22:04.022,1.03588,1.03624,2.25,1.50
2011.12.22 06:22:05.362,1.03588,1.03626,1.50,1.50
2011.12.22 06:22:06.645,1.03588,1.03623,2.25,1.50
2011.12.22 06:22:07.525,1.03588,1.0362,1.50,1.50
2011.12.22 06:22:11.389,1.03588,1.03623,2.25,1.50
2011.12.22 06:22:12.591,1.03588,1.0362,1.50,1.50
2011.12.22 06:22:14.563,1.03588,1.03623,2.25,1.50
2011.12.22 06:22:15.114,1.03588,1.03626,2.25,1.20
2011.12.22 06:22:15.405,1.03588,1.03623,2.25,1.50
2011.12.22 06:22:18.063,1.03588,1.03623,2.25,1.50
2011.12.22 06:22:18.760,1.03588,1.03623,2.25,1.50
2011.12.22 06:22:19.266,1.03588,1.03626,2.25,1.05
2011.12.22 06:22:19.472,1.03588,1.03627,2.25,2.25
2011.12.22 06:22:20.755,1.03593,1.03632,2.25,3.00
2011.12.22 06:22:21.304,1.03603,1.03633,1.50,1.80
2011.12.22 06:22:21.391,1.03603,1.03635,2.25,1.35
2011.12.22 06:22:21.457,1.03603,1.03636,2.25,1.35
2011.12.22 06:22:25.141,1.03603,1.03635,1.50,1.35
2011.12.22 06:22:25.212,1.03601,1.03635,2.25,1.50
2011.12.22 06:22:25.935,1.03597,1.03632,2.25,1.05
2011.12.22 06:22:26.447,1.03602,1.03634,1.50,1.20
2011.12.22 06:22:26.578,1.03602,1.03635,1.50,2.10
2011.12.22 06:22:26.889,1.03606,1.03637,1.50,1.50
2011.12.22 06:22:27.022,1.03601,1.03637,2.25,1.50
2011.12.22 06:22:27.095,1.03601,1.03638,2.25,1.50
2011.12.22 06:22:27.533,1.03601,1.0364,2.25,2.25
2011.12.22 06:22:28.856,1.03601,1.0364,2.25,2.25
2011.12.22 06:22:29.420,1.03601,1.03638,2.25,1.65
2011.12.22 06:22:29.735,1.03611,1.03643,2.25,1.05
2011.12.22 06:22:29.804,1.03611,1.03646,2.25,1.50
2011.12.22 06:22:29.940,1.03622,1.03646,1.50,1.50
2011.12.22 06:22:30.203,1.03622,1.03659,2.25,2.25
2011.12.22 06:22:30.388,1.03622,1.03659,2.25,2.25
2011.12.22 06:22:30.518,1.03622,1.03659,2.25,2.25
2011.12.22 06:22:31.404,1.03622,1.03659,2.25,2.25
2011.12.22 06:22:31.537,1.03617,1.03652,1.95,1.50
2011.12.22 06:22:31.724,1.03617,1.03652,2.25,2.25
2011.12.22 06:22:32.094,1.03622,1.03656,1.50,2.25
2011.12.22 06:22:32.356,1.03623,1.03661,1.50,1.50
2011.12.22 06:22:33.935,1.03623,1.03662,1.50,3.00
2011.12.22 06:22:34.008,1.03623,1.03662,2.25,3.00
2011.12.22 06:22:34.137,1.03623,1.03662,1.50,3.00
2011.12.22 06:22:34.445,1.03633,1.03659,1.50,1.13
2011.12.22 06:22:34.971,1.03633,1.03653,1.50,1.50
2011.12.22 06:22:35.052,1.03622,1.03659,2.25,2.25
2011.12.22 06:22:36.716,1.03623,1.03657,1.50,1.50
2011.12.22 06:22:36.786,1.03626,1.03663,1.50,2.25
2011.12.22 06:22:37.635,1.03626,1.03662,1.50,1.50
2011.12.22 06:22:38.845,1.03626,1.03662,1.50,1.50
2011.12.22 06:22:39.066,1.03626,1.03662,1.50,1.50
2011.12.22 06:22:39.215,1.03626,1.03662,1.50,1.50
2011.12.22 06:22:39.419,1.03626,1.03661,1.50,1.50
2011.12.22 06:22:39.547,1.03623,1.03658,1.50,2.25
2011.12.22 06:22:39.964,1.03619,1.03658,1.50,2.25
2011.12.22 06:22:40.051,1.03629,1.03663,1.50,3.00
2011.12.22 06:22:40.186,1.03629,1.03666,1.50,2.25
2011.12.22 06:22:40.378,1.03629,1.03661,1.50,1.50
2011.12.22 06:22:40.446,1.03626,1.03661,1.50,1.50
2011.12.22 06:22:42.698,1.03626,1.03661,2.25,1.50
2011.12.22 06:22:43.392,1.03626,1.03661,1.50,1.50
2011.12.22 06:22:43.584,1.03626,1.03665,2.25,2.25
2011.12.22 06:22:45.497,1.03626,1.03665,2.63,2.25
2011.12.22 06:22:46.445,1.03626,1.03665,2.63,1.50
2011.12.22 06:22:49.415,1.03626,1.03665,2.63,2.25
2011.12.22 06:22:50.062,1.03626,1.03665,2.63,2.25
2011.12.22 06:22:50.445,1.03631,1.03668,2.25,2.25
2011.12.22 06:22:51.055,1.03631,1.03668,2.25,1.50
2011.12.22 06:22:51.714,1.03631,1.03668,2.25,2.25
2011.12.22 06:22:56.193,1.03635,1.03668,2.25,2.25
2011.12.22 06:22:58.931,1.03637,1.03672,1.50,1.50
2011.12.22 06:22:59.162,1.03637,1.03672,1.50,1.50
2011.12.22 06:23:00.697,1.03637,1.03673,2.25,1.50
2011.12.22 06:23:00.896,1.03642,1.03673,1.13,1.50
2011.12.22 06:23:00.968,1.0365,1.03673,1.50,1.50
2011.12.22 06:23:01.098,1.03642,1.03673,1.13,1.50
2011.12.22 06:23:01.164,1.03644,1.0368,1.50,2.25
2011.12.22 06:23:01.234,1.03649,1.03682,1.50,2.25
2011.12.22 06:23:01.577,1.03654,1.03687,1.50,1.50
2011.12.22 06:23:01.706,1.03654,1.03687,1.50,1.50
2011.12.22 06:23:02.348,1.03654,1.03682,1.50,1.50
2011.12.22 06:23:02.428,1.03647,1.03682,1.50,1.50
2011.12.22 06:23:03.273,1.03643,1.0368,1.50,2.25
2011.12.22 06:23:03.443,1.03643,1.0368,1.50,2.25
2011.12.22 06:23:03.780,1.03643,1.0368,1.50,2.25
2011.12.22 06:23:04.654,1.03643,1.0368,1.50,2.63
2011.12.22 06:23:04.784,1.03643,1.0368,2.25,2.25
2011.12.22 06:23:05.316,1.03643,1.0368,1.50,2.25
2011.12.22 06:23:08.800,1.03643,1.0368,1.50,2.25
2011.12.22 06:23:10.103,1.03631,1.0367,2.25,2.25
2011.12.22 06:23:11.726,1.0364,1.03677,1.50,2.25
2011.12.22 06:23:11.913,1.0363,1.03666,1.13,2.25
2011.12.22 06:23:12.123,1.03629,1.03666,1.50,1.50
2011.12.22 06:23:12.316,1.03634,1.03673,2.25,2.25
2011.12.22 06:23:13.018,1.03641,1.0368,2.25,2.25
2011.12.22 06:23:14.080,1.03641,1.0368,1.50,2.25
2011.12.22 06:23:14.332,1.03635,1.03671,2.25,1.13
2011.12.22 06:23:14.464,1.03642,1.03673,1.50,3.00
2011.12.22 06:23:14.901,1.03642,1.03679,2.25,2.25
2011.12.22 06:23:17.820,1.03642,1.03679,1.50,2.25
2011.12.22 06:23:17.945,1.03629,1.03664,1.50,2.25
2011.12.22 06:23:18.253,1.03634,1.03666,1.50,2.25
2011.12.22 06:23:19.382,1.03634,1.03671,2.25,2.25
2011.12.22 06:23:19.514,1.03639,1.03672,1.50,3.75
2011.12.22 06:23:19.707,1.03631,1.03668,3.00,2.25
2011.12.22 06:23:19.776,1.03635,1.0367,1.50,1.13
2011.12.22 06:23:20.928,1.03631,1.03664,1.50,1.13
2011.12.22 06:23:21.057,1.03627,1.03659,1.50,2.25
2011.12.22 06:23:21.797,1.03629,1.03664,1.50,1.13
2011.12.22 06:23:22.387,1.0363,1.03667,1.50,1.50
2011.12.22 06:23:22.696,1.0364,1.03675,1.50,2.25
2011.12.22 06:23:22.764,1.0364,1.03676,2.25,1.35
2011.12.22 06:23:23.286,1.0364,1.03676,1.50,1.35
2011.12.22 06:23:23.360,1.0364,1.03676,2.25,1.35
2011.12.22 06:23:24.404,1.0364,1.03677,1.50,2.25
2011.12.22 06:23:24.755,1.03644,1.03681,1.50,2.25
2011.12.22 06:23:24.884,1.03644,1.03681,1.50,2.25
2011.12.22 06:23:25.074,1.03648,1.03685,1.50,2.25
2011.12.22 06:23:26.425,1.03648,1.03685,1.50,2.25
2011.12.22 06:23:26.556,1.03652,1.03687,1.50,2.25
2011.12.22 06:23:27.259,1.03651,1.03688,2.25,2.25
2011.12.22 06:23:28.003,1.03651,1.03688,1.50,2.25
2011.12.22 06:23:31.493,1.03651,1.03688,1.50,2.25
2011.12.22 06:23:33.175,1.03651,1.03688,1.50,2.25
2011.12.22 06:23:34.716,1.03651,1.03688,2.25,2.25
2011.12.22 06:23:36.412,1.03651,1.03688,1.50,2.25
2011.12.22 06:23:37.801,1.03651,1.03688,1.50,2.25
2011.12.22 06:23:38.175,1.03651,1.03688,1.50,2.25
2011.12.22 06:23:38.365,1.03652,1.03689,1.50,2.25
2011.12.22 06:23:38.437,1.03654,1.03689,1.50,2.25
2011.12.22 06:23:38.744,1.03656,1.03695,1.50,2.25
2011.12.22 06:23:48.905,1.03656,1.03695,2.25,2.25
2011.12.22 06:23:50.896,1.03656,1.03695,1.50,2.25
2011.12.22 06:23:51.269,1.03649,1.03683,1.50,1.50
2011.12.22 06:23:51.467,1.03654,1.03692,1.50,3.00
2011.12.22 06:23:52.225,1.0364,1.03679,2.25,1.50
2011.12.22 06:23:53.703,1.03641,1.03679,1.13,2.25
2011.12.22 06:23:56.465,1.03645,1.03675,2.25,1.50
2011.12.22 06:23:56.535,1.03638,1.03674,1.50,1.50
2011.12.22 06:23:56.606,1.03638,1.03674,1.50,1.50
2011.12.22 06:23:56.817,1.0364,1.03679,2.25,1.50
2011.12.22 06:23:57.393,1.0364,1.03679,2.25,2.25
2011.12.22 06:23:57.567,1.0364,1.03679,2.25,3.00
2011.12.22 06:23:58.260,1.03639,1.03674,1.50,2.25
2011.12.22 06:23:58.333,1.03637,1.03674,2.25,2.25
2011.12.22 06:23:58.413,1.0364,1.03674,1.13,1.50
2011.12.22 06:23:58.906,1.03642,1.03681,2.25,2.25
2011.12.22 06:23:59.096,1.03652,1.03689,1.50,2.25
2011.12.22 06:23:59.423,1.03648,1.03687,1.50,2.25
2011.12.22 06:24:00.775,1.03648,1.03687,2.25,2.25
2011.12.22 06:24:01.353,1.03652,1.03689,1.50,2.25
2011.12.22 06:24:01.883,1.03649,1.03681,1.50,2.25
2011.12.22 06:24:01.955,1.03642,1.03681,2.25,2.25
2011.12.22 06:24:02.384,1.03642,1.03681,2.63,2.25
2011.12.22 06:24:02.460,1.03645,1.03681,1.13,2.25
2011.12.22 06:24:02.643,1.0365,1.03689,1.50,2.25
2011.12.22 06:24:06.422,1.03646,1.03685,2.25,2.25
2011.12.22 06:24:08.133,1.0364,1.03679,2.25,2.25
2011.12.22 06:24:08.444,1.03644,1.03683,1.50,2.25
2011.12.22 06:24:09.636,1.03639,1.03678,2.25,2.25
2011.12.22 06:24:09.763,1.03639,1.03678,2.25,1.50
2011.12.22 06:24:09.896,1.03641,1.03678,1.13,2.25
2011.12.22 06:24:09.964,1.03643,1.03678,1.50,2.25
2011.12.22 06:24:10.322,1.03645,1.03682,1.50,2.25
2011.12.22 06:24:10.458,1.03645,1.03682,2.25,2.25
2011.12.22 06:24:11.192,1.03643,1.03679,1.50,2.25
2011.12.22 06:24:11.391,1.03632,1.03671,3.00,2.25
2011.12.22 06:24:17.292,1.03632,1.03671,1.50,2.25
2011.12.22 06:24:18.507,1.03632,1.03671,1.50,2.25
2011.12.22 06:24:18.602,1.03632,1.03671,2.25,2.25
2011.12.22 06:24:18.738,1.03632,1.03671,2.25,1.50
2011.12.22 06:24:18.945,1.03632,1.03671,1.50,2.25
2011.12.22 06:24:21.109,1.03632,1.03671,2.25,2.25
2011.12.22 06:24:22.318,1.03632,1.03671,1.50,2.25
2011.12.22 06:24:24.632,1.03632,1.03671,2.25,2.25
2011.12.22 06:24:28.713,1.03632,1.03671,2.25,1.50
2011.12.22 06:24:28.834,1.03632,1.03671,2.25,2.25
2011.12.22 06:24:31.580,1.03632,1.03671,2.63,1.50
2011.12.22 06:24:32.034,1.03632,1.03671,3.38,2.25
2011.12.22 06:24:33.439,1.03632,1.03671,2.25,1.50
2011.12.22 06:24:33.935,1.03632,1.0367,1.50,1.13
2011.12.22 06:24:34.467,1.03628,1.03667,2.40,2.25
2011.12.22 06:24:35.845,1.03628,1.03667,2.40,2.25
2011.12.22 06:24:35.975,1.03627,1.0366,2.25,1.50
2011.12.22 06:24:36.695,1.03631,1.0367,2.25,2.25
2011.12.22 06:24:57.175,1.03631,1.0367,2.25,2.25
2011.12.22 06:24:58.084,1.03631,1.0367,2.25,2.25
2011.12.22 06:24:58.635,1.03633,1.0367,2.25,1.50
2011.12.22 06:24:59.106,1.03636,1.03675,2.25,2.25
2011.12.22 06:24:59.887,1.03636,1.03675,2.25,2.25
2011.12.22 06:24:59.956,1.03636,1.03675,2.25,2.25
2011.12.22 06:25:00.466,1.03642,1.03679,1.05,2.25
2011.12.22 06:25:00.542,1.03646,1.03679,1.05,2.25
2011.12.22 06:25:01.380,1.03645,1.03683,1.05,2.25
2011.12.22 06:25:01.741,1.03646,1.03683,1.05,2.25
2011.12.22 06:25:03.900,1.03646,1.03683,1.05,2.25
2011.12.22 06:25:05.274,1.03645,1.03683,1.05,2.25
2011.12.22 06:25:06.525,1.03643,1.03671,1.05,1.50
2011.12.22 06:25:06.837,1.03645,1.03678,1.05,1.50
2011.12.22 06:25:06.905,1.03645,1.0368,1.05,2.25
2011.12.22 06:25:07.102,1.03644,1.0368,1.35,1.50
2011.12.22 06:25:09.027,1.03644,1.0368,1.35,2.25
2011.12.22 06:25:10.256,1.03644,1.0368,2.10,1.50
2011.12.22 06:25:10.563,1.03644,1.03679,1.80,2.25
2011.12.22 06:25:10.697,1.03644,1.03679,2.85,1.50
2011.12.22 06:25:10.884,1.03646,1.03679,1.05,2.25
2011.12.22 06:25:11.197,1.03646,1.03679,1.05,1.50
2011.12.22 06:25:12.203,1.03645,1.03677,1.05,1.50
2011.12.22 06:25:12.283,1.03645,1.03677,1.05,1.50
2011.12.22 06:25:12.416,1.03645,1.03677,1.05,1.50
2011.12.22 06:25:17.636,1.03646,1.03679,1.05,2.25
2011.12.22 06:25:17.708,1.03646,1.03679,1.05,1.50
2011.12.22 06:25:23.390,1.03645,1.03679,1.80,1.50
2011.12.22 06:25:25.149,1.03646,1.03679,1.05,1.50
2011.12.22 06:25:25.585,1.03646,1.03679,1.05,1.50
2011.12.22 06:25:26.162,1.03646,1.03679,1.05,1.50
2011.12.22 06:25:37.965,1.03651,1.03679,1.50,1.50
2011.12.22 06:25:38.280,1.0365,1.03679,1.80,1.50
2011.12.22 06:25:38.347,1.0365,1.03683,1.80,1.50
2011.12.22 06:25:38.414,1.0365,1.03682,1.05,1.50
2011.12.22 06:25:38.912,1.0365,1.03687,1.05,2.25
2011.12.22 06:25:39.644,1.03651,1.03687,1.05,2.25
2011.12.22 06:25:47.226,1.03654,1.03687,1.50,1.50
2011.12.22 06:25:47.296,1.03654,1.0369,1.50,2.25
2011.12.22 06:25:47.486,1.03653,1.0369,2.25,2.25
2011.12.22 06:25:48.027,1.03653,1.0369,2.40,2.25
2011.12.22 06:25:48.605,1.03652,1.03687,1.05,1.50
2011.12.22 06:25:50.435,1.03652,1.03681,1.05,1.50
2011.12.22 06:25:50.623,1.03652,1.0368,1.05,1.50
2011.12.22 06:25:50.756,1.03652,1.03683,1.05,3.00
2011.12.22 06:25:54.324,1.03651,1.03684,2.25,1.50
2011.12.22 06:25:55.653,1.0365,1.03684,1.50,1.50
2011.12.22 06:25:57.183,1.0365,1.03684,2.25,1.50
2011.12.22 06:25:59.367,1.0365,1.03684,1.50,1.50
2011.12.22 06:25:59.918,1.0365,1.03684,2.25,1.50
2011.12.22 06:26:00.540,1.03648,1.03678,1.20,1.50
2011.12.22 06:26:00.608,1.03648,1.03684,1.05,3.00
2011.12.22 06:26:01.899,1.03646,1.03684,1.20,3.00
2011.12.22 06:26:02.023,1.03645,1.03684,2.55,3.00
2011.12.22 06:26:02.176,1.03645,1.03683,2.55,1.50
2011.12.22 06:26:05.101,1.03645,1.03682,2.55,1.50
2011.12.22 06:26:05.223,1.03645,1.03676,1.80,2.25
2011.12.22 06:26:05.644,1.03641,1.03674,1.50,2.25
2011.12.22 06:26:05.718,1.03636,1.03674,1.05,2.25
2011.12.22 06:26:06.099,1.03637,1.03674,1.05,2.25
2011.12.22 06:26:09.625,1.03637,1.03674,1.05,2.25
2011.12.22 06:26:10.169,1.03642,1.03673,1.35,1.50
2011.12.22 06:26:10.361,1.03637,1.03676,2.40,1.80
2011.12.22 06:26:10.431,1.03638,1.03672,1.05,1.50
2011.12.22 06:26:10.795,1.03638,1.03675,3.00,1.50
2011.12.22 06:26:10.865,1.03642,1.03679,2.25,2.25
2011.12.22 06:26:12.417,1.03645,1.03684,2.25,2.25
2011.12.22 06:26:12.848,1.03647,1.03684,1.13,1.50
2011.12.22 06:26:13.037,1.0365,1.03687,2.25,1.50
2011.12.22 06:26:13.164,1.0365,1.03687,2.25,2.25
2011.12.22 06:26:14.374,1.0365,1.03687,2.25,1.50
2011.12.22 06:26:15.603,1.0365,1.03687,2.25,2.25
2011.12.22 06:26:15.918,1.03644,1.0368,1.35,1.50
2011.12.22 06:26:18.648,1.03641,1.0368,2.25,2.25
2011.12.22 06:26:20.089,1.03641,1.0368,2.25,1.50
2011.12.22 06:26:22.286,1.03644,1.0368,1.35,2.25
2011.12.22 06:26:26.349,1.03642,1.0368,1.35,2.25
2011.12.22 06:26:26.855,1.03639,1.03676,2.25,2.25
2011.12.22 06:26:28.659,1.03639,1.03676,2.25,1.50
2011.12.22 06:26:32.342,1.03643,1.0368,2.25,2.25
2011.12.22 06:26:33.029,1.03643,1.0368,2.25,2.25
2011.12.22 06:26:33.714,1.03643,1.0368,1.50,2.25
2011.12.22 06:26:34.027,1.0364,1.03675,2.25,2.25
2011.12.22 06:26:34.093,1.03638,1.03675,2.90,1.50
2011.12.22 06:26:41.456,1.03638,1.03672,2.15,3.00
2011.12.22 06:26:41.767,1.03637,1.0367,1.05,1.50
2011.12.22 06:26:41.903,1.03637,1.0367,1.05,1.50
2011.12.22 06:26:42.295,1.03642,1.03676,1.50,2.25
2011.12.22 06:26:42.997,1.03645,1.0368,1.05,1.50
2011.12.22 06:26:51.055,1.03647,1.03682,2.25,1.50
2011.12.22 06:26:51.183,1.03647,1.03684,2.25,1.50
2011.12.22 06:26:51.707,1.03647,1.03683,2.25,2.25
2011.12.22 06:26:51.783,1.03649,1.03684,1.35,2.25
2011.12.22 06:26:51.856,1.0365,1.03681,1.05,1.50
2011.12.22 06:26:52.189,1.03648,1.03683,2.10,2.25
2011.12.22 06:26:52.747,1.03647,1.03681,1.35,2.25
2011.12.22 06:26:53.874,1.0365,1.03687,2.40,2.25
2011.12.22 06:26:54.255,1.03649,1.03681,1.05,1.50
2011.12.22 06:26:54.446,1.03653,1.03683,1.50,1.50
2011.12.22 06:26:54.693,1.03653,1.03681,2.25,1.50
2011.12.22 06:26:55.022,1.03644,1.03679,2.10,1.50
2011.12.22 06:26:55.286,1.03645,1.03683,2.40,1.50
2011.12.22 06:26:55.848,1.03645,1.03684,2.40,2.25
2011.12.22 06:26:57.333,1.03647,1.0368,2.25,1.50
2011.12.22 06:26:57.409,1.03647,1.0368,1.50,2.25
2011.12.22 06:26:57.737,1.03646,1.0368,1.05,2.25
2011.12.22 06:26:57.864,1.03649,1.03684,1.05,2.25
2011.12.22 06:27:05.814,1.03646,1.0368,1.05,2.25
2011.12.22 06:27:07.759,1.03645,1.0368,1.05,2.25
2011.12.22 06:27:08.143,1.03645,1.0368,1.05,1.50
2011.12.22 06:27:08.216,1.0365,1.03682,1.05,1.50
2011.12.22 06:27:08.346,1.0365,1.03685,1.05,2.25
2011.12.22 06:27:08.909,1.03646,1.03685,2.85,2.25
2011.12.22 06:27:09.393,1.03645,1.03681,1.05,2.25
2011.12.22 06:27:10.668,1.03645,1.03681,1.05,1.50
2011.12.22 06:27:11.278,1.03647,1.03681,1.35,2.25
2011.12.22 06:27:11.470,1.03649,1.03686,2.55,2.25
2011.12.22 06:27:12.719,1.03651,1.0369,2.25,2.25
2011.12.22 06:27:14.857,1.03649,1.03686,1.50,2.25
2011.12.22 06:27:15.105,1.03641,1.03679,1.05,2.25
2011.12.22 06:27:17.059,1.03644,1.03683,2.25,2.25
2011.12.22 06:27:17.753,1.0364,1.03675,1.05,1.50
2011.12.22 06:27:17.819,1.03641,1.0368,2.40,2.25
2011.12.22 06:27:17.942,1.03642,1.0368,1.50,1.50
2011.12.22 06:27:18.317,1.03642,1.0368,1.65,2.25
2011.12.22 06:27:18.478,1.03642,1.0368,1.65,1.50
2011.12.22 06:27:19.182,1.03642,1.0368,1.65,2.25
2011.12.22 06:27:19.313,1.03642,1.03675,1.80,1.50
2011.12.22 06:27:20.902,1.03643,1.0368,1.80,1.50
2011.12.22 06:27:20.968,1.03643,1.03677,1.80,1.50
2011.12.22 06:27:21.036,1.03644,1.03675,1.05,1.50
2011.12.22 06:27:21.351,1.03643,1.03677,1.05,1.50
2011.12.22 06:27:21.416,1.03642,1.03677,1.95,2.25
2011.12.22 06:27:21.788,1.03642,1.03671,1.50,1.50
2011.12.22 06:27:21.857,1.03634,1.03671,2.55,2.25
2011.12.22 06:27:21.925,1.03634,1.03671,2.40,1.50
2011.12.22 06:27:22.183,1.03634,1.03671,2.55,2.25
2011.12.22 06:27:23.454,1.03634,1.03671,2.63,1.50
2011.12.22 06:27:23.585,1.03638,1.03675,2.25,2.25
2011.12.22 06:27:27.179,1.03638,1.03675,2.25,2.25
2011.12.22 06:27:27.516,1.03642,1.03675,1.65,2.25
2011.12.22 06:27:28.091,1.03642,1.03675,1.80,1.50
2011.12.22 06:27:28.171,1.03642,1.03675,1.05,2.25
2011.12.22 06:27:29.117,1.03643,1.03675,1.50,2.25
2011.12.22 06:27:29.190,1.03646,1.03675,1.13,1.50
2011.12.22 06:27:29.257,1.03653,1.0369,1.35,2.25
2011.12.22 06:27:29.476,1.03651,1.03683,1.50,1.50
2011.12.22 06:27:29.777,1.03645,1.03679,1.05,2.25
2011.12.22 06:27:30.366,1.03646,1.03679,1.05,2.25
2011.12.22 06:27:30.443,1.03646,1.03685,1.65,2.25
2011.12.22 06:27:30.900,1.03646,1.03685,2.25,2.25
2011.12.22 06:27:30.966,1.03651,1.03685,2.63,1.50
2011.12.22 06:27:31.035,1.03654,1.0369,1.35,2.25
2011.12.22 06:27:31.169,1.03653,1.0369,2.85,2.25
2011.12.22 06:27:34.216,1.03653,1.0369,2.10,2.25
2011.12.22 06:27:35.492,1.03651,1.03685,1.35,2.25
2011.12.22 06:27:35.621,1.03648,1.03685,3.00,2.25
2011.12.22 06:27:35.746,1.03651,1.03685,1.50,2.25
2011.12.22 06:27:36.054,1.03648,1.03681,1.50,2.25
2011.12.22 06:27:36.639,1.03648,1.03681,2.25,1.50
2011.12.22 06:27:36.714,1.03652,1.03689,1.50,2.63
2011.12.22 06:27:36.844,1.03647,1.0368,1.50,1.50
2011.12.22 06:27:38.872,1.03646,1.0368,1.50,2.25
2011.12.22 06:27:40.402,1.03646,1.0368,1.50,1.50
2011.12.22 06:27:41.923,1.03646,1.0368,2.10,2.25
2011.12.22 06:27:42.384,1.03646,1.03683,2.85,1.50
2011.12.22 06:27:44.961,1.03646,1.03683,3.00,2.25
2011.12.22 06:27:46.576,1.03646,1.03683,3.38,2.25
2011.12.22 06:27:46.766,1.03651,1.0369,2.25,2.25
2011.12.22 06:27:48.162,1.03651,1.0369,2.25,2.25
2011.12.22 06:27:50.683,1.03647,1.03684,2.63,2.25
2011.12.22 06:27:51.130,1.03654,1.03691,1.50,2.25
2011.12.22 06:27:51.212,1.03654,1.03691,2.25,2.25
2011.12.22 06:27:52.669,1.03654,1.03691,1.50,2.25
2011.12.22 06:27:54.636,1.03654,1.03691,2.25,2.25
2011.12.22 06:27:55.093,1.03654,1.03691,1.50,2.25
2011.12.22 06:27:55.406,1.03654,1.03691,2.25,2.25
2011.12.22 06:27:56.653,1.03656,1.03691,1.13,1.50
2011.12.22 06:27:56.724,1.03662,1.03699,1.50,2.25
2011.12.22 06:27:58.877,1.03662,1.03699,1.50,2.25
2011.12.22 06:27:59.155,1.03662,1.03699,2.25,2.25
2011.12.22 06:27:59.368,1.03662,1.03699,1.50,2.25
2011.12.22 06:27:59.844,1.03657,1.03694,1.50,2.25
2011.12.22 06:28:05.945,1.03657,1.03694,1.50,2.25
2011.12.22 06:28:06.186,1.03657,1.03694,1.50,2.25
2011.12.22 06:28:13.674,1.03657,1.03692,1.50,1.50
2011.12.22 06:28:13.748,1.03652,1.03689,1.50,2.25
2011.12.22 06:28:16.662,1.03652,1.03684,1.50,1.50
2011.12.22 06:28:16.855,1.03645,1.03679,1.50,1.50
2011.12.22 06:28:17.049,1.03642,1.03679,2.25,2.25
2011.12.22 06:28:17.177,1.03642,1.03679,2.25,2.25
2011.12.22 06:28:17.653,1.03639,1.03677,2.25,1.50
2011.12.22 06:28:17.784,1.03642,1.03679,2.25,1.50
2011.12.22 06:28:22.113,1.03643,1.03679,1.50,2.25
2011.12.22 06:28:22.664,1.03638,1.03677,2.25,1.50
2011.12.22 06:28:24.645,1.0364,1.03677,2.25,1.50
2011.12.22 06:28:24.716,1.03642,1.03679,2.25,1.50
2011.12.22 06:28:25.196,1.03644,1.03679,2.25,2.25
2011.12.22 06:28:25.385,1.03646,1.03683,2.25,2.25
2011.12.22 06:28:26.155,1.03646,1.03683,2.25,1.50
2011.12.22 06:28:26.805,1.03646,1.03683,2.25,2.25
2011.12.22 06:28:32.930,1.03646,1.03683,2.25,2.25
2011.12.22 06:28:33.358,1.03646,1.03683,2.25,1.50
2011.12.22 06:28:33.511,1.0365,1.03687,2.25,2.25
2011.12.22 06:28:40.933,1.0365,1.03687,2.25,1.50
2011.12.22 06:28:41.003,1.03653,1.03689,2.25,2.25
2011.12.22 06:28:41.133,1.03653,1.03692,2.25,1.50
2011.12.22 06:28:41.953,1.03653,1.03692,2.25,2.25
2011.12.22 06:28:42.483,1.0365,1.03687,2.25,1.50
2011.12.22 06:28:43.387,1.0365,1.03687,2.25,2.25
2011.12.22 06:28:43.893,1.0365,1.03687,2.25,2.25
2011.12.22 06:28:44.886,1.0365,1.03687,2.25,1.50
2011.12.22 06:28:45.317,1.0365,1.03687,2.25,2.25
2011.12.22 06:28:45.480,1.03649,1.03677,1.50,1.50
2011.12.22 06:28:45.665,1.03643,1.0368,2.25,1.50
2011.12.22 06:28:45.736,1.03643,1.0368,2.25,2.25
2011.12.22 06:28:48.427,1.03656,1.03687,2.25,1.50
2011.12.22 06:28:48.493,1.03656,1.03692,2.25,3.75
2011.12.22 06:28:48.625,1.03656,1.03692,1.50,1.50
2011.12.22 06:28:49.385,1.03656,1.03691,1.50,1.13
2011.12.22 06:28:49.633,1.03656,1.03691,1.50,1.13
2011.12.22 06:28:50.596,1.03656,1.03691,2.25,1.13
2011.12.22 06:28:53.605,1.03652,1.03689,2.25,1.50
2011.12.22 06:29:04.530,1.03656,1.03689,2.25,1.50
2011.12.22 06:29:04.599,1.03662,1.037,2.25,1.13
2011.12.22 06:29:05.697,1.03662,1.03692,2.25,1.50
2011.12.22 06:29:06.073,1.03652,1.03689,2.25,1.50
2011.12.22 06:29:06.208,1.03657,1.03693,2.25,1.50
2011.12.22 06:29:06.974,1.03657,1.03691,2.25,1.50
2011.12.22 06:29:07.588,1.03651,1.0369,2.25,1.50
2011.12.22 06:29:21.817,1.03657,1.0369,1.50,1.50
2011.12.22 06:29:22.380,1.03656,1.03694,1.50,2.25
2011.12.22 06:29:27.425,1.03662,1.03694,1.73,2.25
2011.12.22 06:29:27.628,1.03667,1.03703,2.25,1.50
2011.12.22 06:29:27.701,1.0367,1.03706,1.13,2.25
2011.12.22 06:29:27.828,1.0367,1.03706,1.13,1.50
2011.12.22 06:29:28.078,1.03672,1.03711,2.25,2.25
2011.12.22 06:29:29.627,1.03676,1.03713,2.25,1.50
2011.12.22 06:29:30.096,1.03678,1.03713,1.50,2.25
2011.12.22 06:29:32.838,1.03678,1.0371,1.50,1.50
2011.12.22 06:29:32.908,1.03678,1.03715,3.00,2.25
2011.12.22 06:29:32.977,1.03678,1.03715,2.25,2.25
2011.12.22 06:29:33.405,1.03677,1.0371,1.50,2.25
2011.12.22 06:29:33.547,1.03677,1.03715,1.50,2.25
2011.12.22 06:29:36.975,1.03677,1.03715,1.50,2.25
2011.12.22 06:29:37.227,1.03678,1.03713,1.50,2.25
2011.12.22 06:29:41.405,1.0368,1.03719,2.25,2.25
2011.12.22 06:29:42.164,1.0368,1.03719,2.25,2.25
2011.12.22 06:29:45.076,1.0368,1.03719,2.25,2.25
2011.12.22 06:29:45.349,1.0368,1.03719,2.25,2.25
2011.12.22 06:29:48.270,1.03681,1.03719,1.50,2.25
2011.12.22 06:29:48.585,1.03687,1.03719,1.50,2.25
2011.12.22 06:29:49.424,1.03687,1.03723,1.50,2.25
2011.12.22 06:29:53.345,1.03692,1.03731,3.00,2.25
2011.12.22 06:29:54.147,1.03693,1.03731,1.50,1.50
2011.12.22 06:29:54.588,1.03703,1.03742,1.50,2.25
2011.12.22 06:29:54.655,1.03703,1.03742,2.25,2.25
2011.12.22 06:29:55.432,1.03707,1.03742,1.50,2.25
2011.12.22 06:29:56.137,1.03703,1.03742,2.25,2.25
2011.12.22 06:29:56.617,1.03707,1.03742,1.50,2.25
2011.12.22 06:29:57.598,1.03707,1.03742,2.25,2.25
2011.12.22 06:29:57.905,1.03713,1.03744,1.50,2.25
2011.12.22 06:29:58.427,1.03706,1.0374,1.50,2.25
2011.12.22 06:29:58.922,1.03704,1.0374,1.65,2.25
2011.12.22 06:29:59.166,1.03703,1.0374,2.70,2.25
2011.12.22 06:29:59.478,1.03694,1.03729,1.50,1.50
2011.12.22 06:29:59.546,1.03692,1.03729,1.50,2.25
2011.12.22 06:30:00.043,1.0369,1.03729,3.00,2.25
2011.12.22 06:30:00.142,1.03687,1.0372,1.50,1.50
2011.12.22 06:30:00.430,1.03696,1.03718,1.50,1.50
2011.12.22 06:30:01.941,1.03699,1.0372,1.50,1.50
2011.12.22 06:30:02.195,1.03704,1.03726,1.50,1.50
2011.12.22 06:30:02.385,1.03704,1.03726,1.50,2.25
2011.12.22 06:30:02.697,1.03704,1.03726,1.50,2.25
2011.12.22 06:30:03.578,1.03704,1.03726,1.50,2.25
2011.12.22 06:30:03.849,1.03704,1.03726,1.50,2.25
2011.12.22 06:30:04.593,1.03698,1.03722,1.50,2.25
2011.12.22 06:30:04.656,1.03695,1.03725,1.50,2.25
2011.12.22 06:30:06.146,1.03693,1.03723,3.00,2.25
2011.12.22 06:30:06.696,1.03693,1.03723,1.50,3.00
2011.12.22 06:30:09.559,1.03696,1.03724,1.50,2.25
2011.12.22 06:30:09.865,1.03695,1.03725,1.50,2.25
2011.12.22 06:30:10.439,1.03695,1.03725,1.50,2.25
2011.12.22 06:30:13.062,1.03703,1.03733,1.50,2.25
2011.12.22 06:30:13.469,1.03703,1.03733,1.50,2.25
2011.12.22 06:30:13.596,1.03703,1.03733,1.50,2.25
2011.12.22 06:30:14.926,1.03703,1.03733,1.50,2.25
2011.12.22 06:30:14.997,1.03699,1.03729,1.50,2.25
2011.12.22 06:30:15.145,1.03699,1.03729,1.50,2.25
2011.12.22 06:30:15.216,1.03697,1.03727,1.50,2.25
2011.12.22 06:30:16.020,1.03697,1.03727,1.50,2.25
2011.12.22 06:30:18.235,1.03695,1.03723,1.50,2.25
2011.12.22 06:30:19.867,1.03695,1.03722,1.50,1.43
2011.12.22 06:30:22.313,1.03695,1.03722,1.50,1.43
2011.12.22 06:30:23.575,1.03695,1.03722,1.50,1.43
2011.12.22 06:30:24.394,1.03695,1.03722,1.50,1.43
2011.12.22 06:30:29.815,1.03695,1.03721,1.50,1.43
2011.12.22 06:30:31.134,1.03692,1.03721,1.50,2.93
2011.12.22 06:30:31.709,1.03691,1.03721,1.50,2.93
2011.12.22 06:30:36.274,1.03689,1.03717,1.50,2.25
2011.12.22 06:30:36.346,1.03687,1.03717,1.50,2.25
2011.12.22 06:30:36.808,1.03687,1.03717,1.50,2.25
2011.12.22 06:30:36.934,1.03687,1.03717,1.50,2.25
2011.12.22 06:30:39.076,1.03687,1.03717,1.50,2.25
2011.12.22 06:30:41.218,1.03685,1.03713,1.50,1.50
2011.12.22 06:30:41.290,1.03685,1.03713,1.50,2.25
2011.12.22 06:30:45.126,1.03685,1.03713,1.50,2.25
2011.12.22 06:30:47.375,1.03687,1.03716,1.50,2.25
2011.12.22 06:30:47.444,1.03684,1.03714,1.50,2.25
2011.12.22 06:30:54.635,1.03684,1.03703,1.50,1.50
2011.12.22 06:30:54.947,1.03678,1.03701,1.50,1.50
2011.12.22 06:30:55.391,1.03678,1.03701,2.55,1.50
2011.12.22 06:30:55.474,1.03685,1.03713,1.50,2.18
2011.12.22 06:30:55.606,1.03681,1.03711,2.25,2.18
2011.12.22 06:30:57.600,1.03681,1.03706,1.50,1.43
2011.12.22 06:30:57.665,1.03681,1.03709,1.50,1.43
2011.12.22 06:30:57.780,1.03681,1.03706,1.50,1.43
2011.12.22 06:30:58.241,1.03681,1.03708,1.50,1.43
2011.12.22 06:31:02.595,1.03681,1.03706,1.50,1.43
2011.12.22 06:31:02.736,1.03678,1.03706,1.50,1.43
2011.12.22 06:31:03.398,1.03677,1.03706,1.50,2.93
2011.12.22 06:31:04.565,1.03676,1.03706,1.50,2.93
2011.12.22 06:31:04.705,1.03683,1.03706,1.50,1.43
2011.12.22 06:31:04.775,1.03683,1.03709,1.50,1.43
2011.12.22 06:31:06.291,1.03683,1.03709,1.50,1.43
2011.12.22 06:31:14.185,1.0368,1.03708,3.00,2.18
2011.12.22 06:31:14.376,1.03678,1.03706,1.50,2.18
2011.12.22 06:31:15.276,1.03678,1.03706,1.50,2.18
2011.12.22 06:31:15.356,1.03674,1.03702,1.50,1.50
2011.12.22 06:31:28.356,1.03674,1.03702,2.25,1.50
2011.12.22 06:31:29.345,1.03674,1.03702,1.50,1.50
2011.12.22 06:31:32.337,1.03675,1.03702,1.50,1.50
2011.12.22 06:31:32.407,1.03677,1.03705,1.50,2.25
2011.12.22 06:31:32.479,1.03673,1.03701,1.50,1.50
2011.12.22 06:31:33.096,1.03676,1.03703,1.50,1.28
2011.12.22 06:31:33.620,1.03678,1.03703,1.50,1.28
2011.12.22 06:31:41.945,1.03677,1.03703,1.50,2.78
2011.12.22 06:31:42.015,1.03675,1.03703,1.50,2.78
2011.12.22 06:31:58.153,1.0368,1.03703,1.50,2.78
2011.12.22 06:31:58.466,1.03682,1.03709,1.50,1.28
2011.12.22 06:31:58.906,1.03679,1.03707,1.50,2.03
2011.12.22 06:31:59.447,1.03676,1.03704,2.25,2.03
2011.12.22 06:32:32.804,1.03676,1.03704,2.25,1.50
2011.12.22 06:32:48.553,1.03683,1.03712,2.25,1.88
2011.12.22 06:32:48.653,1.03686,1.03714,2.25,1.50
2011.12.22 06:32:49.454,1.03688,1.03718,1.50,1.73
2011.12.22 06:32:50.513,1.03688,1.03718,1.50,2.48
2011.12.22 06:32:50.776,1.03686,1.03714,1.50,2.25
2011.12.22 06:32:51.086,1.03683,1.03711,1.50,1.50
2011.12.22 06:32:51.400,1.03672,1.037,2.25,1.50
2011.12.22 06:32:51.587,1.03677,1.03705,1.50,1.50
2011.12.22 06:32:51.719,1.03677,1.03705,1.50,2.25
2011.12.22 06:32:51.910,1.03677,1.03705,2.25,1.50
2011.12.22 06:32:52.471,1.03672,1.03702,2.25,1.50
2011.12.22 06:32:53.017,1.03674,1.03702,1.50,1.50
2011.12.22 06:32:53.696,1.03676,1.03706,2.25,1.50
2011.12.22 06:32:55.409,1.0368,1.03708,2.25,1.50
2011.12.22 06:32:55.484,1.03681,1.03711,2.25,1.50
2011.12.22 06:32:57.435,1.0368,1.03707,2.25,1.50
2011.12.22 06:32:57.977,1.03679,1.03707,1.50,1.50
2011.12.22 06:32:58.319,1.03679,1.03707,2.25,1.50
2011.12.22 06:32:59.567,1.03679,1.03707,1.50,1.50
2011.12.22 06:33:03.733,1.03679,1.03707,2.25,1.50
2011.12.22 06:33:04.379,1.03679,1.03707,1.50,1.50
2011.12.22 06:33:06.263,1.03679,1.03707,2.25,1.50
2011.12.22 06:33:12.015,1.03679,1.03707,2.25,1.50
2011.12.22 06:33:14.655,1.03679,1.03707,2.25,1.50
2011.12.22 06:33:14.726,1.03678,1.03703,1.50,1.50
2011.12.22 06:33:15.279,1.03676,1.03704,2.25,1.50
2011.12.22 06:33:15.354,1.03679,1.03707,2.25,1.50
2011.12.22 06:33:15.606,1.03681,1.03711,2.25,1.73
2011.12.22 06:33:17.836,1.03681,1.03711,2.25,1.73
2011.12.22 06:33:18.589,1.03679,1.03707,2.25,1.50
2011.12.22 06:33:18.664,1.03679,1.03707,1.50,1.50
2011.12.22 06:33:19.135,1.03679,1.03707,1.50,2.25
2011.12.22 06:33:19.249,1.03679,1.03707,1.50,1.50
2011.12.22 06:33:20.126,1.03679,1.03707,1.50,2.25
2011.12.22 06:33:28.831,1.03674,1.03702,2.25,1.50
2011.12.22 06:33:31.759,1.0367,1.037,2.25,1.50
2011.12.22 06:33:32.659,1.03665,1.03691,2.25,1.50
2011.12.22 06:33:32.964,1.03669,1.03699,2.25,1.50
2011.12.22 06:33:33.906,1.03669,1.03699,2.25,1.50
2011.12.22 06:33:34.037,1.03671,1.03701,2.25,1.50
2011.12.22 06:33:45.749,1.03671,1.03701,2.25,1.50
2011.12.22 06:33:45.875,1.03675,1.03703,2.25,1.73
2011.12.22 06:33:46.519,1.03675,1.03703,2.25,1.73
2011.12.22 06:33:49.413,1.03675,1.03703,2.25,2.48
2011.12.22 06:33:49.609,1.03665,1.03692,2.25,1.50
2011.12.22 06:33:49.681,1.03668,1.03696,1.50,1.50
2011.12.22 06:33:49.750,1.03663,1.03692,1.50,1.50
2011.12.22 06:33:51.187,1.03662,1.03692,2.25,2.25
2011.12.22 06:33:51.255,1.03657,1.03682,1.05,1.50
2011.12.22 06:33:51.567,1.03652,1.03682,2.25,1.50
2011.12.22 06:33:51.640,1.03657,1.03685,2.25,1.50
2011.12.22 06:33:52.515,1.0366,1.03688,2.25,1.50
2011.12.22 06:33:53.026,1.03662,1.0369,2.25,1.50
2011.12.22 06:33:55.522,1.03662,1.0369,2.25,1.50
2011.12.22 06:33:55.648,1.03662,1.0369,2.25,1.50
2011.12.22 06:33:56.516,1.0366,1.03688,2.25,1.50
2011.12.22 06:33:56.584,1.0366,1.03688,2.25,1.50
2011.12.22 06:33:57.682,1.0366,1.03688,2.25,1.50
2011.12.22 06:33:59.864,1.03661,1.0369,2.25,1.50
2011.12.22 06:34:00.362,1.03661,1.03691,2.25,1.73
2011.12.22 06:34:00.453,1.03661,1.03691,2.25,1.73
2011.12.22 06:34:06.227,1.03659,1.03686,2.25,1.50
2011.12.22 06:34:06.697,1.03664,1.03689,2.25,1.50
2011.12.22 06:34:07.202,1.03664,1.03692,3.00,1.73
2011.12.22 06:34:07.271,1.0366,1.03688,2.25,1.50
2011.12.22 06:34:07.854,1.03662,1.0369,2.25,3.23
2011.12.22 06:34:08.164,1.03668,1.03693,1.50,1.50
2011.12.22 06:34:08.305,1.03668,1.03698,1.50,1.65
2011.12.22 06:34:09.361,1.03668,1.03698,1.50,1.73
2011.12.22 06:34:14.366,1.03666,1.03696,3.75,1.73
2011.12.22 06:34:19.795,1.03667,1.03696,1.50,1.73
2011.12.22 06:34:22.199,1.03668,1.03698,1.50,1.73
2011.12.22 06:34:22.749,1.03668,1.03698,1.50,1.73
2011.12.22 06:34:26.187,1.03664,1.03694,3.00,1.50
2011.12.22 06:34:26.259,1.03664,1.03694,1.50,2.25
2011.12.22 06:34:27.653,1.03664,1.03694,1.50,2.25
2011.12.22 06:34:29.009,1.03664,1.03694,1.50,2.25
2011.12.22 06:34:29.746,1.03663,1.0369,1.50,1.50
2011.12.22 06:34:30.327,1.03662,1.0369,1.50,2.25
2011.12.22 06:34:34.061,1.03662,1.0369,2.25,1.50
2011.12.22 06:34:36.922,1.03662,1.0369,1.50,2.25
2011.12.22 06:34:39.562,1.03662,1.0369,2.25,1.50
2011.12.22 06:34:55.794,1.03666,1.03696,1.50,2.48
2011.12.22 06:34:59.408,1.03665,1.03689,1.50,1.50
2011.12.22 06:34:59.848,1.03661,1.03689,2.25,1.50
2011.12.22 06:34:59.934,1.03661,1.03689,2.25,1.50
2011.12.22 06:35:01.343,1.03661,1.03689,2.25,1.50
2011.12.22 06:35:02.666,1.03661,1.03689,2.25,1.50
2011.12.22 06:35:03.692,1.03661,1.03689,2.25,1.50
2011.12.22 06:35:12.608,1.03661,1.03689,1.50,2.25
2011.12.22 06:35:13.033,1.03659,1.03686,1.50,1.50
2011.12.22 06:35:13.343,1.03652,1.03682,2.25,1.50
2011.12.22 06:35:23.231,1.03652,1.03682,3.00,1.50
2011.12.22 06:35:29.380,1.03652,1.03682,3.00,1.50
2011.12.22 06:35:32.745,1.03652,1.03682,2.25,1.50
2011.12.22 06:35:34.773,1.03652,1.03682,3.00,1.50
2011.12.22 06:35:35.519,1.03656,1.03684,2.25,1.50
2011.12.22 06:35:35.685,1.0366,1.03684,1.50,1.50
2011.12.22 06:35:35.756,1.03662,1.0369,1.50,1.50
2011.12.22 06:35:35.945,1.03662,1.03691,1.50,1.50
2011.12.22 06:35:36.016,1.0366,1.03685,2.25,1.50
2011.12.22 06:35:36.355,1.03657,1.03683,1.50,1.50
2011.12.22 06:35:37.527,1.03659,1.03685,2.25,1.50
2011.12.22 06:35:37.595,1.03659,1.03689,2.25,1.50
2011.12.22 06:35:37.887,1.03659,1.03689,1.50,2.25
2011.12.22 06:35:38.139,1.03649,1.03679,2.25,1.50
2011.12.22 06:35:38.450,1.03649,1.03679,2.25,1.50
2011.12.22 06:35:38.519,1.03649,1.03679,2.25,1.50
2011.12.22 06:35:38.748,1.03649,1.03679,1.50,2.25
2011.12.22 06:35:39.393,1.03649,1.03679,2.25,1.50
2011.12.22 06:35:39.849,1.03649,1.03679,1.50,2.25
2011.12.22 06:35:40.667,1.03649,1.03679,2.25,1.50
2011.12.22 06:35:42.289,1.03649,1.03679,1.50,2.25
2011.12.22 06:35:43.135,1.03649,1.03679,2.25,1.50
2011.12.22 06:35:43.894,1.03649,1.03679,1.50,2.25
2011.12.22 06:35:44.653,1.03649,1.03679,2.25,1.50
2011.12.22 06:35:45.871,1.03649,1.03679,1.50,2.25
2011.12.22 06:35:46.091,1.03649,1.03679,2.25,1.50
2011.12.22 06:35:47.116,1.03649,1.03679,1.50,2.25
2011.12.22 06:35:47.465,1.03649,1.03679,2.25,1.50
2011.12.22 06:35:51.055,1.03649,1.03679,2.25,1.73
2011.12.22 06:35:51.304,1.03647,1.03677,2.25,1.73
2011.12.22 06:35:51.446,1.0365,1.03677,1.50,1.73
2011.12.22 06:35:51.759,1.03652,1.03682,2.25,1.73
2011.12.22 06:35:52.009,1.03648,1.03678,1.50,2.48
2011.12.22 06:35:52.136,1.03647,1.03675,2.25,1.50
2011.12.22 06:35:53.751,1.03648,1.03675,1.13,1.50
2011.12.22 06:35:53.816,1.03648,1.03678,2.63,1.73
2011.12.22 06:35:54.787,1.03648,1.03678,1.88,1.73
2011.12.22 06:35:56.275,1.03651,1.03681,1.50,2.48
2011.12.22 06:35:56.967,1.03647,1.03677,2.63,1.50
2011.12.22 06:35:57.404,1.0365,1.0368,1.50,2.48
2011.12.22 06:35:59.628,1.0365,1.0368,2.25,1.73
2011.12.22 06:36:01.780,1.0365,1.0368,1.50,2.48
2011.12.22 06:36:07.716,1.03648,1.03676,1.50,1.50
2011.12.22 06:36:12.667,1.03648,1.03676,2.25,1.50
2011.12.22 06:36:12.735,1.0365,1.0368,2.25,1.73
2011.12.22 06:36:13.321,1.0365,1.0368,1.50,2.48
2011.12.22 06:36:14.860,1.0365,1.0368,2.25,1.73
2011.12.22 06:36:22.951,1.0365,1.0368,2.25,1.73
2011.12.22 06:36:23.221,1.0365,1.0368,2.25,1.73
2011.12.22 06:36:24.918,1.0365,1.0368,2.25,1.73
2011.12.22 06:36:26.921,1.03653,1.0368,1.13,1.73
2011.12.22 06:36:27.434,1.03655,1.03683,2.25,1.73
2011.12.22 06:36:30.964,1.03655,1.03683,2.25,1.50
2011.12.22 06:36:35.896,1.03657,1.03687,1.50,1.73
2011.12.22 06:36:37.131,1.03657,1.03687,2.25,1.73
2011.12.22 06:36:42.561,1.03657,1.03687,2.25,1.73
2011.12.22 06:36:49.154,1.03657,1.03687,2.63,1.73
2011.12.22 06:36:49.959,1.03658,1.03686,1.50,1.73
2011.12.22 06:36:50.099,1.0366,1.0369,1.50,2.48
2011.12.22 06:36:50.404,1.0366,1.0369,2.25,1.73
2011.12.22 06:36:51.114,1.0366,1.0369,2.25,1.73
2011.12.22 06:36:53.630,1.0366,1.0369,1.50,2.48
2011.12.22 06:36:54.168,1.03661,1.0369,1.50,2.48
2011.12.22 06:36:54.268,1.03663,1.03691,1.50,2.48
2011.12.22 06:36:55.910,1.03661,1.0369,1.50,2.48
2011.12.22 06:36:56.669,1.0366,1.0369,1.50,2.48
2011.12.22 06:36:57.166,1.03658,1.03687,2.25,1.50
2011.12.22 06:36:57.845,1.03657,1.03687,1.50,1.50
2011.12.22 06:36:58.368,1.03657,1.03687,2.25,1.50
2011.12.22 06:37:03.329,1.03657,1.03687,2.25,1.50
2011.12.22 06:37:03.920,1.03653,1.03683,2.25,1.50
2011.12.22 06:37:05.189,1.03653,1.03683,2.25,1.50
2011.12.22 06:37:07.526,1.03657,1.03687,2.25,1.50
2011.12.22 06:37:36.107,1.0366,1.0369,2.25,1.50
2011.12.22 06:37:36.417,1.0366,1.0369,2.25,1.50
2011.12.22 06:37:37.602,1.0366,1.0369,1.50,2.25
2011.12.22 06:37:37.859,1.03664,1.03692,1.50,1.73
2011.12.22 06:37:38.184,1.03659,1.03687,1.50,1.50
2011.12.22 06:37:38.801,1.03653,1.03681,1.50,1.50
2011.12.22 06:37:38.939,1.03654,1.03684,1.50,2.25
2011.12.22 06:37:39.067,1.03651,1.03681,2.25,1.50
2011.12.22 06:37:39.397,1.03653,1.03681,1.88,1.50
2011.12.22 06:37:39.469,1.03654,1.03684,2.25,1.50
2011.12.22 06:37:39.659,1.03654,1.03684,2.25,1.50
2011.12.22 06:37:40.057,1.03653,1.03682,1.50,1.50
2011.12.22 06:37:43.821,1.03653,1.03682,1.50,1.50
2011.12.22 06:37:44.360,1.03655,1.03683,2.25,1.50
2011.12.22 06:37:44.427,1.03655,1.03683,2.25,1.50
2011.12.22 06:37:46.126,1.03655,1.03683,2.25,1.50
2011.12.22 06:37:47.783,1.03655,1.03683,2.25,1.50
2011.12.22 06:37:48.079,1.0366,1.03686,1.13,1.50
2011.12.22 06:37:48.153,1.03658,1.03686,1.50,1.50
2011.12.22 06:37:49.637,1.03658,1.03686,1.88,1.50
2011.12.22 06:37:49.712,1.03659,1.03686,1.13,1.50
2011.12.22 06:37:49.898,1.03658,1.03686,1.50,1.50
2011.12.22 06:38:21.879,1.03658,1.03686,1.88,1.50
2011.12.22 06:38:22.189,1.0366,1.03688,1.50,1.50
2011.12.22 06:38:22.687,1.03664,1.03691,1.50,2.25
2011.12.22 06:38:22.946,1.0366,1.03688,1.50,1.50
2011.12.22 06:38:31.010,1.0366,1.03688,2.25,1.50
2011.12.22 06:38:32.550,1.0366,1.03688,1.50,1.50
2011.12.22 06:38:38.783,1.03662,1.03692,1.50,1.65
2011.12.22 06:38:39.197,1.03662,1.03692,1.88,1.65
2011.12.22 06:38:39.387,1.03662,1.03692,1.50,1.65
2011.12.22 06:38:42.726,1.03662,1.03692,2.63,1.50
2011.12.22 06:38:43.354,1.03662,1.03692,2.25,1.50
2011.12.22 06:38:47.946,1.03662,1.03692,2.63,1.50
2011.12.22 06:38:48.015,1.03666,1.03693,1.50,2.25
2011.12.22 06:38:48.210,1.03663,1.03691,1.50,1.50
2011.12.22 06:38:57.249,1.0366,1.0369,1.50,2.25
2011.12.22 06:38:57.436,1.0366,1.03688,2.25,1.50
2011.12.22 06:38:57.747,1.0366,1.0369,2.25,1.50
2011.12.22 06:38:57.938,1.03658,1.03686,2.40,1.50
2011.12.22 06:38:59.657,1.03658,1.03686,1.88,1.50
2011.12.22 06:39:00.160,1.03658,1.03686,2.25,1.50
2011.12.22 06:39:00.416,1.03658,1.03686,1.50,1.50
2011.12.22 06:39:07.120,1.03658,1.03686,2.63,1.50
2011.12.22 06:39:07.246,1.03658,1.03686,1.50,1.50
2011.12.22 06:39:07.778,1.03658,1.03686,1.88,1.50
2011.12.22 06:39:08.357,1.03658,1.03686,1.88,1.50
2011.12.22 06:39:09.191,1.03658,1.03686,1.88,1.50
2011.12.22 06:39:09.846,1.03658,1.03686,1.50,1.50
2011.12.22 06:39:19.815,1.03658,1.03686,1.88,1.50
2011.12.22 06:39:23.946,1.03669,1.03699,1.50,2.40
2011.12.22 06:39:24.016,1.03669,1.03699,1.50,2.40
2011.12.22 06:39:24.147,1.03669,1.03699,2.25,1.65
2011.12.22 06:39:24.726,1.03669,1.03699,2.25,1.65
2011.12.22 06:39:25.117,1.03669,1.03699,1.50,2.40
2011.12.22 06:39:26.126,1.03668,1.03694,1.50,1.65
2011.12.22 06:39:26.199,1.03664,1.03694,1.50,2.40
2011.12.22 06:39:27.317,1.03664,1.03694,2.25,1.65
2011.12.22 06:39:27.656,1.0367,1.03698,1.50,1.65
2011.12.22 06:39:28.165,1.0367,1.03698,2.25,1.65
2011.12.22 06:39:28.657,1.03667,1.03692,1.50,2.25
2011.12.22 06:39:28.730,1.03662,1.03692,2.25,2.25
2011.12.22 06:39:29.676,1.03663,1.03691,1.50,2.25
2011.12.22 06:39:39.611,1.03663,1.03691,1.50,2.25
2011.12.22 06:39:39.677,1.0366,1.03688,1.50,2.25
2011.12.22 06:39:40.193,1.0366,1.03688,1.50,1.50
2011.12.22 06:39:41.699,1.0366,1.03688,1.50,2.25
2011.12.22 06:39:43.239,1.0366,1.03688,1.50,2.25
2011.12.22 06:39:43.565,1.0366,1.03688,1.50,2.25
2011.12.22 06:39:43.687,1.0366,1.03688,1.50,2.25
2011.12.22 06:39:44.902,1.0366,1.03688,1.50,2.25
2011.12.22 06:39:46.177,1.03656,1.03684,1.50,2.25
2011.12.22 06:39:46.307,1.03654,1.03682,1.50,2.25
2011.12.22 06:39:46.715,1.03654,1.03682,1.50,1.50
2011.12.22 06:39:47.188,1.03651,1.0368,2.25,1.50
2011.12.22 06:39:47.317,1.0365,1.0368,1.50,2.40
2011.12.22 06:40:10.956,1.03649,1.03674,1.50,1.50
2011.12.22 06:40:11.026,1.03646,1.03674,2.25,1.50
2011.12.22 06:40:16.427,1.03646,1.03674,1.50,2.25
2011.12.22 06:40:17.196,1.03649,1.03679,1.50,2.25
2011.12.22 06:40:17.268,1.03639,1.03666,1.50,1.50
2011.12.22 06:40:17.409,1.03636,1.03666,3.00,1.50
2011.12.22 06:40:17.478,1.03636,1.03666,2.25,1.50
2011.12.22 06:40:20.979,1.03636,1.03666,1.50,2.25
2011.12.22 06:40:21.138,1.03636,1.03666,2.25,1.50
2011.12.22 06:40:21.206,1.03636,1.03666,2.25,1.50
2011.12.22 06:40:21.337,1.03636,1.03666,2.25,1.50
2011.12.22 06:40:23.290,1.03636,1.03666,1.50,2.25
2011.12.22 06:40:23.671,1.03636,1.03666,1.50,2.25
2011.12.22 06:40:23.859,1.03634,1.03661,1.50,2.25
2011.12.22 06:40:24.510,1.03632,1.0366,1.50,1.50
2011.12.22 06:40:24.941,1.03632,1.0366,2.25,1.50
2011.12.22 06:40:25.588,1.03632,1.0366,1.50,1.50
2011.12.22 06:40:28.893,1.03632,1.0366,1.50,2.25
2011.12.22 06:40:32.302,1.03636,1.03663,1.50,2.25
2011.12.22 06:40:32.485,1.03631,1.03661,2.25,2.25
2011.12.22 06:40:32.558,1.03631,1.03661,1.50,2.25
2011.12.22 06:40:35.438,1.03627,1.03655,1.50,2.25
2011.12.22 06:40:39.687,1.03627,1.03655,1.50,1.50
2011.12.22 06:40:45.116,1.03625,1.03651,2.25,1.50
2011.12.22 06:40:45.686,1.03625,1.03651,2.25,1.50
2011.12.22 06:40:45.757,1.03626,1.03656,2.25,1.80
2011.12.22 06:40:46.241,1.03625,1.03652,2.25,1.50
2011.12.22 06:40:46.312,1.03625,1.03652,2.25,1.50
2011.12.22 06:40:46.378,1.03627,1.03655,1.50,1.50
2011.12.22 06:40:46.608,1.03627,1.03655,2.25,1.50
2011.12.22 06:40:46.859,1.03627,1.03655,1.50,1.50
2011.12.22 06:40:47.227,1.03631,1.03659,1.50,2.25
2011.12.22 06:40:47.966,1.03631,1.03659,1.50,2.25
2011.12.22 06:40:48.155,1.03625,1.03655,1.50,2.25
2011.12.22 06:40:50.079,1.03625,1.03655,2.25,1.50
2011.12.22 06:40:50.649,1.03628,1.03656,1.50,1.50
2011.12.22 06:40:50.970,1.0362,1.03648,2.25,1.50
2011.12.22 06:40:51.280,1.03625,1.03653,2.25,1.50
2011.12.22 06:40:51.646,1.03621,1.03646,2.25,1.50
2011.12.22 06:40:51.721,1.03621,1.03646,2.25,1.50
2011.12.22 06:40:51.903,1.03616,1.03646,2.25,1.50
2011.12.22 06:40:52.732,1.03616,1.03643,2.25,2.63
2011.12.22 06:40:53.048,1.03611,1.03634,2.25,1.50
2011.12.22 06:40:53.116,1.03611,1.03634,2.25,1.50
2011.12.22 06:40:53.186,1.03613,1.03643,1.50,2.25
2011.12.22 06:40:53.912,1.03614,1.03642,1.50,1.50
2011.12.22 06:40:55.089,1.03616,1.03646,1.50,2.25
2011.12.22 06:40:55.219,1.03616,1.03646,2.25,1.50
2011.12.22 06:40:56.741,1.03616,1.03646,2.25,1.50
2011.12.22 06:40:56.852,1.03616,1.03646,2.25,1.50
2011.12.22 06:40:59.370,1.03616,1.03646,2.25,1.65
2011.12.22 06:40:59.937,1.03616,1.03646,2.25,1.65
2011.12.22 06:41:00.066,1.03619,1.03647,1.50,1.65
2011.12.22 06:41:04.436,1.03619,1.03647,2.25,1.65
2011.12.22 06:41:08.968,1.03619,1.03647,1.50,1.65
2011.12.22 06:41:09.036,1.03617,1.03646,1.50,1.65
2011.12.22 06:41:09.574,1.03616,1.03646,1.50,2.40
2011.12.22 06:41:11.870,1.03616,1.03646,2.25,1.65
2011.12.22 06:41:12.408,1.03619,1.03647,1.50,1.65
2011.12.22 06:41:15.342,1.03619,1.03647,2.25,1.65
2011.12.22 06:41:15.719,1.03619,1.03647,1.50,1.65
2011.12.22 06:41:18.995,1.03622,1.0365,1.50,2.40
2011.12.22 06:41:39.908,1.03623,1.0365,1.50,1.65
2011.12.22 06:41:40.270,1.03626,1.03654,1.50,2.40
2011.12.22 06:41:42.230,1.03626,1.03654,2.25,1.65
2011.12.22 06:41:56.535,1.03636,1.0366,1.50,2.14
2011.12.22 06:41:56.775,1.03636,1.03664,1.50,2.25
2011.12.22 06:41:57.155,1.03636,1.03664,1.50,2.25
2011.12.22 06:41:57.407,1.03636,1.03664,1.50,2.25
2011.12.22 06:42:03.166,1.03636,1.03664,1.50,2.25
2011.12.22 06:42:05.738,1.03636,1.03664,1.50,2.25
2011.12.22 06:42:08.679,1.03636,1.03664,1.50,2.25
2011.12.22 06:42:08.902,1.03636,1.03664,1.50,2.25
2011.12.22 06:42:08.998,1.03636,1.03664,1.50,2.25
2011.12.22 06:42:09.522,1.03636,1.03664,1.50,2.25
2011.12.22 06:42:30.352,1.03636,1.03664,1.50,2.25
2011.12.22 06:42:36.876,1.03636,1.03664,1.50,2.25
2011.12.22 06:42:36.996,1.03636,1.03664,1.50,2.25
2011.12.22 06:42:38.371,1.03632,1.0366,1.50,2.25
2011.12.22 06:42:38.437,1.03632,1.0366,1.50,2.25
2011.12.22 06:42:38.698,1.03632,1.0366,1.50,2.25
2011.12.22 06:42:39.778,1.03635,1.03663,1.50,1.50
2011.12.22 06:42:40.302,1.03639,1.03667,1.50,2.25
2011.12.22 06:42:43.626,1.03636,1.03665,1.50,2.25
2011.12.22 06:42:44.169,1.03635,1.03665,1.50,2.25
2011.12.22 06:42:46.040,1.03635,1.03665,1.50,2.25
2011.12.22 06:42:46.087,1.03635,1.03665,1.50,2.25
2011.12.22 06:42:46.163,1.03635,1.03665,1.50,2.25
2011.12.22 06:42:47.206,1.03633,1.03661,1.50,2.25
2011.12.22 06:42:47.278,1.03633,1.03661,1.50,1.50
2011.12.22 06:42:47.408,1.03629,1.03659,2.25,1.50
2011.12.22 06:42:53.596,1.03629,1.03659,1.50,2.25
2011.12.22 06:42:56.630,1.03629,1.03659,2.25,1.50
2011.12.22 06:42:57.999,1.03629,1.03659,1.50,2.25
2011.12.22 06:42:58.124,1.03629,1.03659,2.25,1.50
2011.12.22 06:43:18.586,1.03629,1.03659,2.25,1.50
2011.12.22 06:43:19.268,1.03624,1.03654,2.25,1.50
2011.12.22 06:43:19.469,1.03628,1.03658,2.25,1.50
2011.12.22 06:43:19.574,1.03628,1.03658,2.25,1.50
2011.12.22 06:43:31.357,1.03628,1.03658,2.25,1.50
2011.12.22 06:43:31.726,1.03632,1.03658,1.50,1.50
2011.12.22 06:43:31.916,1.03628,1.03658,2.63,1.50
2011.12.22 06:43:32.407,1.03637,1.03661,2.25,1.50
2011.12.22 06:43:32.475,1.03637,1.03665,2.25,1.50
2011.12.22 06:43:50.649,1.03635,1.03661,2.25,1.50
2011.12.22 06:43:50.719,1.03631,1.03661,3.00,1.50
2011.12.22 06:43:54.373,1.03629,1.03659,1.50,2.25
2011.12.22 06:44:09.239,1.03629,1.03659,2.25,1.50
2011.12.22 06:44:09.636,1.03629,1.03659,2.25,1.50
2011.12.22 06:44:09.769,1.03633,1.03661,2.25,3.00
2011.12.22 06:44:09.840,1.03636,1.03664,2.25,1.50
2011.12.22 06:44:09.907,1.03636,1.03664,2.25,1.50
2011.12.22 06:44:10.038,1.03637,1.03666,2.25,1.50
2011.12.22 06:44:10.779,1.03637,1.03667,2.25,1.50
2011.12.22 06:44:11.350,1.03637,1.03667,2.25,1.88
2011.12.22 06:44:11.416,1.03637,1.03666,1.50,1.13
2011.12.22 06:44:11.547,1.03633,1.03661,1.50,1.50
2011.12.22 06:44:11.616,1.03631,1.03661,2.25,1.50
2011.12.22 06:44:12.855,1.03631,1.03661,2.25,1.50
2011.12.22 06:44:13.855,1.03627,1.03657,2.25,1.50
2011.12.22 06:44:14.145,1.03627,1.03657,1.50,2.25
2011.12.22 06:44:14.396,1.03626,1.03649,1.50,1.50
2011.12.22 06:44:14.872,1.03621,1.03649,1.50,2.25
2011.12.22 06:44:15.100,1.03621,1.03647,1.50,1.50
2011.12.22 06:44:15.166,1.03616,1.03646,2.25,1.50
2011.12.22 06:44:16.345,1.03616,1.03646,2.25,1.50
2011.12.22 06:44:16.537,1.03619,1.03649,2.25,1.50
2011.12.22 06:44:17.116,1.03619,1.03649,2.25,1.50
2011.12.22 06:44:17.637,1.03624,1.03654,2.25,1.50
2011.12.22 06:44:22.235,1.03623,1.03651,2.25,1.50
2011.12.22 06:44:36.387,1.03623,1.03651,1.50,1.50
2011.12.22 06:44:40.590,1.03623,1.03651,2.25,1.50
2011.12.22 06:45:03.602,1.03623,1.03651,1.50,1.50
2011.12.22 06:45:12.758,1.03625,1.03654,1.50,2.40
2011.12.22 06:45:13.816,1.03622,1.03652,1.50,1.50
2011.12.22 06:45:24.843,1.03623,1.03652,1.50,1.65
2011.12.22 06:45:24.908,1.03626,1.03654,1.50,2.40
2011.12.22 06:45:33.325,1.03622,1.03651,2.25,1.50
2011.12.22 06:45:33.455,1.0362,1.03648,2.25,1.50
2011.12.22 06:45:35.776,1.03617,1.03645,2.25,1.50
2011.12.22 06:45:38.361,1.03617,1.03645,2.25,1.50
2011.12.22 06:45:47.628,1.03617,1.03645,1.50,2.25
2011.12.22 06:45:48.296,1.03614,1.03642,1.50,1.50
2011.12.22 06:45:48.371,1.03614,1.03642,2.25,1.50
2011.12.22 06:45:50.929,1.03617,1.03642,1.13,1.50
2011.12.22 06:45:51.000,1.03618,1.03648,4.50,1.65
2011.12.22 06:45:51.069,1.03627,1.03654,1.50,2.39
2011.12.22 06:45:51.609,1.03624,1.03652,1.50,1.65
2011.12.22 06:45:59.191,1.03624,1.03652,1.50,1.50
2011.12.22 06:45:59.391,1.03624,1.03652,1.50,1.73
2011.12.22 06:45:59.526,1.03621,1.03649,2.25,1.73
2011.12.22 06:46:06.637,1.03621,1.03649,2.25,1.73
2011.12.22 06:46:12.906,1.03617,1.03647,2.25,1.50
2011.12.22 06:46:14.880,1.03622,1.0365,2.25,1.73
2011.12.22 06:46:18.578,1.03622,1.0365,2.25,1.50
2011.12.22 06:46:18.840,1.03622,1.0365,2.25,1.50
2011.12.22 06:46:19.189,1.03625,1.03652,2.25,1.65
2011.12.22 06:46:24.558,1.03628,1.03656,1.50,2.40
2011.12.22 06:46:24.806,1.03625,1.03655,1.50,2.40
2011.12.22 06:46:24.877,1.03622,1.03652,2.25,1.65
2011.12.22 06:46:26.337,1.03625,1.03653,1.50,2.40
2011.12.22 06:46:27.862,1.03625,1.03653,2.25,1.65
2011.12.22 06:46:38.021,1.03622,1.03652,2.25,1.65
2011.12.22 06:46:38.206,1.03622,1.03652,2.25,1.65
2011.12.22 06:46:38.690,1.03622,1.03652,2.25,1.65
2011.12.22 06:46:38.938,1.0363,1.03658,2.25,1.50
2011.12.22 06:46:39.009,1.0363,1.03654,2.25,1.50
2011.12.22 06:46:39.199,1.0363,1.03658,2.25,3.00
2011.12.22 06:46:39.388,1.03627,1.03652,2.25,1.50
2011.12.22 06:46:39.566,1.03629,1.03659,2.25,1.50
2011.12.22 06:46:46.914,1.03629,1.03659,1.50,2.25
2011.12.22 06:46:47.108,1.03629,1.03659,2.25,1.50
2011.12.22 06:47:01.408,1.03629,1.03659,1.50,2.25
2011.12.22 06:47:02.619,1.03629,1.03659,2.25,1.50
2011.12.22 06:47:03.227,1.03629,1.03659,1.50,2.25
2011.12.22 06:47:04.599,1.03629,1.03659,2.25,1.50
2011.12.22 06:47:20.016,1.03631,1.03661,2.25,1.50
2011.12.22 06:47:20.085,1.03635,1.03663,1.50,2.25
2011.12.22 06:47:20.155,1.03635,1.03665,1.50,3.00
2011.12.22 06:47:20.686,1.03635,1.03665,2.25,1.50
2011.12.22 06:47:20.818,1.03637,1.03667,1.50,1.50
2011.12.22 06:47:20.889,1.0364,1.0367,1.50,2.25
2011.12.22 06:47:21.482,1.03643,1.03673,1.50,2.25
2011.12.22 06:47:29.600,1.03647,1.03673,1.50,1.50
2011.12.22 06:47:30.110,1.03651,1.03674,1.50,1.50
2011.12.22 06:47:30.656,1.03651,1.03679,1.50,2.25
2011.12.22 06:47:31.580,1.03651,1.03679,1.50,2.25
2011.12.22 06:47:38.218,1.03651,1.03679,2.25,1.50
2011.12.22 06:47:38.289,1.03655,1.03683,1.50,2.25
2011.12.22 06:47:38.358,1.03657,1.03687,1.50,2.25
2011.12.22 06:47:38.738,1.03657,1.03687,1.50,2.25
2011.12.22 06:47:42.665,1.03657,1.03687,1.50,2.25
2011.12.22 06:47:42.739,1.03652,1.03682,1.50,1.50
2011.12.22 06:47:48.802,1.03652,1.03682,1.50,2.25
2011.12.22 06:48:02.886,1.03652,1.03682,1.50,1.50
2011.12.22 06:48:03.088,1.03652,1.03682,2.25,1.50
2011.12.22 06:48:03.597,1.03652,1.03682,2.25,1.50
2011.12.22 06:48:04.850,1.03652,1.03682,1.50,2.25
2011.12.22 06:48:05.098,1.03648,1.03678,1.50,1.50
2011.12.22 06:48:23.946,1.03641,1.03671,2.25,1.50
2011.12.22 06:48:24.139,1.03641,1.03671,2.25,1.50
2011.12.22 06:48:24.266,1.03644,1.03674,1.50,2.25
2011.12.22 06:48:24.870,1.03647,1.03677,2.25,1.50
2011.12.22 06:48:59.928,1.03645,1.03669,2.25,1.50
2011.12.22 06:49:05.147,1.03644,1.03674,2.25,1.50
2011.12.22 06:49:05.625,1.03645,1.03674,1.50,2.25
2011.12.22 06:49:05.726,1.03647,1.03677,1.50,2.25
2011.12.22 06:49:11.325,1.03645,1.03672,1.50,1.50
2011.12.22 06:49:11.394,1.03642,1.03672,2.25,1.50
2011.12.22 06:49:11.466,1.0364,1.03667,2.25,1.50
2011.12.22 06:49:12.476,1.03645,1.03673,1.50,2.25
2011.12.22 06:49:12.547,1.03647,1.03676,1.50,2.25
2011.12.22 06:49:12.616,1.03647,1.03677,2.25,1.50
2011.12.22 06:49:15.875,1.03645,1.03667,2.25,1.50
2011.12.22 06:49:16.324,1.03645,1.03673,1.50,2.25
2011.12.22 06:49:16.389,1.03647,1.03677,1.50,2.25
2011.12.22 06:49:26.042,1.03647,1.03677,2.25,1.50
2011.12.22 06:49:26.151,1.03647,1.03677,1.50,2.25
2011.12.22 06:49:26.377,1.03647,1.03677,1.50,1.50
2011.12.22 06:49:26.691,1.03647,1.03677,1.50,2.25
2011.12.22 06:49:27.897,1.03647,1.03677,1.50,1.50
2011.12.22 06:49:40.680,1.03647,1.03677,2.25,1.50
2011.12.22 06:49:40.805,1.03641,1.03669,2.25,1.50
2011.12.22 06:49:40.940,1.03644,1.03672,1.50,1.50
2011.12.22 06:49:41.249,1.03647,1.03675,1.50,2.25
2011.12.22 06:49:42.239,1.03647,1.03675,1.50,1.50
2011.12.22 06:49:43.736,1.03647,1.03675,1.50,2.25
2011.12.22 06:49:44.216,1.03642,1.03671,1.50,1.50
2011.12.22 06:49:45.057,1.03641,1.03671,2.25,1.50
2011.12.22 06:49:45.130,1.03641,1.03671,1.50,2.25
2011.12.22 06:49:45.266,1.03639,1.03669,1.50,2.25
2011.12.22 06:49:51.358,1.03639,1.03669,2.25,1.50
2011.12.22 06:49:51.429,1.03641,1.03671,2.25,1.50
2011.12.22 06:50:27.516,1.0364,1.03667,2.25,1.50
2011.12.22 06:50:27.645,1.03641,1.0367,2.25,1.50
2011.12.22 06:50:28.146,1.03641,1.03671,2.25,1.50
2011.12.22 06:50:28.217,1.0364,1.03668,2.25,1.50
2011.12.22 06:50:45.885,1.0364,1.03668,1.50,1.50
2011.12.22 06:50:50.536,1.0364,1.03668,2.10,1.50
2011.12.22 06:50:50.848,1.03651,1.03673,1.50,1.50
2011.12.22 06:50:50.918,1.03649,1.03676,1.50,3.00
2011.12.22 06:50:51.322,1.03646,1.03672,2.25,1.50
2011.12.22 06:50:51.406,1.03641,1.03669,2.25,1.50
2011.12.22 06:50:55.407,1.03643,1.03673,2.25,1.50
2011.12.22 06:50:58.778,1.03651,1.03673,1.50,1.50
2011.12.22 06:50:59.240,1.03653,1.03681,1.50,2.25
2011.12.22 06:50:59.370,1.03653,1.03679,1.50,1.13
2011.12.22 06:50:59.499,1.03653,1.03679,1.50,1.13
2011.12.22 06:50:59.627,1.03651,1.03674,1.50,1.50
2011.12.22 06:50:59.763,1.03646,1.03674,2.25,1.50
2011.12.22 06:51:00.235,1.03645,1.03673,2.25,1.50
2011.12.22 06:51:00.352,1.03648,1.03675,1.50,2.25
2011.12.22 06:51:00.661,1.03643,1.03668,1.50,1.50
2011.12.22 06:51:00.789,1.03646,1.03672,1.50,1.50
2011.12.22 06:51:00.859,1.03644,1.03672,1.50,1.50
2011.12.22 06:51:00.928,1.03642,1.0367,1.50,2.25
2011.12.22 06:51:00.998,1.0364,1.0367,1.50,2.25
2011.12.22 06:51:01.128,1.0364,1.0367,2.25,1.50
2011.12.22 06:51:01.440,1.0365,1.03674,1.50,1.50
2011.12.22 06:51:01.511,1.03646,1.03674,1.50,2.25
2011.12.22 06:51:01.583,1.03643,1.03673,1.50,2.25
2011.12.22 06:51:02.094,1.03643,1.03672,3.00,1.13
2011.12.22 06:51:02.278,1.03643,1.03664,1.50,1.50
2011.12.22 06:51:02.350,1.03634,1.03662,1.50,1.50
2011.12.22 06:51:02.480,1.03637,1.03665,1.50,1.50
2011.12.22 06:51:02.666,1.03637,1.03665,2.25,1.50
2011.12.22 06:51:02.798,1.0364,1.03668,2.25,1.50
2011.12.22 06:51:03.494,1.0364,1.03668,2.25,1.50
2011.12.22 06:51:04.012,1.0364,1.03668,1.50,2.25
2011.12.22 06:51:04.535,1.0364,1.03668,2.25,1.50
2011.12.22 06:51:07.418,1.0364,1.03668,1.50,1.50
2011.12.22 06:51:07.491,1.03642,1.0367,1.50,3.75
2011.12.22 06:51:14.040,1.03639,1.03669,1.50,2.25
2011.12.22 06:51:14.105,1.03639,1.03669,2.25,1.50
2011.12.22 06:51:15.077,1.03639,1.03669,1.50,2.25
2011.12.22 06:51:15.905,1.03633,1.0366,1.65,1.50
2011.12.22 06:51:16.041,1.03635,1.03665,2.25,1.50
2011.12.22 06:51:16.109,1.03635,1.03664,1.50,1.50
2011.12.22 06:51:16.695,1.03635,1.03665,3.00,2.25
2011.12.22 06:51:17.025,1.03638,1.03666,1.50,2.25
2011.12.22 06:51:18.347,1.03638,1.03666,1.50,1.50
2011.12.22 06:51:18.661,1.03638,1.03666,1.50,2.25
2011.12.22 06:51:20.356,1.03638,1.03666,1.50,1.50
2011.12.22 06:51:24.350,1.03638,1.03666,2.25,1.50
2011.12.22 06:51:33.428,1.03638,1.03666,1.50,1.50
2011.12.22 06:52:06.781,1.03638,1.03664,1.50,1.50
2011.12.22 06:52:07.217,1.03634,1.03662,2.25,1.50
2011.12.22 06:52:18.205,1.03634,1.03662,1.50,1.50
2011.12.22 06:52:18.278,1.03627,1.03655,2.25,1.50
2011.12.22 06:52:18.526,1.03634,1.03661,2.25,1.50
2011.12.22 06:52:18.875,1.03637,1.03665,2.25,1.65
2011.12.22 06:52:20.355,1.03637,1.03665,1.50,2.40
2011.12.22 06:52:21.548,1.03637,1.03665,1.50,1.65
2011.12.22 06:52:22.089,1.03637,1.03665,2.25,1.50
2011.12.22 06:52:22.161,1.03639,1.03669,1.50,2.25
2011.12.22 06:52:22.296,1.03642,1.0367,1.50,2.25
2011.12.22 06:52:23.406,1.0364,1.03668,1.50,2.25
2011.12.22 06:52:26.109,1.03637,1.03662,2.25,1.50
2011.12.22 06:52:26.418,1.03632,1.03662,1.88,1.50
2011.12.22 06:52:26.493,1.03642,1.03672,1.50,4.50
2011.12.22 06:52:26.677,1.03642,1.03672,1.50,4.50
2011.12.22 06:52:26.746,1.03642,1.03669,1.50,1.50
2011.12.22 06:52:27.296,1.03641,1.03663,1.50,1.50
2011.12.22 06:52:27.369,1.03636,1.03666,2.25,1.50
2011.12.22 06:52:27.897,1.03636,1.03666,2.25,1.50
2011.12.22 06:52:27.969,1.03642,1.03672,1.50,1.50
2011.12.22 06:52:28.156,1.0364,1.03669,2.25,1.50
2011.12.22 06:52:28.646,1.03637,1.03665,1.50,1.50
2011.12.22 06:52:34.667,1.03638,1.03668,1.50,1.88
2011.12.22 06:52:34.746,1.03638,1.03665,1.50,1.50
2011.12.22 06:52:34.937,1.03633,1.03663,1.50,1.50
2011.12.22 06:52:35.736,1.03634,1.03663,2.25,1.50
2011.12.22 06:52:35.813,1.03637,1.03665,2.25,1.50
2011.12.22 06:52:36.908,1.03637,1.03665,2.25,1.50
2011.12.22 06:52:39.604,1.03637,1.03665,1.50,1.50
2011.12.22 06:52:47.635,1.03637,1.03665,2.25,1.50
2011.12.22 06:52:50.609,1.03637,1.03665,2.25,1.50
2011.12.22 06:52:52.914,1.03637,1.03665,2.25,1.50
2011.12.22 06:53:01.599,1.03639,1.03669,2.25,1.50
2011.12.22 06:53:02.030,1.03639,1.03667,2.25,1.50
2011.12.22 06:53:02.218,1.03637,1.03665,1.50,3.00
2011.12.22 06:53:02.288,1.03633,1.03663,2.25,1.50
2011.12.22 06:53:03.157,1.03641,1.03669,1.50,2.25
2011.12.22 06:53:07.159,1.03641,1.03669,2.25,1.50
2011.12.22 06:53:08.873,1.03641,1.03669,1.50,2.25
2011.12.22 06:53:09.118,1.03637,1.03667,1.50,1.50
2011.12.22 06:53:12.878,1.03637,1.03667,1.50,2.25
2011.12.22 06:53:13.588,1.03637,1.03667,1.50,2.25
2011.12.22 06:53:13.707,1.03638,1.03666,1.50,1.50
2011.12.22 06:53:16.532,1.03628,1.03658,2.25,1.50
2011.12.22 06:53:18.665,1.03628,1.03658,2.25,1.50
2011.12.22 06:53:31.655,1.03628,1.03658,2.25,1.50
2011.12.22 06:53:34.175,1.03628,1.03658,2.25,1.50
2011.12.22 06:53:34.614,1.03632,1.0366,2.25,1.50
2011.12.22 06:53:35.067,1.03629,1.03656,2.25,1.50
2011.12.22 06:53:35.418,1.03625,1.03655,2.25,1.50
2011.12.22 06:53:41.985,1.03627,1.03656,2.25,1.50
2011.12.22 06:53:42.930,1.03626,1.03654,3.75,1.50
2011.12.22 06:53:47.017,1.03627,1.03657,2.25,1.50
2011.12.22 06:53:48.615,1.03628,1.03657,1.13,1.50
2011.12.22 06:53:49.055,1.0363,1.0366,2.25,1.50
2011.12.22 06:53:55.406,1.03629,1.03656,2.25,1.50
2011.12.22 06:53:55.967,1.03625,1.03652,2.25,1.50
2011.12.22 06:53:57.822,1.03622,1.03652,2.25,1.50
2011.12.22 06:53:59.582,1.03622,1.03652,2.25,1.50
2011.12.22 06:54:00.970,1.03623,1.03652,1.13,1.50
2011.12.22 06:54:01.099,1.03628,1.03654,1.13,1.50
2011.12.22 06:54:01.170,1.03628,1.03654,1.13,1.50
2011.12.22 06:54:01.420,1.03629,1.03657,2.25,1.50
2011.12.22 06:54:02.926,1.03629,1.03657,2.25,1.50
2011.12.22 06:54:03.447,1.03627,1.03655,2.25,1.50
2011.12.22 06:54:09.766,1.03625,1.03655,2.25,2.25
2011.12.22 06:54:10.082,1.03616,1.03644,2.25,1.50
2011.12.22 06:54:10.886,1.03613,1.03641,2.25,1.50
2011.12.22 06:54:15.866,1.0361,1.03638,2.25,1.50
2011.12.22 06:54:16.291,1.0361,1.03638,2.25,1.50
2011.12.22 06:54:16.367,1.03616,1.03644,2.25,1.50
2011.12.22 06:54:16.438,1.03616,1.03644,2.25,1.50
2011.12.22 06:54:16.513,1.03618,1.03646,2.25,1.50
2011.12.22 06:54:25.915,1.03621,1.03649,2.25,1.50
2011.12.22 06:54:28.629,1.03621,1.03649,2.25,1.50
2011.12.22 06:54:29.103,1.03621,1.03649,2.25,1.50
2011.12.22 06:54:32.590,1.03618,1.03646,2.25,1.50
2011.12.22 06:54:33.125,1.03621,1.03651,2.25,1.50
2011.12.22 06:54:34.146,1.03621,1.03651,2.25,1.50
2011.12.22 06:54:34.496,1.0362,1.03648,2.25,1.50
2011.12.22 06:54:34.960,1.03617,1.03645,2.25,1.50
2011.12.22 06:54:35.564,1.03617,1.03645,2.25,1.50
2011.12.22 06:54:35.860,1.0361,1.03638,2.25,1.50
2011.12.22 06:54:38.580,1.0361,1.03638,2.25,1.50
2011.12.22 06:55:10.800,1.0361,1.03638,2.25,1.50
2011.12.22 06:55:11.467,1.0361,1.03638,2.25,1.50
2011.12.22 06:55:12.786,1.0361,1.03638,2.25,1.50
2011.12.22 06:55:12.855,1.0361,1.03638,2.25,1.50
2011.12.22 06:55:13.871,1.0361,1.03638,2.25,1.50
2011.12.22 06:55:17.368,1.03611,1.03641,2.25,1.50
2011.12.22 06:55:17.436,1.03611,1.03641,2.25,1.50
2011.12.22 06:55:18.419,1.03611,1.03639,2.25,1.50
2011.12.22 06:55:18.967,1.03609,1.03637,2.25,1.50
2011.12.22 06:55:19.669,1.03609,1.03637,1.50,1.50
2011.12.22 06:55:46.009,1.03609,1.03637,2.25,1.50
2011.12.22 06:55:47.317,1.03611,1.03641,2.25,1.50
2011.12.22 06:55:47.737,1.03615,1.03643,1.50,2.25
2011.12.22 06:55:48.811,1.03612,1.03642,2.25,1.50
2011.12.22 06:56:00.114,1.03613,1.03642,1.50,1.50
2011.12.22 06:56:01.126,1.03614,1.03644,1.50,2.25
2011.12.22 06:56:01.208,1.03611,1.03639,2.25,1.50
2011.12.22 06:56:12.579,1.03609,1.03637,2.25,1.50
2011.12.22 06:56:13.008,1.03613,1.03639,1.50,1.50
2011.12.22 06:56:13.080,1.03613,1.03643,1.50,2.25
2011.12.22 06:56:13.207,1.03613,1.03643,2.25,1.50
2011.12.22 06:56:13.601,1.03613,1.03643,1.50,1.50
2011.12.22 06:56:25.931,1.03616,1.03644,1.50,2.25
2011.12.22 06:56:26.317,1.03613,1.03641,1.50,1.50
2011.12.22 06:56:26.635,1.03608,1.03638,2.25,1.50
2011.12.22 06:56:27.073,1.03606,1.03634,2.25,1.50
2011.12.22 06:56:39.818,1.03606,1.03634,2.25,1.50
2011.12.22 06:56:40.639,1.03609,1.03637,2.25,1.50
2011.12.22 06:56:47.851,1.03609,1.03637,2.25,1.50
2011.12.22 06:56:49.200,1.03609,1.03637,2.25,1.50
2011.12.22 06:56:49.736,1.03609,1.03637,2.25,1.50
2011.12.22 06:56:59.696,1.03609,1.03634,2.25,1.50
2011.12.22 06:56:59.817,1.03605,1.03633,2.25,1.50
2011.12.22 06:57:07.895,1.03607,1.03637,2.25,1.50
2011.12.22 06:57:14.761,1.03607,1.03633,2.25,1.50
2011.12.22 06:57:16.404,1.03602,1.03631,1.43,1.50
2011.12.22 06:57:18.979,1.03602,1.03631,1.43,1.50
2011.12.22 06:57:19.526,1.03604,1.03631,1.50,1.50
2011.12.22 06:57:19.598,1.03605,1.03635,1.50,2.25
2011.12.22 06:57:19.668,1.03605,1.03635,2.25,1.50
2011.12.22 06:57:30.985,1.03608,1.03636,1.50,1.50
2011.12.22 06:57:31.297,1.03604,1.03634,2.25,1.50
2011.12.22 06:57:31.666,1.03604,1.03634,2.25,1.50
2011.12.22 06:57:31.803,1.0361,1.03638,2.25,1.58
2011.12.22 06:57:32.662,1.03607,1.03633,1.43,1.50
2011.12.22 06:57:32.736,1.03606,1.03633,1.43,1.50
2011.12.22 06:57:33.451,1.03607,1.03635,2.93,3.00
2011.12.22 06:57:33.642,1.0361,1.03638,2.25,1.58
2011.12.22 06:57:33.948,1.03614,1.03644,1.50,2.33
2011.12.22 06:57:34.469,1.03617,1.03647,1.50,3.28
2011.12.22 06:57:41.126,1.0362,1.03647,1.50,1.03
2011.12.22 06:57:48.729,1.03627,1.03647,1.50,1.03
2011.12.22 06:57:48.800,1.03627,1.03657,1.50,3.00
2011.12.22 06:57:48.925,1.03627,1.03657,1.50,2.25
2011.12.22 06:57:49.378,1.03625,1.03655,1.50,2.25
2011.12.22 06:57:49.454,1.03631,1.03659,1.50,2.25
2011.12.22 06:57:49.522,1.03629,1.03659,1.50,2.25
2011.12.22 06:57:52.459,1.03629,1.03659,1.50,2.25
2011.12.22 06:57:53.240,1.03632,1.03662,1.50,2.25
2011.12.22 06:57:56.436,1.03632,1.03662,1.50,2.25
2011.12.22 06:57:58.736,1.0363,1.03659,1.50,2.25
2011.12.22 06:57:59.149,1.03631,1.03661,1.50,2.25
2011.12.22 06:57:59.280,1.03635,1.03661,1.50,1.50
2011.12.22 06:57:59.590,1.03636,1.03663,1.50,2.25
2011.12.22 06:57:59.663,1.03632,1.0366,1.50,2.25
2011.12.22 06:57:59.729,1.03632,1.0366,1.50,2.25
2011.12.22 06:58:00.167,1.03632,1.0366,1.50,2.25
2011.12.22 06:58:00.360,1.03635,1.03663,1.50,2.25
2011.12.22 06:58:01.680,1.03635,1.03663,1.50,2.25
2011.12.22 06:58:03.785,1.03637,1.03667,1.50,2.25
2011.12.22 06:58:06.060,1.03637,1.03667,1.50,2.25
2011.12.22 06:58:08.319,1.03637,1.03667,1.50,2.25
2011.12.22 06:58:08.571,1.03637,1.03667,1.50,1.50
2011.12.22 06:58:08.642,1.03645,1.03674,1.50,2.25
2011.12.22 06:58:08.976,1.03649,1.03676,1.50,2.25
2011.12.22 06:58:09.526,1.03647,1.03676,1.50,2.25
2011.12.22 06:58:11.514,1.03646,1.03676,1.50,2.25
2011.12.22 06:58:15.727,1.03642,1.03672,2.93,1.50
2011.12.22 06:58:24.706,1.03645,1.03673,1.50,2.25
2011.12.22 06:58:26.838,1.03647,1.03677,1.50,2.25
2011.12.22 06:58:46.102,1.03665,1.03693,1.50,2.25
2011.12.22 06:58:46.235,1.03662,1.0369,1.50,2.25
2011.12.22 06:58:46.361,1.03659,1.03687,1.50,2.25
2011.12.22 06:58:50.956,1.03659,1.03687,1.50,2.25
2011.12.22 06:58:51.028,1.03657,1.03682,1.50,2.25
2011.12.22 06:58:51.102,1.03652,1.03682,2.18,2.25
2011.12.22 06:58:51.169,1.03655,1.03683,1.50,2.25
2011.12.22 06:58:55.956,1.03655,1.03683,1.50,2.25
2011.12.22 06:58:56.029,1.03653,1.03681,2.18,2.25
2011.12.22 06:58:56.937,1.03654,1.03684,1.50,2.25
2011.12.22 06:58:57.687,1.03659,1.03687,1.50,2.25
2011.12.22 06:58:58.337,1.03659,1.03687,1.50,2.25
2011.12.22 06:59:02.850,1.03668,1.03698,1.50,3.00
2011.12.22 06:59:02.980,1.03672,1.03698,1.50,1.50
2011.12.22 06:59:03.302,1.03672,1.037,1.50,2.25
2011.12.22 06:59:05.168,1.03672,1.037,1.50,2.25
2011.12.22 06:59:06.898,1.03672,1.037,1.50,2.25
2011.12.22 06:59:07.133,1.03672,1.037,1.50,2.25
2011.12.22 06:59:07.231,1.03672,1.037,1.50,2.25
2011.12.22 06:59:07.915,1.03672,1.037,1.50,2.25
2011.12.22 06:59:09.552,1.03672,1.037,1.50,2.25
2011.12.22 06:59:09.650,1.03672,1.037,1.50,2.25
2011.12.22 06:59:09.868,1.03672,1.037,1.50,2.25
2011.12.22 06:59:10.997,1.03667,1.03697,1.50,2.25
2011.12.22 06:59:11.912,1.03667,1.03697,1.50,2.25
2011.12.22 06:59:12.411,1.03671,1.03699,1.50,2.25
2011.12.22 06:59:13.596,1.03671,1.03699,1.50,2.25
2011.12.22 06:59:13.789,1.03668,1.03692,1.50,2.25
2011.12.22 06:59:13.856,1.03662,1.03692,1.50,2.25
2011.12.22 06:59:14.751,1.03662,1.03692,1.50,2.25
2011.12.22 06:59:14.911,1.03662,1.03692,1.50,1.50
2011.12.22 06:59:15.170,1.03662,1.03692,1.50,2.25
2011.12.22 06:59:17.451,1.03662,1.03692,1.50,1.50
2011.12.22 06:59:17.564,1.03662,1.03692,1.50,2.25
2011.12.22 06:59:17.691,1.03662,1.03692,2.25,1.50
2011.12.22 06:59:21.277,1.03662,1.03692,2.25,1.50
2011.12.22 06:59:21.412,1.03662,1.03692,1.50,2.25
2011.12.22 06:59:23.001,1.03662,1.03692,1.50,1.50
2011.12.22 06:59:23.069,1.03662,1.03692,1.50,2.25
2011.12.22 06:59:23.440,1.03664,1.03692,1.50,1.50
2011.12.22 06:59:23.912,1.03667,1.03697,1.50,1.50
2011.12.22 06:59:25.138,1.03667,1.03697,1.50,2.25
2011.12.22 06:59:25.636,1.03667,1.03697,1.50,1.50
2011.12.22 06:59:25.770,1.03673,1.03699,1.50,2.25
2011.12.22 06:59:26.076,1.03673,1.03701,1.50,2.25
2011.12.22 06:59:26.581,1.03673,1.03701,1.50,2.25
2011.12.22 06:59:28.838,1.03673,1.03701,1.50,2.25
2011.12.22 06:59:29.185,1.03673,1.03701,1.50,2.25
2011.12.22 06:59:29.638,1.03673,1.03701,1.50,2.25
2011.12.22 06:59:30.376,1.03673,1.03701,1.50,2.25
2011.12.22 06:59:31.040,1.03673,1.03701,1.50,1.50
2011.12.22 06:59:37.419,1.03673,1.03701,1.50,2.25
2011.12.22 06:59:38.337,1.03673,1.03701,1.50,1.50
2011.12.22 06:59:44.897,1.03681,1.03708,2.25,1.50
2011.12.22 06:59:45.246,1.03683,1.03713,1.50,1.50
2011.12.22 06:59:45.383,1.03683,1.03713,1.50,2.25
2011.12.22 06:59:45.550,1.03683,1.03713,1.50,2.25
2011.12.22 06:59:45.979,1.0368,1.0371,2.25,1.50
2011.12.22 06:59:46.499,1.03676,1.03704,2.25,1.50
2011.12.22 06:59:47.159,1.03677,1.03704,1.50,1.50
2011.12.22 06:59:47.470,1.03682,1.03712,1.50,1.50
2011.12.22 06:59:47.675,1.03682,1.03701,1.50,1.50
2011.12.22 06:59:48.167,1.03669,1.03699,3.00,1.50
2011.12.22 06:59:48.236,1.03676,1.03701,2.25,1.50
2011.12.22 06:59:48.313,1.03678,1.03708,1.50,3.75
2011.12.22 06:59:48.382,1.03678,1.03708,1.50,3.00
2011.12.22 06:59:48.453,1.03677,1.03702,1.50,1.50
2011.12.22 06:59:48.522,1.03672,1.03702,1.50,1.50
2011.12.22 06:59:48.653,1.03672,1.03702,2.25,1.50
2011.12.22 06:59:48.961,1.03672,1.03702,2.25,1.50
2011.12.22 06:59:49.089,1.03681,1.03711,1.50,2.25
2011.12.22 06:59:49.177,1.03681,1.03711,1.50,2.25
2011.12.22 06:59:49.856,1.03674,1.03704,2.25,1.50
2011.12.22 06:59:50.175,1.03689,1.03717,1.50,2.25
2011.12.22 06:59:50.744,1.03689,1.03717,1.50,2.25
2011.12.22 06:59:50.990,1.03689,1.03717,1.50,2.25
2011.12.22 06:59:51.238,1.03687,1.03715,1.50,2.25
2011.12.22 06:59:51.677,1.03687,1.03712,1.50,2.25
2011.12.22 06:59:51.748,1.03681,1.03711,1.50,2.25
2011.12.22 06:59:51.821,1.03681,1.03711,1.50,2.25
2011.12.22 06:59:51.950,1.03681,1.03711,1.50,2.25
2011.12.22 06:59:52.448,1.03686,1.03716,1.50,2.25
2011.12.22 06:59:52.892,1.03686,1.03716,1.50,2.25
2011.12.22 06:59:53.508,1.03682,1.03712,1.50,2.25
2011.12.22 06:59:53.584,1.03682,1.03712,1.50,2.25
2011.12.22 06:59:53.900,1.03682,1.03712,1.50,2.25
2011.12.22 06:59:54.948,1.03687,1.03715,1.50,2.25
2011.12.22 06:59:55.022,1.03687,1.03715,1.50,2.25
2011.12.22 06:59:55.148,1.03687,1.03715,1.50,2.25
2011.12.22 06:59:55.219,1.03684,1.03712,1.50,2.25
2011.12.22 06:59:55.732,1.03684,1.03712,1.50,1.50
2011.12.22 06:59:55.820,1.03684,1.03712,1.50,2.25
2011.12.22 06:59:56.372,1.03684,1.03712,1.50,1.50
2011.12.22 06:59:56.706,1.03684,1.03712,1.50,2.25
2011.12.22 06:59:57.060,1.03681,1.03706,1.50,1.50
2011.12.22 06:59:57.524,1.03683,1.03711,1.50,2.25
2011.12.22 06:59:58.412,1.03687,1.03713,1.50,2.25
2011.12.22 06:59:58.719,1.03687,1.03717,1.50,2.25
2011.12.22 06:59:59.060,1.03687,1.03717,1.50,2.25
2011.12.22 06:59:59.342,1.03687,1.03717,1.50,2.25
