2017.11.15 21:00:00.260,0.96864,0.96884,0.75,0.37
2017.11.15 21:00:00.481,0.96859,0.96882,3.00,1.50
2017.11.15 21:00:00.582,0.96861,0.96881,0.37,2.25
2017.11.15 21:00:01.109,0.96862,0.96882,0.75,0.37
2017.11.15 21:00:01.414,0.96864,0.96885,0.37,1.12
2017.11.15 21:00:02.636,0.96867,0.96888,0.37,1.87
2017.11.15 21:00:02.939,0.96866,0.96886,0.37,0.75
2017.11.15 21:00:03.482,0.96865,0.96886,1.12,0.75
2017.11.15 21:00:05.714,0.96863,0.96884,0.37,0.37
2017.11.15 21:00:06.275,0.96865,0.96886,1.12,1.12
2017.11.15 21:00:07.165,0.96863,0.96885,1.12,1.12
2017.11.15 21:00:07.266,0.96865,0.96885,0.75,0.37
2017.11.15 21:00:07.418,0.96863,0.96885,1.12,0.37
2017.11.15 21:00:07.469,0.96866,0.96887,0.75,0.75
2017.11.15 21:00:07.995,0.96864,0.96885,1.12,1.12
2017.11.15 21:00:08.933,0.96866,0.96885,0.75,0.37
2017.11.15 21:00:09.036,0.96866,0.96887,1.12,0.75
2017.11.15 21:00:09.817,0.96866,0.96888,0.37,1.12
2017.11.15 21:00:12.708,0.96866,0.96887,1.12,0.75
2017.11.15 21:00:13.967,0.96866,0.96888,0.37,1.12
2017.11.15 21:00:14.018,0.96868,0.96889,1.12,1.12
2017.11.15 21:00:15.612,0.9687,0.96891,1.12,2.06
2017.11.15 21:00:23.226,0.96871,0.96891,0.37,1.12
2017.11.15 21:00:23.277,0.96872,0.96893,0.75,0.75
2017.11.15 21:00:23.842,0.96871,0.96894,1.50,1.50
2017.11.15 21:00:24.489,0.96872,0.96893,0.75,0.75
2017.11.15 21:00:25.352,0.96875,0.96896,1.12,2.25
2017.11.15 21:00:30.062,0.96872,0.96895,1.50,2.25
2017.11.15 21:00:30.163,0.96875,0.96896,1.12,1.87
2017.11.15 21:00:31.243,0.96874,0.96895,0.75,0.37
2017.11.15 21:00:32.169,0.96875,0.96895,0.75,0.37
2017.11.15 21:00:32.745,0.96874,0.96896,1.50,0.75
2017.11.15 21:00:33.284,0.96875,0.96896,0.75,1.50
2017.11.15 21:00:34.809,0.96874,0.96896,1.50,0.75
2017.11.15 21:00:35.590,0.96874,0.96897,1.50,1.50
2017.11.15 21:00:36.034,0.96875,0.96893,0.75,0.56
2017.11.15 21:00:36.135,0.96872,0.96891,0.37,0.75
2017.11.15 21:00:36.186,0.96874,0.96892,0.75,0.75
2017.11.15 21:00:36.362,0.96874,0.96895,1.12,1.12
2017.11.15 21:00:37.128,0.96874,0.96893,0.37,0.75
2017.11.15 21:00:37.179,0.96872,0.96893,1.50,0.75
2017.11.15 21:00:37.773,0.96873,0.96894,0.37,0.37
2017.11.15 21:00:38.523,0.96871,0.96893,1.12,0.75
2017.11.15 21:00:39.150,0.9687,0.96894,2.25,1.87
2017.11.15 21:00:40.479,0.96872,0.96893,0.37,0.75
2017.11.15 21:00:41.052,0.96871,0.96894,0.37,1.87
2017.11.15 21:00:41.675,0.96872,0.96893,0.37,0.75
2017.11.15 21:00:42.762,0.96871,0.96893,1.12,0.75
2017.11.15 21:00:42.965,0.96873,0.96896,0.75,3.75
2017.11.15 21:00:43.556,0.96874,0.96895,0.75,0.75
2017.11.15 21:00:44.242,0.96872,0.96893,0.37,0.37
2017.11.15 21:00:44.500,0.96873,0.96896,0.75,2.25
2017.11.15 21:00:45.254,0.96874,0.96895,0.75,0.75
2017.11.15 21:00:45.769,0.96873,0.96896,0.75,2.25
2017.11.15 21:00:46.576,0.96874,0.96895,0.75,0.75
2017.11.15 21:00:49.411,0.96873,0.96896,0.75,2.25
2017.11.15 21:00:50.006,0.96874,0.96895,0.75,0.75
2017.11.15 21:00:50.710,0.96873,0.96896,0.75,1.50
2017.11.15 21:00:51.113,0.9688,0.96895,0.37,0.75
2017.11.15 21:00:51.164,0.9688,0.96899,1.12,0.75
2017.11.15 21:00:51.215,0.96884,0.969,0.75,0.75
2017.11.15 21:00:51.265,0.96885,0.96906,1.12,1.12
2017.11.15 21:00:51.316,0.96887,0.96908,1.50,0.75
2017.11.15 21:00:51.418,0.96885,0.96907,1.50,0.37
2017.11.15 21:00:51.967,0.96886,0.96907,1.12,0.75
2017.11.15 21:00:52.866,0.96886,0.96908,0.37,2.62
2017.11.15 21:00:55.826,0.96886,0.96907,1.12,1.50
2017.11.15 21:00:57.081,0.96886,0.96908,0.37,1.87
2017.11.15 21:01:04.952,0.96886,0.96907,1.12,1.50
2017.11.15 21:01:05.496,0.96886,0.96906,0.75,0.37
2017.11.15 21:01:05.597,0.96884,0.96904,0.37,0.75
2017.11.15 21:01:12.434,0.96883,0.96905,0.75,1.12
2017.11.15 21:01:12.766,0.96882,0.96901,0.37,0.75
2017.11.15 21:01:12.918,0.96879,0.96899,0.37,1.50
2017.11.15 21:01:13.450,0.96879,0.969,1.12,1.12
2017.11.15 21:01:13.501,0.96877,0.96899,1.31,1.12
2017.11.15 21:01:14.035,0.96878,0.96898,0.56,0.75
2017.11.15 21:01:14.547,0.96877,0.96898,1.31,0.75
2017.11.15 21:01:15.309,0.96876,0.96899,1.69,1.12
2017.11.15 21:01:16.067,0.96877,0.96899,0.37,1.12
2017.11.15 21:01:16.697,0.96878,0.96898,0.56,0.75
2017.11.15 21:01:18.156,0.96877,0.96898,1.12,0.75
2017.11.15 21:01:18.359,0.96875,0.96896,0.75,0.37
2017.11.15 21:01:18.662,0.96877,0.96898,0.75,0.75
2017.11.15 21:01:18.714,0.96875,0.96897,0.37,1.50
2017.11.15 21:01:19.106,0.96877,0.96898,0.75,1.87
2017.11.15 21:01:19.410,0.96879,0.96898,0.56,1.12
2017.11.15 21:01:19.916,0.96878,0.96898,0.56,0.37
2017.11.15 21:01:21.085,0.96879,0.96898,0.37,1.12
2017.11.15 21:01:21.595,0.96878,0.96899,0.75,1.12
2017.11.15 21:01:24.200,0.96876,0.96897,0.75,1.50
2017.11.15 21:01:24.353,0.96874,0.96897,2.62,1.50
2017.11.15 21:01:24.403,0.96874,0.96895,1.31,0.37
2017.11.15 21:01:24.707,0.96875,0.96893,0.37,1.12
2017.11.15 21:01:24.909,0.96874,0.96895,1.50,0.37
2017.11.15 21:01:25.213,0.96876,0.96897,1.50,1.87
2017.11.15 21:01:25.834,0.96878,0.96899,0.37,0.37
2017.11.15 21:01:25.936,0.96875,0.96897,0.75,1.12
2017.11.15 21:01:26.453,0.96874,0.96897,1.12,1.12
2017.11.15 21:01:28.366,0.96875,0.96896,0.75,0.75
2017.11.15 21:01:31.346,0.96877,0.96897,0.75,1.87
2017.11.15 21:01:31.602,0.96884,0.96905,1.50,1.12
2017.11.15 21:02:08.759,0.96882,0.96904,0.75,1.12
2017.11.15 21:02:08.860,0.96882,0.96901,0.37,0.75
2017.11.15 21:02:08.962,0.9688,0.96901,1.12,0.75
2017.11.15 21:02:09.582,0.96881,0.96902,0.37,1.50
2017.11.15 21:02:16.490,0.96881,0.96901,0.37,0.37
2017.11.15 21:02:17.854,0.96881,0.96902,0.37,0.75
2017.11.15 21:02:20.826,0.96881,0.96901,0.37,0.75
2017.11.15 21:02:21.366,0.96881,0.96902,0.37,0.75
2017.11.15 21:02:22.151,0.9688,0.96901,0.75,1.50
2017.11.15 21:02:22.252,0.96878,0.969,0.75,0.75
2017.11.15 21:02:22.354,0.96877,0.96898,1.12,0.37
2017.11.15 21:02:22.882,0.96877,0.96897,0.37,0.75
2017.11.15 21:02:24.493,0.96877,0.96898,0.37,1.12
2017.11.15 21:02:25.220,0.96878,0.96898,0.75,0.37
2017.11.15 21:02:25.814,0.96879,0.96898,0.37,0.37
2017.11.15 21:02:26.353,0.96878,0.96898,1.12,0.37
2017.11.15 21:02:26.404,0.96878,0.969,1.87,0.75
2017.11.15 21:02:26.737,0.96883,0.969,0.75,0.75
2017.11.15 21:02:27.310,0.96883,0.96899,0.75,0.75
2017.11.15 21:02:28.193,0.9688,0.96899,0.37,0.75
2017.11.15 21:02:28.244,0.96884,0.96899,0.75,0.75
2017.11.15 21:02:28.494,0.96884,0.96902,0.75,0.75
2017.11.15 21:02:28.545,0.9688,0.969,0.37,1.12
2017.11.15 21:02:28.596,0.96884,0.969,0.75,1.12
2017.11.15 21:02:30.790,0.96884,0.96902,0.75,0.75
2017.11.15 21:02:31.119,0.96884,0.96904,0.75,1.12
2017.11.15 21:02:31.758,0.96883,0.96904,1.87,1.12
2017.11.15 21:02:36.265,0.96884,0.96904,0.75,1.12
2017.11.15 21:02:41.011,0.96884,0.96901,0.75,1.12
2017.11.15 21:02:41.264,0.96883,0.96904,0.75,1.50
2017.11.15 21:02:41.826,0.96883,0.96903,0.75,0.75
2017.11.15 21:02:42.340,0.96883,0.96904,0.75,1.50
2017.11.15 21:02:44.156,0.96883,0.96903,0.75,0.75
2017.11.15 21:02:45.160,0.96883,0.96904,0.75,1.50
2017.11.15 21:02:45.916,0.96883,0.96903,0.75,0.75
2017.11.15 21:02:47.802,0.96882,0.96903,0.75,0.75
2017.11.15 21:02:48.307,0.96883,0.96903,0.75,0.75
2017.11.15 21:02:48.358,0.96884,0.96905,1.12,0.75
2017.11.15 21:02:49.167,0.96883,0.96904,1.87,1.12
2017.11.15 21:02:49.571,0.96884,0.96902,0.75,1.12
2017.11.15 21:02:52.102,0.96881,0.96902,1.31,1.12
2017.11.15 21:02:56.124,0.96883,0.96902,0.75,0.37
2017.11.15 21:02:57.189,0.96884,0.96902,0.75,0.37
2017.11.15 21:03:07.813,0.96884,0.96901,0.75,1.12
2017.11.15 21:03:11.170,0.96884,0.969,0.75,0.75
2017.11.15 21:03:11.221,0.96884,0.96903,0.75,1.50
2017.11.15 21:03:13.890,0.96884,0.96902,0.75,0.75
2017.11.15 21:03:14.543,0.96884,0.96903,0.75,1.50
2017.11.15 21:03:15.083,0.96884,0.96902,0.75,0.75
2017.11.15 21:03:15.690,0.96884,0.96903,0.75,1.50
2017.11.15 21:03:16.329,0.96886,0.96907,0.37,0.37
2017.11.15 21:03:16.521,0.9689,0.96912,1.12,0.37
2017.11.15 21:03:16.673,0.96893,0.96912,0.75,0.37
2017.11.15 21:03:16.723,0.96893,0.96914,0.75,0.75
2017.11.15 21:03:16.825,0.96891,0.96913,0.37,1.12
2017.11.15 21:03:17.153,0.96891,0.96911,0.93,0.37
2017.11.15 21:03:17.630,0.96889,0.9691,1.67,0.75
2017.11.15 21:03:19.147,0.96889,0.96911,1.12,1.12
2017.11.15 21:03:23.392,0.96892,0.96912,0.37,0.75
2017.11.15 21:03:23.565,0.96894,0.96915,0.75,1.50
2017.11.15 21:03:24.376,0.96894,0.96914,0.75,0.75
2017.11.15 21:03:30.160,0.96893,0.96913,0.75,0.37
2017.11.15 21:03:30.211,0.9689,0.96911,0.55,0.75
2017.11.15 21:03:30.788,0.96891,0.96912,0.92,0.75
2017.11.15 21:03:31.311,0.96892,0.96912,0.17,0.75
2017.11.15 21:03:31.968,0.96891,0.96913,0.17,1.12
2017.11.15 21:03:33.047,0.96892,0.96912,0.19,0.75
2017.11.15 21:03:33.947,0.96891,0.96913,0.75,0.75
2017.11.15 21:03:34.484,0.96894,0.96913,0.75,0.75
2017.11.15 21:03:35.270,0.96894,0.96912,0.75,0.75
2017.11.15 21:03:38.508,0.96893,0.96912,0.19,0.75
2017.11.15 21:03:40.196,0.96893,0.96913,0.75,0.75
2017.11.15 21:03:40.881,0.96893,0.96912,0.94,0.75
2017.11.15 21:03:44.150,0.96893,0.96913,0.75,0.75
2017.11.15 21:03:45.863,0.96894,0.96915,0.75,0.75
2017.11.15 21:03:47.041,0.96894,0.96916,0.75,1.50
2017.11.15 21:03:50.009,0.96894,0.96915,1.50,0.75
2017.11.15 21:03:51.660,0.96893,0.96916,2.25,1.50
2017.11.15 21:03:52.337,0.96894,0.96916,1.50,1.50
2017.11.15 21:03:53.394,0.96894,0.96915,1.50,0.75
2017.11.15 21:03:54.239,0.96894,0.96916,0.75,1.50
2017.11.15 21:03:56.219,0.96894,0.96915,2.25,0.75
2017.11.15 21:04:02.915,0.96894,0.96916,1.69,1.50
2017.11.15 21:04:03.023,0.96899,0.96915,0.75,0.75
2017.11.15 21:04:03.742,0.96899,0.96916,0.75,1.50
2017.11.15 21:04:06.085,0.96894,0.96916,1.00,1.50
2017.11.15 21:04:06.755,0.96893,0.96916,3.00,1.50
2017.11.15 21:04:07.470,0.96894,0.96915,1.00,1.00
2017.11.15 21:04:11.175,0.96894,0.96916,1.00,1.50
2017.11.15 21:04:11.761,0.96893,0.96916,3.19,1.50
2017.11.15 21:04:12.372,0.96895,0.96916,1.12,1.12
2017.11.15 21:04:20.464,0.96898,0.96916,1.00,1.12
2017.11.15 21:04:38.907,0.96898,0.96918,1.00,1.12
2017.11.15 21:04:42.222,0.96898,0.96919,1.00,1.50
2017.11.15 21:04:42.721,0.96896,0.96918,1.00,2.25
2017.11.15 21:04:43.250,0.96895,0.96916,1.12,1.12
2017.11.15 21:05:06.964,0.96895,0.96916,1.37,1.00
2017.11.15 21:05:07.479,0.96896,0.96917,1.12,1.50
2017.11.15 21:05:09.495,0.96896,0.96917,1.12,2.62
2017.11.15 21:05:26.261,0.96895,0.96917,1.37,1.50
2017.11.15 21:05:26.827,0.96896,0.96917,1.12,2.62
2017.11.15 21:05:26.878,0.96894,0.96917,1.87,1.87
2017.11.15 21:05:30.378,0.96895,0.96916,1.00,1.12
2017.11.15 21:05:35.889,0.96895,0.96916,2.25,1.12
2017.11.15 21:05:36.403,0.96894,0.96917,3.00,1.50
2017.11.15 21:05:39.377,0.96895,0.96916,1.87,1.12
2017.11.15 21:05:42.767,0.96895,0.96917,1.12,1.50
2017.11.15 21:05:42.868,0.96897,0.96918,1.00,1.87
2017.11.15 21:05:43.143,0.96894,0.96917,1.37,1.12
2017.11.15 21:05:44.543,0.96894,0.96917,1.12,1.50
2017.11.15 21:05:46.360,0.96899,0.96916,1.00,1.37
2017.11.15 21:05:46.411,0.96899,0.96918,1.00,1.50
2017.11.15 21:05:46.462,0.96903,0.9692,1.00,2.25
2017.11.15 21:05:46.513,0.96904,0.96922,1.00,1.87
2017.11.15 21:05:46.614,0.96906,0.96927,1.00,1.50
2017.11.15 21:05:46.766,0.96904,0.96924,1.50,1.00
2017.11.15 21:05:47.530,0.96904,0.96924,1.00,1.12
2017.11.15 21:05:50.884,0.969,0.96921,1.87,1.12
2017.11.15 21:06:03.053,0.96899,0.96919,1.00,1.50
2017.11.15 21:06:03.154,0.96899,0.9692,1.12,1.12
2017.11.15 21:06:03.256,0.96901,0.96922,1.00,1.75
2017.11.15 21:06:03.307,0.96898,0.96922,1.50,1.75
2017.11.15 21:06:11.519,0.96901,0.96922,1.12,1.12
2017.11.15 21:06:32.380,0.969,0.96923,1.50,1.50
2017.11.15 21:06:39.497,0.96901,0.96922,1.00,1.00
2017.11.15 21:06:43.511,0.969,0.96923,1.50,1.50
2017.11.15 21:06:47.588,0.96901,0.96922,1.00,1.00
2017.11.15 21:06:48.301,0.969,0.96921,1.00,1.00
2017.11.15 21:06:50.719,0.96899,0.96919,1.00,1.00
2017.11.15 21:06:51.273,0.96898,0.9692,1.12,1.12
2017.11.15 21:06:52.927,0.96899,0.9692,1.00,1.12
2017.11.15 21:06:55.369,0.96898,0.9692,1.12,1.12
2017.11.15 21:07:01.089,0.96904,0.9692,1.00,1.12
2017.11.15 21:07:01.590,0.96903,0.96919,1.00,1.00
2017.11.15 21:07:04.347,0.96898,0.96919,2.44,1.00
2017.11.15 21:07:05.773,0.96904,0.96919,1.00,1.00
2017.11.15 21:07:08.649,0.96898,0.96919,2.44,1.00
2017.11.15 21:07:10.498,0.96898,0.9692,1.12,1.12
2017.11.15 21:07:12.168,0.96899,0.9692,1.12,1.12
2017.11.15 21:07:12.219,0.96904,0.96922,1.00,2.25
2017.11.15 21:07:12.270,0.96904,0.96922,1.00,1.87
2017.11.15 21:07:13.024,0.96901,0.96922,1.12,1.87
2017.11.15 21:07:13.176,0.96899,0.9692,2.81,1.00
2017.11.15 21:07:13.227,0.96899,0.9692,2.06,1.12
2017.11.15 21:07:32.334,0.96899,0.96919,1.00,1.00
2017.11.15 21:07:33.232,0.96898,0.9692,1.50,1.87
2017.11.15 21:07:34.024,0.96898,0.96919,2.81,1.00
2017.11.15 21:07:35.812,0.96899,0.9692,1.00,1.87
2017.11.15 21:07:36.658,0.96899,0.96919,1.12,1.00
2017.11.15 21:07:37.177,0.96898,0.96919,1.50,1.12
2017.11.15 21:07:39.802,0.96899,0.96919,1.00,1.12
2017.11.15 21:07:44.132,0.96899,0.96917,1.00,1.00
2017.11.15 21:07:44.717,0.96899,0.96918,1.00,1.12
2017.11.15 21:07:49.210,0.96899,0.96917,1.00,1.00
2017.11.15 21:07:49.720,0.96899,0.96918,1.00,1.12
2017.11.15 21:07:50.507,0.96899,0.9692,1.00,1.12
2017.11.15 21:07:51.041,0.96899,0.96919,1.00,1.00
2017.11.15 21:07:52.255,0.96898,0.96919,1.00,1.12
2017.11.15 21:07:52.306,0.96894,0.96915,1.94,1.00
2017.11.15 21:07:52.542,0.96895,0.96917,2.06,1.12
2017.11.15 21:07:53.732,0.96898,0.96918,1.00,2.25
2017.11.15 21:07:54.045,0.96904,0.96922,1.00,1.00
2017.11.15 21:07:54.166,0.96901,0.96924,1.12,1.87
2017.11.15 21:07:54.217,0.96905,0.96926,1.00,2.25
2017.11.15 21:07:54.645,0.96902,0.96922,1.00,1.87
2017.11.15 21:07:54.696,0.96899,0.9692,1.50,1.00
2017.11.15 21:07:55.012,0.96904,0.96923,1.00,1.37
2017.11.15 21:07:55.657,0.96902,0.96923,1.50,1.37
2017.11.15 21:07:56.321,0.96904,0.96924,1.00,1.50
2017.11.15 21:07:56.633,0.96901,0.96924,1.87,1.50
2017.11.15 21:08:00.127,0.96902,0.96924,1.12,1.00
2017.11.15 21:08:00.674,0.96902,0.96923,2.25,1.00
2017.11.15 21:08:01.695,0.96901,0.96924,1.50,1.50
2017.11.15 21:08:02.262,0.96902,0.96923,1.50,1.12
2017.11.15 21:08:02.862,0.96901,0.96924,1.50,1.50
2017.11.15 21:08:04.084,0.96902,0.96923,1.50,1.12
2017.11.15 21:08:07.766,0.96902,0.96923,1.12,1.12
2017.11.15 21:08:08.883,0.96901,0.96924,1.12,1.50
2017.11.15 21:08:10.789,0.96902,0.96923,1.12,1.12
2017.11.15 21:08:12.381,0.96902,0.96925,2.25,1.50
2017.11.15 21:08:32.381,0.96905,0.96926,1.12,1.12
2017.11.15 21:08:50.823,0.96903,0.96926,1.50,2.25
2017.11.15 21:09:01.078,0.96903,0.96926,1.50,2.25
2017.11.15 21:09:01.587,0.96902,0.96924,1.12,1.50
2017.11.15 21:09:12.453,0.96899,0.96921,1.12,1.00
2017.11.15 21:09:12.907,0.96897,0.96918,1.00,1.50
2017.11.15 21:09:13.261,0.96899,0.9692,1.00,1.50
2017.11.15 21:09:13.964,0.96898,0.96921,1.87,1.12
2017.11.15 21:09:14.546,0.96899,0.9692,1.00,1.00
2017.11.15 21:09:15.172,0.96898,0.96921,1.87,1.12
2017.11.15 21:09:15.726,0.96897,0.96918,2.25,1.00
2017.11.15 21:09:15.827,0.96896,0.96919,1.50,1.50
2017.11.15 21:09:19.723,0.96897,0.96918,1.00,1.00
2017.11.15 21:09:20.226,0.96896,0.96919,1.50,1.50
2017.11.15 21:09:21.122,0.96897,0.96918,1.00,1.00
2017.11.15 21:09:27.910,0.96896,0.96919,2.25,1.50
2017.11.15 21:09:28.657,0.96897,0.96918,1.00,1.00
2017.11.15 21:09:29.706,0.96896,0.96919,2.25,1.50
2017.11.15 21:09:30.307,0.96897,0.96918,1.00,1.00
2017.11.15 21:09:30.926,0.96896,0.96919,2.25,1.50
2017.11.15 21:09:31.179,0.96894,0.96917,1.37,1.87
2017.11.15 21:09:31.281,0.96889,0.96912,1.37,1.37
2017.11.15 21:09:31.332,0.96889,0.96908,1.37,1.00
2017.11.15 21:09:31.840,0.96889,0.96907,1.00,1.00
2017.11.15 21:09:32.362,0.96889,0.96909,1.00,1.12
2017.11.15 21:09:35.803,0.96888,0.96909,1.12,1.87
2017.11.15 21:09:40.363,0.96886,0.96907,1.00,1.50
2017.11.15 21:09:40.884,0.96887,0.96908,1.00,1.50
2017.11.15 21:09:41.626,0.96887,0.96908,1.37,1.00
2017.11.15 21:09:42.508,0.96889,0.9691,1.00,1.37
2017.11.15 21:09:43.225,0.96886,0.96909,2.25,1.12
2017.11.15 21:09:44.813,0.96887,0.96908,1.87,1.00
2017.11.15 21:09:48.887,0.96888,0.96911,1.12,3.00
2017.11.15 21:09:52.390,0.96889,0.9691,1.00,1.62
2017.11.15 21:09:55.077,0.96888,0.96911,1.12,2.25
2017.11.15 21:09:55.718,0.96889,0.9691,1.00,1.37
2017.11.15 21:09:56.266,0.96889,0.9691,1.00,1.50
2017.11.15 21:09:58.117,0.96885,0.96908,3.00,1.00
2017.11.15 21:09:58.219,0.96886,0.96907,1.00,1.50
2017.11.15 21:09:58.321,0.96883,0.96904,1.00,1.00
2017.11.15 21:09:58.996,0.96883,0.96904,1.00,1.37
2017.11.15 21:09:59.098,0.9688,0.96901,1.87,1.00
2017.11.15 21:09:59.148,0.9688,0.96901,1.12,1.00
2017.11.15 21:09:59.758,0.96879,0.96902,1.87,1.00
2017.11.15 21:10:00.282,0.96879,0.96901,1.50,1.00
2017.11.15 21:10:00.824,0.9688,0.96901,1.00,1.50
2017.11.15 21:10:01.502,0.96879,0.96902,1.12,2.25
2017.11.15 21:10:03.527,0.9688,0.96901,1.00,1.50
2017.11.15 21:10:11.756,0.96879,0.96902,1.12,2.25
2017.11.15 21:10:15.026,0.9688,0.96901,1.00,1.50
2017.11.15 21:10:19.188,0.96879,0.96901,1.12,1.50
2017.11.15 21:10:19.239,0.96878,0.96898,1.00,1.12
2017.11.15 21:10:19.969,0.96876,0.96898,1.50,1.12
2017.11.15 21:10:36.745,0.96877,0.96894,1.00,1.00
2017.11.15 21:10:36.847,0.96873,0.96893,1.00,1.37
2017.11.15 21:10:37.050,0.96873,0.96894,1.12,1.12
2017.11.15 21:10:37.568,0.96873,0.96893,1.12,1.00
2017.11.15 21:10:38.074,0.96873,0.96894,1.12,1.12
2017.11.15 21:10:38.611,0.96873,0.96893,1.12,1.00
2017.11.15 21:10:41.958,0.96873,0.96894,1.12,1.12
2017.11.15 21:10:42.769,0.96873,0.96893,1.12,1.00
2017.11.15 21:10:43.516,0.96873,0.96894,1.12,1.12
2017.11.15 21:10:44.019,0.96873,0.96893,1.12,1.00
2017.11.15 21:10:46.468,0.96873,0.96894,1.12,1.12
2017.11.15 21:10:47.150,0.96873,0.96893,1.12,1.00
2017.11.15 21:10:47.918,0.96873,0.96894,1.12,1.12
2017.11.15 21:10:48.554,0.96873,0.96893,1.12,1.00
2017.11.15 21:10:50.006,0.96873,0.96894,1.12,1.12
2017.11.15 21:10:50.546,0.96874,0.96894,1.00,1.12
2017.11.15 21:10:51.117,0.96874,0.96893,1.00,1.00
2017.11.15 21:10:52.376,0.96874,0.96894,1.00,1.12
2017.11.15 21:10:58.726,0.96879,0.96894,1.00,1.12
2017.11.15 21:10:58.779,0.96874,0.96895,1.50,1.37
2017.11.15 21:10:59.340,0.96873,0.96896,1.50,1.50
2017.11.15 21:10:59.925,0.96874,0.96895,1.00,1.37
2017.11.15 21:11:00.038,0.96873,0.96896,2.25,1.12
2017.11.15 21:11:01.141,0.96874,0.96895,1.37,1.00
2017.11.15 21:11:01.293,0.96873,0.96896,1.87,1.50
2017.11.15 21:11:02.400,0.96874,0.96895,1.00,1.12
2017.11.15 21:11:04.056,0.96873,0.96896,1.87,1.50
2017.11.15 21:11:04.582,0.96874,0.96895,1.00,1.12
2017.11.15 21:11:05.256,0.96873,0.96896,1.87,1.50
2017.11.15 21:11:05.804,0.96874,0.96895,1.00,1.12
2017.11.15 21:11:06.319,0.96873,0.96896,1.87,1.50
2017.11.15 21:11:07.704,0.96874,0.96895,1.00,1.12
2017.11.15 21:11:10.721,0.96873,0.96896,1.87,2.25
2017.11.15 21:11:11.263,0.96874,0.96895,1.00,1.12
2017.11.15 21:11:12.081,0.96873,0.96896,1.87,2.25
2017.11.15 21:11:12.584,0.96873,0.96894,1.00,1.50
2017.11.15 21:11:14.123,0.96873,0.96896,2.25,2.25
2017.11.15 21:11:14.710,0.96874,0.96895,1.00,1.00
2017.11.15 21:11:15.464,0.96873,0.96894,1.00,1.37
2017.11.15 21:11:15.567,0.96874,0.96895,1.12,1.12
2017.11.15 21:11:21.258,0.96873,0.96893,1.00,1.00
2017.11.15 21:11:21.562,0.96881,0.96901,1.00,1.75
2017.11.15 21:11:21.613,0.96879,0.96899,1.00,1.12
2017.11.15 21:11:21.765,0.9688,0.96901,1.00,1.00
2017.11.15 21:11:22.500,0.96879,0.96902,2.25,1.50
2017.11.15 21:11:23.963,0.9688,0.96901,1.12,1.00
2017.11.15 21:11:24.569,0.96879,0.96902,1.87,1.50
2017.11.15 21:11:25.494,0.9688,0.96901,1.12,1.00
2017.11.15 21:11:27.609,0.96879,0.96902,2.25,1.50
2017.11.15 21:11:27.826,0.96879,0.969,1.50,1.00
2017.11.15 21:11:28.357,0.96879,0.96901,1.00,1.00
2017.11.15 21:11:29.183,0.96879,0.969,1.50,1.00
2017.11.15 21:11:29.803,0.96879,0.96901,1.00,1.00
2017.11.15 21:11:30.353,0.96879,0.969,1.87,1.00
2017.11.15 21:11:32.308,0.96879,0.96901,1.00,1.00
2017.11.15 21:11:33.067,0.9688,0.96901,1.00,1.00
2017.11.15 21:11:33.671,0.96879,0.96902,1.50,1.50
2017.11.15 21:11:34.294,0.9688,0.96901,1.00,1.00
2017.11.15 21:11:34.812,0.96879,0.96902,1.50,1.50
2017.11.15 21:11:36.765,0.9688,0.96901,1.00,1.00
2017.11.15 21:11:40.465,0.96879,0.96902,1.50,1.50
2017.11.15 21:11:40.769,0.96884,0.96905,1.00,1.75
2017.11.15 21:11:40.820,0.96884,0.96905,1.50,1.00
2017.11.15 21:11:41.350,0.96884,0.96906,1.00,1.00
2017.11.15 21:11:41.908,0.96884,0.96905,1.50,1.00
2017.11.15 21:11:44.203,0.96884,0.96906,1.00,1.00
2017.11.15 21:11:45.105,0.96884,0.96905,1.50,1.00
2017.11.15 21:11:46.746,0.96884,0.96906,1.00,1.00
2017.11.15 21:11:47.413,0.96884,0.96905,1.50,1.00
2017.11.15 21:11:49.482,0.96884,0.96906,1.00,1.50
2017.11.15 21:11:50.968,0.96884,0.96905,1.50,1.00
2017.11.15 21:11:52.963,0.96884,0.96906,1.00,1.00
2017.11.15 21:11:53.967,0.96884,0.96905,1.50,1.00
2017.11.15 21:11:58.196,0.96884,0.96906,1.00,1.50
2017.11.15 21:11:58.247,0.96886,0.96907,1.12,1.12
2017.11.15 21:12:10.055,0.96886,0.96908,1.00,1.00
2017.11.15 21:12:10.496,0.96888,0.96909,1.00,1.50
2017.11.15 21:12:12.884,0.96887,0.9691,1.00,2.25
2017.11.15 21:12:13.385,0.96888,0.96909,1.00,1.00
2017.11.15 21:12:14.345,0.96887,0.9691,1.12,1.50
2017.11.15 21:12:14.881,0.96888,0.96909,1.00,1.50
2017.11.15 21:12:15.438,0.9689,0.96912,1.00,1.37
2017.11.15 21:12:15.970,0.96891,0.96912,1.00,1.50
2017.11.15 21:12:18.528,0.9689,0.96913,1.12,2.62
2017.11.15 21:12:20.968,0.96891,0.96912,1.00,1.50
2017.11.15 21:12:21.600,0.9689,0.96913,1.12,2.62
2017.11.15 21:12:23.275,0.96891,0.96912,1.00,1.50
2017.11.15 21:12:24.572,0.9689,0.96913,1.12,2.62
2017.11.15 21:12:25.149,0.96891,0.96912,1.00,1.50
2017.11.15 21:12:26.906,0.9689,0.96913,1.12,2.62
2017.11.15 21:12:29.767,0.96887,0.96909,1.50,1.00
2017.11.15 21:12:30.071,0.96892,0.96915,2.25,1.87
2017.11.15 21:12:33.138,0.96893,0.96914,1.00,1.50
2017.11.15 21:12:33.189,0.96891,0.96912,1.12,1.00
2017.11.15 21:12:33.768,0.9689,0.96909,1.37,1.00
2017.11.15 21:12:33.819,0.96888,0.96909,3.19,1.00
2017.11.15 21:12:34.527,0.96888,0.9691,1.00,1.50
2017.11.15 21:12:34.904,0.9689,0.9691,1.00,1.00
2017.11.15 21:12:34.955,0.9689,0.96913,1.00,2.25
2017.11.15 21:12:35.523,0.9689,0.96913,1.00,2.25
2017.11.15 21:12:35.641,0.96888,0.96911,1.87,1.12
2017.11.15 21:12:36.430,0.96889,0.9691,1.00,1.00
2017.11.15 21:12:37.090,0.96888,0.96911,1.87,1.12
2017.11.15 21:12:37.605,0.96889,0.9691,1.12,1.00
2017.11.15 21:12:38.460,0.96891,0.9691,1.00,1.00
2017.11.15 21:12:39.318,0.96891,0.96911,1.00,1.12
2017.11.15 21:12:40.714,0.96891,0.9691,1.00,1.00
2017.11.15 21:12:41.596,0.96891,0.96912,1.50,1.00
2017.11.15 21:12:44.205,0.96891,0.96913,1.00,2.25
2017.11.15 21:12:44.511,0.96892,0.96915,1.50,2.25
2017.11.15 21:12:47.485,0.96893,0.96914,1.00,1.00
2017.11.15 21:12:47.587,0.96895,0.96916,1.00,1.00
2017.11.15 21:12:47.789,0.96896,0.96919,1.50,1.50
2017.11.15 21:12:48.327,0.96897,0.96918,1.00,1.87
2017.11.15 21:12:52.165,0.96896,0.96919,1.50,2.25
2017.11.15 21:12:52.216,0.96896,0.96919,1.12,2.62
2017.11.15 21:12:52.537,0.96897,0.96919,1.50,1.00
2017.11.15 21:12:53.410,0.96898,0.96919,1.12,1.87
2017.11.15 21:12:58.617,0.96898,0.96919,1.12,1.50
2017.11.15 21:12:59.879,0.96903,0.96919,1.50,1.00
2017.11.15 21:13:00.082,0.96911,0.96928,1.00,1.00
2017.11.15 21:13:00.133,0.96909,0.96931,1.87,1.12
2017.11.15 21:13:00.638,0.96911,0.96932,1.12,2.62
2017.11.15 21:13:01.179,0.9691,0.96932,1.50,1.50
2017.11.15 21:13:01.688,0.9691,0.96931,1.00,1.50
2017.11.15 21:13:02.533,0.96909,0.96931,2.25,1.00
2017.11.15 21:13:03.070,0.9691,0.96931,1.00,1.31
2017.11.15 21:13:03.267,0.9691,0.96929,1.00,1.00
2017.11.15 21:13:03.318,0.9691,0.96931,1.00,1.31
2017.11.15 21:13:05.087,0.96909,0.96931,2.25,1.00
2017.11.15 21:13:05.603,0.96909,0.96932,1.50,3.56
2017.11.15 21:13:06.120,0.96909,0.96931,2.25,1.00
2017.11.15 21:13:06.650,0.9691,0.96931,1.00,2.06
2017.11.15 21:13:07.164,0.96909,0.96931,2.25,1.00
2017.11.15 21:13:07.693,0.9691,0.96931,1.00,1.12
2017.11.15 21:13:08.716,0.96909,0.96931,2.25,1.00
2017.11.15 21:13:08.874,0.96909,0.96926,2.25,1.00
2017.11.15 21:13:10.485,0.96909,0.96931,2.25,1.50
2017.11.15 21:13:12.261,0.9691,0.96931,1.00,2.06
2017.11.15 21:13:13.005,0.9691,0.96931,1.00,2.81
2017.11.15 21:13:13.055,0.96907,0.9693,1.37,1.37
2017.11.15 21:13:14.516,0.96907,0.9693,1.00,1.50
2017.11.15 21:13:15.069,0.96906,0.96927,1.12,1.25
2017.11.15 21:13:15.854,0.96905,0.96928,1.87,1.31
2017.11.15 21:13:17.237,0.96906,0.96927,1.12,1.25
2017.11.15 21:13:17.579,0.96906,0.96925,1.12,1.00
2017.11.15 21:13:18.128,0.96904,0.96925,1.50,1.50
2017.11.15 21:13:19.788,0.96904,0.96925,1.00,2.25
2017.11.15 21:13:20.168,0.96901,0.96921,1.37,1.00
2017.11.15 21:13:21.041,0.96901,0.96922,1.37,1.50
2017.11.15 21:13:22.078,0.96901,0.96921,1.37,1.00
2017.11.15 21:13:26.156,0.96901,0.96922,1.37,1.50
2017.11.15 21:13:26.922,0.96903,0.96922,1.00,1.00
2017.11.15 21:13:27.425,0.96902,0.96922,1.12,1.00
2017.11.15 21:13:28.802,0.96903,0.96921,1.00,1.00
2017.11.15 21:13:29.401,0.96902,0.96922,1.12,1.00
2017.11.15 21:13:31.630,0.96902,0.96921,1.12,1.00
2017.11.15 21:13:32.293,0.96902,0.96925,1.12,2.62
2017.11.15 21:13:32.445,0.96902,0.96925,1.50,1.00
2017.11.15 21:13:32.954,0.96903,0.96924,1.50,1.00
2017.11.15 21:13:34.420,0.96902,0.96925,2.25,1.00
2017.11.15 21:13:34.738,0.96904,0.96924,1.50,1.00
2017.11.15 21:13:34.790,0.96905,0.96928,1.50,2.25
2017.11.15 21:13:34.841,0.96909,0.9693,1.00,3.00
2017.11.15 21:13:34.892,0.96909,0.9693,1.87,1.00
2017.11.15 21:13:34.994,0.96911,0.96933,2.25,2.44
2017.11.15 21:13:35.095,0.9691,0.96931,1.00,1.31
2017.11.15 21:13:35.742,0.96909,0.96932,1.12,1.12
2017.11.15 21:13:36.355,0.9691,0.96931,1.00,1.00
2017.11.15 21:13:37.805,0.9691,0.96929,1.00,1.00
2017.11.15 21:13:37.958,0.96908,0.96929,1.00,1.50
2017.11.15 21:13:38.513,0.96907,0.96929,1.50,1.12
2017.11.15 21:13:38.665,0.9691,0.9693,1.00,1.31
2017.11.15 21:13:39.274,0.9691,0.96931,1.00,1.50
2017.11.15 21:13:42.905,0.96909,0.96932,1.50,2.25
2017.11.15 21:13:43.394,0.96911,0.96932,1.00,1.69
2017.11.15 21:13:47.387,0.9691,0.96932,1.87,1.00
2017.11.15 21:13:48.639,0.9691,0.96931,1.50,1.12
2017.11.15 21:13:48.908,0.96911,0.96934,1.12,2.62
2017.11.15 21:13:49.060,0.96911,0.96932,1.12,1.12
2017.11.15 21:13:57.214,0.9691,0.9693,1.50,1.00
2017.11.15 21:13:57.807,0.96908,0.96931,2.25,1.00
2017.11.15 21:13:58.621,0.96909,0.9693,1.75,1.00
2017.11.15 21:13:59.369,0.96908,0.96931,2.25,1.00
2017.11.15 21:14:00.021,0.96909,0.9693,1.75,1.00
2017.11.15 21:14:01.152,0.96908,0.96931,1.87,1.75
2017.11.15 21:14:01.328,0.96909,0.9693,1.37,1.31
2017.11.15 21:14:01.821,0.96908,0.96931,1.87,1.87
2017.11.15 21:14:02.340,0.96909,0.9693,1.00,2.06
2017.11.15 21:14:03.709,0.96908,0.96931,1.12,1.87
2017.11.15 21:14:04.228,0.96909,0.9693,1.00,1.87
2017.11.15 21:14:05.032,0.96908,0.96931,1.87,1.87
2017.11.15 21:14:05.268,0.96908,0.96931,2.25,1.12
2017.11.15 21:14:06.020,0.96908,0.9693,1.00,1.00
2017.11.15 21:14:06.680,0.96909,0.96931,1.00,1.12
2017.11.15 21:14:06.731,0.96908,0.96931,1.87,1.87
2017.11.15 21:14:07.246,0.96909,0.9693,1.00,1.87
2017.11.15 21:14:07.925,0.96907,0.96928,1.50,1.00
2017.11.15 21:14:08.278,0.96909,0.9693,1.50,1.00
2017.11.15 21:14:08.838,0.96909,0.9693,1.37,1.12
2017.11.15 21:14:09.107,0.96907,0.96928,2.25,1.00
2017.11.15 21:14:09.260,0.96909,0.9693,1.00,2.62
2017.11.15 21:14:09.412,0.96911,0.96934,1.50,1.50
2017.11.15 21:14:09.926,0.96912,0.96933,1.00,1.00
2017.11.15 21:14:11.737,0.96911,0.96934,1.50,1.50
2017.11.15 21:14:12.289,0.96912,0.96933,1.00,1.00
2017.11.15 21:14:14.074,0.96911,0.96934,1.50,1.50
2017.11.15 21:14:14.600,0.96912,0.96933,1.00,1.00
2017.11.15 21:14:16.308,0.96911,0.96934,1.50,1.50
2017.11.15 21:14:16.911,0.96912,0.96933,1.00,1.00
2017.11.15 21:14:17.621,0.96908,0.96927,1.75,1.00
2017.11.15 21:14:17.672,0.96905,0.96928,1.50,1.50
2017.11.15 21:14:17.773,0.9691,0.96931,1.50,1.00
2017.11.15 21:14:18.314,0.9691,0.96933,1.50,1.50
2017.11.15 21:14:20.447,0.96909,0.9693,1.00,1.00
2017.11.15 21:14:20.550,0.96906,0.96929,1.12,1.12
2017.11.15 21:14:21.370,0.96907,0.96928,1.00,1.00
2017.11.15 21:14:24.578,0.96906,0.96929,1.87,1.12
2017.11.15 21:14:27.407,0.96907,0.96928,1.00,1.00
2017.11.15 21:14:29.454,0.96909,0.9693,1.00,1.12
2017.11.15 21:14:29.556,0.96906,0.96929,1.50,1.00
2017.11.15 21:14:30.062,0.96907,0.96928,1.00,1.87
2017.11.15 21:14:30.574,0.96905,0.96926,1.12,2.25
2017.11.15 21:14:31.083,0.96904,0.96926,1.12,1.50
2017.11.15 21:14:31.809,0.96905,0.96926,1.12,1.50
2017.11.15 21:14:32.663,0.96904,0.96927,1.87,1.50
2017.11.15 21:14:35.053,0.96905,0.96926,1.00,1.00
2017.11.15 21:14:35.660,0.96904,0.96927,1.50,1.50
2017.11.15 21:14:36.524,0.96905,0.96926,1.00,1.00
2017.11.15 21:14:37.744,0.96904,0.96927,1.50,1.50
2017.11.15 21:14:41.852,0.96905,0.96926,1.00,1.00
2017.11.15 21:14:43.116,0.96904,0.96927,1.50,1.50
2017.11.15 21:14:44.749,0.96905,0.96926,1.00,1.00
2017.11.15 21:14:45.513,0.96904,0.96927,1.50,1.50
2017.11.15 21:14:46.033,0.96905,0.96926,1.00,1.00
2017.11.15 21:14:46.852,0.96904,0.96927,1.50,1.50
2017.11.15 21:14:50.645,0.96905,0.96926,1.00,1.00
2017.11.15 21:14:51.184,0.96904,0.96927,1.50,1.50
2017.11.15 21:14:52.325,0.96904,0.96927,1.50,1.12
2017.11.15 21:14:52.669,0.96904,0.96925,1.12,1.12
2017.11.15 21:14:52.988,0.96906,0.96927,1.00,1.12
2017.11.15 21:14:56.572,0.96904,0.96926,1.12,1.37
2017.11.15 21:14:58.391,0.96906,0.96927,1.00,1.12
2017.11.15 21:14:58.694,0.96908,0.96929,1.12,1.12
2017.11.15 21:14:58.998,0.96905,0.96928,1.12,2.25
2017.11.15 21:14:59.519,0.96906,0.96927,1.00,1.31
2017.11.15 21:14:59.680,0.96904,0.96925,2.25,1.00
2017.11.15 21:15:00.203,0.96904,0.96925,1.00,1.00
2017.11.15 21:15:00.514,0.96903,0.96922,1.00,1.12
2017.11.15 21:15:01.740,0.96903,0.96924,1.87,1.12
2017.11.15 21:15:04.943,0.96904,0.96925,1.00,1.37
2017.11.15 21:15:12.377,0.96904,0.96922,1.00,1.12
2017.11.15 21:15:22.588,0.96904,0.96923,1.00,1.00
2017.11.15 21:15:23.236,0.96904,0.96922,1.00,1.12
2017.11.15 21:15:23.990,0.96904,0.96924,1.00,1.00
2017.11.15 21:15:32.000,0.96904,0.96924,1.00,1.37
2017.11.15 21:15:32.698,0.96904,0.96924,1.00,1.12
2017.11.15 21:15:38.891,0.96902,0.96925,1.37,1.87
2017.11.15 21:15:39.249,0.96909,0.96924,1.00,1.12
2017.11.15 21:15:39.351,0.96909,0.9693,1.12,1.12
2017.11.15 21:15:40.169,0.96909,0.96931,1.37,1.00
2017.11.15 21:15:40.926,0.96909,0.9693,1.50,1.00
2017.11.15 21:15:41.438,0.96909,0.96925,1.37,1.00
2017.11.15 21:15:41.490,0.96903,0.96925,1.87,1.00
2017.11.15 21:15:41.541,0.96902,0.96923,2.25,1.00
2017.11.15 21:15:42.273,0.96901,0.96924,1.50,1.12
2017.11.15 21:15:43.242,0.96902,0.96923,1.12,1.00
2017.11.15 21:15:43.757,0.96901,0.96924,1.50,1.87
2017.11.15 21:15:47.850,0.96902,0.96923,1.12,1.00
2017.11.15 21:15:48.467,0.96901,0.96923,1.00,1.00
2017.11.15 21:15:53.837,0.969,0.96921,1.50,1.12
2017.11.15 21:16:00.266,0.969,0.96921,1.00,1.75
2017.11.15 21:16:00.606,0.96895,0.96914,1.00,1.63
2017.11.15 21:16:01.162,0.96894,0.96914,1.00,1.37
2017.11.15 21:16:03.335,0.96894,0.96913,1.37,1.00
2017.11.15 21:16:03.386,0.96894,0.96917,2.25,1.94
2017.11.15 21:16:03.929,0.96895,0.96915,1.12,1.38
2017.11.15 21:16:05.398,0.96894,0.96917,2.25,1.94
2017.11.15 21:16:05.989,0.96894,0.96914,3.00,1.00
2017.11.15 21:16:07.758,0.96894,0.96915,2.25,2.06
2017.11.15 21:16:08.299,0.96894,0.96914,3.00,1.00
2017.11.15 21:16:08.850,0.96894,0.96915,2.25,2.06
2017.11.15 21:16:10.068,0.96895,0.96914,1.12,1.12
2017.11.15 21:16:10.747,0.96894,0.96918,2.62,1.25
2017.11.15 21:16:10.798,0.96903,0.96919,1.00,2.25
2017.11.15 21:16:10.950,0.96901,0.96921,1.12,1.13
2017.11.15 21:16:11.001,0.96899,0.9692,1.00,1.37
2017.11.15 21:16:11.102,0.969,0.96921,1.37,1.12
2017.11.15 21:16:11.753,0.96903,0.96924,1.00,2.44
2017.11.15 21:16:12.258,0.96902,0.96925,1.12,2.44
2017.11.15 21:16:12.859,0.96903,0.96924,1.00,1.50
2017.11.15 21:16:14.189,0.96902,0.96925,1.12,2.62
2017.11.15 21:16:14.722,0.96903,0.96924,1.00,2.44
2017.11.15 21:16:15.727,0.96902,0.96924,1.12,1.31
2017.11.15 21:16:16.321,0.96903,0.96924,1.00,1.69
2017.11.15 21:16:16.872,0.96902,0.96924,1.12,1.12
2017.11.15 21:16:17.419,0.96903,0.96924,1.00,2.44
2017.11.15 21:16:18.089,0.96902,0.96924,1.12,1.12
2017.11.15 21:16:19.461,0.96903,0.96924,1.00,2.44
2017.11.15 21:16:19.595,0.96901,0.96922,1.00,1.00
2017.11.15 21:16:20.172,0.96903,0.96923,1.00,1.12
2017.11.15 21:16:20.711,0.96903,0.96925,1.12,1.50
2017.11.15 21:16:21.091,0.96903,0.96922,1.00,1.00
2017.11.15 21:16:21.685,0.96903,0.96923,1.00,1.50
2017.11.15 21:16:22.203,0.96903,0.96922,1.00,1.00
2017.11.15 21:16:22.948,0.96903,0.96923,1.00,2.25
2017.11.15 21:16:23.159,0.96898,0.96919,1.50,1.00
2017.11.15 21:16:23.498,0.96899,0.96917,1.00,1.00
2017.11.15 21:16:24.122,0.96899,0.96918,1.00,1.50
2017.11.15 21:16:24.459,0.96899,0.96915,1.00,1.00
2017.11.15 21:16:24.998,0.96899,0.96916,1.00,1.12
2017.11.15 21:16:25.549,0.96899,0.96915,1.00,1.00
2017.11.15 21:16:26.852,0.96898,0.96915,1.00,1.00
2017.11.15 21:16:27.961,0.96898,0.96916,1.00,1.12
2017.11.15 21:16:29.074,0.96898,0.96915,1.00,1.00
2017.11.15 21:16:31.787,0.96898,0.96913,1.00,1.00
2017.11.15 21:16:31.838,0.96891,0.96911,1.50,1.87
2017.11.15 21:16:31.890,0.9689,0.96905,1.00,1.00
2017.11.15 21:16:31.941,0.96888,0.96905,1.00,1.00
2017.11.15 21:16:31.992,0.96883,0.96903,2.25,1.50
2017.11.15 21:16:32.043,0.96885,0.96906,1.00,1.00
2017.11.15 21:16:32.219,0.96884,0.96902,1.37,1.00
2017.11.15 21:16:32.270,0.96888,0.96907,1.00,1.12
2017.11.15 21:16:32.321,0.9689,0.96908,1.00,1.37
2017.11.15 21:16:32.423,0.96891,0.96914,1.12,1.75
2017.11.15 21:16:32.524,0.96891,0.96914,1.12,1.00
2017.11.15 21:16:33.039,0.96892,0.96914,1.00,1.50
2017.11.15 21:16:33.580,0.96891,0.96915,1.50,1.87
2017.11.15 21:16:33.631,0.96894,0.96915,1.00,1.00
2017.11.15 21:16:33.932,0.96895,0.96918,1.37,1.37
2017.11.15 21:16:35.110,0.96898,0.96921,1.00,1.87
2017.11.15 21:16:35.161,0.96897,0.96918,1.12,1.00
2017.11.15 21:16:41.129,0.96899,0.96919,1.00,1.37
2017.11.15 21:16:44.051,0.96896,0.96919,1.87,1.37
2017.11.15 21:16:44.203,0.96894,0.96917,1.50,2.25
2017.11.15 21:16:44.613,0.96893,0.96914,1.87,1.12
2017.11.15 21:16:48.663,0.96895,0.96916,1.00,1.00
2017.11.15 21:16:49.270,0.96894,0.96917,2.25,2.25
2017.11.15 21:16:52.066,0.96894,0.96917,3.75,1.12
2017.11.15 21:17:02.359,0.96895,0.96917,1.00,1.50
2017.11.15 21:17:06.131,0.96896,0.96917,1.00,2.62
2017.11.15 21:17:06.893,0.96893,0.96916,1.50,1.00
2017.11.15 21:17:07.466,0.96893,0.96915,1.00,1.00
2017.11.15 21:17:10.242,0.96893,0.96916,2.62,1.12
2017.11.15 21:17:17.165,0.96894,0.96915,1.12,1.00
2017.11.15 21:17:21.036,0.96893,0.96916,2.62,1.12
2017.11.15 21:17:27.250,0.96894,0.96915,1.12,1.00
2017.11.15 21:17:28.568,0.96893,0.96916,2.62,1.12
2017.11.15 21:17:29.867,0.96894,0.96915,1.12,1.00
2017.11.15 21:17:29.919,0.96897,0.96918,2.44,1.00
2017.11.15 21:17:30.124,0.96907,0.96928,2.25,1.12
2017.11.15 21:17:30.326,0.96904,0.96925,1.12,1.12
2017.11.15 21:17:38.334,0.96902,0.96923,1.12,1.12
2017.11.15 21:17:38.638,0.969,0.96921,1.00,1.12
2017.11.15 21:17:39.970,0.969,0.96921,1.50,1.12
2017.11.15 21:17:40.631,0.969,0.96921,1.00,1.12
2017.11.15 21:17:45.293,0.96899,0.96922,1.12,1.37
2017.11.15 21:17:49.633,0.969,0.96921,1.00,1.12
2017.11.15 21:17:49.995,0.96898,0.96919,1.50,1.12
2017.11.15 21:17:56.763,0.96897,0.9692,2.62,1.00
2017.11.15 21:17:57.323,0.96898,0.96919,1.87,1.12
2017.11.15 21:17:58.035,0.96898,0.9692,1.00,1.37
2017.11.15 21:18:01.544,0.96901,0.96921,1.00,1.50
2017.11.15 21:18:01.696,0.96899,0.96921,1.00,1.50
2017.11.15 21:18:02.375,0.96898,0.96921,2.25,1.00
2017.11.15 21:18:03.019,0.96899,0.9692,1.50,1.00
2017.11.15 21:18:03.737,0.96898,0.96921,2.25,1.00
2017.11.15 21:18:04.303,0.96899,0.9692,1.50,1.00
2017.11.15 21:18:04.948,0.96899,0.96921,1.00,1.50
2017.11.15 21:18:06.780,0.96898,0.96921,2.25,1.00
2017.11.15 21:18:07.300,0.96899,0.96921,1.00,1.50
2017.11.15 21:18:07.986,0.96898,0.96921,2.25,1.00
2017.11.15 21:18:08.598,0.96899,0.96921,1.00,1.50
2017.11.15 21:18:12.378,0.96898,0.96921,2.25,1.00
2017.11.15 21:18:12.881,0.96899,0.9692,1.50,1.00
2017.11.15 21:18:12.984,0.96901,0.96921,1.12,1.31
2017.11.15 21:18:14.610,0.96897,0.9692,1.50,1.50
2017.11.15 21:18:15.307,0.96898,0.96919,1.00,1.00
2017.11.15 21:18:15.639,0.96896,0.96917,1.87,1.12
2017.11.15 21:18:16.149,0.96896,0.96917,1.50,1.12
2017.11.15 21:18:20.867,0.96899,0.96915,1.00,2.81
2017.11.15 21:18:20.918,0.9689,0.96909,1.75,1.50
2017.11.15 21:18:21.121,0.96887,0.96908,1.87,1.12
2017.11.15 21:18:21.650,0.96886,0.96909,1.00,1.75
2017.11.15 21:18:21.701,0.96886,0.96909,1.12,1.12
2017.11.15 21:18:22.012,0.96886,0.96909,1.00,1.50
2017.11.15 21:18:22.114,0.96886,0.96909,1.50,1.50
2017.11.15 21:18:22.215,0.96886,0.96909,1.00,2.25
2017.11.15 21:18:22.530,0.96886,0.96909,1.50,2.25
2017.11.15 21:18:22.641,0.96886,0.96909,1.12,2.25
2017.11.15 21:18:23.359,0.96886,0.96909,1.50,2.25
2017.11.15 21:18:23.969,0.96886,0.96909,1.12,2.25
2017.11.15 21:18:24.522,0.96887,0.96908,1.12,1.50
2017.11.15 21:18:25.115,0.96886,0.96909,1.00,2.25
2017.11.15 21:18:25.644,0.96886,0.96909,1.12,1.12
2017.11.15 21:18:26.183,0.96886,0.96909,1.00,1.87
2017.11.15 21:18:26.745,0.96886,0.96909,1.12,1.12
2017.11.15 21:18:26.847,0.96886,0.96909,1.00,1.75
2017.11.15 21:18:27.815,0.96886,0.96909,1.12,1.50
2017.11.15 21:18:28.445,0.96886,0.96909,1.00,2.81
2017.11.15 21:18:28.988,0.96885,0.96906,1.12,1.00
2017.11.15 21:18:31.605,0.96885,0.96906,1.00,1.50
2017.11.15 21:18:32.150,0.96884,0.96907,1.12,1.75
2017.11.15 21:18:48.199,0.96885,0.96906,1.00,1.50
2017.11.15 21:18:51.467,0.96883,0.96904,1.50,1.00
2017.11.15 21:18:53.144,0.96883,0.96905,1.00,1.50
2017.11.15 21:18:55.149,0.96883,0.96904,1.50,1.00
2017.11.15 21:18:55.809,0.96883,0.96905,1.00,2.25
2017.11.15 21:18:56.316,0.96883,0.96904,1.50,1.00
2017.11.15 21:18:56.968,0.96884,0.96904,1.00,1.00
2017.11.15 21:19:01.219,0.96884,0.96905,1.00,2.25
2017.11.15 21:19:04.700,0.96884,0.96904,1.00,1.00
2017.11.15 21:19:07.135,0.96885,0.96905,1.00,1.00
2017.11.15 21:19:07.654,0.96884,0.96907,1.87,1.87
2017.11.15 21:19:11.636,0.96885,0.96906,2.25,1.00
2017.11.15 21:19:12.260,0.96885,0.96906,1.12,1.12
2017.11.15 21:19:22.266,0.96888,0.96907,1.12,1.12
2017.11.15 21:19:22.613,0.96885,0.96903,1.50,1.00
2017.11.15 21:19:24.318,0.96884,0.96904,1.75,1.00
2017.11.15 21:19:24.949,0.96884,0.96903,1.75,1.00
2017.11.15 21:19:25.949,0.96885,0.96906,1.50,3.00
2017.11.15 21:19:26.177,0.96884,0.96906,1.12,1.50
2017.11.15 21:19:31.023,0.96884,0.96907,1.12,3.00
2017.11.15 21:19:31.766,0.96884,0.96906,1.12,1.00
2017.11.15 21:19:32.350,0.96885,0.96906,1.00,3.00
2017.11.15 21:19:33.167,0.96884,0.96907,1.50,3.56
2017.11.15 21:19:33.782,0.96885,0.96906,1.12,2.44
2017.11.15 21:19:35.718,0.96884,0.96907,1.50,3.56
2017.11.15 21:19:36.422,0.96885,0.96906,1.12,2.44
2017.11.15 21:19:37.133,0.96884,0.96902,1.50,1.00
2017.11.15 21:19:38.227,0.96884,0.96902,1.00,1.00
2017.11.15 21:19:38.734,0.96884,0.96903,1.00,1.12
2017.11.15 21:19:39.479,0.96884,0.96902,1.00,1.00
2017.11.15 21:19:40.075,0.96884,0.96903,1.00,1.12
2017.11.15 21:19:43.427,0.96884,0.96902,1.00,1.00
2017.11.15 21:19:47.858,0.96884,0.96903,1.00,1.12
2017.11.15 21:19:49.901,0.96885,0.96902,1.37,1.00
2017.11.15 21:19:50.919,0.96885,0.96903,1.37,1.00
2017.11.15 21:19:51.626,0.96885,0.96902,1.37,1.00
2017.11.15 21:19:52.402,0.96885,0.96903,1.37,1.00
2017.11.15 21:19:52.453,0.96884,0.96903,1.50,1.00
2017.11.15 21:19:53.247,0.96885,0.96903,1.00,1.12
2017.11.15 21:19:53.798,0.96884,0.96902,1.50,1.00
2017.11.15 21:19:54.299,0.96884,0.96903,1.50,1.00
2017.11.15 21:19:55.428,0.96884,0.96902,1.50,1.00
2017.11.15 21:19:56.389,0.96884,0.96903,1.50,1.00
2017.11.15 21:19:56.911,0.96885,0.96902,1.00,1.00
2017.11.15 21:19:57.572,0.96885,0.96903,1.00,1.12
2017.11.15 21:19:58.245,0.96885,0.96902,1.00,1.00
2017.11.15 21:19:59.066,0.96885,0.96903,1.12,1.00
2017.11.15 21:19:59.603,0.96885,0.96902,1.87,1.00
2017.11.15 21:20:00.636,0.96885,0.96903,1.12,1.00
2017.11.15 21:20:01.192,0.96885,0.96902,1.87,1.00
2017.11.15 21:20:01.924,0.96886,0.96903,1.00,1.12
2017.11.15 21:20:02.700,0.96885,0.96903,1.12,1.00
2017.11.15 21:20:03.284,0.96885,0.96902,1.87,1.00
2017.11.15 21:20:03.946,0.96885,0.96903,1.12,1.00
2017.11.15 21:20:06.638,0.96885,0.96902,1.87,1.00
2017.11.15 21:20:07.248,0.96886,0.96902,1.00,1.00
2017.11.15 21:20:07.808,0.96886,0.96903,1.00,1.12
2017.11.15 21:20:08.315,0.96885,0.96902,1.12,1.00
2017.11.15 21:20:08.899,0.96885,0.96903,1.12,1.00
2017.11.15 21:20:09.560,0.96885,0.96902,1.12,1.00
2017.11.15 21:20:09.712,0.96887,0.96902,1.50,1.00
2017.11.15 21:20:10.525,0.96888,0.96903,1.00,1.12
2017.11.15 21:20:11.053,0.96887,0.96902,1.50,1.00
2017.11.15 21:20:11.977,0.96887,0.96903,1.50,1.00
2017.11.15 21:20:12.580,0.96887,0.96902,1.00,1.00
2017.11.15 21:20:15.304,0.96887,0.96903,1.00,1.00
2017.11.15 21:20:15.355,0.96889,0.96906,1.00,1.00
2017.11.15 21:20:15.406,0.96889,0.9691,1.50,1.50
2017.11.15 21:20:15.942,0.9689,0.96911,1.12,2.06
2017.11.15 21:20:17.977,0.96889,0.9691,2.25,1.00
2017.11.15 21:20:18.028,0.96892,0.9691,1.12,1.00
2017.11.15 21:20:18.374,0.9689,0.9691,1.12,1.00
2017.11.15 21:20:19.084,0.96889,0.96911,1.50,1.00
2017.11.15 21:20:19.964,0.96889,0.9691,2.25,1.00
2017.11.15 21:20:20.736,0.96889,0.96911,1.50,1.00
2017.11.15 21:20:21.504,0.9689,0.9691,1.12,1.00
2017.11.15 21:20:22.833,0.96889,0.96911,1.50,1.00
2017.11.15 21:20:26.738,0.96889,0.9691,2.25,1.00
2017.11.15 21:20:28.683,0.9689,0.96911,1.12,2.06
2017.11.15 21:20:29.222,0.96889,0.9691,2.25,1.00
2017.11.15 21:20:29.753,0.96891,0.96911,1.00,1.00
2017.11.15 21:20:30.305,0.96892,0.9691,1.00,1.00
2017.11.15 21:20:31.220,0.96892,0.96911,1.00,1.12
2017.11.15 21:20:31.748,0.96891,0.9691,1.00,1.00
2017.11.15 21:20:32.333,0.96891,0.96911,1.00,1.00
2017.11.15 21:20:33.119,0.96891,0.9691,1.00,1.00
2017.11.15 21:20:33.685,0.96892,0.96913,1.00,2.25
2017.11.15 21:20:34.285,0.96891,0.96914,1.12,3.00
2017.11.15 21:20:35.714,0.96892,0.96913,1.00,1.50
2017.11.15 21:20:37.032,0.96891,0.96914,1.12,1.75
2017.11.15 21:20:37.084,0.96896,0.96915,1.00,1.12
2017.11.15 21:20:37.135,0.96894,0.96915,1.12,1.87
2017.11.15 21:20:37.656,0.96894,0.96914,1.12,1.00
2017.11.15 21:20:38.342,0.96894,0.96915,1.12,2.06
2017.11.15 21:20:38.857,0.96894,0.96914,1.12,1.00
2017.11.15 21:20:42.813,0.96899,0.96919,1.00,4.72
2017.11.15 21:20:42.864,0.96898,0.96919,1.12,1.72
2017.11.15 21:20:43.067,0.96903,0.96924,1.00,1.75
2017.11.15 21:20:43.119,0.96903,0.96924,1.37,1.00
2017.11.15 21:20:43.621,0.96903,0.96926,1.37,3.37
2017.11.15 21:20:48.988,0.96906,0.96927,1.12,3.79
2017.11.15 21:20:51.918,0.96905,0.96927,1.37,1.91
2017.11.15 21:20:52.674,0.96905,0.96926,1.37,1.00
2017.11.15 21:20:53.810,0.96905,0.96927,1.37,1.31
2017.11.15 21:20:54.324,0.96905,0.96926,1.37,1.00
2017.11.15 21:20:56.024,0.96905,0.96927,1.37,1.31
2017.11.15 21:20:56.586,0.96905,0.96926,1.37,1.00
2017.11.15 21:20:56.637,0.96904,0.96925,1.12,1.12
2017.11.15 21:21:00.839,0.96902,0.96923,1.00,1.00
2017.11.15 21:21:01.914,0.96901,0.96924,1.50,1.50
2017.11.15 21:21:02.573,0.96902,0.96923,1.00,1.00
2017.11.15 21:21:05.212,0.96901,0.96924,1.50,1.50
2017.11.15 21:21:05.757,0.96902,0.96923,1.00,1.00
2017.11.15 21:21:07.679,0.96901,0.96924,1.50,1.50
2017.11.15 21:21:07.984,0.96906,0.96926,1.12,2.25
2017.11.15 21:21:08.350,0.96907,0.96929,1.12,1.00
2017.11.15 21:21:08.864,0.96908,0.96929,1.00,1.69
2017.11.15 21:21:09.484,0.96907,0.96929,1.12,1.00
2017.11.15 21:21:10.150,0.96908,0.96928,1.00,1.00
2017.11.15 21:21:10.850,0.96908,0.96929,1.00,1.50
2017.11.15 21:21:11.446,0.96907,0.96928,1.87,1.00
2017.11.15 21:21:11.648,0.96905,0.96927,1.12,1.50
2017.11.15 21:21:12.273,0.96906,0.96926,1.00,1.69
2017.11.15 21:21:18.148,0.96905,0.96927,1.12,1.69
2017.11.15 21:21:18.703,0.96906,0.96927,1.00,3.38
2017.11.15 21:21:20.449,0.96905,0.96927,1.12,1.31
2017.11.15 21:21:21.958,0.96906,0.96925,1.00,1.00
2017.11.15 21:21:22.010,0.96903,0.96924,1.00,1.00
2017.11.15 21:21:22.345,0.969,0.96923,1.37,2.25
2017.11.15 21:21:22.652,0.96897,0.9692,1.50,1.50
2017.11.15 21:21:23.133,0.96901,0.96922,1.12,2.06
2017.11.15 21:21:24.494,0.969,0.96922,1.50,1.25
2017.11.15 21:21:25.143,0.96901,0.96922,1.12,2.25
2017.11.15 21:21:25.663,0.969,0.96922,1.50,1.00
2017.11.15 21:21:25.968,0.96901,0.96921,1.50,1.69
2017.11.15 21:21:26.070,0.96898,0.9692,1.12,1.50
2017.11.15 21:21:26.753,0.96898,0.96919,1.87,1.12
2017.11.15 21:21:28.255,0.96898,0.9692,1.12,1.50
2017.11.15 21:21:28.764,0.96898,0.96919,1.87,1.00
2017.11.15 21:21:31.654,0.96898,0.9692,1.12,1.50
2017.11.15 21:21:32.274,0.96898,0.96919,1.87,1.12
2017.11.15 21:21:34.076,0.96898,0.9692,1.12,1.50
2017.11.15 21:21:35.497,0.96897,0.96919,1.00,1.50
2017.11.15 21:21:36.023,0.96898,0.96919,1.00,1.87
2017.11.15 21:21:46.599,0.96897,0.96919,1.00,1.50
2017.11.15 21:21:47.603,0.96898,0.96919,1.00,2.62
2017.11.15 21:21:48.306,0.96897,0.96919,1.00,1.50
2017.11.15 21:21:51.986,0.96898,0.96919,1.00,1.50
2017.11.15 21:21:52.597,0.96897,0.96918,1.00,1.00
2017.11.15 21:21:56.749,0.96899,0.96919,1.00,1.12
2017.11.15 21:21:57.264,0.96898,0.9692,1.12,1.00
2017.11.15 21:21:57.596,0.96896,0.96917,1.12,1.12
2017.11.15 21:22:13.514,0.96895,0.96918,2.25,1.12
2017.11.15 21:22:14.082,0.96897,0.96918,1.00,1.00
2017.11.15 21:22:14.677,0.96896,0.96919,1.00,1.50
2017.11.15 21:22:15.403,0.96897,0.96918,1.00,1.00
2017.11.15 21:22:24.263,0.96896,0.96919,1.50,1.50
2017.11.15 21:22:25.117,0.96898,0.96918,2.25,1.00
2017.11.15 21:22:25.218,0.96903,0.96924,1.00,1.50
2017.11.15 21:22:25.269,0.96902,0.96922,1.00,1.00
2017.11.15 21:22:25.664,0.96898,0.96919,1.75,1.00
2017.11.15 21:22:25.716,0.96897,0.96917,1.00,1.12
2017.11.15 21:22:26.259,0.96896,0.96917,1.12,1.12
2017.11.15 21:22:31.637,0.96898,0.96921,1.00,3.37
2017.11.15 21:22:31.832,0.96901,0.96924,1.75,1.69
2017.11.15 21:22:34.162,0.96902,0.96924,1.50,1.88
2017.11.15 21:22:34.878,0.96901,0.96924,1.75,1.88
2017.11.15 21:22:38.307,0.96902,0.96924,1.50,2.62
2017.11.15 21:22:38.873,0.96902,0.96923,1.50,1.00
2017.11.15 21:22:39.956,0.96901,0.96925,1.75,3.00
2017.11.15 21:22:41.499,0.96902,0.96924,1.50,2.06
2017.11.15 21:22:42.178,0.96901,0.96924,1.75,1.12
2017.11.15 21:22:53.609,0.96902,0.96925,1.50,3.19
2017.11.15 21:22:54.126,0.96903,0.96924,1.00,1.69
2017.11.15 21:22:55.814,0.96902,0.96924,2.25,1.12
2017.11.15 21:22:57.110,0.96903,0.96924,1.00,2.06
2017.11.15 21:22:57.160,0.96902,0.96924,2.25,1.12
2017.11.15 21:22:57.683,0.96903,0.96924,1.00,1.87
2017.11.15 21:22:58.192,0.96902,0.96924,2.25,1.31
2017.11.15 21:22:58.703,0.96903,0.96924,1.00,2.63
2017.11.15 21:22:59.223,0.96902,0.96924,2.25,1.12
2017.11.15 21:23:00.535,0.96903,0.96924,1.00,1.88
2017.11.15 21:23:01.075,0.96902,0.96925,1.50,3.56
2017.11.15 21:23:02.418,0.96903,0.96924,1.00,2.06
2017.11.15 21:23:03.202,0.96903,0.96924,1.00,2.06
2017.11.15 21:23:03.720,0.96902,0.96924,2.25,1.12
2017.11.15 21:23:04.694,0.96902,0.96925,1.50,3.00
2017.11.15 21:23:05.231,0.96903,0.96924,1.00,1.50
2017.11.15 21:23:05.778,0.96902,0.96924,2.25,1.00
2017.11.15 21:23:07.328,0.96903,0.96924,1.00,2.06
2017.11.15 21:23:08.152,0.96902,0.96924,2.25,1.00
2017.11.15 21:23:09.237,0.96903,0.96924,1.00,2.06
2017.11.15 21:23:09.800,0.96902,0.96925,1.50,2.81
2017.11.15 21:23:10.462,0.96902,0.96924,2.25,1.00
2017.11.15 21:23:10.963,0.96904,0.96925,1.00,3.00
2017.11.15 21:23:11.484,0.96903,0.96925,1.50,1.31
2017.11.15 21:23:12.091,0.96903,0.96924,1.50,1.00
2017.11.15 21:23:12.554,0.96905,0.96924,1.50,1.00
2017.11.15 21:23:13.141,0.96906,0.96924,1.00,1.31
2017.11.15 21:23:14.395,0.96905,0.96925,1.50,1.69
2017.11.15 21:23:15.084,0.96906,0.96924,1.00,1.50
2017.11.15 21:23:16.833,0.96905,0.96925,1.50,1.50
2017.11.15 21:23:17.376,0.96906,0.96924,1.00,1.50
2017.11.15 21:23:18.267,0.96904,0.96924,1.00,1.25
2017.11.15 21:23:19.138,0.96903,0.96924,2.25,1.12
2017.11.15 21:23:19.873,0.96904,0.96924,1.00,2.06
2017.11.15 21:23:20.439,0.96904,0.96924,1.00,1.50
2017.11.15 21:23:20.952,0.96904,0.96924,1.00,1.37
2017.11.15 21:23:21.632,0.96904,0.96924,1.00,1.25
2017.11.15 21:23:22.135,0.96903,0.96925,1.50,2.06
2017.11.15 21:23:23.083,0.96904,0.96924,1.00,1.87
2017.11.15 21:23:24.264,0.96903,0.96925,1.50,2.06
2017.11.15 21:23:25.070,0.96905,0.96924,1.12,1.69
2017.11.15 21:23:25.456,0.96906,0.96927,1.00,1.87
2017.11.15 21:23:26.043,0.96906,0.96926,2.25,1.13
2017.11.15 21:23:26.589,0.96906,0.96926,1.00,1.13
2017.11.15 21:23:27.313,0.96906,0.96926,1.50,1.50
2017.11.15 21:23:27.616,0.96905,0.96925,1.00,1.00
2017.11.15 21:23:29.415,0.96904,0.96926,2.25,1.31
2017.11.15 21:23:30.003,0.96905,0.96926,1.00,2.06
2017.11.15 21:23:30.824,0.96906,0.96926,1.50,1.50
2017.11.15 21:23:31.375,0.96907,0.96926,1.00,2.06
2017.11.15 21:23:31.991,0.96907,0.96926,1.00,1.00
2017.11.15 21:23:33.767,0.96905,0.96923,1.00,1.12
2017.11.15 21:23:34.374,0.96904,0.96923,1.12,1.12
2017.11.15 21:23:35.136,0.96904,0.96922,1.12,1.00
2017.11.15 21:23:35.763,0.96903,0.96923,1.37,1.00
2017.11.15 21:23:36.319,0.96903,0.96922,1.87,1.00
2017.11.15 21:23:37.324,0.96904,0.96923,1.12,1.12
2017.11.15 21:23:37.873,0.96904,0.96922,1.12,1.00
2017.11.15 21:23:38.388,0.96904,0.96923,1.12,1.12
2017.11.15 21:23:39.569,0.96903,0.96922,1.87,1.00
2017.11.15 21:23:40.211,0.96904,0.96923,1.12,1.12
2017.11.15 21:23:40.979,0.96904,0.96922,1.12,1.00
2017.11.15 21:23:42.447,0.96904,0.96923,1.12,1.31
2017.11.15 21:23:46.432,0.96904,0.96922,1.12,1.00
2017.11.15 21:23:47.634,0.96906,0.96926,1.00,2.25
2017.11.15 21:23:47.888,0.96908,0.96926,1.00,1.69
2017.11.15 21:23:48.533,0.96907,0.96927,1.50,1.31
2017.11.15 21:23:49.232,0.96908,0.96926,1.00,1.69
2017.11.15 21:23:50.423,0.96907,0.96926,1.50,1.00
2017.11.15 21:23:51.834,0.96907,0.96927,1.50,1.69
2017.11.15 21:23:52.428,0.96908,0.96927,1.00,2.44
2017.11.15 21:23:53.410,0.96904,0.96926,3.37,1.31
2017.11.15 21:23:54.203,0.96905,0.96926,1.12,1.75
2017.11.15 21:23:55.308,0.96905,0.96926,1.12,2.25
2017.11.15 21:23:55.960,0.96904,0.96926,2.62,1.50
2017.11.15 21:23:57.470,0.96905,0.96927,1.12,1.88
2017.11.15 21:24:00.328,0.96904,0.96926,2.62,2.06
2017.11.15 21:24:03.614,0.96905,0.96925,1.12,1.12
2017.11.15 21:24:04.284,0.96904,0.96926,1.87,1.31
2017.11.15 21:24:05.092,0.96905,0.96925,1.12,1.31
2017.11.15 21:24:08.132,0.96904,0.96925,2.62,1.13
2017.11.15 21:24:09.437,0.96905,0.96924,1.12,1.13
2017.11.15 21:24:10.036,0.96904,0.96925,1.12,2.81
2017.11.15 21:24:10.658,0.96904,0.96923,1.12,1.13
2017.11.15 21:24:11.325,0.96902,0.96921,2.25,1.00
2017.11.15 21:24:11.905,0.96902,0.96922,1.75,1.00
2017.11.15 21:24:12.461,0.96903,0.96922,1.50,2.25
2017.11.15 21:24:13.126,0.96903,0.96916,1.50,1.00
2017.11.15 21:24:13.177,0.96892,0.96912,1.00,1.00
2017.11.15 21:24:13.546,0.9689,0.96911,1.50,1.12
2017.11.15 21:24:14.071,0.9689,0.96912,1.00,1.12
2017.11.15 21:24:14.772,0.9689,0.96911,1.50,1.12
2017.11.15 21:24:15.431,0.9689,0.96912,1.00,1.87
2017.11.15 21:24:16.027,0.9689,0.96911,1.50,1.12
2017.11.15 21:24:17.620,0.9689,0.96911,1.50,1.12
2017.11.15 21:24:17.672,0.96893,0.96913,1.00,1.31
2017.11.15 21:24:18.401,0.96894,0.96913,1.00,1.00
2017.11.15 21:24:18.963,0.96894,0.96912,1.00,1.00
2017.11.15 21:24:21.336,0.96892,0.96912,1.12,1.00
2017.11.15 21:24:21.843,0.9689,0.96911,1.12,1.00
2017.11.15 21:24:24.795,0.96889,0.96912,2.25,1.87
2017.11.15 21:24:27.299,0.96892,0.96913,1.12,2.63
2017.11.15 21:24:28.313,0.96889,0.96912,1.87,1.50
2017.11.15 21:24:28.905,0.9689,0.96911,1.00,1.00
2017.11.15 21:24:28.957,0.96893,0.96914,1.12,2.25
2017.11.15 21:24:29.506,0.96894,0.96915,1.00,2.06
2017.11.15 21:24:30.093,0.96894,0.96914,1.00,2.25
2017.11.15 21:24:30.246,0.96894,0.96915,1.00,1.69
2017.11.15 21:24:30.747,0.96894,0.96914,1.00,1.88
2017.11.15 21:24:32.382,0.96896,0.96914,1.12,1.13
2017.11.15 21:24:36.999,0.96895,0.96915,1.37,1.13
2017.11.15 21:24:37.544,0.96893,0.96915,1.87,1.50
2017.11.15 21:24:38.052,0.96893,0.96915,1.87,1.50
2017.11.15 21:24:38.684,0.96894,0.96914,1.12,1.63
2017.11.15 21:24:39.217,0.96895,0.96914,1.12,1.13
2017.11.15 21:24:40.503,0.96894,0.96915,1.87,1.00
2017.11.15 21:24:41.027,0.96895,0.96914,1.12,1.31
2017.11.15 21:24:41.980,0.96894,0.96915,1.87,1.31
2017.11.15 21:24:42.530,0.96894,0.96915,1.50,1.12
2017.11.15 21:24:43.104,0.96894,0.96914,1.50,1.31
2017.11.15 21:24:43.665,0.96894,0.96915,1.00,1.31
2017.11.15 21:24:45.035,0.96894,0.96914,1.50,1.12
2017.11.15 21:24:46.075,0.96894,0.96915,1.50,1.63
2017.11.15 21:24:47.348,0.96894,0.96914,1.50,1.12
2017.11.15 21:24:47.954,0.96894,0.96915,1.00,1.31
2017.11.15 21:24:48.465,0.96894,0.96914,1.50,1.12
2017.11.15 21:24:49.839,0.96894,0.96916,1.50,3.00
2017.11.15 21:24:49.890,0.96898,0.96916,1.00,3.94
2017.11.15 21:24:49.941,0.96894,0.96915,1.00,1.88
2017.11.15 21:24:50.600,0.96894,0.96915,1.50,1.94
2017.11.15 21:24:51.206,0.96894,0.96915,1.50,1.75
2017.11.15 21:24:51.921,0.96894,0.96916,1.00,1.94
2017.11.15 21:24:52.703,0.96894,0.96915,1.50,1.94
2017.11.15 21:24:54.448,0.96894,0.96916,1.00,4.50
2017.11.15 21:24:55.002,0.96894,0.96915,1.50,1.94
2017.11.15 21:25:00.422,0.96894,0.96916,1.00,4.50
2017.11.15 21:25:01.121,0.96894,0.96914,1.87,1.13
2017.11.15 21:25:01.624,0.96894,0.96915,1.12,1.50
2017.11.15 21:25:02.147,0.96894,0.96913,1.00,2.06
2017.11.15 21:25:02.688,0.96897,0.96913,1.00,1.00
2017.11.15 21:25:02.950,0.96896,0.96915,1.00,1.25
2017.11.15 21:25:03.677,0.96897,0.96914,1.00,1.00
2017.11.15 21:25:03.729,0.96896,0.96917,1.00,1.00
2017.11.15 21:25:03.780,0.96898,0.96919,2.25,1.75
2017.11.15 21:25:04.083,0.96897,0.96915,1.00,1.00
2017.11.15 21:25:04.388,0.96895,0.96915,1.00,1.00
2017.11.15 21:25:04.936,0.96894,0.96917,2.25,3.56
2017.11.15 21:25:06.809,0.96895,0.96916,1.00,2.06
2017.11.15 21:25:07.813,0.96894,0.96916,2.25,1.12
2017.11.15 21:25:08.561,0.96896,0.96917,1.12,1.88
2017.11.15 21:25:08.810,0.96896,0.96919,1.87,1.87
2017.11.15 21:25:08.861,0.96896,0.96916,2.25,1.50
2017.11.15 21:25:09.446,0.96894,0.96916,1.00,1.69
2017.11.15 21:25:09.950,0.96894,0.96914,1.00,1.63
2017.11.15 21:25:12.519,0.96894,0.96915,1.87,1.69
2017.11.15 21:25:12.621,0.96898,0.96915,1.00,1.12
2017.11.15 21:25:12.672,0.96896,0.96915,1.00,1.12
2017.11.15 21:25:14.918,0.96897,0.96916,1.12,1.00
2017.11.15 21:25:15.135,0.96903,0.96921,1.50,1.00
2017.11.15 21:25:16.316,0.96903,0.96922,1.50,1.00
2017.11.15 21:25:18.591,0.96904,0.96925,1.12,5.63
2017.11.15 21:25:19.547,0.96903,0.96925,1.50,1.50
2017.11.15 21:25:20.544,0.96915,0.96929,1.00,1.50
2017.11.15 21:25:20.595,0.96913,0.96932,1.50,2.00
2017.11.15 21:25:20.646,0.96913,0.96933,1.00,1.00
2017.11.15 21:25:21.616,0.96913,0.96934,1.00,1.12
2017.11.15 21:25:22.571,0.96912,0.96933,1.12,1.50
2017.11.15 21:25:24.651,0.96913,0.96933,1.50,1.00
2017.11.15 21:25:24.966,0.96919,0.96936,1.00,1.87
2017.11.15 21:25:25.772,0.96919,0.96937,1.00,1.69
2017.11.15 21:25:25.873,0.9692,0.96938,1.00,1.12
2017.11.15 21:25:26.398,0.96919,0.96939,1.00,1.12
2017.11.15 21:25:26.915,0.96919,0.96938,1.00,1.00
2017.11.15 21:25:27.694,0.96919,0.96937,1.00,1.00
2017.11.15 21:25:28.239,0.96919,0.96938,1.00,1.25
2017.11.15 21:25:28.810,0.96919,0.96937,1.00,1.00
2017.11.15 21:25:30.119,0.96919,0.96938,1.00,1.25
2017.11.15 21:25:31.641,0.96919,0.96937,1.00,1.00
2017.11.15 21:25:31.692,0.96921,0.96938,1.00,1.00
2017.11.15 21:25:32.004,0.96929,0.96942,1.00,1.00
2017.11.15 21:25:32.601,0.96929,0.96943,1.00,1.25
2017.11.15 21:25:33.234,0.96929,0.96942,1.00,1.00
2017.11.15 21:25:33.799,0.96929,0.96943,1.00,1.25
2017.11.15 21:25:34.360,0.96929,0.96942,1.00,1.00
2017.11.15 21:25:35.669,0.96929,0.96943,1.00,1.00
2017.11.15 21:25:36.229,0.96929,0.96942,1.00,1.00
2017.11.15 21:25:36.940,0.96929,0.96943,1.00,1.00
2017.11.15 21:25:37.484,0.96929,0.96942,1.00,1.00
2017.11.15 21:25:37.535,0.96929,0.96944,1.00,1.00
2017.11.15 21:25:38.354,0.96929,0.96943,1.00,1.00
2017.11.15 21:25:39.159,0.96929,0.96944,1.00,1.12
2017.11.15 21:25:40.855,0.96929,0.96943,1.00,1.00
2017.11.15 21:25:41.502,0.96929,0.96944,1.00,1.12
2017.11.15 21:25:41.603,0.96929,0.96942,1.00,1.00
2017.11.15 21:25:42.159,0.96929,0.96941,1.00,1.00
2017.11.15 21:25:43.029,0.96929,0.96942,1.00,1.00
2017.11.15 21:25:43.575,0.96929,0.96941,1.00,1.00
2017.11.15 21:25:44.260,0.96929,0.96942,1.00,1.00
2017.11.15 21:25:44.920,0.96929,0.96941,1.00,1.00
2017.11.15 21:25:46.939,0.96924,0.96941,1.00,1.00
2017.11.15 21:25:46.990,0.96921,0.96941,1.50,1.00
2017.11.15 21:25:47.537,0.96922,0.96941,1.00,1.00
2017.11.15 21:25:48.089,0.96921,0.96942,1.50,1.50
2017.11.15 21:25:48.640,0.96922,0.96941,1.00,1.00
2017.11.15 21:25:49.149,0.96922,0.96942,1.00,1.50
2017.11.15 21:25:49.990,0.96921,0.96942,1.50,1.50
2017.11.15 21:25:50.519,0.96922,0.96941,1.00,1.00
2017.11.15 21:25:51.120,0.96922,0.96942,1.00,1.50
2017.11.15 21:25:51.622,0.96921,0.96942,1.50,1.50
2017.11.15 21:25:56.919,0.96921,0.96941,1.50,1.00
2017.11.15 21:25:59.319,0.96922,0.96941,1.00,1.00
2017.11.15 21:25:59.837,0.96922,0.96942,1.00,1.50
2017.11.15 21:26:01.349,0.96921,0.96942,1.50,1.50
2017.11.15 21:26:01.682,0.96924,0.96942,1.00,1.50
2017.11.15 21:26:04.041,0.96924,0.96943,1.00,1.00
2017.11.15 21:26:04.979,0.96924,0.96942,1.00,1.00
2017.11.15 21:26:05.538,0.96924,0.96943,1.00,1.00
2017.11.15 21:26:06.249,0.96929,0.96943,1.00,1.00
2017.11.15 21:26:06.300,0.96924,0.96943,1.00,1.00
2017.11.15 21:26:06.350,0.96925,0.96943,1.50,1.00
2017.11.15 21:26:06.861,0.96926,0.96944,1.00,1.00
2017.11.15 21:26:07.491,0.96925,0.96944,1.00,1.00
2017.11.15 21:26:08.097,0.96925,0.96945,1.00,1.00
2017.11.15 21:26:08.734,0.96926,0.96945,1.00,1.00
2017.11.15 21:26:09.337,0.96925,0.96945,1.00,1.00
2017.11.15 21:26:10.368,0.96925,0.96944,1.00,1.00
2017.11.15 21:26:11.152,0.96925,0.96945,1.00,1.00
2017.11.15 21:26:11.812,0.96925,0.96944,1.00,1.00
2017.11.15 21:26:12.314,0.96926,0.96944,1.00,1.00
2017.11.15 21:26:12.834,0.96926,0.96945,1.00,1.00
2017.11.15 21:26:13.417,0.96925,0.96944,1.00,1.00
2017.11.15 21:26:14.738,0.96926,0.96944,1.00,1.00
2017.11.15 21:26:15.453,0.96925,0.96945,1.00,1.00
2017.11.15 21:26:15.993,0.96926,0.96945,1.00,1.00
2017.11.15 21:26:16.735,0.96925,0.96945,1.00,1.00
2017.11.15 21:26:17.538,0.96926,0.96944,1.00,1.00
2017.11.15 21:26:18.234,0.96925,0.96944,1.00,1.00
2017.11.15 21:26:18.567,0.96929,0.96943,1.00,1.00
2017.11.15 21:26:19.451,0.96929,0.96944,1.00,1.12
2017.11.15 21:26:20.157,0.96929,0.96943,1.00,1.00
2017.11.15 21:26:21.104,0.96929,0.96944,1.00,2.25
2017.11.15 21:26:21.780,0.96923,0.96944,1.87,2.25
2017.11.15 21:26:22.135,0.96923,0.96942,1.87,1.00
2017.11.15 21:26:25.266,0.96922,0.96941,1.00,1.00
2017.11.15 21:26:25.626,0.96924,0.96941,1.00,1.00
2017.11.15 21:26:26.373,0.96924,0.96942,1.00,1.00
2017.11.15 21:26:26.947,0.96924,0.96943,1.00,1.00
2017.11.15 21:26:27.607,0.96924,0.96942,1.00,1.00
2017.11.15 21:26:28.249,0.96924,0.96943,1.00,1.12
2017.11.15 21:26:28.936,0.96924,0.96941,1.00,1.00
2017.11.15 21:26:29.413,0.96924,0.96943,1.00,1.00
2017.11.15 21:26:29.646,0.96924,0.96941,1.00,1.00
2017.11.15 21:26:30.249,0.96924,0.96942,1.00,1.00
2017.11.15 21:26:31.805,0.96924,0.96941,1.00,1.00
2017.11.15 21:26:32.567,0.96924,0.96942,1.50,1.00
2017.11.15 21:26:33.127,0.96925,0.96942,1.00,1.00
2017.11.15 21:26:34.474,0.96926,0.96947,1.00,3.00
2017.11.15 21:26:34.525,0.9693,0.96947,1.00,1.00
2017.11.15 21:26:34.626,0.96928,0.96949,2.25,1.00
2017.11.15 21:26:34.677,0.96931,0.96949,1.00,1.00
2017.11.15 21:26:34.778,0.96928,0.96949,1.12,1.50
2017.11.15 21:26:34.930,0.96939,0.96948,1.00,1.00
2017.11.15 21:26:35.032,0.96939,0.9695,1.00,1.50
2017.11.15 21:26:35.640,0.96939,0.96949,1.00,1.00
2017.11.15 21:26:37.344,0.96939,0.9695,1.00,1.00
2017.11.15 21:26:37.396,0.9693,0.96948,1.00,1.00
2017.11.15 21:26:37.447,0.96926,0.96946,1.12,1.00
2017.11.15 21:26:38.060,0.96926,0.96945,1.12,1.00
2017.11.15 21:26:38.447,0.96925,0.96947,1.37,1.12
2017.11.15 21:26:39.132,0.96925,0.96946,1.87,1.00
2017.11.15 21:26:39.501,0.96928,0.96946,1.00,1.00
2017.11.15 21:26:39.703,0.96925,0.96947,1.87,1.00
2017.11.15 21:26:40.450,0.96925,0.96948,1.12,1.87
2017.11.15 21:26:41.070,0.96925,0.96947,1.87,1.00
2017.11.15 21:26:41.492,0.96927,0.96948,1.50,1.00
2017.11.15 21:26:42.049,0.96927,0.96947,1.50,1.00
2017.11.15 21:26:42.652,0.96927,0.96948,1.50,1.00
2017.11.15 21:26:43.119,0.96926,0.96946,1.12,1.25
2017.11.15 21:26:43.170,0.96924,0.96946,3.37,1.00
2017.11.15 21:26:43.221,0.96929,0.96947,1.00,1.12
2017.11.15 21:26:43.273,0.96927,0.96946,1.87,1.00
2017.11.15 21:26:43.923,0.96925,0.96946,1.50,1.50
2017.11.15 21:26:44.441,0.96924,0.96946,1.87,1.00
2017.11.15 21:26:45.181,0.96925,0.96945,1.50,1.00
2017.11.15 21:26:45.940,0.96925,0.96946,1.00,1.50
2017.11.15 21:26:46.605,0.96925,0.96945,1.00,1.00
2017.11.15 21:26:47.203,0.96925,0.96944,1.00,1.00
2017.11.15 21:26:47.254,0.96925,0.9694,1.00,1.00
2017.11.15 21:26:47.305,0.96923,0.96943,1.50,1.00
2017.11.15 21:26:47.406,0.96928,0.96945,1.12,1.00
2017.11.15 21:26:47.457,0.96929,0.96947,1.00,1.50
2017.11.15 21:26:47.509,0.96927,0.96946,1.12,1.00
2017.11.15 21:26:47.610,0.96925,0.96946,1.12,1.50
2017.11.15 21:26:48.026,0.96927,0.96944,1.12,1.25
2017.11.15 21:26:48.129,0.96924,0.96942,1.50,1.12
2017.11.15 21:26:48.180,0.96927,0.96943,1.00,1.50
2017.11.15 21:26:48.231,0.96926,0.96948,1.75,1.00
2017.11.15 21:26:48.282,0.96925,0.96946,1.75,1.00
2017.11.15 21:26:48.333,0.96924,0.96945,1.87,1.00
2017.11.15 21:26:48.915,0.96925,0.96946,1.12,1.50
2017.11.15 21:26:49.575,0.96925,0.96945,1.12,1.00
2017.11.15 21:26:51.060,0.96925,0.96946,1.12,1.50
2017.11.15 21:26:51.673,0.96925,0.96945,1.12,1.00
2017.11.15 21:26:52.216,0.96925,0.96946,1.12,1.50
2017.11.15 21:26:52.429,0.96927,0.96946,1.00,1.00
2017.11.15 21:26:52.733,0.96926,0.96944,1.00,1.00
2017.11.15 21:26:53.361,0.96927,0.96944,1.00,1.00
2017.11.15 21:26:53.910,0.96929,0.96946,1.00,1.00
2017.11.15 21:26:54.251,0.96929,0.96945,1.12,1.94
2017.11.15 21:26:54.352,0.9693,0.96945,1.00,1.00
2017.11.15 21:26:54.454,0.96929,0.96947,1.00,1.00
2017.11.15 21:26:54.556,0.96927,0.96947,1.00,1.00
2017.11.15 21:26:54.657,0.96927,0.96944,1.00,1.00
2017.11.15 21:26:55.091,0.96921,0.96942,1.75,1.00
2017.11.15 21:26:55.143,0.96927,0.96945,1.12,1.00
2017.11.15 21:26:55.346,0.96928,0.96948,1.87,1.00
2017.11.15 21:26:55.448,0.96928,0.96946,1.00,1.00
2017.11.15 21:26:56.079,0.96928,0.96947,1.00,1.00
2017.11.15 21:26:57.299,0.96929,0.96946,1.00,1.00
2017.11.15 21:26:57.553,0.96927,0.96946,1.12,1.12
2017.11.15 21:26:57.655,0.96925,0.96943,1.87,1.00
2017.11.15 21:26:58.270,0.96921,0.96943,1.75,1.50
2017.11.15 21:26:58.574,0.96926,0.96944,1.12,1.00
2017.11.15 21:26:59.151,0.96926,0.96943,1.12,1.00
2017.11.15 21:26:59.770,0.96926,0.96944,1.12,1.00
2017.11.15 21:27:00.669,0.96926,0.96943,1.12,1.00
2017.11.15 21:27:01.199,0.96926,0.96944,1.12,1.00
2017.11.15 21:27:01.774,0.96927,0.96944,1.00,1.00
2017.11.15 21:27:02.394,0.96927,0.96945,1.00,1.00
2017.11.15 21:27:03.162,0.96927,0.96944,1.00,1.00
2017.11.15 21:27:03.709,0.96927,0.96945,1.00,1.00
2017.11.15 21:27:04.620,0.96927,0.96944,1.00,1.00
2017.11.15 21:27:05.671,0.96926,0.96944,1.12,1.00
2017.11.15 21:27:05.722,0.96927,0.96946,1.00,1.00
2017.11.15 21:27:06.234,0.96927,0.96945,1.00,1.00
2017.11.15 21:27:06.942,0.96926,0.96946,1.50,1.00
2017.11.15 21:27:07.488,0.96926,0.96945,2.25,1.00
2017.11.15 21:27:07.777,0.96924,0.96942,1.50,1.00
2017.11.15 21:27:07.829,0.96926,0.96944,1.00,1.50
2017.11.15 21:27:07.982,0.96928,0.96945,1.00,1.00
2017.11.15 21:27:08.532,0.96928,0.96946,1.00,1.00
2017.11.15 21:27:08.837,0.96924,0.96941,1.00,1.00
2017.11.15 21:27:09.343,0.96924,0.9694,1.00,1.00
2017.11.15 21:27:09.874,0.96924,0.96941,1.00,1.00
2017.11.15 21:27:11.325,0.96924,0.96942,1.00,1.00
2017.11.15 21:27:12.051,0.96924,0.96941,1.00,1.00
2017.11.15 21:27:12.999,0.96924,0.96942,1.00,1.00
2017.11.15 21:27:13.516,0.9692,0.9694,1.00,1.00
2017.11.15 21:27:14.022,0.96919,0.9694,1.50,1.00
2017.11.15 21:27:14.575,0.9692,0.9694,1.00,1.00
2017.11.15 21:27:14.727,0.96919,0.96936,1.00,1.00
2017.11.15 21:27:14.778,0.96916,0.96936,1.00,1.12
2017.11.15 21:27:15.309,0.96915,0.96936,2.25,1.12
2017.11.15 21:27:18.093,0.96914,0.96935,1.50,1.12
2017.11.15 21:27:18.144,0.96913,0.96936,1.50,1.87
2017.11.15 21:27:18.245,0.96919,0.96935,1.00,1.12
2017.11.15 21:27:18.916,0.96914,0.96935,1.50,1.00
2017.11.15 21:27:19.043,0.96927,0.96935,1.00,1.00
2017.11.15 21:27:19.094,0.96929,0.96938,1.00,1.00
2017.11.15 21:27:19.784,0.96929,0.96939,1.00,1.00
2017.11.15 21:27:20.681,0.96924,0.96937,1.00,1.00
2017.11.15 21:27:21.220,0.96924,0.96936,1.00,1.00
2017.11.15 21:27:21.721,0.96924,0.96937,1.00,1.12
2017.11.15 21:27:22.259,0.96924,0.96936,1.00,1.00
2017.11.15 21:27:22.770,0.96924,0.96937,1.00,1.12
2017.11.15 21:27:23.540,0.96924,0.96936,1.00,1.00
2017.11.15 21:27:24.134,0.96924,0.96937,1.00,1.12
2017.11.15 21:27:24.642,0.96924,0.96936,1.00,1.00
2017.11.15 21:27:25.300,0.96924,0.96937,1.00,1.12
2017.11.15 21:27:31.645,0.96919,0.96937,1.00,1.12
2017.11.15 21:27:32.300,0.96919,0.96936,1.00,1.00
2017.11.15 21:27:32.944,0.96919,0.96937,1.00,1.12
2017.11.15 21:27:38.084,0.96919,0.96936,1.00,1.00
2017.11.15 21:27:39.021,0.96919,0.96937,1.00,1.12
2017.11.15 21:27:39.126,0.96917,0.96936,1.00,1.00
2017.11.15 21:27:39.290,0.96924,0.96936,1.00,1.12
2017.11.15 21:28:03.209,0.96919,0.96937,1.00,1.37
2017.11.15 21:28:12.599,0.96919,0.96937,1.00,1.87
2017.11.15 21:28:14.450,0.96919,0.96936,1.00,1.00
2017.11.15 21:28:24.460,0.96919,0.96937,1.00,1.87
2017.11.15 21:28:26.729,0.96919,0.96936,1.00,1.00
2017.11.15 21:28:27.270,0.96919,0.96937,1.00,1.87
2017.11.15 21:28:27.782,0.96919,0.96936,1.00,1.00
2017.11.15 21:28:28.387,0.96919,0.96937,1.00,1.87
2017.11.15 21:28:28.920,0.96919,0.96936,1.00,1.00
2017.11.15 21:28:29.995,0.96916,0.96936,1.12,1.00
2017.11.15 21:28:32.380,0.96914,0.96937,1.37,1.87
2017.11.15 21:28:33.131,0.96924,0.96936,1.00,1.87
2017.11.15 21:28:36.916,0.96919,0.96936,1.00,1.87
2017.11.15 21:28:37.018,0.96924,0.96936,1.00,1.87
2017.11.15 21:28:39.546,0.96924,0.96935,1.00,1.12
2017.11.15 21:28:45.328,0.96915,0.96936,1.00,1.00
2017.11.15 21:28:45.835,0.96914,0.96935,1.00,1.50
2017.11.15 21:28:45.943,0.96914,0.96933,1.00,1.12
2017.11.15 21:28:53.664,0.96912,0.96933,1.12,1.12
2017.11.15 21:28:54.450,0.96913,0.96934,1.00,1.50
2017.11.15 21:28:57.091,0.96911,0.96927,1.50,1.00
2017.11.15 21:28:57.142,0.96908,0.96924,1.00,1.00
2017.11.15 21:28:57.193,0.96904,0.96925,1.50,1.50
2017.11.15 21:28:57.295,0.96904,0.96922,1.00,1.12
2017.11.15 21:29:00.587,0.96902,0.96925,1.37,1.87
2017.11.15 21:29:00.638,0.96909,0.96923,1.00,1.00
2017.11.15 21:29:00.897,0.96909,0.96925,1.00,1.50
2017.11.15 21:29:01.753,0.96909,0.96924,1.00,1.00
2017.11.15 21:29:03.263,0.96909,0.96925,1.00,2.25
2017.11.15 21:29:08.633,0.96909,0.96924,1.00,1.00
2017.11.15 21:29:09.952,0.96909,0.96923,1.00,1.00
2017.11.15 21:29:10.104,0.96903,0.96922,1.00,1.50
2017.11.15 21:29:10.256,0.96909,0.96921,1.00,1.00
2017.11.15 21:29:10.307,0.96909,0.96924,1.00,1.87
2017.11.15 21:29:10.830,0.96909,0.96923,1.00,1.00
2017.11.15 21:29:11.761,0.96909,0.96924,1.00,1.87
2017.11.15 21:29:12.441,0.96909,0.96923,1.00,1.00
2017.11.15 21:29:14.588,0.96909,0.9692,1.00,1.12
2017.11.15 21:29:14.834,0.96903,0.96922,1.50,1.50
2017.11.15 21:29:14.979,0.96908,0.96922,1.00,1.50
2017.11.15 21:29:15.376,0.96904,0.96922,1.50,1.50
2017.11.15 21:29:22.200,0.96904,0.9692,1.50,1.00
2017.11.15 21:29:22.727,0.96904,0.96919,1.50,1.00
2017.11.15 21:29:24.012,0.96904,0.9692,1.50,1.12
2017.11.15 21:29:24.679,0.96904,0.96919,1.00,1.00
2017.11.15 21:29:25.370,0.96904,0.9692,1.50,1.12
2017.11.15 21:29:29.544,0.96904,0.96919,1.00,1.00
2017.11.15 21:29:29.660,0.96904,0.96921,1.00,1.12
2017.11.15 21:29:30.791,0.96909,0.96924,1.00,1.87
2017.11.15 21:29:31.835,0.96909,0.96926,1.00,1.12
2017.11.15 21:29:31.937,0.96909,0.96929,1.87,1.00
2017.11.15 21:29:32.064,0.9691,0.96931,1.12,1.00
2017.11.15 21:29:32.115,0.96918,0.96933,1.00,1.00
2017.11.15 21:29:32.628,0.96918,0.96934,1.00,2.62
2017.11.15 21:29:36.685,0.96914,0.96934,1.00,1.50
2017.11.15 21:29:36.787,0.96914,0.96932,1.00,1.00
2017.11.15 21:29:37.351,0.96914,0.96933,1.00,1.00
2017.11.15 21:29:37.863,0.96914,0.96932,1.00,1.00
2017.11.15 21:29:38.659,0.96914,0.96933,1.00,1.00
2017.11.15 21:29:39.955,0.96914,0.96932,1.00,1.00
2017.11.15 21:29:41.307,0.96914,0.96933,1.00,1.00
2017.11.15 21:29:42.166,0.96911,0.96932,1.00,1.00
2017.11.15 21:29:46.280,0.9691,0.96933,3.00,1.00
2017.11.15 21:29:46.579,0.96913,0.96933,1.00,1.00
2017.11.15 21:29:46.731,0.96917,0.96938,1.00,1.50
2017.11.15 21:29:47.359,0.96917,0.96937,1.00,1.00
2017.11.15 21:29:47.751,0.96919,0.96937,1.00,1.00
2017.11.15 21:29:48.572,0.96919,0.96938,1.00,1.00
2017.11.15 21:29:49.695,0.96919,0.96937,1.00,1.00
2017.11.15 21:29:50.610,0.96919,0.96938,1.00,1.50
2017.11.15 21:29:51.336,0.96919,0.96937,1.00,1.00
2017.11.15 21:29:51.995,0.96919,0.96938,1.00,1.00
2017.11.15 21:29:53.880,0.96919,0.96937,1.00,1.00
2017.11.15 21:29:54.797,0.96919,0.96938,1.00,1.50
2017.11.15 21:29:56.752,0.96919,0.96937,1.00,1.00
2017.11.15 21:29:58.760,0.96919,0.96938,1.00,1.50
2017.11.15 21:30:00.037,0.96919,0.96937,1.00,1.00
2017.11.15 21:30:00.829,0.96919,0.96938,1.00,1.00
2017.11.15 21:30:01.947,0.96918,0.96938,1.00,1.00
2017.11.15 21:30:02.453,0.96918,0.96939,1.00,1.00
2017.11.15 21:30:02.996,0.96918,0.96938,1.00,1.00
2017.11.15 21:30:04.081,0.96918,0.96939,1.00,1.00
2017.11.15 21:30:05.403,0.96918,0.96938,1.00,1.00
2017.11.15 21:30:06.472,0.96918,0.96939,1.00,1.00
2017.11.15 21:30:07.002,0.96918,0.96938,1.00,1.00
2017.11.15 21:30:09.900,0.96918,0.96939,1.00,1.25
2017.11.15 21:30:10.447,0.96918,0.96938,1.00,1.00
2017.11.15 21:30:13.252,0.96918,0.96939,1.00,1.00
2017.11.15 21:30:13.763,0.96918,0.96938,1.00,1.00
2017.11.15 21:30:14.278,0.96918,0.96939,1.00,1.00
2017.11.15 21:30:15.099,0.96918,0.96938,1.00,1.00
2017.11.15 21:30:16.089,0.96914,0.96938,1.00,2.63
2017.11.15 21:30:16.613,0.96914,0.96938,1.00,2.81
2017.11.15 21:30:17.138,0.96914,0.96938,1.00,3.56
2017.11.15 21:30:17.741,0.96914,0.96938,1.00,4.31
2017.11.15 21:30:18.449,0.96914,0.96938,1.00,2.06
2017.11.15 21:30:29.391,0.96914,0.96938,1.00,3.94
2017.11.15 21:30:30.777,0.96914,0.96938,1.00,1.94
2017.11.15 21:30:31.326,0.96914,0.96937,1.00,1.13
2017.11.15 21:30:33.471,0.96914,0.96938,1.00,3.94
2017.11.15 21:30:34.145,0.96914,0.96937,1.00,2.44
2017.11.15 21:30:34.703,0.96914,0.96938,1.00,3.19
2017.11.15 21:30:34.944,0.96914,0.96937,1.00,2.00
2017.11.15 21:30:35.655,0.96914,0.96936,1.00,2.25
2017.11.15 21:30:39.163,0.96914,0.96936,1.00,2.25
2017.11.15 21:30:39.700,0.96914,0.96936,1.00,1.75
2017.11.15 21:30:40.344,0.96914,0.96936,1.00,1.94
2017.11.15 21:30:41.715,0.96914,0.96936,1.00,1.94
2017.11.15 21:30:43.858,0.96908,0.96936,1.00,1.94
2017.11.15 21:30:44.410,0.96913,0.96934,1.00,1.75
2017.11.15 21:30:44.962,0.96913,0.96934,1.00,2.25
2017.11.15 21:30:46.702,0.96908,0.96934,1.00,2.25
2017.11.15 21:30:49.750,0.96914,0.96934,1.00,2.25
2017.11.15 21:30:56.325,0.96914,0.96934,1.00,2.25
2017.11.15 21:30:58.875,0.96914,0.96936,1.00,2.44
2017.11.15 21:31:01.086,0.96914,0.96936,1.00,2.25
2017.11.15 21:31:04.188,0.96909,0.96936,1.00,2.44
2017.11.15 21:31:04.340,0.96908,0.96934,1.00,2.25
2017.11.15 21:31:04.860,0.96908,0.96934,1.00,2.25
2017.11.15 21:31:05.406,0.96908,0.96934,1.00,2.25
2017.11.15 21:31:13.620,0.96914,0.96936,1.00,3.19
2017.11.15 21:31:13.721,0.96914,0.96935,1.00,1.50
2017.11.15 21:31:13.873,0.96914,0.96936,1.00,1.12
2017.11.15 21:31:14.457,0.96914,0.96937,1.00,1.75
2017.11.15 21:31:15.893,0.96908,0.96936,2.06,1.75
2017.11.15 21:31:16.436,0.96908,0.96935,1.31,1.50
2017.11.15 21:31:17.342,0.96909,0.96935,1.31,1.12
2017.11.15 21:31:18.044,0.96908,0.96936,2.06,1.12
2017.11.15 21:31:21.624,0.96908,0.96935,1.31,1.00
2017.11.15 21:31:21.726,0.96904,0.96933,1.88,1.12
2017.11.15 21:31:21.928,0.96904,0.96935,2.25,2.44
2017.11.15 21:31:22.621,0.96906,0.96935,1.50,1.31
2017.11.15 21:31:28.022,0.96907,0.96935,1.50,1.69
2017.11.15 21:31:44.495,0.96906,0.96935,1.69,1.31
2017.11.15 21:31:46.169,0.96907,0.96935,1.88,1.69
2017.11.15 21:31:46.978,0.96907,0.96936,1.75,1.94
2017.11.15 21:31:48.275,0.96906,0.96936,3.37,1.69
2017.11.15 21:31:49.623,0.96907,0.96936,1.75,1.69
2017.11.15 21:31:53.645,0.96906,0.96933,1.00,1.69
2017.11.15 21:31:53.696,0.96906,0.96932,1.00,1.75
2017.11.15 21:31:53.798,0.96904,0.96932,1.25,1.75
2017.11.15 21:31:54.810,0.96903,0.96933,1.69,3.75
2017.11.15 21:31:55.120,0.96908,0.96933,1.00,1.75
2017.11.15 21:31:55.629,0.96908,0.96935,1.00,1.75
2017.11.15 21:31:56.274,0.96908,0.96935,1.25,2.25
2017.11.15 21:31:57.217,0.96908,0.96933,1.00,1.75
2017.11.15 21:31:59.296,0.96908,0.96933,1.00,2.25
2017.11.15 21:31:59.831,0.96908,0.96932,1.00,2.44
2017.11.15 21:32:00.376,0.96908,0.96932,1.00,1.75
2017.11.15 21:32:00.791,0.96904,0.96934,1.31,2.44
2017.11.15 21:32:00.842,0.96909,0.96934,1.00,2.44
2017.11.15 21:32:01.377,0.96908,0.96935,1.00,2.00
2017.11.15 21:32:02.443,0.96908,0.96933,1.00,1.50
2017.11.15 21:32:02.969,0.96908,0.96933,1.00,1.12
2017.11.15 21:32:08.929,0.96908,0.96933,1.00,1.50
2017.11.15 21:32:24.265,0.96909,0.96933,1.00,2.25
2017.11.15 21:32:24.462,0.96904,0.96931,1.25,1.00
2017.11.15 21:32:24.513,0.96909,0.96932,1.00,2.44
2017.11.15 21:32:26.669,0.96903,0.96931,1.00,2.00
2017.11.15 21:32:26.770,0.96909,0.96929,1.00,1.94
2017.11.15 21:32:26.872,0.96903,0.96929,1.00,3.19
2017.11.15 21:32:27.912,0.96903,0.96929,1.00,2.44
2017.11.15 21:32:28.534,0.96903,0.96929,1.00,2.44
2017.11.15 21:32:29.082,0.96903,0.96929,1.00,2.44
2017.11.15 21:32:29.588,0.96903,0.96929,1.00,2.44
2017.11.15 21:32:32.406,0.96903,0.96929,1.00,2.44
2017.11.15 21:32:32.687,0.96903,0.96929,1.00,1.31
2017.11.15 21:32:33.277,0.96903,0.96929,1.00,1.94
2017.11.15 21:32:44.598,0.96903,0.96931,1.00,3.19
2017.11.15 21:32:45.028,0.96903,0.96931,1.00,2.44
2017.11.15 21:32:45.308,0.96903,0.96931,1.00,2.44
2017.11.15 21:32:45.927,0.96903,0.96931,1.00,1.94
2017.11.15 21:32:46.505,0.96903,0.96931,2.62,3.19
2017.11.15 21:32:47.253,0.96903,0.96931,2.62,3.19
2017.11.15 21:32:49.539,0.96904,0.96931,2.25,2.44
2017.11.15 21:32:55.541,0.96903,0.96929,1.50,1.69
2017.11.15 21:32:55.592,0.96903,0.9693,1.50,2.44
2017.11.15 21:32:55.947,0.96903,0.96928,1.00,1.94
2017.11.15 21:32:56.423,0.96901,0.96927,1.00,1.94
2017.11.15 21:32:58.176,0.96903,0.96927,1.87,1.31
2017.11.15 21:32:58.227,0.96904,0.96929,1.12,1.12
2017.11.15 21:32:58.979,0.96905,0.96931,1.00,2.44
2017.11.15 21:33:03.404,0.96904,0.96931,1.12,1.94
2017.11.15 21:33:11.973,0.96905,0.96932,1.00,3.19
2017.11.15 21:33:12.695,0.96903,0.96932,4.87,3.19
2017.11.15 21:33:13.507,0.96903,0.96932,4.50,3.19
2017.11.15 21:33:17.037,0.96904,0.96932,1.50,3.19
2017.11.15 21:33:23.405,0.96904,0.96932,1.12,3.19
2017.11.15 21:33:32.375,0.96904,0.96932,1.12,1.94
2017.11.15 21:33:45.319,0.96904,0.9693,2.25,1.13
2017.11.15 21:33:46.074,0.96905,0.96931,1.12,2.44
2017.11.15 21:33:46.736,0.96904,0.96931,1.12,1.94
2017.11.15 21:33:53.110,0.96904,0.96929,1.87,1.38
2017.11.15 21:33:53.669,0.96904,0.96931,1.12,2.44
2017.11.15 21:33:58.340,0.96904,0.96931,1.12,1.31
2017.11.15 21:34:06.329,0.96905,0.96932,1.00,1.69
2017.11.15 21:34:07.983,0.96904,0.96932,1.87,1.31
2017.11.15 21:34:08.664,0.96905,0.96932,1.12,1.88
2017.11.15 21:34:09.327,0.96904,0.96932,1.87,1.69
2017.11.15 21:34:13.562,0.96905,0.96931,1.00,1.69
2017.11.15 21:34:14.136,0.96904,0.96931,1.50,2.44
2017.11.15 21:34:20.140,0.96904,0.96927,1.00,1.00
2017.11.15 21:34:20.785,0.96904,0.96929,1.00,2.44
2017.11.15 21:34:21.288,0.96904,0.96929,1.00,3.19
2017.11.15 21:34:38.189,0.96904,0.9693,1.00,3.19
2017.11.15 21:34:48.815,0.96904,0.96929,1.00,2.19
2017.11.15 21:34:49.542,0.96904,0.96929,1.00,1.69
2017.11.15 21:34:50.200,0.96904,0.96929,1.00,1.94
2017.11.15 21:34:50.807,0.96903,0.96929,1.00,1.94
2017.11.15 21:34:51.520,0.96903,0.9693,1.12,3.19
2017.11.15 21:34:53.880,0.96903,0.9693,1.00,3.19
2017.11.15 21:34:53.982,0.969,0.96929,1.12,2.44
2017.11.15 21:34:54.644,0.96899,0.96928,3.19,2.44
2017.11.15 21:34:54.879,0.969,0.96922,1.00,1.87
2017.11.15 21:34:54.930,0.96896,0.96922,1.50,1.94
2017.11.15 21:34:55.534,0.96898,0.96922,1.00,1.94
2017.11.15 21:34:56.693,0.96896,0.9692,1.12,1.69
2017.11.15 21:34:58.969,0.96895,0.96919,1.37,1.00
2017.11.15 21:34:59.477,0.96896,0.9692,1.12,1.31
2017.11.15 21:35:00.117,0.96894,0.9692,3.00,1.31
2017.11.15 21:35:00.269,0.96893,0.9692,3.00,1.31
2017.11.15 21:35:00.895,0.96894,0.9692,1.00,1.00
2017.11.15 21:35:01.468,0.96894,0.96919,1.00,1.00
2017.11.15 21:35:02.364,0.96893,0.9692,2.25,1.31
2017.11.15 21:35:02.878,0.96894,0.9692,1.12,2.06
2017.11.15 21:35:03.428,0.96893,0.96919,3.00,1.00
2017.11.15 21:35:04.910,0.96894,0.96919,1.12,1.31
2017.11.15 21:35:09.341,0.96894,0.9692,1.00,1.50
2017.11.15 21:35:10.141,0.96894,0.96919,1.00,1.00
2017.11.15 21:35:11.825,0.96894,0.9692,1.00,2.25
2017.11.15 21:35:12.329,0.96894,0.96919,1.00,1.00
2017.11.15 21:35:14.131,0.96891,0.96919,2.25,1.31
2017.11.15 21:35:15.663,0.96892,0.96919,1.50,1.88
2017.11.15 21:35:16.612,0.96892,0.96919,1.12,3.19
2017.11.15 21:35:16.663,0.96889,0.96916,1.00,1.25
2017.11.15 21:35:16.866,0.9689,0.96917,1.37,1.69
2017.11.15 21:35:17.682,0.9689,0.96918,1.50,1.69
2017.11.15 21:35:18.232,0.9689,0.96918,3.00,1.31
2017.11.15 21:35:19.778,0.96891,0.96918,1.50,2.44
2017.11.15 21:35:20.678,0.9689,0.96918,2.25,1.50
2017.11.15 21:35:21.437,0.9689,0.96918,2.25,1.69
2017.11.15 21:35:33.613,0.96891,0.96918,1.00,1.69
2017.11.15 21:35:34.120,0.9689,0.96919,2.62,1.69
2017.11.15 21:35:34.746,0.96891,0.96917,1.00,1.00
2017.11.15 21:35:35.304,0.9689,0.96919,1.87,1.69
2017.11.15 21:35:36.848,0.96892,0.96919,1.00,1.94
2017.11.15 21:35:58.841,0.96892,0.96919,1.12,1.94
2017.11.15 21:35:59.767,0.96891,0.96919,1.37,3.19
2017.11.15 21:36:07.807,0.96891,0.96918,1.37,2.44
2017.11.15 21:36:12.324,0.96891,0.96918,1.00,3.19
2017.11.15 21:36:12.983,0.96891,0.96918,1.00,3.19
2017.11.15 21:36:24.742,0.9689,0.96918,1.00,3.19
2017.11.15 21:36:35.498,0.96891,0.96918,1.00,3.19
2017.11.15 21:36:38.441,0.96888,0.96914,1.00,1.50
2017.11.15 21:36:38.543,0.96885,0.96914,1.31,2.44
2017.11.15 21:36:39.055,0.96884,0.96911,4.12,1.12
2017.11.15 21:36:44.364,0.96885,0.96912,1.12,1.94
2017.11.15 21:36:44.470,0.96884,0.96912,4.12,1.12
2017.11.15 21:36:45.573,0.96885,0.96912,1.12,1.69
2017.11.15 21:37:00.803,0.96885,0.96913,1.50,1.69
2017.11.15 21:37:04.882,0.96886,0.96913,1.00,2.44
2017.11.15 21:37:31.338,0.96888,0.96914,1.00,3.00
2017.11.15 21:37:31.389,0.96888,0.96914,1.00,1.12
2017.11.15 21:37:32.394,0.96888,0.96915,1.50,2.00
2017.11.15 21:37:32.937,0.96889,0.96915,1.00,2.00
2017.11.15 21:37:33.469,0.96888,0.96914,1.00,2.19
2017.11.15 21:37:33.520,0.96886,0.96913,1.50,1.75
2017.11.15 21:37:34.256,0.96886,0.96913,1.00,2.44
2017.11.15 21:37:42.235,0.96885,0.96914,1.50,3.19
2017.11.15 21:37:52.398,0.96885,0.96914,1.50,2.44
2017.11.15 21:37:53.913,0.96885,0.96914,1.87,2.44
2017.11.15 21:37:57.198,0.96885,0.96914,1.50,1.94
2017.11.15 21:37:59.607,0.96884,0.96913,1.50,2.44
2017.11.15 21:38:00.229,0.96884,0.96913,1.87,2.44
2017.11.15 21:38:00.880,0.96883,0.96908,2.25,1.00
2017.11.15 21:38:00.931,0.96883,0.9691,1.00,1.12
2017.11.15 21:38:01.408,0.96879,0.96909,5.44,1.00
2017.11.15 21:38:01.587,0.9688,0.96909,1.75,1.31
2017.11.15 21:38:02.384,0.96879,0.96909,3.94,1.31
2017.11.15 21:38:02.636,0.9688,0.96909,1.50,2.44
2017.11.15 21:38:03.054,0.9688,0.96909,1.12,1.94
2017.11.15 21:38:03.747,0.96879,0.96908,2.62,2.00
2017.11.15 21:38:07.849,0.9688,0.96908,1.50,1.69
2017.11.15 21:38:12.635,0.96884,0.96908,1.00,1.12
2017.11.15 21:38:21.464,0.96884,0.96908,1.00,1.69
2017.11.15 21:38:25.145,0.96884,0.96911,1.00,3.19
2017.11.15 21:38:28.277,0.96884,0.9691,1.00,1.31
2017.11.15 21:38:28.783,0.96884,0.9691,1.00,1.13
2017.11.15 21:38:29.390,0.96884,0.9691,1.00,1.31
2017.11.15 21:38:30.301,0.96884,0.9691,1.00,1.69
2017.11.15 21:38:30.454,0.96885,0.96914,2.06,1.00
2017.11.15 21:38:30.505,0.96889,0.96914,2.81,1.00
2017.11.15 21:38:30.555,0.9689,0.9692,1.31,1.31
2017.11.15 21:38:30.657,0.96894,0.9692,1.12,1.88
2017.11.15 21:38:31.260,0.96894,0.9692,1.00,1.87
2017.11.15 21:38:31.767,0.96894,0.9692,1.00,2.44
2017.11.15 21:38:32.516,0.96894,0.9692,1.00,2.06
2017.11.15 21:38:34.554,0.96894,0.9692,1.00,1.94
2017.11.15 21:38:34.879,0.96891,0.9692,1.37,3.19
2017.11.15 21:38:35.668,0.96892,0.96919,1.00,2.19
2017.11.15 21:38:36.304,0.96892,0.96919,1.37,1.94
2017.11.15 21:38:36.681,0.96892,0.9692,1.37,1.69
2017.11.15 21:38:37.938,0.96892,0.9692,1.50,1.00
2017.11.15 21:38:37.989,0.96893,0.9692,2.25,2.44
2017.11.15 21:38:38.522,0.96893,0.9692,1.12,1.69
2017.11.15 21:38:39.157,0.96893,0.9692,1.00,1.12
2017.11.15 21:38:39.659,0.96893,0.96919,1.00,1.00
2017.11.15 21:38:40.710,0.96893,0.9692,1.00,1.12
2017.11.15 21:38:41.653,0.96893,0.9692,1.00,1.31
2017.11.15 21:38:43.590,0.96893,0.9692,1.00,1.12
2017.11.15 21:38:44.091,0.96893,0.9692,1.12,1.69
2017.11.15 21:38:45.805,0.96893,0.9692,1.00,1.12
2017.11.15 21:38:46.108,0.96895,0.96922,1.50,1.50
2017.11.15 21:38:46.667,0.96896,0.96921,1.50,1.00
2017.11.15 21:38:48.586,0.96895,0.96923,1.87,1.69
2017.11.15 21:38:49.121,0.96896,0.96923,1.50,2.06
2017.11.15 21:38:49.434,0.96895,0.96923,1.87,1.12
2017.11.15 21:38:50.644,0.96899,0.96923,1.00,1.31
2017.11.15 21:38:51.108,0.96899,0.96924,1.00,1.13
2017.11.15 21:38:51.221,0.96896,0.96924,1.37,1.13
2017.11.15 21:39:00.348,0.96896,0.96924,1.87,1.38
2017.11.15 21:39:02.353,0.96896,0.96924,2.62,1.50
2017.11.15 21:39:03.064,0.96896,0.96924,2.62,1.31
2017.11.15 21:39:03.763,0.96896,0.96924,1.87,1.88
2017.11.15 21:39:04.146,0.96896,0.96925,1.87,1.88
2017.11.15 21:39:04.804,0.96896,0.96925,2.62,1.88
2017.11.15 21:39:06.943,0.96896,0.96925,2.62,1.69
2017.11.15 21:39:07.496,0.96896,0.96924,3.00,1.38
2017.11.15 21:39:09.889,0.96895,0.96925,3.00,2.63
2017.11.15 21:39:10.570,0.96894,0.96923,1.87,1.69
2017.11.15 21:39:11.134,0.96894,0.96922,1.87,1.25
2017.11.15 21:39:11.184,0.96894,0.96924,1.00,3.19
2017.11.15 21:39:11.236,0.96894,0.96921,2.00,1.25
2017.11.15 21:39:12.259,0.96894,0.96923,1.75,1.50
2017.11.15 21:39:12.513,0.96891,0.9692,1.75,1.31
2017.11.15 21:39:12.614,0.9689,0.9692,1.75,3.19
2017.11.15 21:39:13.176,0.9689,0.96919,1.75,1.94
2017.11.15 21:39:13.227,0.96888,0.96915,1.00,1.12
2017.11.15 21:39:14.238,0.96887,0.96917,2.00,1.94
2017.11.15 21:39:14.559,0.96887,0.96917,1.75,1.69
2017.11.15 21:39:15.329,0.96888,0.96917,1.87,1.94
2017.11.15 21:39:26.036,0.96888,0.96917,1.87,1.69
2017.11.15 21:39:27.036,0.96885,0.9691,2.62,1.94
2017.11.15 21:39:27.137,0.96879,0.96909,2.62,2.44
2017.11.15 21:39:27.189,0.96879,0.96908,1.50,1.69
2017.11.15 21:39:27.946,0.96879,0.96906,1.50,1.69
2017.11.15 21:39:30.148,0.96879,0.96906,1.00,1.31
2017.11.15 21:39:30.659,0.96878,0.96905,1.50,1.94
2017.11.15 21:39:34.002,0.96876,0.96898,1.00,2.25
2017.11.15 21:39:34.053,0.96872,0.96897,1.50,1.69
2017.11.15 21:39:34.104,0.96869,0.96896,1.00,2.44
2017.11.15 21:39:34.155,0.96868,0.96895,1.00,1.31
2017.11.15 21:39:34.206,0.96873,0.96895,1.00,1.00
2017.11.15 21:39:34.358,0.96868,0.96896,1.00,1.25
2017.11.15 21:39:34.599,0.96868,0.96896,1.12,1.31
2017.11.15 21:39:35.099,0.96868,0.96897,1.00,2.44
2017.11.15 21:39:35.619,0.96868,0.96894,1.12,1.87
2017.11.15 21:39:35.771,0.96868,0.96894,1.00,2.44
2017.11.15 21:39:36.737,0.96868,0.96894,1.00,1.31
2017.11.15 21:39:38.729,0.96868,0.96894,1.00,2.06
2017.11.15 21:39:39.581,0.96868,0.96893,1.00,1.69
2017.11.15 21:39:40.659,0.96868,0.96891,1.00,1.68
2017.11.15 21:39:46.283,0.96868,0.96891,1.00,1.12
2017.11.15 21:39:47.084,0.96868,0.96891,1.00,1.68
2017.11.15 21:39:54.853,0.96868,0.96892,1.00,1.25
2017.11.15 21:39:59.475,0.96868,0.96892,1.00,1.69
2017.11.15 21:40:01.257,0.96868,0.96892,1.00,1.31
2017.11.15 21:40:01.358,0.96869,0.96891,1.00,1.13
2017.11.15 21:40:02.608,0.96869,0.96893,1.00,2.63
2017.11.15 21:40:05.311,0.96869,0.96893,1.00,2.44
2017.11.15 21:40:06.022,0.96863,0.96892,1.50,1.13
2017.11.15 21:40:06.681,0.96863,0.96893,1.75,3.19
2017.11.15 21:40:06.783,0.96863,0.96893,1.12,2.63
2017.11.15 21:40:07.314,0.96863,0.96892,2.25,1.94
2017.11.15 21:40:09.324,0.96869,0.96892,1.00,2.44
2017.11.15 21:40:10.010,0.96869,0.96891,1.00,2.00
2017.11.15 21:40:12.909,0.96864,0.96891,1.00,2.00
2017.11.15 21:40:14.668,0.96864,0.96891,1.00,1.69
2017.11.15 21:40:15.219,0.96864,0.96891,1.00,1.94
2017.11.15 21:40:26.305,0.96864,0.96891,1.00,2.44
2017.11.15 21:40:26.657,0.9686,0.96889,1.37,1.69
2017.11.15 21:40:26.708,0.96868,0.9689,1.00,1.12
2017.11.15 21:40:26.759,0.96868,0.96892,1.00,1.12
2017.11.15 21:40:27.290,0.96869,0.96894,1.00,2.00
2017.11.15 21:40:27.794,0.96869,0.96895,1.00,1.69
2017.11.15 21:40:28.482,0.96869,0.96895,1.00,1.94
2017.11.15 21:40:29.811,0.96869,0.96895,1.00,1.69
2017.11.15 21:40:30.354,0.96869,0.96896,1.00,1.94
2017.11.15 21:40:30.902,0.96868,0.96894,1.00,2.00
2017.11.15 21:40:32.533,0.96868,0.96894,1.00,1.69
2017.11.15 21:40:33.080,0.96868,0.96893,1.00,1.88
2017.11.15 21:40:33.618,0.96868,0.96893,1.00,1.12
2017.11.15 21:40:34.138,0.96868,0.96893,1.00,1.69
2017.11.15 21:40:34.592,0.96869,0.96896,1.00,1.94
2017.11.15 21:40:37.484,0.96869,0.96894,1.00,1.69
2017.11.15 21:40:40.400,0.96869,0.96894,1.00,1.31
2017.11.15 21:40:54.558,0.96864,0.96888,1.12,1.94
2017.11.15 21:40:55.014,0.96856,0.96886,2.44,1.69
2017.11.15 21:40:55.521,0.96858,0.96885,1.12,1.69
2017.11.15 21:40:56.072,0.96858,0.96886,1.50,1.88
2017.11.15 21:40:56.580,0.96858,0.96886,1.12,1.31
2017.11.15 21:40:57.457,0.96858,0.96886,1.50,1.88
2017.11.15 21:40:58.169,0.96858,0.96886,1.12,1.31
2017.11.15 21:40:58.789,0.96858,0.96886,1.50,1.69
2017.11.15 21:40:59.548,0.96858,0.96886,1.12,1.31
2017.11.15 21:41:00.208,0.96858,0.96885,1.50,1.00
2017.11.15 21:41:00.813,0.96859,0.96888,1.12,1.88
2017.11.15 21:41:03.793,0.96859,0.96887,1.69,1.13
2017.11.15 21:41:04.482,0.96859,0.96888,1.12,1.88
2017.11.15 21:41:06.101,0.96859,0.96886,1.50,1.00
2017.11.15 21:41:06.203,0.96859,0.96886,1.12,1.13
2017.11.15 21:41:06.506,0.96863,0.96886,1.00,1.88
2017.11.15 21:41:06.709,0.96859,0.96884,1.00,1.00
2017.11.15 21:41:07.413,0.96859,0.96884,1.00,1.38
2017.11.15 21:41:07.672,0.96863,0.96884,1.00,1.38
2017.11.15 21:41:08.974,0.96863,0.96885,1.00,1.69
2017.11.15 21:41:09.673,0.96863,0.96884,1.00,1.38
2017.11.15 21:41:10.654,0.96858,0.96882,1.00,1.00
2017.11.15 21:41:11.160,0.96858,0.96884,1.00,1.50
2017.11.15 21:41:12.071,0.96858,0.96883,1.12,1.38
2017.11.15 21:41:18.675,0.96858,0.96885,1.12,1.88
2017.11.15 21:41:19.729,0.96858,0.96884,1.00,1.13
2017.11.15 21:41:20.390,0.96858,0.96885,1.00,1.88
2017.11.15 21:41:22.918,0.96858,0.96884,1.00,1.13
2017.11.15 21:41:26.701,0.96858,0.96885,1.00,1.88
2017.11.15 21:41:27.556,0.96858,0.96882,1.00,1.00
2017.11.15 21:41:27.607,0.96858,0.96885,1.00,2.25
2017.11.15 21:41:27.776,0.96858,0.96884,1.00,1.88
2017.11.15 21:41:28.342,0.96858,0.96885,1.00,2.44
2017.11.15 21:41:29.038,0.96858,0.96884,1.00,1.13
2017.11.15 21:41:29.551,0.96858,0.96882,1.00,1.13
2017.11.15 21:41:32.185,0.96858,0.96882,1.00,1.00
2017.11.15 21:41:35.577,0.96858,0.96881,1.00,1.00
2017.11.15 21:41:40.623,0.96859,0.96881,1.00,1.00
2017.11.15 21:41:41.339,0.96858,0.96881,1.00,1.00
2017.11.15 21:41:42.570,0.96858,0.96883,1.00,2.63
2017.11.15 21:41:43.105,0.96858,0.96882,1.00,1.38
2017.11.15 21:41:44.170,0.96858,0.96882,1.00,1.13
2017.11.15 21:41:44.495,0.96858,0.96882,1.00,1.00
2017.11.15 21:41:45.195,0.96858,0.96883,1.00,3.19
2017.11.15 21:41:46.171,0.96858,0.96881,1.00,1.94
2017.11.15 21:41:46.683,0.96858,0.9688,1.00,1.38
2017.11.15 21:41:47.463,0.96858,0.96879,1.00,1.13
2017.11.15 21:41:47.724,0.96853,0.96879,1.00,1.00
2017.11.15 21:41:51.219,0.96853,0.96878,1.00,1.00
2017.11.15 21:41:51.756,0.96853,0.96879,1.00,1.00
2017.11.15 21:41:53.773,0.96853,0.96878,1.00,1.00
2017.11.15 21:41:55.746,0.96853,0.96881,1.00,2.44
2017.11.15 21:41:56.709,0.96853,0.96878,1.00,1.00
2017.11.15 21:41:57.230,0.96854,0.96878,1.00,1.50
2017.11.15 21:41:57.772,0.96854,0.96878,1.00,1.31
2017.11.15 21:41:58.385,0.96854,0.96878,1.00,1.56
2017.11.15 21:42:02.545,0.96854,0.96878,1.00,1.31
2017.11.15 21:42:03.096,0.96854,0.96877,1.00,1.00
2017.11.15 21:42:04.366,0.96854,0.96878,1.00,1.88
2017.11.15 21:42:04.468,0.96854,0.96878,1.00,1.50
2017.11.15 21:42:05.497,0.96855,0.96883,1.13,1.50
2017.11.15 21:42:05.548,0.96858,0.96883,1.50,1.00
2017.11.15 21:42:05.650,0.96858,0.96886,1.75,1.00
2017.11.15 21:42:06.196,0.96858,0.96887,2.25,1.25
2017.11.15 21:42:06.773,0.9686,0.96887,1.75,1.31
2017.11.15 21:42:08.762,0.96859,0.9689,2.25,2.00
2017.11.15 21:42:08.813,0.9686,0.96889,1.75,1.00
2017.11.15 21:42:20.086,0.96861,0.9689,1.75,3.00
2017.11.15 21:42:20.138,0.96859,0.96887,2.25,1.00
2017.11.15 21:42:20.319,0.9686,0.96885,1.00,1.13
2017.11.15 21:42:20.423,0.96857,0.96883,1.69,1.12
2017.11.15 21:42:21.043,0.96856,0.96885,1.12,2.44
2017.11.15 21:42:21.588,0.96854,0.96883,1.50,1.31
2017.11.15 21:42:26.419,0.96855,0.96883,1.50,1.69
2017.11.15 21:42:26.987,0.96854,0.96883,1.69,1.31
2017.11.15 21:42:27.956,0.96855,0.96883,1.50,1.69
2017.11.15 21:42:28.639,0.96854,0.96883,1.69,1.31
2017.11.15 21:42:32.037,0.96855,0.96883,1.69,1.69
2017.11.15 21:42:32.674,0.96854,0.96883,1.69,1.31
2017.11.15 21:42:33.260,0.96855,0.96883,1.69,1.69
2017.11.15 21:42:34.082,0.96854,0.96883,1.50,1.31
2017.11.15 21:42:34.682,0.96855,0.96883,1.50,1.69
2017.11.15 21:42:35.283,0.96854,0.96883,1.50,1.31
2017.11.15 21:42:36.918,0.96855,0.96882,1.50,1.00
2017.11.15 21:42:37.428,0.96854,0.96883,2.25,1.31
2017.11.15 21:42:37.947,0.96855,0.96883,1.50,1.69
2017.11.15 21:42:38.949,0.96854,0.96883,2.25,1.50
2017.11.15 21:42:39.577,0.96855,0.96883,1.50,1.69
2017.11.15 21:42:43.050,0.96855,0.96883,1.12,2.44
2017.11.15 21:42:45.762,0.96854,0.96883,1.31,2.00
2017.11.15 21:42:46.068,0.96858,0.96883,1.00,2.44
2017.11.15 21:42:46.726,0.96858,0.96883,1.00,2.44
2017.11.15 21:42:47.804,0.96858,0.96883,1.00,3.00
2017.11.15 21:42:47.855,0.96854,0.96883,2.44,1.12
2017.11.15 21:42:47.906,0.96859,0.96884,1.00,1.12
2017.11.15 21:42:48.008,0.96859,0.96887,1.69,1.12
2017.11.15 21:42:48.059,0.96859,0.96889,1.94,1.50
2017.11.15 21:42:48.261,0.96864,0.96891,1.00,1.69
2017.11.15 21:42:48.795,0.96863,0.96891,1.69,2.25
2017.11.15 21:42:49.301,0.96863,0.96891,1.12,2.63
2017.11.15 21:42:49.667,0.96869,0.9689,1.00,1.88
2017.11.15 21:42:50.178,0.96868,0.9689,1.00,1.13
2017.11.15 21:42:52.135,0.96868,0.9689,1.00,1.12
2017.11.15 21:42:52.186,0.96864,0.96891,1.31,1.75
2017.11.15 21:42:52.237,0.96868,0.96891,1.00,1.50
2017.11.15 21:42:52.921,0.96868,0.96891,1.00,1.12
2017.11.15 21:42:53.729,0.96868,0.96891,1.00,1.69
2017.11.15 21:42:54.545,0.96868,0.96891,1.00,1.31
2017.11.15 21:42:56.908,0.96869,0.9689,1.00,1.25
2017.11.15 21:42:57.573,0.96869,0.96891,1.00,2.44
2017.11.15 21:42:58.133,0.96869,0.96891,1.00,1.69
2017.11.15 21:42:58.647,0.96869,0.96891,1.00,1.31
2017.11.15 21:42:59.430,0.96869,0.96891,1.00,1.50
2017.11.15 21:43:00.623,0.96869,0.96891,1.00,1.12
2017.11.15 21:43:07.832,0.96864,0.96891,1.94,1.00
2017.11.15 21:43:08.893,0.96864,0.96891,1.75,1.00
2017.11.15 21:43:09.491,0.96864,0.96891,1.75,1.00
2017.11.15 21:43:10.041,0.96864,0.96891,1.75,1.00
2017.11.15 21:43:10.581,0.96864,0.96891,1.75,1.00
2017.11.15 21:43:11.137,0.96864,0.96891,1.75,1.00
2017.11.15 21:43:11.692,0.96864,0.9689,1.50,1.00
2017.11.15 21:43:12.315,0.96864,0.9689,1.75,1.00
2017.11.15 21:43:12.366,0.96864,0.9689,1.12,1.12
2017.11.15 21:43:12.417,0.96869,0.9689,1.00,1.12
2017.11.15 21:43:13.011,0.96869,0.96891,1.00,1.12
2017.11.15 21:43:14.503,0.96869,0.9689,1.00,1.00
2017.11.15 21:43:15.037,0.96869,0.96891,1.00,1.00
2017.11.15 21:43:20.440,0.96869,0.9689,1.00,1.00
2017.11.15 21:43:20.744,0.96869,0.96888,1.00,1.00
2017.11.15 21:43:21.246,0.96869,0.96889,1.00,1.00
2017.11.15 21:43:22.130,0.96863,0.96889,1.94,1.00
2017.11.15 21:43:23.121,0.96863,0.96889,1.50,1.00
2017.11.15 21:43:23.646,0.96863,0.96889,2.00,1.00
2017.11.15 21:43:24.795,0.96869,0.96889,1.00,1.00
2017.11.15 21:43:30.739,0.96864,0.96889,1.69,1.00
2017.11.15 21:43:31.586,0.96864,0.96889,1.12,1.00
2017.11.15 21:43:32.339,0.96864,0.96889,1.69,1.00
2017.11.15 21:43:34.501,0.96864,0.96889,1.12,1.00
2017.11.15 21:43:35.032,0.96864,0.96889,1.50,1.00
2017.11.15 21:43:41.920,0.96864,0.96888,1.00,1.00
2017.11.15 21:43:42.718,0.96864,0.96888,1.50,1.00
2017.11.15 21:43:43.234,0.96864,0.96888,1.12,1.00
2017.11.15 21:43:45.924,0.96864,0.96888,1.50,1.00
2017.11.15 21:43:46.988,0.96864,0.96888,1.12,1.00
2017.11.15 21:43:47.946,0.96864,0.96888,1.50,1.00
2017.11.15 21:43:49.796,0.96864,0.96888,1.75,1.00
2017.11.15 21:43:51.945,0.96864,0.96888,1.50,1.00
2017.11.15 21:43:53.072,0.96864,0.96888,1.75,1.00
2017.11.15 21:43:53.673,0.96863,0.96888,1.75,1.00
2017.11.15 21:43:57.668,0.96863,0.96888,2.00,1.00
2017.11.15 21:43:58.416,0.96863,0.96888,1.75,1.00
2017.11.15 21:44:00.574,0.96863,0.96888,1.50,1.00
2017.11.15 21:44:01.637,0.96863,0.96888,2.19,1.00
2017.11.15 21:44:06.287,0.96863,0.96888,1.50,1.00
2017.11.15 21:44:06.910,0.96863,0.96888,2.00,1.00
2017.11.15 21:44:23.360,0.96863,0.96888,1.50,1.00
2017.11.15 21:44:25.627,0.96863,0.96888,1.75,1.00
2017.11.15 21:44:26.185,0.96863,0.96888,1.50,1.00
2017.11.15 21:44:26.797,0.96863,0.96888,2.00,1.00
2017.11.15 21:44:29.038,0.96863,0.96887,1.50,1.00
2017.11.15 21:44:29.089,0.96863,0.96889,2.00,1.50
2017.11.15 21:44:29.140,0.96863,0.96887,1.88,1.00
2017.11.15 21:44:29.673,0.96863,0.96888,2.00,1.00
2017.11.15 21:44:30.579,0.96863,0.96888,1.12,1.00
2017.11.15 21:44:38.825,0.96859,0.96888,3.00,1.00
2017.11.15 21:44:39.369,0.9686,0.96888,1.94,1.00
2017.11.15 21:44:40.416,0.96859,0.96888,3.19,1.00
2017.11.15 21:44:41.174,0.9686,0.96888,2.25,1.00
2017.11.15 21:44:46.462,0.9686,0.96887,2.25,1.00
2017.11.15 21:44:47.178,0.9686,0.96886,2.44,1.00
2017.11.15 21:44:47.700,0.96859,0.96886,3.00,1.00
2017.11.15 21:44:48.268,0.9686,0.96886,2.44,1.00
2017.11.15 21:44:48.470,0.96863,0.96887,1.75,1.00
2017.11.15 21:44:51.323,0.96863,0.96887,1.69,1.00
2017.11.15 21:44:51.836,0.96863,0.96887,1.94,1.00
2017.11.15 21:44:54.540,0.96863,0.96887,1.69,1.00
2017.11.15 21:44:54.866,0.96861,0.96889,4.69,1.00
2017.11.15 21:44:55.468,0.96864,0.96889,1.13,1.00
2017.11.15 21:44:56.055,0.96863,0.96889,1.88,1.00
2017.11.15 21:44:56.577,0.96863,0.96889,1.94,1.00
2017.11.15 21:44:57.179,0.96864,0.96888,2.00,1.00
2017.11.15 21:45:00.085,0.96864,0.96888,2.00,1.00
2017.11.15 21:45:00.586,0.96864,0.96889,2.00,1.00
2017.11.15 21:45:01.148,0.96864,0.96889,1.75,1.00
2017.11.15 21:45:06.521,0.96864,0.9689,1.75,1.00
2017.11.15 21:45:08.382,0.96864,0.96891,1.75,1.00
2017.11.15 21:45:15.610,0.96864,0.96891,1.37,1.00
2017.11.15 21:45:16.393,0.96864,0.9689,1.37,1.00
2017.11.15 21:45:16.919,0.96864,0.96891,1.50,1.00
2017.11.15 21:45:25.381,0.96864,0.96891,1.00,2.06
2017.11.15 21:45:25.728,0.96859,0.96884,1.00,1.12
2017.11.15 21:45:27.788,0.96859,0.96884,1.00,2.06
2017.11.15 21:45:28.104,0.96859,0.9688,1.00,1.00
2017.11.15 21:45:28.678,0.96859,0.96879,1.00,1.00
2017.11.15 21:45:31.814,0.96853,0.96879,1.00,1.25
2017.11.15 21:45:34.484,0.96853,0.96879,1.00,1.19
2017.11.15 21:45:35.010,0.96853,0.96879,1.00,1.25
2017.11.15 21:45:46.119,0.96853,0.96878,1.00,1.00
2017.11.15 21:45:57.104,0.96853,0.96878,1.00,1.19
2017.11.15 21:46:05.851,0.96849,0.96877,1.75,1.25
2017.11.15 21:46:06.523,0.96849,0.96877,1.50,1.25
2017.11.15 21:46:06.865,0.96849,0.96874,1.50,1.50
2017.11.15 21:46:07.512,0.96849,0.96873,1.00,1.00
2017.11.15 21:46:10.536,0.96854,0.96875,1.00,3.00
2017.11.15 21:46:10.638,0.96848,0.96871,1.00,1.00
2017.11.15 21:46:15.580,0.96848,0.96872,1.00,1.69
2017.11.15 21:46:17.019,0.96848,0.96872,1.00,2.06
2017.11.15 21:46:17.639,0.96848,0.96872,1.00,1.68
2017.11.15 21:46:26.551,0.96848,0.96872,1.00,1.31
2017.11.15 21:46:27.540,0.96849,0.96872,1.00,1.31
2017.11.15 21:46:29.740,0.96849,0.96873,1.00,1.68
2017.11.15 21:46:29.790,0.96854,0.96873,1.00,1.50
2017.11.15 21:46:30.058,0.96854,0.96876,1.00,2.43
2017.11.15 21:46:30.838,0.96853,0.96876,1.00,2.43
2017.11.15 21:46:31.869,0.96853,0.96873,1.00,1.00
2017.11.15 21:46:38.648,0.96849,0.96874,1.00,1.69
2017.11.15 21:46:42.848,0.96854,0.96875,1.00,2.44
2017.11.15 21:46:42.899,0.96849,0.96875,1.00,1.25
2017.11.15 21:46:43.455,0.96849,0.96874,1.00,1.31
2017.11.15 21:46:52.166,0.96849,0.96874,1.00,1.69
2017.11.15 21:46:52.695,0.96849,0.96874,1.00,2.44
2017.11.15 21:46:56.369,0.96849,0.96873,1.00,1.69
2017.11.15 21:47:12.377,0.96849,0.96874,1.00,1.69
2017.11.15 21:47:13.195,0.96848,0.96874,1.00,2.06
2017.11.15 21:47:13.911,0.96848,0.96873,1.00,1.19
2017.11.15 21:47:20.479,0.96854,0.96875,1.75,1.00
2017.11.15 21:47:20.580,0.96854,0.96881,1.75,1.69
2017.11.15 21:47:21.193,0.96854,0.96882,2.25,1.00
2017.11.15 21:47:30.145,0.96854,0.96883,2.44,1.25
2017.11.15 21:47:34.504,0.96854,0.96884,2.44,2.44
2017.11.15 21:47:49.833,0.96854,0.96883,2.44,1.25
2017.11.15 21:47:51.868,0.96854,0.96884,2.44,2.44
2017.11.15 21:47:56.743,0.96854,0.96884,1.50,2.44
2017.11.15 21:47:57.252,0.96854,0.96882,1.69,1.25
2017.11.15 21:47:58.107,0.96854,0.96883,1.50,1.31
2017.11.15 21:47:59.529,0.96851,0.96883,1.94,1.31
2017.11.15 21:48:05.905,0.9685,0.96881,1.37,1.19
2017.11.15 21:48:06.445,0.96849,0.96879,2.44,1.19
2017.11.15 21:48:07.914,0.96849,0.96879,1.69,2.06
2017.11.15 21:48:08.557,0.96848,0.96877,2.00,1.19
2017.11.15 21:48:17.414,0.96848,0.96877,1.94,1.25
2017.11.15 21:48:22.545,0.96848,0.96877,1.69,1.31
2017.11.15 21:48:33.526,0.96848,0.96877,1.69,1.31
2017.11.15 21:48:39.473,0.96848,0.96878,2.06,2.62
2017.11.15 21:48:46.370,0.96848,0.96877,2.44,1.00
2017.11.15 21:48:46.421,0.96846,0.96876,1.94,1.25
2017.11.15 21:48:46.663,0.96846,0.96876,1.56,2.00
2017.11.15 21:48:46.770,0.96845,0.96876,2.81,1.00
2017.11.15 21:48:48.532,0.96846,0.96876,1.94,1.31
2017.11.15 21:48:51.892,0.96845,0.96876,2.81,1.19
2017.11.15 21:48:58.105,0.96845,0.96876,2.06,1.25
2017.11.15 21:49:02.960,0.96845,0.96875,1.87,1.69
2017.11.15 21:49:03.492,0.96845,0.96875,1.75,1.19
2017.11.15 21:49:04.007,0.96845,0.96875,1.69,2.06
2017.11.15 21:49:06.868,0.96844,0.96875,1.31,1.19
2017.11.15 21:49:06.970,0.96844,0.96875,1.94,2.06
2017.11.15 21:49:07.021,0.96844,0.96875,1.69,2.06
2017.11.15 21:49:07.071,0.96844,0.96875,1.94,2.06
2017.11.15 21:49:09.866,0.96844,0.96875,2.00,1.19
2017.11.15 21:49:10.833,0.96844,0.96875,1.94,2.44
2017.11.15 21:49:14.217,0.96846,0.96875,2.25,2.25
2017.11.15 21:49:14.269,0.96848,0.96878,2.44,2.25
2017.11.15 21:49:14.372,0.96854,0.96882,1.00,1.69
2017.11.15 21:49:20.866,0.96854,0.96882,3.00,1.00
2017.11.15 21:49:20.917,0.96858,0.96883,1.00,1.50
2017.11.15 21:49:20.968,0.96855,0.96882,1.00,3.19
2017.11.15 21:49:21.019,0.96849,0.96878,1.94,1.00
2017.11.15 21:49:21.070,0.96849,0.96874,1.00,1.50
2017.11.15 21:49:21.121,0.96844,0.96874,1.69,1.69
2017.11.15 21:49:21.274,0.96843,0.96872,1.69,1.69
2017.11.15 21:49:21.858,0.96841,0.96871,1.94,1.00
2017.11.15 21:49:22.198,0.96844,0.96871,1.50,1.19
2017.11.15 21:49:24.870,0.96841,0.96866,1.00,1.69
2017.11.15 21:49:24.971,0.96839,0.96866,1.00,1.00
2017.11.15 21:49:25.022,0.96838,0.96868,1.50,1.69
2017.11.15 21:49:25.544,0.96834,0.96865,2.00,1.25
2017.11.15 21:49:25.595,0.96838,0.96865,1.00,1.69
2017.11.15 21:49:26.158,0.96838,0.96866,1.50,1.69
2017.11.15 21:49:27.442,0.96839,0.96867,1.00,1.69
2017.11.15 21:49:28.141,0.96839,0.96867,1.50,1.19
2017.11.15 21:49:30.099,0.96839,0.96867,1.50,1.25
2017.11.15 21:49:32.619,0.96834,0.96863,1.37,2.44
2017.11.15 21:49:32.771,0.96829,0.96858,1.69,1.19
2017.11.15 21:49:33.305,0.96828,0.96858,1.00,3.19
2017.11.15 21:49:33.407,0.96829,0.96859,1.69,3.16
2017.11.15 21:49:33.931,0.96829,0.96859,1.69,1.21
2017.11.15 21:49:34.796,0.96834,0.96859,1.00,1.21
2017.11.15 21:49:35.941,0.96833,0.96859,1.75,1.21
2017.11.15 21:49:36.043,0.96833,0.96862,1.50,1.16
2017.11.15 21:49:37.657,0.96833,0.96862,1.75,2.41
2017.11.15 21:49:39.975,0.96834,0.96862,1.50,1.21
2017.11.15 21:49:40.111,0.96839,0.96862,1.00,1.21
2017.11.15 21:49:40.443,0.96839,0.96865,1.00,1.21
2017.11.15 21:49:41.081,0.96839,0.96865,1.37,1.21
2017.11.15 21:49:41.667,0.96839,0.96865,1.12,1.00
2017.11.15 21:49:42.359,0.96839,0.96865,1.50,1.00
2017.11.15 21:49:42.410,0.96834,0.96862,1.00,1.53
2017.11.15 21:49:42.601,0.96829,0.96858,1.25,1.21
2017.11.15 21:49:42.653,0.96829,0.96858,1.00,1.28
2017.11.15 21:49:42.705,0.96825,0.96858,1.69,4.66
2017.11.15 21:49:42.756,0.96825,0.96854,1.12,1.21
2017.11.15 21:49:42.908,0.96828,0.96856,1.50,1.21
2017.11.15 21:49:43.457,0.96828,0.96856,1.75,1.16
2017.11.15 21:49:44.198,0.96828,0.96856,1.50,1.21
2017.11.15 21:49:45.025,0.96828,0.96856,1.75,1.16
2017.11.15 21:49:51.839,0.96828,0.96856,1.12,1.25
2017.11.15 21:49:58.617,0.96828,0.96856,1.50,1.25
2017.11.15 21:50:00.542,0.96828,0.96856,1.12,1.25
2017.11.15 21:50:00.969,0.96828,0.96858,1.75,1.25
2017.11.15 21:50:01.375,0.96828,0.96858,2.00,1.19
2017.11.15 21:50:01.762,0.9683,0.96859,1.75,1.25
2017.11.15 21:50:02.421,0.9683,0.9686,2.25,1.69
2017.11.15 21:50:07.234,0.9683,0.9686,2.06,1.00
2017.11.15 21:50:07.285,0.9683,0.96863,2.06,1.25
2017.11.15 21:50:07.336,0.9683,0.96863,2.81,1.69
2017.11.15 21:50:07.796,0.9683,0.96862,1.56,1.69
2017.11.15 21:50:08.473,0.9683,0.96861,2.06,1.69
2017.11.15 21:50:12.383,0.96831,0.96861,1.25,1.25
2017.11.15 21:50:12.535,0.96831,0.96861,1.56,1.00
2017.11.15 21:50:12.586,0.96832,0.96863,1.31,1.00
2017.11.15 21:50:14.207,0.96833,0.96863,1.69,1.25
2017.11.15 21:50:18.710,0.96833,0.96863,1.94,1.00
2017.11.15 21:50:19.138,0.96832,0.96863,1.69,1.25
2017.11.15 21:50:19.656,0.96832,0.96858,1.00,1.00
2017.11.15 21:50:19.758,0.96828,0.96858,1.69,1.19
2017.11.15 21:50:19.810,0.96828,0.96856,1.00,1.19
2017.11.15 21:50:20.114,0.96829,0.96852,1.00,1.25
2017.11.15 21:50:25.675,0.96829,0.96855,1.00,1.31
2017.11.15 21:50:27.576,0.96833,0.96855,1.00,2.06
2017.11.15 21:50:31.455,0.96829,0.96855,1.00,1.31
2017.11.15 21:50:32.008,0.96829,0.96856,1.00,2.44
2017.11.15 21:50:32.666,0.96829,0.96856,1.00,1.69
2017.11.15 21:50:33.156,0.96833,0.96856,1.00,1.69
2017.11.15 21:50:33.685,0.96833,0.96856,1.00,1.19
2017.11.15 21:50:34.824,0.96833,0.96856,1.00,1.19
2017.11.15 21:50:35.601,0.96833,0.96856,1.00,1.19
2017.11.15 21:50:40.940,0.96829,0.96856,1.00,1.19
2017.11.15 21:50:41.581,0.96829,0.96856,1.00,1.19
2017.11.15 21:50:42.783,0.96829,0.96856,1.00,1.19
2017.11.15 21:50:47.515,0.96834,0.96857,1.00,1.31
2017.11.15 21:50:47.905,0.96834,0.96857,1.00,1.19
2017.11.15 21:50:50.021,0.96834,0.96858,1.00,1.00
2017.11.15 21:50:51.018,0.96834,0.96861,1.00,2.06
2017.11.15 21:50:53.872,0.96834,0.9686,1.00,1.69
2017.11.15 21:51:00.547,0.96834,0.9686,1.00,1.69
2017.11.15 21:51:01.087,0.96834,0.9686,1.00,1.25
2017.11.15 21:51:01.836,0.96834,0.9686,1.00,1.19
2017.11.15 21:51:03.808,0.96834,0.9686,1.00,1.25
2017.11.15 21:51:05.002,0.96834,0.9686,1.00,1.69
2017.11.15 21:51:05.723,0.96834,0.9686,1.00,1.19
2017.11.15 21:51:13.524,0.96834,0.9686,1.00,1.69
2017.11.15 21:51:14.174,0.96834,0.9686,1.00,1.19
2017.11.15 21:51:14.785,0.96834,0.9686,1.00,1.19
2017.11.15 21:51:20.543,0.96834,0.9686,1.00,1.19
2017.11.15 21:51:20.644,0.9683,0.9686,1.19,1.25
2017.11.15 21:51:21.385,0.96833,0.96861,1.00,1.31
2017.11.15 21:51:25.399,0.96833,0.96861,1.00,1.25
2017.11.15 21:51:28.215,0.96831,0.96861,1.25,1.25
2017.11.15 21:51:28.269,0.96834,0.96862,1.00,2.06
2017.11.15 21:51:30.335,0.96834,0.96862,1.00,2.81
2017.11.15 21:51:30.921,0.9683,0.96847,1.00,1.00
2017.11.15 21:51:30.972,0.96834,0.96857,1.00,3.00
2017.11.15 21:51:31.023,0.96834,0.96857,1.00,1.25
2017.11.15 21:51:31.383,0.96834,0.96859,1.00,1.25
2017.11.15 21:51:33.861,0.96834,0.9686,1.00,1.25
2017.11.15 21:51:35.850,0.96834,0.96859,1.00,1.00
2017.11.15 21:51:40.467,0.96834,0.96859,1.00,1.31
2017.11.15 21:51:40.518,0.96834,0.96858,1.00,1.31
2017.11.15 21:51:41.030,0.96834,0.96859,1.00,2.06
2017.11.15 21:51:41.533,0.96833,0.96858,1.00,1.31
2017.11.15 21:51:46.338,0.96833,0.96858,1.00,1.31
2017.11.15 21:51:47.511,0.96834,0.96858,1.00,1.31
2017.11.15 21:51:49.870,0.96833,0.96858,1.00,1.19
2017.11.15 21:51:55.627,0.96828,0.96858,1.00,2.06
2017.11.15 21:51:56.133,0.96828,0.96855,1.00,1.31
2017.11.15 21:51:57.519,0.96829,0.96853,1.00,1.19
2017.11.15 21:51:59.828,0.96829,0.96853,1.00,1.25
2017.11.15 21:52:00.212,0.96829,0.96853,1.00,1.69
2017.11.15 21:52:01.199,0.96824,0.96853,1.25,1.69
2017.11.15 21:52:01.462,0.96828,0.96853,1.00,1.69
2017.11.15 21:52:01.825,0.96828,0.96854,1.00,1.19
2017.11.15 21:52:02.337,0.96828,0.96854,1.00,1.00
2017.11.15 21:52:06.774,0.96828,0.96856,1.00,1.19
2017.11.15 21:52:10.863,0.96828,0.96856,1.00,1.00
2017.11.15 21:52:11.438,0.96828,0.96858,1.00,1.69
2017.11.15 21:52:11.955,0.96828,0.96858,1.00,1.69
2017.11.15 21:52:12.544,0.96828,0.96858,1.00,2.44
2017.11.15 21:52:14.254,0.96828,0.96858,1.00,1.69
2017.11.15 21:52:14.803,0.96828,0.96858,1.19,2.06
2017.11.15 21:52:15.072,0.96828,0.96859,2.81,1.25
2017.11.15 21:52:15.477,0.9683,0.96862,2.06,1.19
2017.11.15 21:52:16.015,0.9683,0.96862,2.06,1.19
2017.11.15 21:52:16.066,0.96833,0.96862,1.00,1.19
2017.11.15 21:52:16.575,0.96833,0.96858,1.00,1.25
2017.11.15 21:52:18.171,0.96833,0.9686,1.00,1.19
2017.11.15 21:52:18.702,0.96833,0.9686,1.00,1.19
2017.11.15 21:52:19.231,0.96834,0.9686,1.00,1.19
2017.11.15 21:52:20.417,0.96834,0.96859,1.00,1.25
2017.11.15 21:52:22.589,0.96834,0.96862,1.00,2.44
2017.11.15 21:52:23.919,0.96834,0.96859,1.00,1.25
2017.11.15 21:52:24.482,0.96834,0.96859,1.00,1.19
2017.11.15 21:52:28.242,0.96834,0.96859,1.00,1.25
2017.11.15 21:52:30.147,0.96834,0.96859,1.00,1.19
2017.11.15 21:52:30.698,0.96834,0.96859,1.00,1.25
2017.11.15 21:52:31.256,0.96834,0.96859,1.00,1.19
2017.11.15 21:52:31.810,0.96834,0.9686,1.00,1.31
2017.11.15 21:52:32.410,0.96834,0.9686,1.00,1.31
2017.11.15 21:52:33.676,0.96833,0.9686,1.00,1.19
2017.11.15 21:52:39.517,0.96828,0.9686,3.19,1.19
2017.11.15 21:52:45.443,0.96829,0.96858,2.06,1.00
2017.11.15 21:52:45.495,0.96834,0.96858,1.00,1.00
2017.11.15 21:52:46.185,0.96834,0.9686,1.00,1.19
2017.11.15 21:52:47.614,0.96834,0.9686,1.00,1.19
2017.11.15 21:52:50.479,0.96828,0.9686,2.06,1.19
2017.11.15 21:52:50.530,0.96834,0.9686,1.00,1.19
2017.11.15 21:53:00.237,0.96834,0.9686,1.00,1.19
2017.11.15 21:53:00.817,0.96834,0.96861,1.00,1.19
2017.11.15 21:53:01.675,0.9683,0.96863,2.81,1.19
2017.11.15 21:53:02.177,0.9683,0.96861,2.44,1.25
2017.11.15 21:53:02.710,0.96831,0.96861,1.31,1.19
2017.11.15 21:53:04.041,0.96831,0.96861,1.31,1.19
2017.11.15 21:53:12.385,0.9683,0.96861,1.31,1.25
2017.11.15 21:53:13.101,0.9683,0.96861,2.06,1.19
2017.11.15 21:53:17.037,0.9683,0.96861,2.06,1.00
2017.11.15 21:53:17.088,0.96834,0.96864,1.25,1.25
2017.11.15 21:53:17.139,0.96834,0.96865,1.69,1.69
2017.11.15 21:53:17.646,0.96833,0.96864,1.69,1.19
2017.11.15 21:53:19.095,0.96833,0.96864,1.19,1.19
2017.11.15 21:53:24.315,0.96833,0.96861,1.19,1.00
2017.11.15 21:53:24.366,0.96833,0.96864,1.19,1.19
2017.11.15 21:53:34.102,0.96833,0.96864,1.25,1.19
2017.11.15 21:53:43.837,0.96835,0.96865,1.00,1.31
2017.11.15 21:53:54.027,0.96835,0.96861,1.00,1.00
2017.11.15 21:53:55.625,0.96835,0.96865,1.00,1.31
2017.11.15 21:53:56.152,0.96835,0.96865,1.00,2.44
2017.11.15 21:53:57.876,0.96834,0.96865,1.00,2.44
2017.11.15 21:53:58.484,0.96833,0.96864,1.00,1.31
2017.11.15 21:54:00.919,0.96833,0.96861,1.00,1.00
2017.11.15 21:54:02.157,0.96833,0.96861,1.19,1.25
2017.11.15 21:54:03.395,0.96832,0.96858,1.00,1.25
2017.11.15 21:54:03.648,0.9683,0.96859,1.25,1.00
2017.11.15 21:54:03.750,0.96828,0.96858,1.19,1.19
2017.11.15 21:54:04.285,0.96828,0.96857,1.00,1.19
2017.11.15 21:54:04.628,0.96833,0.96859,1.25,1.00
2017.11.15 21:54:04.818,0.96833,0.96862,1.00,1.25
2017.11.15 21:54:05.425,0.96833,0.96863,1.00,2.06
2017.11.15 21:54:06.157,0.96833,0.96861,1.00,1.19
2017.11.15 21:54:15.413,0.96833,0.96862,1.00,1.19
2017.11.15 21:54:15.924,0.96834,0.96863,1.00,1.19
2017.11.15 21:54:17.471,0.96834,0.96864,1.00,2.81
2017.11.15 21:54:18.205,0.96831,0.96864,1.19,3.56
2017.11.15 21:54:18.866,0.96831,0.96864,1.19,3.56
2017.11.15 21:54:19.482,0.96831,0.96864,1.25,3.19
2017.11.15 21:54:19.583,0.96831,0.96863,1.31,1.69
2017.11.15 21:54:19.864,0.96833,0.96862,1.25,1.12
2017.11.15 21:54:20.386,0.96834,0.96863,1.25,2.06
2017.11.15 21:54:21.036,0.96834,0.96865,1.25,1.56
2017.11.15 21:54:21.101,0.96834,0.96865,1.25,2.06
2017.11.15 21:54:21.833,0.96834,0.96865,1.19,2.81
2017.11.15 21:54:22.279,0.96831,0.96861,1.19,1.56
2017.11.15 21:54:22.815,0.96831,0.96861,1.19,2.44
2017.11.15 21:54:23.388,0.96834,0.96861,1.00,1.69
2017.11.15 21:54:24.478,0.96834,0.96859,1.00,1.19
2017.11.15 21:54:25.025,0.96834,0.96859,1.00,1.31
2017.11.15 21:54:25.601,0.96829,0.96858,1.25,1.19
2017.11.15 21:54:26.379,0.96834,0.96857,1.00,1.19
2017.11.15 21:54:27.118,0.96834,0.96857,1.00,1.25
2017.11.15 21:54:29.674,0.96828,0.96857,1.19,1.25
2017.11.15 21:54:29.724,0.96834,0.96857,1.00,1.25
2017.11.15 21:54:31.250,0.96834,0.96857,1.00,1.19
2017.11.15 21:54:32.042,0.96829,0.96853,1.00,1.00
2017.11.15 21:54:32.578,0.96828,0.96853,1.00,1.25
2017.11.15 21:54:32.629,0.96824,0.96853,1.00,1.00
2017.11.15 21:54:32.980,0.96823,0.96852,1.25,1.19
2017.11.15 21:54:35.780,0.96823,0.96851,1.00,1.19
2017.11.15 21:54:36.301,0.96823,0.9685,1.00,1.19
2017.11.15 21:54:37.211,0.96823,0.9685,1.00,1.25
2017.11.15 21:54:43.585,0.96823,0.9685,1.00,1.56
2017.11.15 21:54:44.311,0.96823,0.96851,1.00,1.56
2017.11.15 21:54:55.569,0.96823,0.96851,1.00,1.69
2017.11.15 21:54:58.028,0.96828,0.96851,1.00,1.69
2017.11.15 21:55:00.156,0.96828,0.96851,1.00,1.56
2017.11.15 21:55:00.372,0.96823,0.96851,1.00,2.06
2017.11.15 21:55:01.001,0.96824,0.96851,1.00,2.06
2017.11.15 21:55:01.052,0.96824,0.9685,1.00,1.56
2017.11.15 21:55:02.568,0.96824,0.9685,1.00,1.69
2017.11.15 21:55:04.206,0.96824,0.9685,1.00,1.56
2017.11.15 21:55:04.831,0.96824,0.96849,1.00,1.19
2017.11.15 21:55:05.620,0.96824,0.96849,1.00,1.25
2017.11.15 21:55:05.939,0.96828,0.96854,1.00,1.69
2017.11.15 21:55:06.484,0.96828,0.96854,1.00,1.19
2017.11.15 21:55:06.791,0.96828,0.96854,1.00,1.19
2017.11.15 21:55:09.171,0.96824,0.96854,1.00,1.19
2017.11.15 21:55:10.028,0.96826,0.96856,1.00,2.06
2017.11.15 21:55:10.079,0.96829,0.96858,1.00,2.44
2017.11.15 21:55:10.130,0.96829,0.9686,1.69,2.44
2017.11.15 21:55:10.642,0.96829,0.9686,2.06,1.50
2017.11.15 21:55:12.379,0.96829,0.9686,1.69,1.25
2017.11.15 21:55:14.525,0.96834,0.96861,1.00,1.69
2017.11.15 21:55:19.793,0.9683,0.9686,1.25,1.50
2017.11.15 21:55:19.896,0.96829,0.96858,1.00,1.31
2017.11.15 21:55:20.377,0.96829,0.96857,1.00,1.19
2017.11.15 21:55:21.202,0.96828,0.96857,1.00,1.19
2017.11.15 21:55:23.596,0.96829,0.96857,1.00,1.19
2017.11.15 21:55:24.221,0.96829,0.96858,1.00,2.06
2017.11.15 21:55:27.541,0.96829,0.96855,1.00,1.00
2017.11.15 21:55:28.083,0.96828,0.96855,1.00,1.50
2017.11.15 21:55:32.148,0.96828,0.96854,1.00,2.25
2017.11.15 21:55:32.300,0.96825,0.96854,1.25,2.25
2017.11.15 21:55:33.092,0.96829,0.96854,1.00,3.00
2017.11.15 21:55:33.194,0.96826,0.96854,1.25,1.00
2017.11.15 21:55:33.245,0.96829,0.96856,1.00,1.50
2017.11.15 21:55:33.770,0.96828,0.96855,1.00,2.06
2017.11.15 21:55:33.821,0.96824,0.96855,1.69,2.06
2017.11.15 21:55:33.872,0.96824,0.96855,1.69,2.06
2017.11.15 21:55:34.191,0.96824,0.96853,1.00,1.56
2017.11.15 21:55:34.293,0.9682,0.96849,1.25,1.00
2017.11.15 21:55:34.344,0.96823,0.9685,1.00,1.00
2017.11.15 21:55:34.395,0.96822,0.96853,1.00,1.25
2017.11.15 21:55:34.446,0.96824,0.96852,1.00,1.00
2017.11.15 21:55:34.547,0.96823,0.96855,2.44,2.06
2017.11.15 21:55:35.086,0.96825,0.96855,1.00,1.25
2017.11.15 21:55:35.187,0.96828,0.96858,1.19,1.25
2017.11.15 21:55:35.689,0.96829,0.96859,2.06,1.25
2017.11.15 21:55:36.208,0.96832,0.96861,1.00,1.00
2017.11.15 21:55:36.260,0.96832,0.96863,2.06,1.00
2017.11.15 21:55:36.312,0.96833,0.96864,1.69,1.00
2017.11.15 21:55:36.516,0.96835,0.96866,1.00,1.25
2017.11.15 21:55:37.193,0.96835,0.96866,1.25,1.19
2017.11.15 21:55:37.694,0.96835,0.96866,1.19,1.19
2017.11.15 21:55:39.185,0.96835,0.96866,1.25,1.25
2017.11.15 21:55:40.166,0.96835,0.96865,1.00,1.50
2017.11.15 21:55:40.217,0.9683,0.96861,3.00,1.25
2017.11.15 21:55:40.268,0.9683,0.96861,1.25,1.31
2017.11.15 21:55:40.513,0.96829,0.96859,1.00,2.06
2017.11.15 21:55:41.207,0.96829,0.96859,1.00,2.06
2017.11.15 21:55:41.322,0.96829,0.96859,1.19,1.69
2017.11.15 21:55:41.586,0.96829,0.96858,1.00,1.19
2017.11.15 21:55:42.264,0.96829,0.96858,1.00,1.25
2017.11.15 21:55:42.824,0.96829,0.96858,1.00,1.19
2017.11.15 21:55:43.347,0.96829,0.96858,1.00,1.25
2017.11.15 21:55:49.367,0.96829,0.96858,1.00,1.31
2017.11.15 21:56:04.522,0.96829,0.96858,1.00,1.25
2017.11.15 21:56:06.426,0.96829,0.96858,1.00,1.31
2017.11.15 21:56:08.698,0.96827,0.96856,1.69,1.00
2017.11.15 21:56:11.378,0.96829,0.96859,1.00,2.06
2017.11.15 21:56:11.887,0.96829,0.96859,1.00,1.19
2017.11.15 21:56:12.461,0.9683,0.96861,1.00,2.06
2017.11.15 21:56:12.767,0.9683,0.96861,1.00,2.06
2017.11.15 21:56:12.964,0.96832,0.96861,1.00,1.00
2017.11.15 21:56:13.482,0.96832,0.96861,1.69,1.00
2017.11.15 21:56:14.066,0.96833,0.96861,1.19,1.00
2017.11.15 21:56:15.136,0.96833,0.96861,1.25,1.00
2017.11.15 21:56:15.740,0.96832,0.96861,1.31,1.00
2017.11.15 21:56:16.247,0.96833,0.96861,1.19,1.00
2017.11.15 21:56:16.457,0.96834,0.96865,1.69,1.56
2017.11.15 21:56:17.749,0.96839,0.96865,1.00,1.56
2017.11.15 21:56:19.704,0.96839,0.96866,1.00,1.00
2017.11.15 21:56:19.957,0.96844,0.96866,1.00,1.00
2017.11.15 21:56:20.009,0.96839,0.96866,1.00,1.87
2017.11.15 21:56:20.059,0.96844,0.96868,1.00,1.56
2017.11.15 21:56:20.111,0.96839,0.96868,1.00,1.56
2017.11.15 21:56:20.163,0.9684,0.96868,1.31,1.00
2017.11.15 21:56:20.214,0.96843,0.96872,1.19,1.37
2017.11.15 21:56:20.367,0.96849,0.96874,1.00,2.06
2017.11.15 21:56:21.009,0.96849,0.96875,1.00,1.31
2017.11.15 21:56:21.679,0.96849,0.96875,1.00,1.56
2017.11.15 21:56:23.151,0.96849,0.96875,1.25,1.00
2017.11.15 21:56:23.389,0.96853,0.96879,1.00,1.00
2017.11.15 21:56:23.492,0.96849,0.9688,2.06,1.31
2017.11.15 21:56:23.593,0.96853,0.96881,1.00,2.06
2017.11.15 21:56:24.143,0.96853,0.96881,1.00,1.00
2017.11.15 21:56:27.065,0.96853,0.9688,1.00,1.31
2017.11.15 21:56:28.883,0.96853,0.96881,1.00,2.06
2017.11.15 21:56:29.392,0.9685,0.96881,1.69,2.06
2017.11.15 21:56:29.443,0.96854,0.96881,1.00,2.06
2017.11.15 21:56:29.717,0.96851,0.9688,1.19,1.00
2017.11.15 21:56:29.768,0.96854,0.96881,1.00,1.00
2017.11.15 21:56:29.870,0.96854,0.96884,1.69,1.12
2017.11.15 21:56:30.414,0.96855,0.96885,1.25,1.31
2017.11.15 21:56:31.075,0.96854,0.96886,1.19,5.06
2017.11.15 21:56:32.351,0.96854,0.96885,1.69,1.31
2017.11.15 21:56:33.012,0.96854,0.96883,1.50,1.25
2017.11.15 21:56:33.717,0.96854,0.96884,1.00,2.06
2017.11.15 21:56:34.586,0.96854,0.96884,1.69,1.31
2017.11.15 21:56:35.158,0.96854,0.96885,2.44,1.00
2017.11.15 21:56:35.704,0.96855,0.96885,1.19,1.87
2017.11.15 21:56:36.406,0.96855,0.96882,1.19,1.50
2017.11.15 21:56:36.507,0.96853,0.96882,1.50,4.31
2017.11.15 21:56:39.474,0.96853,0.96882,1.00,1.31
2017.11.15 21:56:40.213,0.9685,0.96881,1.19,1.00
2017.11.15 21:56:41.726,0.9685,0.96882,1.19,2.06
2017.11.15 21:56:42.336,0.96851,0.96882,1.25,4.31
2017.11.15 21:56:42.591,0.96853,0.96881,1.25,1.37
2017.11.15 21:56:56.936,0.96853,0.96881,1.00,1.37
2017.11.15 21:57:00.677,0.96851,0.96882,1.25,3.56
2017.11.15 21:57:04.517,0.9685,0.96882,2.06,3.56
2017.11.15 21:57:11.527,0.9685,0.96881,1.19,2.81
2017.11.15 21:57:12.196,0.9685,0.96881,1.19,1.31
2017.11.15 21:57:13.564,0.9685,0.96881,1.69,1.56
2017.11.15 21:57:14.448,0.9685,0.96882,1.69,3.19
2017.11.15 21:57:17.543,0.96851,0.96882,1.19,4.69
2017.11.15 21:57:18.873,0.9685,0.96882,2.06,3.19
2017.11.15 21:57:19.466,0.9685,0.96874,1.00,1.00
2017.11.15 21:57:19.517,0.96847,0.96874,1.62,1.00
2017.11.15 21:57:21.841,0.96846,0.96876,1.31,1.25
2017.11.15 21:57:22.012,0.96847,0.96879,2.06,1.69
2017.11.15 21:57:22.592,0.9685,0.9688,1.31,2.44
2017.11.15 21:57:22.644,0.96853,0.9688,1.19,1.00
2017.11.15 21:57:23.168,0.96853,0.9688,1.25,1.25
2017.11.15 21:57:24.401,0.9685,0.96881,2.44,2.44
2017.11.15 21:57:26.441,0.96849,0.9688,3.19,1.00
2017.11.15 21:57:27.797,0.96848,0.96876,1.00,1.00
2017.11.15 21:57:27.898,0.96845,0.96876,1.19,1.25
2017.11.15 21:57:28.477,0.96844,0.96876,2.06,1.69
2017.11.15 21:57:29.018,0.96844,0.96876,2.06,1.69
2017.11.15 21:57:29.628,0.96844,0.96876,1.19,1.69
2017.11.15 21:57:31.862,0.96844,0.96876,1.69,1.69
2017.11.15 21:57:32.166,0.96843,0.96873,3.19,1.00
2017.11.15 21:57:32.267,0.96841,0.9687,1.69,1.19
2017.11.15 21:57:33.770,0.96841,0.9687,1.31,1.31
2017.11.15 21:57:34.776,0.96841,0.9687,1.31,1.31
2017.11.15 21:57:35.339,0.96842,0.96872,1.56,1.00
2017.11.15 21:57:35.645,0.96844,0.96872,1.56,1.00
2017.11.15 21:57:36.350,0.96844,0.96872,1.56,1.00
2017.11.15 21:57:38.590,0.96844,0.96872,1.19,1.25
2017.11.15 21:57:39.197,0.96844,0.96871,1.19,1.00
2017.11.15 21:57:39.820,0.96844,0.96871,1.25,1.00
2017.11.15 21:57:40.518,0.96842,0.96871,1.19,1.00
2017.11.15 21:57:45.640,0.96842,0.96871,1.19,1.12
2017.11.15 21:57:45.691,0.96842,0.96871,1.00,1.31
2017.11.15 21:57:46.375,0.96842,0.9687,1.25,1.69
2017.11.15 21:57:47.716,0.9684,0.9687,1.19,1.69
2017.11.15 21:57:48.614,0.9684,0.96867,1.19,1.00
2017.11.15 21:57:58.978,0.9684,0.9687,1.19,1.69
2017.11.15 21:57:59.848,0.96839,0.9687,1.69,2.44
2017.11.15 21:58:01.748,0.96839,0.9687,1.25,1.69
2017.11.15 21:58:03.859,0.96839,0.9687,1.69,1.69
2017.11.15 21:58:09.193,0.96843,0.96871,1.19,1.25
2017.11.15 21:58:09.497,0.96849,0.96876,1.00,1.25
2017.11.15 21:58:09.966,0.96846,0.96877,1.19,1.69
2017.11.15 21:58:10.671,0.96846,0.96877,1.69,1.69
2017.11.15 21:58:11.359,0.96848,0.96877,1.19,1.69
2017.11.15 21:58:13.067,0.96848,0.96877,1.25,1.19
2017.11.15 21:58:13.219,0.96847,0.96876,1.00,1.19
2017.11.15 21:58:14.020,0.96846,0.96877,1.69,1.69
2017.11.15 21:58:14.690,0.96847,0.96877,1.25,1.69
2017.11.15 21:58:17.890,0.96847,0.96878,1.25,1.31
2017.11.15 21:58:17.942,0.96849,0.9688,1.00,1.69
2017.11.15 21:58:18.661,0.96848,0.9688,1.00,1.69
2017.11.15 21:58:19.073,0.96848,0.9688,1.19,1.69
2017.11.15 21:58:20.905,0.96848,0.96879,1.19,2.06
2017.11.15 21:58:28.590,0.96846,0.96877,1.25,1.69
2017.11.15 21:58:28.757,0.96848,0.96877,1.00,1.19
2017.11.15 21:58:29.154,0.96848,0.96878,1.25,1.25
2017.11.15 21:58:29.544,0.96848,0.96878,1.19,1.25
2017.11.15 21:58:30.135,0.96848,0.96878,1.19,1.19
2017.11.15 21:58:31.356,0.96847,0.96876,1.19,1.00
2017.11.15 21:58:32.122,0.96848,0.96878,1.19,1.19
2017.11.15 21:58:34.718,0.96848,0.96878,1.69,1.19
2017.11.15 21:58:43.618,0.96848,0.9688,1.19,1.31
2017.11.15 21:58:43.738,0.96848,0.96878,1.69,1.19
2017.11.15 21:58:44.306,0.96848,0.96878,1.69,1.19
2017.11.15 21:58:46.600,0.96848,0.96878,1.69,1.69
2017.11.15 21:58:49.738,0.96848,0.96877,1.69,1.31
2017.11.15 21:58:52.401,0.96848,0.96878,1.69,1.62
2017.11.15 21:58:54.744,0.96848,0.96877,1.69,1.31
2017.11.15 21:58:55.093,0.96846,0.96876,1.19,1.19
2017.11.15 21:58:55.194,0.96845,0.96876,1.25,1.31
2017.11.15 21:58:55.556,0.96842,0.96874,2.81,1.19
2017.11.15 21:58:56.088,0.96842,0.96872,2.81,1.19
2017.11.15 21:58:59.278,0.96843,0.96873,1.00,1.19
2017.11.15 21:58:59.950,0.96843,0.96873,1.56,1.19
2017.11.15 21:59:00.185,0.96846,0.96877,1.75,1.19
2017.11.15 21:59:00.236,0.96848,0.96877,1.75,1.25
2017.11.15 21:59:00.287,0.96846,0.96878,1.00,1.19
2017.11.15 21:59:00.388,0.96848,0.96878,1.50,1.19
2017.11.15 21:59:00.540,0.96847,0.96876,1.75,1.00
2017.11.15 21:59:01.086,0.96848,0.96877,1.12,1.19
2017.11.15 21:59:01.340,0.96846,0.96877,1.00,1.69
2017.11.15 21:59:01.391,0.96844,0.96877,1.12,1.69
2017.11.15 21:59:01.492,0.96845,0.96877,1.75,1.69
2017.11.15 21:59:01.929,0.96845,0.96873,1.75,1.00
2017.11.15 21:59:02.376,0.96846,0.96873,1.00,1.00
2017.11.15 21:59:02.918,0.96845,0.96873,1.75,1.00
2017.11.15 21:59:03.408,0.96845,0.96873,1.12,0.75
2017.11.15 21:59:05.360,0.96847,0.96873,0.37,0.75
2017.11.15 21:59:05.696,0.96847,0.96871,0.75,0.19
2017.11.15 21:59:06.000,0.96851,0.96872,0.37,0.19
2017.11.15 21:59:08.658,0.96851,0.96874,0.37,0.19
2017.11.15 21:59:09.172,0.96851,0.96873,0.37,0.19
2017.11.15 21:59:09.852,0.9685,0.96873,0.37,0.19
2017.11.15 21:59:10.209,0.96853,0.96873,0.37,0.19
2017.11.15 21:59:10.311,0.9685,0.96874,1.12,0.19
2017.11.15 21:59:12.235,0.96852,0.96875,0.37,0.19
2017.11.15 21:59:12.437,0.96854,0.96878,0.75,0.19
2017.11.15 21:59:12.954,0.96853,0.96879,0.75,0.19
2017.11.15 21:59:15.061,0.96851,0.96878,0.75,0.19
2017.11.15 21:59:15.112,0.96849,0.96879,1.87,0.19
2017.11.15 21:59:15.163,0.96852,0.96879,0.75,0.19
2017.11.15 21:59:15.213,0.96849,0.96879,1.87,0.19
2017.11.15 21:59:15.771,0.9685,0.96878,0.75,0.19
2017.11.15 21:59:17.781,0.9685,0.96879,0.75,0.19
2017.11.15 21:59:19.682,0.9685,0.96877,0.75,0.19
2017.11.15 21:59:26.128,0.96846,0.96874,0.75,0.19
2017.11.15 21:59:26.280,0.96846,0.96876,0.75,0.75
2017.11.15 21:59:27.266,0.96847,0.96876,0.19,0.75
2017.11.15 21:59:27.317,0.96849,0.96879,0.94,0.75
2017.11.15 21:59:27.835,0.9685,0.9688,0.19,0.75
2017.11.15 21:59:28.290,0.96852,0.9688,0.19,0.75
2017.11.15 21:59:30.214,0.96852,0.96877,0.19,0.75
2017.11.15 21:59:30.542,0.9686,0.96887,0.19,0.75
2017.11.15 21:59:30.855,0.96859,0.96881,0.94,0.75
2017.11.15 21:59:30.956,0.96857,0.96881,0.19,0.75
2017.11.15 21:59:31.931,0.96856,0.96881,0.94,0.75
2017.11.15 21:59:32.430,0.96856,0.96885,0.94,0.19
2017.11.15 21:59:32.531,0.96856,0.96892,0.19,0.94
2017.11.15 21:59:33.041,0.96857,0.96892,0.94,0.75
2017.11.15 21:59:34.817,0.96858,0.96892,0.19,0.75
2017.11.15 21:59:35.328,0.96857,0.96895,0.75,0.75
2017.11.15 21:59:35.379,0.96857,0.96891,0.75,0.75
2017.11.15 21:59:35.571,0.96857,0.96895,0.75,0.75
2017.11.15 21:59:36.064,0.96857,0.96891,0.75,0.75
2017.11.15 21:59:36.122,0.96857,0.96894,0.75,0.75
2017.11.15 21:59:37.100,0.96857,0.96892,0.19,0.75
2017.11.15 21:59:37.571,0.96858,0.96895,0.75,0.75
2017.11.15 21:59:40.567,0.96858,0.96893,0.75,0.19
2017.11.15 21:59:40.873,0.96857,0.96887,0.94,0.75
2017.11.15 21:59:41.579,0.96856,0.96887,0.75,0.75
2017.11.15 21:59:42.051,0.96858,0.96887,0.75,0.75
2017.11.15 21:59:43.270,0.96857,0.96887,0.75,0.75
2017.11.15 21:59:45.233,0.96853,0.96884,1.50,0.75
2017.11.15 21:59:45.385,0.96853,0.96882,0.75,0.75
2017.11.15 21:59:45.720,0.9685,0.96876,0.75,0.75
2017.11.15 21:59:45.972,0.9685,0.96881,0.75,1.50
2017.11.15 21:59:46.631,0.96849,0.9688,1.50,0.75
2017.11.15 21:59:48.228,0.96849,0.96876,0.75,0.75
2017.11.15 21:59:50.766,0.96847,0.96876,0.75,0.75
2017.11.15 21:59:50.978,0.96849,0.96881,0.75,0.75
2017.11.15 21:59:51.570,0.96848,0.96882,1.50,1.50
2017.11.15 21:59:54.219,0.96848,0.9688,0.75,0.75
2017.11.15 21:59:56.470,0.96848,0.96881,0.75,0.75
2017.11.15 21:59:58.559,0.96846,0.96876,0.75,0.75
2017.11.15 21:59:59.112,0.96849,0.96876,0.75,0.75
2017.11.15 21:59:59.659,0.96849,0.96882,0.75,0.75
