2010.12.27 07:00:00.243,1.01034,1.01097,1.05,1.80
2010.12.27 07:00:00.662,1.01037,1.01092,2.33,1.50
2010.12.27 07:00:00.991,1.01034,1.01092,1.65,1.50
2010.12.27 07:00:01.393,1.01039,1.01092,1.05,1.50
2010.12.27 07:00:04.224,1.01039,1.01092,2.33,1.50
2010.12.27 07:00:07.859,1.01043,1.01092,1.20,1.50
2010.12.27 07:00:07.976,1.01042,1.01092,1.65,1.50
2010.12.27 07:00:08.094,1.01038,1.01102,1.24,5.55
2010.12.27 07:00:08.312,1.01047,1.01102,1.24,4.50
2010.12.27 07:00:08.762,1.01047,1.01102,6.49,1.50
2010.12.27 07:00:11.260,1.01048,1.01102,1.30,1.65
2010.12.27 07:00:13.501,1.01047,1.01102,2.55,2.03
2010.12.27 07:00:15.634,1.01043,1.01102,2.55,2.18
2010.12.27 07:00:15.860,1.01045,1.01102,1.39,2.03
2010.12.27 07:00:16.300,1.01047,1.01102,6.30,1.80
2010.12.27 07:00:16.591,1.01047,1.01102,6.68,1.50
2010.12.27 07:00:17.270,1.01047,1.01102,2.40,1.58
2010.12.27 07:00:17.993,1.01044,1.01101,1.28,1.09
2010.12.27 07:00:18.253,1.01039,1.01101,1.28,3.03
2010.12.27 07:00:18.471,1.01039,1.01101,1.28,1.84
2010.12.27 07:00:18.691,1.01039,1.01101,1.28,1.62
2010.12.27 07:00:29.459,1.01039,1.01102,1.05,1.84
2010.12.27 07:00:30.502,1.01039,1.01102,1.05,1.80
2010.12.27 07:00:31.100,1.01048,1.01102,3.15,4.05
2010.12.27 07:00:31.211,1.01048,1.01102,3.15,3.75
2010.12.27 07:00:31.482,1.01048,1.01102,3.30,4.05
2010.12.27 07:00:34.216,1.01049,1.01102,1.05,4.05
2010.12.27 07:00:34.980,1.01048,1.01101,3.00,1.47
2010.12.27 07:00:35.091,1.01039,1.01092,1.65,3.00
2010.12.27 07:00:35.310,1.01033,1.01092,2.55,3.75
2010.12.27 07:00:35.706,1.01042,1.01092,1.05,1.50
2010.12.27 07:00:35.822,1.01044,1.01111,1.65,3.19
2010.12.27 07:00:36.042,1.01049,1.01111,1.50,2.25
2010.12.27 07:00:36.152,1.01049,1.01111,3.00,2.25
2010.12.27 07:00:36.552,1.01057,1.01112,3.00,1.50
2010.12.27 07:00:36.881,1.01057,1.01121,3.00,2.40
2010.12.27 07:00:36.991,1.01057,1.01122,3.15,1.80
2010.12.27 07:00:37.451,1.01057,1.01121,3.15,1.05
2010.12.27 07:00:38.591,1.01058,1.01122,1.05,1.95
2010.12.27 07:00:38.889,1.01057,1.01118,3.15,1.05
2010.12.27 07:00:39.113,1.01042,1.01112,2.85,3.27
2010.12.27 07:00:39.442,1.01047,1.01111,3.30,2.40
2010.12.27 07:00:39.770,1.01047,1.01112,1.05,3.34
2010.12.27 07:00:40.072,1.01042,1.01106,1.05,1.50
2010.12.27 07:00:40.181,1.01038,1.01102,1.80,2.25
2010.12.27 07:00:40.898,1.01037,1.01102,1.09,2.25
2010.12.27 07:00:41.118,1.01038,1.01102,1.05,2.40
2010.12.27 07:00:41.714,1.01037,1.01101,1.05,2.40
2010.12.27 07:00:42.042,1.01033,1.01092,2.70,1.50
2010.12.27 07:00:42.261,1.01038,1.01092,1.05,1.50
2010.12.27 07:00:42.673,1.01038,1.01092,1.20,1.50
2010.12.27 07:00:43.342,1.01038,1.01092,1.05,1.50
2010.12.27 07:00:47.341,1.01044,1.01091,1.13,1.50
2010.12.27 07:00:47.714,1.01057,1.01112,3.00,1.95
2010.12.27 07:00:47.931,1.01048,1.01102,4.69,1.50
2010.12.27 07:00:48.372,1.01058,1.01101,3.08,1.50
2010.12.27 07:00:48.761,1.01058,1.01122,3.00,9.87
2010.12.27 07:00:48.870,1.01058,1.01122,3.15,10.68
2010.12.27 07:00:50.261,1.01063,1.01122,1.05,10.24
2010.12.27 07:00:51.251,1.01063,1.01122,1.20,10.24
2010.12.27 07:00:52.239,1.01062,1.01122,1.05,10.30
2010.12.27 07:01:04.354,1.01068,1.01122,1.05,1.80
2010.12.27 07:01:04.572,1.01067,1.01121,3.15,1.05
2010.12.27 07:01:06.190,1.01067,1.01121,3.30,1.05
2010.12.27 07:01:09.335,1.01067,1.01122,6.53,2.97
2010.12.27 07:01:09.701,1.01069,1.01122,1.05,1.80
2010.12.27 07:01:09.859,1.01068,1.01122,3.30,1.65
2010.12.27 07:01:10.081,1.01069,1.01132,1.84,1.05
2010.12.27 07:01:11.268,1.01069,1.01133,1.99,1.05
2010.12.27 07:01:12.432,1.01069,1.01131,1.84,1.05
2010.12.27 07:01:14.409,1.0107,1.01133,1.05,1.05
2010.12.27 07:01:15.231,1.0107,1.01136,2.10,1.58
2010.12.27 07:01:15.669,1.01077,1.01136,3.15,2.55
2010.12.27 07:01:16.383,1.01077,1.01136,2.55,1.05
2010.12.27 07:01:16.500,1.01078,1.01132,2.40,2.55
2010.12.27 07:01:16.723,1.01073,1.01132,1.05,1.20
2010.12.27 07:01:19.382,1.01073,1.01133,1.05,6.45
2010.12.27 07:01:19.655,1.01077,1.01133,3.15,2.70
2010.12.27 07:01:19.773,1.01078,1.01133,1.05,2.55
2010.12.27 07:01:20.322,1.01079,1.01136,2.25,1.65
2010.12.27 07:01:20.750,1.01079,1.01136,2.40,1.80
2010.12.27 07:01:21.200,1.01079,1.01136,1.65,1.05
2010.12.27 07:01:21.531,1.01079,1.01136,2.40,1.80
2010.12.27 07:01:22.094,1.01079,1.01136,1.65,1.05
2010.12.27 07:01:22.641,1.01079,1.01132,1.50,2.70
2010.12.27 07:01:23.233,1.01079,1.01132,2.40,2.40
2010.12.27 07:01:23.451,1.01079,1.01132,2.40,2.70
2010.12.27 07:01:31.382,1.01078,1.01132,3.90,2.40
2010.12.27 07:01:33.198,1.01079,1.01136,1.80,2.55
2010.12.27 07:01:35.114,1.01079,1.01136,4.20,2.40
2010.12.27 07:01:35.360,1.01079,1.01137,1.05,2.40
2010.12.27 07:01:37.118,1.01079,1.01137,2.33,2.40
2010.12.27 07:01:44.312,1.01079,1.01137,2.70,2.25
2010.12.27 07:01:44.675,1.01079,1.01136,6.08,2.40
2010.12.27 07:01:45.578,1.01079,1.01137,2.70,2.25
2010.12.27 07:01:46.793,1.01079,1.01137,2.33,1.80
2010.12.27 07:01:47.127,1.01079,1.01136,2.55,1.65
2010.12.27 07:01:47.245,1.01079,1.01133,6.08,2.25
2010.12.27 07:01:47.691,1.01079,1.01137,2.33,3.00
2010.12.27 07:01:50.281,1.01083,1.01137,2.33,1.50
2010.12.27 07:01:53.387,1.01083,1.01137,2.70,1.65
2010.12.27 07:01:53.573,1.01083,1.01137,1.05,1.50
2010.12.27 07:01:53.813,1.01083,1.01137,1.05,1.65
2010.12.27 07:01:53.923,1.01083,1.01137,1.20,1.50
2010.12.27 07:01:54.581,1.01082,1.01137,1.05,1.50
2010.12.27 07:01:54.885,1.01088,1.01136,2.55,1.50
2010.12.27 07:01:55.221,1.01082,1.01136,1.05,1.50
2010.12.27 07:01:55.541,1.01088,1.01136,2.40,1.50
2010.12.27 07:01:57.359,1.01083,1.01137,1.05,1.65
2010.12.27 07:02:00.484,1.01084,1.01137,2.33,1.50
2010.12.27 07:02:00.993,1.01088,1.01137,3.45,1.50
2010.12.27 07:02:01.900,1.01088,1.01136,6.45,1.50
2010.12.27 07:02:03.182,1.01088,1.01137,1.20,1.50
2010.12.27 07:02:04.263,1.01088,1.01137,2.33,1.50
2010.12.27 07:02:04.534,1.01088,1.01137,1.05,1.50
2010.12.27 07:02:06.231,1.01088,1.01137,2.29,1.50
2010.12.27 07:02:09.357,1.01088,1.01137,1.20,1.65
2010.12.27 07:02:10.738,1.01088,1.01137,1.05,1.50
2010.12.27 07:02:13.145,1.01088,1.01137,2.70,1.50
2010.12.27 07:02:16.650,1.01088,1.01137,1.20,1.65
2010.12.27 07:02:17.103,1.01088,1.01137,2.70,1.50
2010.12.27 07:02:17.570,1.01088,1.01137,1.20,1.65
2010.12.27 07:02:17.682,1.01088,1.01137,1.05,1.50
2010.12.27 07:02:18.400,1.01089,1.01136,2.33,1.50
2010.12.27 07:02:18.512,1.01089,1.01136,1.05,1.50
2010.12.27 07:02:20.102,1.01088,1.01142,3.30,1.50
2010.12.27 07:02:20.365,1.0109,1.01142,1.86,1.65
2010.12.27 07:02:20.487,1.01098,1.01157,2.55,1.65
2010.12.27 07:02:20.604,1.01099,1.01157,2.40,1.65
2010.12.27 07:02:20.978,1.01108,1.01161,2.25,1.50
2010.12.27 07:02:21.096,1.01109,1.01166,1.50,1.58
2010.12.27 07:02:21.436,1.01108,1.01166,1.50,1.58
2010.12.27 07:02:21.912,1.01108,1.01167,1.58,2.97
2010.12.27 07:02:22.131,1.01108,1.01167,1.58,1.65
2010.12.27 07:02:22.934,1.01107,1.01167,3.30,1.65
2010.12.27 07:02:23.484,1.01107,1.01162,3.30,1.50
2010.12.27 07:02:23.920,1.01107,1.01162,2.55,1.50
2010.12.27 07:02:24.502,1.01108,1.01162,1.65,1.50
2010.12.27 07:02:27.231,1.01108,1.01162,2.55,3.75
2010.12.27 07:02:28.125,1.01108,1.01162,2.70,3.90
2010.12.27 07:02:28.411,1.01108,1.01162,2.25,3.83
2010.12.27 07:02:28.960,1.01098,1.01162,2.55,1.65
2010.12.27 07:02:31.380,1.01099,1.01162,5.85,1.65
2010.12.27 07:02:33.325,1.01107,1.01162,2.55,1.95
2010.12.27 07:02:33.442,1.01107,1.01162,2.70,1.65
2010.12.27 07:02:37.217,1.01107,1.01162,2.70,1.65
2010.12.27 07:02:37.772,1.01107,1.01157,2.70,1.50
2010.12.27 07:02:37.897,1.01107,1.01157,2.55,1.65
2010.12.27 07:02:38.288,1.01107,1.01151,2.40,1.50
2010.12.27 07:02:38.842,1.01097,1.01152,2.70,1.50
2010.12.27 07:02:39.102,1.01097,1.01147,2.55,1.50
2010.12.27 07:02:39.392,1.01097,1.01147,6.08,1.50
2010.12.27 07:02:40.866,1.01097,1.01153,6.08,2.40
2010.12.27 07:02:41.095,1.01097,1.01156,2.40,1.80
2010.12.27 07:02:42.195,1.01097,1.01153,2.40,6.08
2010.12.27 07:02:43.261,1.01097,1.01153,2.55,6.08
2010.12.27 07:02:46.282,1.01098,1.01157,6.08,1.65
2010.12.27 07:02:47.921,1.01098,1.01156,2.70,1.80
2010.12.27 07:02:51.981,1.01098,1.01156,2.70,1.65
2010.12.27 07:02:53.332,1.01098,1.01152,2.55,2.40
2010.12.27 07:02:55.082,1.01098,1.01152,2.40,2.55
2010.12.27 07:03:04.107,1.01098,1.01152,2.70,2.55
2010.12.27 07:03:19.653,1.01098,1.01152,7.92,3.83
2010.12.27 07:03:21.608,1.01098,1.01152,3.30,3.90
2010.12.27 07:03:22.608,1.01098,1.01152,8.33,3.90
2010.12.27 07:03:36.103,1.01098,1.01152,8.33,4.84
2010.12.27 07:03:36.213,1.01098,1.01152,3.15,4.69
2010.12.27 07:03:36.662,1.01089,1.01142,4.20,2.25
2010.12.27 07:03:38.194,1.01088,1.01142,12.45,2.25
2010.12.27 07:03:38.826,1.01088,1.01142,12.08,2.40
2010.12.27 07:03:43.043,1.01097,1.01142,1.05,2.25
2010.12.27 07:03:43.153,1.01099,1.01152,1.05,2.25
2010.12.27 07:03:43.951,1.01098,1.01152,3.15,2.40
2010.12.27 07:03:44.334,1.01099,1.01152,1.05,2.40
2010.12.27 07:03:44.998,1.01098,1.01152,3.15,2.40
2010.12.27 07:03:45.903,1.01099,1.01152,2.33,2.40
2010.12.27 07:03:49.711,1.01099,1.01152,1.05,2.55
2010.12.27 07:03:49.822,1.01099,1.01156,1.05,1.09
2010.12.27 07:03:50.954,1.01097,1.01163,3.30,2.59
2010.12.27 07:03:51.285,1.01102,1.01163,1.05,2.25
2010.12.27 07:03:51.635,1.01108,1.01171,3.30,2.25
2010.12.27 07:03:51.744,1.01108,1.01172,3.30,4.80
2010.12.27 07:03:52.183,1.01108,1.01172,3.15,3.75
2010.12.27 07:03:52.621,1.01108,1.01172,3.00,3.90
2010.12.27 07:03:53.243,1.01108,1.01172,3.08,3.90
2010.12.27 07:03:53.904,1.01112,1.01172,1.05,3.90
2010.12.27 07:03:55.366,1.01108,1.01171,3.30,1.05
2010.12.27 07:03:57.081,1.01118,1.01171,2.25,1.80
2010.12.27 07:03:58.228,1.01118,1.01171,2.25,1.80
2010.12.27 07:04:02.848,1.01118,1.01171,2.70,1.65
2010.12.27 07:04:05.573,1.01118,1.01171,2.33,1.65
2010.12.27 07:04:06.234,1.01118,1.01171,2.70,1.65
2010.12.27 07:04:10.431,1.01118,1.01171,2.55,1.50
2010.12.27 07:04:10.792,1.01119,1.01182,2.55,2.25
2010.12.27 07:04:10.901,1.01122,1.01182,1.05,2.40
2010.12.27 07:04:13.101,1.01127,1.01187,2.40,1.95
2010.12.27 07:04:14.241,1.01119,1.01187,1.05,4.58
2010.12.27 07:04:16.265,1.01119,1.01187,2.10,4.17
2010.12.27 07:04:22.423,1.01122,1.01187,1.05,4.58
2010.12.27 07:04:30.154,1.01114,1.01172,2.33,1.50
2010.12.27 07:04:30.263,1.0111,1.01172,2.55,1.50
2010.12.27 07:04:30.373,1.01117,1.01178,2.40,1.24
2010.12.27 07:04:31.166,1.01117,1.01181,2.40,4.24
2010.12.27 07:04:32.103,1.01117,1.01181,2.40,4.28
2010.12.27 07:04:32.551,1.01117,1.01177,2.55,1.30
2010.12.27 07:04:33.643,1.01117,1.01181,6.08,2.74
2010.12.27 07:04:34.673,1.0111,1.01172,2.33,1.24
2010.12.27 07:04:34.963,1.01108,1.01172,1.20,2.44
2010.12.27 07:04:35.284,1.01108,1.01172,1.05,1.50
2010.12.27 07:04:35.858,1.0111,1.01172,1.05,1.50
2010.12.27 07:04:36.372,1.0111,1.01172,1.05,1.80
2010.12.27 07:04:40.341,1.0111,1.01171,1.05,1.09
2010.12.27 07:04:40.456,1.01107,1.01171,3.15,1.09
2010.12.27 07:04:40.573,1.01103,1.01167,1.05,1.09
2010.12.27 07:04:41.082,1.01099,1.01162,1.05,1.65
2010.12.27 07:04:41.522,1.01098,1.01162,6.53,1.58
2010.12.27 07:04:41.742,1.01102,1.01162,1.05,1.50
2010.12.27 07:04:41.961,1.01108,1.01173,2.40,1.24
2010.12.27 07:04:42.363,1.01108,1.01173,2.55,1.09
2010.12.27 07:04:42.474,1.01112,1.01177,1.05,2.59
2010.12.27 07:04:42.911,1.01108,1.01177,5.40,2.59
2010.12.27 07:04:43.351,1.01112,1.01176,1.65,1.84
2010.12.27 07:04:43.789,1.01108,1.01172,1.50,2.37
2010.12.27 07:04:43.906,1.01106,1.01168,1.28,1.05
2010.12.27 07:04:44.025,1.01107,1.01171,2.55,1.65
2010.12.27 07:04:44.591,1.01108,1.01172,2.40,3.90
2010.12.27 07:04:45.910,1.01112,1.01172,1.05,3.75
2010.12.27 07:04:46.135,1.01127,1.01186,3.00,1.65
2010.12.27 07:04:46.301,1.01127,1.01186,3.00,4.28
2010.12.27 07:04:46.418,1.01118,1.01182,1.50,2.37
2010.12.27 07:04:46.534,1.01127,1.01183,2.25,6.49
2010.12.27 07:04:46.863,1.01118,1.01183,1.05,6.12
2010.12.27 07:04:46.972,1.01117,1.01183,2.40,6.12
2010.12.27 07:04:47.216,1.01111,1.01179,1.05,1.09
2010.12.27 07:04:47.441,1.01107,1.01163,2.55,2.25
2010.12.27 07:04:49.403,1.01107,1.01163,6.08,2.25
2010.12.27 07:04:50.634,1.01107,1.01163,2.55,2.40
2010.12.27 07:04:52.272,1.01107,1.01163,2.70,2.40
2010.12.27 07:04:54.196,1.01107,1.01163,6.08,2.55
2010.12.27 07:04:56.811,1.01107,1.01163,2.40,2.25
2010.12.27 07:04:59.344,1.01107,1.01163,2.55,2.40
2010.12.27 07:05:00.258,1.01107,1.01163,2.55,2.55
2010.12.27 07:05:03.218,1.01107,1.01163,2.55,6.08
2010.12.27 07:05:03.592,1.01107,1.01163,6.08,2.55
2010.12.27 07:05:06.777,1.01107,1.01163,2.55,2.70
2010.12.27 07:05:06.898,1.01107,1.01163,2.70,2.55
2010.12.27 07:05:10.984,1.01107,1.01163,2.55,6.08
2010.12.27 07:05:23.542,1.01107,1.01163,2.40,2.74
2010.12.27 07:05:24.241,1.01097,1.01162,2.40,1.56
2010.12.27 07:05:24.684,1.01089,1.01152,1.65,2.40
2010.12.27 07:05:24.791,1.01089,1.01152,1.65,2.40
2010.12.27 07:05:24.902,1.01089,1.01152,1.65,2.33
2010.12.27 07:05:25.232,1.01098,1.01156,2.40,1.58
2010.12.27 07:05:25.341,1.01098,1.01156,2.55,1.50
2010.12.27 07:05:26.971,1.01098,1.01157,2.40,1.65
2010.12.27 07:05:27.485,1.01098,1.01156,2.70,1.50
2010.12.27 07:05:28.530,1.01098,1.01152,2.70,2.25
2010.12.27 07:05:30.312,1.01098,1.01152,2.70,2.55
2010.12.27 07:05:31.584,1.01098,1.01152,2.40,2.55
2010.12.27 07:05:32.148,1.01098,1.01152,2.25,2.40
2010.12.27 07:05:32.670,1.01097,1.01153,3.15,2.55
2010.12.27 07:05:34.334,1.01098,1.01153,1.05,2.55
2010.12.27 07:05:35.233,1.01098,1.01153,1.05,6.08
2010.12.27 07:05:36.980,1.01097,1.01153,3.30,2.70
2010.12.27 07:05:38.848,1.01097,1.01153,3.15,2.40
2010.12.27 07:05:39.402,1.01098,1.01152,3.00,2.40
2010.12.27 07:05:39.621,1.0109,1.01153,1.05,2.55
2010.12.27 07:05:39.841,1.01098,1.01152,3.00,2.40
2010.12.27 07:05:40.061,1.0109,1.01152,1.05,2.40
2010.12.27 07:05:40.413,1.01097,1.01153,3.15,2.55
2010.12.27 07:05:42.179,1.01097,1.01153,3.30,2.70
2010.12.27 07:05:53.847,1.01097,1.01153,3.15,6.08
2010.12.27 07:05:54.125,1.01097,1.01153,2.40,2.40
2010.12.27 07:05:54.245,1.0109,1.01156,2.33,2.25
2010.12.27 07:05:55.291,1.0109,1.01157,2.10,1.58
2010.12.27 07:05:56.282,1.0109,1.01157,2.33,1.80
2010.12.27 07:05:59.391,1.01098,1.01157,1.05,1.65
2010.12.27 07:06:02.222,1.01098,1.01157,2.10,1.58
2010.12.27 07:06:16.344,1.01098,1.01157,1.20,1.80
2010.12.27 07:06:16.945,1.01098,1.01157,2.70,1.65
2010.12.27 07:06:17.909,1.01098,1.01157,2.33,1.65
2010.12.27 07:06:33.890,1.01097,1.01156,7.95,1.05
2010.12.27 07:06:35.711,1.01097,1.01157,7.73,1.58
2010.12.27 07:06:35.932,1.01099,1.01166,2.33,1.09
2010.12.27 07:06:36.042,1.01098,1.01168,2.70,2.37
2010.12.27 07:06:36.285,1.01097,1.01167,6.60,4.28
2010.12.27 07:06:36.408,1.011,1.01167,1.05,1.65
2010.12.27 07:06:36.742,1.011,1.01167,2.33,1.65
2010.12.27 07:06:38.302,1.01111,1.01176,1.05,1.65
2010.12.27 07:06:38.411,1.01111,1.01177,1.05,1.65
2010.12.27 07:06:39.932,1.01108,1.01176,1.05,1.65
2010.12.27 07:06:41.184,1.01108,1.01172,2.55,2.25
2010.12.27 07:06:42.181,1.0111,1.01176,1.05,1.65
2010.12.27 07:06:42.558,1.01108,1.01176,3.15,1.65
2010.12.27 07:06:42.672,1.0111,1.01176,1.05,1.65
2010.12.27 07:06:44.262,1.0111,1.01176,2.33,1.65
2010.12.27 07:06:45.585,1.0111,1.01176,1.05,1.80
2010.12.27 07:06:48.714,1.01108,1.01176,1.02,3.98
2010.12.27 07:06:52.220,1.01108,1.01176,1.24,4.20
2010.12.27 07:06:54.751,1.0111,1.01176,1.24,1.05
2010.12.27 07:07:02.951,1.0111,1.01177,2.80,1.80
2010.12.27 07:07:03.283,1.0111,1.01176,1.24,1.05
2010.12.27 07:07:03.391,1.0111,1.01177,2.80,1.80
2010.12.27 07:07:03.720,1.0111,1.01176,1.24,1.05
2010.12.27 07:07:08.782,1.01108,1.01176,1.09,1.77
2010.12.27 07:07:08.892,1.01103,1.01172,2.29,1.58
2010.12.27 07:07:09.331,1.01104,1.01171,1.05,2.40
2010.12.27 07:07:09.751,1.01104,1.01171,2.33,3.00
2010.12.27 07:07:09.972,1.01104,1.01171,1.05,3.15
2010.12.27 07:07:10.190,1.01104,1.01171,2.10,3.08
2010.12.27 07:07:10.743,1.01104,1.01171,1.09,3.08
2010.12.27 07:07:12.124,1.01107,1.01176,6.60,1.65
2010.12.27 07:07:13.961,1.01118,1.01181,2.55,1.05
2010.12.27 07:07:14.562,1.01127,1.01181,2.25,1.80
2010.12.27 07:07:15.239,1.01127,1.01181,2.40,1.80
2010.12.27 07:07:18.222,1.01127,1.01181,2.40,1.65
2010.12.27 07:07:18.802,1.01127,1.01181,2.40,1.80
2010.12.27 07:07:20.221,1.01127,1.01181,2.40,1.65
2010.12.27 07:07:34.424,1.01127,1.01182,2.33,2.97
2010.12.27 07:07:37.205,1.01127,1.01181,2.55,1.05
2010.12.27 07:07:53.452,1.01127,1.01181,2.55,1.65
2010.12.27 07:07:53.783,1.01128,1.01183,1.09,3.15
2010.12.27 07:07:54.063,1.01128,1.01192,3.64,3.15
2010.12.27 07:07:54.174,1.01128,1.01197,4.02,3.15
2010.12.27 07:07:54.392,1.01128,1.01193,1.24,6.08
2010.12.27 07:07:55.034,1.01128,1.01193,1.09,2.55
2010.12.27 07:07:56.222,1.01128,1.01193,1.39,6.08
2010.12.27 07:07:57.215,1.01128,1.01193,1.24,6.45
2010.12.27 07:07:58.497,1.01128,1.01193,3.18,6.08
2010.12.27 07:08:04.546,1.01128,1.01193,1.39,6.45
2010.12.27 07:08:09.613,1.01129,1.01193,2.33,2.70
2010.12.27 07:08:09.832,1.01129,1.01193,1.05,6.45
2010.12.27 07:08:13.451,1.01128,1.01193,1.09,2.55
2010.12.27 07:08:14.143,1.01128,1.012,3.25,2.29
2010.12.27 07:08:15.092,1.0113,1.012,1.05,2.80
2010.12.27 07:08:16.489,1.0113,1.012,2.33,2.37
2010.12.27 07:08:17.360,1.0113,1.012,1.05,2.80
2010.12.27 07:08:29.833,1.0113,1.01186,1.05,2.03
2010.12.27 07:08:29.943,1.01129,1.01176,1.50,1.50
2010.12.27 07:08:30.383,1.01114,1.01172,1.05,2.25
2010.12.27 07:08:30.493,1.01111,1.01172,1.65,2.25
2010.12.27 07:08:30.711,1.01108,1.01172,3.15,2.25
2010.12.27 07:08:32.203,1.01108,1.01172,3.30,2.40
2010.12.27 07:08:32.324,1.01108,1.01172,3.30,2.25
2010.12.27 07:08:33.053,1.0111,1.01177,1.05,1.65
2010.12.27 07:08:34.184,1.01112,1.01177,1.05,1.50
2010.12.27 07:08:34.411,1.01113,1.01177,1.05,1.80
2010.12.27 07:08:38.264,1.01117,1.01177,2.55,1.80
2010.12.27 07:08:40.782,1.01117,1.01177,2.33,1.58
2010.12.27 07:08:41.332,1.01118,1.01177,2.25,1.58
2010.12.27 07:08:41.481,1.01118,1.01177,2.55,1.80
2010.12.27 07:08:45.105,1.01118,1.01177,2.55,1.50
2010.12.27 07:08:45.501,1.01118,1.01177,2.55,1.80
2010.12.27 07:08:46.472,1.01118,1.01176,2.40,1.65
2010.12.27 07:08:47.121,1.01109,1.01177,2.33,3.15
2010.12.27 07:08:49.442,1.01109,1.01172,2.33,2.25
2010.12.27 07:08:49.556,1.01109,1.01172,1.05,2.40
2010.12.27 07:08:49.677,1.01108,1.01173,2.78,2.33
2010.12.27 07:08:49.793,1.01102,1.01172,2.76,1.50
2010.12.27 07:08:49.903,1.01102,1.01171,2.80,1.65
2010.12.27 07:08:50.393,1.01097,1.01162,2.70,2.25
2010.12.27 07:08:50.611,1.01097,1.01162,2.70,2.25
2010.12.27 07:08:50.722,1.01097,1.01161,2.55,1.50
2010.12.27 07:08:51.047,1.01098,1.01162,2.70,1.50
2010.12.27 07:08:51.382,1.01098,1.01162,6.53,1.50
2010.12.27 07:08:51.927,1.01098,1.01162,6.53,1.50
2010.12.27 07:08:53.104,1.011,1.01162,2.70,1.50
2010.12.27 07:08:53.482,1.011,1.01162,1.05,1.69
2010.12.27 07:08:53.703,1.01098,1.01162,6.04,1.58
2010.12.27 07:08:55.203,1.01101,1.01162,2.70,1.50
2010.12.27 07:08:57.222,1.01101,1.01162,2.10,1.50
2010.12.27 07:09:00.472,1.01101,1.01162,2.70,1.50
2010.12.27 07:09:01.213,1.01101,1.01161,2.10,1.50
2010.12.27 07:09:01.390,1.01101,1.01161,2.70,1.50
2010.12.27 07:09:02.751,1.01101,1.01169,2.70,1.65
2010.12.27 07:09:02.972,1.01103,1.01172,2.33,3.90
2010.12.27 07:09:13.324,1.01102,1.01169,1.05,1.05
2010.12.27 07:09:14.228,1.01098,1.01162,3.30,2.25
2010.12.27 07:09:15.078,1.01098,1.01162,7.92,2.25
2010.12.27 07:09:15.192,1.01098,1.01172,2.59,3.08
2010.12.27 07:09:15.411,1.011,1.01172,2.40,2.33
2010.12.27 07:09:15.523,1.011,1.01172,2.37,1.80
2010.12.27 07:09:15.935,1.01108,1.01171,3.15,1.65
2010.12.27 07:09:18.160,1.01108,1.01172,3.15,2.97
2010.12.27 07:09:19.321,1.01108,1.01172,3.08,1.58
2010.12.27 07:09:21.239,1.0111,1.01172,1.05,1.80
2010.12.27 07:09:21.924,1.01118,1.01172,2.40,3.75
2010.12.27 07:09:22.142,1.01111,1.01179,1.05,1.84
2010.12.27 07:09:22.746,1.01111,1.01172,1.05,2.25
2010.12.27 07:09:23.291,1.01109,1.01179,2.78,1.84
2010.12.27 07:09:26.074,1.01111,1.01179,2.33,1.09
2010.12.27 07:09:26.402,1.01118,1.01181,2.44,1.80
2010.12.27 07:09:26.779,1.01118,1.01182,3.34,3.90
2010.12.27 07:09:28.280,1.01118,1.01182,2.74,2.70
2010.12.27 07:09:29.352,1.01118,1.01182,2.74,6.08
2010.12.27 07:09:30.169,1.01118,1.01182,6.27,2.55
2010.12.27 07:09:31.502,1.01121,1.01188,1.05,2.74
2010.12.27 07:09:47.421,1.01121,1.01189,2.80,2.37
2010.12.27 07:09:48.389,1.01121,1.01189,1.24,2.80
2010.12.27 07:09:50.573,1.01121,1.01189,2.80,2.37
2010.12.27 07:09:51.692,1.01121,1.01189,1.24,2.52
2010.12.27 07:09:54.391,1.01121,1.01189,2.80,1.24
2010.12.27 07:09:54.732,1.01121,1.01189,1.09,2.58
2010.12.27 07:10:02.351,1.0112,1.0119,2.80,2.37
2010.12.27 07:10:04.412,1.0112,1.0119,2.37,2.80
2010.12.27 07:10:06.281,1.0112,1.01188,2.80,1.30
2010.12.27 07:10:07.608,1.01121,1.0119,1.30,2.80
2010.12.27 07:10:09.242,1.0112,1.01188,2.80,1.30
2010.12.27 07:10:09.690,1.01129,1.01191,1.69,2.33
2010.12.27 07:10:09.804,1.01131,1.01191,1.05,1.05
2010.12.27 07:10:10.281,1.0113,1.01191,1.09,2.33
2010.12.27 07:10:10.902,1.01131,1.01187,1.05,1.80
2010.12.27 07:10:11.013,1.0113,1.01187,1.09,1.65
2010.12.27 07:10:12.066,1.01128,1.01187,2.89,1.80
2010.12.27 07:10:12.282,1.01137,1.01192,2.52,1.58
2010.12.27 07:10:12.503,1.01138,1.01192,2.52,2.33
2010.12.27 07:10:12.946,1.01138,1.01192,2.59,3.83
2010.12.27 07:10:13.282,1.01138,1.01191,2.59,1.65
2010.12.27 07:10:13.503,1.01138,1.01192,2.40,3.75
2010.12.27 07:10:13.984,1.0113,1.01192,1.09,1.80
2010.12.27 07:10:14.093,1.0113,1.01198,1.47,2.74
2010.12.27 07:10:14.201,1.0113,1.012,1.47,1.84
2010.12.27 07:10:14.312,1.01145,1.01202,1.32,1.05
2010.12.27 07:10:14.423,1.01148,1.01207,3.94,1.80
2010.12.27 07:10:14.686,1.01148,1.01219,3.19,3.74
2010.12.27 07:10:14.912,1.01148,1.01211,3.19,2.33
2010.12.27 07:10:15.022,1.01147,1.01211,3.00,2.80
2010.12.27 07:10:15.281,1.01141,1.01211,1.09,4.68
2010.12.27 07:10:16.326,1.01141,1.0121,1.09,2.80
2010.12.27 07:10:16.441,1.01146,1.01211,1.09,4.24
2010.12.27 07:10:17.038,1.01148,1.01211,2.25,4.24
2010.12.27 07:10:18.261,1.01148,1.01211,2.40,2.80
2010.12.27 07:10:19.253,1.01148,1.01211,2.55,2.80
2010.12.27 07:10:24.503,1.01157,1.01212,1.09,7.95
2010.12.27 07:10:24.724,1.01159,1.01221,1.50,6.49
2010.12.27 07:10:24.942,1.01152,1.01216,1.02,5.97
2010.12.27 07:10:25.163,1.01157,1.01216,2.40,2.37
2010.12.27 07:10:25.693,1.01157,1.01216,2.55,4.24
2010.12.27 07:10:25.913,1.01157,1.01216,2.40,4.24
2010.12.27 07:10:26.246,1.01148,1.01209,1.05,2.37
2010.12.27 07:10:26.654,1.01147,1.01206,6.08,2.44
2010.12.27 07:10:26.763,1.01147,1.01206,2.55,2.59
2010.12.27 07:10:27.093,1.01141,1.01203,2.33,2.59
2010.12.27 07:10:27.203,1.01148,1.01202,2.33,2.52
2010.12.27 07:10:27.643,1.01147,1.01207,3.34,1.50
2010.12.27 07:10:27.973,1.01168,1.01221,2.25,1.80
2010.12.27 07:10:28.282,1.01158,1.01221,1.69,1.05
2010.12.27 07:10:28.394,1.01159,1.01221,1.69,1.80
2010.12.27 07:10:29.202,1.01161,1.01221,1.02,1.65
2010.12.27 07:10:29.581,1.01168,1.01221,2.25,1.65
2010.12.27 07:10:29.925,1.01168,1.01222,2.25,1.80
2010.12.27 07:10:30.154,1.01159,1.01221,2.59,1.65
2010.12.27 07:10:30.265,1.01159,1.01219,1.28,1.09
2010.12.27 07:10:30.561,1.01149,1.01212,4.09,1.58
2010.12.27 07:10:30.679,1.01149,1.01212,1.84,1.65
2010.12.27 07:10:31.081,1.01149,1.01208,1.65,1.09
2010.12.27 07:10:31.292,1.01149,1.01204,1.50,1.32
2010.12.27 07:10:31.409,1.01137,1.01193,2.40,2.25
2010.12.27 07:10:31.632,1.01137,1.01193,2.40,3.00
2010.12.27 07:10:32.334,1.01137,1.01193,2.40,3.00
2010.12.27 07:10:33.314,1.01137,1.01193,2.55,3.15
2010.12.27 07:10:33.923,1.01147,1.01201,2.40,2.25
2010.12.27 07:10:34.143,1.01147,1.01202,2.40,2.40
2010.12.27 07:10:35.682,1.0115,1.01202,1.24,4.50
2010.12.27 07:10:36.252,1.01151,1.01202,2.37,1.50
2010.12.27 07:10:36.581,1.01148,1.01202,6.93,1.50
2010.12.27 07:10:36.911,1.01148,1.01202,1.99,1.50
2010.12.27 07:10:37.241,1.01148,1.01202,5.05,1.50
2010.12.27 07:10:37.503,1.01148,1.01202,1.99,1.50
2010.12.27 07:10:38.372,1.01148,1.01202,4.62,1.80
2010.12.27 07:10:39.571,1.01151,1.01202,1.09,1.50
2010.12.27 07:10:41.013,1.01148,1.01202,4.39,1.50
2010.12.27 07:10:44.764,1.01148,1.01202,4.62,1.80
2010.12.27 07:10:49.211,1.01149,1.01202,1.80,1.84
2010.12.27 07:10:49.432,1.01147,1.01202,2.40,2.59
2010.12.27 07:10:51.351,1.01139,1.01201,2.33,2.40
2010.12.27 07:10:54.076,1.01139,1.01198,2.33,1.09
2010.12.27 07:10:54.192,1.01139,1.01198,1.05,1.24
2010.12.27 07:10:56.883,1.01137,1.01198,3.30,1.24
2010.12.27 07:10:57.431,1.01134,1.01192,1.65,3.34
2010.12.27 07:10:57.838,1.01137,1.01193,2.55,2.59
2010.12.27 07:11:00.116,1.01137,1.01193,2.70,2.74
2010.12.27 07:11:01.968,1.01137,1.01193,2.40,6.15
2010.12.27 07:11:02.506,1.01137,1.01193,2.70,2.74
2010.12.27 07:11:03.979,1.01137,1.01193,2.55,6.49
2010.12.27 07:11:05.503,1.01137,1.01193,3.30,2.74
2010.12.27 07:11:06.781,1.01139,1.01196,1.05,1.84
2010.12.27 07:11:09.424,1.01139,1.01196,2.33,1.84
2010.12.27 07:11:09.771,1.01139,1.01196,2.33,1.50
2010.12.27 07:11:12.662,1.01148,1.01196,2.25,1.65
2010.12.27 07:11:12.773,1.01148,1.01192,2.25,1.50
2010.12.27 07:11:13.155,1.01148,1.01192,2.33,1.50
2010.12.27 07:11:17.081,1.01148,1.01192,2.55,1.50
2010.12.27 07:11:17.615,1.01148,1.01206,3.30,1.09
2010.12.27 07:11:18.637,1.01148,1.01203,3.30,1.09
2010.12.27 07:11:19.059,1.01148,1.01207,7.99,2.40
2010.12.27 07:11:20.501,1.01149,1.01206,1.24,2.40
2010.12.27 07:11:22.137,1.01149,1.01197,1.09,1.58
2010.12.27 07:11:26.544,1.01148,1.01197,2.55,1.50
2010.12.27 07:11:26.652,1.01148,1.01197,2.40,1.65
2010.12.27 07:11:28.312,1.01138,1.01196,2.74,1.65
2010.12.27 07:11:32.220,1.01138,1.01196,2.74,1.80
2010.12.27 07:11:33.629,1.01138,1.01196,2.74,1.80
2010.12.27 07:11:35.283,1.01137,1.01193,6.49,2.40
2010.12.27 07:11:37.256,1.01137,1.01193,6.27,2.55
2010.12.27 07:11:47.442,1.01137,1.01193,2.55,2.74
2010.12.27 07:11:49.208,1.01137,1.01192,6.08,1.99
2010.12.27 07:11:50.961,1.01137,1.01192,2.55,1.99
2010.12.27 07:11:52.721,1.01137,1.01192,6.08,1.99
2010.12.27 07:11:56.872,1.01137,1.01192,2.70,1.69
2010.12.27 07:11:57.562,1.01138,1.01192,2.55,1.50
2010.12.27 07:11:59.307,1.01138,1.01192,6.08,1.50
2010.12.27 07:12:09.303,1.01138,1.01192,6.83,1.50
2010.12.27 07:12:11.610,1.01138,1.01192,6.08,1.50
2010.12.27 07:12:13.090,1.01138,1.01192,2.40,1.50
2010.12.27 07:12:13.423,1.01127,1.01187,6.93,1.50
2010.12.27 07:12:15.313,1.01127,1.01187,6.93,1.65
2010.12.27 07:12:15.422,1.01127,1.01186,2.48,1.02
2010.12.27 07:12:15.953,1.01124,1.01181,3.98,1.50
2010.12.27 07:12:18.233,1.01124,1.01181,4.20,1.65
2010.12.27 07:12:28.692,1.0113,1.01182,1.05,1.50
2010.12.27 07:12:28.913,1.01134,1.01181,1.05,1.50
2010.12.27 07:12:29.242,1.01137,1.01197,2.55,1.99
2010.12.27 07:12:29.591,1.01137,1.01197,2.40,1.99
2010.12.27 07:12:29.703,1.01137,1.01196,2.55,1.99
2010.12.27 07:12:30.888,1.01137,1.01196,6.08,4.24
2010.12.27 07:12:38.691,1.01138,1.01197,2.74,1.80
2010.12.27 07:12:38.913,1.01139,1.01196,1.24,1.50
2010.12.27 07:12:39.472,1.01147,1.01197,2.55,1.65
2010.12.27 07:12:39.801,1.01147,1.01197,2.40,1.80
2010.12.27 07:12:41.248,1.0114,1.01197,1.05,1.95
2010.12.27 07:12:43.376,1.0114,1.01197,1.05,1.65
2010.12.27 07:12:44.894,1.01137,1.01196,5.85,1.65
2010.12.27 07:12:45.441,1.01137,1.01196,2.70,1.80
2010.12.27 07:12:50.666,1.01133,1.01192,1.09,1.65
2010.12.27 07:12:53.279,1.01129,1.01191,1.05,1.65
2010.12.27 07:12:53.722,1.01128,1.01186,2.55,1.65
2010.12.27 07:12:53.944,1.01123,1.01186,1.24,1.50
2010.12.27 07:12:55.184,1.0113,1.01186,1.05,1.50
2010.12.27 07:12:55.933,1.01136,1.01186,1.05,1.50
2010.12.27 07:12:56.715,1.01137,1.01196,2.55,2.93
2010.12.27 07:12:56.833,1.01137,1.01198,2.55,1.24
2010.12.27 07:12:57.271,1.01137,1.01196,2.55,1.05
2010.12.27 07:12:57.926,1.01138,1.01192,2.55,3.15
2010.12.27 07:12:58.047,1.01127,1.01192,6.08,1.09
2010.12.27 07:12:58.162,1.01127,1.01191,6.08,2.37
2010.12.27 07:12:59.286,1.01127,1.01189,6.45,1.09
2010.12.27 07:13:02.283,1.01127,1.01193,6.64,2.74
2010.12.27 07:13:02.577,1.01138,1.01196,2.59,1.84
2010.12.27 07:13:03.795,1.01138,1.01196,2.89,1.84
2010.12.27 07:13:04.355,1.01138,1.01196,2.59,4.24
2010.12.27 07:13:05.022,1.0113,1.01196,3.27,1.84
2010.12.27 07:13:05.463,1.01137,1.01196,2.25,2.37
2010.12.27 07:13:05.663,1.01131,1.01196,1.28,4.24
2010.12.27 07:13:05.777,1.01129,1.01196,1.24,2.59
2010.12.27 07:13:05.896,1.01129,1.01196,1.09,6.12
2010.12.27 07:13:06.264,1.01131,1.01196,1.05,2.59
2010.12.27 07:13:08.273,1.01129,1.01196,1.09,6.12
2010.12.27 07:13:09.301,1.01129,1.01196,1.38,5.97
2010.12.27 07:13:16.086,1.01131,1.01196,2.33,2.44
2010.12.27 07:13:19.164,1.01138,1.01196,2.55,1.84
2010.12.27 07:13:23.201,1.01137,1.01193,2.55,3.15
2010.12.27 07:13:24.216,1.01137,1.01191,2.55,1.65
2010.12.27 07:13:25.207,1.01137,1.01191,2.55,1.80
2010.12.27 07:13:28.114,1.01132,1.0119,1.05,1.69
2010.12.27 07:13:28.230,1.01127,1.01182,2.74,1.50
2010.12.27 07:13:28.454,1.01127,1.01177,2.40,1.50
2010.12.27 07:13:28.824,1.01127,1.01171,2.40,1.50
2010.12.27 07:13:31.290,1.01127,1.01171,2.55,1.50
2010.12.27 07:13:31.957,1.01127,1.01171,2.70,1.50
2010.12.27 07:13:35.452,1.01127,1.01171,2.40,1.50
2010.12.27 07:13:36.124,1.01119,1.01171,1.80,1.69
2010.12.27 07:13:36.342,1.01117,1.01172,2.48,1.69
2010.12.27 07:13:36.989,1.01117,1.01166,2.70,1.50
2010.12.27 07:13:43.333,1.01117,1.01179,2.89,2.37
2010.12.27 07:13:45.682,1.01117,1.01176,6.93,1.09
2010.12.27 07:13:47.239,1.01117,1.01176,6.93,1.09
2010.12.27 07:13:48.505,1.01117,1.01176,6.93,1.09
2010.12.27 07:13:49.159,1.01117,1.01172,6.93,1.50
2010.12.27 07:13:49.833,1.01127,1.01172,2.55,1.50
2010.12.27 07:13:50.872,1.01127,1.01172,2.55,1.50
2010.12.27 07:13:52.201,1.01127,1.01172,2.70,1.50
2010.12.27 07:14:00.761,1.01127,1.01172,2.70,1.50
2010.12.27 07:14:02.979,1.01127,1.01172,2.55,1.50
2010.12.27 07:14:04.904,1.01127,1.01172,6.45,1.50
2010.12.27 07:14:07.293,1.01127,1.01172,6.45,1.50
2010.12.27 07:14:08.411,1.01127,1.01182,6.45,2.89
2010.12.27 07:14:08.521,1.01127,1.01183,6.45,3.34
2010.12.27 07:14:08.742,1.01118,1.01173,1.05,3.19
2010.12.27 07:14:09.038,1.01107,1.0117,4.09,1.09
2010.12.27 07:14:09.263,1.01104,1.01166,1.05,1.69
2010.12.27 07:14:09.605,1.01103,1.01169,1.09,1.09
2010.12.27 07:14:10.006,1.01097,1.01164,6.49,1.09
2010.12.27 07:14:10.396,1.01096,1.01162,1.05,3.34
2010.12.27 07:14:10.723,1.01098,1.01159,6.45,1.69
2010.12.27 07:14:10.942,1.01098,1.01161,2.70,1.69
2010.12.27 07:14:11.161,1.01098,1.01161,2.70,1.69
2010.12.27 07:14:11.368,1.01098,1.01161,5.85,1.69
2010.12.27 07:14:12.087,1.01098,1.01161,6.45,1.69
2010.12.27 07:14:13.316,1.01098,1.01161,6.83,1.84
2010.12.27 07:14:14.003,1.01108,1.01157,1.09,1.50
2010.12.27 07:14:14.112,1.01108,1.01157,2.74,1.50
2010.12.27 07:14:14.410,1.01108,1.01157,1.09,1.50
2010.12.27 07:14:14.746,1.01112,1.01167,1.09,1.80
2010.12.27 07:14:14.975,1.01112,1.0117,1.09,1.05
2010.12.27 07:14:15.085,1.01118,1.01172,2.59,1.65
2010.12.27 07:14:16.152,1.01118,1.01172,6.49,1.65
2010.12.27 07:14:17.212,1.01118,1.01171,6.93,1.50
2010.12.27 07:14:17.664,1.01118,1.01171,6.12,1.65
2010.12.27 07:14:18.132,1.01118,1.01172,6.93,1.65
2010.12.27 07:14:19.014,1.0112,1.01171,2.37,1.65
2010.12.27 07:14:19.123,1.0112,1.01171,2.37,1.50
2010.12.27 07:14:19.337,1.0112,1.01171,2.40,1.50
2010.12.27 07:14:22.196,1.01119,1.01181,2.40,1.50
2010.12.27 07:14:22.317,1.01118,1.01176,2.59,1.50
2010.12.27 07:14:22.877,1.01117,1.01177,2.55,1.50
2010.12.27 07:14:23.104,1.0111,1.01176,2.74,1.50
2010.12.27 07:14:23.214,1.0111,1.01171,2.37,1.50
2010.12.27 07:14:23.544,1.01113,1.01172,1.20,1.84
2010.12.27 07:14:23.804,1.01103,1.0117,2.76,1.50
2010.12.27 07:14:23.913,1.011,1.01167,2.74,1.50
2010.12.27 07:14:24.242,1.01099,1.01167,2.76,2.33
2010.12.27 07:14:25.108,1.01099,1.01167,2.76,2.25
2010.12.27 07:14:25.496,1.01098,1.01167,7.95,3.19
2010.12.27 07:14:25.942,1.01095,1.01161,1.30,1.69
2010.12.27 07:14:26.092,1.01093,1.01161,3.18,1.69
2010.12.27 07:14:26.205,1.01092,1.01157,1.30,1.50
2010.12.27 07:14:26.422,1.01089,1.01156,2.74,2.25
2010.12.27 07:14:27.021,1.01089,1.01156,4.28,1.50
2010.12.27 07:14:27.364,1.01093,1.01156,1.30,1.50
2010.12.27 07:14:27.582,1.01099,1.01156,1.09,1.50
2010.12.27 07:14:27.912,1.01108,1.01157,2.25,1.65
2010.12.27 07:14:28.243,1.01099,1.01157,2.33,1.50
2010.12.27 07:14:28.359,1.01108,1.01156,2.40,1.50
2010.12.27 07:14:28.904,1.01107,1.01156,2.40,1.50
2010.12.27 07:14:29.122,1.01107,1.01157,2.55,1.65
2010.12.27 07:14:29.903,1.01107,1.01157,2.59,1.65
2010.12.27 07:14:30.293,1.01108,1.01157,1.09,1.65
2010.12.27 07:14:30.622,1.01118,1.01172,2.25,2.89
2010.12.27 07:14:30.733,1.01118,1.01172,2.44,2.70
2010.12.27 07:14:30.843,1.01128,1.01177,2.25,1.65
2010.12.27 07:14:31.742,1.01128,1.01176,2.25,1.69
2010.12.27 07:14:31.963,1.01117,1.01176,2.52,1.77
2010.12.27 07:14:32.723,1.01117,1.01176,2.74,1.69
2010.12.27 07:14:34.372,1.01117,1.01176,6.49,1.69
2010.12.27 07:14:35.791,1.01117,1.01176,2.70,2.44
2010.12.27 07:14:36.012,1.01117,1.01175,2.55,1.09
2010.12.27 07:14:36.624,1.01118,1.01172,2.40,2.59
2010.12.27 07:14:37.244,1.01118,1.01172,2.55,2.44
2010.12.27 07:14:38.257,1.01118,1.01172,2.55,2.59
2010.12.27 07:14:39.603,1.01118,1.01172,2.40,2.44
2010.12.27 07:14:39.822,1.01118,1.01177,2.59,2.59
2010.12.27 07:14:40.493,1.01118,1.01177,2.59,1.69
2010.12.27 07:14:40.602,1.01116,1.01176,1.05,1.69
2010.12.27 07:14:40.714,1.01113,1.01176,1.24,1.84
2010.12.27 07:14:41.003,1.01128,1.01177,2.44,1.80
2010.12.27 07:14:42.062,1.01128,1.01177,3.19,1.80
2010.12.27 07:14:42.174,1.01128,1.01177,3.19,1.50
2010.12.27 07:14:42.753,1.01128,1.01177,4.69,1.50
2010.12.27 07:14:45.273,1.0113,1.01177,2.37,1.50
2010.12.27 07:14:46.315,1.0113,1.01177,1.09,1.50
2010.12.27 07:14:47.574,1.0113,1.01177,2.37,1.50
2010.12.27 07:14:47.859,1.0113,1.01192,2.37,1.99
2010.12.27 07:14:50.255,1.0113,1.01187,1.02,1.65
2010.12.27 07:14:54.393,1.0113,1.01187,2.37,1.65
2010.12.27 07:14:54.836,1.01128,1.01187,3.15,1.65
2010.12.27 07:14:55.104,1.01128,1.01187,3.00,1.65
2010.12.27 07:14:55.217,1.01124,1.01187,1.09,1.65
2010.12.27 07:14:55.447,1.01123,1.01182,1.09,2.52
2010.12.27 07:14:55.563,1.01119,1.01182,4.65,4.02
2010.12.27 07:14:55.674,1.01119,1.01181,4.65,1.02
2010.12.27 07:14:56.856,1.01118,1.01182,10.47,11.78
2010.12.27 07:14:58.294,1.01121,1.01181,1.05,4.68
2010.12.27 07:15:09.192,1.01122,1.01181,1.05,4.68
2010.12.27 07:15:09.304,1.01122,1.01182,1.05,12.18
2010.12.27 07:15:09.411,1.01118,1.01182,10.54,2.52
2010.12.27 07:15:10.432,1.01124,1.01182,1.09,1.99
2010.12.27 07:15:17.754,1.01127,1.01182,3.15,1.58
2010.12.27 07:15:19.042,1.01127,1.01192,3.15,1.84
2010.12.27 07:15:19.472,1.01128,1.01192,2.70,1.84
2010.12.27 07:15:20.076,1.01118,1.01182,2.70,2.44
2010.12.27 07:15:21.246,1.01121,1.01186,1.05,1.84
2010.12.27 07:15:22.232,1.01121,1.01186,1.24,1.50
2010.12.27 07:15:22.452,1.01117,1.01186,2.70,1.69
2010.12.27 07:15:24.217,1.01117,1.01183,6.08,2.59
2010.12.27 07:15:24.724,1.01117,1.01183,2.48,2.59
2010.12.27 07:15:26.218,1.01117,1.01183,5.85,2.52
2010.12.27 07:15:26.793,1.01117,1.01183,2.55,6.12
2010.12.27 07:15:27.014,1.01117,1.01183,6.49,3.15
2010.12.27 07:15:27.395,1.01128,1.01187,2.25,1.69
2010.12.27 07:15:27.612,1.01123,1.01187,1.80,1.69
2010.12.27 07:15:27.722,1.01122,1.01187,1.05,1.84
2010.12.27 07:15:29.304,1.0112,1.01187,2.80,1.84
2010.12.27 07:15:29.925,1.01118,1.01187,4.45,2.44
2010.12.27 07:15:31.503,1.01121,1.01187,2.80,1.84
2010.12.27 07:15:32.774,1.01117,1.01181,2.40,1.02
2010.12.27 07:15:33.322,1.01117,1.01181,2.55,1.09
2010.12.27 07:15:34.460,1.01117,1.01181,2.40,1.09
2010.12.27 07:15:34.906,1.01117,1.01181,2.40,2.37
2010.12.27 07:15:35.221,1.01117,1.01181,2.55,1.09
2010.12.27 07:15:36.125,1.01117,1.01181,6.08,1.09
2010.12.27 07:15:38.973,1.01117,1.01185,6.49,1.09
2010.12.27 07:15:40.854,1.01127,1.01186,2.40,2.37
2010.12.27 07:15:42.196,1.01127,1.01186,2.74,1.80
2010.12.27 07:15:43.300,1.01127,1.01186,2.67,1.65
2010.12.27 07:15:44.295,1.01127,1.01186,6.93,1.65
2010.12.27 07:15:44.429,1.01127,1.01186,2.59,1.58
2010.12.27 07:15:44.721,1.01127,1.01186,2.89,1.65
2010.12.27 07:15:45.743,1.01128,1.01186,2.37,1.50
2010.12.27 07:15:46.732,1.01128,1.01186,2.74,1.84
2010.12.27 07:15:48.345,1.01128,1.01186,2.89,1.24
2010.12.27 07:15:49.202,1.01122,1.01173,1.77,2.25
2010.12.27 07:15:49.312,1.01118,1.01173,1.58,3.19
2010.12.27 07:15:50.158,1.01108,1.01171,6.33,1.69
2010.12.27 07:15:50.548,1.01107,1.01163,2.70,3.19
2010.12.27 07:15:51.203,1.01103,1.01162,2.70,3.94
2010.12.27 07:15:51.313,1.01103,1.01162,2.29,3.94
2010.12.27 07:15:51.752,1.01099,1.01161,2.80,3.19
2010.12.27 07:15:58.392,1.01099,1.01157,2.80,1.24
2010.12.27 07:16:00.122,1.01099,1.01158,2.80,1.09
2010.12.27 07:16:01.404,1.01107,1.01161,2.40,1.80
2010.12.27 07:16:03.315,1.01107,1.01161,2.55,1.80
2010.12.27 07:16:05.653,1.01107,1.01161,6.08,1.65
2010.12.27 07:16:08.123,1.01107,1.01161,3.30,1.80
2010.12.27 07:16:11.439,1.01107,1.01161,3.30,1.80
2010.12.27 07:16:16.387,1.01107,1.01161,7.95,1.65
2010.12.27 07:16:17.145,1.01108,1.01161,1.05,1.80
2010.12.27 07:16:22.106,1.01107,1.01161,3.30,1.65
2010.12.27 07:16:22.366,1.01104,1.01158,1.80,1.09
2010.12.27 07:16:24.237,1.01099,1.01157,2.80,1.09
2010.12.27 07:16:24.561,1.01099,1.01154,2.37,1.05
2010.12.27 07:16:27.203,1.01099,1.01157,1.09,1.30
2010.12.27 07:16:27.516,1.01098,1.0116,13.62,1.05
2010.12.27 07:16:30.322,1.01107,1.01161,2.55,1.05
2010.12.27 07:16:32.650,1.01108,1.01161,1.09,1.05
2010.12.27 07:16:32.873,1.01108,1.01162,1.24,1.65
2010.12.27 07:16:32.982,1.01109,1.01162,1.09,1.65
2010.12.27 07:16:33.201,1.01108,1.01162,2.74,1.65
2010.12.27 07:16:35.254,1.01108,1.01162,6.12,1.65
2010.12.27 07:16:56.152,1.01109,1.01162,1.15,1.50
2010.12.27 07:16:56.706,1.01113,1.01173,1.47,1.30
2010.12.27 07:16:56.815,1.01124,1.01176,1.32,2.25
2010.12.27 07:16:56.977,1.01124,1.01177,1.32,1.65
2010.12.27 07:16:57.099,1.01118,1.01177,2.82,1.65
2010.12.27 07:16:57.213,1.01118,1.01177,2.97,1.65
2010.12.27 07:16:58.215,1.01118,1.01176,3.12,1.05
2010.12.27 07:16:58.850,1.01118,1.01177,3.72,1.65
2010.12.27 07:16:58.975,1.01118,1.01171,3.00,1.09
2010.12.27 07:16:59.096,1.0111,1.01171,1.09,1.09
2010.12.27 07:16:59.214,1.01107,1.01171,6.72,1.09
2010.12.27 07:17:00.374,1.01109,1.01171,1.43,1.24
2010.12.27 07:17:03.191,1.01109,1.01171,1.43,2.52
2010.12.27 07:17:20.403,1.01109,1.01173,3.30,8.74
2010.12.27 07:17:22.224,1.01114,1.01176,3.30,6.49
2010.12.27 07:17:23.253,1.01114,1.01171,1.05,1.47
2010.12.27 07:17:25.170,1.0111,1.01171,1.86,1.62
2010.12.27 07:17:26.284,1.01108,1.01171,2.59,3.34
2010.12.27 07:17:41.091,1.01108,1.01171,2.74,3.30
2010.12.27 07:17:42.213,1.01108,1.01171,1.24,3.45
2010.12.27 07:17:44.765,1.01107,1.01171,6.87,3.30
2010.12.27 07:17:46.220,1.01107,1.01171,6.87,3.68
2010.12.27 07:17:49.734,1.0111,1.01171,1.86,3.30
2010.12.27 07:17:50.163,1.01108,1.01171,2.74,3.68
2010.12.27 07:18:06.237,1.0111,1.01171,1.86,1.62
2010.12.27 07:18:06.349,1.01107,1.01171,6.87,3.68
2010.12.27 07:18:06.956,1.01116,1.01173,2.59,6.45
2010.12.27 07:18:07.076,1.01116,1.01173,2.70,2.33
2010.12.27 07:18:07.195,1.01119,1.01177,1.02,1.65
2010.12.27 07:18:07.803,1.01123,1.01189,1.77,2.76
2010.12.27 07:18:07.913,1.01122,1.01196,1.32,1.24
2010.12.27 07:18:08.482,1.01122,1.01196,1.39,2.22
2010.12.27 07:18:09.163,1.01123,1.01196,1.09,2.52
2010.12.27 07:18:10.243,1.01123,1.01196,1.24,2.52
2010.12.27 07:18:10.571,1.01123,1.01196,1.24,2.37
2010.12.27 07:18:10.794,1.0112,1.01195,1.65,2.52
2010.12.27 07:18:11.152,1.01117,1.01189,1.24,1.47
2010.12.27 07:18:11.267,1.01114,1.01189,1.99,1.62
2010.12.27 07:18:11.666,1.01121,1.01188,1.13,1.30
2010.12.27 07:18:12.922,1.01117,1.01187,7.15,1.28
2010.12.27 07:18:14.392,1.01117,1.01185,6.78,1.05
2010.12.27 07:18:15.295,1.01117,1.01187,2.97,1.84
2010.12.27 07:18:15.691,1.01118,1.01185,1.05,1.05
2010.12.27 07:18:31.439,1.01117,1.01185,6.78,2.33
2010.12.27 07:18:32.076,1.01121,1.01188,2.40,1.19
2010.12.27 07:18:32.302,1.01121,1.01187,1.28,1.77
2010.12.27 07:18:32.437,1.01121,1.01188,2.55,1.30
2010.12.27 07:18:33.182,1.01121,1.01187,1.28,1.77
2010.12.27 07:18:33.412,1.01121,1.01188,2.55,1.53
2010.12.27 07:18:33.634,1.01121,1.01187,1.28,1.77
2010.12.27 07:18:34.073,1.01121,1.01188,2.55,1.53
2010.12.27 07:18:34.183,1.01121,1.01187,1.28,1.39
2010.12.27 07:18:34.512,1.01121,1.01188,2.55,1.53
2010.12.27 07:18:34.732,1.01121,1.01187,1.28,1.77
2010.12.27 07:18:34.951,1.01121,1.01188,2.55,1.53
2010.12.27 07:18:35.070,1.01121,1.01187,1.28,1.39
2010.12.27 07:18:35.432,1.01121,1.01188,2.55,1.30
2010.12.27 07:19:22.902,1.01117,1.01185,6.30,2.37
2010.12.27 07:19:23.232,1.01118,1.01181,2.93,1.84
2010.12.27 07:19:23.453,1.01118,1.01182,2.93,3.87
2010.12.27 07:19:26.094,1.01115,1.01182,1.09,3.12
2010.12.27 07:19:29.220,1.01113,1.01175,1.09,1.05
2010.12.27 07:20:02.432,1.01113,1.01181,2.70,1.47
2010.12.27 07:20:02.542,1.01113,1.01181,2.70,1.47
2010.12.27 07:20:04.135,1.01109,1.01178,2.59,1.05
2010.12.27 07:20:04.242,1.01109,1.01178,1.09,1.05
2010.12.27 07:20:04.463,1.01109,1.01177,4.62,1.28
2010.12.27 07:20:04.792,1.01113,1.01173,1.47,3.15
2010.12.27 07:20:05.191,1.01113,1.01173,1.13,2.59
2010.12.27 07:20:06.172,1.01113,1.01173,2.93,2.59
2010.12.27 07:20:06.683,1.01113,1.01171,1.05,1.32
2010.12.27 07:20:07.867,1.01108,1.01171,1.53,2.07
2010.12.27 07:20:08.553,1.01108,1.01168,1.15,1.09
2010.12.27 07:20:08.664,1.0111,1.01172,2.59,4.05
2010.12.27 07:20:08.967,1.01114,1.01171,1.13,1.84
2010.12.27 07:20:09.294,1.01104,1.01163,3.27,2.25
2010.12.27 07:20:09.622,1.01104,1.01167,3.45,1.47
2010.12.27 07:20:09.734,1.01104,1.01166,2.74,1.09
2010.12.27 07:20:09.953,1.01108,1.01169,1.15,1.09
2010.12.27 07:20:10.443,1.0111,1.01171,1.43,1.28
2010.12.27 07:20:10.554,1.01108,1.01169,6.34,1.05
2010.12.27 07:20:10.854,1.0111,1.01171,1.05,1.09
2010.12.27 07:20:10.963,1.01109,1.01171,1.28,1.24
2010.12.27 07:20:11.293,1.01104,1.01162,1.80,2.25
2010.12.27 07:20:11.563,1.01104,1.01162,1.43,2.25
2010.12.27 07:20:11.843,1.01104,1.01162,1.39,2.44
2010.12.27 07:20:12.068,1.01102,1.01162,1.19,2.52
2010.12.27 07:20:12.515,1.01104,1.01162,1.39,2.44
2010.12.27 07:20:13.201,1.01104,1.01162,1.39,2.74
2010.12.27 07:20:24.137,1.01103,1.01159,1.15,1.05
2010.12.27 07:20:36.382,1.01103,1.01162,1.15,3.34
2010.12.27 07:20:39.240,1.01099,1.01159,1.80,1.05
2010.12.27 07:20:39.693,1.011,1.01162,1.09,3.04
2010.12.27 07:20:42.286,1.01104,1.01162,1.39,2.74
2010.12.27 07:20:43.933,1.01103,1.0116,1.53,1.05
2010.12.27 07:20:59.952,1.01104,1.01162,1.39,3.49
2010.12.27 07:21:04.791,1.01104,1.01162,1.39,3.49
2010.12.27 07:21:05.115,1.011,1.01161,1.80,1.28
2010.12.27 07:21:05.400,1.01094,1.01152,1.39,2.44
2010.12.27 07:21:05.732,1.01094,1.01152,1.17,3.27
2010.12.27 07:21:07.206,1.01094,1.01152,1.39,3.34
2010.12.27 07:21:08.278,1.01094,1.01152,1.77,2.44
2010.12.27 07:21:11.192,1.01094,1.01152,1.39,2.59
2010.12.27 07:21:16.006,1.01094,1.01152,1.39,2.74
2010.12.27 07:21:16.402,1.01092,1.01152,1.19,2.59
2010.12.27 07:21:16.612,1.01094,1.01152,1.39,2.59
2010.12.27 07:21:17.683,1.01097,1.01156,1.24,1.50
2010.12.27 07:21:17.904,1.01097,1.01157,1.24,2.25
2010.12.27 07:21:18.913,1.01097,1.01157,1.24,1.50
2010.12.27 07:21:19.441,1.01097,1.01157,1.24,2.25
2010.12.27 07:21:22.703,1.01099,1.01159,1.86,1.69
2010.12.27 07:21:23.033,1.01099,1.01158,1.15,1.09
2010.12.27 07:21:24.241,1.01103,1.01163,1.05,2.55
2010.12.27 07:21:25.256,1.01102,1.01163,1.05,2.70
2010.12.27 07:21:26.478,1.01105,1.01163,1.39,2.55
2010.12.27 07:21:28.314,1.011,1.01161,1.39,1.32
2010.12.27 07:21:28.714,1.01098,1.01161,1.15,2.22
2010.12.27 07:21:28.933,1.01095,1.01152,1.39,2.44
2010.12.27 07:21:29.416,1.01093,1.01152,1.05,2.74
2010.12.27 07:21:30.629,1.01095,1.01152,1.39,2.59
2010.12.27 07:21:30.829,1.01093,1.01152,1.05,2.74
2010.12.27 07:21:32.455,1.01093,1.01152,1.05,6.49
2010.12.27 07:21:33.129,1.01095,1.01152,1.39,2.74
2010.12.27 07:21:36.918,1.01092,1.01152,1.19,5.97
2010.12.27 07:21:38.062,1.01095,1.01151,1.39,1.09
2010.12.27 07:21:49.685,1.01095,1.01152,1.77,3.19
2010.12.27 07:21:49.963,1.0109,1.01152,1.58,2.82
2010.12.27 07:21:50.184,1.01087,1.01151,1.05,2.07
2010.12.27 07:21:50.293,1.01088,1.01151,1.15,2.82
2010.12.27 07:21:50.577,1.01088,1.01148,2.97,1.09
2010.12.27 07:21:51.326,1.01088,1.01148,3.72,1.09
2010.12.27 07:21:52.312,1.01088,1.01147,3.87,1.24
2010.12.27 07:21:52.690,1.0109,1.01147,1.17,1.09
2010.12.27 07:21:56.363,1.01092,1.01151,2.33,1.32
2010.12.27 07:21:56.804,1.01093,1.01152,1.05,5.37
2010.12.27 07:21:57.995,1.01093,1.01152,1.05,5.59
2010.12.27 07:21:58.823,1.01093,1.01152,1.05,4.65
2010.12.27 07:22:05.338,1.01093,1.01152,1.05,3.90
2010.12.27 07:22:05.602,1.01093,1.01152,1.05,3.90
2010.12.27 07:22:05.933,1.01099,1.01151,1.13,1.09
2010.12.27 07:22:06.044,1.01098,1.0115,1.50,1.09
2010.12.27 07:22:06.153,1.01098,1.01142,1.50,2.25
2010.12.27 07:22:06.397,1.01085,1.01142,1.28,2.25
2010.12.27 07:22:06.527,1.01085,1.01152,2.55,1.09
2010.12.27 07:22:07.618,1.01085,1.01151,1.28,1.43
2010.12.27 07:22:08.839,1.01085,1.01151,2.55,1.43
2010.12.27 07:22:12.214,1.01087,1.01153,1.05,6.72
2010.12.27 07:22:12.903,1.01089,1.01151,1.47,1.43
2010.12.27 07:22:13.233,1.01088,1.01149,1.47,1.05
2010.12.27 07:22:13.454,1.01092,1.01152,1.15,1.09
2010.12.27 07:22:13.816,1.01094,1.01158,4.43,1.09
2010.12.27 07:22:13.924,1.01096,1.01161,1.15,1.09
2010.12.27 07:22:16.287,1.01098,1.01162,1.05,3.12
2010.12.27 07:22:19.029,1.01099,1.01162,3.27,2.97
2010.12.27 07:22:19.143,1.01103,1.01162,1.05,2.40
2010.12.27 07:22:19.259,1.01099,1.01162,3.03,3.30
2010.12.27 07:22:19.932,1.01101,1.01163,1.28,2.55
2010.12.27 07:22:20.043,1.01098,1.01161,1.09,1.28
2010.12.27 07:22:20.654,1.01097,1.0116,6.30,1.84
2010.12.27 07:22:21.470,1.01098,1.0116,1.05,1.84
2010.12.27 07:22:21.894,1.011,1.0116,1.39,4.24
2010.12.27 07:22:22.235,1.011,1.0116,1.77,1.09
2010.12.27 07:22:27.232,1.011,1.0116,1.17,2.22
2010.12.27 07:22:29.726,1.01094,1.01158,5.18,1.09
2010.12.27 07:22:30.163,1.0109,1.01157,2.70,1.28
2010.12.27 07:22:30.906,1.01094,1.0116,1.43,4.62
2010.12.27 07:22:32.126,1.0109,1.01157,1.15,1.80
2010.12.27 07:22:32.956,1.01093,1.0116,1.05,2.74
2010.12.27 07:22:33.137,1.01089,1.01157,4.75,1.28
2010.12.27 07:22:34.203,1.01096,1.01161,1.28,2.37
2010.12.27 07:22:36.438,1.01096,1.01161,2.55,2.37
2010.12.27 07:22:38.232,1.01098,1.01161,1.05,1.09
2010.12.27 07:22:44.840,1.01098,1.01161,2.93,1.09
2010.12.27 07:22:47.190,1.01093,1.01158,2.55,1.09
2010.12.27 07:22:51.095,1.01098,1.01161,2.78,1.47
2010.12.27 07:22:53.116,1.01098,1.01161,6.30,1.47
2010.12.27 07:22:53.587,1.01098,1.01161,2.93,1.47
2010.12.27 07:22:54.163,1.01098,1.01159,2.78,1.02
2010.12.27 07:22:54.706,1.01098,1.01162,6.68,6.72
2010.12.27 07:22:55.756,1.011,1.01162,1.35,2.82
2010.12.27 07:22:56.010,1.011,1.01162,1.39,2.97
2010.12.27 07:22:56.175,1.011,1.01161,1.39,1.43
2010.12.27 07:23:04.933,1.01098,1.01155,2.40,2.37
2010.12.27 07:23:05.153,1.01094,1.01157,2.40,1.02
2010.12.27 07:23:05.263,1.01098,1.01159,3.12,1.09
2010.12.27 07:23:05.794,1.01098,1.0116,2.82,2.37
2010.12.27 07:23:05.906,1.01098,1.01161,2.40,2.59
2010.12.27 07:23:06.234,1.01097,1.01153,2.40,2.40
2010.12.27 07:23:07.218,1.01097,1.01153,2.55,2.40
2010.12.27 07:23:08.304,1.01097,1.01153,6.08,2.55
2010.12.27 07:23:19.314,1.01097,1.01153,2.55,2.55
2010.12.27 07:23:19.442,1.01097,1.01153,6.08,2.40
2010.12.27 07:23:19.919,1.01097,1.01152,2.40,1.32
2010.12.27 07:23:20.143,1.01087,1.0115,2.97,1.09
2010.12.27 07:23:20.253,1.01087,1.01152,6.49,1.47
2010.12.27 07:23:20.653,1.01087,1.0115,6.45,2.22
2010.12.27 07:23:20.767,1.01087,1.0115,2.97,2.37
2010.12.27 07:23:21.650,1.01087,1.0115,2.89,2.22
2010.12.27 07:23:22.257,1.01087,1.0115,6.72,2.37
2010.12.27 07:23:42.257,1.01091,1.01153,1.15,2.40
2010.12.27 07:23:42.485,1.01091,1.01156,1.19,1.77
2010.12.27 07:23:42.864,1.01088,1.01156,4.75,4.09
2010.12.27 07:23:44.212,1.01088,1.01156,3.06,1.02
2010.12.27 07:23:46.177,1.01091,1.01156,3.03,2.37
2010.12.27 07:23:47.152,1.01091,1.01156,2.88,2.22
2010.12.27 07:23:47.654,1.01092,1.01156,1.05,1.09
2010.12.27 07:23:49.255,1.01091,1.01156,3.03,2.37
2010.12.27 07:23:52.146,1.01092,1.01156,1.05,1.09
2010.12.27 07:24:02.025,1.01097,1.01156,2.25,4.24
2010.12.27 07:24:02.487,1.01098,1.0116,2.70,1.77
2010.12.27 07:24:03.208,1.01098,1.0116,2.78,1.09
2010.12.27 07:24:04.262,1.01098,1.0116,2.78,2.22
2010.12.27 07:24:04.997,1.01098,1.0116,6.30,1.09
2010.12.27 07:24:05.860,1.01098,1.0116,2.93,2.37
2010.12.27 07:24:15.172,1.01108,1.0116,2.25,1.05
2010.12.27 07:24:18.143,1.01098,1.01159,4.80,1.09
2010.12.27 07:24:18.365,1.01098,1.01159,1.20,2.22
2010.12.27 07:24:18.575,1.01108,1.01159,2.25,2.22
2010.12.27 07:24:18.685,1.01098,1.01162,2.37,1.80
2010.12.27 07:24:20.541,1.01099,1.01163,1.47,6.45
2010.12.27 07:24:20.837,1.01104,1.01163,2.07,2.55
2010.12.27 07:24:21.981,1.01107,1.01163,2.40,6.12
2010.12.27 07:24:22.347,1.01107,1.01163,2.40,6.49
2010.12.27 07:24:22.616,1.01107,1.01163,2.55,2.74
2010.12.27 07:24:25.197,1.01108,1.01162,6.68,1.05
2010.12.27 07:24:34.944,1.01111,1.01168,1.24,1.05
2010.12.27 07:24:35.162,1.01117,1.01171,2.59,1.05
2010.12.27 07:24:35.723,1.0111,1.01168,1.43,1.05
2010.12.27 07:24:37.274,1.0111,1.01162,1.43,1.05
2010.12.27 07:24:53.704,1.01111,1.0117,2.74,1.05
2010.12.27 07:24:55.324,1.01118,1.01172,2.40,2.55
2010.12.27 07:25:15.370,1.01111,1.01169,2.59,1.05
2010.12.27 07:25:15.706,1.01108,1.01169,12.34,1.24
2010.12.27 07:25:36.923,1.01109,1.01172,1.15,2.40
2010.12.27 07:25:37.475,1.01117,1.01176,2.78,1.09
2010.12.27 07:25:37.916,1.0113,1.01183,1.13,1.09
2010.12.27 07:25:38.035,1.01134,1.01191,1.32,1.80
2010.12.27 07:25:38.143,1.01134,1.01191,1.32,1.50
2010.12.27 07:25:38.782,1.01134,1.01191,1.47,1.50
2010.12.27 07:25:39.197,1.01134,1.01191,1.62,1.50
2010.12.27 07:25:44.233,1.01134,1.01191,1.47,1.50
2010.12.27 07:25:47.233,1.01138,1.01192,2.78,1.50
2010.12.27 07:25:47.896,1.01138,1.01192,2.63,1.65
2010.12.27 07:25:51.139,1.01138,1.01192,2.78,1.58
2010.12.27 07:25:51.461,1.01138,1.01192,2.63,1.65
2010.12.27 07:25:56.128,1.01138,1.01192,2.93,1.65
2010.12.27 07:26:00.245,1.0113,1.01192,2.78,1.50
2010.12.27 07:26:07.453,1.0113,1.01192,2.74,1.65
2010.12.27 07:26:09.874,1.0113,1.012,2.74,1.32
2010.12.27 07:26:09.985,1.01141,1.01203,1.32,3.15
2010.12.27 07:26:10.206,1.01149,1.01212,1.69,1.65
2010.12.27 07:26:10.399,1.01148,1.01208,3.00,1.09
2010.12.27 07:26:10.520,1.01138,1.01205,2.44,1.09
2010.12.27 07:26:10.636,1.01139,1.01209,1.84,1.24
2010.12.27 07:26:10.966,1.01139,1.01208,1.47,1.24
2010.12.27 07:26:13.197,1.01137,1.01203,6.34,6.42
2010.12.27 07:26:13.623,1.01137,1.01203,2.97,2.97
2010.12.27 07:26:13.844,1.01137,1.01203,2.89,6.53
2010.12.27 07:26:14.941,1.01137,1.01203,3.12,3.12
2010.12.27 07:26:15.204,1.01137,1.01203,6.34,6.42
2010.12.27 07:26:15.423,1.01133,1.01199,2.97,2.55
2010.12.27 07:26:20.236,1.01133,1.01198,2.59,1.05
2010.12.27 07:26:34.994,1.01135,1.01202,1.47,1.02
2010.12.27 07:26:37.199,1.01137,1.01202,6.49,1.02
2010.12.27 07:26:41.974,1.01137,1.01202,2.97,1.86
2010.12.27 07:26:52.687,1.01137,1.01203,3.12,6.87
2010.12.27 07:26:55.577,1.01137,1.01191,2.40,1.69
2010.12.27 07:26:55.807,1.01135,1.01192,2.52,2.25
2010.12.27 07:26:56.397,1.01137,1.01201,2.97,3.30
2010.12.27 07:26:58.319,1.01138,1.01201,1.09,1.43
2010.12.27 07:27:12.245,1.01137,1.01193,2.74,2.55
2010.12.27 07:27:12.793,1.01135,1.01193,1.43,6.55
2010.12.27 07:27:13.272,1.01134,1.01193,2.52,6.51
2010.12.27 07:27:13.865,1.01135,1.01193,1.43,6.55
2010.12.27 07:27:33.894,1.01135,1.01193,1.86,2.74
2010.12.27 07:27:39.856,1.01134,1.01193,2.74,2.89
2010.12.27 07:27:40.644,1.01135,1.01193,1.43,6.55
2010.12.27 07:28:00.822,1.01135,1.01193,1.58,2.74
2010.12.27 07:28:00.977,1.01132,1.01193,1.24,2.89
2010.12.27 07:28:01.327,1.01137,1.01197,2.74,2.74
2010.12.27 07:28:01.435,1.01137,1.01197,3.12,1.24
2010.12.27 07:28:01.939,1.01145,1.01197,1.13,1.05
2010.12.27 07:28:02.053,1.01145,1.01201,1.13,1.09
2010.12.27 07:28:02.164,1.01145,1.01203,1.13,6.12
2010.12.27 07:28:03.308,1.01145,1.01203,1.13,6.49
2010.12.27 07:28:06.102,1.01148,1.01203,1.05,6.49
2010.12.27 07:28:07.714,1.0114,1.01199,1.28,2.37
2010.12.27 07:28:07.934,1.01137,1.01193,1.05,1.09
2010.12.27 07:28:08.310,1.0113,1.01193,2.29,3.19
2010.12.27 07:28:08.438,1.01129,1.01193,1.32,2.25
2010.12.27 07:28:08.653,1.01129,1.01193,1.32,2.40
2010.12.27 07:28:10.259,1.0113,1.01193,1.09,2.55
2010.12.27 07:28:10.572,1.0113,1.01193,2.22,2.40
2010.12.27 07:28:11.666,1.0113,1.01193,1.02,2.40
2010.12.27 07:28:14.095,1.0113,1.01193,2.22,2.40
2010.12.27 07:28:14.939,1.01131,1.01193,1.38,2.40
2010.12.27 07:28:15.301,1.01131,1.01193,1.09,2.40
2010.12.27 07:28:15.569,1.01131,1.01193,1.38,2.40
2010.12.27 07:28:15.793,1.01124,1.01192,2.31,2.52
2010.12.27 07:28:20.229,1.01125,1.01193,1.05,6.49
2010.12.27 07:28:29.694,1.01124,1.0119,3.25,1.02
2010.12.27 07:28:29.805,1.01129,1.01191,1.20,1.02
2010.12.27 07:28:31.173,1.01129,1.01191,1.20,1.02
2010.12.27 07:28:34.983,1.01138,1.01192,1.05,3.34
2010.12.27 07:28:37.127,1.0113,1.01192,2.55,3.49
2010.12.27 07:28:39.135,1.01133,1.01192,1.05,3.34
2010.12.27 07:28:39.493,1.0113,1.01192,2.55,2.74
2010.12.27 07:28:41.192,1.01135,1.01192,1.28,3.49
2010.12.27 07:28:52.143,1.01138,1.01192,1.05,2.59
2010.12.27 07:28:52.874,1.01135,1.01192,1.20,2.52
2010.12.27 07:28:57.298,1.01135,1.01192,1.84,2.44
2010.12.27 07:28:57.524,1.01128,1.01192,10.43,3.72
2010.12.27 07:28:59.642,1.01128,1.01192,4.43,8.22
2010.12.27 07:29:01.944,1.01128,1.01192,4.80,3.19
2010.12.27 07:29:02.164,1.01138,1.01201,2.97,1.28
2010.12.27 07:29:02.276,1.0114,1.01201,1.32,1.28
2010.12.27 07:29:03.276,1.01135,1.01201,2.74,2.78
2010.12.27 07:29:04.187,1.01135,1.01201,1.47,2.78
2010.12.27 07:29:05.364,1.01135,1.01201,1.47,2.93
2010.12.27 07:29:06.170,1.01135,1.01201,2.74,2.93
2010.12.27 07:29:16.246,1.01135,1.01202,2.59,2.70
2010.12.27 07:29:16.728,1.01141,1.01207,1.13,1.39
2010.12.27 07:29:17.375,1.01141,1.01209,2.40,2.52
2010.12.27 07:29:18.247,1.01141,1.01207,2.55,1.09
2010.12.27 07:29:19.251,1.01141,1.01209,2.59,2.70
2010.12.27 07:29:19.367,1.01141,1.01209,2.40,2.78
2010.12.27 07:29:19.484,1.01141,1.01209,2.40,2.29
2010.12.27 07:29:19.596,1.01141,1.01209,2.40,1.09
2010.12.27 07:29:19.706,1.01145,1.0121,1.20,2.59
2010.12.27 07:29:21.367,1.01145,1.0121,1.20,1.09
2010.12.27 07:29:22.572,1.01144,1.0121,1.20,2.59
2010.12.27 07:29:23.153,1.0114,1.01202,1.09,1.13
2010.12.27 07:29:23.264,1.01139,1.012,1.28,1.09
2010.12.27 07:29:23.815,1.01135,1.012,2.88,2.22
2010.12.27 07:29:23.925,1.01135,1.01199,1.28,2.74
2010.12.27 07:29:24.036,1.01132,1.01199,1.05,2.59
2010.12.27 07:29:24.440,1.01128,1.01192,10.20,2.25
2010.12.27 07:29:24.669,1.01137,1.01198,2.25,1.05
2010.12.27 07:29:24.897,1.01131,1.01197,1.20,1.20
2010.12.27 07:29:25.156,1.01137,1.01197,2.44,1.20
2010.12.27 07:29:25.484,1.01141,1.01201,1.13,4.20
2010.12.27 07:29:26.404,1.01139,1.01202,1.32,7.39
2010.12.27 07:29:27.864,1.01137,1.01197,2.97,1.20
2010.12.27 07:29:28.400,1.01137,1.01197,3.12,1.05
2010.12.27 07:29:29.183,1.01137,1.01197,6.49,2.70
2010.12.27 07:29:30.744,1.01137,1.01196,2.40,2.52
2010.12.27 07:29:33.260,1.01133,1.01192,4.84,3.18
2010.12.27 07:29:37.041,1.01133,1.01192,4.47,1.24
2010.12.27 07:29:37.159,1.01138,1.01197,2.82,2.80
2010.12.27 07:29:40.199,1.01138,1.01197,6.72,3.18
2010.12.27 07:29:51.808,1.01138,1.01197,6.34,1.24
2010.12.27 07:29:51.924,1.01138,1.01197,6.34,1.24
2010.12.27 07:29:54.231,1.01141,1.01202,2.74,12.08
2010.12.27 07:30:07.174,1.01141,1.01202,1.28,6.83
2010.12.27 07:30:08.177,1.01141,1.01202,2.40,5.85
2010.12.27 07:30:18.954,1.01144,1.01202,2.52,4.45
2010.12.27 07:30:20.836,1.01139,1.01202,3.15,7.09
2010.12.27 07:30:21.054,1.01139,1.01202,1.32,7.43
2010.12.27 07:30:21.408,1.01145,1.01202,1.32,4.68
2010.12.27 07:30:21.528,1.0114,1.01201,2.07,5.18
2010.12.27 07:30:23.661,1.0114,1.01201,1.32,5.22
2010.12.27 07:30:30.696,1.0114,1.01201,1.47,5.18
2010.12.27 07:30:35.524,1.0114,1.01201,3.30,2.22
2010.12.27 07:30:38.652,1.0114,1.01201,1.47,5.18
2010.12.27 07:30:39.223,1.0114,1.01201,3.30,2.22
2010.12.27 07:30:40.674,1.01142,1.01202,2.74,1.80
2010.12.27 07:30:41.231,1.01142,1.01201,2.59,2.33
2010.12.27 07:30:41.455,1.01142,1.01202,1.47,1.65
2010.12.27 07:30:41.565,1.01146,1.01212,1.32,1.86
2010.12.27 07:30:43.185,1.01146,1.01212,2.59,2.24
2010.12.27 07:30:57.427,1.01143,1.01207,1.24,1.09
2010.12.27 07:30:57.644,1.01142,1.01206,2.74,1.43
2010.12.27 07:30:58.020,1.01142,1.01206,2.74,3.74
2010.12.27 07:30:58.576,1.01139,1.01204,1.47,2.74
2010.12.27 07:31:00.239,1.01138,1.01202,1.09,1.80
2010.12.27 07:31:05.964,1.01134,1.01197,5.18,5.18
2010.12.27 07:31:08.234,1.01134,1.01197,3.30,5.55
2010.12.27 07:31:09.239,1.01134,1.01197,3.34,2.29
2010.12.27 07:31:17.179,1.01134,1.01197,3.30,5.55
2010.12.27 07:31:27.758,1.0113,1.01192,2.37,5.18
2010.12.27 07:31:29.225,1.0113,1.01191,2.37,6.49
2010.12.27 07:31:33.716,1.01135,1.01191,1.09,4.68
2010.12.27 07:31:33.827,1.01135,1.01191,1.09,4.24
2010.12.27 07:31:35.295,1.01135,1.01191,2.22,4.09
2010.12.27 07:31:53.906,1.01139,1.01192,1.02,2.78
2010.12.27 07:31:54.126,1.01139,1.01192,2.59,1.65
2010.12.27 07:31:54.346,1.01135,1.01191,3.30,1.09
2010.12.27 07:31:54.494,1.01139,1.01192,1.09,1.65
2010.12.27 07:31:56.224,1.0114,1.01192,1.43,1.80
2010.12.27 07:32:06.673,1.01144,1.01192,2.59,1.80
2010.12.27 07:32:06.786,1.01144,1.01199,2.59,1.05
2010.12.27 07:32:07.153,1.0115,1.01208,1.32,1.30
2010.12.27 07:32:07.268,1.0115,1.01209,1.32,2.74
2010.12.27 07:32:08.364,1.0115,1.01204,1.47,1.05
2010.12.27 07:32:08.646,1.0115,1.01204,1.32,2.33
2010.12.27 07:32:09.251,1.0115,1.01204,1.47,2.33
2010.12.27 07:32:10.195,1.01149,1.01204,1.39,2.22
2010.12.27 07:32:12.255,1.01145,1.012,3.30,1.05
2010.12.27 07:32:18.136,1.01143,1.01202,1.84,1.24
2010.12.27 07:32:18.355,1.01139,1.01195,2.07,1.09
2010.12.27 07:32:19.187,1.0114,1.01201,1.09,7.99
2010.12.27 07:32:20.204,1.0114,1.01201,2.37,7.99
2010.12.27 07:32:20.773,1.0114,1.01201,2.22,8.03
2010.12.27 07:32:39.660,1.0114,1.01198,1.09,1.30
2010.12.27 07:32:39.890,1.0114,1.01201,2.37,6.49
2010.12.27 07:32:40.230,1.0114,1.01198,1.09,1.30
2010.12.27 07:32:45.173,1.0114,1.01201,2.37,6.49
2010.12.27 07:32:54.706,1.01135,1.01198,1.43,1.47
2010.12.27 07:32:55.101,1.0113,1.01191,1.43,1.32
2010.12.27 07:32:56.358,1.0113,1.01191,1.58,1.47
2010.12.27 07:32:58.358,1.0113,1.01191,1.58,1.62
2010.12.27 07:33:07.337,1.01134,1.01196,4.47,3.68
2010.12.27 07:33:07.444,1.01134,1.01196,4.47,3.30
2010.12.27 07:33:10.796,1.01129,1.01186,1.80,1.69
2010.12.27 07:33:10.905,1.01132,1.01186,1.24,1.50
2010.12.27 07:33:11.454,1.01134,1.01198,1.43,1.09
2010.12.27 07:33:11.674,1.01132,1.01198,2.97,1.09
2010.12.27 07:33:11.913,1.01129,1.01195,1.58,2.07
2010.12.27 07:33:14.259,1.01129,1.01195,1.80,4.47
2010.12.27 07:33:18.885,1.01129,1.01193,1.43,1.09
2010.12.27 07:33:18.997,1.01129,1.01195,1.58,2.22
2010.12.27 07:33:19.186,1.01128,1.01195,6.53,4.47
2010.12.27 07:33:19.403,1.01129,1.01195,5.33,2.22
2010.12.27 07:33:23.805,1.01129,1.01195,2.37,4.62
2010.12.27 07:33:24.193,1.01129,1.01195,5.55,4.47
2010.12.27 07:33:29.576,1.01128,1.01195,6.87,4.62
2010.12.27 07:33:33.634,1.0113,1.01192,3.30,1.47
2010.12.27 07:33:33.854,1.01132,1.01192,4.62,1.65
2010.12.27 07:33:33.967,1.01132,1.01192,1.09,2.07
2010.12.27 07:33:34.186,1.01132,1.01192,2.52,2.33
2010.12.27 07:33:35.202,1.01132,1.01192,2.97,1.65
2010.12.27 07:33:36.288,1.01134,1.01192,2.59,1.84
2010.12.27 07:33:37.130,1.01134,1.01192,2.59,4.24
2010.12.27 07:33:37.855,1.01135,1.01192,1.43,4.62
2010.12.27 07:33:38.502,1.01134,1.01192,2.59,4.24
2010.12.27 07:33:38.744,1.01135,1.01192,1.43,4.24
2010.12.27 07:33:41.520,1.01135,1.01192,1.43,4.62
2010.12.27 07:33:44.413,1.01135,1.01192,1.39,1.65
2010.12.27 07:33:44.635,1.01132,1.01192,1.05,1.80
2010.12.27 07:33:44.856,1.01136,1.01202,2.55,1.53
2010.12.27 07:33:45.897,1.01136,1.01203,1.28,1.05
2010.12.27 07:33:46.015,1.01134,1.01203,1.28,1.05
2010.12.27 07:33:48.245,1.01131,1.01198,1.15,1.05
2010.12.27 07:33:49.118,1.01136,1.01202,1.28,1.05
2010.12.27 07:33:50.364,1.01135,1.01205,2.40,2.40
2010.12.27 07:33:50.583,1.01135,1.01203,2.55,1.05
2010.12.27 07:33:51.693,1.01135,1.01202,1.28,1.05
2010.12.27 07:33:54.098,1.01131,1.01197,3.03,1.05
2010.12.27 07:33:55.208,1.01133,1.01199,1.05,2.55
2010.12.27 07:33:57.266,1.01136,1.01201,1.28,1.39
2010.12.27 07:33:57.570,1.01135,1.01202,1.28,6.78
2010.12.27 07:33:57.684,1.01134,1.01201,2.55,2.03
2010.12.27 07:33:58.066,1.01134,1.01197,1.28,1.05
2010.12.27 07:33:59.197,1.01134,1.01196,2.55,1.28
2010.12.27 07:34:00.180,1.01135,1.01196,1.17,1.84
2010.12.27 07:34:21.204,1.01141,1.01189,1.65,1.65
2010.12.27 07:34:21.314,1.0114,1.0118,1.65,1.50
2010.12.27 07:34:21.425,1.0114,1.0118,1.50,1.50
2010.12.27 07:34:23.214,1.0114,1.0118,1.65,1.50
2010.12.27 07:34:24.205,1.0114,1.0118,1.65,1.50
2010.12.27 07:34:36.221,1.0114,1.0118,1.50,1.65
2010.12.27 07:34:37.105,1.0114,1.0118,1.65,1.50
2010.12.27 07:34:37.214,1.0114,1.0118,1.50,1.65
2010.12.27 07:34:37.788,1.0114,1.0118,1.65,1.50
2010.12.27 07:34:46.737,1.0113,1.0117,1.65,1.50
2010.12.27 07:34:46.957,1.0113,1.0117,1.50,1.50
2010.12.27 07:34:47.178,1.01137,1.01175,1.50,1.50
2010.12.27 07:34:47.775,1.01131,1.01179,1.65,2.25
2010.12.27 07:34:47.885,1.01131,1.01179,1.65,1.50
2010.12.27 07:34:54.754,1.01141,1.01179,1.50,1.50
2010.12.27 07:34:55.266,1.01131,1.01179,1.65,1.50
2010.12.27 07:34:57.124,1.01131,1.01179,1.80,1.50
2010.12.27 07:34:58.113,1.01131,1.01179,1.80,1.65
2010.12.27 07:34:59.944,1.01131,1.01179,4.20,1.50
2010.12.27 07:35:03.073,1.01131,1.01179,1.65,1.58
2010.12.27 07:35:04.385,1.01131,1.01179,1.80,1.65
2010.12.27 07:35:05.198,1.01131,1.01179,4.20,1.50
2010.12.27 07:35:13.965,1.01131,1.01179,1.80,1.50
2010.12.27 07:35:14.184,1.0114,1.0118,1.50,1.50
2010.12.27 07:35:14.515,1.0115,1.0119,1.50,1.50
2010.12.27 07:35:14.902,1.0115,1.0119,1.50,1.65
2010.12.27 07:35:15.022,1.01135,1.0119,1.13,1.58
2010.12.27 07:35:15.139,1.0113,1.0119,1.58,1.58
2010.12.27 07:35:15.350,1.01141,1.01189,1.50,1.58
2010.12.27 07:35:15.673,1.0114,1.012,1.88,1.80
2010.12.27 07:35:15.893,1.0114,1.012,2.03,1.65
2010.12.27 07:35:17.195,1.0114,1.012,2.18,1.65
2010.12.27 07:35:18.202,1.0114,1.012,5.14,1.80
2010.12.27 07:35:18.724,1.0114,1.012,1.80,4.43
2010.12.27 07:35:22.254,1.01141,1.01189,1.80,1.65
2010.12.27 07:35:23.601,1.01141,1.01189,1.65,1.80
2010.12.27 07:35:24.164,1.01141,1.01189,1.80,1.65
2010.12.27 07:35:25.737,1.01141,1.01189,1.80,1.50
2010.12.27 07:35:27.243,1.01141,1.01189,1.80,1.65
2010.12.27 07:35:29.618,1.01141,1.01189,1.65,1.80
2010.12.27 07:35:40.933,1.01141,1.01189,1.80,1.65
2010.12.27 07:35:52.949,1.01131,1.01189,4.62,1.80
2010.12.27 07:35:53.208,1.01131,1.01189,4.58,1.65
2010.12.27 07:35:53.331,1.0113,1.01185,1.50,2.03
2010.12.27 07:35:53.437,1.0113,1.01185,1.65,1.88
2010.12.27 07:35:53.819,1.0112,1.0118,4.20,1.50
2010.12.27 07:35:53.936,1.0112,1.0118,1.80,1.50
2010.12.27 07:35:55.145,1.0112,1.0118,1.80,1.88
2010.12.27 07:35:55.256,1.0112,1.0118,1.65,2.03
2010.12.27 07:35:55.365,1.01115,1.0118,1.17,1.95
2010.12.27 07:35:55.958,1.0112,1.0118,1.95,1.58
2010.12.27 07:35:58.279,1.0112,1.0118,2.03,1.58
2010.12.27 07:36:01.975,1.0112,1.0118,5.14,1.50
2010.12.27 07:36:03.068,1.0113,1.0118,1.50,1.50
2010.12.27 07:36:04.228,1.0113,1.0118,1.65,1.65
2010.12.27 07:36:04.551,1.0113,1.0118,1.65,1.58
2010.12.27 07:36:05.023,1.0113,1.0118,4.20,1.50
2010.12.27 07:36:05.349,1.0113,1.0118,1.58,1.50
2010.12.27 07:36:05.965,1.01121,1.01179,3.98,1.50
2010.12.27 07:36:21.652,1.0112,1.0118,3.98,1.50
2010.12.27 07:36:21.879,1.0112,1.0118,1.80,1.65
2010.12.27 07:36:22.286,1.0112,1.0118,1.65,1.80
2010.12.27 07:36:27.905,1.0112,1.0118,1.80,1.65
2010.12.27 07:36:28.424,1.0112,1.0118,4.20,1.50
2010.12.27 07:36:28.754,1.0112,1.0118,1.80,1.65
2010.12.27 07:36:53.638,1.0112,1.0118,1.65,1.80
2010.12.27 07:36:55.171,1.0112,1.0118,1.80,1.65
2010.12.27 07:37:01.007,1.01121,1.01179,1.65,1.80
2010.12.27 07:37:01.385,1.01121,1.01179,1.65,1.58
2010.12.27 07:37:02.288,1.01121,1.01179,1.80,1.65
2010.12.27 07:37:10.154,1.01121,1.01179,1.50,1.80
2010.12.27 07:37:10.484,1.01114,1.01179,2.78,1.95
2010.12.27 07:37:12.339,1.0112,1.0118,1.80,1.65
2010.12.27 07:37:13.199,1.0112,1.0118,4.20,1.65
2010.12.27 07:37:14.268,1.0112,1.0118,1.65,1.65
2010.12.27 07:37:14.849,1.0112,1.0118,1.50,4.35
2010.12.27 07:37:14.970,1.01121,1.01169,1.65,1.50
2010.12.27 07:37:16.296,1.01121,1.01169,1.80,1.50
2010.12.27 07:37:19.280,1.01121,1.01169,1.80,1.65
2010.12.27 07:37:20.966,1.01121,1.01169,4.20,1.50
2010.12.27 07:37:21.238,1.01121,1.01169,1.65,1.58
2010.12.27 07:37:21.967,1.01121,1.01169,4.20,1.50
2010.12.27 07:37:22.578,1.01121,1.01169,3.98,1.50
2010.12.27 07:37:23.856,1.01121,1.01169,1.80,1.65
2010.12.27 07:37:25.855,1.01121,1.01169,4.20,1.50
2010.12.27 07:37:40.229,1.0112,1.0117,4.20,1.50
2010.12.27 07:37:42.028,1.0111,1.0117,1.80,1.50
2010.12.27 07:37:43.264,1.0111,1.0117,1.65,1.50
2010.12.27 07:37:45.245,1.0111,1.0117,1.80,1.65
2010.12.27 07:37:47.347,1.0111,1.0117,1.65,1.80
2010.12.27 07:37:47.675,1.0111,1.0117,1.80,1.65
2010.12.27 07:37:53.575,1.0111,1.0117,1.65,1.80
2010.12.27 07:37:54.885,1.01111,1.01159,1.65,1.50
2010.12.27 07:37:56.200,1.01111,1.01159,1.65,1.65
2010.12.27 07:37:57.193,1.01111,1.01159,1.65,1.80
2010.12.27 07:38:01.959,1.01111,1.01159,1.80,1.65
2010.12.27 07:38:02.152,1.01111,1.01159,1.65,1.80
2010.12.27 07:38:13.446,1.01111,1.01159,1.80,1.65
2010.12.27 07:38:28.559,1.01111,1.01159,4.20,1.50
2010.12.27 07:38:29.115,1.0112,1.0116,1.65,1.50
2010.12.27 07:38:31.819,1.0112,1.0116,1.50,1.50
2010.12.27 07:38:32.155,1.0111,1.0116,1.80,1.50
2010.12.27 07:38:32.429,1.01121,1.01159,1.50,1.50
2010.12.27 07:38:32.765,1.0111,1.0116,1.80,1.50
2010.12.27 07:38:34.217,1.0111,1.0116,1.80,1.65
2010.12.27 07:38:37.945,1.01121,1.01159,1.65,1.50
2010.12.27 07:38:39.229,1.01121,1.01159,1.65,1.50
2010.12.27 07:38:51.679,1.0112,1.0116,1.65,1.50
2010.12.27 07:38:54.218,1.01111,1.01159,1.80,1.65
2010.12.27 07:39:29.893,1.0111,1.0116,1.65,1.50
2010.12.27 07:39:30.118,1.01111,1.01159,1.65,2.25
2010.12.27 07:39:30.300,1.01111,1.01159,1.65,1.50
2010.12.27 07:39:30.639,1.01111,1.01149,1.65,1.50
2010.12.27 07:39:30.878,1.01111,1.01149,1.50,1.50
2010.12.27 07:39:30.999,1.01111,1.01149,1.65,1.50
2010.12.27 07:39:31.229,1.01103,1.0115,1.80,1.50
2010.12.27 07:39:33.240,1.01103,1.0115,1.80,1.65
2010.12.27 07:39:33.588,1.01104,1.0115,1.05,1.50
2010.12.27 07:39:34.400,1.01111,1.01149,1.65,1.50
2010.12.27 07:39:34.944,1.01111,1.01149,1.50,1.65
2010.12.27 07:39:35.054,1.01103,1.01149,1.80,1.65
2010.12.27 07:39:42.116,1.01103,1.01149,1.65,1.50
2010.12.27 07:39:42.225,1.01104,1.0116,1.58,4.65
2010.12.27 07:39:42.835,1.01104,1.0116,1.80,2.40
2010.12.27 07:39:43.311,1.01104,1.01157,1.65,1.05
2010.12.27 07:39:45.337,1.01104,1.01157,1.80,1.05
2010.12.27 07:39:46.364,1.01104,1.01157,1.65,1.05
2010.12.27 07:39:49.252,1.01104,1.01157,1.80,1.05
2010.12.27 07:39:50.586,1.01104,1.01157,1.50,1.05
2010.12.27 07:39:51.027,1.01111,1.01149,1.50,1.50
2010.12.27 07:39:51.345,1.01111,1.01149,1.50,1.88
2010.12.27 07:39:51.461,1.01089,1.0114,2.93,1.50
2010.12.27 07:39:51.575,1.01089,1.0115,2.18,2.25
2010.12.27 07:39:52.547,1.01089,1.0115,2.93,2.25
2010.12.27 07:39:53.192,1.01089,1.0115,2.93,2.25
2010.12.27 07:39:53.308,1.01089,1.0115,2.93,2.25
2010.12.27 07:39:55.106,1.01089,1.0115,2.93,1.50
2010.12.27 07:39:55.215,1.01089,1.0115,2.93,1.65
2010.12.27 07:39:55.544,1.01089,1.0115,7.02,2.25
2010.12.27 07:39:55.653,1.01089,1.0115,5.14,1.50
2010.12.27 07:39:56.349,1.01089,1.0115,2.18,1.50
2010.12.27 07:39:57.888,1.01099,1.0115,1.50,1.50
2010.12.27 07:39:58.329,1.01099,1.0115,1.58,1.58
2010.12.27 07:39:59.208,1.01099,1.0115,1.58,1.50
2010.12.27 07:40:01.236,1.01099,1.0115,1.80,1.50
2010.12.27 07:40:05.757,1.01099,1.0115,1.65,1.65
2010.12.27 07:40:06.265,1.01099,1.01143,1.65,1.50
2010.12.27 07:40:09.311,1.01099,1.01143,1.80,1.50
2010.12.27 07:40:09.887,1.01099,1.01143,1.65,1.50
2010.12.27 07:40:11.245,1.01099,1.01143,1.80,1.50
2010.12.27 07:40:17.118,1.01106,1.01146,1.65,1.50
2010.12.27 07:40:17.238,1.01099,1.01143,1.80,1.50
2010.12.27 07:40:17.736,1.01106,1.01146,1.65,1.50
2010.12.27 07:40:19.196,1.01106,1.01146,1.80,1.50
2010.12.27 07:40:19.745,1.01106,1.01146,1.65,1.50
2010.12.27 07:40:19.969,1.011,1.01142,1.80,1.50
2010.12.27 07:40:22.195,1.01106,1.01146,1.65,1.50
2010.12.27 07:40:23.297,1.01106,1.01146,1.80,1.50
2010.12.27 07:40:24.229,1.01106,1.01146,4.20,1.50
2010.12.27 07:40:26.980,1.01106,1.01146,1.65,1.50
2010.12.27 07:40:27.207,1.011,1.01142,1.80,1.50
2010.12.27 07:40:27.425,1.01107,1.01145,1.65,1.50
2010.12.27 07:40:27.987,1.01107,1.01145,1.95,1.50
2010.12.27 07:40:28.607,1.01107,1.01145,4.17,1.50
2010.12.27 07:40:28.822,1.01107,1.01145,3.98,1.50
2010.12.27 07:40:28.938,1.01107,1.01145,1.80,1.50
2010.12.27 07:40:29.158,1.011,1.0115,4.20,1.50
2010.12.27 07:40:29.400,1.011,1.0115,1.80,1.50
2010.12.27 07:40:29.737,1.0111,1.0115,1.65,1.50
2010.12.27 07:40:29.866,1.0111,1.0115,1.50,1.50
2010.12.27 07:40:29.976,1.01101,1.01149,1.80,1.50
2010.12.27 07:40:31.200,1.01101,1.01149,1.80,1.50
2010.12.27 07:40:31.449,1.01101,1.01149,3.98,1.50
2010.12.27 07:40:31.577,1.01098,1.0115,1.05,1.50
2010.12.27 07:40:32.304,1.0109,1.0115,1.17,1.65
2010.12.27 07:40:33.188,1.0109,1.0115,1.17,1.58
2010.12.27 07:40:35.336,1.0109,1.0115,1.39,1.80
2010.12.27 07:40:43.684,1.01094,1.0115,1.17,1.58
2010.12.27 07:40:45.198,1.01101,1.01149,1.80,1.65
2010.12.27 07:40:48.495,1.01111,1.01149,1.65,1.50
2010.12.27 07:40:49.565,1.01111,1.01149,1.65,1.50
2010.12.27 07:40:49.878,1.01111,1.01149,1.65,1.50
2010.12.27 07:40:50.207,1.01111,1.01157,1.65,1.50
2010.12.27 07:40:51.210,1.01111,1.01157,1.80,1.50
2010.12.27 07:40:51.650,1.01111,1.01157,1.65,1.50
2010.12.27 07:40:54.192,1.01111,1.01157,1.80,1.65
2010.12.27 07:41:01.696,1.0111,1.0115,1.65,1.50
2010.12.27 07:41:02.008,1.0111,1.0115,1.50,1.50
2010.12.27 07:41:02.115,1.011,1.0115,1.80,1.50
2010.12.27 07:41:03.260,1.011,1.0115,1.80,1.50
2010.12.27 07:41:06.217,1.011,1.0115,1.80,1.65
2010.12.27 07:41:08.111,1.01101,1.01164,4.47,1.58
2010.12.27 07:41:08.338,1.01101,1.01159,4.20,1.50
2010.12.27 07:41:08.446,1.01101,1.01159,4.43,1.50
2010.12.27 07:41:08.800,1.011,1.0117,4.20,1.50
2010.12.27 07:41:08.918,1.01103,1.01174,2.55,2.03
2010.12.27 07:41:09.484,1.01103,1.0117,1.05,2.03
2010.12.27 07:41:11.285,1.01102,1.0117,1.05,4.43
2010.12.27 07:41:14.116,1.011,1.01168,4.43,1.05
2010.12.27 07:41:14.524,1.01103,1.01164,1.05,1.65
2010.12.27 07:41:14.964,1.01101,1.01164,4.43,1.80
2010.12.27 07:41:21.159,1.01103,1.01165,1.05,1.65
2010.12.27 07:41:42.350,1.01101,1.01164,4.43,1.80
2010.12.27 07:41:47.567,1.01102,1.0117,1.05,4.43
2010.12.27 07:41:50.465,1.01108,1.0117,1.05,1.65
2010.12.27 07:41:50.975,1.0111,1.0117,4.20,1.65
2010.12.27 07:41:51.085,1.0111,1.0117,3.98,1.50
2010.12.27 07:41:51.431,1.01111,1.01179,1.65,1.65
2010.12.27 07:41:51.551,1.01121,1.01179,1.50,1.65
2010.12.27 07:41:51.887,1.01121,1.01176,1.50,1.50
2010.12.27 07:41:52.138,1.0112,1.01187,4.43,2.03
2010.12.27 07:41:52.755,1.0112,1.01187,1.88,5.10
2010.12.27 07:41:52.975,1.0112,1.01187,1.50,4.54
2010.12.27 07:41:53.293,1.0111,1.0118,4.28,4.28
2010.12.27 07:41:53.515,1.01115,1.0118,1.17,1.95
2010.12.27 07:41:53.886,1.01113,1.0118,1.05,2.03
2010.12.27 07:41:55.106,1.01112,1.0118,1.05,1.88
2010.12.27 07:41:56.206,1.01113,1.0118,1.05,4.43
2010.12.27 07:41:56.684,1.0113,1.0118,1.50,1.80
2010.12.27 07:42:00.058,1.0113,1.0118,1.65,1.80
2010.12.27 07:42:02.327,1.0113,1.0118,1.95,1.50
2010.12.27 07:42:02.441,1.01141,1.01189,1.50,1.65
2010.12.27 07:42:02.557,1.0113,1.01189,2.18,1.65
2010.12.27 07:42:02.666,1.0113,1.01189,2.03,1.80
2010.12.27 07:42:04.306,1.0113,1.01189,2.18,4.20
2010.12.27 07:42:11.096,1.0113,1.01189,2.03,1.65
2010.12.27 07:42:11.597,1.0113,1.01189,4.92,1.58
2010.12.27 07:42:12.178,1.0113,1.01188,5.14,1.05
2010.12.27 07:42:15.754,1.01131,1.01169,4.20,1.50
2010.12.27 07:42:15.865,1.01131,1.01169,1.65,1.50
2010.12.27 07:42:19.137,1.01131,1.01169,3.98,1.50
2010.12.27 07:42:20.405,1.0113,1.01185,4.92,2.33
2010.12.27 07:42:22.477,1.0113,1.01183,2.18,1.05
2010.12.27 07:42:36.626,1.0113,1.01187,5.14,1.05
2010.12.27 07:42:37.916,1.01127,1.01183,1.65,1.05
2010.12.27 07:42:38.945,1.01127,1.01184,1.80,2.40
2010.12.27 07:42:39.674,1.01127,1.01181,1.58,1.28
2010.12.27 07:42:39.786,1.01126,1.0118,1.65,1.65
2010.12.27 07:42:41.188,1.01126,1.0118,1.65,1.80
2010.12.27 07:42:42.225,1.01126,1.0118,1.65,4.20
2010.12.27 07:42:43.144,1.0112,1.01175,1.65,1.65
2010.12.27 07:42:43.476,1.0111,1.01173,4.92,6.15
2010.12.27 07:42:46.197,1.0111,1.0117,2.18,4.20
2010.12.27 07:42:47.206,1.0111,1.0116,1.80,1.50
2010.12.27 07:42:48.189,1.0111,1.0116,1.80,1.65
2010.12.27 07:43:06.216,1.011,1.0116,5.52,1.50
2010.12.27 07:43:06.435,1.011,1.0116,5.14,1.65
2010.12.27 07:43:08.399,1.011,1.0116,5.14,1.65
2010.12.27 07:43:08.627,1.011,1.0116,5.52,1.50
2010.12.27 07:43:10.128,1.011,1.0116,5.14,1.80
2010.12.27 07:43:27.848,1.01101,1.01159,4.20,1.80
2010.12.27 07:43:32.654,1.01101,1.01159,4.20,1.80
2010.12.27 07:43:51.675,1.01101,1.01159,1.80,1.65
2010.12.27 07:43:51.786,1.01095,1.01154,1.39,1.50
2010.12.27 07:43:51.896,1.01092,1.01154,1.05,1.65
2010.12.27 07:43:53.293,1.01095,1.01154,1.39,1.50
2010.12.27 07:44:03.666,1.01092,1.01154,1.05,1.50
2010.12.27 07:44:04.227,1.01098,1.01163,2.78,1.05
2010.12.27 07:44:05.246,1.01101,1.01164,4.43,2.40
2010.12.27 07:44:06.251,1.01101,1.01162,2.03,1.05
2010.12.27 07:44:08.281,1.01101,1.01163,4.43,1.05
2010.12.27 07:44:12.185,1.01103,1.01166,1.05,2.03
2010.12.27 07:44:17.620,1.01101,1.01166,2.03,1.43
2010.12.27 07:44:17.735,1.01101,1.01166,1.65,2.55
2010.12.27 07:44:19.154,1.01089,1.0116,4.47,2.03
2010.12.27 07:44:21.165,1.01094,1.0116,1.17,1.95
2010.12.27 07:44:22.264,1.01093,1.0116,1.05,2.18
2010.12.27 07:44:36.216,1.01089,1.0116,4.43,4.58
2010.12.27 07:44:36.436,1.01089,1.0116,4.43,1.80
2010.12.27 07:44:36.914,1.011,1.01155,2.03,1.50
2010.12.27 07:44:37.858,1.0111,1.0116,1.50,1.65
2010.12.27 07:44:38.185,1.0111,1.0116,1.50,1.80
2010.12.27 07:44:39.265,1.0111,1.01158,1.50,1.05
2010.12.27 07:44:40.585,1.0111,1.01157,1.50,1.05
2010.12.27 07:44:41.396,1.0111,1.0116,1.65,4.43
2010.12.27 07:44:41.505,1.0111,1.0116,1.50,2.03
2010.12.27 07:44:41.864,1.0111,1.0116,1.50,2.18
2010.12.27 07:44:41.980,1.01101,1.01158,1.80,1.28
2010.12.27 07:44:42.565,1.01101,1.01158,1.80,1.28
2010.12.27 07:44:43.345,1.01101,1.01154,1.80,1.50
2010.12.27 07:44:43.708,1.01101,1.01154,1.65,1.65
2010.12.27 07:44:45.356,1.01101,1.01154,1.58,1.65
2010.12.27 07:44:45.907,1.01101,1.01149,1.50,1.65
2010.12.27 07:44:46.016,1.01092,1.01149,1.65,2.03
2010.12.27 07:44:47.207,1.01089,1.0115,1.65,2.18
2010.12.27 07:44:49.316,1.01089,1.0115,1.58,4.35
2010.12.27 07:44:49.607,1.01101,1.01149,1.50,1.65
2010.12.27 07:44:50.046,1.01101,1.01154,1.50,4.20
2010.12.27 07:44:50.155,1.01101,1.01154,1.58,1.58
2010.12.27 07:44:50.264,1.01101,1.01154,1.50,1.65
2010.12.27 07:44:50.484,1.01101,1.01156,1.65,1.50
2010.12.27 07:44:51.611,1.01101,1.01156,1.65,1.65
2010.12.27 07:44:51.946,1.011,1.0115,1.65,1.50
2010.12.27 07:44:52.322,1.011,1.0115,1.65,1.65
2010.12.27 07:44:52.954,1.011,1.0115,1.65,2.40
2010.12.27 07:44:53.312,1.011,1.01147,1.65,1.05
2010.12.27 07:44:56.386,1.011,1.0115,1.65,2.40
2010.12.27 07:44:56.605,1.011,1.0115,1.80,2.25
2010.12.27 07:44:57.125,1.011,1.0115,1.58,2.33
2010.12.27 07:44:57.234,1.011,1.01147,1.65,1.05
2010.12.27 07:45:03.846,1.011,1.0115,1.65,2.40
2010.12.27 07:45:04.536,1.011,1.01152,1.65,1.05
2010.12.27 07:45:05.165,1.011,1.01156,1.58,2.78
2010.12.27 07:45:06.291,1.011,1.01153,1.50,1.09
2010.12.27 07:45:07.197,1.011,1.01148,1.65,1.05
2010.12.27 07:45:07.726,1.011,1.01152,1.80,1.05
2010.12.27 07:45:08.677,1.011,1.01147,1.50,1.28
2010.12.27 07:45:09.077,1.01101,1.01139,1.50,1.50
2010.12.27 07:45:09.405,1.01111,1.01147,1.50,1.13
2010.12.27 07:45:09.516,1.01101,1.01139,1.58,1.50
2010.12.27 07:45:09.810,1.011,1.0115,1.65,2.25
2010.12.27 07:45:09.927,1.011,1.01153,1.50,3.00
2010.12.27 07:45:10.368,1.011,1.01152,1.65,1.50
2010.12.27 07:45:10.700,1.011,1.0114,1.65,1.50
2010.12.27 07:45:11.227,1.011,1.0114,1.50,1.50
2010.12.27 07:45:12.226,1.011,1.0114,1.65,1.50
2010.12.27 07:45:30.798,1.0109,1.01139,1.80,1.50
2010.12.27 07:45:30.909,1.0109,1.01139,3.98,2.25
2010.12.27 07:45:31.246,1.011,1.0114,1.58,1.50
2010.12.27 07:45:34.835,1.01111,1.01149,1.50,1.80
2010.12.27 07:45:34.945,1.01111,1.01149,1.50,1.65
2010.12.27 07:45:35.274,1.01111,1.01149,1.50,1.65
2010.12.27 07:45:36.117,1.01111,1.01152,1.50,1.05
2010.12.27 07:45:36.914,1.01111,1.01158,1.50,1.09
2010.12.27 07:45:37.915,1.01111,1.01159,1.50,2.40
2010.12.27 07:45:38.135,1.01111,1.01159,1.50,1.65
2010.12.27 07:45:38.800,1.0111,1.01157,1.50,1.05
2010.12.27 07:45:39.146,1.01111,1.01149,1.50,1.50
2010.12.27 07:45:41.199,1.01111,1.01149,1.50,1.65
2010.12.27 07:45:48.235,1.01111,1.01149,1.50,1.65
2010.12.27 07:45:49.427,1.01111,1.01149,1.50,1.58
2010.12.27 07:45:49.645,1.01101,1.01147,1.58,1.20
2010.12.27 07:45:49.957,1.0109,1.01139,3.98,1.50
2010.12.27 07:45:50.066,1.0109,1.01144,1.65,2.40
2010.12.27 07:45:50.286,1.01089,1.01151,2.03,1.65
2010.12.27 07:45:51.454,1.01089,1.01151,2.03,2.40
2010.12.27 07:45:52.191,1.01089,1.01151,4.43,2.40
2010.12.27 07:45:55.035,1.0109,1.01151,2.03,2.70
2010.12.27 07:45:55.395,1.011,1.0115,1.50,2.33
2010.12.27 07:45:57.289,1.011,1.01147,1.50,1.09
2010.12.27 07:45:57.407,1.011,1.0115,1.80,2.40
2010.12.27 07:45:57.736,1.011,1.01147,1.65,1.05
2010.12.27 07:45:58.597,1.011,1.0115,1.80,2.40
2010.12.27 07:45:59.270,1.011,1.01147,1.65,1.05
2010.12.27 07:45:59.974,1.011,1.0115,1.50,1.65
2010.12.27 07:46:00.084,1.0109,1.01149,1.80,1.65
2010.12.27 07:46:00.305,1.0109,1.01144,1.65,1.65
2010.12.27 07:46:02.208,1.0109,1.01144,1.80,1.50
2010.12.27 07:46:07.936,1.0109,1.01144,1.50,2.03
2010.12.27 07:46:08.046,1.01091,1.01129,1.50,1.50
2010.12.27 07:46:08.437,1.011,1.0114,1.50,1.50
2010.12.27 07:46:08.646,1.01089,1.0114,1.80,1.50
2010.12.27 07:46:09.378,1.01089,1.0114,1.80,1.50
2010.12.27 07:46:10.361,1.0109,1.01144,1.80,2.25
2010.12.27 07:46:10.475,1.0109,1.01144,1.80,1.50
2010.12.27 07:46:10.906,1.0109,1.01144,1.80,2.25
2010.12.27 07:46:12.696,1.01101,1.01144,1.50,2.25
2010.12.27 07:46:12.806,1.01101,1.01144,1.50,1.50
2010.12.27 07:46:14.234,1.01101,1.01144,1.65,1.50
2010.12.27 07:46:15.212,1.01101,1.01144,1.80,1.50
2010.12.27 07:46:16.203,1.01101,1.01144,1.65,1.65
2010.12.27 07:46:28.435,1.01101,1.01139,1.50,1.50
2010.12.27 07:46:30.270,1.01101,1.01139,1.50,1.65
2010.12.27 07:46:35.437,1.01089,1.0114,1.80,1.50
2010.12.27 07:46:35.658,1.01089,1.01137,1.65,1.05
2010.12.27 07:46:39.299,1.011,1.01137,1.50,1.05
2010.12.27 07:46:39.407,1.011,1.0114,1.50,1.65
2010.12.27 07:46:48.889,1.011,1.0114,1.65,1.50
2010.12.27 07:46:49.206,1.01101,1.01144,1.58,2.25
2010.12.27 07:46:49.315,1.01101,1.01144,1.58,1.50
2010.12.27 07:46:50.547,1.01101,1.01144,1.80,1.50
2010.12.27 07:46:51.221,1.01101,1.01144,1.58,1.58
2010.12.27 07:46:53.475,1.011,1.01147,1.65,2.55
2010.12.27 07:46:56.934,1.011,1.01147,1.80,2.40
2010.12.27 07:46:58.117,1.011,1.01147,1.58,2.33
2010.12.27 07:46:59.413,1.011,1.01147,1.65,2.55
2010.12.27 07:47:00.414,1.011,1.01146,1.80,1.50
2010.12.27 07:47:01.077,1.011,1.01146,1.65,1.65
2010.12.27 07:47:01.507,1.011,1.01146,1.50,1.65
2010.12.27 07:47:01.725,1.01101,1.01139,1.50,1.50
2010.12.27 07:47:03.171,1.01101,1.01139,1.65,1.50
2010.12.27 07:47:07.635,1.011,1.0114,1.65,1.50
2010.12.27 07:47:10.061,1.011,1.0114,1.65,1.50
2010.12.27 07:47:10.395,1.01101,1.01146,1.65,1.50
2010.12.27 07:47:12.219,1.01101,1.01146,1.80,1.50
2010.12.27 07:47:13.194,1.01101,1.01146,1.58,1.58
2010.12.27 07:47:14.613,1.01101,1.01146,1.65,1.50
2010.12.27 07:47:14.725,1.01101,1.01139,1.65,1.50
2010.12.27 07:47:17.252,1.01101,1.01139,1.65,1.50
2010.12.27 07:47:22.647,1.01101,1.01139,1.50,1.65
2010.12.27 07:47:28.915,1.01101,1.01139,1.65,1.50
2010.12.27 07:47:37.598,1.0109,1.01139,1.80,1.50
2010.12.27 07:47:37.706,1.0109,1.01139,1.58,1.58
2010.12.27 07:47:39.307,1.0109,1.01139,1.80,1.65
2010.12.27 07:47:44.416,1.0109,1.01139,1.80,1.50
2010.12.27 07:47:44.745,1.01101,1.01139,1.50,1.50
2010.12.27 07:47:46.287,1.01101,1.01139,1.65,1.50
2010.12.27 07:47:55.290,1.01101,1.01139,1.50,1.58
2010.12.27 07:47:56.136,1.01101,1.01139,1.65,1.50
2010.12.27 07:47:58.176,1.01101,1.01139,1.50,1.50
2010.12.27 07:47:58.437,1.011,1.01147,1.50,1.05
2010.12.27 07:47:59.087,1.011,1.01153,1.50,2.40
2010.12.27 07:48:00.266,1.011,1.0116,1.65,1.80
2010.12.27 07:48:01.685,1.011,1.0116,1.50,4.17
2010.12.27 07:48:02.378,1.011,1.01158,1.58,1.09
2010.12.27 07:48:02.684,1.011,1.0116,1.50,4.17
2010.12.27 07:48:07.515,1.011,1.01157,1.58,1.09
2010.12.27 07:48:15.103,1.01101,1.01157,1.65,1.05
2010.12.27 07:48:16.086,1.011,1.01152,1.80,2.25
2010.12.27 07:48:16.195,1.011,1.0115,1.50,1.65
2010.12.27 07:48:16.951,1.011,1.01155,2.03,1.65
2010.12.27 07:48:17.158,1.011,1.01155,2.03,1.58
2010.12.27 07:48:17.831,1.011,1.01155,1.88,1.80
2010.12.27 07:48:18.347,1.01101,1.01149,1.50,1.65
2010.12.27 07:48:18.456,1.01101,1.01149,1.50,1.80
2010.12.27 07:48:20.397,1.01101,1.01149,1.65,1.80
2010.12.27 07:48:20.846,1.01101,1.01149,1.50,4.20
2010.12.27 07:48:23.694,1.011,1.01145,1.50,1.80
2010.12.27 07:48:27.914,1.01101,1.01144,1.50,1.80
2010.12.27 07:48:28.925,1.011,1.0115,1.50,4.20
2010.12.27 07:48:29.995,1.01101,1.01144,1.50,1.80
2010.12.27 07:48:30.446,1.01101,1.01139,1.65,1.50
2010.12.27 07:48:30.556,1.01101,1.01139,1.50,1.58
2010.12.27 07:48:36.316,1.01101,1.01144,1.50,1.65
2010.12.27 07:48:36.536,1.0109,1.01139,1.65,1.50
2010.12.27 07:48:36.756,1.0109,1.01139,1.65,1.65
2010.12.27 07:48:37.288,1.0109,1.01139,1.50,1.80
2010.12.27 07:48:38.203,1.0109,1.01139,1.50,4.20
2010.12.27 07:48:38.942,1.0109,1.01139,1.65,1.80
2010.12.27 07:48:54.337,1.0109,1.01142,1.80,2.25
2010.12.27 07:48:54.446,1.0109,1.01147,1.80,1.65
2010.12.27 07:48:56.696,1.01089,1.0114,1.65,1.50
2010.12.27 07:48:57.486,1.01089,1.0114,1.58,1.58
2010.12.27 07:48:59.277,1.01089,1.0114,1.65,1.80
2010.12.27 07:49:22.807,1.01081,1.0114,1.65,1.80
2010.12.27 07:49:22.915,1.01081,1.0114,1.58,3.98
2010.12.27 07:49:31.065,1.01079,1.0114,1.80,1.65
2010.12.27 07:49:33.256,1.0109,1.01139,1.50,1.80
2010.12.27 07:49:34.715,1.0109,1.01139,1.65,1.50
2010.12.27 07:49:34.825,1.01089,1.01144,2.03,1.65
2010.12.27 07:49:34.936,1.01089,1.01143,1.58,2.40
2010.12.27 07:49:35.429,1.01089,1.0114,1.58,1.65
2010.12.27 07:49:36.255,1.01079,1.0114,2.55,1.50
2010.12.27 07:49:36.586,1.01079,1.0114,1.65,1.80
2010.12.27 07:49:38.618,1.01079,1.0114,1.80,1.65
2010.12.27 07:49:41.146,1.01079,1.0114,1.65,1.80
2010.12.27 07:49:45.205,1.01079,1.0114,2.55,1.65
2010.12.27 07:49:46.112,1.01079,1.0114,2.40,1.80
2010.12.27 07:49:46.661,1.01079,1.0114,2.55,1.65
2010.12.27 07:49:48.999,1.01079,1.0114,2.40,1.80
2010.12.27 07:49:50.546,1.01079,1.0114,2.78,1.80
2010.12.27 07:49:50.878,1.0108,1.01142,2.03,1.80
2010.12.27 07:49:51.425,1.0108,1.01142,2.03,1.65
2010.12.27 07:49:52.236,1.0108,1.01142,2.18,1.65
2010.12.27 07:49:53.280,1.0108,1.01142,4.43,1.65
2010.12.27 07:49:54.401,1.0108,1.01142,4.58,1.65
2010.12.27 07:49:56.405,1.0108,1.01142,4.43,1.65
2010.12.27 07:49:58.166,1.0108,1.01142,4.58,1.65
2010.12.27 07:49:58.646,1.0108,1.01142,2.18,1.80
2010.12.27 07:50:05.223,1.01079,1.01142,4.35,1.65
2010.12.27 07:50:12.105,1.01079,1.01141,2.40,1.20
2010.12.27 07:50:12.341,1.01079,1.01141,2.40,1.28
2010.12.27 07:50:14.216,1.0108,1.01139,1.65,1.65
2010.12.27 07:50:14.325,1.0108,1.01139,1.65,1.80
2010.12.27 07:50:15.157,1.0108,1.01139,1.80,1.65
2010.12.27 07:50:16.381,1.0108,1.01139,3.98,1.58
2010.12.27 07:50:20.477,1.01087,1.01139,2.33,1.65
2010.12.27 07:50:20.677,1.0109,1.01139,1.50,1.65
2010.12.27 07:50:22.480,1.0109,1.01139,1.50,1.80
2010.12.27 07:50:23.254,1.0109,1.01139,1.65,1.80
2010.12.27 07:50:31.850,1.0109,1.01139,1.58,1.65
2010.12.27 07:50:32.484,1.0109,1.01139,1.65,1.80
2010.12.27 07:50:32.847,1.0109,1.01139,1.65,1.58
2010.12.27 07:50:32.964,1.0108,1.01134,1.80,1.50
2010.12.27 07:50:33.078,1.0108,1.01139,1.80,1.65
2010.12.27 07:50:33.187,1.0108,1.01139,1.65,1.80
2010.12.27 07:50:35.947,1.0108,1.01134,1.80,1.50
2010.12.27 07:50:36.275,1.01079,1.0113,1.80,1.50
2010.12.27 07:50:36.905,1.01079,1.0113,1.65,1.50
2010.12.27 07:50:37.325,1.01079,1.0114,1.80,1.65
2010.12.27 07:50:38.240,1.01079,1.0114,1.80,1.80
2010.12.27 07:50:39.267,1.01079,1.0114,4.20,1.80
2010.12.27 07:50:50.710,1.01079,1.0114,1.80,4.20
2010.12.27 07:51:00.808,1.01079,1.01132,1.65,3.15
2010.12.27 07:51:01.520,1.0108,1.01129,1.65,1.65
2010.12.27 07:51:01.898,1.0108,1.01129,1.80,1.50
2010.12.27 07:51:04.296,1.0108,1.01129,1.80,1.65
2010.12.27 07:51:06.476,1.01091,1.01129,1.50,1.65
2010.12.27 07:51:06.943,1.01091,1.01129,1.50,2.40
2010.12.27 07:51:09.640,1.01091,1.01129,1.50,4.65
2010.12.27 07:51:09.941,1.01091,1.01129,1.50,2.40
2010.12.27 07:51:10.047,1.01089,1.01128,1.50,1.05
2010.12.27 07:51:10.157,1.01089,1.0113,1.50,2.40
2010.12.27 07:51:10.672,1.01089,1.01132,1.50,1.05
2010.12.27 07:51:11.867,1.01089,1.01137,1.50,2.33
2010.12.27 07:51:12.026,1.01089,1.01137,1.50,1.20
2010.12.27 07:51:12.610,1.01089,1.01137,1.50,2.33
2010.12.27 07:51:12.839,1.01089,1.01137,1.50,1.20
2010.12.27 07:51:30.446,1.01089,1.01137,1.50,1.43
2010.12.27 07:51:30.556,1.01089,1.01132,1.50,3.15
2010.12.27 07:51:30.666,1.01082,1.01122,1.58,2.25
2010.12.27 07:51:30.886,1.01086,1.01124,1.50,2.25
2010.12.27 07:51:32.853,1.01087,1.01124,2.25,2.25
2010.12.27 07:51:33.077,1.01094,1.01134,1.50,2.40
2010.12.27 07:51:33.323,1.01096,1.01134,1.50,2.25
2010.12.27 07:51:33.550,1.011,1.01145,1.50,1.50
2010.12.27 07:51:33.667,1.011,1.01145,1.50,1.65
2010.12.27 07:51:33.996,1.011,1.0114,1.50,1.50
2010.12.27 07:51:35.267,1.011,1.0114,1.50,1.80
2010.12.27 07:51:36.259,1.011,1.0114,1.50,1.65
2010.12.27 07:51:37.243,1.011,1.0114,1.50,1.80
2010.12.27 07:51:47.916,1.01089,1.0114,1.50,1.80
2010.12.27 07:51:48.248,1.01089,1.0114,1.65,1.65
2010.12.27 07:51:48.467,1.01089,1.0114,1.50,1.80
2010.12.27 07:51:48.778,1.01091,1.01129,1.50,1.50
2010.12.27 07:51:49.196,1.01091,1.01129,1.65,1.50
2010.12.27 07:51:49.869,1.01091,1.01129,1.50,1.65
2010.12.27 07:51:55.965,1.01091,1.01129,1.58,1.58
2010.12.27 07:51:56.575,1.01091,1.01129,1.65,1.50
2010.12.27 07:51:56.686,1.01091,1.01129,1.50,1.65
2010.12.27 07:51:58.296,1.01091,1.01129,1.65,1.50
2010.12.27 07:52:07.166,1.01091,1.01129,1.50,1.65
2010.12.27 07:52:07.389,1.01085,1.01125,1.65,1.50
2010.12.27 07:52:07.607,1.01085,1.01125,1.50,1.50
2010.12.27 07:52:08.956,1.01085,1.01125,1.50,1.65
2010.12.27 07:52:15.206,1.0109,1.0113,1.50,1.65
2010.12.27 07:52:15.536,1.0109,1.0113,1.50,1.50
2010.12.27 07:52:15.646,1.01096,1.01134,1.50,1.65
2010.12.27 07:52:15.949,1.0109,1.0113,1.50,1.65
2010.12.27 07:52:17.218,1.0109,1.0113,1.50,1.65
2010.12.27 07:52:18.210,1.0109,1.0113,1.58,1.58
2010.12.27 07:52:19.207,1.0109,1.0113,1.65,1.50
2010.12.27 07:52:20.359,1.0109,1.0113,1.50,1.65
2010.12.27 07:52:20.686,1.01079,1.0113,1.80,1.65
2010.12.27 07:52:21.097,1.01079,1.0113,1.65,1.65
2010.12.27 07:52:21.389,1.0109,1.0113,1.50,1.65
2010.12.27 07:52:21.715,1.01079,1.0113,4.20,1.50
2010.12.27 07:52:37.038,1.01079,1.0113,4.20,1.50
2010.12.27 07:52:37.588,1.0109,1.01139,1.65,4.43
2010.12.27 07:52:37.967,1.0109,1.01139,1.88,1.80
2010.12.27 07:52:38.077,1.0109,1.01149,2.03,1.80
2010.12.27 07:52:38.387,1.0109,1.01149,2.03,1.65
2010.12.27 07:52:38.497,1.01097,1.01149,2.33,1.58
2010.12.27 07:52:38.879,1.01097,1.01153,2.25,2.40
2010.12.27 07:52:38.988,1.0109,1.01159,1.65,1.80
2010.12.27 07:52:39.512,1.0109,1.01159,1.80,1.80
2010.12.27 07:52:41.094,1.0109,1.01159,1.65,3.98
2010.12.27 07:52:42.667,1.01089,1.01151,4.28,1.13
2010.12.27 07:52:42.982,1.0109,1.01149,2.03,1.50
2010.12.27 07:52:43.318,1.0109,1.01144,1.65,1.50
2010.12.27 07:52:43.426,1.01081,1.0115,4.20,2.25
2010.12.27 07:52:44.084,1.01089,1.0115,2.03,2.25
2010.12.27 07:52:44.686,1.01089,1.0115,2.03,2.25
2010.12.27 07:52:44.796,1.01089,1.0115,2.03,1.50
2010.12.27 07:52:44.905,1.01089,1.0115,4.43,1.50
2010.12.27 07:52:45.255,1.01089,1.0115,4.43,2.40
2010.12.27 07:52:52.129,1.0109,1.0115,1.39,2.25
2010.12.27 07:52:52.848,1.01089,1.0115,4.28,2.40
2010.12.27 07:52:54.705,1.0109,1.0115,1.39,2.25
2010.12.27 07:52:58.784,1.0109,1.0115,1.39,2.25
2010.12.27 07:53:14.809,1.0109,1.01149,4.92,2.33
2010.12.27 07:53:15.336,1.0109,1.01149,2.18,2.40
2010.12.27 07:53:28.371,1.0109,1.01149,5.14,2.25
2010.12.27 07:53:28.751,1.0109,1.01149,5.10,2.25
2010.12.27 07:53:28.870,1.0109,1.01149,4.92,1.58
2010.12.27 07:53:29.827,1.0109,1.01149,4.92,2.33
2010.12.27 07:53:30.408,1.0109,1.01149,2.18,2.40
2010.12.27 07:53:30.738,1.0109,1.01149,5.14,2.25
2010.12.27 07:53:31.538,1.0109,1.01149,5.14,1.50
2010.12.27 07:53:39.415,1.0109,1.01149,4.20,1.88
2010.12.27 07:53:39.746,1.01089,1.0114,1.80,1.50
2010.12.27 07:53:41.209,1.01089,1.0114,4.20,1.50
2010.12.27 07:53:41.994,1.01089,1.0114,4.20,1.50
2010.12.27 07:53:42.328,1.01088,1.0114,2.40,1.50
2010.12.27 07:53:42.906,1.0108,1.01139,4.20,1.50
2010.12.27 07:53:43.350,1.0108,1.01139,1.80,1.50
2010.12.27 07:53:45.241,1.0108,1.01139,4.20,1.50
2010.12.27 07:53:46.676,1.0108,1.01139,4.17,1.50
2010.12.27 07:53:48.363,1.0108,1.01139,4.58,1.50
2010.12.27 07:53:49.359,1.01089,1.0114,1.80,1.50
2010.12.27 07:53:49.688,1.01089,1.0114,4.20,1.50
2010.12.27 07:53:50.416,1.01089,1.0114,4.28,1.50
2010.12.27 07:53:50.635,1.01089,1.0115,4.28,1.58
2010.12.27 07:53:51.908,1.0109,1.0115,1.39,1.50
2010.12.27 07:53:52.545,1.01089,1.0115,4.43,1.65
2010.12.27 07:53:53.871,1.0109,1.0115,1.39,1.50
2010.12.27 07:53:55.894,1.01089,1.0115,4.43,1.65
2010.12.27 07:53:57.394,1.0109,1.0115,1.17,1.58
2010.12.27 07:54:05.156,1.0109,1.0115,1.39,1.50
2010.12.27 07:54:05.381,1.01089,1.0115,4.43,1.65
2010.12.27 07:54:05.606,1.0109,1.0115,1.17,1.58
2010.12.27 07:54:05.715,1.0109,1.0115,1.39,1.50
2010.12.27 07:54:11.478,1.0109,1.0115,1.35,1.50
2010.12.27 07:54:14.466,1.0109,1.0115,1.17,1.58
2010.12.27 07:54:14.967,1.0109,1.0115,1.35,1.50
2010.12.27 07:54:15.936,1.0109,1.01139,5.10,1.50
2010.12.27 07:54:16.048,1.0109,1.01139,3.98,1.50
2010.12.27 07:54:17.246,1.0109,1.01139,4.20,1.50
2010.12.27 07:54:19.567,1.01101,1.01139,1.65,1.50
2010.12.27 07:54:20.042,1.0109,1.01139,3.98,1.50
2010.12.27 07:54:20.159,1.0109,1.01139,4.17,1.50
2010.12.27 07:54:20.813,1.0109,1.01139,3.98,1.50
2010.12.27 07:54:21.656,1.0109,1.01143,4.20,2.25
2010.12.27 07:54:21.765,1.0109,1.01149,4.20,1.50
2010.12.27 07:54:22.506,1.0109,1.01149,4.17,1.50
2010.12.27 07:54:22.876,1.0109,1.01149,3.98,1.58
2010.12.27 07:54:25.617,1.011,1.0115,1.65,1.50
2010.12.27 07:54:25.946,1.01092,1.01159,1.95,1.65
2010.12.27 07:54:28.916,1.01092,1.01159,1.73,1.65
2010.12.27 07:54:31.267,1.01092,1.01159,3.98,1.58
2010.12.27 07:54:40.365,1.01092,1.01159,4.17,1.58
2010.12.27 07:54:40.915,1.01092,1.01159,1.73,1.58
2010.12.27 07:54:41.426,1.01092,1.01159,4.17,1.58
2010.12.27 07:54:44.213,1.01092,1.01159,1.73,1.58
2010.12.27 07:54:46.083,1.01092,1.01159,4.17,1.58
2010.12.27 07:54:48.172,1.01092,1.01159,3.98,1.58
2010.12.27 07:54:48.962,1.01092,1.01159,4.17,1.58
2010.12.27 07:54:49.856,1.01092,1.01159,3.98,1.58
2010.12.27 07:54:50.392,1.01092,1.01159,4.17,1.58
2010.12.27 07:54:52.379,1.01092,1.01159,1.73,1.58
2010.12.27 07:54:55.635,1.01091,1.0116,4.17,1.58
2010.12.27 07:54:58.393,1.01091,1.0116,3.98,1.58
2010.12.27 07:55:09.646,1.0111,1.0116,1.50,1.58
2010.12.27 07:55:09.977,1.0111,1.0116,1.50,1.65
2010.12.27 07:55:11.287,1.0111,1.0116,1.65,1.65
2010.12.27 07:55:12.278,1.0111,1.0116,1.80,1.65
2010.12.27 07:55:13.337,1.0111,1.0116,1.58,1.65
2010.12.27 07:55:14.060,1.0111,1.0116,1.65,1.80
2010.12.27 07:55:22.606,1.0111,1.0116,1.65,1.58
2010.12.27 07:55:26.875,1.01111,1.01159,1.65,1.65
2010.12.27 07:55:26.985,1.0112,1.0116,1.50,1.65
2010.12.27 07:55:28.254,1.0112,1.0116,1.50,1.65
2010.12.27 07:55:31.241,1.0112,1.0116,1.58,1.58
2010.12.27 07:55:39.363,1.0112,1.0116,1.65,1.50
2010.12.27 07:55:42.247,1.0112,1.0116,1.50,1.65
2010.12.27 07:55:43.610,1.0112,1.0116,1.50,1.65
2010.12.27 07:55:44.823,1.0112,1.0116,1.58,1.58
2010.12.27 07:55:45.047,1.0112,1.0116,1.50,1.65
2010.12.27 07:55:46.573,1.0112,1.0116,1.65,1.50
2010.12.27 07:55:48.368,1.0112,1.0116,1.50,1.50
2010.12.27 07:55:50.256,1.0112,1.0116,1.58,1.58
2010.12.27 07:56:31.028,1.01115,1.01155,1.65,1.50
2010.12.27 07:56:31.311,1.01115,1.01155,1.65,1.50
2010.12.27 07:56:33.226,1.01115,1.01155,1.58,1.58
2010.12.27 07:56:37.180,1.01115,1.01155,1.50,1.65
2010.12.27 07:56:37.889,1.011,1.0114,1.80,1.50
2010.12.27 07:56:40.254,1.011,1.0114,1.65,1.50
2010.12.27 07:56:46.366,1.011,1.0114,1.80,1.50
2010.12.27 07:56:46.586,1.011,1.01152,2.18,2.40
2010.12.27 07:56:46.917,1.011,1.01157,1.95,2.97
2010.12.27 07:56:47.356,1.01101,1.01149,1.65,1.50
2010.12.27 07:56:47.689,1.01089,1.0115,6.98,1.50
2010.12.27 07:56:49.202,1.01089,1.0115,5.52,1.50
2010.12.27 07:56:50.205,1.01089,1.0115,5.10,1.50
2010.12.27 07:56:52.359,1.01089,1.0115,5.52,1.65
2010.12.27 07:56:58.802,1.01089,1.0115,5.14,1.80
2010.12.27 07:57:15.735,1.01089,1.0115,5.10,1.58
2010.12.27 07:57:24.711,1.01089,1.0115,5.14,1.80
2010.12.27 07:57:32.721,1.01089,1.0115,5.52,1.65
2010.12.27 07:57:34.745,1.01089,1.0115,5.14,1.80
2010.12.27 07:57:36.779,1.01089,1.0115,5.52,1.65
2010.12.27 07:57:39.320,1.01089,1.0115,5.14,1.80
2010.12.27 07:57:44.847,1.01089,1.0115,5.10,1.58
2010.12.27 07:57:45.165,1.01089,1.0115,5.14,1.65
2010.12.27 07:57:47.337,1.01101,1.01149,1.80,1.65
2010.12.27 07:57:49.144,1.01101,1.01149,1.65,1.80
2010.12.27 07:57:50.133,1.01101,1.01149,1.65,1.58
2010.12.27 07:58:01.246,1.01101,1.01149,1.50,1.65
2010.12.27 07:58:01.363,1.01097,1.0115,2.33,1.65
2010.12.27 07:58:09.061,1.01091,1.0115,1.80,1.50
2010.12.27 07:58:09.279,1.01091,1.01156,1.95,1.65
2010.12.27 07:58:09.387,1.01091,1.01156,4.43,1.65
2010.12.27 07:58:10.171,1.0109,1.01156,4.47,1.58
2010.12.27 07:58:10.647,1.0109,1.01156,2.18,1.50
2010.12.27 07:58:10.866,1.01092,1.01157,1.17,1.58
2010.12.27 07:58:12.578,1.0109,1.01156,4.43,2.03
2010.12.27 07:58:13.123,1.0109,1.01156,4.43,1.88
2010.12.27 07:58:14.193,1.01092,1.01156,1.05,1.88
2010.12.27 07:58:15.346,1.01093,1.01156,1.05,2.03
2010.12.27 07:58:15.733,1.0109,1.01156,4.43,2.18
2010.12.27 07:58:21.341,1.01093,1.01156,1.05,2.03
2010.12.27 07:58:25.988,1.0109,1.01156,4.43,2.18
2010.12.27 07:58:32.633,1.01092,1.01156,1.05,1.28
2010.12.27 07:58:32.968,1.0109,1.01149,1.80,1.65
2010.12.27 07:58:34.262,1.0109,1.01149,1.80,1.80
2010.12.27 07:58:35.272,1.0109,1.01149,1.80,4.20
2010.12.27 07:58:37.230,1.0109,1.01149,4.20,1.80
2010.12.27 07:58:37.456,1.0109,1.01149,1.80,1.80
2010.12.27 07:58:37.677,1.01099,1.0115,1.50,1.80
2010.12.27 07:58:38.117,1.0109,1.01149,4.20,1.65
2010.12.27 07:58:38.363,1.0109,1.01149,1.65,1.65
2010.12.27 07:58:40.231,1.0109,1.01149,1.65,3.98
2010.12.27 07:58:57.765,1.0109,1.01147,4.20,1.05
2010.12.27 07:58:58.267,1.0109,1.01147,1.80,1.20
2010.12.27 07:58:59.381,1.0109,1.01148,1.65,1.09
2010.12.27 07:59:26.630,1.01089,1.0115,4.20,4.43
2010.12.27 07:59:36.687,1.01089,1.0115,1.65,4.47
2010.12.27 07:59:36.797,1.01089,1.0114,1.80,1.50
2010.12.27 07:59:37.367,1.01089,1.0114,1.65,1.65
2010.12.27 07:59:38.188,1.01089,1.0114,1.65,1.80
