2016.04.22 20:00:00.217,0.97705,0.97742,1.00,1.50
2016.04.22 20:00:00.268,0.97709,0.97744,1.00,1.12
2016.04.22 20:00:00.420,0.97708,0.97745,1.00,1.37
2016.04.22 20:00:00.785,0.97703,0.97746,2.62,1.75
2016.04.22 20:00:00.886,0.97708,0.97747,1.00,2.25
2016.04.22 20:00:02.349,0.97709,0.97746,1.00,1.75
2016.04.22 20:00:03.439,0.97708,0.97747,1.00,1.87
2016.04.22 20:00:03.691,0.97709,0.97746,1.00,1.50
2016.04.22 20:00:04.235,0.97708,0.97747,1.12,1.75
2016.04.22 20:00:04.437,0.97704,0.97741,1.87,1.00
2016.04.22 20:00:05.541,0.97709,0.97746,1.00,1.87
2016.04.22 20:00:05.990,0.97703,0.97742,1.87,1.00
2016.04.22 20:00:06.499,0.97704,0.97741,1.75,1.00
2016.04.22 20:00:07.023,0.97705,0.97742,1.00,1.12
2016.04.22 20:00:07.175,0.97709,0.97746,1.00,1.75
2016.04.22 20:00:08.407,0.97705,0.97741,1.00,1.00
2016.04.22 20:00:08.659,0.97704,0.97741,1.50,1.00
2016.04.22 20:00:10.688,0.97709,0.97746,1.00,3.37
2016.04.22 20:00:11.267,0.97708,0.97742,1.00,1.00
2016.04.22 20:00:14.236,0.97709,0.97741,1.00,1.00
2016.04.22 20:00:16.623,0.97704,0.97736,1.50,1.00
2016.04.22 20:00:16.876,0.97708,0.97742,1.00,1.00
2016.04.22 20:00:18.527,0.97709,0.97741,1.00,1.00
2016.04.22 20:00:20.258,0.97703,0.97741,1.12,1.00
2016.04.22 20:00:20.359,0.97703,0.97741,1.75,1.00
2016.04.22 20:00:20.460,0.97704,0.97741,1.12,1.00
2016.04.22 20:00:20.763,0.97709,0.97741,1.00,1.00
2016.04.22 20:00:21.675,0.97713,0.97746,1.00,1.00
2016.04.22 20:00:22.020,0.97708,0.97742,1.00,1.00
2016.04.22 20:00:22.609,0.97709,0.97741,1.00,1.00
2016.04.22 20:00:23.128,0.97708,0.97742,1.00,1.00
2016.04.22 20:00:24.211,0.97709,0.97741,1.00,1.00
2016.04.22 20:00:24.564,0.97704,0.97736,1.87,1.00
2016.04.22 20:00:24.893,0.97709,0.97741,1.00,1.00
2016.04.22 20:00:25.243,0.97708,0.97742,1.87,1.00
2016.04.22 20:00:25.646,0.97703,0.97742,1.87,1.00
2016.04.22 20:00:25.748,0.97704,0.97742,1.00,1.00
2016.04.22 20:00:25.899,0.97709,0.97741,1.00,1.00
2016.04.22 20:00:26.007,0.97703,0.97737,1.50,1.00
2016.04.22 20:00:27.401,0.97704,0.97736,1.12,1.00
2016.04.22 20:00:28.310,0.97703,0.97737,1.12,1.00
2016.04.22 20:00:28.859,0.97704,0.97736,1.00,1.00
2016.04.22 20:00:34.906,0.97703,0.97737,1.00,1.00
2016.04.22 20:00:36.006,0.97704,0.97736,1.00,1.00
2016.04.22 20:00:36.989,0.97703,0.97737,1.00,1.50
2016.04.22 20:00:38.413,0.97704,0.97736,1.00,1.00
2016.04.22 20:00:41.034,0.97703,0.97737,1.00,1.12
2016.04.22 20:00:41.729,0.97704,0.97736,1.00,1.00
2016.04.22 20:00:42.483,0.97703,0.97737,1.00,1.12
2016.04.22 20:00:43.018,0.97703,0.97737,1.12,1.37
2016.04.22 20:00:44.733,0.97703,0.97737,1.12,1.12
2016.04.22 20:00:44.935,0.97699,0.97731,1.50,1.00
2016.04.22 20:00:45.339,0.97698,0.97736,1.00,1.12
2016.04.22 20:00:45.540,0.97699,0.97736,1.87,1.50
2016.04.22 20:00:45.692,0.97703,0.97737,1.37,1.00
2016.04.22 20:00:46.222,0.97703,0.97737,1.37,1.00
2016.04.22 20:00:47.194,0.97704,0.97736,1.37,1.00
2016.04.22 20:00:47.773,0.97704,0.97736,1.37,1.00
2016.04.22 20:00:49.457,0.97703,0.97737,1.37,1.00
2016.04.22 20:00:49.897,0.97704,0.97736,1.12,1.00
2016.04.22 20:00:51.374,0.97703,0.97737,1.00,1.00
2016.04.22 20:00:51.827,0.97701,0.97742,1.12,1.12
2016.04.22 20:00:52.483,0.97704,0.97741,1.00,1.00
2016.04.22 20:00:53.012,0.97703,0.97742,1.00,1.12
2016.04.22 20:00:53.905,0.97704,0.97741,1.00,1.00
2016.04.22 20:00:56.763,0.97703,0.97742,1.00,1.12
2016.04.22 20:00:57.273,0.97704,0.97741,1.00,1.00
2016.04.22 20:00:57.902,0.97703,0.97742,1.00,1.12
2016.04.22 20:00:58.963,0.97704,0.97741,1.00,1.00
2016.04.22 20:01:01.354,0.97704,0.97741,1.00,1.37
2016.04.22 20:01:02.004,0.97704,0.97741,1.50,1.00
2016.04.22 20:01:04.387,0.97704,0.97741,1.12,1.37
2016.04.22 20:01:04.828,0.97704,0.97741,1.12,1.37
2016.04.22 20:01:05.230,0.97704,0.97741,1.12,1.00
2016.04.22 20:01:07.584,0.97709,0.97743,1.00,1.37
2016.04.22 20:01:08.086,0.97709,0.97743,1.00,1.37
2016.04.22 20:01:08.136,0.97704,0.97741,1.50,1.00
2016.04.22 20:01:08.702,0.97703,0.97742,1.50,1.00
2016.04.22 20:01:09.362,0.97704,0.97741,1.12,1.00
2016.04.22 20:01:10.439,0.97703,0.97742,1.50,1.00
2016.04.22 20:01:10.742,0.97703,0.97737,1.50,1.00
2016.04.22 20:01:11.283,0.97704,0.97736,1.12,1.00
2016.04.22 20:01:11.785,0.97703,0.97737,1.50,1.00
2016.04.22 20:01:12.188,0.97709,0.97741,1.00,1.00
2016.04.22 20:01:12.749,0.97704,0.97743,1.50,1.00
2016.04.22 20:01:13.014,0.97709,0.97745,1.00,2.62
2016.04.22 20:01:13.165,0.97703,0.97742,1.50,1.00
2016.04.22 20:01:13.373,0.97709,0.97745,1.00,1.87
2016.04.22 20:01:16.262,0.97703,0.97742,1.50,1.00
2016.04.22 20:01:16.773,0.97703,0.97741,1.00,1.00
2016.04.22 20:01:19.659,0.97708,0.97742,1.00,1.37
2016.04.22 20:01:21.560,0.9771,0.97747,1.00,3.00
2016.04.22 20:01:21.661,0.97714,0.97747,1.00,1.00
2016.04.22 20:01:21.763,0.97714,0.97749,1.00,1.00
2016.04.22 20:01:21.864,0.97714,0.97749,1.00,1.37
2016.04.22 20:01:22.386,0.97713,0.97747,1.00,1.00
2016.04.22 20:01:22.504,0.9771,0.97746,1.00,1.00
2016.04.22 20:01:23.084,0.9771,0.97747,1.00,1.00
2016.04.22 20:01:23.568,0.97704,0.97749,1.75,1.87
2016.04.22 20:01:23.669,0.97704,0.97748,1.75,1.12
2016.04.22 20:01:26.948,0.97704,0.97749,1.87,1.37
2016.04.22 20:01:29.198,0.97704,0.97749,1.75,1.12
2016.04.22 20:01:29.349,0.9771,0.97752,1.12,2.62
2016.04.22 20:01:29.875,0.97714,0.97751,1.00,1.87
2016.04.22 20:01:30.379,0.97713,0.97751,1.12,1.37
2016.04.22 20:01:32.126,0.97713,0.97752,1.50,1.87
2016.04.22 20:01:32.177,0.97713,0.97752,1.75,1.00
2016.04.22 20:01:32.450,0.97713,0.97752,1.12,1.87
2016.04.22 20:01:33.315,0.97713,0.97752,1.12,1.87
2016.04.22 20:01:33.865,0.97713,0.97751,1.12,1.00
2016.04.22 20:01:34.404,0.97714,0.97754,1.37,1.12
2016.04.22 20:01:34.455,0.97715,0.97754,1.00,1.37
2016.04.22 20:01:34.621,0.97715,0.97746,1.00,1.00
2016.04.22 20:01:35.405,0.97715,0.97751,1.12,1.00
2016.04.22 20:01:35.619,0.97719,0.97751,1.00,1.00
2016.04.22 20:01:38.355,0.97715,0.97754,1.87,1.00
2016.04.22 20:01:38.713,0.97719,0.97754,1.00,1.00
2016.04.22 20:01:39.257,0.97715,0.97751,2.25,1.00
2016.04.22 20:01:39.928,0.97715,0.97751,2.62,1.00
2016.04.22 20:01:43.736,0.97715,0.97752,2.62,1.00
2016.04.22 20:01:44.282,0.97718,0.97754,1.00,1.00
2016.04.22 20:01:44.838,0.97719,0.97754,1.00,1.00
2016.04.22 20:01:46.642,0.97718,0.97754,1.00,1.00
2016.04.22 20:01:47.522,0.97719,0.97754,1.00,1.00
2016.04.22 20:01:47.724,0.97719,0.97751,1.00,1.00
2016.04.22 20:01:49.012,0.97718,0.97752,1.50,1.00
2016.04.22 20:01:49.578,0.97719,0.97751,1.12,1.00
2016.04.22 20:01:50.125,0.97718,0.97752,1.50,1.00
2016.04.22 20:01:50.268,0.97715,0.97757,1.75,1.12
2016.04.22 20:01:50.800,0.97719,0.97756,1.12,1.00
2016.04.22 20:01:51.401,0.97719,0.97755,1.00,1.00
2016.04.22 20:01:57.192,0.97718,0.97755,1.00,1.12
2016.04.22 20:01:57.802,0.97719,0.97755,1.00,1.00
2016.04.22 20:01:58.355,0.97719,0.97752,1.00,1.00
2016.04.22 20:01:58.717,0.97715,0.97747,1.12,1.00
2016.04.22 20:02:02.914,0.97714,0.97746,3.00,1.00
2016.04.22 20:02:03.483,0.97715,0.97746,1.00,1.00
2016.04.22 20:02:03.684,0.97719,0.97751,1.00,1.00
2016.04.22 20:02:07.830,0.97718,0.97746,1.37,1.00
2016.04.22 20:02:08.400,0.97718,0.97756,1.37,1.12
2016.04.22 20:02:08.451,0.97718,0.97756,1.75,1.12
2016.04.22 20:02:08.754,0.97718,0.97752,1.75,1.00
2016.04.22 20:02:09.362,0.97719,0.97751,2.25,1.00
2016.04.22 20:02:11.391,0.97715,0.97746,1.75,1.00
2016.04.22 20:02:11.441,0.97715,0.97746,1.37,1.00
2016.04.22 20:02:11.492,0.97718,0.97757,1.37,2.62
2016.04.22 20:02:11.543,0.97718,0.97757,1.00,3.37
2016.04.22 20:02:11.708,0.97718,0.97754,1.00,1.50
2016.04.22 20:02:11.809,0.97714,0.97751,1.50,1.00
2016.04.22 20:02:12.581,0.97713,0.97757,1.87,3.37
2016.04.22 20:02:12.799,0.97714,0.97746,1.50,1.00
2016.04.22 20:02:14.751,0.97719,0.97751,1.00,1.00
2016.04.22 20:02:18.604,0.97715,0.97746,1.00,1.00
2016.04.22 20:02:18.841,0.97717,0.97756,1.12,1.00
2016.04.22 20:02:19.362,0.97719,0.97757,1.37,1.87
2016.04.22 20:02:19.531,0.97718,0.97752,1.50,1.00
2016.04.22 20:02:20.141,0.97716,0.97756,1.12,1.12
2016.04.22 20:02:20.243,0.97716,0.97755,1.37,1.00
2016.04.22 20:02:20.293,0.97719,0.97751,1.00,1.00
2016.04.22 20:02:20.802,0.97718,0.97752,1.00,1.00
2016.04.22 20:02:21.353,0.97719,0.97751,1.00,1.00
2016.04.22 20:02:23.888,0.97716,0.97746,1.12,1.00
2016.04.22 20:02:23.992,0.97716,0.97755,1.12,1.00
2016.04.22 20:02:24.237,0.97718,0.97755,1.00,1.00
2016.04.22 20:02:26.081,0.97719,0.97755,1.00,1.00
2016.04.22 20:02:27.512,0.97719,0.97751,1.00,1.00
2016.04.22 20:02:27.951,0.97716,0.97747,1.00,1.00
2016.04.22 20:02:28.611,0.97716,0.97746,1.00,1.00
2016.04.22 20:02:33.151,0.97716,0.97755,1.00,1.00
2016.04.22 20:02:33.353,0.97716,0.97752,1.00,1.00
2016.04.22 20:02:33.878,0.97716,0.97752,1.37,1.00
2016.04.22 20:02:34.382,0.97716,0.97752,1.00,1.00
2016.04.22 20:02:35.472,0.97716,0.97751,1.00,1.00
2016.04.22 20:02:37.656,0.97717,0.97751,2.25,1.00
2016.04.22 20:02:38.181,0.97718,0.97751,1.00,1.00
2016.04.22 20:02:38.483,0.97718,0.97752,1.50,1.00
2016.04.22 20:02:38.584,0.97717,0.97752,1.12,1.00
2016.04.22 20:02:39.138,0.97718,0.97752,1.00,1.00
2016.04.22 20:02:39.747,0.97714,0.97752,1.12,1.00
2016.04.22 20:02:40.767,0.97719,0.97756,1.00,1.50
2016.04.22 20:02:41.447,0.97715,0.97751,1.12,1.00
2016.04.22 20:02:42.304,0.97719,0.97756,1.00,1.50
2016.04.22 20:02:42.858,0.97719,0.97756,1.50,1.00
2016.04.22 20:02:43.391,0.97718,0.97757,1.75,1.12
2016.04.22 20:02:47.901,0.97718,0.97753,1.37,1.50
2016.04.22 20:02:48.103,0.97709,0.97751,1.87,3.00
2016.04.22 20:02:48.154,0.97714,0.97751,1.00,2.25
2016.04.22 20:02:48.255,0.97714,0.97752,1.00,1.50
2016.04.22 20:02:48.306,0.97714,0.97751,1.00,3.00
2016.04.22 20:02:48.508,0.97708,0.97747,1.50,1.50
2016.04.22 20:02:52.989,0.97708,0.97747,1.50,1.87
2016.04.22 20:02:53.293,0.97704,0.97741,1.00,2.62
2016.04.22 20:02:57.302,0.97703,0.97739,1.00,1.37
2016.04.22 20:02:58.186,0.97698,0.97741,1.50,1.75
2016.04.22 20:02:58.396,0.97704,0.97743,1.00,1.75
2016.04.22 20:02:58.712,0.97704,0.97741,1.00,1.00
2016.04.22 20:02:59.220,0.97703,0.97741,1.00,1.00
2016.04.22 20:02:59.768,0.97704,0.97741,1.00,1.00
2016.04.22 20:03:00.317,0.97703,0.97741,1.00,1.00
2016.04.22 20:03:00.821,0.97704,0.97741,1.00,1.00
2016.04.22 20:03:01.990,0.97702,0.97741,1.00,1.00
2016.04.22 20:03:06.391,0.97703,0.97741,1.00,1.00
2016.04.22 20:03:07.160,0.97702,0.97741,1.00,1.00
2016.04.22 20:03:18.847,0.97702,0.97741,1.00,1.37
2016.04.22 20:03:18.949,0.97702,0.97741,1.00,1.00
2016.04.22 20:03:21.462,0.97698,0.97742,1.75,1.75
2016.04.22 20:03:21.513,0.977,0.9774,1.00,1.00
2016.04.22 20:03:41.497,0.97699,0.9774,1.75,1.00
2016.04.22 20:03:42.045,0.97699,0.97741,1.75,1.87
2016.04.22 20:03:44.132,0.97703,0.97744,1.00,1.75
2016.04.22 20:03:44.683,0.97704,0.97744,1.00,1.75
2016.04.22 20:03:47.563,0.97703,0.97745,1.00,2.62
2016.04.22 20:03:48.102,0.97704,0.97745,1.00,2.62
2016.04.22 20:03:50.389,0.97703,0.97745,1.00,2.62
2016.04.22 20:03:51.156,0.97704,0.97745,1.00,2.62
2016.04.22 20:03:53.407,0.97704,0.97746,1.37,1.75
2016.04.22 20:03:53.458,0.97708,0.97746,1.00,1.00
2016.04.22 20:03:53.994,0.97708,0.97747,1.00,1.00
2016.04.22 20:03:54.246,0.97704,0.97749,1.50,1.12
2016.04.22 20:03:54.549,0.97704,0.97749,1.50,1.12
2016.04.22 20:04:06.580,0.97709,0.97753,1.00,1.12
2016.04.22 20:04:06.781,0.97704,0.97752,1.37,1.75
2016.04.22 20:04:07.534,0.97707,0.97752,1.00,1.75
2016.04.22 20:04:08.112,0.97708,0.97752,1.00,1.75
2016.04.22 20:04:09.323,0.97709,0.97751,1.00,1.12
2016.04.22 20:04:10.798,0.97709,0.97745,1.00,1.00
2016.04.22 20:04:15.379,0.97707,0.9775,1.50,1.12
2016.04.22 20:04:16.259,0.97709,0.9775,1.00,1.12
2016.04.22 20:04:16.826,0.97708,0.9775,1.12,1.12
2016.04.22 20:04:18.146,0.97709,0.9775,1.00,1.12
2016.04.22 20:04:19.477,0.97708,0.9775,1.12,1.12
2016.04.22 20:04:20.337,0.97708,0.97756,3.00,1.75
2016.04.22 20:04:20.388,0.97708,0.97756,3.37,1.75
2016.04.22 20:04:20.814,0.9771,0.97756,1.12,1.75
2016.04.22 20:04:20.864,0.97715,0.97754,1.00,1.00
2016.04.22 20:04:22.790,0.97718,0.97754,1.00,1.00
2016.04.22 20:04:22.891,0.97719,0.97758,1.00,1.00
2016.04.22 20:04:23.423,0.97715,0.97761,1.75,1.75
2016.04.22 20:04:23.474,0.97716,0.97755,1.00,1.00
2016.04.22 20:04:24.155,0.97719,0.97758,1.00,1.00
2016.04.22 20:04:24.256,0.97716,0.97756,1.00,1.00
2016.04.22 20:04:24.438,0.97719,0.97756,1.00,1.00
2016.04.22 20:04:24.738,0.97716,0.97756,1.00,1.00
2016.04.22 20:04:25.840,0.97713,0.97762,1.75,1.87
2016.04.22 20:04:26.352,0.97713,0.97762,2.25,2.62
2016.04.22 20:04:30.589,0.97723,0.97762,1.00,2.25
2016.04.22 20:04:34.849,0.97719,0.97756,1.37,1.00
2016.04.22 20:04:35.950,0.97718,0.97757,1.50,1.12
2016.04.22 20:04:38.714,0.97724,0.97761,1.00,1.75
2016.04.22 20:04:40.132,0.97719,0.97756,1.37,1.00
2016.04.22 20:04:41.272,0.97723,0.97762,1.00,2.62
2016.04.22 20:04:41.839,0.97723,0.97762,1.00,1.87
2016.04.22 20:04:45.758,0.97719,0.97756,1.12,1.00
2016.04.22 20:04:49.168,0.97723,0.97761,1.00,1.12
2016.04.22 20:04:49.498,0.97719,0.97756,1.12,1.00
2016.04.22 20:04:52.578,0.97718,0.97757,2.25,1.00
2016.04.22 20:04:57.868,0.97724,0.97761,1.00,1.87
2016.04.22 20:04:58.078,0.97719,0.97756,1.12,1.00
2016.04.22 20:04:58.604,0.97719,0.97761,1.50,1.75
2016.04.22 20:04:58.655,0.97724,0.97761,1.00,1.75
2016.04.22 20:05:00.168,0.97723,0.97762,1.00,1.75
2016.04.22 20:05:00.707,0.97724,0.97761,1.00,1.75
2016.04.22 20:05:03.282,0.97723,0.97762,1.00,1.75
2016.04.22 20:05:05.136,0.97724,0.97761,1.00,1.75
2016.04.22 20:05:19.200,0.97723,0.97761,1.00,1.12
2016.04.22 20:05:20.960,0.97724,0.97761,1.00,1.87
2016.04.22 20:05:21.536,0.97724,0.97761,1.00,1.75
2016.04.22 20:05:21.586,0.97724,0.97758,1.00,1.00
2016.04.22 20:05:22.149,0.97723,0.97758,1.00,1.00
2016.04.22 20:05:26.680,0.97719,0.97758,1.00,1.00
2016.04.22 20:05:26.932,0.97713,0.97759,3.75,1.12
2016.04.22 20:05:26.983,0.97716,0.97755,1.00,1.00
2016.04.22 20:05:27.615,0.97714,0.97759,1.75,1.12
2016.04.22 20:05:27.666,0.97714,0.97758,1.75,1.00
2016.04.22 20:05:27.716,0.97714,0.97759,1.75,1.12
2016.04.22 20:05:28.260,0.97714,0.97758,1.75,1.12
2016.04.22 20:05:35.405,0.97714,0.97751,1.75,1.00
2016.04.22 20:05:35.629,0.97714,0.97751,1.12,1.00
2016.04.22 20:05:36.133,0.97713,0.97752,1.50,1.12
2016.04.22 20:05:39.660,0.97714,0.97751,1.12,1.00
2016.04.22 20:05:41.095,0.97713,0.97752,1.50,1.12
2016.04.22 20:05:43.286,0.97718,0.97756,1.00,1.12
2016.04.22 20:05:47.609,0.97719,0.97756,1.00,1.75
2016.04.22 20:05:47.791,0.97719,0.97755,1.00,1.00
2016.04.22 20:05:48.059,0.97716,0.97752,1.00,1.00
2016.04.22 20:05:49.119,0.97719,0.97755,1.00,1.00
2016.04.22 20:05:49.608,0.97716,0.97751,1.00,1.00
2016.04.22 20:05:50.439,0.97719,0.97755,1.00,1.00
2016.04.22 20:06:00.036,0.97716,0.97752,1.00,1.00
2016.04.22 20:06:00.559,0.97719,0.97755,1.00,1.00
2016.04.22 20:06:01.793,0.97716,0.97751,1.00,1.00
2016.04.22 20:06:02.781,0.97716,0.97755,1.00,1.00
2016.04.22 20:06:04.098,0.97714,0.9776,1.12,1.12
2016.04.22 20:06:04.149,0.97714,0.9776,1.12,1.12
2016.04.22 20:06:06.829,0.97713,0.97756,1.12,1.00
2016.04.22 20:06:08.712,0.97713,0.97756,1.87,1.37
2016.04.22 20:06:08.763,0.97713,0.97756,1.75,1.75
2016.04.22 20:06:12.816,0.97714,0.97758,1.75,1.75
2016.04.22 20:06:12.866,0.97714,0.97758,1.75,1.75
2016.04.22 20:06:14.608,0.97713,0.97753,1.75,1.12
2016.04.22 20:06:15.140,0.97713,0.97752,2.25,1.00
2016.04.22 20:06:16.325,0.97712,0.97753,1.75,1.12
2016.04.22 20:06:17.070,0.97713,0.97752,1.75,1.00
2016.04.22 20:06:17.729,0.97713,0.97757,2.25,1.75
2016.04.22 20:06:19.430,0.97713,0.97757,1.75,1.37
2016.04.22 20:06:19.480,0.97713,0.97757,1.75,1.37
2016.04.22 20:06:20.418,0.97713,0.97757,1.75,1.75
2016.04.22 20:06:20.519,0.97714,0.97758,1.50,1.75
2016.04.22 20:06:29.666,0.97714,0.97752,1.50,1.00
2016.04.22 20:06:29.767,0.97712,0.97751,1.12,1.00
2016.04.22 20:06:29.869,0.97711,0.97756,1.75,1.12
2016.04.22 20:06:29.970,0.97711,0.97756,1.12,1.37
2016.04.22 20:06:42.510,0.97718,0.97757,1.00,1.50
2016.04.22 20:06:43.052,0.97719,0.97756,1.00,1.37
2016.04.22 20:06:43.555,0.97718,0.97757,1.00,1.50
2016.04.22 20:06:48.968,0.97719,0.97756,1.00,1.37
2016.04.22 20:06:51.169,0.97718,0.97757,1.00,1.75
2016.04.22 20:06:55.988,0.97718,0.97757,1.00,1.75
2016.04.22 20:06:56.039,0.97718,0.97758,1.00,1.87
2016.04.22 20:06:56.342,0.97723,0.9776,1.00,1.12
2016.04.22 20:07:00.120,0.97723,0.9776,1.00,1.12
2016.04.22 20:07:00.659,0.97714,0.97755,1.75,1.00
2016.04.22 20:07:00.710,0.97714,0.97755,1.50,1.37
2016.04.22 20:07:00.760,0.97714,0.97753,1.00,1.00
2016.04.22 20:07:21.541,0.97714,0.97759,1.50,1.12
2016.04.22 20:07:22.210,0.97715,0.97754,1.00,1.00
2016.04.22 20:07:31.868,0.97719,0.97754,1.00,1.00
2016.04.22 20:07:37.917,0.97715,0.97754,1.00,1.00
2016.04.22 20:07:41.516,0.97714,0.97756,1.50,1.75
2016.04.22 20:07:50.625,0.97719,0.97761,1.00,1.75
2016.04.22 20:07:50.726,0.97719,0.97761,1.75,1.75
2016.04.22 20:07:54.573,0.97717,0.97756,2.62,1.00
2016.04.22 20:07:55.029,0.97724,0.97756,1.00,1.00
2016.04.22 20:07:55.246,0.97719,0.97762,1.12,1.75
2016.04.22 20:07:55.448,0.97724,0.97761,1.00,1.75
2016.04.22 20:07:56.316,0.97723,0.97762,1.00,1.75
2016.04.22 20:07:57.415,0.97719,0.97756,1.75,1.00
2016.04.22 20:07:58.946,0.97723,0.97762,1.00,1.75
2016.04.22 20:08:00.438,0.97719,0.97756,1.87,1.00
2016.04.22 20:08:02.247,0.97724,0.97764,1.00,1.12
2016.04.22 20:08:02.550,0.97724,0.97756,1.00,1.00
2016.04.22 20:08:04.603,0.97718,0.97762,2.25,1.75
2016.04.22 20:08:04.777,0.97723,0.97762,1.00,1.75
2016.04.22 20:08:05.090,0.97723,0.97762,1.00,1.87
2016.04.22 20:08:05.655,0.97723,0.97762,1.00,1.75
2016.04.22 20:08:12.419,0.97723,0.97762,1.00,1.75
2016.04.22 20:08:12.521,0.97719,0.97762,1.00,1.75
2016.04.22 20:08:12.622,0.97718,0.97761,1.37,1.75
2016.04.22 20:08:14.174,0.97723,0.97761,1.00,1.75
2016.04.22 20:08:15.143,0.97724,0.97761,1.00,2.25
2016.04.22 20:08:16.394,0.97723,0.97761,1.00,1.87
2016.04.22 20:08:16.836,0.97723,0.97757,1.00,1.75
2016.04.22 20:08:18.887,0.97718,0.97762,1.12,3.37
2016.04.22 20:08:19.102,0.97723,0.97761,1.00,1.75
2016.04.22 20:08:20.087,0.97724,0.97761,1.00,2.25
2016.04.22 20:08:20.636,0.97723,0.97757,1.00,1.12
2016.04.22 20:08:21.148,0.97718,0.97761,1.00,1.75
2016.04.22 20:08:21.754,0.97714,0.97761,2.25,1.75
2016.04.22 20:08:22.157,0.97716,0.97761,1.50,1.75
2016.04.22 20:08:22.208,0.97719,0.97759,1.00,1.00
2016.04.22 20:08:22.561,0.97723,0.97759,1.00,1.00
2016.04.22 20:08:22.997,0.97724,0.97756,1.00,1.00
2016.04.22 20:08:25.199,0.97719,0.97759,1.00,1.00
2016.04.22 20:08:25.381,0.97723,0.97759,1.00,1.00
2016.04.22 20:08:47.817,0.97724,0.97759,1.00,1.00
2016.04.22 20:09:14.238,0.97723,0.97762,1.00,1.75
2016.04.22 20:09:17.527,0.97724,0.97761,1.00,1.75
2016.04.22 20:09:18.075,0.97723,0.97762,1.00,1.75
2016.04.22 20:09:25.805,0.9772,0.97761,1.12,1.50
2016.04.22 20:09:41.465,0.97718,0.97762,1.75,1.75
2016.04.22 20:09:59.984,0.97719,0.97761,1.37,1.75
2016.04.22 20:10:00.385,0.97719,0.97761,1.75,1.75
2016.04.22 20:10:01.316,0.97718,0.97757,1.75,1.00
2016.04.22 20:10:02.517,0.97723,0.97762,1.00,1.75
2016.04.22 20:10:02.846,0.97718,0.97757,1.75,1.00
2016.04.22 20:10:11.722,0.97723,0.97762,1.00,1.75
2016.04.22 20:10:11.774,0.9772,0.97757,1.37,1.00
2016.04.22 20:10:15.192,0.97723,0.97762,1.00,1.75
2016.04.22 20:10:19.938,0.9772,0.97757,1.37,1.00
2016.04.22 20:10:20.005,0.97724,0.97761,1.00,1.75
2016.04.22 20:10:21.560,0.97724,0.97761,1.00,1.50
2016.04.22 20:10:21.610,0.97724,0.97761,1.00,1.12
2016.04.22 20:10:22.728,0.97724,0.97761,1.00,1.37
2016.04.22 20:10:22.880,0.97719,0.97757,1.00,1.00
2016.04.22 20:10:22.981,0.97724,0.97756,1.00,1.00
2016.04.22 20:10:25.535,0.97717,0.97757,1.00,1.50
2016.04.22 20:10:25.737,0.97719,0.97756,1.00,1.00
2016.04.22 20:10:28.468,0.97719,0.97756,3.37,1.00
2016.04.22 20:10:28.776,0.97723,0.97757,1.50,1.00
2016.04.22 20:10:33.645,0.97723,0.97756,1.50,1.00
2016.04.22 20:10:34.225,0.97723,0.97759,2.25,1.00
2016.04.22 20:10:35.625,0.97724,0.97759,1.00,1.00
2016.04.22 20:10:42.775,0.97723,0.97759,2.25,1.00
2016.04.22 20:10:42.996,0.97723,0.97756,1.50,1.00
2016.04.22 20:10:43.545,0.97723,0.97757,1.50,1.00
2016.04.22 20:10:43.655,0.97724,0.97759,1.00,1.00
2016.04.22 20:10:55.995,0.97723,0.97759,2.25,1.00
2016.04.22 20:10:57.864,0.97724,0.97759,1.00,1.00
2016.04.22 20:11:05.163,0.97723,0.97759,2.25,1.00
2016.04.22 20:11:10.650,0.97723,0.97762,3.00,1.50
2016.04.22 20:11:13.178,0.97724,0.97761,1.00,1.00
2016.04.22 20:11:13.229,0.97724,0.97761,1.00,1.37
2016.04.22 20:11:13.736,0.97723,0.97762,2.25,1.75
2016.04.22 20:11:15.033,0.97723,0.97762,2.62,1.75
2016.04.22 20:11:15.084,0.97723,0.97762,3.00,1.50
2016.04.22 20:11:30.744,0.97723,0.97762,3.00,1.50
2016.04.22 20:11:35.263,0.97724,0.97761,1.00,1.00
2016.04.22 20:11:35.784,0.97723,0.97762,3.00,1.50
2016.04.22 20:11:36.494,0.97724,0.97761,1.00,1.00
2016.04.22 20:11:37.734,0.97724,0.97761,1.00,1.37
2016.04.22 20:11:38.036,0.97723,0.97757,1.00,1.75
2016.04.22 20:11:38.238,0.97715,0.97757,2.62,1.75
2016.04.22 20:11:38.564,0.97719,0.97756,1.50,1.75
2016.04.22 20:11:38.892,0.97724,0.97756,1.00,1.75
2016.04.22 20:11:39.444,0.97718,0.97752,1.00,1.12
2016.04.22 20:11:40.145,0.97723,0.97757,1.00,1.87
2016.04.22 20:11:40.435,0.97719,0.97751,1.00,1.00
2016.04.22 20:11:40.580,0.97714,0.97757,1.87,1.87
2016.04.22 20:11:41.093,0.97724,0.97753,1.00,1.37
2016.04.22 20:11:43.193,0.97718,0.97752,1.00,1.12
2016.04.22 20:11:43.311,0.97715,0.97753,1.87,1.37
2016.04.22 20:11:43.513,0.97719,0.97753,1.00,1.37
2016.04.22 20:11:43.751,0.97715,0.97751,1.87,1.00
2016.04.22 20:11:44.076,0.97719,0.97753,1.00,1.37
2016.04.22 20:11:46.509,0.97715,0.97751,1.87,1.00
2016.04.22 20:11:46.713,0.97718,0.97752,1.00,1.12
2016.04.22 20:11:48.507,0.97715,0.97755,1.87,1.75
2016.04.22 20:11:48.693,0.97719,0.97754,1.00,1.50
2016.04.22 20:11:50.343,0.97714,0.97752,1.87,1.12
2016.04.22 20:11:56.173,0.97714,0.97751,2.62,1.00
2016.04.22 20:12:01.448,0.97714,0.97751,1.00,1.37
2016.04.22 20:12:01.949,0.97713,0.97752,1.12,1.75
2016.04.22 20:12:02.050,0.97712,0.97751,1.87,1.50
2016.04.22 20:12:02.628,0.97712,0.97739,1.50,1.00
2016.04.22 20:12:02.881,0.97704,0.97738,1.00,2.62
2016.04.22 20:12:02.932,0.97703,0.97726,1.50,1.00
2016.04.22 20:12:02.983,0.97699,0.97725,1.00,1.00
2016.04.22 20:12:03.084,0.97699,0.97726,1.00,1.87
2016.04.22 20:12:03.235,0.97683,0.97717,2.25,1.00
2016.04.22 20:12:03.286,0.97684,0.97715,1.87,1.37
2016.04.22 20:12:03.588,0.97678,0.97712,1.00,1.12
2016.04.22 20:12:04.206,0.97678,0.97711,1.00,1.00
2016.04.22 20:12:04.521,0.97679,0.97713,1.00,1.00
2016.04.22 20:12:04.723,0.97679,0.9772,1.00,2.25
2016.04.22 20:12:05.359,0.97678,0.97721,1.00,1.87
2016.04.22 20:12:06.118,0.97679,0.97721,1.00,1.87
2016.04.22 20:12:06.367,0.97679,0.97719,1.00,1.00
2016.04.22 20:12:06.890,0.97678,0.97719,1.00,1.00
2016.04.22 20:12:08.406,0.97679,0.97719,1.00,1.00
2016.04.22 20:12:10.498,0.97683,0.97719,1.00,1.00
2016.04.22 20:12:10.700,0.97684,0.97726,1.00,2.62
2016.04.22 20:12:10.851,0.97681,0.97726,1.87,3.00
2016.04.22 20:12:11.947,0.97684,0.97725,1.00,1.75
2016.04.22 20:12:12.365,0.97681,0.97726,1.87,2.25
2016.04.22 20:12:12.933,0.97683,0.97726,1.00,1.75
2016.04.22 20:12:13.334,0.97681,0.97726,1.87,2.25
2016.04.22 20:12:14.839,0.97683,0.97726,1.50,1.75
2016.04.22 20:12:18.851,0.97684,0.97729,1.00,1.87
2016.04.22 20:12:22.560,0.97685,0.97728,1.50,1.12
2016.04.22 20:12:29.232,0.97685,0.97727,1.50,1.75
2016.04.22 20:12:37.242,0.97684,0.97728,1.50,1.12
2016.04.22 20:12:37.832,0.97685,0.97727,1.50,1.75
2016.04.22 20:12:40.942,0.97688,0.9773,1.00,1.87
2016.04.22 20:12:41.500,0.97689,0.9773,1.00,1.87
2016.04.22 20:12:46.992,0.97685,0.9773,1.50,2.62
2016.04.22 20:12:47.043,0.97685,0.97725,1.50,1.00
2016.04.22 20:12:47.244,0.97689,0.97725,1.00,1.00
2016.04.22 20:12:48.972,0.97684,0.97725,2.25,1.12
2016.04.22 20:12:49.568,0.97685,0.97725,1.50,1.00
2016.04.22 20:12:53.970,0.97685,0.97727,1.50,1.75
2016.04.22 20:12:54.554,0.97685,0.97727,1.50,1.75
2016.04.22 20:12:55.462,0.97686,0.97727,1.50,1.75
2016.04.22 20:12:56.346,0.97686,0.97724,1.50,1.00
2016.04.22 20:13:09.770,0.97688,0.97724,1.00,1.00
2016.04.22 20:13:11.210,0.97689,0.97724,1.00,1.00
2016.04.22 20:13:14.493,0.97686,0.97724,1.50,1.00
2016.04.22 20:13:18.818,0.97688,0.97724,1.00,1.00
2016.04.22 20:13:22.111,0.97686,0.97727,2.25,1.75
2016.04.22 20:13:25.775,0.97688,0.97727,1.00,1.75
2016.04.22 20:13:34.622,0.97688,0.97727,1.37,1.37
2016.04.22 20:13:34.723,0.97689,0.97726,1.50,1.00
2016.04.22 20:13:35.228,0.97688,0.97727,1.75,1.12
2016.04.22 20:13:35.744,0.97689,0.97726,1.50,1.00
2016.04.22 20:13:38.719,0.97689,0.97726,1.00,1.50
2016.04.22 20:13:41.801,0.97688,0.97727,1.00,1.75
2016.04.22 20:13:43.451,0.97689,0.97726,1.00,1.50
2016.04.22 20:13:43.995,0.97688,0.97727,1.00,1.75
2016.04.22 20:13:48.181,0.97689,0.97726,1.00,1.50
2016.04.22 20:13:51.059,0.97688,0.97727,1.00,1.75
2016.04.22 20:13:52.052,0.97689,0.97726,1.00,1.50
2016.04.22 20:14:00.300,0.97682,0.97721,2.25,1.87
2016.04.22 20:14:00.502,0.97675,0.97714,1.00,1.00
2016.04.22 20:14:00.552,0.97673,0.97717,1.75,1.12
2016.04.22 20:14:00.603,0.97673,0.97718,3.00,1.12
2016.04.22 20:14:02.001,0.97672,0.97715,2.25,1.12
2016.04.22 20:14:02.052,0.97672,0.97715,2.25,1.12
2016.04.22 20:14:02.613,0.97669,0.97715,2.25,1.75
2016.04.22 20:14:08.530,0.97673,0.97715,1.00,1.87
2016.04.22 20:14:09.960,0.97669,0.97715,3.00,1.87
2016.04.22 20:14:13.391,0.97674,0.97715,1.00,1.75
2016.04.22 20:14:17.220,0.97669,0.97715,2.25,1.12
2016.04.22 20:14:17.661,0.97674,0.97715,1.00,1.12
2016.04.22 20:14:23.050,0.97669,0.97715,2.25,1.12
2016.04.22 20:14:23.938,0.97672,0.97717,2.25,3.37
2016.04.22 20:14:23.996,0.97672,0.9772,2.25,1.12
2016.04.22 20:14:28.468,0.97679,0.97721,1.00,2.25
2016.04.22 20:14:36.586,0.97678,0.97721,1.12,1.75
2016.04.22 20:14:36.790,0.97679,0.97721,2.62,1.75
2016.04.22 20:14:36.840,0.97681,0.9772,1.00,1.00
2016.04.22 20:14:42.200,0.97684,0.9772,1.00,1.00
2016.04.22 20:14:43.224,0.97681,0.9772,1.00,1.00
2016.04.22 20:14:44.711,0.97679,0.97727,1.12,3.37
2016.04.22 20:14:44.762,0.97679,0.97727,1.12,3.37
2016.04.22 20:14:46.721,0.9768,0.97727,1.37,2.25
2016.04.22 20:14:46.774,0.9768,0.97727,1.37,2.25
2016.04.22 20:14:48.171,0.97683,0.97727,1.00,1.87
2016.04.22 20:14:49.123,0.97683,0.97728,1.37,1.75
2016.04.22 20:14:49.628,0.97683,0.97727,1.75,1.87
2016.04.22 20:14:52.332,0.97684,0.97727,1.00,1.87
2016.04.22 20:14:57.193,0.97684,0.97727,1.12,1.75
2016.04.22 20:14:57.244,0.97684,0.97727,1.12,1.75
2016.04.22 20:15:00.654,0.97684,0.97727,1.00,1.87
2016.04.22 20:15:00.857,0.97684,0.9773,1.12,1.75
2016.04.22 20:15:00.907,0.97684,0.9773,1.37,1.37
2016.04.22 20:15:00.982,0.97684,0.97731,1.75,1.00
2016.04.22 20:15:01.485,0.97684,0.9773,1.75,1.00
2016.04.22 20:15:01.741,0.97684,0.97728,1.75,1.00
2016.04.22 20:15:02.646,0.97684,0.97728,1.50,1.00
2016.04.22 20:15:02.697,0.97684,0.97728,1.50,1.00
2016.04.22 20:15:04.084,0.97684,0.97726,1.00,1.00
2016.04.22 20:15:10.967,0.9768,0.97726,2.25,1.00
2016.04.22 20:15:13.057,0.9768,0.97726,2.25,1.37
2016.04.22 20:15:15.747,0.9768,0.97726,2.25,1.12
2016.04.22 20:15:20.833,0.9768,0.97726,2.25,1.00
2016.04.22 20:15:21.462,0.9768,0.97726,2.25,1.00
2016.04.22 20:15:29.783,0.9768,0.97725,3.37,1.00
2016.04.22 20:15:30.593,0.97684,0.97725,1.00,1.00
2016.04.22 20:15:34.965,0.97684,0.97726,1.00,1.00
2016.04.22 20:15:39.075,0.97681,0.97726,1.00,1.00
2016.04.22 20:15:40.874,0.9768,0.97726,3.37,1.00
2016.04.22 20:15:41.405,0.9768,0.97725,2.25,1.00
2016.04.22 20:15:46.991,0.9768,0.97727,2.25,1.50
2016.04.22 20:15:47.042,0.97679,0.97731,4.12,1.87
2016.04.22 20:15:47.093,0.97682,0.97731,1.37,1.50
2016.04.22 20:15:47.395,0.97685,0.97732,1.12,1.00
2016.04.22 20:15:47.718,0.97694,0.97733,1.00,1.00
2016.04.22 20:15:49.347,0.97694,0.97735,1.00,1.12
2016.04.22 20:15:49.854,0.97694,0.97736,1.00,3.37
2016.04.22 20:15:49.905,0.97694,0.97735,1.00,1.37
2016.04.22 20:15:51.000,0.97694,0.97735,1.00,1.75
2016.04.22 20:15:51.624,0.97694,0.97734,1.00,1.12
2016.04.22 20:15:59.902,0.97689,0.97731,3.00,1.75
2016.04.22 20:16:05.866,0.9769,0.97731,1.87,1.75
2016.04.22 20:16:06.406,0.9769,0.97731,1.50,1.75
2016.04.22 20:16:15.421,0.97694,0.97731,1.00,1.87
2016.04.22 20:16:15.632,0.9769,0.97727,1.50,1.50
2016.04.22 20:16:17.543,0.97694,0.97731,1.00,1.87
2016.04.22 20:16:22.163,0.97693,0.97731,1.00,1.12
2016.04.22 20:16:28.644,0.9769,0.97726,1.50,1.12
2016.04.22 20:16:29.172,0.97694,0.97731,1.00,1.75
2016.04.22 20:16:36.788,0.97689,0.97726,2.62,1.12
2016.04.22 20:16:40.283,0.97694,0.97731,1.00,1.75
2016.04.22 20:16:41.477,0.97694,0.97731,1.00,1.75
2016.04.22 20:16:42.101,0.97694,0.97731,1.00,1.75
2016.04.22 20:16:54.711,0.97689,0.97726,3.00,1.00
2016.04.22 20:16:59.437,0.97694,0.97731,1.00,1.75
2016.04.22 20:17:02.235,0.97694,0.97731,1.00,1.50
2016.04.22 20:17:02.557,0.97692,0.97726,1.00,1.00
2016.04.22 20:17:04.761,0.97693,0.97731,1.00,1.00
2016.04.22 20:17:05.290,0.97694,0.97731,1.00,1.50
2016.04.22 20:17:21.546,0.97694,0.97731,1.00,1.50
2016.04.22 20:17:41.583,0.97694,0.9773,1.00,1.00
2016.04.22 20:17:46.090,0.9769,0.97732,2.25,1.75
2016.04.22 20:17:57.169,0.9769,0.97732,1.87,1.75
2016.04.22 20:18:00.389,0.97689,0.97726,2.62,1.00
2016.04.22 20:18:04.029,0.97694,0.97729,1.00,1.50
2016.04.22 20:18:07.688,0.97693,0.97729,1.00,1.50
2016.04.22 20:18:18.240,0.97694,0.97729,1.00,1.50
2016.04.22 20:18:21.589,0.97694,0.97729,1.00,1.50
2016.04.22 20:18:29.979,0.97689,0.97726,3.00,1.00
2016.04.22 20:18:30.232,0.97689,0.97722,2.25,1.00
2016.04.22 20:18:30.393,0.97689,0.97726,1.00,1.37
2016.04.22 20:18:37.237,0.97689,0.97727,1.37,1.00
2016.04.22 20:18:37.463,0.97694,0.97728,1.00,1.37
2016.04.22 20:18:38.167,0.97688,0.97728,1.50,1.37
2016.04.22 20:18:38.338,0.97694,0.97728,1.00,1.37
2016.04.22 20:18:38.467,0.97688,0.97727,1.50,1.12
2016.04.22 20:18:38.987,0.97689,0.97726,1.37,1.00
2016.04.22 20:18:39.549,0.97693,0.97728,1.00,1.37
2016.04.22 20:18:51.853,0.97693,0.9773,1.00,1.12
2016.04.22 20:18:51.904,0.97688,0.97727,1.00,1.75
2016.04.22 20:18:53.738,0.97689,0.97726,1.00,1.50
2016.04.22 20:18:54.257,0.97688,0.97727,1.50,1.12
2016.04.22 20:18:57.961,0.97689,0.97728,1.50,1.12
2016.04.22 20:18:58.012,0.97688,0.97728,1.50,1.12
2016.04.22 20:19:02.123,0.97688,0.97724,2.25,1.00
2016.04.22 20:19:02.274,0.97688,0.97724,1.00,2.62
2016.04.22 20:19:02.585,0.97685,0.97721,1.50,1.75
2016.04.22 20:19:06.279,0.97689,0.97724,1.00,2.25
2016.04.22 20:19:06.481,0.97691,0.97729,1.50,1.00
2016.04.22 20:19:06.532,0.97693,0.97732,1.12,1.37
2016.04.22 20:19:06.582,0.97693,0.97732,1.50,1.12
2016.04.22 20:19:06.633,0.97696,0.97731,1.50,1.00
2016.04.22 20:19:06.983,0.977,0.97737,1.50,1.75
2016.04.22 20:19:09.358,0.977,0.97731,1.50,1.00
2016.04.22 20:19:12.338,0.97702,0.97731,1.50,1.00
2016.04.22 20:19:13.999,0.97702,0.97736,1.50,1.50
2016.04.22 20:19:14.100,0.97702,0.97732,1.50,1.00
2016.04.22 20:19:14.699,0.97702,0.97731,1.50,1.00
2016.04.22 20:19:15.408,0.97702,0.97732,1.50,1.12
2016.04.22 20:19:16.092,0.97702,0.97731,1.50,1.00
2016.04.22 20:19:17.356,0.97699,0.97731,1.50,1.00
2016.04.22 20:19:17.508,0.97699,0.97731,1.50,1.75
2016.04.22 20:19:28.772,0.97702,0.97732,1.50,1.75
2016.04.22 20:19:28.987,0.97702,0.97736,1.50,1.75
2016.04.22 20:19:30.808,0.97702,0.97736,1.50,1.37
2016.04.22 20:19:32.303,0.97699,0.97736,1.00,1.75
2016.04.22 20:19:34.782,0.97698,0.97737,1.00,1.87
2016.04.22 20:19:36.246,0.97699,0.97736,1.00,1.75
2016.04.22 20:19:36.857,0.97698,0.97737,1.00,1.87
2016.04.22 20:19:40.183,0.97699,0.97736,1.00,1.75
2016.04.22 20:19:43.127,0.97698,0.97737,1.00,1.87
2016.04.22 20:19:58.748,0.97699,0.97736,1.00,1.75
2016.04.22 20:20:00.618,0.97698,0.97737,1.00,1.75
2016.04.22 20:20:02.817,0.97699,0.97736,1.00,1.75
2016.04.22 20:20:02.927,0.97697,0.97736,1.50,1.75
2016.04.22 20:20:03.367,0.97699,0.97736,1.00,1.75
2016.04.22 20:20:05.227,0.97701,0.97736,1.50,1.75
2016.04.22 20:20:10.770,0.97701,0.97736,1.50,1.75
2016.04.22 20:20:25.458,0.97703,0.97736,1.50,1.37
2016.04.22 20:20:25.508,0.97703,0.97737,1.50,1.50
2016.04.22 20:20:26.145,0.97703,0.97732,1.50,1.00
2016.04.22 20:20:26.384,0.97703,0.97736,1.50,1.12
2016.04.22 20:20:39.447,0.97703,0.97732,1.50,1.00
2016.04.22 20:20:41.097,0.97703,0.97731,1.50,1.00
2016.04.22 20:20:43.626,0.97703,0.97732,1.50,1.00
2016.04.22 20:20:48.796,0.97703,0.97731,1.50,1.00
2016.04.22 20:20:51.326,0.97703,0.97732,1.50,1.00
2016.04.22 20:20:52.316,0.97703,0.97731,1.50,1.00
2016.04.22 20:20:55.000,0.97703,0.97732,1.50,1.00
2016.04.22 20:20:56.863,0.97703,0.97731,1.50,1.00
2016.04.22 20:21:00.786,0.97703,0.97732,1.50,1.00
2016.04.22 20:21:01.448,0.97703,0.97731,1.50,1.00
2016.04.22 20:21:08.537,0.977,0.97731,1.50,1.00
2016.04.22 20:21:09.696,0.977,0.97732,1.50,1.00
2016.04.22 20:21:10.203,0.977,0.97731,1.50,1.00
2016.04.22 20:21:10.710,0.97697,0.97731,2.25,1.00
2016.04.22 20:21:13.608,0.97697,0.97731,2.25,1.00
2016.04.22 20:21:14.226,0.97697,0.97731,2.25,1.00
2016.04.22 20:21:17.176,0.97697,0.97732,2.25,1.00
2016.04.22 20:21:17.227,0.97697,0.97732,1.87,1.37
2016.04.22 20:21:17.328,0.97692,0.97732,1.50,1.75
2016.04.22 20:21:17.530,0.97692,0.97722,1.50,1.00
2016.04.22 20:21:17.656,0.97694,0.97726,1.00,1.00
2016.04.22 20:21:20.272,0.97692,0.97731,1.50,1.50
2016.04.22 20:21:20.373,0.97692,0.97729,1.50,2.25
2016.04.22 20:21:20.474,0.97689,0.97727,1.00,1.50
2016.04.22 20:21:20.575,0.97689,0.97729,1.00,1.87
2016.04.22 20:21:21.121,0.97689,0.97721,1.00,1.00
2016.04.22 20:21:21.424,0.97684,0.97716,2.62,1.00
2016.04.22 20:21:21.796,0.97689,0.97721,1.00,1.00
2016.04.22 20:21:30.866,0.97684,0.97724,1.87,1.12
2016.04.22 20:21:31.019,0.97689,0.97721,1.00,1.00
2016.04.22 20:21:35.765,0.97688,0.97722,1.00,1.12
2016.04.22 20:21:39.396,0.97689,0.97721,1.00,1.00
2016.04.22 20:21:39.547,0.97684,0.97719,1.75,1.00
2016.04.22 20:21:39.648,0.97684,0.97716,1.75,1.00
2016.04.22 20:21:39.812,0.97684,0.97716,1.12,1.00
2016.04.22 20:21:40.519,0.97689,0.9772,1.00,1.00
2016.04.22 20:21:40.642,0.97683,0.97717,1.87,1.00
2016.04.22 20:21:41.413,0.97684,0.97716,1.12,1.00
2016.04.22 20:21:43.025,0.97689,0.97719,1.00,1.50
2016.04.22 20:21:50.726,0.97683,0.97717,1.50,1.00
2016.04.22 20:21:50.877,0.97689,0.97719,1.00,1.50
2016.04.22 20:21:52.046,0.97688,0.97719,1.00,1.50
2016.04.22 20:21:52.755,0.97688,0.9772,1.00,1.00
2016.04.22 20:21:53.695,0.97689,0.9772,1.00,1.00
2016.04.22 20:21:54.234,0.97688,0.9772,1.00,1.00
2016.04.22 20:21:54.981,0.97688,0.97722,1.00,1.12
2016.04.22 20:21:56.286,0.97689,0.97721,1.00,1.00
2016.04.22 20:21:59.415,0.97688,0.97722,1.00,1.12
2016.04.22 20:22:00.075,0.97689,0.97721,1.00,1.00
2016.04.22 20:22:06.785,0.97688,0.97722,1.00,1.00
2016.04.22 20:22:10.987,0.97684,0.97716,1.75,1.00
2016.04.22 20:22:11.139,0.97684,0.97716,1.00,1.00
2016.04.22 20:22:14.924,0.97689,0.97721,1.00,1.00
2016.04.22 20:22:18.799,0.97683,0.97717,1.50,1.00
2016.04.22 20:22:20.977,0.97688,0.97722,1.00,1.00
2016.04.22 20:22:24.055,0.97689,0.97721,1.00,1.00
2016.04.22 20:22:25.293,0.97688,0.97722,1.00,1.00
2016.04.22 20:22:25.924,0.97689,0.97721,1.00,1.00
2016.04.22 20:22:26.900,0.97689,0.97717,1.00,1.00
2016.04.22 20:22:27.203,0.97669,0.97696,1.00,1.00
2016.04.22 20:22:27.615,0.97674,0.97696,1.00,1.00
2016.04.22 20:22:27.666,0.97674,0.97703,1.00,1.12
2016.04.22 20:22:27.767,0.97664,0.97705,1.00,1.12
2016.04.22 20:22:28.365,0.97664,0.977,1.00,2.25
2016.04.22 20:22:28.668,0.97664,0.97705,1.00,1.12
2016.04.22 20:22:29.274,0.97668,0.97703,1.00,1.12
2016.04.22 20:22:29.841,0.97669,0.97701,1.00,1.87
2016.04.22 20:22:30.170,0.97674,0.97702,1.00,1.12
2016.04.22 20:22:30.472,0.97669,0.97701,1.00,1.50
2016.04.22 20:22:35.063,0.97668,0.97702,1.00,1.75
2016.04.22 20:22:41.324,0.97669,0.97701,1.00,1.50
2016.04.22 20:22:41.623,0.97658,0.97697,1.87,1.00
2016.04.22 20:22:41.775,0.97669,0.97696,1.00,1.00
2016.04.22 20:22:41.978,0.97669,0.97701,1.00,1.50
2016.04.22 20:22:42.496,0.97668,0.97702,1.00,1.75
2016.04.22 20:22:43.008,0.97669,0.97701,1.00,1.50
2016.04.22 20:23:01.503,0.97669,0.97701,1.00,1.50
2016.04.22 20:23:02.223,0.97668,0.97701,1.00,1.00
2016.04.22 20:23:05.241,0.97669,0.97701,1.00,1.50
2016.04.22 20:23:06.335,0.97668,0.97701,1.00,1.00
2016.04.22 20:23:06.866,0.97669,0.97701,1.00,1.00
2016.04.22 20:23:07.394,0.97668,0.97701,1.00,1.00
2016.04.22 20:23:08.293,0.97669,0.97701,1.00,1.50
2016.04.22 20:23:15.113,0.97668,0.97701,1.00,1.00
2016.04.22 20:23:15.265,0.97668,0.97696,1.00,1.00
2016.04.22 20:23:15.316,0.97664,0.97696,1.00,1.00
2016.04.22 20:23:15.417,0.97664,0.97706,1.00,1.75
2016.04.22 20:23:15.468,0.97664,0.97711,1.12,2.25
2016.04.22 20:23:15.569,0.97667,0.97711,1.12,2.25
2016.04.22 20:23:16.073,0.97668,0.97711,3.00,1.75
2016.04.22 20:23:17.674,0.97669,0.97711,1.50,1.75
2016.04.22 20:23:18.064,0.97669,0.97711,1.50,1.75
2016.04.22 20:23:19.829,0.97669,0.97711,1.50,1.75
2016.04.22 20:23:20.468,0.97669,0.97711,1.50,1.75
2016.04.22 20:23:20.869,0.97668,0.97706,3.00,1.12
2016.04.22 20:23:21.261,0.97669,0.97712,1.00,1.75
2016.04.22 20:23:21.362,0.97669,0.97712,1.50,1.75
2016.04.22 20:23:21.777,0.97669,0.97711,2.25,1.75
2016.04.22 20:23:24.049,0.97669,0.97711,1.50,1.75
2016.04.22 20:23:30.249,0.97669,0.97699,1.12,1.00
2016.04.22 20:23:30.502,0.97658,0.9769,1.50,1.00
2016.04.22 20:23:30.552,0.97658,0.9769,1.50,1.75
2016.04.22 20:23:30.603,0.97656,0.97691,1.50,1.75
2016.04.22 20:23:30.960,0.97652,0.97691,1.50,1.75
2016.04.22 20:23:32.956,0.97652,0.97691,1.50,1.75
2016.04.22 20:23:37.313,0.97654,0.97694,1.00,1.86
2016.04.22 20:23:39.473,0.97654,0.9768,1.00,1.00
2016.04.22 20:23:39.574,0.97654,0.97691,1.00,1.12
2016.04.22 20:23:39.878,0.97659,0.97691,1.00,1.87
2016.04.22 20:23:40.440,0.97658,0.97691,1.00,1.12
2016.04.22 20:23:41.713,0.97659,0.97691,1.00,1.87
2016.04.22 20:23:43.303,0.97653,0.97687,1.00,1.12
2016.04.22 20:23:43.354,0.97653,0.97687,1.00,1.50
2016.04.22 20:23:43.527,0.97646,0.9769,2.25,1.87
2016.04.22 20:23:43.578,0.97646,0.9769,2.25,1.75
2016.04.22 20:23:43.880,0.97651,0.9769,1.50,1.75
2016.04.22 20:23:44.573,0.97654,0.9769,1.00,1.75
2016.04.22 20:23:45.217,0.97653,0.9769,1.00,1.75
2016.04.22 20:24:01.535,0.97653,0.97686,1.00,1.00
2016.04.22 20:24:03.529,0.97651,0.97686,1.50,1.00
2016.04.22 20:24:05.032,0.97653,0.97686,1.00,1.00
2016.04.22 20:24:06.022,0.97651,0.97686,1.50,1.00
2016.04.22 20:24:08.112,0.97654,0.97686,1.00,1.00
2016.04.22 20:24:11.984,0.97653,0.97686,1.00,1.00
2016.04.22 20:24:12.665,0.97654,0.97686,1.00,1.50
2016.04.22 20:24:13.296,0.97653,0.97686,1.00,1.00
2016.04.22 20:24:15.922,0.97654,0.97686,1.00,1.50
2016.04.22 20:24:18.914,0.97658,0.97688,1.00,1.00
2016.04.22 20:24:20.245,0.97654,0.97686,1.00,1.00
2016.04.22 20:24:31.334,0.97659,0.97688,1.00,1.00
2016.04.22 20:24:31.680,0.97654,0.97689,1.00,1.12
2016.04.22 20:24:31.782,0.9765,0.97687,1.50,1.12
2016.04.22 20:24:31.883,0.9765,0.97681,1.50,1.00
2016.04.22 20:24:32.126,0.97653,0.97692,1.00,1.75
2016.04.22 20:24:33.413,0.97654,0.97686,1.00,1.00
2016.04.22 20:24:35.832,0.97658,0.97692,1.00,1.75
2016.04.22 20:24:49.912,0.97659,0.97686,1.00,1.00
2016.04.22 20:24:50.571,0.97653,0.97682,1.00,1.00
2016.04.22 20:24:56.763,0.97654,0.97691,1.00,2.25
2016.04.22 20:24:56.814,0.97654,0.97684,1.00,1.00
2016.04.22 20:24:57.465,0.97654,0.97686,1.00,1.00
2016.04.22 20:24:58.081,0.97653,0.97687,1.00,1.00
2016.04.22 20:25:08.548,0.97658,0.97692,1.00,1.75
2016.04.22 20:25:08.856,0.97657,0.97687,1.87,1.00
2016.04.22 20:25:09.614,0.97657,0.97686,1.87,1.00
2016.04.22 20:25:20.130,0.97656,0.97687,3.37,1.00
2016.04.22 20:25:23.384,0.97656,0.97686,2.25,1.00
2016.04.22 20:25:23.652,0.97639,0.97681,1.00,1.12
2016.04.22 20:25:23.754,0.97638,0.97682,1.50,1.75
2016.04.22 20:25:23.855,0.97638,0.97681,1.00,1.12
2016.04.22 20:25:23.956,0.97634,0.97676,3.00,1.00
2016.04.22 20:25:27.435,0.97635,0.97677,1.37,1.12
2016.04.22 20:25:28.420,0.97635,0.97676,1.37,1.00
2016.04.22 20:25:34.836,0.97639,0.9768,1.00,1.12
2016.04.22 20:25:35.143,0.97639,0.97671,1.00,1.00
2016.04.22 20:25:35.539,0.97639,0.97669,1.00,1.00
2016.04.22 20:25:35.741,0.97623,0.97658,1.00,1.00
2016.04.22 20:25:35.792,0.97623,0.97648,1.00,1.00
2016.04.22 20:25:35.843,0.9762,0.97648,1.00,1.50
2016.04.22 20:25:35.894,0.97613,0.97645,1.50,1.00
2016.04.22 20:25:35.995,0.97609,0.97647,1.00,1.12
2016.04.22 20:25:36.046,0.97602,0.97641,1.87,1.00
2016.04.22 20:25:36.147,0.97603,0.97652,1.12,3.37
2016.04.22 20:25:36.248,0.97609,0.97651,1.00,1.75
2016.04.22 20:25:36.453,0.97609,0.97651,1.12,1.50
2016.04.22 20:25:36.503,0.97613,0.97654,1.00,1.12
2016.04.22 20:25:39.885,0.97614,0.97651,1.00,1.50
2016.04.22 20:25:41.089,0.97608,0.97655,3.00,1.12
2016.04.22 20:25:41.190,0.97608,0.9765,2.62,1.00
2016.04.22 20:25:41.502,0.97609,0.97646,1.75,1.00
2016.04.22 20:25:41.804,0.97609,0.97646,1.00,1.00
2016.04.22 20:25:42.185,0.97609,0.9765,1.00,3.00
2016.04.22 20:25:42.437,0.97614,0.9765,1.00,1.00
2016.04.22 20:25:44.923,0.97608,0.9765,1.00,1.00
2016.04.22 20:25:45.188,0.97614,0.9765,1.00,1.00
2016.04.22 20:25:45.845,0.97618,0.9765,1.00,1.00
2016.04.22 20:25:45.946,0.97618,0.97657,1.00,1.12
2016.04.22 20:25:46.793,0.97614,0.97656,1.00,1.75
2016.04.22 20:25:47.123,0.97619,0.97659,1.00,1.12
2016.04.22 20:25:56.033,0.97618,0.97659,1.00,1.12
2016.04.22 20:25:57.712,0.97619,0.9766,1.00,1.12
2016.04.22 20:26:01.520,0.97619,0.97655,1.00,1.00
2016.04.22 20:26:05.644,0.97614,0.97656,1.37,2.62
2016.04.22 20:26:05.745,0.97614,0.97654,1.00,1.12
2016.04.22 20:26:06.304,0.97618,0.97656,1.00,1.12
2016.04.22 20:26:07.032,0.97619,0.97656,1.00,1.87
2016.04.22 20:26:10.227,0.97618,0.97657,1.00,1.12
2016.04.22 20:26:10.379,0.97614,0.97656,1.00,1.75
2016.04.22 20:26:10.480,0.97619,0.97656,1.00,1.87
2016.04.22 20:26:10.682,0.97613,0.97652,1.00,1.12
2016.04.22 20:26:10.821,0.97619,0.97656,1.00,1.87
2016.04.22 20:26:14.732,0.97618,0.97656,1.00,1.12
2016.04.22 20:26:16.863,0.97615,0.97657,1.12,1.75
2016.04.22 20:26:17.118,0.97619,0.97656,1.00,1.37
2016.04.22 20:26:17.813,0.97623,0.97661,1.00,1.75
2016.04.22 20:26:20.232,0.97619,0.97656,1.00,1.37
2016.04.22 20:26:22.330,0.97618,0.9766,1.00,1.12
2016.04.22 20:26:22.549,0.97618,0.97657,1.00,1.37
2016.04.22 20:26:22.851,0.97619,0.97656,1.00,1.75
2016.04.22 20:26:24.116,0.97618,0.97656,1.00,1.12
2016.04.22 20:26:29.563,0.97618,0.97657,1.00,1.75
2016.04.22 20:26:29.614,0.97618,0.97657,1.00,1.75
2016.04.22 20:26:34.092,0.97619,0.97656,1.00,1.75
2016.04.22 20:26:34.294,0.97619,0.97656,1.00,1.50
2016.04.22 20:26:34.423,0.97617,0.97656,1.00,1.50
2016.04.22 20:26:34.643,0.97623,0.97657,1.00,1.75
2016.04.22 20:26:35.126,0.97628,0.97659,1.00,1.75
2016.04.22 20:26:35.671,0.97629,0.97659,1.00,1.75
2016.04.22 20:26:35.772,0.97623,0.97657,1.00,1.75
2016.04.22 20:26:37.378,0.97623,0.97657,1.00,1.12
2016.04.22 20:26:37.429,0.97628,0.97661,1.00,1.12
2016.04.22 20:26:37.479,0.97628,0.97661,1.00,1.37
2016.04.22 20:26:40.362,0.97623,0.97657,1.00,1.00
2016.04.22 20:26:45.451,0.97624,0.97661,1.00,1.50
2016.04.22 20:26:45.649,0.97629,0.97661,1.00,1.50
2016.04.22 20:26:46.200,0.97628,0.97662,1.00,1.75
2016.04.22 20:26:48.502,0.97619,0.97661,1.75,1.50
2016.04.22 20:26:48.721,0.97628,0.97662,1.00,1.75
2016.04.22 20:26:50.262,0.97629,0.97661,1.00,1.50
2016.04.22 20:26:51.362,0.97628,0.97662,1.00,1.75
2016.04.22 20:26:51.853,0.97628,0.97661,1.00,1.12
2016.04.22 20:26:52.083,0.97623,0.9766,1.00,1.12
2016.04.22 20:26:52.284,0.97629,0.9766,1.00,1.12
2016.04.22 20:26:54.182,0.97624,0.97656,1.00,1.00
2016.04.22 20:26:57.741,0.97619,0.97662,1.87,1.75
2016.04.22 20:26:57.893,0.9762,0.97662,1.75,1.75
2016.04.22 20:26:57.944,0.97621,0.97662,1.12,1.37
2016.04.22 20:26:58.071,0.97629,0.97661,1.00,1.12
2016.04.22 20:27:01.631,0.97628,0.97662,1.00,1.00
2016.04.22 20:27:03.582,0.97634,0.97666,1.00,1.75
2016.04.22 20:27:04.351,0.97624,0.97666,1.87,1.75
2016.04.22 20:27:04.503,0.97634,0.97666,1.00,1.75
2016.04.22 20:27:04.604,0.97629,0.97666,1.00,1.75
2016.04.22 20:27:04.906,0.97628,0.97672,1.37,1.75
2016.04.22 20:27:04.957,0.97628,0.97672,1.75,1.75
2016.04.22 20:27:07.026,0.97633,0.97662,1.00,1.50
2016.04.22 20:27:07.127,0.97623,0.9766,1.00,1.00
2016.04.22 20:27:07.228,0.97624,0.97656,1.00,1.00
2016.04.22 20:27:07.632,0.97624,0.97656,1.75,1.00
2016.04.22 20:27:09.331,0.97623,0.97662,1.75,1.00
2016.04.22 20:27:09.432,0.97625,0.97666,1.75,1.87
2016.04.22 20:27:09.533,0.97624,0.97661,1.50,1.50
2016.04.22 20:27:09.634,0.97624,0.97656,1.50,1.00
2016.04.22 20:27:09.952,0.97624,0.97656,1.75,1.00
2016.04.22 20:27:10.655,0.97623,0.97657,1.75,1.00
2016.04.22 20:27:10.827,0.97623,0.97657,1.75,1.00
2016.04.22 20:27:13.156,0.97618,0.9766,1.75,1.00
2016.04.22 20:27:13.258,0.97621,0.97662,1.12,1.12
2016.04.22 20:27:13.309,0.97624,0.97661,1.37,1.00
2016.04.22 20:27:13.410,0.97624,0.97663,1.75,1.12
2016.04.22 20:27:13.461,0.97624,0.97661,1.75,1.00
2016.04.22 20:27:13.764,0.97618,0.97657,1.75,1.00
2016.04.22 20:27:13.815,0.97624,0.97661,1.00,1.37
2016.04.22 20:27:14.164,0.97624,0.97656,1.75,1.00
2016.04.22 20:27:14.515,0.97624,0.97656,1.50,1.00
2016.04.22 20:27:14.616,0.97619,0.97651,1.75,1.00
2016.04.22 20:27:15.349,0.97618,0.97652,1.75,1.00
2016.04.22 20:27:16.631,0.97619,0.97651,1.75,1.00
2016.04.22 20:27:19.610,0.97624,0.97656,1.00,1.00
2016.04.22 20:27:22.351,0.97616,0.97656,1.12,1.00
2016.04.22 20:27:22.616,0.97624,0.97656,1.00,1.00
2016.04.22 20:27:28.302,0.97618,0.97652,1.75,1.00
2016.04.22 20:27:28.403,0.97619,0.97651,1.00,1.12
2016.04.22 20:27:28.989,0.97613,0.97647,1.50,1.00
2016.04.22 20:27:29.618,0.97619,0.97651,1.00,1.12
2016.04.22 20:27:30.052,0.97614,0.97646,1.12,1.00
2016.04.22 20:27:31.170,0.97611,0.97652,1.12,1.50
2016.04.22 20:27:31.271,0.97618,0.97652,1.00,1.75
2016.04.22 20:27:31.372,0.97618,0.97652,1.00,1.00
2016.04.22 20:27:44.939,0.97613,0.97657,1.75,2.62
2016.04.22 20:27:45.469,0.97613,0.97652,1.75,1.00
2016.04.22 20:27:52.620,0.97614,0.97651,1.37,1.00
2016.04.22 20:27:53.161,0.97613,0.97652,1.87,1.00
2016.04.22 20:27:53.780,0.97614,0.97651,1.37,1.00
2016.04.22 20:27:55.040,0.97614,0.97655,1.37,1.50
2016.04.22 20:27:55.370,0.97614,0.97646,1.37,1.00
2016.04.22 20:27:56.090,0.97613,0.97647,1.50,1.00
2016.04.22 20:27:56.361,0.97614,0.97654,1.37,1.75
2016.04.22 20:27:56.513,0.97614,0.97646,1.00,1.00
2016.04.22 20:27:58.586,0.97614,0.97646,1.37,1.00
2016.04.22 20:28:04.307,0.97614,0.97646,1.12,1.00
2016.04.22 20:28:04.509,0.97613,0.97652,1.50,1.37
2016.04.22 20:28:04.761,0.97613,0.97647,1.50,1.00
2016.04.22 20:28:04.975,0.97613,0.97652,1.00,1.37
2016.04.22 20:28:05.177,0.97613,0.97653,1.00,1.00
2016.04.22 20:28:07.571,0.97616,0.97653,1.00,1.00
2016.04.22 20:28:07.873,0.97618,0.97659,1.75,1.12
2016.04.22 20:28:08.025,0.9762,0.97669,1.12,2.62
2016.04.22 20:28:09.720,0.97626,0.97668,1.87,1.75
2016.04.22 20:28:09.821,0.97627,0.97668,1.75,1.75
2016.04.22 20:28:10.123,0.97626,0.97661,2.25,1.00
2016.04.22 20:28:10.375,0.97626,0.97666,2.25,1.12
2016.04.22 20:28:15.660,0.97626,0.97668,2.25,1.50
2016.04.22 20:28:15.962,0.97634,0.97671,2.25,1.00
2016.04.22 20:28:16.519,0.97634,0.97672,2.25,1.00
2016.04.22 20:28:19.062,0.97635,0.97671,2.25,1.00
2016.04.22 20:28:19.598,0.97639,0.97671,3.00,1.00
2016.04.22 20:28:19.901,0.97642,0.97671,1.00,1.00
2016.04.22 20:28:19.952,0.97636,0.97671,2.25,1.00
2016.04.22 20:28:20.488,0.97636,0.97678,2.25,1.50
2016.04.22 20:28:20.539,0.97636,0.97677,1.87,1.12
2016.04.22 20:28:20.640,0.97634,0.97674,2.25,1.00
2016.04.22 20:28:20.690,0.97634,0.97666,2.25,1.00
2016.04.22 20:28:22.869,0.97634,0.97672,2.25,1.00
2016.04.22 20:28:22.921,0.97634,0.97672,2.25,1.87
2016.04.22 20:28:23.252,0.9763,0.97662,2.25,1.00
2016.04.22 20:28:23.584,0.97628,0.97656,2.25,1.00
2016.04.22 20:28:23.736,0.97627,0.97656,2.25,1.00
2016.04.22 20:28:24.019,0.97627,0.97662,2.25,1.00
2016.04.22 20:28:26.170,0.97628,0.97665,1.87,1.00
2016.04.22 20:28:26.473,0.97628,0.97667,2.25,1.00
2016.04.22 20:28:27.836,0.97629,0.97664,2.25,1.00
2016.04.22 20:28:28.138,0.97614,0.97653,1.00,1.00
2016.04.22 20:28:28.290,0.97614,0.97651,1.50,1.00
2016.04.22 20:28:28.391,0.97614,0.97653,1.00,1.00
2016.04.22 20:28:28.492,0.97615,0.97651,1.50,1.00
2016.04.22 20:28:28.838,0.97618,0.97652,1.00,1.00
2016.04.22 20:28:33.448,0.97619,0.97651,1.00,1.00
2016.04.22 20:28:46.739,0.97618,0.97652,1.00,1.00
2016.04.22 20:28:49.929,0.97619,0.97651,1.00,1.00
2016.04.22 20:28:52.280,0.97614,0.97646,3.00,1.00
2016.04.22 20:28:55.539,0.97618,0.97652,1.00,1.00
2016.04.22 20:28:59.541,0.97614,0.97647,2.25,1.00
2016.04.22 20:29:00.759,0.97614,0.97646,3.37,1.00
2016.04.22 20:29:01.345,0.97614,0.97647,2.62,1.00
2016.04.22 20:29:01.919,0.97614,0.97646,3.37,1.00
2016.04.22 20:29:09.229,0.97619,0.97647,1.75,1.00
2016.04.22 20:29:09.469,0.97615,0.97646,1.37,1.00
2016.04.22 20:29:10.519,0.97614,0.97646,1.37,1.00
2016.04.22 20:29:10.822,0.97615,0.97646,1.37,1.00
2016.04.22 20:29:11.504,0.97615,0.97646,1.12,1.00
2016.04.22 20:29:11.656,0.97614,0.97646,1.12,1.00
2016.04.22 20:29:12.170,0.97613,0.97647,1.37,1.00
2016.04.22 20:29:14.708,0.97614,0.97646,1.50,1.00
2016.04.22 20:29:14.809,0.97614,0.97646,1.87,1.00
2016.04.22 20:29:16.328,0.97617,0.97647,1.00,1.00
2016.04.22 20:29:17.982,0.97617,0.97646,1.00,1.00
2016.04.22 20:29:19.010,0.97618,0.97652,1.00,1.00
2016.04.22 20:29:19.761,0.97619,0.97651,1.37,1.00
2016.04.22 20:29:20.066,0.97616,0.97651,1.37,1.00
2016.04.22 20:29:20.612,0.97618,0.97651,1.50,1.00
2016.04.22 20:29:20.663,0.97618,0.97646,1.50,1.00
2016.04.22 20:29:21.166,0.97618,0.97647,1.50,1.00
2016.04.22 20:29:21.217,0.97618,0.97652,1.50,1.00
2016.04.22 20:29:21.744,0.97617,0.97652,1.50,2.62
2016.04.22 20:29:21.845,0.97614,0.97646,1.50,1.00
2016.04.22 20:29:21.895,0.97619,0.97646,1.00,1.00
2016.04.22 20:29:21.946,0.97619,0.97651,1.00,1.00
2016.04.22 20:29:22.047,0.97615,0.97647,1.50,1.00
2016.04.22 20:29:22.351,0.97618,0.97649,1.00,1.00
2016.04.22 20:29:22.509,0.97615,0.97647,1.50,1.00
2016.04.22 20:29:22.862,0.97615,0.97651,1.50,1.87
2016.04.22 20:29:22.963,0.97616,0.97651,1.50,1.00
2016.04.22 20:29:23.216,0.97619,0.97651,1.00,1.00
2016.04.22 20:29:23.938,0.97618,0.97652,1.00,1.00
2016.04.22 20:29:26.475,0.97615,0.97655,2.25,1.37
2016.04.22 20:29:26.526,0.97617,0.97655,1.87,1.12
2016.04.22 20:29:26.931,0.97616,0.97651,1.50,1.50
2016.04.22 20:29:27.082,0.97617,0.97651,1.50,1.00
2016.04.22 20:29:27.592,0.97616,0.97652,1.50,1.12
2016.04.22 20:29:28.329,0.97617,0.97652,1.50,1.12
2016.04.22 20:29:28.380,0.97617,0.97652,1.50,1.87
2016.04.22 20:29:28.910,0.97616,0.97652,1.50,1.50
2016.04.22 20:29:30.896,0.97616,0.97641,1.50,1.50
2016.04.22 20:29:31.066,0.97614,0.97646,1.00,1.67
2016.04.22 20:29:31.117,0.97612,0.97646,1.50,1.67
2016.04.22 20:29:31.168,0.97608,0.97649,1.00,1.75
2016.04.22 20:29:31.370,0.9761,0.97647,1.50,1.75
2016.04.22 20:29:31.471,0.9761,0.97647,1.50,1.75
2016.04.22 20:29:32.738,0.97613,0.97649,1.00,1.75
2016.04.22 20:29:36.045,0.97614,0.97649,1.00,1.75
2016.04.22 20:29:38.688,0.9761,0.97647,1.50,1.75
2016.04.22 20:29:38.789,0.97613,0.97652,1.00,1.75
2016.04.22 20:29:38.940,0.9761,0.97651,1.50,1.12
2016.04.22 20:29:39.236,0.97609,0.97646,1.00,1.75
2016.04.22 20:29:39.888,0.97608,0.97649,2.25,1.12
2016.04.22 20:29:40.145,0.97605,0.97642,1.87,1.00
2016.04.22 20:29:40.918,0.97608,0.97647,1.00,1.75
2016.04.22 20:29:41.438,0.97609,0.97646,1.00,1.75
2016.04.22 20:29:41.939,0.97608,0.97647,1.00,1.75
2016.04.22 20:29:41.989,0.97605,0.97641,1.87,1.00
2016.04.22 20:29:46.955,0.97608,0.97647,1.00,1.75
2016.04.22 20:29:47.260,0.97605,0.97641,1.87,1.00
2016.04.22 20:29:48.578,0.97609,0.97646,1.00,1.75
2016.04.22 20:29:49.347,0.97605,0.97646,1.87,1.75
2016.04.22 20:29:49.499,0.97607,0.97646,1.50,1.75
2016.04.22 20:29:49.716,0.97609,0.97646,1.00,1.75
2016.04.22 20:29:50.230,0.97608,0.97647,1.00,1.75
2016.04.22 20:29:53.127,0.97607,0.97648,1.50,1.12
2016.04.22 20:29:53.329,0.97606,0.97641,1.87,1.00
2016.04.22 20:29:53.637,0.97608,0.97647,1.00,1.75
2016.04.22 20:29:55.618,0.97606,0.97646,1.87,1.75
2016.04.22 20:29:55.881,0.97608,0.97642,1.50,1.00
2016.04.22 20:29:56.032,0.97609,0.97646,1.00,1.50
2016.04.22 20:29:56.767,0.97608,0.97641,1.50,1.00
2016.04.22 20:29:56.818,0.97605,0.97641,2.25,1.00
2016.04.22 20:29:57.600,0.97605,0.97641,1.50,1.12
2016.04.22 20:29:58.177,0.97608,0.97647,1.00,1.75
2016.04.22 20:29:58.228,0.97608,0.97647,2.25,1.75
2016.04.22 20:29:58.329,0.97609,0.97646,1.00,1.00
2016.04.22 20:30:00.787,0.97608,0.97646,1.50,1.00
2016.04.22 20:30:00.939,0.97612,0.97646,1.50,1.00
2016.04.22 20:30:01.504,0.97609,0.97646,2.25,1.00
2016.04.22 20:30:01.925,0.97603,0.97647,3.00,1.00
2016.04.22 20:30:01.975,0.97606,0.97647,1.00,1.00
2016.04.22 20:30:02.278,0.97609,0.97646,1.50,1.00
2016.04.22 20:30:05.369,0.97612,0.97646,1.12,1.00
2016.04.22 20:30:05.671,0.97614,0.97651,1.50,1.00
2016.04.22 20:30:07.269,0.97615,0.97651,1.12,1.00
2016.04.22 20:30:07.320,0.97618,0.97653,1.50,1.00
2016.04.22 20:30:07.421,0.9761,0.97652,1.00,1.00
2016.04.22 20:30:07.522,0.97608,0.97652,1.00,1.00
2016.04.22 20:30:07.974,0.97605,0.97646,1.50,1.00
2016.04.22 20:30:08.818,0.97608,0.97652,1.00,1.00
2016.04.22 20:30:10.262,0.97605,0.97646,1.50,1.00
2016.04.22 20:30:10.703,0.97614,0.97646,1.00,1.00
2016.04.22 20:30:12.908,0.97613,0.97652,1.00,1.00
2016.04.22 20:30:13.009,0.97609,0.97646,2.62,1.00
2016.04.22 20:30:13.110,0.97613,0.97651,1.50,1.00
2016.04.22 20:30:13.328,0.97613,0.97647,1.50,1.00
2016.04.22 20:30:14.555,0.97609,0.97647,1.50,1.00
2016.04.22 20:30:14.842,0.97607,0.97647,1.50,1.00
2016.04.22 20:30:14.990,0.97609,0.97651,1.00,1.00
2016.04.22 20:30:17.288,0.97608,0.97652,1.00,1.00
2016.04.22 20:30:18.868,0.9761,0.97652,1.87,1.00
2016.04.22 20:30:19.202,0.97618,0.97652,1.00,1.00
2016.04.22 20:30:21.157,0.97619,0.97651,1.00,1.00
2016.04.22 20:30:21.908,0.97618,0.97652,1.00,1.00
2016.04.22 20:30:27.646,0.97614,0.97651,1.00,1.00
2016.04.22 20:30:27.747,0.97614,0.97649,1.00,1.00
2016.04.22 20:30:28.055,0.97614,0.97647,1.00,1.00
2016.04.22 20:30:28.585,0.97613,0.97647,1.00,1.50
2016.04.22 20:30:30.094,0.97613,0.97649,1.00,1.00
2016.04.22 20:30:30.268,0.97614,0.97646,1.00,1.00
2016.04.22 20:30:30.817,0.97613,0.97647,1.00,1.00
2016.04.22 20:30:36.688,0.97609,0.97649,1.00,1.00
2016.04.22 20:30:36.789,0.97619,0.97651,1.00,1.50
2016.04.22 20:30:37.259,0.97619,0.97649,1.00,1.00
2016.04.22 20:30:39.537,0.97609,0.97649,1.00,1.00
2016.04.22 20:30:39.658,0.97614,0.97649,1.00,1.00
2016.04.22 20:30:40.140,0.97613,0.97647,1.00,1.00
2016.04.22 20:30:46.877,0.97614,0.97646,1.00,1.00
2016.04.22 20:30:47.600,0.97618,0.97649,1.00,1.00
2016.04.22 20:30:48.638,0.97614,0.97649,1.00,1.00
2016.04.22 20:30:48.812,0.97614,0.97651,1.00,1.00
2016.04.22 20:30:49.108,0.97619,0.97651,1.00,1.00
2016.04.22 20:30:49.458,0.97623,0.97653,1.00,1.37
2016.04.22 20:30:49.559,0.97618,0.97652,1.00,1.00
2016.04.22 20:30:51.034,0.97619,0.97651,1.00,1.00
2016.04.22 20:30:51.186,0.97613,0.97654,1.00,1.00
2016.04.22 20:30:51.236,0.97613,0.97652,1.00,1.00
2016.04.22 20:30:51.287,0.97609,0.97651,1.00,1.00
2016.04.22 20:30:52.225,0.97608,0.97651,1.00,1.50
2016.04.22 20:30:52.707,0.97609,0.97649,1.00,1.00
2016.04.22 20:30:53.030,0.97614,0.97646,1.00,1.00
2016.04.22 20:30:54.587,0.97609,0.97646,1.00,1.00
2016.04.22 20:30:54.797,0.97613,0.97647,1.00,1.00
2016.04.22 20:31:00.547,0.97608,0.97647,1.00,1.00
2016.04.22 20:31:00.794,0.97614,0.97646,1.00,1.00
2016.04.22 20:31:01.148,0.97619,0.97651,1.00,1.00
2016.04.22 20:31:01.650,0.97619,0.9765,1.00,1.50
2016.04.22 20:31:01.888,0.97618,0.97652,1.00,1.50
2016.04.22 20:31:02.405,0.97619,0.97651,1.00,1.00
2016.04.22 20:31:02.775,0.97609,0.97651,1.00,2.25
2016.04.22 20:31:03.098,0.97608,0.97649,1.00,1.00
2016.04.22 20:31:08.639,0.97608,0.97652,1.00,1.00
2016.04.22 20:31:08.689,0.97613,0.97656,1.00,1.00
2016.04.22 20:31:09.210,0.97613,0.97657,1.00,1.00
2016.04.22 20:31:09.721,0.97614,0.97656,1.00,1.00
2016.04.22 20:31:10.053,0.97613,0.97651,1.50,1.00
2016.04.22 20:31:13.287,0.97613,0.97657,2.25,1.00
2016.04.22 20:31:13.617,0.97618,0.9766,1.00,2.25
2016.04.22 20:31:13.768,0.97614,0.97657,1.00,1.00
2016.04.22 20:31:13.869,0.97614,0.97651,1.00,1.00
2016.04.22 20:31:14.180,0.97619,0.97651,1.00,1.00
2016.04.22 20:31:26.837,0.97614,0.97651,2.62,1.00
2016.04.22 20:31:27.037,0.97619,0.97651,1.00,1.00
2016.04.22 20:31:31.264,0.97624,0.97656,1.00,1.00
2016.04.22 20:31:31.465,0.97619,0.97656,1.00,1.00
2016.04.22 20:31:31.713,0.97619,0.97651,1.00,1.00
2016.04.22 20:31:32.215,0.97618,0.97652,1.00,1.00
2016.04.22 20:31:35.774,0.97619,0.97656,1.00,1.00
2016.04.22 20:31:35.874,0.97614,0.97651,2.25,1.00
2016.04.22 20:31:36.389,0.97618,0.97652,1.00,1.00
2016.04.22 20:31:58.312,0.97619,0.97651,1.00,1.00
2016.04.22 20:31:58.614,0.97614,0.97646,1.50,1.00
2016.04.22 20:31:58.866,0.97613,0.97655,1.00,1.37
2016.04.22 20:31:59.812,0.97613,0.97657,1.00,1.37
2016.04.22 20:31:59.914,0.97614,0.97657,1.50,1.37
2016.04.22 20:32:00.015,0.97613,0.97647,1.00,1.00
2016.04.22 20:32:00.167,0.97609,0.97648,1.00,2.25
2016.04.22 20:32:00.571,0.97609,0.97648,1.00,2.62
2016.04.22 20:32:00.893,0.97609,0.97649,1.00,1.37
2016.04.22 20:32:03.249,0.97608,0.97649,1.00,1.37
2016.04.22 20:32:03.299,0.97608,0.97649,1.00,1.37
2016.04.22 20:32:04.034,0.97608,0.97649,1.00,1.37
2016.04.22 20:32:06.806,0.97608,0.97652,1.00,1.37
2016.04.22 20:32:07.007,0.97604,0.97651,2.25,1.37
2016.04.22 20:32:07.552,0.97603,0.97647,1.00,1.00
2016.04.22 20:32:11.387,0.97608,0.97652,1.00,1.37
2016.04.22 20:32:13.513,0.97608,0.97652,1.00,1.00
2016.04.22 20:32:14.950,0.97603,0.97647,1.00,1.00
2016.04.22 20:32:27.156,0.97603,0.97646,1.00,1.37
2016.04.22 20:32:27.257,0.97601,0.97646,1.87,1.12
2016.04.22 20:32:27.458,0.97609,0.97651,1.00,1.87
2016.04.22 20:32:28.859,0.97609,0.97651,1.00,1.00
2016.04.22 20:32:29.562,0.97609,0.97652,1.87,1.00
2016.04.22 20:32:29.762,0.97619,0.97651,1.00,1.00
2016.04.22 20:32:34.595,0.97614,0.97656,1.00,1.37
2016.04.22 20:32:35.122,0.97614,0.97656,1.00,1.37
2016.04.22 20:32:36.171,0.97612,0.97651,1.00,1.00
2016.04.22 20:32:36.583,0.97618,0.97652,1.00,1.00
2016.04.22 20:32:38.556,0.97619,0.97651,1.00,1.00
2016.04.22 20:32:47.355,0.97618,0.97652,1.00,1.00
2016.04.22 20:32:49.148,0.97614,0.97646,1.00,1.00
2016.04.22 20:32:49.888,0.97618,0.97652,1.00,1.00
2016.04.22 20:32:54.759,0.97614,0.97646,1.00,1.00
2016.04.22 20:32:55.121,0.97619,0.97651,1.00,1.00
2016.04.22 20:33:02.425,0.9761,0.97651,2.62,1.00
2016.04.22 20:33:02.934,0.9761,0.97652,2.25,1.00
2016.04.22 20:33:06.861,0.97614,0.97656,1.00,1.00
2016.04.22 20:33:07.207,0.97619,0.97659,1.00,1.37
2016.04.22 20:33:07.554,0.97618,0.97652,1.00,1.00
2016.04.22 20:33:07.885,0.97614,0.97646,1.00,1.00
2016.04.22 20:33:08.263,0.97619,0.97651,1.00,1.00
2016.04.22 20:33:14.747,0.97618,0.97652,1.00,1.00
2016.04.22 20:33:25.964,0.97619,0.97651,1.00,1.00
2016.04.22 20:33:27.081,0.97613,0.97657,1.00,1.87
2016.04.22 20:33:27.333,0.97619,0.97651,1.00,1.00
2016.04.22 20:33:27.535,0.97613,0.97647,1.00,1.00
2016.04.22 20:33:27.614,0.97609,0.97651,1.00,1.12
2016.04.22 20:33:27.665,0.97609,0.97651,1.00,1.37
2016.04.22 20:33:27.983,0.97609,0.97646,1.00,1.00
2016.04.22 20:33:41.146,0.97614,0.97651,1.00,1.00
2016.04.22 20:33:41.640,0.97608,0.97652,1.37,1.00
2016.04.22 20:33:41.741,0.97619,0.97651,1.00,1.00
2016.04.22 20:33:46.423,0.97614,0.97646,1.00,1.00
2016.04.22 20:33:46.811,0.97619,0.97651,1.00,1.00
2016.04.22 20:33:48.843,0.97613,0.97647,1.00,1.00
2016.04.22 20:33:49.411,0.97619,0.97651,1.00,1.00
2016.04.22 20:33:56.275,0.97619,0.97651,1.00,1.37
2016.04.22 20:33:56.325,0.97613,0.97651,1.00,1.37
2016.04.22 20:33:56.376,0.97613,0.9765,1.00,1.37
2016.04.22 20:33:56.578,0.97614,0.97646,1.00,1.00
2016.04.22 20:33:59.561,0.97608,0.97652,1.37,1.00
2016.04.22 20:33:59.763,0.97619,0.97651,1.00,1.00
2016.04.22 20:34:00.748,0.97614,0.97646,1.00,1.00
2016.04.22 20:34:02.091,0.97618,0.97652,1.00,1.00
2016.04.22 20:34:17.010,0.97619,0.97651,1.00,1.00
2016.04.22 20:34:19.204,0.97618,0.97652,1.00,1.00
2016.04.22 20:34:20.438,0.97614,0.97651,1.00,1.00
2016.04.22 20:34:20.770,0.97619,0.97651,1.00,1.00
2016.04.22 20:34:30.093,0.97624,0.97656,1.00,1.12
2016.04.22 20:34:34.642,0.97619,0.97651,1.00,1.00
2016.04.22 20:34:46.493,0.97619,0.97661,1.00,1.00
2016.04.22 20:34:46.594,0.9762,0.97661,1.37,1.00
2016.04.22 20:34:47.172,0.9762,0.97662,1.37,1.00
2016.04.22 20:34:48.469,0.97619,0.97662,1.00,1.00
2016.04.22 20:34:49.182,0.97619,0.97662,1.00,1.37
2016.04.22 20:34:49.711,0.97619,0.97656,1.00,1.00
2016.04.22 20:34:53.522,0.97621,0.97656,1.00,1.00
2016.04.22 20:34:53.673,0.97624,0.97661,1.00,1.00
2016.04.22 20:34:54.185,0.97624,0.97662,2.25,1.00
2016.04.22 20:34:54.236,0.97624,0.97666,2.25,1.00
2016.04.22 20:34:54.302,0.97624,0.97662,2.25,1.00
2016.04.22 20:34:54.838,0.97625,0.97662,1.00,1.00
2016.04.22 20:34:55.691,0.97624,0.97662,1.50,1.00
2016.04.22 20:34:56.448,0.97623,0.97662,2.25,1.00
2016.04.22 20:35:00.815,0.97623,0.97661,2.25,1.00
2016.04.22 20:35:04.981,0.9762,0.97661,2.25,1.00
2016.04.22 20:35:05.431,0.9762,0.97661,2.62,1.00
2016.04.22 20:35:05.857,0.97629,0.97661,1.00,1.00
2016.04.22 20:35:06.404,0.97628,0.97662,1.00,1.00
2016.04.22 20:35:08.288,0.97629,0.97661,1.00,1.00
2016.04.22 20:35:10.576,0.97633,0.97667,1.00,1.00
2016.04.22 20:35:10.929,0.97632,0.97671,1.37,1.00
2016.04.22 20:35:11.517,0.97631,0.97671,1.37,1.00
2016.04.22 20:35:14.750,0.97631,0.97671,1.12,1.00
2016.04.22 20:35:16.022,0.97631,0.97671,1.37,1.00
2016.04.22 20:35:16.632,0.97631,0.97671,1.12,1.00
2016.04.22 20:35:16.683,0.97634,0.97666,1.00,1.00
2016.04.22 20:35:24.494,0.97629,0.97667,1.37,1.00
2016.04.22 20:35:24.595,0.97629,0.97667,1.00,1.00
2016.04.22 20:35:28.795,0.97631,0.97667,1.50,1.00
2016.04.22 20:35:28.896,0.97631,0.97671,1.50,1.00
2016.04.22 20:35:29.766,0.97632,0.97671,1.00,1.00
2016.04.22 20:35:48.263,0.97632,0.97667,1.00,1.00
2016.04.22 20:36:02.003,0.97632,0.97671,1.00,1.00
2016.04.22 20:36:02.053,0.97636,0.97671,1.00,1.00
2016.04.22 20:36:02.363,0.97637,0.97666,1.12,1.00
2016.04.22 20:36:10.995,0.97638,0.97666,1.00,1.00
2016.04.22 20:36:19.254,0.97639,0.97671,1.00,1.00
2016.04.22 20:36:19.356,0.9764,0.97671,1.37,1.00
2016.04.22 20:36:19.507,0.97643,0.97676,1.00,1.00
2016.04.22 20:36:19.710,0.97648,0.97677,1.00,1.00
2016.04.22 20:36:19.811,0.97649,0.97681,1.00,1.00
2016.04.22 20:36:19.917,0.97649,0.97677,1.00,1.00
2016.04.22 20:36:21.145,0.97649,0.97681,1.00,1.00
2016.04.22 20:36:22.383,0.97647,0.97681,1.00,1.00
2016.04.22 20:36:22.976,0.97648,0.97681,1.00,1.00
2016.04.22 20:36:23.875,0.97648,0.97676,1.00,1.00
2016.04.22 20:36:26.533,0.97649,0.97681,1.00,1.00
2016.04.22 20:36:35.233,0.97649,0.97682,1.00,1.00
2016.04.22 20:36:37.679,0.97646,0.97682,2.62,1.00
2016.04.22 20:36:37.780,0.97647,0.97682,1.37,1.00
2016.04.22 20:36:45.831,0.97648,0.97682,1.12,1.00
2016.04.22 20:36:46.159,0.97648,0.97682,1.37,1.00
2016.04.22 20:36:46.752,0.97647,0.97676,1.37,1.00
2016.04.22 20:36:47.962,0.97649,0.97681,1.37,1.00
2016.04.22 20:36:48.202,0.97647,0.97676,1.37,1.00
2016.04.22 20:36:48.252,0.97647,0.97676,1.12,1.00
2016.04.22 20:36:49.438,0.97648,0.97682,1.00,1.00
2016.04.22 20:36:49.680,0.97647,0.97677,1.12,1.00
2016.04.22 20:36:50.364,0.97648,0.97682,1.00,1.00
2016.04.22 20:37:03.421,0.97652,0.97682,1.00,1.00
2016.04.22 20:37:03.572,0.9766,0.97692,1.12,1.00
2016.04.22 20:37:03.673,0.97664,0.97697,1.00,1.00
2016.04.22 20:37:03.774,0.97665,0.97701,1.37,1.00
2016.04.22 20:37:03.875,0.97659,0.97706,1.00,1.37
2016.04.22 20:37:03.976,0.9766,0.97706,1.12,1.12
2016.04.22 20:37:04.203,0.97662,0.97706,1.00,1.12
2016.04.22 20:37:04.505,0.97662,0.97702,1.00,1.00
2016.04.22 20:37:04.757,0.97659,0.97701,1.00,1.00
2016.04.22 20:37:05.271,0.9766,0.97701,1.00,1.00
2016.04.22 20:37:05.868,0.97659,0.97701,1.00,1.00
2016.04.22 20:37:06.396,0.97658,0.97707,1.00,1.37
2016.04.22 20:37:06.447,0.97656,0.97704,1.50,1.37
2016.04.22 20:37:06.777,0.97655,0.97691,1.00,1.00
2016.04.22 20:37:07.271,0.97654,0.97697,1.00,1.12
2016.04.22 20:37:07.372,0.97657,0.97697,1.00,1.00
2016.04.22 20:37:07.423,0.97659,0.97701,1.00,1.37
2016.04.22 20:37:07.728,0.97658,0.97707,1.00,1.37
2016.04.22 20:37:07.950,0.97658,0.97697,1.00,1.00
2016.04.22 20:37:08.467,0.9766,0.97697,1.00,1.00
2016.04.22 20:37:09.017,0.97659,0.97697,1.00,1.00
2016.04.22 20:37:09.568,0.9766,0.97697,1.00,1.00
2016.04.22 20:37:10.084,0.97659,0.97697,1.00,1.00
2016.04.22 20:37:10.650,0.9766,0.97697,1.00,1.00
2016.04.22 20:37:11.238,0.97659,0.97697,1.00,1.00
2016.04.22 20:37:11.753,0.97658,0.97697,1.00,1.00
2016.04.22 20:37:12.737,0.97658,0.97702,1.00,1.00
2016.04.22 20:37:12.889,0.97659,0.97696,1.00,1.00
2016.04.22 20:37:17.988,0.97657,0.97696,1.50,1.00
2016.04.22 20:37:18.039,0.97655,0.97696,2.62,1.00
2016.04.22 20:37:18.160,0.97657,0.97696,1.00,1.00
2016.04.22 20:37:18.501,0.97656,0.97691,1.00,1.00
2016.04.22 20:37:18.844,0.97658,0.97691,1.00,1.00
2016.04.22 20:37:19.366,0.97657,0.97691,1.12,1.00
2016.04.22 20:37:19.911,0.97656,0.97691,2.62,1.00
2016.04.22 20:37:20.471,0.97657,0.97692,1.87,1.00
2016.04.22 20:37:20.819,0.97657,0.97697,1.87,1.00
2016.04.22 20:37:21.349,0.97659,0.97696,1.37,1.00
2016.04.22 20:37:21.892,0.97659,0.97696,1.12,1.00
2016.04.22 20:37:22.816,0.97659,0.97696,1.37,1.00
2016.04.22 20:37:23.672,0.97659,0.97696,1.12,1.00
2016.04.22 20:37:28.649,0.97657,0.97692,2.62,1.00
2016.04.22 20:37:29.121,0.9766,0.97692,1.00,1.00
2016.04.22 20:37:29.176,0.97659,0.97697,1.00,1.00
2016.04.22 20:37:29.868,0.97659,0.97697,1.37,1.00
2016.04.22 20:37:32.091,0.97659,0.97697,1.00,1.00
2016.04.22 20:37:34.788,0.97659,0.97697,1.37,1.00
2016.04.22 20:37:40.697,0.97661,0.97697,1.87,1.00
2016.04.22 20:37:44.940,0.97661,0.97697,1.50,1.00
2016.04.22 20:37:51.336,0.97662,0.97697,1.50,1.00
2016.04.22 20:37:52.118,0.9766,0.97697,1.37,1.00
2016.04.22 20:37:55.661,0.97658,0.97696,1.87,1.00
2016.04.22 20:37:55.812,0.97658,0.97691,1.50,1.00
2016.04.22 20:37:56.321,0.97655,0.97692,1.87,1.00
2016.04.22 20:37:57.143,0.97659,0.97696,1.00,1.00
2016.04.22 20:37:57.679,0.97659,0.97696,1.87,1.00
2016.04.22 20:38:01.060,0.97659,0.97702,1.37,1.00
2016.04.22 20:38:02.154,0.97659,0.97702,1.87,1.00
2016.04.22 20:38:03.157,0.97662,0.97702,1.00,1.00
2016.04.22 20:38:03.308,0.97662,0.97696,1.00,1.00
2016.04.22 20:38:03.951,0.97657,0.97697,1.37,1.00
2016.04.22 20:38:04.103,0.97657,0.97697,1.87,1.00
2016.04.22 20:38:06.120,0.97657,0.97696,1.87,1.00
2016.04.22 20:38:06.580,0.97665,0.97701,1.00,1.00
2016.04.22 20:38:06.983,0.97667,0.97701,1.00,1.00
2016.04.22 20:38:07.112,0.97667,0.97706,1.00,1.00
2016.04.22 20:38:07.163,0.97663,0.97706,2.25,1.00
2016.04.22 20:38:07.264,0.97665,0.97701,1.12,1.00
2016.04.22 20:38:07.684,0.97668,0.97701,1.00,1.00
2016.04.22 20:38:08.190,0.97667,0.97701,1.12,1.00
2016.04.22 20:38:08.793,0.97667,0.97701,1.37,1.00
2016.04.22 20:38:09.565,0.97667,0.97701,1.12,1.00
2016.04.22 20:38:19.320,0.97667,0.97706,1.12,1.00
2016.04.22 20:38:19.539,0.97664,0.97701,1.37,1.00
2016.04.22 20:38:19.841,0.97668,0.97701,1.00,1.00
2016.04.22 20:38:21.520,0.97666,0.97701,1.12,1.00
2016.04.22 20:38:22.181,0.97669,0.97706,1.00,1.00
2016.04.22 20:38:22.448,0.97667,0.97701,1.37,1.00
2016.04.22 20:38:24.821,0.97668,0.97707,1.00,1.00
2016.04.22 20:38:25.515,0.97667,0.97701,1.00,1.00
2016.04.22 20:38:27.012,0.97666,0.97701,1.87,1.00
2016.04.22 20:38:27.063,0.97674,0.97711,1.00,1.00
2016.04.22 20:38:27.164,0.97668,0.97707,1.87,1.00
2016.04.22 20:38:27.725,0.97668,0.97707,1.87,1.00
2016.04.22 20:38:29.578,0.97668,0.97702,1.87,1.00
2016.04.22 20:38:29.990,0.97668,0.97696,1.00,1.00
2016.04.22 20:38:30.319,0.97668,0.97702,1.00,1.00
2016.04.22 20:38:30.447,0.97668,0.97696,1.00,1.00
2016.04.22 20:38:30.557,0.97668,0.97702,1.00,1.00
2016.04.22 20:38:30.709,0.9766,0.97702,1.00,1.00
2016.04.22 20:38:30.810,0.97658,0.97702,1.12,1.00
2016.04.22 20:38:30.911,0.97659,0.97696,1.00,1.00
2016.04.22 20:38:33.770,0.97658,0.97697,1.87,1.00
2016.04.22 20:38:35.731,0.97659,0.97701,1.12,1.00
2016.04.22 20:38:36.243,0.97658,0.97702,2.62,1.00
2016.04.22 20:38:36.832,0.97659,0.97702,1.37,1.00
2016.04.22 20:38:36.933,0.97659,0.97696,1.37,1.00
2016.04.22 20:38:37.513,0.97657,0.97696,1.87,1.00
2016.04.22 20:38:38.240,0.97657,0.97697,1.87,1.00
2016.04.22 20:38:38.397,0.97657,0.97702,1.00,1.87
2016.04.22 20:38:38.448,0.97657,0.97697,1.00,1.00
2016.04.22 20:38:38.790,0.97657,0.97691,1.00,1.00
2016.04.22 20:38:38.840,0.97649,0.97691,1.00,1.00
2016.04.22 20:38:42.997,0.97644,0.97696,1.87,1.12
2016.04.22 20:38:43.048,0.97644,0.97689,1.87,1.00
2016.04.22 20:38:43.199,0.97644,0.97688,1.00,1.00
2016.04.22 20:38:43.471,0.97648,0.97682,1.00,1.00
2016.04.22 20:38:44.869,0.97648,0.97687,1.00,1.00
2016.04.22 20:38:45.530,0.97644,0.97681,1.00,1.00
2016.04.22 20:38:46.080,0.97643,0.97682,1.12,1.00
2016.04.22 20:38:50.239,0.97643,0.97685,1.00,1.00
2016.04.22 20:38:50.449,0.97644,0.97676,1.00,1.00
2016.04.22 20:38:55.766,0.97641,0.97676,1.00,1.00
2016.04.22 20:38:55.817,0.97639,0.97676,1.12,1.00
2016.04.22 20:38:55.868,0.97639,0.97677,1.37,1.00
2016.04.22 20:38:55.969,0.97643,0.97682,1.00,1.00
2016.04.22 20:38:56.171,0.97644,0.97676,1.00,1.00
2016.04.22 20:38:58.150,0.97643,0.97687,1.00,1.50
2016.04.22 20:38:58.301,0.97639,0.97676,1.00,1.00
2016.04.22 20:38:58.619,0.97644,0.97676,1.00,1.00
2016.04.22 20:39:00.936,0.97643,0.97677,1.00,1.00
2016.04.22 20:39:04.339,0.97638,0.97682,1.37,1.00
2016.04.22 20:39:04.529,0.97638,0.97672,1.37,1.00
2016.04.22 20:39:05.326,0.97638,0.97678,1.37,1.00
2016.04.22 20:39:05.427,0.97635,0.97671,1.37,1.00
2016.04.22 20:39:05.730,0.97644,0.97676,1.00,1.00
2016.04.22 20:39:06.033,0.97639,0.97671,1.37,1.00
2016.04.22 20:39:06.185,0.97639,0.97671,1.12,1.00
2016.04.22 20:39:06.703,0.97639,0.97671,1.37,1.00
2016.04.22 20:39:06.754,0.97639,0.97671,1.12,1.00
2016.04.22 20:39:07.280,0.97639,0.97679,1.00,1.00
2016.04.22 20:39:07.381,0.97639,0.97681,1.00,1.00
2016.04.22 20:39:07.432,0.97638,0.97671,1.00,1.00
2016.04.22 20:39:07.734,0.97644,0.97676,1.00,1.00
2016.04.22 20:39:08.618,0.9764,0.97672,1.37,1.00
2016.04.22 20:39:11.795,0.97639,0.97681,1.00,1.00
2016.04.22 20:39:11.896,0.97639,0.97681,1.37,1.00
2016.04.22 20:39:12.307,0.97638,0.97672,1.37,1.00
2016.04.22 20:39:13.865,0.97638,0.97672,1.37,1.00
2016.04.22 20:39:13.916,0.97639,0.97676,1.12,1.00
2016.04.22 20:39:14.118,0.97638,0.97667,1.37,1.00
2016.04.22 20:39:14.941,0.97644,0.97671,1.00,1.00
2016.04.22 20:39:15.452,0.97643,0.97677,1.00,1.00
2016.04.22 20:39:17.838,0.97643,0.97682,1.00,1.00
2016.04.22 20:39:17.990,0.97639,0.97676,1.00,1.00
2016.04.22 20:39:18.361,0.97638,0.97672,1.00,1.00
2016.04.22 20:39:18.693,0.97643,0.97672,1.00,1.00
2016.04.22 20:39:28.100,0.97644,0.97671,1.00,1.00
2016.04.22 20:39:30.079,0.97643,0.97672,1.00,1.00
2016.04.22 20:39:30.629,0.97644,0.97671,1.00,1.00
2016.04.22 20:39:41.888,0.9764,0.97671,1.00,1.00
2016.04.22 20:39:42.089,0.97643,0.97672,1.00,1.00
2016.04.22 20:39:45.499,0.97649,0.97676,1.00,1.00
2016.04.22 20:39:51.977,0.97648,0.97677,1.00,1.00
2016.04.22 20:39:52.587,0.97649,0.97676,1.00,1.00
2016.04.22 20:39:58.284,0.97654,0.97681,1.00,1.00
2016.04.22 20:39:58.385,0.97649,0.97681,1.00,1.00
2016.04.22 20:39:58.586,0.97654,0.97681,1.00,1.00
2016.04.22 20:40:01.994,0.9765,0.97681,1.00,1.00
2016.04.22 20:40:02.095,0.97654,0.97686,1.00,1.00
2016.04.22 20:40:02.530,0.97648,0.97687,1.00,1.00
2016.04.22 20:40:02.896,0.97648,0.97677,1.00,1.00
2016.04.22 20:40:04.070,0.97649,0.97676,1.00,1.00
2016.04.22 20:40:06.971,0.97654,0.97681,1.00,1.00
2016.04.22 20:40:13.979,0.97648,0.97682,1.00,1.00
2016.04.22 20:40:15.667,0.97646,0.97681,1.00,1.00
2016.04.22 20:40:16.720,0.97646,0.97682,1.00,1.00
2016.04.22 20:40:17.230,0.97645,0.97682,1.00,1.00
2016.04.22 20:40:19.398,0.97646,0.97682,1.00,1.00
2016.04.22 20:40:20.830,0.97646,0.97687,1.00,1.00
2016.04.22 20:40:21.052,0.97646,0.97692,1.00,1.00
2016.04.22 20:40:28.855,0.97652,0.97687,1.00,1.00
2016.04.22 20:40:29.007,0.97646,0.97687,1.50,1.00
2016.04.22 20:40:29.158,0.97647,0.97691,1.00,1.00
2016.04.22 20:40:29.309,0.97647,0.97701,1.00,1.00
2016.04.22 20:40:31.301,0.97649,0.97704,1.00,1.00
2016.04.22 20:40:34.484,0.97648,0.97703,1.00,1.00
2016.04.22 20:40:35.749,0.97648,0.97702,1.00,1.00
2016.04.22 20:40:36.286,0.97649,0.97702,1.00,1.00
2016.04.22 20:40:36.426,0.97649,0.97705,1.00,1.00
2016.04.22 20:40:36.527,0.97652,0.97706,1.00,1.00
2016.04.22 20:40:39.074,0.97652,0.97707,1.00,1.50
2016.04.22 20:40:41.141,0.97652,0.97708,1.00,1.12
2016.04.22 20:40:42.109,0.97652,0.97709,1.00,1.12
2016.04.22 20:40:42.449,0.97652,0.97706,1.00,1.00
2016.04.22 20:40:42.777,0.97652,0.97696,1.00,1.00
2016.04.22 20:40:45.247,0.97652,0.97697,1.00,1.00
2016.04.22 20:40:46.899,0.97652,0.97696,1.00,1.00
2016.04.22 20:40:47.343,0.97654,0.97696,1.00,1.00
2016.04.22 20:40:49.719,0.97653,0.97697,1.50,1.00
2016.04.22 20:40:57.349,0.97654,0.97696,1.00,1.00
2016.04.22 20:40:58.229,0.97653,0.97691,1.00,1.00
2016.04.22 20:40:58.420,0.97654,0.97696,1.00,1.00
2016.04.22 20:40:59.120,0.9765,0.97701,1.00,1.00
2016.04.22 20:40:59.422,0.9765,0.97696,1.00,1.00
2016.04.22 20:40:59.940,0.97652,0.97696,1.00,1.00
2016.04.22 20:41:03.621,0.97649,0.97696,1.00,1.00
2016.04.22 20:41:05.679,0.97649,0.97691,1.00,1.00
2016.04.22 20:41:05.833,0.97649,0.97696,1.00,1.00
2016.04.22 20:41:05.896,0.97651,0.97696,1.00,1.00
2016.04.22 20:41:06.503,0.9765,0.97696,1.00,1.00
2016.04.22 20:41:06.854,0.97654,0.97696,1.00,1.00
2016.04.22 20:41:07.359,0.97654,0.97697,1.00,1.00
2016.04.22 20:41:07.483,0.97656,0.97702,1.00,1.00
2016.04.22 20:41:07.655,0.97656,0.97696,1.00,1.00
2016.04.22 20:41:08.193,0.97657,0.97696,1.00,1.00
2016.04.22 20:41:08.766,0.97656,0.97696,1.00,1.00
2016.04.22 20:41:14.048,0.97654,0.97691,1.50,1.00
2016.04.22 20:41:14.199,0.97655,0.97701,1.00,1.00
2016.04.22 20:41:14.418,0.97655,0.97691,1.00,1.00
2016.04.22 20:41:14.818,0.97655,0.97686,1.00,1.00
2016.04.22 20:41:15.138,0.97655,0.97691,1.00,1.00
2016.04.22 20:41:15.251,0.97655,0.97687,1.00,1.00
2016.04.22 20:41:15.580,0.97655,0.97691,1.00,1.00
2016.04.22 20:41:16.129,0.97655,0.97686,1.00,1.00
2016.04.22 20:41:27.966,0.97655,0.97692,1.00,1.00
2016.04.22 20:41:28.028,0.97655,0.97686,1.00,1.00
2016.04.22 20:41:29.934,0.97652,0.97686,1.00,1.00
2016.04.22 20:41:30.464,0.97652,0.97687,1.00,1.00
2016.04.22 20:41:30.980,0.97653,0.97687,1.00,1.00
2016.04.22 20:41:35.398,0.97653,0.97686,1.00,1.00
2016.04.22 20:41:36.080,0.97653,0.97691,1.00,1.00
2016.04.22 20:41:36.531,0.97655,0.97691,1.00,1.00
2016.04.22 20:41:36.632,0.97653,0.97691,1.00,1.00
2016.04.22 20:41:37.955,0.97654,0.97691,1.00,1.00
2016.04.22 20:41:38.469,0.97654,0.97692,1.50,1.00
2016.04.22 20:41:39.047,0.97654,0.97691,1.50,1.00
2016.04.22 20:41:44.638,0.97654,0.97692,1.50,1.00
2016.04.22 20:41:44.749,0.97654,0.97697,1.50,1.00
2016.04.22 20:41:45.083,0.97655,0.97692,1.00,1.00
2016.04.22 20:41:45.657,0.97654,0.97692,1.00,1.00
2016.04.22 20:41:46.174,0.97655,0.97692,1.00,1.00
2016.04.22 20:41:46.683,0.97654,0.97692,1.50,1.00
2016.04.22 20:41:47.178,0.97654,0.97696,1.50,1.00
2016.04.22 20:41:47.380,0.97647,0.97696,1.00,1.00
2016.04.22 20:41:47.431,0.97644,0.97687,1.00,1.00
2016.04.22 20:41:47.642,0.97646,0.97692,1.00,1.00
2016.04.22 20:41:47.693,0.97651,0.97692,1.00,1.00
2016.04.22 20:41:47.744,0.9765,0.97696,1.00,1.00
2016.04.22 20:41:48.488,0.97654,0.97701,1.00,1.00
2016.04.22 20:41:48.715,0.97649,0.97697,1.00,1.00
2016.04.22 20:41:49.307,0.97649,0.97696,1.50,1.00
2016.04.22 20:41:49.785,0.97651,0.97696,1.00,1.00
2016.04.22 20:41:50.322,0.97651,0.97695,1.00,1.00
2016.04.22 20:41:50.473,0.97645,0.97691,1.00,1.00
2016.04.22 20:41:50.574,0.97624,0.97673,1.00,1.00
2016.04.22 20:41:50.625,0.97628,0.97673,1.00,1.00
2016.04.22 20:41:50.676,0.97628,0.97685,1.00,1.37
2016.04.22 20:41:50.726,0.97626,0.97657,1.00,1.00
2016.04.22 20:41:50.928,0.97637,0.97676,1.00,1.00
2016.04.22 20:41:51.029,0.97637,0.97698,1.00,1.37
2016.04.22 20:41:51.080,0.97632,0.9769,1.00,1.37
2016.04.22 20:41:51.402,0.97624,0.9768,1.50,1.37
2016.04.22 20:41:51.603,0.97617,0.97672,1.00,1.00
2016.04.22 20:41:51.654,0.97621,0.97676,1.00,1.50
2016.04.22 20:41:51.957,0.97623,0.97657,1.00,1.50
2016.04.22 20:41:52.158,0.97622,0.97672,1.00,1.37
2016.04.22 20:41:52.259,0.97617,0.97657,1.00,1.00
2016.04.22 20:41:52.360,0.9762,0.97676,1.00,1.37
2016.04.22 20:41:52.411,0.9762,0.97658,1.00,1.00
2016.04.22 20:41:52.562,0.97618,0.97657,1.00,1.00
2016.04.22 20:41:52.668,0.97618,0.97652,1.00,1.00
2016.04.22 20:41:53.276,0.97619,0.97651,1.00,1.00
2016.04.22 20:41:54.017,0.97624,0.97656,1.00,1.00
2016.04.22 20:41:54.217,0.97618,0.97652,1.00,1.00
2016.04.22 20:41:54.369,0.97608,0.97658,1.87,1.00
2016.04.22 20:41:54.470,0.97614,0.97659,1.00,1.00
2016.04.22 20:41:54.571,0.97609,0.97657,1.00,1.00
2016.04.22 20:41:54.690,0.97613,0.97647,1.00,1.00
2016.04.22 20:41:55.531,0.97609,0.97641,1.00,1.00
2016.04.22 20:41:55.833,0.97609,0.97663,1.37,1.50
2016.04.22 20:41:55.884,0.97614,0.97666,1.75,1.00
2016.04.22 20:41:56.035,0.9762,0.97671,1.75,1.00
2016.04.22 20:41:56.086,0.9762,0.97676,1.75,1.00
2016.04.22 20:41:56.293,0.97625,0.97677,1.52,1.00
2016.04.22 20:41:56.343,0.97626,0.97682,1.52,1.12
2016.04.22 20:41:56.394,0.97626,0.97683,1.00,1.00
2016.04.22 20:41:56.445,0.97622,0.97683,1.00,1.00
2016.04.22 20:41:56.546,0.97627,0.97696,1.00,1.37
2016.04.22 20:41:56.848,0.97629,0.97688,1.00,1.05
2016.04.22 20:41:57.151,0.97629,0.97676,1.00,1.00
2016.04.22 20:41:57.352,0.97627,0.97676,1.00,1.00
2016.04.22 20:41:57.877,0.97626,0.97676,2.25,1.00
2016.04.22 20:41:57.978,0.97626,0.97682,2.62,1.60
2016.04.22 20:41:58.078,0.97628,0.97686,1.37,2.10
2016.04.22 20:41:58.381,0.97633,0.97682,1.12,1.00
2016.04.22 20:41:58.886,0.97638,0.97682,1.00,1.00
2016.04.22 20:41:59.087,0.97639,0.97686,1.12,1.00
2016.04.22 20:41:59.394,0.97639,0.97681,1.12,1.00
2016.04.22 20:41:59.487,0.97639,0.97686,1.12,1.00
2016.04.22 20:41:59.640,0.97641,0.97686,1.00,1.00
2016.04.22 20:42:00.188,0.97642,0.97686,1.00,1.00
2016.04.22 20:42:00.687,0.97644,0.97687,1.00,1.00
2016.04.22 20:42:01.442,0.97645,0.97687,1.00,1.00
2016.04.22 20:42:01.744,0.97647,0.97686,1.00,1.00
2016.04.22 20:42:01.939,0.97647,0.97702,1.00,1.00
2016.04.22 20:42:02.141,0.97646,0.97686,1.00,1.00
2016.04.22 20:42:02.691,0.97648,0.97686,1.00,1.00
2016.04.22 20:42:03.156,0.97653,0.97686,1.00,1.00
2016.04.22 20:42:03.660,0.97651,0.97686,1.00,1.00
2016.04.22 20:42:04.183,0.97652,0.97687,1.00,1.00
2016.04.22 20:42:04.594,0.97648,0.97686,1.50,1.00
2016.04.22 20:42:04.883,0.9765,0.97686,1.00,1.00
2016.04.22 20:42:05.648,0.9765,0.97691,1.00,1.00
2016.04.22 20:42:05.900,0.97651,0.97686,1.00,1.00
2016.04.22 20:42:06.448,0.97652,0.97686,1.00,1.00
2016.04.22 20:42:06.915,0.97647,0.97686,1.00,1.00
2016.04.22 20:42:07.469,0.97648,0.97686,1.00,1.00
2016.04.22 20:42:08.000,0.97648,0.97691,1.00,1.00
2016.04.22 20:42:08.095,0.9765,0.97691,1.00,1.00
2016.04.22 20:42:08.429,0.97643,0.97692,1.00,1.00
2016.04.22 20:42:08.480,0.97641,0.97692,1.50,1.00
2016.04.22 20:42:08.531,0.97641,0.97695,1.00,1.00
2016.04.22 20:42:08.679,0.97641,0.97686,1.00,1.00
2016.04.22 20:42:09.029,0.97638,0.97681,1.00,1.00
2016.04.22 20:42:09.732,0.97639,0.97686,1.00,1.00
2016.04.22 20:42:09.827,0.97638,0.97682,1.00,1.00
2016.04.22 20:42:09.979,0.97638,0.97687,1.00,1.00
2016.04.22 20:42:10.080,0.97638,0.97692,1.00,1.00
2016.04.22 20:42:10.725,0.97639,0.97691,1.00,1.00
2016.04.22 20:42:11.030,0.97641,0.97691,1.00,1.00
2016.04.22 20:42:11.383,0.97641,0.97695,1.00,1.00
2016.04.22 20:42:11.960,0.9764,0.97697,1.00,1.37
2016.04.22 20:42:12.112,0.97644,0.977,1.00,1.37
2016.04.22 20:42:12.213,0.97644,0.977,1.00,1.12
2016.04.22 20:42:12.314,0.97646,0.97701,1.00,1.37
2016.04.22 20:42:12.685,0.97648,0.97702,1.00,1.37
2016.04.22 20:42:13.347,0.97648,0.97705,1.00,1.37
2016.04.22 20:42:13.665,0.97651,0.97706,1.00,1.37
2016.04.22 20:42:14.452,0.97651,0.97706,1.00,1.37
2016.04.22 20:42:14.603,0.97652,0.97701,1.00,1.00
2016.04.22 20:42:15.221,0.97651,0.97701,1.00,1.00
2016.04.22 20:42:15.570,0.97654,0.97701,1.00,1.00
2016.04.22 20:42:15.657,0.97654,0.97707,1.00,1.00
2016.04.22 20:42:15.767,0.97654,0.97701,1.00,1.00
2016.04.22 20:42:15.922,0.97654,0.97707,1.50,1.00
2016.04.22 20:42:16.324,0.97656,0.97706,1.00,1.00
2016.04.22 20:42:16.547,0.97654,0.97706,2.25,1.00
2016.04.22 20:42:16.598,0.97657,0.97706,1.00,1.00
2016.04.22 20:42:16.925,0.97659,0.97707,1.00,1.00
2016.04.22 20:42:17.427,0.97659,0.97702,1.00,1.00
2016.04.22 20:42:17.528,0.97654,0.97707,1.00,1.00
2016.04.22 20:42:17.629,0.97657,0.97707,1.00,1.00
2016.04.22 20:42:17.967,0.97657,0.97711,1.00,1.87
2016.04.22 20:42:18.077,0.97657,0.97707,1.00,1.00
2016.04.22 20:42:18.195,0.97657,0.97709,1.00,1.00
2016.04.22 20:42:18.246,0.97654,0.97709,1.00,1.00
2016.04.22 20:42:18.448,0.97657,0.97711,1.00,1.87
2016.04.22 20:42:18.550,0.97655,0.97711,1.50,1.87
2016.04.22 20:42:18.752,0.97658,0.97711,1.00,1.12
2016.04.22 20:42:18.853,0.97656,0.97711,1.00,1.12
2016.04.22 20:42:19.055,0.97658,0.97711,1.00,1.00
2016.04.22 20:42:19.156,0.97656,0.97711,2.25,1.00
2016.04.22 20:42:19.257,0.97658,0.97711,1.00,1.87
2016.04.22 20:42:19.805,0.97659,0.97711,1.00,1.00
2016.04.22 20:42:19.906,0.97656,0.97711,1.00,1.50
2016.04.22 20:42:20.267,0.97658,0.97712,1.00,3.00
2016.04.22 20:42:20.788,0.97659,0.97711,1.00,1.00
2016.04.22 20:42:20.939,0.97657,0.97711,1.00,1.00
2016.04.22 20:42:21.446,0.97659,0.97712,1.00,1.50
2016.04.22 20:42:21.941,0.97655,0.97697,1.50,1.00
2016.04.22 20:42:22.293,0.97656,0.97691,1.00,1.00
2016.04.22 20:42:22.587,0.97655,0.97701,1.00,1.00
2016.04.22 20:42:22.638,0.97657,0.97701,1.00,1.00
2016.04.22 20:42:22.991,0.97657,0.97691,1.00,1.00
2016.04.22 20:42:23.042,0.97655,0.97702,1.00,1.00
2016.04.22 20:42:23.304,0.97656,0.97691,1.00,1.00
2016.04.22 20:42:23.708,0.97656,0.97686,1.50,1.00
2016.04.22 20:42:23.809,0.97658,0.97692,1.00,1.00
2016.04.22 20:42:23.910,0.97659,0.97686,1.00,1.00
2016.04.22 20:42:24.044,0.97659,0.97692,1.00,1.00
2016.04.22 20:42:24.148,0.97659,0.97686,1.00,1.00
2016.04.22 20:42:24.249,0.97659,0.97691,1.00,1.00
2016.04.22 20:42:24.351,0.97654,0.97691,1.00,1.00
2016.04.22 20:42:24.452,0.97656,0.97691,1.00,1.00
2016.04.22 20:42:24.603,0.97656,0.97702,3.00,1.00
2016.04.22 20:42:24.944,0.97656,0.97692,1.50,1.00
2016.04.22 20:42:25.248,0.97659,0.97701,1.00,1.00
2016.04.22 20:42:25.597,0.97659,0.97696,1.00,1.00
2016.04.22 20:42:25.749,0.97654,0.97696,1.00,1.00
2016.04.22 20:42:25.850,0.97656,0.97696,1.00,1.00
2016.04.22 20:42:26.152,0.97657,0.97701,1.00,1.00
2016.04.22 20:42:26.353,0.97657,0.97696,1.00,1.00
2016.04.22 20:42:26.659,0.97659,0.97696,1.00,1.00
2016.04.22 20:42:27.001,0.97659,0.97691,1.00,1.00
2016.04.22 20:42:27.152,0.97655,0.97691,1.00,1.00
2016.04.22 20:42:27.354,0.97657,0.97691,1.00,1.00
2016.04.22 20:42:27.857,0.97658,0.97691,1.00,1.00
2016.04.22 20:42:28.452,0.97656,0.97691,1.00,1.00
2016.04.22 20:42:28.971,0.97657,0.97686,1.00,1.00
2016.04.22 20:42:29.324,0.97659,0.97686,1.00,1.00
2016.04.22 20:42:29.425,0.97659,0.97692,1.00,1.00
2016.04.22 20:42:29.526,0.97659,0.97686,1.00,1.00
2016.04.22 20:42:29.778,0.97659,0.97691,1.00,1.00
2016.04.22 20:42:30.557,0.97659,0.97692,1.00,1.00
2016.04.22 20:42:30.759,0.97657,0.97706,1.50,1.00
2016.04.22 20:42:30.860,0.97657,0.97701,1.00,1.00
2016.04.22 20:42:30.961,0.97655,0.97701,1.00,1.00
2016.04.22 20:42:31.685,0.97654,0.97701,1.50,1.00
2016.04.22 20:42:31.860,0.97657,0.97701,1.00,1.00
2016.04.22 20:42:32.298,0.97659,0.97701,1.00,1.00
2016.04.22 20:42:32.811,0.9766,0.97702,1.00,1.00
2016.04.22 20:42:33.412,0.97661,0.97702,1.00,1.00
2016.04.22 20:42:33.913,0.97662,0.97702,1.00,1.00
2016.04.22 20:42:34.283,0.97665,0.97702,1.00,1.00
2016.04.22 20:42:34.386,0.97662,0.97702,1.00,1.00
2016.04.22 20:42:34.594,0.97665,0.97702,1.00,1.00
2016.04.22 20:42:34.865,0.97663,0.97702,1.50,1.00
2016.04.22 20:42:34.916,0.97663,0.97706,1.50,1.00
2016.04.22 20:42:35.269,0.97663,0.97701,1.00,1.00
2016.04.22 20:42:36.570,0.97662,0.97701,1.00,1.00
2016.04.22 20:42:36.872,0.97664,0.97701,1.00,1.00
2016.04.22 20:42:37.275,0.97667,0.97701,1.00,1.00
2016.04.22 20:42:37.376,0.97667,0.97706,1.00,1.00
2016.04.22 20:42:37.574,0.97665,0.97706,1.50,1.00
2016.04.22 20:42:37.794,0.97667,0.97706,1.00,1.00
2016.04.22 20:42:38.074,0.97664,0.97706,1.00,1.00
2016.04.22 20:42:38.578,0.97665,0.97706,1.00,1.00
2016.04.22 20:42:38.981,0.97659,0.97706,1.00,1.00
2016.04.22 20:42:39.527,0.9766,0.97706,1.00,1.00
2016.04.22 20:42:40.028,0.97661,0.97706,1.00,1.00
2016.04.22 20:42:40.530,0.97662,0.97706,1.00,1.00
2016.04.22 20:42:40.581,0.97664,0.97706,1.00,1.00
2016.04.22 20:42:41.131,0.97665,0.97706,1.00,1.00
2016.04.22 20:42:41.633,0.97664,0.97706,1.00,1.00
2016.04.22 20:42:43.789,0.97666,0.97706,1.00,1.00
2016.04.22 20:42:44.291,0.97664,0.97706,1.00,1.00
2016.04.22 20:42:45.493,0.97662,0.97706,1.00,1.00
2016.04.22 20:42:46.044,0.97663,0.97706,1.00,1.00
2016.04.22 20:42:46.296,0.97666,0.97706,1.00,1.00
2016.04.22 20:42:46.828,0.97665,0.97706,2.25,1.00
2016.04.22 20:42:47.158,0.97667,0.97706,1.00,1.00
2016.04.22 20:42:47.397,0.97664,0.97706,1.00,1.00
2016.04.22 20:42:47.498,0.97667,0.97706,1.00,1.00
2016.04.22 20:42:48.019,0.97664,0.97706,1.00,1.00
2016.04.22 20:42:48.500,0.97659,0.97706,1.00,1.00
2016.04.22 20:42:48.601,0.97662,0.97706,1.00,1.00
2016.04.22 20:42:49.320,0.97664,0.97711,1.00,1.00
2016.04.22 20:42:49.758,0.97661,0.97706,1.00,1.00
2016.04.22 20:42:50.202,0.97663,0.97706,1.00,1.00
2016.04.22 20:42:50.800,0.97664,0.97706,1.00,1.00
2016.04.22 20:42:51.300,0.97667,0.97706,1.00,1.00
2016.04.22 20:42:51.817,0.97664,0.97707,1.00,1.00
2016.04.22 20:42:53.474,0.97665,0.97707,1.00,1.00
2016.04.22 20:42:54.120,0.97666,0.97707,1.00,1.00
2016.04.22 20:42:54.575,0.97664,0.97707,1.00,1.00
2016.04.22 20:42:54.626,0.97662,0.97707,1.00,1.00
2016.04.22 20:42:54.677,0.97659,0.97707,1.00,1.00
2016.04.22 20:42:55.262,0.97661,0.97707,1.00,1.00
2016.04.22 20:42:55.864,0.97663,0.97707,1.00,1.00
2016.04.22 20:42:56.764,0.97664,0.97707,1.00,1.00
2016.04.22 20:42:57.313,0.97661,0.97707,1.00,1.00
2016.04.22 20:42:57.364,0.97658,0.97707,1.00,1.00
2016.04.22 20:42:57.781,0.9766,0.97707,1.00,1.00
2016.04.22 20:42:58.777,0.97662,0.97707,1.00,1.00
2016.04.22 20:42:59.327,0.97662,0.97706,1.00,1.00
2016.04.22 20:42:59.835,0.97663,0.97706,1.00,1.00
2016.04.22 20:43:00.380,0.97666,0.97706,1.00,1.00
2016.04.22 20:43:00.770,0.97659,0.97706,1.00,1.00
2016.04.22 20:43:01.319,0.97661,0.97706,1.00,1.00
2016.04.22 20:43:01.892,0.97661,0.97707,1.00,1.00
2016.04.22 20:43:02.490,0.97662,0.97706,1.00,1.00
2016.04.22 20:43:02.971,0.97664,0.97706,1.00,1.00
2016.04.22 20:43:03.972,0.97663,0.97706,1.00,1.00
2016.04.22 20:43:04.124,0.97661,0.97706,1.50,1.00
2016.04.22 20:43:05.014,0.97662,0.97706,1.00,1.00
2016.04.22 20:43:05.622,0.97663,0.97706,1.00,1.00
2016.04.22 20:43:05.906,0.9766,0.97706,1.00,1.00
2016.04.22 20:43:06.515,0.97661,0.97706,1.00,1.00
2016.04.22 20:43:07.076,0.97659,0.97706,1.50,1.00
2016.04.22 20:43:07.600,0.97659,0.97707,1.00,1.00
2016.04.22 20:43:08.136,0.9766,0.97707,1.00,1.00
2016.04.22 20:43:08.391,0.97662,0.97707,1.00,1.00
2016.04.22 20:43:09.779,0.97661,0.97707,1.00,1.00
2016.04.22 20:43:10.093,0.97664,0.97707,1.00,1.00
2016.04.22 20:43:10.380,0.97661,0.97707,1.00,1.00
2016.04.22 20:43:10.582,0.97658,0.97707,1.00,1.00
2016.04.22 20:43:10.880,0.9766,0.97707,1.00,1.00
2016.04.22 20:43:11.523,0.97661,0.97707,1.00,1.00
2016.04.22 20:43:13.809,0.9766,0.97707,1.00,1.00
2016.04.22 20:43:14.284,0.97662,0.97707,1.00,1.00
2016.04.22 20:43:14.822,0.97663,0.97707,1.00,1.00
2016.04.22 20:43:15.202,0.97661,0.97707,1.50,1.00
2016.04.22 20:43:15.303,0.97664,0.97707,1.00,1.00
2016.04.22 20:43:15.807,0.97666,0.97707,1.00,1.00
2016.04.22 20:43:16.326,0.97665,0.97706,1.00,1.00
2016.04.22 20:43:16.853,0.97664,0.97707,1.00,1.00
2016.04.22 20:43:17.917,0.97664,0.97706,1.00,1.00
2016.04.22 20:43:18.227,0.97659,0.97707,1.00,1.00
2016.04.22 20:43:18.706,0.97661,0.97707,1.00,1.00
2016.04.22 20:43:19.013,0.97659,0.97707,1.00,1.00
2016.04.22 20:43:19.215,0.97661,0.97707,1.00,1.00
2016.04.22 20:43:19.506,0.97659,0.97707,1.00,1.00
2016.04.22 20:43:19.708,0.97662,0.97707,1.00,1.00
2016.04.22 20:43:19.991,0.9766,0.97707,1.00,1.00
2016.04.22 20:43:20.092,0.97662,0.97707,1.00,1.00
2016.04.22 20:43:20.613,0.97663,0.97707,1.00,1.00
2016.04.22 20:43:20.714,0.97658,0.97707,1.00,1.00
2016.04.22 20:43:21.594,0.97659,0.97707,1.00,1.00
2016.04.22 20:43:22.096,0.9766,0.97707,1.00,1.00
2016.04.22 20:43:22.197,0.97662,0.97707,1.00,1.00
2016.04.22 20:43:22.640,0.97658,0.97707,2.25,1.00
2016.04.22 20:43:22.741,0.9766,0.97707,1.00,1.00
2016.04.22 20:43:22.993,0.97663,0.97712,1.00,1.00
2016.04.22 20:43:23.416,0.97662,0.97707,1.00,1.00
2016.04.22 20:43:23.800,0.97658,0.97707,1.00,1.00
2016.04.22 20:43:24.829,0.97659,0.97707,1.00,1.00
2016.04.22 20:43:25.303,0.97661,0.97707,1.00,1.00
2016.04.22 20:43:25.804,0.97662,0.97707,1.50,1.00
2016.04.22 20:43:26.303,0.97658,0.97707,1.00,1.00
2016.04.22 20:43:26.876,0.97659,0.97707,1.00,1.00
2016.04.22 20:43:27.405,0.97658,0.97707,1.50,1.00
2016.04.22 20:43:27.607,0.9766,0.97707,1.00,1.00
2016.04.22 20:43:28.108,0.97661,0.97707,1.00,1.00
2016.04.22 20:43:28.509,0.97658,0.97707,1.50,1.00
2016.04.22 20:43:29.047,0.97661,0.97707,1.50,1.00
2016.04.22 20:43:29.413,0.97663,0.97707,1.00,1.00
2016.04.22 20:43:29.514,0.97659,0.97707,1.00,1.00
2016.04.22 20:43:30.024,0.9766,0.97707,1.00,1.00
2016.04.22 20:43:30.565,0.97662,0.97707,1.00,1.00
2016.04.22 20:43:31.023,0.97664,0.97706,1.00,1.00
2016.04.22 20:43:31.566,0.97659,0.97706,1.00,1.00
2016.04.22 20:43:31.784,0.97657,0.97702,1.00,1.00
2016.04.22 20:43:32.117,0.97659,0.97702,1.00,1.00
2016.04.22 20:43:32.636,0.97657,0.97702,1.50,1.00
2016.04.22 20:43:32.838,0.97659,0.97702,1.00,1.00
2016.04.22 20:43:33.108,0.97657,0.97701,1.50,1.00
2016.04.22 20:43:33.310,0.97654,0.97701,1.12,1.00
2016.04.22 20:43:33.870,0.97653,0.97702,1.50,1.00
2016.04.22 20:43:34.613,0.97655,0.97702,1.00,1.00
2016.04.22 20:43:35.144,0.97654,0.97701,1.00,1.00
2016.04.22 20:43:35.447,0.97657,0.97701,1.00,1.00
2016.04.22 20:43:35.548,0.97654,0.97701,1.50,1.00
2016.04.22 20:43:35.750,0.97657,0.97701,1.00,1.00
2016.04.22 20:43:36.282,0.97656,0.97701,1.00,1.00
2016.04.22 20:43:36.826,0.97658,0.97701,1.00,1.00
2016.04.22 20:43:37.113,0.97655,0.97701,1.00,1.00
2016.04.22 20:43:37.328,0.97653,0.97702,1.00,1.00
2016.04.22 20:43:38.436,0.97654,0.97702,1.00,1.00
2016.04.22 20:43:38.955,0.97653,0.97702,1.00,1.00
2016.04.22 20:43:39.536,0.97654,0.97702,1.00,1.00
2016.04.22 20:43:40.057,0.97655,0.97701,1.00,1.00
2016.04.22 20:43:40.255,0.97657,0.97701,1.00,1.00
2016.04.22 20:43:40.357,0.97655,0.97701,1.00,1.00
2016.04.22 20:43:40.842,0.97657,0.97702,1.00,1.00
2016.04.22 20:43:40.943,0.97654,0.97702,1.00,1.00
2016.04.22 20:43:41.455,0.97653,0.97702,1.50,1.00
2016.04.22 20:43:42.347,0.97652,0.97696,1.00,1.00
2016.04.22 20:43:42.862,0.97653,0.97696,1.00,1.00
2016.04.22 20:43:42.963,0.97651,0.97696,1.00,1.00
2016.04.22 20:43:43.064,0.97653,0.97696,1.00,1.00
2016.04.22 20:43:43.448,0.97654,0.97701,1.00,1.00
2016.04.22 20:43:44.349,0.97651,0.97696,1.00,1.00
2016.04.22 20:43:44.974,0.97654,0.97696,1.00,1.00
2016.04.22 20:43:45.025,0.97652,0.97696,1.00,1.00
2016.04.22 20:43:45.243,0.9765,0.97696,1.00,1.00
2016.04.22 20:43:45.752,0.97651,0.97696,1.00,1.00
2016.04.22 20:43:45.954,0.97654,0.97696,1.00,1.00
2016.04.22 20:43:46.270,0.97651,0.97696,1.12,1.00
2016.04.22 20:43:46.774,0.97652,0.97696,1.00,1.00
2016.04.22 20:43:48.999,0.97652,0.97696,1.37,1.00
2016.04.22 20:43:49.127,0.97655,0.97696,1.00,1.00
2016.04.22 20:43:49.292,0.97655,0.97701,1.00,1.00
2016.04.22 20:43:49.811,0.97654,0.97701,1.00,1.00
2016.04.22 20:43:50.161,0.97652,0.97696,1.00,1.00
2016.04.22 20:43:50.662,0.97651,0.97696,1.00,1.00
2016.04.22 20:43:51.212,0.97652,0.97696,1.00,1.00
2016.04.22 20:43:51.714,0.97651,0.97696,1.00,1.00
2016.04.22 20:43:51.815,0.97654,0.97701,1.00,1.00
2016.04.22 20:43:52.166,0.97653,0.97696,1.12,1.00
2016.04.22 20:43:53.063,0.97654,0.97696,1.00,1.00
2016.04.22 20:43:53.316,0.97651,0.97696,1.00,1.00
2016.04.22 20:43:53.851,0.97652,0.97696,1.00,1.00
2016.04.22 20:43:54.367,0.97651,0.97696,1.00,1.00
2016.04.22 20:43:55.061,0.9765,0.97696,1.00,1.00
2016.04.22 20:43:55.191,0.97655,0.97696,1.00,1.00
2016.04.22 20:43:55.510,0.97659,0.97696,1.00,1.00
2016.04.22 20:44:01.805,0.97654,0.97701,1.00,1.00
2016.04.22 20:44:01.957,0.97659,0.97706,1.00,1.00
2016.04.22 20:44:02.292,0.97658,0.97697,1.00,1.00
2016.04.22 20:44:04.269,0.97658,0.97702,1.00,1.00
2016.04.22 20:44:04.370,0.97659,0.97686,1.00,1.00
2016.04.22 20:44:04.681,0.97653,0.97692,1.00,1.00
2016.04.22 20:44:04.933,0.97648,0.97687,1.00,1.00
2016.04.22 20:44:05.236,0.97653,0.97682,1.00,1.00
2016.04.22 20:44:06.984,0.97649,0.97676,1.50,1.00
2016.04.22 20:44:07.319,0.97654,0.97681,1.00,1.00
2016.04.22 20:44:07.786,0.97648,0.97677,1.00,1.00
2016.04.22 20:44:09.738,0.97649,0.97681,1.00,1.00
2016.04.22 20:44:10.507,0.97654,0.97686,1.00,1.00
2016.04.22 20:44:15.694,0.97649,0.97681,1.00,1.00
2016.04.22 20:44:18.541,0.97649,0.97691,1.00,1.00
2016.04.22 20:44:18.894,0.97649,0.97676,1.00,1.00
2016.04.22 20:44:19.549,0.97645,0.97671,1.50,1.00
2016.04.22 20:44:19.851,0.97647,0.97671,1.00,1.00
2016.04.22 20:44:19.980,0.97649,0.97676,1.00,1.00
2016.04.22 20:44:20.483,0.97648,0.97677,1.00,1.00
2016.04.22 20:44:21.736,0.97649,0.97681,1.00,1.00
2016.04.22 20:44:21.938,0.97649,0.97676,1.00,1.00
2016.04.22 20:44:22.389,0.97644,0.97672,1.50,1.00
2016.04.22 20:44:23.034,0.97649,0.97676,1.00,1.00
2016.04.22 20:44:23.964,0.97645,0.97672,1.00,1.00
2016.04.22 20:44:24.924,0.97649,0.97676,1.00,1.00
2016.04.22 20:44:25.335,0.97645,0.97672,1.00,1.00
2016.04.22 20:44:25.396,0.97645,0.97686,1.00,1.00
2016.04.22 20:44:25.497,0.97648,0.97687,1.00,1.00
2016.04.22 20:44:26.358,0.97649,0.97687,1.00,1.00
2016.04.22 20:44:27.058,0.97652,0.97687,1.00,1.00
2016.04.22 20:44:27.669,0.97648,0.97687,1.00,1.00
2016.04.22 20:44:27.720,0.97651,0.97687,1.00,1.00
2016.04.22 20:44:27.821,0.97648,0.97687,1.00,1.00
2016.04.22 20:44:28.155,0.9765,0.97687,1.00,1.00
2016.04.22 20:44:28.256,0.97651,0.97697,1.00,1.00
2016.04.22 20:44:28.558,0.97652,0.97677,1.50,1.00
2016.04.22 20:44:29.443,0.97651,0.97677,1.00,1.00
2016.04.22 20:44:29.822,0.97653,0.97677,1.50,1.00
2016.04.22 20:44:30.381,0.97652,0.97677,1.00,1.00
2016.04.22 20:44:30.923,0.97653,0.97677,1.00,1.00
2016.04.22 20:44:30.974,0.9765,0.97677,1.00,1.00
2016.04.22 20:44:31.574,0.97649,0.97677,1.00,1.00
2016.04.22 20:44:32.463,0.9765,0.97677,1.50,1.00
2016.04.22 20:44:33.734,0.97654,0.97681,1.00,1.00
2016.04.22 20:44:34.829,0.97651,0.97677,1.00,1.00
2016.04.22 20:44:35.434,0.9765,0.97677,1.50,1.00
2016.04.22 20:44:35.719,0.9765,0.97681,1.00,1.00
2016.04.22 20:44:35.870,0.97652,0.97681,1.00,1.00
2016.04.22 20:44:35.971,0.97652,0.97686,1.00,1.00
2016.04.22 20:44:36.072,0.97649,0.97686,1.50,1.00
2016.04.22 20:44:36.173,0.97649,0.97681,1.50,1.00
2016.04.22 20:44:36.572,0.97651,0.97681,1.00,1.00
2016.04.22 20:44:36.874,0.97654,0.97681,1.00,1.00
2016.04.22 20:44:38.074,0.97655,0.97681,1.00,1.00
2016.04.22 20:44:38.624,0.97654,0.97681,1.00,1.00
2016.04.22 20:44:39.554,0.97659,0.97686,1.00,1.00
2016.04.22 20:44:40.230,0.97654,0.97681,1.00,1.00
2016.04.22 20:44:40.821,0.97659,0.97686,1.00,1.00
2016.04.22 20:44:41.902,0.97653,0.97687,1.00,1.00
2016.04.22 20:44:42.053,0.97649,0.97687,1.00,1.00
2016.04.22 20:44:42.304,0.97648,0.97681,1.00,1.00
2016.04.22 20:44:42.414,0.97649,0.97686,1.00,1.00
2016.04.22 20:44:42.796,0.97649,0.97681,1.00,1.00
2016.04.22 20:44:43.187,0.97651,0.97681,1.00,1.00
2016.04.22 20:44:43.288,0.97649,0.97681,1.50,1.00
2016.04.22 20:44:43.389,0.97646,0.97681,1.00,1.00
2016.04.22 20:44:44.095,0.97645,0.97681,1.50,1.00
2016.04.22 20:44:44.641,0.97646,0.97681,1.00,1.00
2016.04.22 20:44:44.961,0.97649,0.97692,1.00,1.00
2016.04.22 20:44:45.062,0.97651,0.97692,1.00,1.00
2016.04.22 20:44:45.395,0.97655,0.97691,1.00,1.00
2016.04.22 20:44:45.651,0.97653,0.97691,1.00,1.00
2016.04.22 20:44:46.767,0.97654,0.97691,1.00,1.00
2016.04.22 20:44:47.150,0.97653,0.97706,1.00,1.00
2016.04.22 20:44:47.505,0.97653,0.97696,1.00,1.00
2016.04.22 20:44:48.014,0.97653,0.97697,1.00,1.00
2016.04.22 20:44:48.350,0.97655,0.97697,1.00,1.00
2016.04.22 20:44:48.735,0.97653,0.97697,1.00,1.00
2016.04.22 20:44:49.245,0.97655,0.97697,1.00,1.00
2016.04.22 20:44:49.652,0.97659,0.97697,1.00,1.00
2016.04.22 20:44:49.703,0.97659,0.97702,1.00,1.00
2016.04.22 20:44:49.894,0.97659,0.97697,1.00,1.00
2016.04.22 20:44:50.053,0.97659,0.97701,1.00,1.00
2016.04.22 20:44:50.154,0.97656,0.97715,1.00,1.37
2016.04.22 20:44:50.336,0.97656,0.97715,1.00,1.37
2016.04.22 20:44:50.755,0.97654,0.97716,2.25,1.37
2016.04.22 20:44:50.906,0.97657,0.97715,1.00,1.37
2016.04.22 20:44:51.410,0.97658,0.97715,1.00,1.37
2016.04.22 20:44:51.905,0.97659,0.97717,2.25,1.37
2016.04.22 20:44:52.407,0.97659,0.97717,1.50,1.37
2016.04.22 20:44:52.975,0.9766,0.97717,1.00,1.37
2016.04.22 20:44:54.821,0.9766,0.97714,1.00,1.37
2016.04.22 20:44:55.378,0.97659,0.97714,1.50,1.37
2016.04.22 20:44:56.082,0.97659,0.97696,1.50,1.00
2016.04.22 20:44:56.383,0.97662,0.97697,1.00,1.00
2016.04.22 20:44:56.744,0.97664,0.97697,1.00,1.00
2016.04.22 20:44:58.253,0.97664,0.97696,1.00,1.00
2016.04.22 20:44:59.024,0.97663,0.97697,1.00,1.00
2016.04.22 20:44:59.175,0.97663,0.97701,1.00,1.00
2016.04.22 20:44:59.893,0.97661,0.97701,1.00,1.00
2016.04.22 20:45:00.095,0.97664,0.97702,1.00,1.00
2016.04.22 20:45:00.566,0.97664,0.97707,1.00,1.00
2016.04.22 20:45:00.794,0.97662,0.97707,1.00,1.00
2016.04.22 20:45:01.022,0.9766,0.97707,1.00,1.00
2016.04.22 20:45:01.558,0.97661,0.97706,1.00,1.00
2016.04.22 20:45:02.094,0.97661,0.97706,1.37,1.00
2016.04.22 20:45:02.145,0.97664,0.97706,1.00,1.00
2016.04.22 20:45:02.779,0.97663,0.97706,1.00,1.00
2016.04.22 20:45:02.930,0.97661,0.97706,1.00,1.00
2016.04.22 20:45:03.447,0.9766,0.97706,1.00,1.00
2016.04.22 20:45:03.550,0.97662,0.97706,1.00,1.00
2016.04.22 20:45:03.820,0.9766,0.97706,1.00,1.00
2016.04.22 20:45:04.352,0.9766,0.97707,1.00,1.00
2016.04.22 20:45:04.866,0.97658,0.97707,1.00,1.00
2016.04.22 20:45:05.535,0.97657,0.97702,1.00,1.00
2016.04.22 20:45:06.055,0.97655,0.97702,1.87,1.00
2016.04.22 20:45:06.825,0.97657,0.97702,1.00,1.00
2016.04.22 20:45:06.976,0.97655,0.97702,1.12,1.00
2016.04.22 20:45:07.631,0.97656,0.97701,1.12,1.00
2016.04.22 20:45:08.227,0.97657,0.97701,1.50,1.00
2016.04.22 20:45:08.563,0.97654,0.97702,1.12,1.00
2016.04.22 20:45:08.939,0.97656,0.97702,1.00,1.00
2016.04.22 20:45:09.465,0.97655,0.97701,1.00,1.00
2016.04.22 20:45:09.811,0.97657,0.97701,1.00,1.00
2016.04.22 20:45:09.874,0.97655,0.97701,1.12,1.00
2016.04.22 20:45:09.975,0.97657,0.97701,1.00,1.00
2016.04.22 20:45:10.519,0.97655,0.97701,1.87,1.00
2016.04.22 20:45:11.291,0.97656,0.97701,1.00,1.00
2016.04.22 20:45:11.459,0.97654,0.97701,3.37,1.00
2016.04.22 20:45:11.878,0.97656,0.97701,1.00,1.00
2016.04.22 20:45:12.424,0.97657,0.97701,1.50,1.00
2016.04.22 20:45:12.874,0.97654,0.97701,1.50,1.00
2016.04.22 20:45:13.375,0.97656,0.97701,1.00,1.00
2016.04.22 20:45:13.777,0.97654,0.97701,3.37,1.00
2016.04.22 20:45:14.380,0.97655,0.97701,1.12,1.00
2016.04.22 20:45:15.031,0.97654,0.97701,2.62,1.00
2016.04.22 20:45:15.576,0.97655,0.97701,1.12,1.00
2016.04.22 20:45:16.985,0.97656,0.97701,1.00,1.00
2016.04.22 20:45:17.189,0.97654,0.97701,3.37,1.00
2016.04.22 20:45:17.784,0.97656,0.97701,1.00,1.00
2016.04.22 20:45:18.088,0.97654,0.97701,3.37,1.00
2016.04.22 20:45:18.589,0.97656,0.97701,1.00,1.00
2016.04.22 20:45:19.094,0.97655,0.97701,1.12,1.00
2016.04.22 20:45:19.713,0.97656,0.97701,1.00,1.00
2016.04.22 20:45:20.247,0.97655,0.97701,1.12,1.00
2016.04.22 20:45:21.267,0.97656,0.97701,1.00,1.00
2016.04.22 20:45:21.795,0.97657,0.97701,1.00,1.00
2016.04.22 20:45:22.175,0.97654,0.97701,1.50,1.00
2016.04.22 20:45:22.831,0.97656,0.97701,1.00,1.00
2016.04.22 20:45:23.345,0.97655,0.97701,1.50,1.00
2016.04.22 20:45:24.833,0.97656,0.97701,1.00,1.00
2016.04.22 20:45:25.178,0.97655,0.97696,1.50,1.00
2016.04.22 20:45:25.697,0.97655,0.97702,1.50,1.00
2016.04.22 20:45:26.015,0.97655,0.97696,1.50,1.00
2016.04.22 20:45:26.117,0.97655,0.97702,1.50,1.00
2016.04.22 20:45:26.168,0.97657,0.97702,1.00,1.00
2016.04.22 20:45:26.635,0.97655,0.97702,1.50,1.00
2016.04.22 20:45:27.136,0.97656,0.97702,1.00,1.00
2016.04.22 20:45:27.706,0.97655,0.97701,1.00,1.00
2016.04.22 20:45:28.308,0.97656,0.97702,1.00,1.00
2016.04.22 20:45:28.817,0.97655,0.97702,1.50,1.00
2016.04.22 20:45:29.366,0.97657,0.97702,1.00,1.00
2016.04.22 20:45:29.467,0.97655,0.97702,1.50,1.00
2016.04.22 20:45:30.017,0.97656,0.97702,1.00,1.00
2016.04.22 20:45:30.540,0.97655,0.97702,1.50,1.00
2016.04.22 20:45:30.941,0.97657,0.97702,1.00,1.00
2016.04.22 20:45:31.241,0.97655,0.97702,1.00,1.00
2016.04.22 20:45:31.872,0.97657,0.97702,1.00,1.00
2016.04.22 20:45:32.152,0.97655,0.97702,1.50,1.00
2016.04.22 20:45:32.687,0.97656,0.97702,1.00,1.00
2016.04.22 20:45:33.189,0.97659,0.97701,1.00,1.00
2016.04.22 20:45:33.594,0.97655,0.97701,1.00,1.00
2016.04.22 20:45:33.803,0.97657,0.97701,1.00,1.00
2016.04.22 20:45:34.344,0.97655,0.97701,1.00,1.00
2016.04.22 20:45:35.080,0.97658,0.97701,1.00,1.00
2016.04.22 20:45:35.181,0.97656,0.97701,1.00,1.00
2016.04.22 20:45:35.707,0.97656,0.97702,1.00,1.00
2016.04.22 20:45:36.233,0.97657,0.97702,1.00,1.00
2016.04.22 20:45:36.598,0.97655,0.97702,1.00,1.00
2016.04.22 20:45:36.648,0.97657,0.97702,1.00,1.00
2016.04.22 20:45:36.850,0.97654,0.97702,1.00,1.00
2016.04.22 20:45:36.951,0.97657,0.97702,1.00,1.00
2016.04.22 20:45:37.594,0.97658,0.97702,1.50,1.00
2016.04.22 20:45:38.001,0.97661,0.97702,1.00,1.00
2016.04.22 20:45:38.102,0.97654,0.97702,1.12,1.00
2016.04.22 20:45:38.588,0.97657,0.97702,1.00,1.00
2016.04.22 20:45:38.870,0.97655,0.97702,1.12,1.00
2016.04.22 20:45:38.971,0.97657,0.97702,1.00,1.00
2016.04.22 20:45:39.287,0.97659,0.97702,1.00,1.00
2016.04.22 20:45:39.542,0.97657,0.97702,1.00,1.00
2016.04.22 20:45:40.089,0.97655,0.97702,1.12,1.00
2016.04.22 20:45:40.476,0.97657,0.97702,1.00,1.00
2016.04.22 20:45:40.577,0.97655,0.97702,1.50,1.00
2016.04.22 20:45:41.091,0.97657,0.97702,1.00,1.00
2016.04.22 20:45:41.469,0.97655,0.97702,1.50,1.00
2016.04.22 20:45:42.129,0.97656,0.97702,1.00,1.00
2016.04.22 20:45:43.045,0.97657,0.97702,1.00,1.00
2016.04.22 20:45:44.037,0.97655,0.97702,1.50,1.00
2016.04.22 20:45:44.467,0.97657,0.97702,1.00,1.00
2016.04.22 20:45:44.972,0.97655,0.97702,1.87,1.00
2016.04.22 20:45:45.579,0.97655,0.97702,1.87,1.00
2016.04.22 20:45:45.970,0.97657,0.97702,1.00,1.00
2016.04.22 20:45:46.473,0.97658,0.97702,1.00,1.00
2016.04.22 20:45:46.797,0.97659,0.97707,1.00,1.50
2016.04.22 20:45:47.150,0.97657,0.97701,1.00,1.00
2016.04.22 20:45:47.953,0.97656,0.97701,1.12,1.00
2016.04.22 20:45:48.454,0.97657,0.97701,1.00,1.00
2016.04.22 20:45:49.051,0.97655,0.97701,1.87,1.00
2016.04.22 20:45:49.591,0.97657,0.97701,1.00,1.00
2016.04.22 20:45:49.783,0.97655,0.97701,1.87,1.00
2016.04.22 20:45:50.374,0.97657,0.97701,1.00,1.00
2016.04.22 20:45:51.008,0.97656,0.97701,1.00,1.00
2016.04.22 20:45:52.060,0.97657,0.97701,1.00,1.00
2016.04.22 20:45:52.711,0.97656,0.97701,1.12,1.00
2016.04.22 20:45:53.212,0.97656,0.97701,1.37,1.00
2016.04.22 20:45:53.539,0.97659,0.97701,1.00,1.00
2016.04.22 20:45:54.215,0.97657,0.97701,1.12,1.00
2016.04.22 20:45:54.937,0.97657,0.97702,1.00,1.00
2016.04.22 20:45:55.143,0.97654,0.97701,1.00,1.00
2016.04.22 20:45:55.194,0.97654,0.97706,1.00,1.12
2016.04.22 20:45:55.245,0.97652,0.97706,1.00,1.12
2016.04.22 20:45:55.377,0.97652,0.97701,1.00,1.00
2016.04.22 20:45:56.115,0.9765,0.97701,1.00,1.00
2016.04.22 20:45:56.616,0.97651,0.97701,1.00,1.00
2016.04.22 20:45:57.120,0.97652,0.97701,1.00,1.00
2016.04.22 20:45:59.723,0.97651,0.97701,1.00,1.00
2016.04.22 20:46:00.268,0.97652,0.97701,1.00,1.00
2016.04.22 20:46:00.821,0.97651,0.97701,1.00,1.00
2016.04.22 20:46:01.322,0.97652,0.97701,1.00,1.00
2016.04.22 20:46:01.568,0.9765,0.97701,1.00,1.00
2016.04.22 20:46:02.857,0.9765,0.97696,1.00,1.00
2016.04.22 20:46:03.296,0.97652,0.97701,1.00,1.00
2016.04.22 20:46:03.860,0.97651,0.97701,1.50,1.00
2016.04.22 20:46:03.984,0.97651,0.97706,2.25,1.37
2016.04.22 20:46:04.176,0.97652,0.97701,1.00,1.00
2016.04.22 20:46:04.955,0.97651,0.97701,1.00,1.00
2016.04.22 20:46:05.425,0.97653,0.97701,1.00,1.00
2016.04.22 20:46:05.527,0.9765,0.97701,2.25,1.00
2016.04.22 20:46:06.326,0.97649,0.97701,1.50,1.00
2016.04.22 20:46:06.892,0.97668,0.97701,1.00,1.00
2016.04.22 20:46:06.943,0.97668,0.97707,1.50,1.50
2016.04.22 20:46:07.447,0.97669,0.97706,1.00,1.00
2016.04.22 20:46:07.916,0.97668,0.97711,2.25,1.00
2016.04.22 20:46:08.072,0.97669,0.97717,1.00,1.87
2016.04.22 20:46:08.325,0.97669,0.97717,1.37,1.00
2016.04.22 20:46:08.426,0.97669,0.97717,1.00,1.00
2016.04.22 20:46:09.229,0.97669,0.97715,1.00,1.00
2016.04.22 20:46:09.624,0.9766,0.97709,1.00,1.00
2016.04.22 20:46:09.725,0.97657,0.97709,1.00,1.50
2016.04.22 20:46:09.826,0.97654,0.97708,1.12,1.00
2016.04.22 20:46:10.244,0.97653,0.9771,1.12,2.25
2016.04.22 20:46:10.395,0.97653,0.9771,1.37,2.25
2016.04.22 20:46:10.928,0.97653,0.97709,1.37,1.00
2016.04.22 20:46:11.534,0.97654,0.97709,1.12,1.00
2016.04.22 20:46:12.252,0.97653,0.97709,1.37,1.50
2016.04.22 20:46:12.754,0.97654,0.97708,1.37,1.00
2016.04.22 20:46:13.185,0.97668,0.97708,1.00,2.25
2016.04.22 20:46:13.735,0.97679,0.97707,1.00,1.00
2016.04.22 20:46:13.786,0.97669,0.97707,1.00,1.00
2016.04.22 20:46:13.837,0.97675,0.97707,1.00,1.00
2016.04.22 20:46:13.938,0.97669,0.97707,1.00,1.00
2016.04.22 20:46:14.338,0.97669,0.97713,1.00,1.00
2016.04.22 20:46:21.497,0.97669,0.97721,1.00,1.12
2016.04.22 20:46:21.598,0.97669,0.97723,1.50,1.50
2016.04.22 20:46:21.699,0.97671,0.97723,1.00,1.00
2016.04.22 20:46:22.346,0.97671,0.97722,1.50,1.00
2016.04.22 20:46:22.497,0.97669,0.97722,1.00,1.00
2016.04.22 20:46:22.799,0.97673,0.97723,1.00,1.00
2016.04.22 20:46:23.347,0.97669,0.97722,1.00,1.00
2016.04.22 20:46:23.697,0.97671,0.97721,1.00,1.00
2016.04.22 20:46:24.222,0.97669,0.97721,1.12,1.00
2016.04.22 20:46:24.681,0.97671,0.97721,1.00,1.00
2016.04.22 20:46:25.104,0.97668,0.97722,2.62,1.50
2016.04.22 20:46:25.483,0.97671,0.97721,1.00,1.00
2016.04.22 20:46:25.984,0.97668,0.97722,1.87,1.00
2016.04.22 20:46:26.352,0.9767,0.97722,1.00,2.25
2016.04.22 20:46:26.977,0.97668,0.97722,2.25,3.00
2016.04.22 20:46:27.253,0.9767,0.97722,1.00,2.25
2016.04.22 20:46:27.811,0.97669,0.97721,1.00,1.00
2016.04.22 20:46:28.155,0.97674,0.97721,1.50,1.00
2016.04.22 20:46:28.417,0.9767,0.97721,1.37,1.00
2016.04.22 20:46:29.758,0.9767,0.97721,1.00,1.00
2016.04.22 20:46:30.709,0.97669,0.97721,1.12,1.50
2016.04.22 20:46:31.135,0.97671,0.97722,1.00,3.00
2016.04.22 20:46:31.599,0.97668,0.97722,1.00,3.00
2016.04.22 20:46:32.012,0.97671,0.97721,1.50,1.00
2016.04.22 20:46:35.460,0.97671,0.97722,1.50,1.00
2016.04.22 20:46:38.857,0.97674,0.97721,1.00,1.00
2016.04.22 20:46:40.182,0.97673,0.97722,1.00,1.00
2016.04.22 20:46:44.538,0.97673,0.97722,1.37,1.00
2016.04.22 20:46:44.807,0.97682,0.97726,1.50,1.00
2016.04.22 20:46:45.009,0.97682,0.97721,2.25,1.00
2016.04.22 20:46:45.211,0.97682,0.97727,2.25,1.00
2016.04.22 20:46:45.363,0.97674,0.97721,1.12,1.00
2016.04.22 20:46:45.879,0.97678,0.97727,1.00,1.00
2016.04.22 20:46:46.127,0.97674,0.97721,1.87,1.00
2016.04.22 20:46:46.788,0.97679,0.97726,1.00,1.00
2016.04.22 20:46:48.439,0.97674,0.97721,1.87,1.00
2016.04.22 20:46:49.979,0.97674,0.97727,1.37,1.00
2016.04.22 20:46:50.084,0.97682,0.9773,1.87,1.00
2016.04.22 20:46:50.185,0.97682,0.97732,4.12,1.00
2016.04.22 20:46:50.607,0.97683,0.97727,1.37,1.00
2016.04.22 20:46:50.708,0.97683,0.97732,1.87,1.00
2016.04.22 20:46:51.431,0.97685,0.97732,1.00,1.00
2016.04.22 20:46:52.384,0.97685,0.97731,1.00,1.00
2016.04.22 20:46:52.507,0.97685,0.97733,1.00,1.00
2016.04.22 20:46:55.039,0.97684,0.97734,1.50,1.00
2016.04.22 20:46:55.090,0.97684,0.97736,1.87,1.00
2016.04.22 20:46:55.140,0.97684,0.97732,1.37,1.00
2016.04.22 20:46:55.241,0.97684,0.97736,2.62,1.00
2016.04.22 20:46:55.807,0.97684,0.97736,2.62,1.00
2016.04.22 20:46:57.686,0.97684,0.97736,2.25,1.37
2016.04.22 20:47:00.268,0.97684,0.97737,1.87,1.00
2016.04.22 20:47:00.716,0.97684,0.97731,1.50,1.00
2016.04.22 20:47:01.263,0.97685,0.97731,1.00,1.00
2016.04.22 20:47:08.971,0.97684,0.97731,1.00,1.00
2016.04.22 20:47:13.725,0.97685,0.97731,1.00,1.00
2016.04.22 20:47:13.776,0.97685,0.97737,1.00,1.50
2016.04.22 20:47:13.928,0.97687,0.97737,1.00,1.00
2016.04.22 20:47:14.029,0.97685,0.97737,1.50,1.00
2016.04.22 20:47:14.670,0.97686,0.97737,1.00,1.00
2016.04.22 20:47:14.720,0.97686,0.97741,1.37,1.50
2016.04.22 20:47:15.023,0.97696,0.97737,1.50,1.00
2016.04.22 20:47:15.705,0.97696,0.9774,1.50,1.00
2016.04.22 20:47:15.927,0.9769,0.97739,1.00,1.00
2016.04.22 20:47:16.028,0.97688,0.97737,1.00,1.00
2016.04.22 20:47:16.165,0.97685,0.97735,1.00,1.00
2016.04.22 20:47:16.266,0.97681,0.97735,1.12,1.00
2016.04.22 20:47:16.744,0.97681,0.97733,1.37,1.00
2016.04.22 20:47:17.092,0.97681,0.97731,1.00,1.00
2016.04.22 20:47:17.830,0.97682,0.97735,1.00,1.00
2016.04.22 20:47:18.535,0.97682,0.97736,1.50,1.12
2016.04.22 20:47:19.056,0.97682,0.97735,1.00,1.00
2016.04.22 20:47:19.636,0.97682,0.97736,1.00,1.87
2016.04.22 20:47:20.152,0.97682,0.97735,1.00,1.00
2016.04.22 20:47:20.770,0.97682,0.97734,1.00,1.00
2016.04.22 20:47:21.486,0.97682,0.97735,1.00,1.12
2016.04.22 20:47:21.649,0.97684,0.97736,1.00,1.00
2016.04.22 20:47:22.203,0.97683,0.97736,1.00,1.12
2016.04.22 20:47:22.854,0.97682,0.97736,1.00,1.50
2016.04.22 20:47:23.421,0.97683,0.97736,1.00,1.50
2016.04.22 20:47:24.129,0.97682,0.97736,1.00,1.50
2016.04.22 20:47:26.645,0.97682,0.97733,1.00,1.00
2016.04.22 20:47:27.428,0.97682,0.97732,1.00,1.00
2016.04.22 20:47:28.581,0.97682,0.97736,1.00,1.00
2016.04.22 20:47:28.632,0.97682,0.97734,1.00,1.00
2016.04.22 20:47:31.135,0.97682,0.97731,1.87,1.00
2016.04.22 20:47:31.752,0.97684,0.97731,1.37,1.00
2016.04.22 20:47:31.802,0.97684,0.97736,1.87,1.00
2016.04.22 20:47:31.853,0.97684,0.97736,1.87,1.00
2016.04.22 20:47:33.254,0.97686,0.97736,1.37,1.00
2016.04.22 20:47:33.804,0.97685,0.97737,1.37,1.00
2016.04.22 20:47:33.855,0.97685,0.97737,1.37,1.00
2016.04.22 20:47:34.088,0.97686,0.9774,1.37,1.00
2016.04.22 20:47:34.240,0.97687,0.97741,1.37,1.00
2016.04.22 20:47:34.756,0.97689,0.97742,1.37,1.00
2016.04.22 20:47:35.331,0.97688,0.97741,1.37,1.00
2016.04.22 20:47:35.432,0.97688,0.97741,1.12,1.00
2016.04.22 20:47:35.906,0.97698,0.97741,1.00,1.00
2016.04.22 20:47:35.957,0.97698,0.97751,1.00,1.00
2016.04.22 20:47:36.210,0.977,0.97751,1.00,1.00
2016.04.22 20:47:36.513,0.97709,0.97757,1.74,1.00
2016.04.22 20:47:36.564,0.97705,0.97757,1.00,1.00
2016.04.22 20:47:36.745,0.97699,0.97751,1.00,1.00
2016.04.22 20:47:37.176,0.97696,0.97751,1.12,1.00
2016.04.22 20:47:37.525,0.97703,0.97752,1.00,1.00
2016.04.22 20:47:37.709,0.97703,0.97754,1.00,1.00
2016.04.22 20:47:38.407,0.97703,0.97755,1.00,1.12
2016.04.22 20:47:39.055,0.97704,0.97755,1.00,1.37
2016.04.22 20:47:39.761,0.97704,0.97755,1.00,1.12
2016.04.22 20:47:41.114,0.97702,0.97755,1.00,1.12
2016.04.22 20:47:44.036,0.97702,0.97755,1.00,1.37
2016.04.22 20:47:46.724,0.97704,0.97755,1.00,1.37
2016.04.22 20:47:52.094,0.97704,0.97755,1.00,1.00
2016.04.22 20:47:52.144,0.97702,0.97754,1.00,1.00
2016.04.22 20:47:52.323,0.97702,0.97756,1.00,1.50
2016.04.22 20:47:53.256,0.97702,0.97752,1.00,1.12
2016.04.22 20:47:53.767,0.97701,0.97751,1.00,1.12
2016.04.22 20:47:53.869,0.97697,0.97751,1.00,1.37
2016.04.22 20:47:54.781,0.97697,0.97749,1.00,1.37
2016.04.22 20:47:54.982,0.97697,0.97749,1.00,1.00
2016.04.22 20:47:55.084,0.97693,0.9775,1.00,1.00
2016.04.22 20:47:55.695,0.97693,0.97751,1.50,1.00
2016.04.22 20:47:56.214,0.97693,0.9775,1.00,1.00
2016.04.22 20:47:56.734,0.97693,0.97751,1.50,1.00
2016.04.22 20:48:05.166,0.97692,0.9775,1.87,1.00
2016.04.22 20:48:05.589,0.97693,0.97751,1.00,1.37
2016.04.22 20:48:06.140,0.97693,0.97749,1.00,1.12
2016.04.22 20:48:06.470,0.97692,0.97749,1.00,1.37
2016.04.22 20:48:06.999,0.97694,0.9775,1.00,1.37
2016.04.22 20:48:07.192,0.97692,0.9775,1.50,1.37
2016.04.22 20:48:07.674,0.97694,0.97749,1.00,1.37
2016.04.22 20:48:08.373,0.97694,0.97747,1.00,1.37
2016.04.22 20:48:08.575,0.97687,0.97744,1.00,1.37
2016.04.22 20:48:09.197,0.97687,0.97742,1.00,1.00
2016.04.22 20:48:09.718,0.97686,0.97742,1.00,1.00
2016.04.22 20:48:10.249,0.97687,0.97741,1.00,1.00
2016.04.22 20:48:10.750,0.97686,0.97742,1.00,1.00
2016.04.22 20:48:11.257,0.97686,0.97741,1.00,1.00
2016.04.22 20:48:11.902,0.97686,0.97742,1.00,1.00
2016.04.22 20:48:12.456,0.97686,0.97741,1.00,1.00
2016.04.22 20:48:12.667,0.97686,0.97743,1.00,1.00
2016.04.22 20:48:13.241,0.97685,0.97743,1.12,1.00
2016.04.22 20:48:15.523,0.97685,0.97742,1.37,1.00
2016.04.22 20:48:16.333,0.97684,0.97741,1.37,1.00
2016.04.22 20:48:16.860,0.97684,0.97741,1.37,1.00
2016.04.22 20:48:17.012,0.97687,0.97743,1.00,1.37
2016.04.22 20:48:17.248,0.97679,0.97737,1.00,1.00
2016.04.22 20:48:17.750,0.9768,0.97736,1.00,1.00
2016.04.22 20:48:17.902,0.97679,0.97734,1.00,1.00
2016.04.22 20:48:18.533,0.97682,0.97735,1.00,1.00
2016.04.22 20:48:19.037,0.97678,0.97735,1.00,1.37
2016.04.22 20:48:19.239,0.97674,0.97732,1.87,1.00
2016.04.22 20:48:20.793,0.97677,0.97732,1.00,1.12
2016.04.22 20:48:31.451,0.97677,0.9773,1.00,1.00
2016.04.22 20:48:33.149,0.97676,0.9773,1.00,1.00
2016.04.22 20:48:33.698,0.97676,0.97731,1.00,1.00
2016.04.22 20:48:34.029,0.97674,0.97731,1.50,1.00
2016.04.22 20:48:35.862,0.97674,0.97732,1.37,1.37
2016.04.22 20:48:35.964,0.97673,0.97732,1.37,1.00
2016.04.22 20:48:38.418,0.97673,0.97732,1.37,1.00
2016.04.22 20:48:39.634,0.97676,0.97732,1.37,1.00
2016.04.22 20:48:39.685,0.9769,0.9774,1.00,1.00
2016.04.22 20:48:39.786,0.97692,0.97746,1.00,1.00
2016.04.22 20:48:39.887,0.9769,0.97739,1.37,1.00
2016.04.22 20:48:39.937,0.9769,0.97739,1.12,1.00
2016.04.22 20:48:40.088,0.97692,0.97747,1.00,1.12
2016.04.22 20:48:40.189,0.9769,0.97741,1.37,1.00
2016.04.22 20:48:40.240,0.9769,0.97741,1.00,1.00
2016.04.22 20:48:40.391,0.9769,0.97739,1.00,1.00
2016.04.22 20:48:40.492,0.9769,0.97741,1.00,1.00
2016.04.22 20:48:40.593,0.97694,0.97747,1.00,1.12
2016.04.22 20:48:41.129,0.97694,0.97748,1.50,1.50
2016.04.22 20:48:42.063,0.97698,0.97748,1.00,1.50
2016.04.22 20:48:42.380,0.97701,0.97749,2.62,1.00
2016.04.22 20:48:42.431,0.97701,0.97749,2.25,1.00
2016.04.22 20:48:42.481,0.97704,0.97752,1.50,1.00
2016.04.22 20:48:43.032,0.97704,0.97751,1.50,1.00
2016.04.22 20:48:43.082,0.97704,0.97754,1.50,1.00
2016.04.22 20:48:44.266,0.97704,0.97755,1.50,1.00
2016.04.22 20:48:44.811,0.97704,0.97757,1.50,1.87
2016.04.22 20:48:45.013,0.97707,0.97757,1.00,1.00
2016.04.22 20:48:45.114,0.97704,0.97756,1.50,1.00
2016.04.22 20:48:45.598,0.97707,0.97756,1.00,1.00
2016.04.22 20:48:45.773,0.97704,0.97756,1.50,1.00
2016.04.22 20:48:48.673,0.97704,0.97757,1.50,1.00
2016.04.22 20:48:48.724,0.97704,0.97754,1.50,1.00
2016.04.22 20:48:48.775,0.97696,0.97752,1.00,1.00
2016.04.22 20:48:49.433,0.97697,0.97751,1.00,1.00
2016.04.22 20:48:51.322,0.97699,0.97754,1.00,1.00
2016.04.22 20:49:02.695,0.977,0.97754,1.00,1.00
2016.04.22 20:49:06.913,0.97698,0.97753,1.00,1.00
2016.04.22 20:49:08.675,0.97699,0.97755,1.00,1.50
2016.04.22 20:49:09.053,0.97704,0.97755,1.00,1.87
2016.04.22 20:49:09.562,0.97709,0.97755,1.00,1.87
2016.04.22 20:49:09.714,0.97704,0.97755,1.00,1.12
2016.04.22 20:49:12.001,0.97699,0.97751,1.50,1.00
2016.04.22 20:49:12.102,0.97703,0.97755,1.00,1.87
2016.04.22 20:49:14.339,0.97703,0.97753,1.00,1.00
2016.04.22 20:49:14.840,0.97703,0.97753,1.00,1.37
2016.04.22 20:49:16.207,0.97704,0.97753,1.00,1.37
2016.04.22 20:49:17.345,0.97704,0.97753,1.00,1.12
2016.04.22 20:49:18.447,0.97704,0.97753,1.00,1.37
2016.04.22 20:49:19.248,0.97704,0.97753,1.00,1.87
2016.04.22 20:49:19.751,0.97704,0.97753,1.00,1.87
2016.04.22 20:49:20.300,0.97704,0.97753,1.00,1.50
2016.04.22 20:49:23.444,0.97704,0.97753,1.00,1.87
2016.04.22 20:49:23.856,0.97703,0.97752,1.00,1.50
2016.04.22 20:49:24.366,0.97704,0.97751,1.00,1.00
2016.04.22 20:49:25.181,0.97704,0.9775,1.00,1.00
2016.04.22 20:49:25.686,0.97704,0.97749,1.00,1.00
2016.04.22 20:49:33.112,0.97704,0.97748,1.00,1.00
2016.04.22 20:49:33.672,0.97704,0.97747,1.00,1.00
2016.04.22 20:49:34.542,0.97698,0.97747,1.00,1.50
2016.04.22 20:49:35.063,0.97699,0.97746,1.00,1.00
2016.04.22 20:49:36.595,0.97702,0.97746,1.37,1.00
2016.04.22 20:49:36.645,0.97704,0.97751,2.25,1.00
2016.04.22 20:49:36.746,0.97704,0.97755,3.00,1.00
2016.04.22 20:49:36.847,0.97704,0.9775,1.00,1.00
2016.04.22 20:49:37.286,0.97704,0.97748,2.25,1.00
2016.04.22 20:49:37.487,0.97706,0.97756,1.00,1.00
2016.04.22 20:49:37.952,0.97708,0.97758,1.00,1.50
2016.04.22 20:49:38.254,0.97708,0.97751,1.00,1.00
2016.04.22 20:49:38.585,0.97708,0.97749,1.00,1.00
2016.04.22 20:49:38.730,0.97703,0.97749,1.00,1.00
2016.04.22 20:49:38.780,0.97703,0.97747,1.00,1.00
2016.04.22 20:49:39.822,0.97708,0.97747,1.00,1.00
2016.04.22 20:49:41.252,0.97704,0.97747,1.00,1.00
2016.04.22 20:49:41.714,0.97709,0.97747,1.00,1.00
2016.04.22 20:49:41.823,0.97704,0.97747,1.00,1.00
2016.04.22 20:49:44.882,0.97699,0.97746,1.00,1.00
2016.04.22 20:49:44.983,0.97699,0.97746,1.00,1.87
2016.04.22 20:49:45.749,0.97699,0.97746,1.00,3.75
2016.04.22 20:49:45.850,0.97696,0.97746,1.00,2.25
2016.04.22 20:49:46.355,0.97696,0.97747,1.00,1.00
2016.04.22 20:49:46.531,0.97699,0.97748,1.00,1.50
2016.04.22 20:49:47.098,0.97696,0.97743,1.00,1.37
2016.04.22 20:49:47.203,0.97692,0.9774,1.00,1.00
2016.04.22 20:49:47.357,0.97687,0.9774,1.00,1.00
2016.04.22 20:49:47.453,0.97687,0.97738,1.00,1.00
2016.04.22 20:49:48.003,0.97687,0.97739,1.00,1.00
2016.04.22 20:49:48.573,0.97687,0.97738,1.00,1.00
2016.04.22 20:49:50.887,0.97683,0.97738,1.00,1.37
2016.04.22 20:49:53.761,0.97683,0.97736,1.00,1.37
2016.04.22 20:49:53.913,0.97679,0.97732,1.00,1.00
2016.04.22 20:49:54.014,0.97681,0.97734,1.00,1.00
2016.04.22 20:49:54.643,0.97682,0.97734,1.00,1.00
2016.04.22 20:49:55.162,0.97682,0.97736,1.00,1.00
2016.04.22 20:49:56.513,0.97682,0.97736,1.00,1.37
2016.04.22 20:49:56.664,0.97684,0.97735,1.00,1.12
2016.04.22 20:49:57.186,0.97683,0.97733,1.00,1.00
2016.04.22 20:49:58.181,0.97683,0.97732,1.00,1.00
2016.04.22 20:49:58.739,0.97682,0.97732,1.00,1.00
2016.04.22 20:49:59.114,0.97693,0.97732,1.00,1.00
2016.04.22 20:49:59.216,0.97695,0.97739,1.00,1.00
2016.04.22 20:49:59.318,0.97696,0.97742,1.00,1.00
2016.04.22 20:49:59.568,0.97698,0.97742,1.00,1.00
2016.04.22 20:49:59.908,0.9769,0.97741,1.00,1.00
2016.04.22 20:50:00.009,0.97686,0.97741,1.00,1.12
2016.04.22 20:50:00.311,0.97685,0.97737,1.00,1.00
2016.04.22 20:50:01.927,0.97684,0.97737,1.50,1.00
2016.04.22 20:50:03.295,0.97683,0.97737,1.00,1.00
2016.04.22 20:50:04.182,0.97683,0.97738,1.50,1.00
2016.04.22 20:50:04.500,0.97679,0.97732,1.00,1.00
2016.04.22 20:50:04.911,0.9768,0.97734,1.50,1.00
2016.04.22 20:50:05.513,0.9768,0.97735,1.00,1.00
2016.04.22 20:50:05.761,0.97681,0.97732,1.00,1.00
2016.04.22 20:50:05.813,0.97681,0.97735,1.00,1.00
2016.04.22 20:50:05.914,0.97681,0.97732,1.00,1.00
2016.04.22 20:50:06.432,0.97682,0.97733,1.00,1.00
2016.04.22 20:50:06.835,0.97678,0.97733,1.00,1.00
2016.04.22 20:50:08.517,0.97679,0.97735,1.00,1.00
2016.04.22 20:50:09.022,0.97679,0.97736,1.00,1.00
2016.04.22 20:50:09.783,0.9768,0.97737,1.00,1.00
2016.04.22 20:50:10.951,0.9768,0.97736,1.00,1.00
2016.04.22 20:50:11.059,0.97679,0.97734,1.00,1.00
2016.04.22 20:50:11.631,0.9768,0.97733,1.00,1.00
2016.04.22 20:50:12.852,0.9768,0.97731,1.00,1.00
2016.04.22 20:50:14.732,0.97694,0.97734,1.00,1.00
2016.04.22 20:50:14.783,0.97694,0.97737,1.00,1.00
2016.04.22 20:50:15.342,0.97694,0.97736,1.50,1.00
2016.04.22 20:50:15.511,0.97694,0.97741,1.50,1.00
2016.04.22 20:50:17.477,0.97694,0.97746,2.25,1.00
2016.04.22 20:50:17.579,0.97694,0.97741,1.50,1.00
2016.04.22 20:50:18.167,0.97695,0.97741,1.00,1.00
2016.04.22 20:50:18.699,0.97694,0.97741,1.00,1.00
2016.04.22 20:50:19.630,0.97695,0.97741,1.00,1.00
2016.04.22 20:50:22.283,0.97695,0.97746,1.00,1.00
2016.04.22 20:50:22.384,0.97701,0.97746,1.00,1.00
2016.04.22 20:50:22.728,0.97704,0.97746,1.50,1.00
2016.04.22 20:50:23.287,0.97703,0.97747,1.50,1.00
2016.04.22 20:50:23.946,0.97703,0.97746,1.50,1.00
2016.04.22 20:50:25.215,0.97703,0.97754,1.50,1.00
2016.04.22 20:50:25.266,0.97704,0.97757,1.50,1.00
2016.04.22 20:50:25.962,0.97706,0.97758,1.00,2.25
2016.04.22 20:50:28.513,0.97704,0.97757,2.25,1.00
2016.04.22 20:50:28.773,0.97704,0.97751,1.00,1.50
2016.04.22 20:50:28.974,0.97699,0.9775,1.00,1.50
2016.04.22 20:50:29.446,0.97698,0.97747,1.00,1.00
2016.04.22 20:50:29.892,0.97704,0.97747,1.00,1.00
2016.04.22 20:50:30.270,0.97699,0.97747,1.00,1.00
2016.04.22 20:50:30.647,0.97699,0.97744,1.00,1.00
2016.04.22 20:50:31.551,0.97699,0.97745,1.00,1.00
2016.04.22 20:50:32.581,0.97693,0.97745,1.00,1.00
2016.04.22 20:50:33.608,0.97699,0.97745,1.00,1.00
2016.04.22 20:50:33.901,0.97694,0.97744,1.00,1.00
2016.04.22 20:50:34.561,0.97694,0.97745,1.00,1.00
2016.04.22 20:50:34.670,0.97699,0.97745,1.00,1.00
2016.04.22 20:50:36.471,0.97693,0.97745,2.25,1.00
2016.04.22 20:50:36.672,0.97699,0.97749,1.00,1.00
2016.04.22 20:50:37.104,0.97694,0.97746,1.50,1.00
2016.04.22 20:50:37.651,0.97695,0.97747,1.00,1.00
2016.04.22 20:50:38.170,0.97695,0.97746,1.00,1.00
2016.04.22 20:50:45.831,0.97694,0.97746,1.00,1.00
2016.04.22 20:50:46.261,0.97691,0.97747,1.00,1.00
2016.04.22 20:50:46.920,0.97691,0.97746,1.00,1.00
2016.04.22 20:50:47.530,0.97691,0.97747,1.00,1.00
2016.04.22 20:50:55.940,0.97691,0.97746,1.00,1.00
2016.04.22 20:50:57.113,0.97691,0.97742,1.00,1.00
2016.04.22 20:50:57.685,0.9769,0.97742,1.00,1.00
2016.04.22 20:50:58.000,0.97692,0.97742,1.00,1.00
2016.04.22 20:50:58.986,0.97691,0.97742,1.00,1.00
2016.04.22 20:50:59.488,0.97692,0.97742,1.00,1.00
2016.04.22 20:51:00.570,0.97692,0.97744,1.00,1.50
2016.04.22 20:51:00.750,0.97692,0.97741,1.00,1.00
2016.04.22 20:51:01.094,0.97692,0.97744,1.00,1.50
2016.04.22 20:51:01.528,0.97691,0.97741,1.00,1.00
2016.04.22 20:51:02.031,0.97691,0.97742,1.00,1.50
2016.04.22 20:51:02.649,0.97692,0.97742,1.00,2.25
2016.04.22 20:51:02.842,0.9769,0.97741,1.00,1.00
2016.04.22 20:51:04.583,0.97689,0.97741,1.00,1.00
2016.04.22 20:51:06.333,0.97689,0.97742,1.00,1.00
2016.04.22 20:51:06.434,0.97689,0.97745,1.50,1.00
2016.04.22 20:51:06.484,0.97691,0.97745,1.00,1.00
2016.04.22 20:51:06.800,0.97691,0.97741,1.00,1.00
2016.04.22 20:51:06.951,0.9769,0.97745,1.00,1.00
2016.04.22 20:51:07.154,0.9769,0.97742,1.00,1.00
2016.04.22 20:51:07.686,0.97689,0.97742,1.00,1.00
2016.04.22 20:51:09.220,0.97689,0.97745,1.50,1.00
2016.04.22 20:51:09.836,0.9769,0.97745,1.00,1.00
2016.04.22 20:51:10.356,0.97691,0.97746,1.00,1.50
2016.04.22 20:51:10.861,0.9769,0.97746,1.00,1.00
2016.04.22 20:51:17.037,0.97692,0.97746,1.00,1.00
2016.04.22 20:51:17.765,0.97691,0.97746,1.00,1.00
2016.04.22 20:51:18.277,0.97689,0.97746,1.00,1.00
2016.04.22 20:51:22.268,0.97689,0.97745,1.00,1.00
2016.04.22 20:51:24.873,0.97689,0.97746,1.50,1.50
2016.04.22 20:51:25.400,0.97689,0.97745,1.00,1.00
2016.04.22 20:51:26.059,0.97688,0.97741,1.00,1.00
2016.04.22 20:51:26.275,0.97691,0.97746,1.00,1.00
2016.04.22 20:51:29.029,0.97691,0.97747,1.00,1.00
2016.04.22 20:51:29.180,0.97689,0.97747,1.00,1.00
2016.04.22 20:51:37.099,0.97691,0.97746,1.00,1.00
2016.04.22 20:51:37.446,0.97693,0.97747,1.00,1.00
2016.04.22 20:51:37.777,0.97692,0.97742,1.00,1.00
2016.04.22 20:51:38.436,0.97691,0.97742,1.00,1.00
2016.04.22 20:51:39.353,0.97692,0.97742,1.00,1.00
2016.04.22 20:51:40.838,0.97692,0.97737,1.00,1.00
2016.04.22 20:51:42.602,0.97691,0.97737,1.00,1.00
2016.04.22 20:51:43.163,0.97692,0.97737,1.00,1.00
2016.04.22 20:51:50.481,0.97692,0.97741,1.00,1.00
2016.04.22 20:51:50.632,0.97692,0.97736,1.00,1.00
2016.04.22 20:51:50.733,0.97692,0.97742,1.00,1.00
2016.04.22 20:51:50.834,0.97692,0.97737,1.00,1.00
2016.04.22 20:51:51.386,0.97692,0.97736,1.00,1.00
2016.04.22 20:51:52.167,0.9769,0.97736,1.00,1.00
2016.04.22 20:51:56.696,0.97691,0.97736,1.00,1.00
2016.04.22 20:51:58.199,0.97689,0.97736,1.00,1.00
2016.04.22 20:52:04.899,0.97689,0.97737,1.00,1.00
2016.04.22 20:52:05.670,0.97689,0.97736,1.00,1.00
2016.04.22 20:52:05.999,0.97689,0.97741,1.50,1.00
2016.04.22 20:52:06.151,0.9769,0.97744,1.00,1.00
2016.04.22 20:52:15.482,0.97691,0.97744,1.00,1.12
2016.04.22 20:52:17.171,0.9769,0.97744,1.00,1.12
2016.04.22 20:52:19.648,0.9769,0.97744,1.00,1.37
2016.04.22 20:52:19.961,0.97689,0.9774,1.00,1.00
2016.04.22 20:52:20.128,0.97683,0.97738,1.00,1.00
2016.04.22 20:52:20.649,0.97684,0.97736,1.00,1.00
2016.04.22 20:52:21.514,0.97688,0.97738,1.00,1.00
2016.04.22 20:52:23.708,0.97689,0.97738,1.00,1.00
2016.04.22 20:52:23.929,0.97683,0.97738,1.00,1.00
2016.04.22 20:52:24.461,0.97684,0.97737,1.00,1.00
2016.04.22 20:52:25.410,0.97692,0.97737,1.00,1.00
2016.04.22 20:52:25.460,0.97692,0.97741,1.00,1.00
2016.04.22 20:52:25.524,0.97688,0.97744,1.00,1.00
2016.04.22 20:52:25.574,0.97691,0.97744,1.00,1.00
2016.04.22 20:52:25.675,0.97686,0.97742,1.50,1.00
2016.04.22 20:52:26.179,0.97685,0.97742,1.00,1.00
2016.04.22 20:52:34.172,0.97684,0.97742,1.00,1.00
2016.04.22 20:52:34.389,0.97686,0.97742,1.00,1.00
2016.04.22 20:52:35.418,0.97685,0.97742,1.00,1.00
2016.04.22 20:52:35.468,0.97686,0.97744,1.00,1.00
2016.04.22 20:52:36.040,0.97686,0.97742,1.00,1.00
2016.04.22 20:52:37.023,0.97687,0.97742,1.00,1.00
2016.04.22 20:52:37.546,0.97688,0.97745,1.00,1.00
2016.04.22 20:52:38.132,0.97689,0.97745,1.00,1.00
2016.04.22 20:52:39.438,0.97688,0.97741,1.00,1.00
2016.04.22 20:52:40.428,0.97688,0.97745,1.50,1.00
2016.04.22 20:52:41.104,0.97689,0.97745,1.00,1.00
2016.04.22 20:52:41.969,0.97689,0.97741,1.00,1.00
2016.04.22 20:52:42.410,0.97689,0.97745,1.50,1.00
2016.04.22 20:52:56.378,0.97688,0.97745,2.25,1.00
2016.04.22 20:52:57.147,0.97689,0.97745,1.00,1.00
2016.04.22 20:52:57.503,0.97688,0.97743,1.50,1.00
2016.04.22 20:53:00.083,0.97688,0.97744,1.50,1.00
2016.04.22 20:53:00.601,0.97689,0.97744,1.00,1.00
2016.04.22 20:53:03.514,0.97689,0.97743,1.00,1.00
2016.04.22 20:53:03.833,0.97688,0.97741,1.00,1.00
2016.04.22 20:53:03.884,0.97688,0.97745,1.50,1.00
2016.04.22 20:53:04.957,0.97688,0.97741,1.00,1.00
2016.04.22 20:53:05.068,0.97688,0.97745,1.50,1.00
2016.04.22 20:53:05.660,0.97688,0.97744,1.00,1.00
2016.04.22 20:53:06.171,0.977,0.97744,1.00,1.00
2016.04.22 20:53:06.423,0.97693,0.97746,1.00,1.00
2016.04.22 20:53:06.725,0.97693,0.97744,1.00,1.00
2016.04.22 20:53:07.130,0.97693,0.97742,1.00,1.00
2016.04.22 20:53:07.844,0.97694,0.97743,1.00,1.00
2016.04.22 20:53:13.129,0.97696,0.97745,1.00,1.00
2016.04.22 20:53:13.179,0.97696,0.97748,1.00,1.00
2016.04.22 20:53:13.230,0.97694,0.97748,1.50,1.00
2016.04.22 20:53:13.381,0.97697,0.97746,1.00,1.00
2016.04.22 20:53:13.491,0.97694,0.97745,1.00,1.00
2016.04.22 20:53:13.823,0.97694,0.97751,1.50,1.00
2016.04.22 20:53:14.303,0.97694,0.97748,1.00,1.00
2016.04.22 20:53:14.353,0.97691,0.97748,1.37,1.00
2016.04.22 20:53:14.404,0.97692,0.9775,1.12,1.00
2016.04.22 20:53:14.454,0.97694,0.9775,1.00,1.00
2016.04.22 20:53:14.706,0.977,0.97757,1.00,1.87
2016.04.22 20:53:14.807,0.97693,0.97748,1.12,1.00
2016.04.22 20:53:15.109,0.97704,0.97756,1.00,1.00
2016.04.22 20:53:15.260,0.97694,0.9775,1.50,1.00
2016.04.22 20:53:15.311,0.97694,0.97744,1.00,1.00
2016.04.22 20:53:15.412,0.97702,0.97756,1.00,1.00
2016.04.22 20:53:15.513,0.97694,0.97747,1.37,1.00
2016.04.22 20:53:15.564,0.97694,0.97747,1.00,1.00
2016.04.22 20:53:15.728,0.97704,0.97756,1.00,1.00
2016.04.22 20:53:15.829,0.97702,0.97756,1.00,1.00
2016.04.22 20:53:15.930,0.97694,0.97745,1.00,1.00
2016.04.22 20:53:16.005,0.97704,0.97756,1.00,1.00
2016.04.22 20:53:16.106,0.97702,0.97756,1.00,1.00
2016.04.22 20:53:16.206,0.97694,0.97745,1.37,1.00
2016.04.22 20:53:16.257,0.97694,0.97745,1.00,1.00
2016.04.22 20:53:16.308,0.97694,0.9775,1.00,1.00
2016.04.22 20:53:16.358,0.97698,0.9775,1.00,1.00
2016.04.22 20:53:16.610,0.97705,0.97758,1.00,2.25
2016.04.22 20:53:16.912,0.97698,0.97752,1.12,1.00
2016.04.22 20:53:17.063,0.97699,0.97751,1.37,1.00
2016.04.22 20:53:17.346,0.97698,0.97753,1.00,1.00
2016.04.22 20:53:17.849,0.97699,0.97753,1.00,1.00
2016.04.22 20:53:18.077,0.97697,0.97753,1.00,1.00
2016.04.22 20:53:18.737,0.97699,0.97753,1.00,1.00
2016.04.22 20:53:19.076,0.97699,0.97749,1.00,1.00
2016.04.22 20:53:19.616,0.97699,0.9775,1.00,1.00
2016.04.22 20:53:19.667,0.97694,0.9775,1.00,1.00
2016.04.22 20:53:21.816,0.97695,0.97751,1.00,1.00
2016.04.22 20:53:21.867,0.97698,0.97751,1.00,1.00
2016.04.22 20:53:21.976,0.97695,0.97751,1.00,1.00
2016.04.22 20:53:22.027,0.97697,0.97754,1.00,1.00
2016.04.22 20:53:22.077,0.97699,0.97754,1.00,1.00
2016.04.22 20:53:22.178,0.97696,0.97753,1.12,1.00
2016.04.22 20:53:22.279,0.97699,0.97753,1.00,1.50
2016.04.22 20:53:22.599,0.97696,0.97753,1.00,1.50
2016.04.22 20:53:23.027,0.97698,0.97753,1.00,1.50
2016.04.22 20:53:26.927,0.97698,0.97752,1.00,1.00
2016.04.22 20:53:27.489,0.97698,0.97753,1.00,1.50
2016.04.22 20:53:27.880,0.97698,0.97751,1.00,1.00
2016.04.22 20:53:28.236,0.97698,0.97748,1.00,1.00
2016.04.22 20:53:28.337,0.97694,0.97748,1.00,1.00
2016.04.22 20:53:28.856,0.97693,0.97747,1.00,1.50
2016.04.22 20:53:28.907,0.97704,0.97744,1.00,1.00
2016.04.22 20:53:29.008,0.97699,0.97744,1.00,1.00
2016.04.22 20:53:29.125,0.97703,0.97744,1.00,1.00
2016.04.22 20:53:29.303,0.97699,0.97745,1.00,1.00
2016.04.22 20:53:29.555,0.97699,0.97747,1.00,1.00
2016.04.22 20:53:30.336,0.97699,0.97749,1.00,1.50
2016.04.22 20:53:30.953,0.97698,0.97747,1.00,1.00
2016.04.22 20:53:31.288,0.97698,0.97745,1.00,1.00
2016.04.22 20:53:31.436,0.97698,0.97747,1.00,1.00
2016.04.22 20:53:31.487,0.97698,0.97749,1.00,1.50
2016.04.22 20:53:32.029,0.97699,0.97746,1.00,1.50
2016.04.22 20:53:32.339,0.97698,0.97744,1.00,1.00
2016.04.22 20:53:32.880,0.97699,0.97744,1.00,1.00
2016.04.22 20:53:33.385,0.97698,0.97743,1.00,1.00
2016.04.22 20:53:33.899,0.97699,0.97743,1.00,1.00
2016.04.22 20:53:34.408,0.97699,0.97744,1.00,1.00
2016.04.22 20:53:34.944,0.97699,0.97743,1.00,1.00
2016.04.22 20:53:35.246,0.97698,0.97741,1.00,1.00
2016.04.22 20:53:35.350,0.97698,0.97744,1.00,1.00
2016.04.22 20:53:35.783,0.97694,0.97742,1.00,1.00
2016.04.22 20:53:37.962,0.97694,0.97743,1.00,1.00
2016.04.22 20:53:38.063,0.97689,0.97743,1.50,1.00
2016.04.22 20:53:38.164,0.97689,0.9774,1.50,1.00
2016.04.22 20:53:38.701,0.97689,0.97739,1.00,1.00
2016.04.22 20:53:40.066,0.97684,0.97739,1.00,1.00
2016.04.22 20:53:40.577,0.97688,0.97739,1.00,1.00
2016.04.22 20:53:41.501,0.97688,0.97741,1.00,1.00
2016.04.22 20:53:42.529,0.97688,0.9774,1.00,1.00
2016.04.22 20:53:43.067,0.97688,0.97735,1.00,1.00
2016.04.22 20:53:43.118,0.97684,0.97735,1.50,1.00
2016.04.22 20:53:43.571,0.97682,0.97734,1.00,1.00
2016.04.22 20:53:44.096,0.97684,0.97734,1.00,1.00
2016.04.22 20:53:44.767,0.97683,0.97734,1.00,1.00
2016.04.22 20:53:45.323,0.97683,0.97735,1.00,1.00
2016.04.22 20:53:46.671,0.97683,0.97733,1.00,1.00
2016.04.22 20:53:48.522,0.9768,0.97733,1.00,1.00
2016.04.22 20:53:48.623,0.9768,0.97735,1.00,1.00
2016.04.22 20:53:54.945,0.97679,0.97735,1.50,1.00
2016.04.22 20:53:55.279,0.97679,0.97738,1.00,1.00
2016.04.22 20:53:55.505,0.97679,0.97735,1.00,1.00
2016.04.22 20:53:56.881,0.97679,0.97736,1.50,1.00
2016.04.22 20:53:58.103,0.97679,0.97734,1.50,1.00
2016.04.22 20:54:05.021,0.97679,0.97735,1.00,1.00
2016.04.22 20:54:05.570,0.97679,0.97734,1.00,1.00
2016.04.22 20:54:06.179,0.97679,0.97735,1.00,1.00
2016.04.22 20:54:07.428,0.97679,0.97737,1.00,1.00
2016.04.22 20:54:08.159,0.97678,0.97738,1.00,1.00
2016.04.22 20:54:16.036,0.97679,0.97738,1.00,1.00
2016.04.22 20:54:16.583,0.9768,0.97739,1.00,1.00
2016.04.22 20:54:17.213,0.97679,0.97739,1.50,1.00
2016.04.22 20:54:17.855,0.9768,0.97739,1.50,1.00
2016.04.22 20:54:18.515,0.97681,0.9774,1.00,1.00
2016.04.22 20:54:20.009,0.97681,0.97738,1.00,1.00
2016.04.22 20:54:20.107,0.97681,0.9774,1.00,1.00
2016.04.22 20:54:21.436,0.97681,0.97739,1.00,1.00
2016.04.22 20:54:21.961,0.9768,0.97739,1.50,1.00
2016.04.22 20:54:22.585,0.97681,0.97739,1.00,1.00
2016.04.22 20:54:23.795,0.9768,0.97739,1.00,1.00
2016.04.22 20:54:23.896,0.97678,0.97738,1.50,1.00
2016.04.22 20:54:24.679,0.97679,0.97738,1.00,1.00
2016.04.22 20:54:25.389,0.97682,0.97738,1.00,1.00
2016.04.22 20:54:25.822,0.9768,0.97738,1.00,1.00
2016.04.22 20:54:29.133,0.97681,0.97738,1.00,1.00
2016.04.22 20:54:29.592,0.97679,0.97738,1.50,1.00
2016.04.22 20:54:32.036,0.9768,0.97739,1.00,1.00
2016.04.22 20:54:32.699,0.97679,0.97738,1.00,1.00
2016.04.22 20:54:33.098,0.97681,0.97738,1.00,1.00
2016.04.22 20:54:33.399,0.97677,0.97733,1.00,1.00
2016.04.22 20:54:33.801,0.97673,0.97732,1.00,1.00
2016.04.22 20:54:34.256,0.97671,0.97726,1.00,1.00
2016.04.22 20:54:34.307,0.97665,0.97726,1.00,1.00
2016.04.22 20:54:34.358,0.97667,0.97727,1.00,1.00
2016.04.22 20:54:34.927,0.97666,0.97726,1.00,1.00
2016.04.22 20:54:39.387,0.97668,0.97726,1.00,1.00
2016.04.22 20:54:39.895,0.97668,0.97725,1.00,1.00
2016.04.22 20:54:40.237,0.97668,0.97723,1.00,1.00
2016.04.22 20:54:42.836,0.97668,0.97722,1.00,1.00
2016.04.22 20:54:44.556,0.97669,0.97722,1.00,1.00
2016.04.22 20:54:45.158,0.97668,0.97722,1.00,1.00
2016.04.22 20:54:52.537,0.97666,0.9772,1.37,1.00
2016.04.22 20:54:52.587,0.97672,0.97731,1.37,1.00
2016.04.22 20:54:52.953,0.97673,0.97732,1.37,1.00
2016.04.22 20:54:53.053,0.97677,0.97737,1.37,1.00
2016.04.22 20:54:53.154,0.97677,0.97737,1.50,1.50
2016.04.22 20:54:53.768,0.97677,0.97735,1.00,1.00
2016.04.22 20:54:56.419,0.97679,0.97737,1.00,1.50
2016.04.22 20:54:56.765,0.97676,0.97734,1.00,1.00
2016.04.22 20:54:57.158,0.97676,0.97736,1.00,1.00
2016.04.22 20:54:57.714,0.97675,0.97735,1.00,1.00
2016.04.22 20:55:00.462,0.97674,0.97735,1.00,1.00
2016.04.22 20:55:01.528,0.97675,0.97733,1.00,1.00
2016.04.22 20:55:05.582,0.97673,0.97732,1.00,1.00
2016.04.22 20:55:05.683,0.97673,0.97724,1.00,1.00
2016.04.22 20:55:06.184,0.97674,0.97723,1.00,1.00
2016.04.22 20:55:06.680,0.97674,0.97725,1.00,1.00
2016.04.22 20:55:10.800,0.97674,0.97724,1.00,1.00
2016.04.22 20:55:11.858,0.97673,0.97724,1.00,1.00
2016.04.22 20:55:13.403,0.97673,0.97723,1.00,1.00
2016.04.22 20:55:14.070,0.97674,0.97724,1.00,1.00
2016.04.22 20:55:14.388,0.97669,0.97724,1.00,1.00
2016.04.22 20:55:15.707,0.97673,0.97724,1.00,1.00
2016.04.22 20:55:17.487,0.97669,0.97724,1.00,1.00
2016.04.22 20:55:19.668,0.97674,0.97724,1.00,1.00
2016.04.22 20:55:20.509,0.97674,0.97723,1.00,1.00
2016.04.22 20:55:21.646,0.97668,0.97723,1.00,1.00
2016.04.22 20:55:25.415,0.97669,0.97727,1.00,1.00
2016.04.22 20:55:25.589,0.97665,0.97727,1.00,1.00
2016.04.22 20:55:25.741,0.97669,0.97727,1.00,1.00
2016.04.22 20:55:26.273,0.97669,0.97726,1.00,1.00
2016.04.22 20:55:28.619,0.97669,0.97724,1.00,1.00
2016.04.22 20:55:30.227,0.97666,0.97724,1.00,1.00
2016.04.22 20:55:31.344,0.97667,0.97726,1.00,1.00
2016.04.22 20:55:31.953,0.97666,0.97725,1.00,1.00
2016.04.22 20:55:32.536,0.97669,0.97725,1.00,1.00
2016.04.22 20:55:34.644,0.97668,0.97725,1.00,1.00
2016.04.22 20:55:35.542,0.97669,0.97725,1.00,1.00
2016.04.22 20:55:36.413,0.97669,0.9773,1.00,1.50
2016.04.22 20:55:38.038,0.97663,0.9773,1.00,1.50
2016.04.22 20:55:38.290,0.97659,0.9773,1.00,1.50
2016.04.22 20:55:38.441,0.97661,0.97729,1.00,1.00
2016.04.22 20:55:39.686,0.97663,0.97729,1.00,1.00
2016.04.22 20:55:40.423,0.97663,0.9773,1.00,1.00
2016.04.22 20:55:43.646,0.97664,0.9773,1.00,1.00
2016.04.22 20:55:44.071,0.97663,0.97733,1.00,1.00
2016.04.22 20:55:46.725,0.97664,0.97733,1.00,1.00
2016.04.22 20:55:46.778,0.97664,0.97726,1.00,1.00
2016.04.22 20:55:47.297,0.97668,0.97725,1.00,1.50
2016.04.22 20:55:47.834,0.97669,0.97725,1.00,1.50
2016.04.22 20:55:48.031,0.97677,0.97735,1.00,1.00
2016.04.22 20:55:48.082,0.97678,0.97727,1.00,1.00
2016.04.22 20:55:48.183,0.97664,0.97726,1.00,1.00
2016.04.22 20:55:48.284,0.97664,0.97728,1.00,1.00
2016.04.22 20:55:48.384,0.97668,0.97737,1.00,1.00
2016.04.22 20:55:48.885,0.97669,0.97736,1.00,1.00
2016.04.22 20:55:51.236,0.97669,0.97731,1.00,1.00
2016.04.22 20:55:51.557,0.97669,0.97725,1.00,1.00
2016.04.22 20:55:52.091,0.97669,0.97726,1.00,1.50
2016.04.22 20:55:52.693,0.97669,0.97725,1.00,1.00
2016.04.22 20:55:55.857,0.97668,0.97722,1.00,1.00
2016.04.22 20:55:56.449,0.97669,0.97721,1.00,1.00
2016.04.22 20:55:56.992,0.97669,0.97731,1.00,1.00
2016.04.22 20:55:57.279,0.97673,0.97731,1.00,1.00
2016.04.22 20:55:59.266,0.97673,0.97726,1.00,1.00
2016.04.22 20:55:59.597,0.97672,0.97732,1.00,1.00
2016.04.22 20:55:59.698,0.97674,0.97732,1.00,1.00
2016.04.22 20:56:00.201,0.97674,0.97731,1.00,1.00
2016.04.22 20:56:02.036,0.97674,0.97735,1.00,1.00
2016.04.22 20:56:02.187,0.97671,0.97736,1.00,1.50
2016.04.22 20:56:02.388,0.97669,0.97736,1.00,2.25
2016.04.22 20:56:02.645,0.97669,0.97734,1.00,1.00
2016.04.22 20:56:02.696,0.97663,0.97732,1.00,1.00
2016.04.22 20:56:03.665,0.97669,0.97734,1.00,1.50
2016.04.22 20:56:06.716,0.97669,0.9773,1.00,1.00
2016.04.22 20:56:06.905,0.97664,0.9773,1.00,1.50
2016.04.22 20:56:07.076,0.97669,0.9773,1.00,1.50
2016.04.22 20:56:07.636,0.97663,0.9773,1.00,1.50
2016.04.22 20:56:07.736,0.97669,0.9773,1.00,1.50
2016.04.22 20:56:08.836,0.97664,0.9773,1.00,1.50
2016.04.22 20:56:08.988,0.97668,0.9773,1.00,1.50
2016.04.22 20:56:09.299,0.97664,0.97726,1.00,1.00
2016.04.22 20:56:09.936,0.97663,0.97727,1.00,1.50
2016.04.22 20:56:11.805,0.97668,0.97727,1.00,1.00
2016.04.22 20:56:12.688,0.97664,0.97726,1.00,1.00
2016.04.22 20:56:13.456,0.97663,0.97727,1.00,1.00
2016.04.22 20:56:13.816,0.97659,0.97725,1.00,1.00
2016.04.22 20:56:14.227,0.97664,0.97725,1.00,1.00
2016.04.22 20:56:15.327,0.97659,0.97725,1.00,1.00
2016.04.22 20:56:15.540,0.97661,0.97725,1.00,1.00
2016.04.22 20:56:19.170,0.97658,0.97726,1.50,1.50
2016.04.22 20:56:19.235,0.97658,0.97724,1.50,1.00
2016.04.22 20:56:19.638,0.97659,0.97726,1.50,1.00
2016.04.22 20:56:19.739,0.97664,0.97731,1.50,1.00
2016.04.22 20:56:20.100,0.97664,0.97726,1.00,1.00
2016.04.22 20:56:20.251,0.97661,0.97726,1.00,1.00
2016.04.22 20:56:20.639,0.97668,0.97731,1.00,1.00
2016.04.22 20:56:21.147,0.97669,0.97731,1.00,1.50
2016.04.22 20:56:22.366,0.97674,0.97731,1.00,1.00
2016.04.22 20:56:23.026,0.97663,0.97731,1.00,1.00
2016.04.22 20:56:23.575,0.97668,0.97731,1.00,1.00
2016.04.22 20:56:24.237,0.97664,0.97731,1.00,1.50
2016.04.22 20:56:24.457,0.97662,0.97731,1.00,1.00
2016.04.22 20:56:24.558,0.97678,0.97731,1.00,1.00
2016.04.22 20:56:24.895,0.97679,0.97726,1.00,1.00
2016.04.22 20:56:25.100,0.97679,0.97731,1.00,1.00
2016.04.22 20:56:25.656,0.97681,0.97731,1.00,1.00
2016.04.22 20:56:26.196,0.97682,0.97731,2.25,1.00
2016.04.22 20:56:26.781,0.97683,0.97732,1.00,1.00
2016.04.22 20:56:27.559,0.97683,0.97731,1.00,1.00
2016.04.22 20:56:28.448,0.97682,0.97731,2.25,1.00
2016.04.22 20:56:29.091,0.97683,0.97732,1.00,1.00
2016.04.22 20:56:29.318,0.97678,0.97731,1.00,1.00
2016.04.22 20:56:29.900,0.97678,0.97732,1.00,1.00
2016.04.22 20:56:31.066,0.97678,0.97731,1.00,1.00
2016.04.22 20:56:39.664,0.97677,0.97731,1.50,1.00
2016.04.22 20:56:40.984,0.97679,0.97731,1.00,1.00
2016.04.22 20:56:41.295,0.97679,0.97726,1.00,1.00
2016.04.22 20:56:41.735,0.97679,0.97732,1.00,1.00
2016.04.22 20:56:44.192,0.97679,0.97726,1.00,1.00
2016.04.22 20:56:44.705,0.97679,0.97731,1.00,1.00
2016.04.22 20:56:45.255,0.97679,0.97726,1.00,1.00
2016.04.22 20:56:46.254,0.97679,0.97732,1.00,1.00
2016.04.22 20:56:46.598,0.97679,0.97735,1.00,1.00
2016.04.22 20:56:46.771,0.97675,0.97735,1.00,1.00
2016.04.22 20:56:46.872,0.9767,0.97735,1.00,1.00
2016.04.22 20:56:49.446,0.97668,0.97736,1.00,1.50
2016.04.22 20:56:50.128,0.97669,0.97736,1.00,2.25
2016.04.22 20:56:50.722,0.97668,0.97736,1.00,1.50
2016.04.22 20:56:51.228,0.97669,0.97736,1.00,2.25
2016.04.22 20:56:52.007,0.97663,0.97716,1.00,1.00
2016.04.22 20:56:52.108,0.97663,0.97727,1.00,1.00
2016.04.22 20:56:52.159,0.9765,0.97727,1.00,1.00
2016.04.22 20:56:52.260,0.97647,0.97726,1.00,1.00
2016.04.22 20:56:52.405,0.97655,0.97726,1.00,1.00
2016.04.22 20:56:52.712,0.97655,0.97721,1.00,1.00
2016.04.22 20:56:53.110,0.97657,0.97722,1.00,1.00
2016.04.22 20:56:53.725,0.97657,0.97717,1.00,1.00
2016.04.22 20:56:53.981,0.97657,0.97728,1.00,1.00
2016.04.22 20:56:54.082,0.97655,0.97728,1.00,1.00
2016.04.22 20:56:54.759,0.97656,0.97728,1.50,1.50
2016.04.22 20:56:56.584,0.97656,0.97727,1.50,1.00
2016.04.22 20:56:56.685,0.97654,0.97726,1.00,1.50
2016.04.22 20:56:56.735,0.97654,0.97722,1.00,1.00
2016.04.22 20:56:56.786,0.97651,0.97722,1.00,1.00
2016.04.22 20:56:56.937,0.97651,0.97717,1.00,1.00
2016.04.22 20:56:57.486,0.9765,0.97722,1.00,1.00
2016.04.22 20:56:57.586,0.97654,0.97722,1.50,1.00
2016.04.22 20:56:58.262,0.97654,0.97721,1.50,1.00
2016.04.22 20:57:00.192,0.97655,0.97721,1.00,1.00
2016.04.22 20:57:02.223,0.97655,0.97722,1.00,1.00
2016.04.22 20:57:02.634,0.97667,0.97726,1.00,1.00
2016.04.22 20:57:02.943,0.97674,0.97726,1.00,1.00
2016.04.22 20:57:03.094,0.97674,0.97731,1.50,1.00
2016.04.22 20:57:03.610,0.97675,0.97731,1.00,1.00
2016.04.22 20:57:03.660,0.97675,0.97726,1.00,1.00
2016.04.22 20:57:04.278,0.97674,0.97726,1.50,1.00
2016.04.22 20:57:04.329,0.97674,0.97732,1.50,1.00
2016.04.22 20:57:04.580,0.9766,0.97732,1.00,1.00
2016.04.22 20:57:05.434,0.9766,0.97726,1.50,1.00
2016.04.22 20:57:07.083,0.9766,0.97731,1.50,1.00
2016.04.22 20:57:07.510,0.97647,0.97726,1.00,1.00
2016.04.22 20:57:07.699,0.97645,0.97726,1.00,1.00
2016.04.22 20:57:08.200,0.97644,0.97726,2.25,1.00
2016.04.22 20:57:08.405,0.97646,0.97726,1.00,1.00
2016.04.22 20:57:08.707,0.97656,0.97729,1.00,1.50
2016.04.22 20:57:09.604,0.97657,0.97729,1.00,1.50
2016.04.22 20:57:10.222,0.97658,0.9773,1.50,1.50
2016.04.22 20:57:10.759,0.97659,0.9773,1.50,2.25
2016.04.22 20:57:12.967,0.97658,0.9773,2.25,2.25
2016.04.22 20:57:14.725,0.97654,0.97699,1.00,1.00
2016.04.22 20:57:14.775,0.97647,0.97699,1.00,1.00
2016.04.22 20:57:14.826,0.97644,0.977,1.00,1.50
2016.04.22 20:57:15.030,0.97644,0.97709,1.00,1.00
2016.04.22 20:57:15.297,0.97657,0.97709,1.00,1.00
2016.04.22 20:57:16.077,0.97657,0.97708,1.00,1.50
2016.04.22 20:57:16.461,0.97656,0.97702,1.00,1.00
2016.04.22 20:57:17.264,0.97657,0.97702,1.00,1.00
2016.04.22 20:57:17.566,0.97659,0.97701,1.00,1.00
2016.04.22 20:57:18.231,0.97656,0.97702,2.25,1.00
2016.04.22 20:57:19.932,0.97657,0.97709,1.00,1.00
2016.04.22 20:57:20.514,0.97657,0.97706,1.00,1.00
2016.04.22 20:57:20.815,0.97657,0.97697,1.00,1.00
2016.04.22 20:57:37.576,0.97659,0.97697,1.00,1.00
2016.04.22 20:57:47.597,0.97656,0.97697,1.00,1.00
2016.04.22 20:57:47.997,0.97654,0.97698,1.00,2.25
2016.04.22 20:57:48.248,0.97652,0.97698,1.50,1.50
2016.04.22 20:57:49.701,0.97654,0.97698,1.00,2.25
2016.04.22 20:57:49.773,0.97652,0.97698,1.50,2.25
2016.04.22 20:57:53.625,0.97654,0.97698,1.00,2.25
2016.04.22 20:57:54.173,0.97652,0.97698,1.50,2.25
2016.04.22 20:57:57.583,0.97654,0.97698,1.00,2.25
2016.04.22 20:57:58.917,0.97654,0.97718,1.00,1.00
2016.04.22 20:57:59.475,0.97655,0.97717,1.00,1.00
2016.04.22 20:58:01.422,0.97654,0.97722,1.50,1.00
2016.04.22 20:58:01.654,0.97658,0.97722,1.00,1.00
2016.04.22 20:58:01.763,0.97654,0.97722,1.00,1.00
2016.04.22 20:58:03.728,0.97655,0.97721,1.00,1.00
2016.04.22 20:58:03.778,0.97659,0.97721,1.00,1.00
2016.04.22 20:58:03.879,0.97659,0.97729,1.00,1.00
2016.04.22 20:58:03.930,0.97659,0.97731,1.00,1.00
2016.04.22 20:58:04.081,0.97656,0.97741,1.00,1.00
2016.04.22 20:58:04.232,0.97653,0.97742,1.00,1.50
2016.04.22 20:58:04.789,0.97653,0.9774,1.50,1.00
2016.04.22 20:58:07.317,0.97652,0.97741,1.00,1.50
2016.04.22 20:58:08.003,0.97653,0.9774,1.00,1.00
2016.04.22 20:58:08.304,0.97656,0.9774,1.00,1.00
2016.04.22 20:58:09.945,0.97648,0.97738,1.00,1.00
2016.04.22 20:58:10.045,0.97659,0.97746,1.00,1.00
2016.04.22 20:58:10.215,0.97659,0.97751,1.00,1.00
2016.04.22 20:58:10.266,0.9765,0.97751,1.50,1.50
2016.04.22 20:58:10.316,0.97649,0.97749,1.50,1.00
2016.04.22 20:58:10.646,0.9765,0.97742,1.50,1.00
2016.04.22 20:58:11.047,0.97653,0.97743,1.00,1.00
2016.04.22 20:58:11.409,0.97658,0.97742,1.50,1.00
2016.04.22 20:58:11.949,0.97659,0.97743,1.00,1.00
2016.04.22 20:58:12.000,0.97659,0.97747,1.00,1.00
2016.04.22 20:58:13.209,0.9765,0.97747,1.00,1.00
2016.04.22 20:58:13.260,0.97638,0.97747,1.00,1.00
2016.04.22 20:58:13.310,0.97657,0.97743,1.00,1.50
2016.04.22 20:58:15.904,0.97656,0.97742,1.00,1.00
2016.04.22 20:58:16.206,0.97665,0.97743,1.00,1.00
2016.04.22 20:58:16.773,0.97664,0.97742,1.00,1.00
2016.04.22 20:58:17.728,0.97664,0.9774,1.00,1.00
2016.04.22 20:58:26.565,0.97664,0.97751,1.00,1.00
2016.04.22 20:58:26.783,0.97664,0.97742,1.00,1.00
2016.04.22 20:58:27.577,0.97661,0.97742,1.00,1.00
2016.04.22 20:58:28.136,0.97662,0.97742,1.00,1.00
2016.04.22 20:58:30.235,0.97661,0.97742,1.00,1.00
2016.04.22 20:58:30.779,0.97662,0.97742,1.00,1.00
2016.04.22 20:58:31.640,0.97661,0.97742,1.00,1.00
2016.04.22 20:58:32.142,0.97661,0.9774,1.00,1.00
2016.04.22 20:58:34.459,0.97662,0.9774,1.00,1.50
2016.04.22 20:58:38.257,0.97661,0.9774,1.00,1.00
2016.04.22 20:58:39.030,0.97662,0.9774,1.00,1.50
2016.04.22 20:58:41.882,0.97629,0.97749,1.00,1.00
2016.04.22 20:58:41.993,0.97646,0.97734,1.50,1.00
2016.04.22 20:58:42.954,0.97651,0.97735,1.00,1.00
2016.04.22 20:58:43.702,0.97652,0.97749,1.00,1.00
2016.04.22 20:58:45.597,0.9765,0.97744,1.00,1.00
2016.04.22 20:58:45.962,0.9765,0.97737,1.00,1.00
2016.04.22 20:58:48.102,0.97649,0.97738,1.00,1.00
2016.04.22 20:58:48.677,0.97649,0.97736,1.00,1.00
2016.04.22 20:58:49.506,0.97648,0.97736,1.00,1.00
2016.04.22 20:58:54.772,0.97647,0.97717,1.00,1.00
2016.04.22 20:58:54.822,0.97635,0.97717,1.00,1.00
2016.04.22 20:58:54.974,0.97638,0.97716,1.00,1.00
2016.04.22 20:58:55.770,0.97638,0.97714,1.00,1.00
2016.04.22 20:59:00.189,0.97623,0.97729,1.00,1.00
2016.04.22 20:59:00.240,0.97619,0.97732,0.75,0.75
2016.04.22 20:59:00.291,0.97628,0.97722,0.75,0.75
2016.04.22 20:59:00.803,0.97629,0.97721,0.75,0.75
2016.04.22 20:59:01.015,0.97629,0.97726,0.75,0.75
2016.04.22 20:59:01.116,0.9763,0.97722,0.75,0.75
2016.04.22 20:59:01.779,0.9763,0.97723,0.75,0.75
2016.04.22 20:59:02.301,0.9763,0.97722,0.75,0.75
2016.04.22 20:59:02.922,0.9763,0.9772,0.75,0.75
2016.04.22 20:59:03.297,0.9763,0.97736,0.75,1.50
2016.04.22 20:59:03.398,0.97629,0.97723,0.75,0.75
2016.04.22 20:59:03.682,0.9763,0.97725,0.75,0.75
2016.04.22 20:59:03.782,0.9763,0.9772,0.75,0.75
2016.04.22 20:59:04.583,0.9763,0.97736,0.75,1.50
2016.04.22 20:59:04.702,0.9763,0.97722,0.75,0.75
2016.04.22 20:59:05.251,0.97629,0.97721,0.75,0.75
2016.04.22 20:59:05.384,0.9763,0.97736,0.75,1.50
2016.04.22 20:59:05.506,0.97629,0.97723,0.75,0.75
2016.04.22 20:59:05.785,0.97629,0.97726,0.75,0.75
2016.04.22 20:59:05.886,0.97629,0.97721,0.75,0.75
2016.04.22 20:59:06.002,0.97629,0.97736,0.75,0.75
2016.04.22 20:59:06.145,0.97629,0.97723,0.75,0.75
2016.04.22 20:59:06.470,0.9763,0.9772,0.75,0.75
2016.04.22 20:59:08.309,0.97629,0.97723,0.75,0.75
2016.04.22 20:59:08.690,0.9763,0.9772,0.75,0.75
2016.04.22 20:59:08.910,0.9763,0.97722,0.75,0.75
2016.04.22 20:59:09.442,0.97629,0.97721,0.75,0.75
2016.04.22 20:59:10.062,0.9763,0.97722,0.75,0.75
2016.04.22 20:59:10.813,0.97618,0.9771,0.75,0.75
2016.04.22 20:59:11.334,0.97619,0.97711,0.75,0.75
2016.04.22 20:59:11.896,0.9762,0.97708,0.75,0.75
2016.04.22 20:59:12.242,0.97623,0.97708,0.75,0.75
2016.04.22 20:59:12.744,0.97624,0.97708,0.75,0.75
2016.04.22 20:59:13.404,0.97623,0.97708,0.75,0.75
2016.04.22 20:59:13.616,0.97623,0.9771,0.75,0.75
2016.04.22 20:59:14.395,0.97623,0.97709,0.75,0.75
2016.04.22 20:59:14.600,0.97623,0.97729,0.75,0.75
2016.04.22 20:59:14.718,0.97623,0.9771,0.75,0.75
2016.04.22 20:59:15.055,0.97624,0.97708,0.75,0.75
2016.04.22 20:59:15.853,0.97624,0.97712,0.75,0.75
2016.04.22 20:59:16.323,0.97624,0.97708,0.75,0.75
2016.04.22 20:59:16.425,0.97624,0.97729,0.75,0.75
2016.04.22 20:59:16.506,0.97624,0.97712,0.75,0.75
2016.04.22 20:59:16.871,0.97624,0.9771,0.75,0.75
2016.04.22 20:59:23.902,0.97623,0.9771,0.75,0.75
2016.04.22 20:59:24.722,0.97624,0.9771,0.75,0.75
2016.04.22 20:59:25.254,0.97623,0.9771,0.75,0.75
2016.04.22 20:59:25.932,0.97624,0.9771,0.75,0.75
2016.04.22 20:59:26.591,0.97623,0.9771,0.75,0.75
2016.04.22 20:59:26.920,0.97623,0.97713,0.75,1.50
2016.04.22 20:59:27.121,0.97624,0.97711,0.75,0.75
2016.04.22 20:59:27.422,0.97624,0.97713,0.75,0.75
2016.04.22 20:59:27.632,0.97623,0.9771,0.75,0.75
2016.04.22 20:59:29.901,0.97619,0.9771,0.75,0.75
2016.04.22 20:59:30.332,0.97623,0.9771,0.75,0.75
2016.04.22 20:59:31.103,0.97618,0.9771,0.75,0.75
2016.04.22 20:59:33.132,0.97618,0.97713,0.75,0.75
2016.04.22 20:59:33.233,0.97618,0.9771,0.75,0.75
2016.04.22 20:59:33.572,0.97623,0.9771,0.75,0.75
2016.04.22 20:59:35.136,0.97623,0.97711,0.75,0.75
2016.04.22 20:59:36.272,0.97619,0.97711,0.75,0.75
2016.04.22 20:59:36.638,0.97619,0.97713,0.75,0.75
2016.04.22 20:59:37.043,0.97624,0.97713,0.75,0.75
2016.04.22 20:59:37.812,0.97619,0.97713,0.75,0.75
2016.04.22 20:59:37.923,0.97624,0.97713,0.75,0.75
2016.04.22 20:59:38.491,0.97623,0.97713,0.75,0.75
2016.04.22 20:59:38.913,0.97618,0.97713,0.75,0.75
2016.04.22 20:59:39.243,0.97624,0.97713,0.75,0.75
2016.04.22 20:59:42.432,0.97623,0.97713,0.75,0.75
2016.04.22 20:59:42.784,0.97624,0.97711,0.75,0.75
2016.04.22 20:59:43.313,0.97623,0.97711,0.75,0.75
2016.04.22 20:59:43.774,0.97623,0.97713,0.75,0.75
2016.04.22 20:59:44.434,0.97624,0.97713,0.75,0.75
2016.04.22 20:59:46.621,0.97593,0.97713,0.75,0.75
2016.04.22 20:59:46.732,0.97634,0.97713,0.75,0.75
2016.04.22 20:59:46.783,0.97634,0.97801,0.75,0.75
2016.04.22 20:59:46.893,0.97629,0.9774,0.75,0.75
2016.04.22 20:59:47.184,0.97619,0.9774,0.75,0.75
2016.04.22 20:59:47.351,0.97619,0.97737,0.75,0.75
2016.04.22 20:59:47.768,0.97619,0.97702,0.75,0.75
