2011.06.21 10:00:00.870,1.03263,1.03301,1.50,3.23
2011.06.21 10:00:01.087,1.03253,1.03296,2.10,1.73
2011.06.21 10:00:01.307,1.03258,1.03296,2.10,2.04
2011.06.21 10:00:02.647,1.03261,1.03297,2.10,1.44
2011.06.21 10:00:02.870,1.03261,1.03303,2.10,2.70
2011.06.21 10:00:04.259,1.03263,1.03303,1.50,1.35
2011.06.21 10:00:04.509,1.03257,1.03306,2.48,3.92
2011.06.21 10:00:04.617,1.03261,1.03306,2.10,3.32
2011.06.21 10:00:04.948,1.03264,1.03306,2.48,1.44
2011.06.21 10:00:05.277,1.03264,1.03306,3.38,2.04
2011.06.21 10:00:05.499,1.03263,1.03304,3.75,1.35
2011.06.21 10:00:05.939,1.03256,1.03302,1.35,6.83
2011.06.21 10:00:08.606,1.03258,1.03295,2.48,2.10
2011.06.21 10:00:08.938,1.03258,1.033,3.08,2.10
2011.06.21 10:00:11.807,1.03259,1.033,1.35,2.10
2011.06.21 10:00:11.918,1.03257,1.033,3.08,2.10
2011.06.21 10:00:12.138,1.03259,1.03304,1.35,1.35
2011.06.21 10:00:12.688,1.03268,1.03306,2.10,2.63
2011.06.21 10:00:13.019,1.03268,1.03307,2.10,1.50
2011.06.21 10:00:13.129,1.03269,1.0331,2.10,1.13
2011.06.21 10:00:14.617,1.03264,1.03309,2.10,1.35
2011.06.21 10:00:15.280,1.03264,1.03307,2.10,1.73
2011.06.21 10:00:15.387,1.03263,1.03304,2.10,2.48
2011.06.21 10:00:16.049,1.03257,1.03299,2.10,2.10
2011.06.21 10:00:16.157,1.03255,1.03298,1.35,2.48
2011.06.21 10:00:16.708,1.03253,1.03298,2.10,2.48
2011.06.21 10:00:17.258,1.03254,1.03291,1.35,2.48
2011.06.21 10:00:18.029,1.03251,1.03287,1.35,1.67
2011.06.21 10:00:18.535,1.03255,1.03287,1.35,2.10
2011.06.21 10:00:18.652,1.03258,1.03296,4.58,2.94
2011.06.21 10:00:19.088,1.03259,1.03296,2.48,1.35
2011.06.21 10:00:19.418,1.03254,1.03292,2.10,2.10
2011.06.21 10:00:19.859,1.03254,1.03289,1.50,2.10
2011.06.21 10:00:21.540,1.03253,1.03289,2.10,2.10
2011.06.21 10:00:22.203,1.03248,1.03281,2.25,2.10
2011.06.21 10:00:22.577,1.03242,1.03287,1.35,2.48
2011.06.21 10:00:22.713,1.03245,1.03286,1.35,1.07
2011.06.21 10:00:22.831,1.03249,1.03286,2.10,1.13
2011.06.21 10:00:23.480,1.03244,1.03286,1.35,1.67
2011.06.21 10:00:24.063,1.03247,1.03287,2.10,1.44
2011.06.21 10:00:24.582,1.03247,1.03287,2.10,1.44
2011.06.21 10:00:24.911,1.03252,1.03296,2.48,2.04
2011.06.21 10:00:26.107,1.03253,1.03296,3.23,1.35
2011.06.21 10:00:26.989,1.03254,1.03296,1.73,2.85
2011.06.21 10:00:27.538,1.03254,1.03296,2.10,1.67
2011.06.21 10:00:27.759,1.03252,1.03296,2.85,4.35
2011.06.21 10:00:27.979,1.03252,1.03291,1.35,2.48
2011.06.21 10:00:29.369,1.03255,1.03291,2.10,1.88
2011.06.21 10:00:29.699,1.03255,1.03287,2.10,1.44
2011.06.21 10:00:29.919,1.03255,1.03296,2.10,1.13
2011.06.21 10:00:32.198,1.03255,1.03296,2.10,1.44
2011.06.21 10:00:32.418,1.03255,1.03296,2.10,1.13
2011.06.21 10:00:32.858,1.03255,1.03296,2.10,2.63
2011.06.21 10:00:36.107,1.03255,1.03296,2.10,2.63
2011.06.21 10:00:38.418,1.03251,1.03296,2.10,2.63
2011.06.21 10:00:38.529,1.03251,1.03296,2.85,2.63
2011.06.21 10:00:38.748,1.03251,1.03294,2.10,1.13
2011.06.21 10:00:39.322,1.03247,1.03291,1.35,1.13
2011.06.21 10:00:39.548,1.03241,1.03288,5.48,1.44
2011.06.21 10:00:39.878,1.03243,1.03289,2.10,1.13
2011.06.21 10:00:41.608,1.03243,1.0329,2.48,1.13
2011.06.21 10:00:42.555,1.03243,1.03292,3.23,1.88
2011.06.21 10:00:43.143,1.03243,1.0329,4.73,1.13
2011.06.21 10:00:46.768,1.03252,1.0329,2.10,1.13
2011.06.21 10:00:47.278,1.03252,1.0329,2.10,1.13
2011.06.21 10:00:48.082,1.03244,1.03288,2.10,1.73
2011.06.21 10:00:48.189,1.03244,1.03282,2.10,2.48
2011.06.21 10:00:48.518,1.03242,1.03277,2.10,1.44
2011.06.21 10:00:49.039,1.03246,1.03284,2.10,1.44
2011.06.21 10:00:49.148,1.03246,1.03287,2.10,1.82
2011.06.21 10:00:49.368,1.03246,1.03292,2.48,6.02
2011.06.21 10:00:49.478,1.03246,1.03287,2.10,1.13
2011.06.21 10:00:49.808,1.03249,1.03286,2.10,1.44
2011.06.21 10:00:50.248,1.03253,1.03292,2.10,3.98
2011.06.21 10:00:50.579,1.03254,1.03292,2.10,2.10
2011.06.21 10:00:50.908,1.03254,1.03291,2.10,2.25
2011.06.21 10:00:51.327,1.03245,1.03288,2.10,1.13
2011.06.21 10:00:51.453,1.03247,1.03286,1.35,1.82
2011.06.21 10:00:51.787,1.03247,1.03276,1.35,1.44
2011.06.21 10:00:52.009,1.03245,1.03286,2.10,3.38
2011.06.21 10:00:52.451,1.03248,1.03286,3.60,1.07
2011.06.21 10:00:53.438,1.03249,1.03287,2.10,1.44
2011.06.21 10:00:53.770,1.03246,1.03293,1.35,1.35
2011.06.21 10:00:55.318,1.03245,1.03287,1.35,1.82
2011.06.21 10:00:56.197,1.03245,1.03287,1.73,1.44
2011.06.21 10:00:56.309,1.03242,1.03287,1.73,1.44
2011.06.21 10:00:56.637,1.03243,1.0329,3.23,1.13
2011.06.21 10:00:56.747,1.03244,1.03291,1.73,2.63
2011.06.21 10:00:57.187,1.03244,1.03292,1.35,2.94
2011.06.21 10:00:57.408,1.03248,1.03297,2.48,3.32
2011.06.21 10:00:57.957,1.03248,1.03296,2.48,3.38
2011.06.21 10:00:58.177,1.03248,1.03297,2.48,3.32
2011.06.21 10:00:58.739,1.03248,1.03296,2.48,3.38
2011.06.21 10:00:59.176,1.03247,1.03293,1.73,1.35
2011.06.21 10:01:00.058,1.03247,1.03293,1.35,1.73
2011.06.21 10:01:00.608,1.03246,1.03287,1.35,1.44
2011.06.21 10:01:00.937,1.03244,1.03293,3.98,3.08
2011.06.21 10:01:02.645,1.03245,1.03292,2.10,1.73
2011.06.21 10:01:03.718,1.03248,1.03293,2.10,3.83
2011.06.21 10:01:06.808,1.03248,1.03291,2.10,2.25
2011.06.21 10:01:08.562,1.03248,1.03287,2.10,1.44
2011.06.21 10:01:09.117,1.03248,1.03287,2.10,1.44
2011.06.21 10:01:09.880,1.03248,1.03287,2.10,1.44
2011.06.21 10:01:10.977,1.03252,1.03287,1.35,1.44
2011.06.21 10:01:13.846,1.03252,1.03292,1.35,2.48
2011.06.21 10:01:14.068,1.03248,1.03289,2.10,1.50
2011.06.21 10:01:17.587,1.03247,1.03287,1.35,1.44
2011.06.21 10:01:18.097,1.03246,1.03286,1.35,1.44
2011.06.21 10:01:18.429,1.03252,1.03286,2.10,1.44
2011.06.21 10:01:19.787,1.03252,1.03287,2.10,1.44
2011.06.21 10:01:20.388,1.03252,1.03286,2.85,1.44
2011.06.21 10:01:21.187,1.03252,1.03287,2.85,1.44
2011.06.21 10:01:21.852,1.03252,1.03293,2.10,2.48
2011.06.21 10:01:22.079,1.03252,1.03296,2.10,4.67
2011.06.21 10:01:22.189,1.03252,1.03296,2.10,3.32
2011.06.21 10:01:23.038,1.03257,1.03296,2.10,1.44
2011.06.21 10:01:25.467,1.03257,1.03297,2.10,1.44
2011.06.21 10:01:26.328,1.03257,1.03296,2.10,1.44
2011.06.21 10:01:27.047,1.03257,1.03296,2.10,1.44
2011.06.21 10:01:27.157,1.03256,1.03296,2.10,1.44
2011.06.21 10:01:27.979,1.03257,1.03297,1.35,1.44
2011.06.21 10:01:28.671,1.03256,1.03296,2.10,1.50
2011.06.21 10:01:29.107,1.03256,1.03297,2.85,1.44
2011.06.21 10:01:29.468,1.03256,1.03296,2.10,2.19
2011.06.21 10:01:29.968,1.03256,1.03297,2.10,1.82
2011.06.21 10:01:30.188,1.03253,1.03295,1.50,2.10
2011.06.21 10:01:30.628,1.03248,1.03291,2.85,1.35
2011.06.21 10:01:30.738,1.03248,1.03291,2.70,1.29
2011.06.21 10:01:31.456,1.03248,1.03291,2.70,1.35
2011.06.21 10:01:32.398,1.03244,1.03285,2.25,2.10
2011.06.21 10:01:32.727,1.03236,1.03277,2.10,1.82
2011.06.21 10:01:32.837,1.03236,1.03276,2.10,1.07
2011.06.21 10:01:33.279,1.03241,1.03282,2.10,4.58
2011.06.21 10:01:33.608,1.03241,1.03277,2.10,1.44
2011.06.21 10:01:34.246,1.03241,1.03277,2.10,1.44
2011.06.21 10:01:35.529,1.03238,1.03277,2.85,3.54
2011.06.21 10:01:35.858,1.03238,1.03267,2.10,1.44
2011.06.21 10:01:35.968,1.03234,1.03266,2.10,1.44
2011.06.21 10:01:36.518,1.0324,1.03267,2.10,1.44
2011.06.21 10:01:36.628,1.0324,1.03272,2.10,2.10
2011.06.21 10:01:36.739,1.0324,1.03276,2.10,1.07
2011.06.21 10:01:38.078,1.0324,1.03277,2.10,1.44
2011.06.21 10:01:38.631,1.0324,1.03277,2.10,1.44
2011.06.21 10:01:39.497,1.03241,1.03277,1.35,1.44
2011.06.21 10:01:40.058,1.03241,1.03276,1.35,1.44
2011.06.21 10:01:40.867,1.03241,1.03277,1.35,1.44
2011.06.21 10:01:41.419,1.03241,1.03277,1.35,1.44
2011.06.21 10:01:41.527,1.03243,1.03277,2.10,1.44
2011.06.21 10:01:41.858,1.03243,1.03287,2.10,1.82
2011.06.21 10:01:42.959,1.03243,1.03286,2.10,1.44
2011.06.21 10:01:43.448,1.03243,1.03286,2.10,1.44
2011.06.21 10:01:43.778,1.03243,1.03281,2.10,2.63
2011.06.21 10:01:43.997,1.03242,1.03277,1.35,1.44
2011.06.21 10:01:44.767,1.03242,1.03277,1.35,1.44
2011.06.21 10:01:45.489,1.03237,1.03276,3.45,1.44
2011.06.21 10:01:46.118,1.0325,1.03277,2.10,1.44
2011.06.21 10:01:46.340,1.0325,1.03287,2.10,1.44
2011.06.21 10:01:46.894,1.03251,1.03282,2.10,2.10
2011.06.21 10:01:47.120,1.03247,1.03287,1.35,1.44
2011.06.21 10:01:47.667,1.03247,1.03287,1.35,1.44
2011.06.21 10:01:48.217,1.03247,1.03287,1.35,1.44
2011.06.21 10:01:48.438,1.03246,1.03286,2.10,2.19
2011.06.21 10:01:48.549,1.03239,1.03282,2.10,4.58
2011.06.21 10:01:48.769,1.03239,1.03277,2.10,1.07
2011.06.21 10:01:49.318,1.03239,1.03277,2.10,1.44
2011.06.21 10:01:49.977,1.03239,1.03276,2.10,2.25
2011.06.21 10:01:50.775,1.03249,1.03276,2.10,1.44
2011.06.21 10:01:51.109,1.03249,1.03287,2.10,3.92
2011.06.21 10:01:51.349,1.03243,1.03285,3.60,2.10
2011.06.21 10:01:51.679,1.03244,1.03286,2.85,2.85
2011.06.21 10:01:52.158,1.03248,1.03287,2.10,3.32
2011.06.21 10:01:53.477,1.03248,1.03287,2.10,4.07
2011.06.21 10:01:53.758,1.03244,1.03287,2.10,3.92
2011.06.21 10:01:54.677,1.03251,1.03287,2.10,3.32
2011.06.21 10:01:55.118,1.03254,1.03286,2.10,2.25
2011.06.21 10:01:55.721,1.0325,1.03287,2.10,1.44
2011.06.21 10:01:55.843,1.03255,1.03286,2.10,1.44
2011.06.21 10:01:55.959,1.0325,1.03287,2.10,1.44
2011.06.21 10:01:56.179,1.03257,1.03287,2.10,1.44
2011.06.21 10:01:56.292,1.03257,1.03292,2.10,2.10
2011.06.21 10:01:56.507,1.03257,1.03296,2.10,4.44
2011.06.21 10:01:56.619,1.03251,1.03292,1.35,3.60
2011.06.21 10:01:56.729,1.03257,1.03291,2.10,2.25
2011.06.21 10:01:56.837,1.03257,1.03297,2.10,4.82
2011.06.21 10:01:56.948,1.03257,1.03296,2.10,3.75
2011.06.21 10:01:57.387,1.03257,1.03291,2.10,1.07
2011.06.21 10:01:57.498,1.03257,1.03296,2.10,4.07
2011.06.21 10:02:00.838,1.03255,1.03296,1.35,1.67
2011.06.21 10:02:02.198,1.03255,1.03296,1.73,4.29
2011.06.21 10:02:02.528,1.03255,1.03296,1.73,1.44
2011.06.21 10:02:03.336,1.03255,1.03296,1.73,1.35
2011.06.21 10:02:04.576,1.03255,1.03296,1.73,1.44
2011.06.21 10:02:05.017,1.03255,1.03296,1.73,2.19
2011.06.21 10:02:05.127,1.03255,1.03294,1.35,1.35
2011.06.21 10:02:05.677,1.03255,1.03296,1.35,1.67
2011.06.21 10:02:07.549,1.03257,1.03296,2.10,2.10
2011.06.21 10:02:07.878,1.03261,1.03302,2.10,2.48
2011.06.21 10:02:08.209,1.03273,1.03306,2.25,1.44
2011.06.21 10:02:08.538,1.0327,1.03299,2.25,1.73
2011.06.21 10:02:08.758,1.03259,1.03297,2.25,2.48
2011.06.21 10:02:08.868,1.03259,1.03296,2.25,1.29
2011.06.21 10:02:09.430,1.0326,1.03296,2.25,1.29
2011.06.21 10:02:11.088,1.03251,1.03296,1.50,1.29
2011.06.21 10:02:11.200,1.03255,1.03296,1.13,3.54
2011.06.21 10:02:12.128,1.03256,1.03297,1.35,1.44
2011.06.21 10:02:12.567,1.03261,1.03302,1.73,2.19
2011.06.21 10:02:12.677,1.03263,1.03302,1.50,1.44
2011.06.21 10:02:13.228,1.03264,1.03301,1.50,1.44
2011.06.21 10:02:14.267,1.03263,1.03302,1.50,1.44
2011.06.21 10:02:14.489,1.03261,1.03301,1.35,1.07
2011.06.21 10:02:14.598,1.03256,1.03296,1.73,1.44
2011.06.21 10:02:15.240,1.03256,1.03296,1.73,2.04
2011.06.21 10:02:18.960,1.03257,1.03296,1.35,1.44
2011.06.21 10:02:19.871,1.03256,1.03296,1.73,2.04
2011.06.21 10:02:20.420,1.03255,1.03297,1.35,2.48
2011.06.21 10:02:22.208,1.03255,1.03297,1.73,2.10
2011.06.21 10:02:22.790,1.03253,1.03298,2.10,1.73
2011.06.21 10:02:23.907,1.03253,1.03299,1.50,3.23
2011.06.21 10:02:24.459,1.03253,1.03292,1.50,3.08
2011.06.21 10:02:25.627,1.03253,1.03292,1.50,3.08
2011.06.21 10:02:26.282,1.03253,1.03292,1.50,3.08
2011.06.21 10:02:27.338,1.03253,1.03292,1.50,3.08
2011.06.21 10:02:28.048,1.03253,1.03291,1.50,1.13
2011.06.21 10:02:28.598,1.03253,1.03288,1.50,1.35
2011.06.21 10:02:29.148,1.03247,1.03293,3.45,2.10
2011.06.21 10:02:29.481,1.0325,1.03295,1.73,2.10
2011.06.21 10:02:30.329,1.03247,1.03295,3.60,2.48
2011.06.21 10:02:30.843,1.03248,1.03292,2.10,2.70
2011.06.21 10:02:31.828,1.03248,1.03292,2.70,2.70
2011.06.21 10:02:32.158,1.03248,1.03276,2.70,2.37
2011.06.21 10:02:32.379,1.03245,1.03292,1.35,5.70
2011.06.21 10:02:33.879,1.03245,1.03286,1.35,1.44
2011.06.21 10:02:34.966,1.03246,1.03287,1.35,1.82
2011.06.21 10:02:35.488,1.03245,1.03287,1.35,2.57
2011.06.21 10:02:35.969,1.03246,1.03287,1.35,1.82
2011.06.21 10:02:36.577,1.03247,1.03287,1.35,1.82
2011.06.21 10:02:37.431,1.03247,1.03286,1.35,1.44
2011.06.21 10:02:37.540,1.03247,1.03286,1.35,1.44
2011.06.21 10:02:38.448,1.03252,1.03296,1.35,1.67
2011.06.21 10:02:38.697,1.03249,1.03296,2.48,1.07
2011.06.21 10:02:39.326,1.03254,1.03297,2.10,1.82
2011.06.21 10:02:40.337,1.03254,1.03296,2.10,1.88
2011.06.21 10:02:40.837,1.03256,1.03296,1.35,1.07
2011.06.21 10:02:41.659,1.03254,1.03296,2.10,2.57
2011.06.21 10:02:41.877,1.03252,1.03296,1.73,1.13
2011.06.21 10:02:42.098,1.03252,1.03293,1.35,1.13
2011.06.21 10:02:44.020,1.03248,1.03291,2.10,1.13
2011.06.21 10:02:44.508,1.03252,1.03293,1.35,1.13
2011.06.21 10:02:44.727,1.03249,1.03296,1.73,1.44
2011.06.21 10:02:48.138,1.03253,1.03296,2.10,2.19
2011.06.21 10:02:48.467,1.03253,1.03292,2.10,2.48
2011.06.21 10:02:48.579,1.03253,1.03297,2.10,4.13
2011.06.21 10:02:49.127,1.03253,1.03297,2.10,1.13
2011.06.21 10:02:49.857,1.03253,1.03296,2.10,1.50
2011.06.21 10:02:51.058,1.03253,1.03296,2.10,1.50
2011.06.21 10:02:51.708,1.03253,1.03299,2.48,1.50
2011.06.21 10:02:51.818,1.03254,1.03301,1.73,3.38
2011.06.21 10:02:52.314,1.03253,1.03301,3.23,1.13
2011.06.21 10:02:52.539,1.03253,1.03299,2.10,1.73
2011.06.21 10:02:52.837,1.03259,1.03296,2.10,1.13
2011.06.21 10:02:53.168,1.03259,1.03296,2.10,1.44
2011.06.21 10:02:53.279,1.03259,1.03297,2.10,1.44
2011.06.21 10:02:55.617,1.03259,1.03297,2.10,1.44
2011.06.21 10:02:55.948,1.03256,1.03297,1.35,1.44
2011.06.21 10:02:56.308,1.03258,1.03297,2.10,1.44
2011.06.21 10:02:56.858,1.03258,1.03296,2.10,1.44
2011.06.21 10:02:57.457,1.03258,1.03297,2.10,1.44
2011.06.21 10:02:58.140,1.03264,1.03296,2.10,1.44
2011.06.21 10:02:58.360,1.03264,1.03297,2.10,1.44
2011.06.21 10:02:58.688,1.03264,1.03307,2.10,4.67
2011.06.21 10:02:59.020,1.03272,1.03313,2.10,2.94
2011.06.21 10:02:59.127,1.03272,1.03313,2.10,2.63
2011.06.21 10:02:59.651,1.03261,1.03306,3.60,1.88
2011.06.21 10:03:00.307,1.03264,1.03314,2.48,3.23
2011.06.21 10:03:00.417,1.0326,1.03315,4.73,2.48
2011.06.21 10:03:00.528,1.03261,1.03307,1.73,1.88
2011.06.21 10:03:00.749,1.03267,1.03311,1.73,1.35
2011.06.21 10:03:00.858,1.03267,1.03313,1.73,2.25
2011.06.21 10:03:01.148,1.03267,1.03315,1.73,1.35
2011.06.21 10:03:01.856,1.03267,1.03315,1.73,2.79
2011.06.21 10:03:02.596,1.03268,1.03315,1.73,2.04
2011.06.21 10:03:03.147,1.03268,1.03315,1.73,1.35
2011.06.21 10:03:03.698,1.03272,1.03316,1.73,3.00
2011.06.21 10:03:05.759,1.03274,1.03317,1.35,2.57
2011.06.21 10:03:08.281,1.03275,1.03316,2.48,1.50
2011.06.21 10:03:08.500,1.03269,1.03312,2.85,1.88
2011.06.21 10:03:08.720,1.03273,1.03311,1.35,1.50
2011.06.21 10:03:08.828,1.03273,1.03316,1.35,2.63
2011.06.21 10:03:09.048,1.03275,1.03316,2.10,1.67
2011.06.21 10:03:09.919,1.03275,1.03312,2.10,4.58
2011.06.21 10:03:10.267,1.03275,1.03307,2.10,1.44
2011.06.21 10:03:10.998,1.03275,1.03307,2.10,1.44
2011.06.21 10:03:11.679,1.03275,1.03307,2.10,1.44
2011.06.21 10:03:13.287,1.03275,1.03307,2.10,1.44
2011.06.21 10:03:14.207,1.03275,1.03307,2.10,1.44
2011.06.21 10:03:14.537,1.03271,1.03307,1.35,1.44
2011.06.21 10:03:15.089,1.03267,1.03307,2.85,1.44
2011.06.21 10:03:15.626,1.03267,1.03307,2.10,1.44
2011.06.21 10:03:15.847,1.0327,1.03307,2.10,1.44
2011.06.21 10:03:16.477,1.0327,1.03307,2.10,1.44
2011.06.21 10:03:17.228,1.03272,1.03307,1.35,1.44
2011.06.21 10:03:17.817,1.03272,1.03307,1.35,1.44
2011.06.21 10:03:18.891,1.03267,1.0331,2.48,2.04
2011.06.21 10:03:19.000,1.03267,1.03311,2.48,2.79
2011.06.21 10:03:19.479,1.03267,1.03311,2.10,2.85
2011.06.21 10:03:19.584,1.03267,1.03311,2.10,2.85
2011.06.21 10:03:19.918,1.03269,1.03307,1.35,1.44
2011.06.21 10:03:20.309,1.03275,1.03307,2.10,1.44
2011.06.21 10:03:20.417,1.03269,1.03307,1.35,1.44
2011.06.21 10:03:21.189,1.03268,1.03307,2.10,1.44
2011.06.21 10:03:21.629,1.03268,1.03306,2.10,1.88
2011.06.21 10:03:23.628,1.03268,1.03307,2.10,2.94
2011.06.21 10:03:23.742,1.03272,1.03311,2.10,3.00
2011.06.21 10:03:23.860,1.03272,1.03311,2.10,1.50
2011.06.21 10:03:24.079,1.03272,1.03314,2.10,1.35
2011.06.21 10:03:24.807,1.03277,1.03316,2.10,1.44
2011.06.21 10:03:25.358,1.03277,1.03317,2.10,1.82
2011.06.21 10:03:25.828,1.03277,1.03316,2.10,1.44
2011.06.21 10:03:27.037,1.03277,1.03316,2.10,1.50
2011.06.21 10:03:32.008,1.03277,1.03317,2.10,1.44
2011.06.21 10:03:33.310,1.03271,1.03317,1.73,2.42
2011.06.21 10:03:33.528,1.03271,1.03316,1.73,1.82
2011.06.21 10:03:36.427,1.03272,1.03316,2.10,2.57
2011.06.21 10:03:37.359,1.03279,1.03326,4.73,2.94
2011.06.21 10:03:37.467,1.03279,1.03326,4.73,2.94
2011.06.21 10:03:39.298,1.03279,1.03326,4.73,2.94
2011.06.21 10:03:42.330,1.03279,1.03323,2.10,1.13
2011.06.21 10:03:42.441,1.03278,1.03323,4.20,2.48
2011.06.21 10:03:42.547,1.03278,1.03321,4.20,1.13
2011.06.21 10:03:43.099,1.03279,1.03317,2.10,1.44
2011.06.21 10:03:43.430,1.03281,1.03326,2.10,1.82
2011.06.21 10:03:43.977,1.0328,1.03326,2.10,1.73
2011.06.21 10:03:45.118,1.0328,1.03325,2.10,1.35
2011.06.21 10:03:45.818,1.0328,1.03324,2.10,1.50
2011.06.21 10:03:45.928,1.0328,1.03323,2.10,1.13
2011.06.21 10:03:46.148,1.03276,1.03322,1.35,1.35
2011.06.21 10:03:46.368,1.03273,1.03317,2.10,3.32
2011.06.21 10:03:46.588,1.03273,1.03317,3.98,1.44
2011.06.21 10:03:47.171,1.03274,1.03316,3.60,1.44
2011.06.21 10:03:47.281,1.03281,1.03317,2.10,1.44
2011.06.21 10:03:47.500,1.03274,1.03316,2.10,1.13
2011.06.21 10:03:49.658,1.03272,1.03316,2.48,1.50
2011.06.21 10:03:50.384,1.03274,1.03317,1.73,1.50
2011.06.21 10:03:50.938,1.03274,1.03316,1.73,1.50
2011.06.21 10:03:51.647,1.03274,1.03317,1.73,1.50
2011.06.21 10:03:52.737,1.03277,1.03317,1.35,1.50
2011.06.21 10:03:53.266,1.03277,1.03316,1.35,1.50
2011.06.21 10:03:54.142,1.03277,1.03317,1.35,1.50
2011.06.21 10:03:56.309,1.03277,1.03319,1.35,1.13
2011.06.21 10:03:58.593,1.0328,1.03319,2.10,1.13
2011.06.21 10:04:06.330,1.03283,1.03322,2.10,1.50
2011.06.21 10:04:06.438,1.03283,1.03322,2.10,1.88
2011.06.21 10:04:06.768,1.0328,1.03317,2.10,1.44
2011.06.21 10:04:07.327,1.0328,1.03317,2.10,1.44
2011.06.21 10:04:08.007,1.0328,1.03317,2.10,1.44
2011.06.21 10:04:08.338,1.0328,1.03317,2.10,3.32
2011.06.21 10:04:10.530,1.03277,1.03316,1.35,2.63
2011.06.21 10:04:10.749,1.03275,1.03312,2.10,2.48
2011.06.21 10:04:11.079,1.03275,1.03307,2.10,1.44
2011.06.21 10:04:11.408,1.03275,1.03316,2.10,2.63
2011.06.21 10:04:11.849,1.03275,1.03316,2.10,1.44
2011.06.21 10:04:12.071,1.0328,1.03316,2.10,2.25
2011.06.21 10:04:12.177,1.0328,1.03321,2.10,7.44
2011.06.21 10:04:12.397,1.0328,1.0332,2.10,1.13
2011.06.21 10:04:12.508,1.03275,1.03317,2.10,1.73
2011.06.21 10:04:13.058,1.03275,1.03316,2.10,3.32
2011.06.21 10:04:14.973,1.03275,1.03315,2.10,1.13
2011.06.21 10:04:17.944,1.03275,1.03315,2.10,1.13
2011.06.21 10:04:21.843,1.03275,1.03315,2.10,1.13
2011.06.21 10:04:21.959,1.03275,1.03314,2.10,1.50
2011.06.21 10:04:22.569,1.03275,1.03307,2.10,1.44
2011.06.21 10:04:22.909,1.03275,1.03316,2.10,2.63
2011.06.21 10:04:23.021,1.03275,1.03312,2.10,1.88
2011.06.21 10:04:23.348,1.03269,1.03306,2.10,1.13
2011.06.21 10:04:23.569,1.03269,1.03307,2.10,3.32
2011.06.21 10:04:25.047,1.03269,1.03306,2.10,3.32
2011.06.21 10:04:27.449,1.03269,1.03307,2.10,2.94
2011.06.21 10:04:27.779,1.03279,1.03306,2.10,1.44
2011.06.21 10:04:28.218,1.03279,1.03307,2.10,1.82
2011.06.21 10:04:28.439,1.03272,1.03306,2.10,3.92
2011.06.21 10:04:32.498,1.03272,1.03306,2.10,1.07
2011.06.21 10:04:32.609,1.03272,1.0331,2.10,1.13
2011.06.21 10:04:34.838,1.03272,1.03316,2.10,4.73
2011.06.21 10:04:35.277,1.03273,1.03317,3.60,4.07
2011.06.21 10:04:35.498,1.03273,1.03317,3.60,3.17
2011.06.21 10:04:38.790,1.03273,1.03313,2.10,2.48
2011.06.21 10:04:38.899,1.03264,1.03311,2.10,1.13
2011.06.21 10:04:39.118,1.03264,1.0331,2.85,1.07
2011.06.21 10:04:39.789,1.03264,1.03307,2.10,1.44
2011.06.21 10:04:41.107,1.03264,1.03307,4.35,1.44
2011.06.21 10:04:42.638,1.03268,1.03307,3.08,1.44
2011.06.21 10:04:42.968,1.03273,1.03314,3.60,1.13
2011.06.21 10:04:44.889,1.03274,1.03315,1.35,1.73
2011.06.21 10:04:44.998,1.03274,1.03315,1.35,1.73
2011.06.21 10:04:47.845,1.03274,1.03315,1.35,1.73
2011.06.21 10:04:50.300,1.03273,1.03315,3.60,1.73
2011.06.21 10:04:50.408,1.03273,1.03315,3.60,1.73
2011.06.21 10:04:50.628,1.03274,1.03315,1.35,1.73
2011.06.21 10:04:50.803,1.03274,1.03315,1.35,1.73
2011.06.21 10:04:55.308,1.03274,1.03315,2.10,1.73
2011.06.21 10:04:56.488,1.03274,1.03315,1.35,1.73
2011.06.21 10:04:58.226,1.03277,1.03315,2.10,1.13
2011.06.21 10:04:59.461,1.03274,1.03315,1.35,1.13
2011.06.21 10:05:00.008,1.03274,1.03312,1.35,1.13
2011.06.21 10:05:00.337,1.03272,1.03306,2.10,1.44
2011.06.21 10:05:02.348,1.03272,1.03307,2.85,1.44
2011.06.21 10:05:02.948,1.03272,1.03307,2.85,1.44
2011.06.21 10:05:03.564,1.0328,1.03307,2.10,1.44
2011.06.21 10:05:03.681,1.0328,1.03316,2.10,2.25
2011.06.21 10:05:04.339,1.0328,1.03317,2.10,1.44
2011.06.21 10:05:04.778,1.03276,1.03317,2.10,2.04
2011.06.21 10:05:06.000,1.0328,1.03317,2.10,1.44
2011.06.21 10:05:06.109,1.03278,1.03317,2.70,1.44
2011.06.21 10:05:06.688,1.03277,1.03317,2.10,1.44
2011.06.21 10:05:07.309,1.03277,1.03316,2.10,1.44
2011.06.21 10:05:07.834,1.03274,1.03316,1.35,2.79
2011.06.21 10:05:08.060,1.03272,1.03312,2.10,1.50
2011.06.21 10:05:08.827,1.03274,1.03311,2.10,1.50
2011.06.21 10:05:09.683,1.03274,1.03312,1.35,1.50
2011.06.21 10:05:10.019,1.03274,1.03311,1.35,1.13
2011.06.21 10:05:10.348,1.03272,1.03307,2.10,1.44
2011.06.21 10:05:10.678,1.03272,1.03306,2.10,1.07
2011.06.21 10:05:12.334,1.03273,1.03306,2.10,1.29
2011.06.21 10:05:12.449,1.03274,1.03306,2.10,2.25
2011.06.21 10:05:13.347,1.03274,1.03307,2.10,2.94
2011.06.21 10:05:13.677,1.03268,1.03306,2.10,2.94
2011.06.21 10:05:15.547,1.03272,1.03307,1.35,2.94
2011.06.21 10:05:16.316,1.03272,1.03307,1.35,2.94
2011.06.21 10:05:18.515,1.03272,1.03307,1.35,1.44
2011.06.21 10:05:19.393,1.03272,1.03307,1.35,1.44
2011.06.21 10:05:19.949,1.03268,1.03307,2.10,1.44
2011.06.21 10:05:20.817,1.03268,1.03307,2.10,1.44
2011.06.21 10:05:21.372,1.03268,1.03307,2.10,2.19
2011.06.21 10:05:24.573,1.03268,1.03306,2.10,1.44
2011.06.21 10:05:25.107,1.03268,1.03307,2.10,1.44
2011.06.21 10:05:25.627,1.03268,1.03307,2.10,1.44
2011.06.21 10:05:26.188,1.03268,1.03307,2.10,1.44
2011.06.21 10:05:27.393,1.03268,1.03307,2.10,1.44
2011.06.21 10:05:28.478,1.03268,1.03306,2.10,2.19
2011.06.21 10:05:30.728,1.03268,1.03306,2.10,1.07
2011.06.21 10:05:30.838,1.03263,1.03306,2.10,2.63
2011.06.21 10:05:32.948,1.03264,1.03305,2.10,1.88
2011.06.21 10:05:36.022,1.03263,1.03305,3.60,1.88
2011.06.21 10:05:38.118,1.03266,1.03305,1.35,1.88
2011.06.21 10:05:38.227,1.03263,1.03305,3.60,1.88
2011.06.21 10:05:42.720,1.03263,1.03305,3.98,1.50
2011.06.21 10:05:43.050,1.03264,1.03303,1.35,1.88
2011.06.21 10:05:43.380,1.03271,1.03296,2.10,1.44
2011.06.21 10:05:43.488,1.03262,1.03296,2.10,1.44
2011.06.21 10:05:43.928,1.03262,1.03297,2.10,3.69
2011.06.21 10:05:45.748,1.03262,1.03297,2.10,2.19
2011.06.21 10:05:45.859,1.03259,1.03297,2.10,2.19
2011.06.21 10:05:46.518,1.03259,1.03297,2.10,2.19
2011.06.21 10:05:47.119,1.03259,1.03297,2.10,2.19
2011.06.21 10:05:47.670,1.03259,1.03297,2.10,2.19
2011.06.21 10:05:47.999,1.03256,1.03296,1.35,1.50
2011.06.21 10:05:48.547,1.03257,1.03297,1.35,2.19
2011.06.21 10:05:48.659,1.03256,1.03297,1.35,3.17
2011.06.21 10:05:48.879,1.03256,1.03293,1.35,2.48
2011.06.21 10:05:50.089,1.03255,1.03297,2.10,4.29
2011.06.21 10:05:51.016,1.03259,1.03295,2.10,2.25
2011.06.21 10:05:52.919,1.03253,1.03295,2.10,3.23
2011.06.21 10:05:53.358,1.03254,1.0329,2.10,2.25
2011.06.21 10:05:53.578,1.03254,1.03292,1.35,2.48
2011.06.21 10:05:55.740,1.03254,1.03296,2.10,5.79
2011.06.21 10:05:56.070,1.03262,1.03297,2.10,3.17
2011.06.21 10:05:57.898,1.03259,1.03297,2.10,3.54
2011.06.21 10:05:59.048,1.03258,1.03296,2.10,1.44
2011.06.21 10:06:00.468,1.03258,1.03297,2.10,1.44
2011.06.21 10:06:01.379,1.03258,1.03297,2.10,1.44
2011.06.21 10:06:01.930,1.03258,1.03297,2.10,1.44
2011.06.21 10:06:02.833,1.03263,1.03297,2.48,1.44
2011.06.21 10:06:03.159,1.03264,1.03304,2.10,2.10
2011.06.21 10:06:03.271,1.03267,1.03306,2.48,3.75
2011.06.21 10:06:03.928,1.03264,1.03305,3.23,2.85
2011.06.21 10:06:04.040,1.03264,1.03302,2.10,2.25
2011.06.21 10:06:04.369,1.03264,1.03296,2.10,2.25
2011.06.21 10:06:04.479,1.03264,1.033,2.10,2.25
2011.06.21 10:06:04.589,1.03264,1.03297,2.10,1.44
2011.06.21 10:06:04.920,1.03264,1.03301,2.85,2.25
2011.06.21 10:06:05.358,1.03269,1.03301,2.10,2.25
2011.06.21 10:06:05.579,1.03269,1.03306,2.10,3.75
2011.06.21 10:06:06.499,1.03269,1.03306,2.10,3.69
2011.06.21 10:06:07.442,1.03269,1.03306,2.10,3.75
2011.06.21 10:06:09.030,1.03265,1.03304,2.10,3.00
2011.06.21 10:06:09.359,1.03265,1.03301,2.10,2.25
2011.06.21 10:06:09.688,1.03265,1.03297,2.10,1.44
2011.06.21 10:06:10.348,1.03265,1.03297,2.10,1.44
2011.06.21 10:06:10.680,1.03269,1.03297,2.10,1.44
2011.06.21 10:06:10.901,1.03269,1.03307,2.10,4.44
2011.06.21 10:06:11.010,1.03265,1.03302,2.48,2.25
2011.06.21 10:06:11.533,1.03265,1.03305,2.48,1.50
2011.06.21 10:06:11.653,1.0326,1.03299,2.48,2.25
2011.06.21 10:06:11.990,1.03261,1.03299,2.48,2.85
2011.06.21 10:06:12.319,1.03265,1.03299,2.10,2.25
2011.06.21 10:06:13.509,1.03265,1.03299,2.10,3.00
2011.06.21 10:06:14.059,1.03265,1.03297,2.10,2.25
2011.06.21 10:06:14.610,1.03265,1.03296,2.10,1.44
2011.06.21 10:06:15.431,1.03265,1.03297,2.10,1.44
2011.06.21 10:06:15.946,1.03265,1.03296,2.10,1.44
2011.06.21 10:06:18.709,1.03265,1.03297,2.10,1.44
2011.06.21 10:06:19.259,1.03265,1.03296,2.10,1.44
2011.06.21 10:06:19.839,1.03265,1.03297,2.10,1.44
2011.06.21 10:06:20.391,1.03265,1.03297,2.10,1.44
2011.06.21 10:06:21.064,1.03265,1.03297,2.10,1.44
2011.06.21 10:06:22.138,1.03265,1.03297,2.10,1.44
2011.06.21 10:06:23.846,1.03265,1.03297,2.10,1.44
2011.06.21 10:06:26.656,1.03265,1.03297,2.10,1.44
2011.06.21 10:06:27.248,1.03265,1.03296,2.10,1.44
2011.06.21 10:06:32.701,1.03261,1.03297,2.48,1.44
2011.06.21 10:06:33.138,1.03261,1.03302,2.48,1.50
2011.06.21 10:06:34.378,1.03264,1.03301,2.10,1.50
2011.06.21 10:06:35.541,1.03264,1.03302,1.35,1.50
2011.06.21 10:06:35.918,1.03264,1.03305,1.35,3.54
2011.06.21 10:06:36.639,1.03264,1.03303,2.10,1.13
2011.06.21 10:06:37.079,1.03262,1.033,1.35,1.50
2011.06.21 10:06:37.957,1.03262,1.03297,1.35,1.44
2011.06.21 10:06:38.529,1.03262,1.03297,1.35,1.44
2011.06.21 10:06:40.988,1.03261,1.03297,2.10,1.44
2011.06.21 10:06:44.662,1.03261,1.03297,2.10,1.44
2011.06.21 10:06:44.880,1.03258,1.033,2.48,1.35
2011.06.21 10:06:45.320,1.03258,1.03297,2.10,1.44
2011.06.21 10:06:45.929,1.03258,1.03297,2.10,1.44
2011.06.21 10:06:46.259,1.03266,1.03296,2.10,1.44
2011.06.21 10:06:46.369,1.03266,1.03303,2.10,5.70
2011.06.21 10:06:47.330,1.03266,1.03297,2.10,1.44
2011.06.21 10:06:47.968,1.03266,1.03297,2.10,1.44
2011.06.21 10:06:48.963,1.03266,1.03297,2.10,1.44
2011.06.21 10:06:49.736,1.03267,1.03297,1.35,1.44
2011.06.21 10:06:50.242,1.03266,1.03297,2.10,1.44
2011.06.21 10:06:50.790,1.03271,1.03306,2.48,2.19
2011.06.21 10:06:51.939,1.03266,1.03306,2.10,2.79
2011.06.21 10:06:52.159,1.0327,1.03306,2.10,3.00
2011.06.21 10:06:53.152,1.0327,1.03306,2.10,2.94
2011.06.21 10:06:53.479,1.0327,1.03302,2.10,2.85
2011.06.21 10:06:53.933,1.03264,1.03302,3.60,2.85
2011.06.21 10:06:54.041,1.0326,1.03297,2.10,1.44
2011.06.21 10:06:54.689,1.0326,1.03297,2.10,1.44
2011.06.21 10:06:55.239,1.0326,1.03297,2.48,1.44
2011.06.21 10:06:55.680,1.03266,1.03297,2.10,1.44
2011.06.21 10:06:55.899,1.03266,1.03306,2.48,2.19
2011.06.21 10:06:58.420,1.03266,1.03306,2.48,2.94
2011.06.21 10:06:59.432,1.03272,1.03307,2.10,2.94
2011.06.21 10:06:59.539,1.03272,1.03306,2.10,2.19
2011.06.21 10:06:59.869,1.03268,1.03306,2.10,1.50
2011.06.21 10:07:00.418,1.03268,1.03307,2.10,2.19
2011.06.21 10:07:01.010,1.03268,1.03306,2.10,2.25
2011.06.21 10:07:01.559,1.03268,1.03306,2.48,2.25
2011.06.21 10:07:02.108,1.03271,1.03307,2.10,2.94
2011.06.21 10:07:02.219,1.03271,1.03307,2.10,2.19
2011.06.21 10:07:02.769,1.03271,1.03306,2.48,1.50
2011.06.21 10:07:03.439,1.03267,1.03306,2.48,1.50
2011.06.21 10:07:04.331,1.03267,1.03306,2.48,2.25
2011.06.21 10:07:04.442,1.03267,1.03306,3.23,2.19
2011.06.21 10:07:05.008,1.03267,1.03307,3.23,2.19
2011.06.21 10:07:05.450,1.03271,1.03306,2.10,1.50
2011.06.21 10:07:05.669,1.03268,1.03306,2.70,1.29
2011.06.21 10:07:06.111,1.03265,1.03306,2.10,4.29
2011.06.21 10:07:06.618,1.03265,1.03297,2.10,1.44
2011.06.21 10:07:08.088,1.03265,1.03297,2.10,1.44
2011.06.21 10:07:08.420,1.03261,1.03297,2.10,1.44
2011.06.21 10:07:09.020,1.03261,1.03297,2.10,1.44
2011.06.21 10:07:11.241,1.03261,1.03297,2.10,1.44
2011.06.21 10:07:11.750,1.03268,1.03297,2.10,1.44
2011.06.21 10:07:11.859,1.03268,1.03306,2.10,1.44
2011.06.21 10:07:14.078,1.03268,1.03306,2.10,1.50
2011.06.21 10:07:14.832,1.03268,1.03303,2.10,1.35
2011.06.21 10:07:15.160,1.03268,1.03296,2.10,1.44
2011.06.21 10:07:15.603,1.03262,1.03297,2.10,2.04
2011.06.21 10:07:16.149,1.03262,1.03297,2.10,2.79
2011.06.21 10:07:16.479,1.03262,1.03287,2.10,1.44
2011.06.21 10:07:16.699,1.03258,1.03287,2.10,1.44
2011.06.21 10:07:17.648,1.03258,1.03287,2.10,1.44
2011.06.21 10:07:18.547,1.03265,1.03287,2.10,1.44
2011.06.21 10:07:18.769,1.03265,1.03296,2.10,2.94
2011.06.21 10:07:19.429,1.03265,1.03297,2.10,2.19
2011.06.21 10:07:19.958,1.03265,1.03297,2.10,2.19
2011.06.21 10:07:22.159,1.03263,1.03297,2.10,2.19
2011.06.21 10:07:22.490,1.03259,1.03297,2.10,1.44
2011.06.21 10:07:22.711,1.03259,1.03296,2.10,1.13
2011.06.21 10:07:22.821,1.03254,1.03296,1.35,3.23
2011.06.21 10:07:22.929,1.03257,1.03296,2.10,3.00
2011.06.21 10:07:24.118,1.03257,1.03297,2.10,2.04
2011.06.21 10:07:24.560,1.03263,1.03297,2.10,1.44
2011.06.21 10:07:25.390,1.03263,1.03297,2.10,1.44
2011.06.21 10:07:25.722,1.03267,1.03302,2.10,1.44
2011.06.21 10:07:25.832,1.03267,1.03306,2.10,2.25
2011.06.21 10:07:27.269,1.03267,1.03303,2.10,2.63
2011.06.21 10:07:27.489,1.03263,1.03297,2.10,1.44
2011.06.21 10:07:28.479,1.03258,1.03296,4.20,1.44
2011.06.21 10:07:29.399,1.03258,1.03297,2.10,1.44
2011.06.21 10:07:29.980,1.03258,1.03296,2.10,1.44
2011.06.21 10:07:32.368,1.03258,1.03297,2.10,1.44
2011.06.21 10:07:34.559,1.03258,1.03297,2.10,1.44
2011.06.21 10:07:36.458,1.03258,1.03297,2.10,1.44
2011.06.21 10:07:37.009,1.03264,1.03301,1.35,1.35
2011.06.21 10:07:37.230,1.03267,1.03302,2.10,1.50
2011.06.21 10:07:37.450,1.03264,1.03299,2.10,1.35
2011.06.21 10:07:37.970,1.03264,1.03303,2.10,1.73
2011.06.21 10:07:39.399,1.03264,1.03299,2.10,1.35
2011.06.21 10:07:41.928,1.03264,1.03299,1.35,1.35
2011.06.21 10:07:42.040,1.03264,1.03299,1.35,3.23
2011.06.21 10:07:42.591,1.03265,1.03302,2.10,2.10
2011.06.21 10:07:42.701,1.03261,1.03302,1.35,2.70
2011.06.21 10:07:42.922,1.03266,1.03305,2.10,1.73
2011.06.21 10:07:43.469,1.03266,1.03305,2.10,2.42
2011.06.21 10:07:44.212,1.03266,1.03305,2.10,2.04
2011.06.21 10:07:44.649,1.03267,1.03307,2.10,2.94
2011.06.21 10:07:45.199,1.03267,1.03307,2.48,2.19
2011.06.21 10:07:45.750,1.03273,1.03307,2.10,1.44
2011.06.21 10:07:46.299,1.03267,1.03307,2.10,2.19
2011.06.21 10:07:47.719,1.03267,1.03307,2.10,2.19
2011.06.21 10:07:48.387,1.03267,1.03307,2.10,2.19
2011.06.21 10:07:48.611,1.03272,1.03307,2.10,2.19
2011.06.21 10:07:49.051,1.03277,1.03316,2.10,2.19
2011.06.21 10:07:49.159,1.03277,1.03316,2.10,1.44
2011.06.21 10:07:49.805,1.03277,1.03317,2.10,1.44
2011.06.21 10:07:49.919,1.03274,1.03316,1.35,1.50
2011.06.21 10:07:51.459,1.03274,1.03316,1.35,3.00
2011.06.21 10:07:51.955,1.03273,1.03309,2.10,1.13
2011.06.21 10:07:52.074,1.03266,1.03307,2.85,1.44
2011.06.21 10:07:52.448,1.03271,1.03307,2.10,1.44
2011.06.21 10:07:53.929,1.03277,1.03307,2.10,1.44
2011.06.21 10:07:54.369,1.03277,1.03311,2.10,1.13
2011.06.21 10:07:55.139,1.03277,1.03312,2.10,1.50
2011.06.21 10:07:56.674,1.03274,1.03308,1.35,1.13
2011.06.21 10:07:56.899,1.03273,1.03306,2.10,1.44
2011.06.21 10:07:57.449,1.03273,1.03307,2.10,1.44
2011.06.21 10:07:57.780,1.03269,1.03306,2.10,1.07
2011.06.21 10:08:00.512,1.03261,1.03297,1.35,1.44
2011.06.21 10:08:00.950,1.03262,1.03305,2.10,1.82
2011.06.21 10:08:02.031,1.03264,1.03305,1.35,2.57
2011.06.21 10:08:02.970,1.03264,1.03305,1.35,2.57
2011.06.21 10:08:03.079,1.03264,1.03305,1.35,2.57
2011.06.21 10:08:03.190,1.03264,1.03305,1.35,2.19
2011.06.21 10:08:03.632,1.03262,1.03303,2.10,1.88
2011.06.21 10:08:03.960,1.03262,1.03306,2.10,1.07
2011.06.21 10:08:04.618,1.03262,1.03306,2.10,3.32
2011.06.21 10:08:04.951,1.03262,1.03303,2.10,1.13
2011.06.21 10:08:05.170,1.03261,1.03297,1.35,2.04
2011.06.21 10:08:05.601,1.03261,1.03297,1.35,1.44
2011.06.21 10:08:06.200,1.03259,1.03296,2.48,1.44
2011.06.21 10:08:06.419,1.03259,1.03302,2.48,2.10
2011.06.21 10:08:06.532,1.03259,1.03302,2.10,3.23
2011.06.21 10:08:06.751,1.03257,1.033,2.10,1.73
2011.06.21 10:08:06.858,1.03257,1.03296,2.10,1.44
2011.06.21 10:08:07.660,1.03257,1.03297,2.10,1.44
2011.06.21 10:08:08.208,1.03257,1.03296,2.85,1.44
2011.06.21 10:08:08.989,1.03257,1.03297,2.85,1.44
2011.06.21 10:08:10.384,1.03261,1.03296,2.10,1.44
2011.06.21 10:08:10.610,1.03264,1.03301,1.35,4.44
2011.06.21 10:08:11.799,1.03265,1.03301,2.10,1.44
2011.06.21 10:08:12.240,1.03272,1.03302,2.10,3.69
2011.06.21 10:08:12.460,1.03268,1.03302,4.20,1.44
2011.06.21 10:08:12.679,1.03268,1.03307,2.10,1.44
2011.06.21 10:08:12.899,1.03272,1.03307,2.10,1.44
2011.06.21 10:08:13.119,1.03272,1.03315,2.10,1.67
2011.06.21 10:08:13.229,1.03269,1.03311,2.10,1.73
2011.06.21 10:08:13.559,1.03269,1.0331,2.10,1.13
2011.06.21 10:08:14.118,1.03269,1.03307,2.10,1.44
2011.06.21 10:08:14.661,1.03269,1.03307,2.10,1.44
2011.06.21 10:08:16.585,1.03269,1.03307,2.10,1.44
2011.06.21 10:08:17.360,1.03269,1.03307,2.10,1.44
2011.06.21 10:08:17.890,1.03269,1.03307,2.10,1.44
2011.06.21 10:08:18.449,1.03269,1.03306,2.10,1.44
2011.06.21 10:08:19.229,1.03269,1.03307,2.10,1.44
2011.06.21 10:08:19.839,1.03269,1.03306,2.10,1.44
2011.06.21 10:08:20.428,1.03269,1.03307,2.10,1.44
2011.06.21 10:08:21.314,1.03269,1.03307,2.10,1.44
2011.06.21 10:08:24.450,1.03269,1.03306,2.10,1.07
2011.06.21 10:08:25.001,1.03269,1.03307,2.10,1.44
2011.06.21 10:08:25.548,1.03269,1.03307,2.10,1.44
2011.06.21 10:08:26.182,1.03269,1.03306,2.10,1.44
2011.06.21 10:08:28.859,1.03269,1.03307,2.10,1.44
2011.06.21 10:08:29.589,1.03269,1.03307,2.10,1.44
2011.06.21 10:08:30.159,1.03269,1.03307,2.10,1.44
2011.06.21 10:08:30.738,1.03269,1.03307,2.10,1.44
2011.06.21 10:08:31.291,1.03269,1.03307,2.10,1.44
2011.06.21 10:08:31.839,1.03273,1.03313,2.10,1.13
2011.06.21 10:08:32.058,1.03274,1.03313,1.35,1.13
2011.06.21 10:08:32.438,1.03274,1.03309,1.50,1.35
2011.06.21 10:08:32.769,1.03267,1.03307,2.10,4.07
2011.06.21 10:09:03.150,1.03267,1.03307,2.10,2.94
2011.06.21 10:09:03.698,1.03267,1.03307,2.10,2.94
2011.06.21 10:09:04.327,1.03267,1.03307,2.10,2.94
2011.06.21 10:09:04.938,1.03267,1.03307,2.85,2.94
2011.06.21 10:09:05.543,1.03267,1.03306,2.85,2.25
2011.06.21 10:09:06.428,1.03267,1.03307,2.85,1.44
2011.06.21 10:09:07.760,1.03267,1.03306,2.85,1.44
2011.06.21 10:09:09.114,1.03267,1.03307,2.85,1.44
2011.06.21 10:09:09.718,1.03267,1.03306,2.85,1.44
2011.06.21 10:09:11.539,1.03267,1.03307,2.85,1.44
2011.06.21 10:09:12.078,1.03267,1.03307,2.85,1.44
2011.06.21 10:09:12.749,1.03267,1.03307,2.85,1.44
2011.06.21 10:09:13.299,1.03267,1.03306,2.85,1.44
2011.06.21 10:09:13.739,1.0327,1.03307,2.10,1.44
2011.06.21 10:09:14.298,1.0327,1.03307,2.10,1.44
2011.06.21 10:09:15.111,1.0327,1.03306,2.10,1.44
2011.06.21 10:09:16.238,1.03271,1.03307,1.35,1.44
2011.06.21 10:09:16.893,1.0327,1.03307,2.10,1.44
2011.06.21 10:09:19.360,1.0327,1.03307,2.10,1.44
2011.06.21 10:09:20.158,1.0327,1.03307,2.10,1.44
2011.06.21 10:09:21.340,1.03271,1.03307,1.35,1.44
2011.06.21 10:09:22.168,1.03268,1.03307,2.10,1.44
2011.06.21 10:09:23.229,1.03268,1.03307,2.10,1.44
2011.06.21 10:09:23.888,1.03268,1.03307,2.10,1.44
2011.06.21 10:09:24.429,1.03268,1.03307,2.10,1.44
2011.06.21 10:09:25.036,1.03268,1.03307,2.10,1.44
2011.06.21 10:09:26.242,1.03268,1.03307,2.10,1.44
2011.06.21 10:09:26.460,1.03273,1.03307,2.10,1.44
2011.06.21 10:09:26.899,1.03274,1.03315,1.35,1.13
2011.06.21 10:09:28.351,1.03279,1.03317,2.10,2.19
2011.06.21 10:09:28.789,1.03284,1.03324,2.10,2.10
2011.06.21 10:09:29.811,1.03283,1.03319,2.10,1.35
2011.06.21 10:09:30.030,1.03278,1.03316,2.70,1.44
2011.06.21 10:09:30.893,1.03277,1.03317,2.85,1.44
2011.06.21 10:09:31.004,1.03273,1.03316,1.35,3.23
2011.06.21 10:09:31.340,1.03278,1.03317,2.10,1.44
2011.06.21 10:09:32.634,1.03278,1.03317,2.10,1.44
2011.06.21 10:09:33.010,1.03278,1.03316,2.10,1.07
2011.06.21 10:09:34.321,1.03282,1.03316,2.10,3.32
2011.06.21 10:09:34.650,1.03282,1.03317,2.10,1.44
2011.06.21 10:09:34.870,1.03286,1.03318,2.10,1.44
2011.06.21 10:09:34.979,1.03286,1.03323,2.10,1.13
2011.06.21 10:09:35.418,1.03286,1.03323,2.10,1.13
2011.06.21 10:09:36.392,1.03286,1.03324,2.10,1.13
2011.06.21 10:09:36.830,1.03286,1.03324,2.10,1.13
2011.06.21 10:09:38.101,1.03283,1.03323,2.10,1.35
2011.06.21 10:09:38.209,1.03283,1.03323,2.10,1.73
2011.06.21 10:09:38.539,1.03286,1.03317,2.10,1.44
2011.06.21 10:09:38.761,1.03286,1.03326,2.10,2.25
2011.06.21 10:09:39.089,1.0328,1.03321,2.10,1.88
2011.06.21 10:09:39.311,1.0328,1.03317,2.10,1.44
2011.06.21 10:09:39.640,1.03286,1.03317,2.10,1.44
2011.06.21 10:09:40.263,1.03286,1.03316,2.10,1.50
2011.06.21 10:09:40.385,1.03278,1.03319,2.10,1.44
2011.06.21 10:09:40.718,1.03278,1.03317,2.10,2.19
2011.06.21 10:09:41.709,1.03278,1.03316,2.10,1.44
2011.06.21 10:09:41.819,1.03284,1.03316,2.10,1.44
2011.06.21 10:09:42.369,1.03284,1.03318,1.35,1.50
2011.06.21 10:09:42.480,1.03284,1.0332,1.35,1.13
2011.06.21 10:09:42.589,1.03279,1.03317,2.10,1.44
2011.06.21 10:09:43.418,1.03279,1.03317,2.10,1.44
2011.06.21 10:09:44.138,1.03286,1.03317,2.10,1.44
2011.06.21 10:09:44.578,1.03283,1.03322,1.35,1.29
2011.06.21 10:09:44.799,1.03284,1.03323,1.35,1.35
2011.06.21 10:09:44.908,1.03283,1.03323,1.50,1.35
2011.06.21 10:09:45.240,1.0328,1.03316,2.10,1.44
2011.06.21 10:09:45.790,1.03277,1.03317,2.85,1.44
2011.06.21 10:09:46.409,1.03277,1.03316,2.10,1.44
2011.06.21 10:09:48.290,1.03277,1.03316,2.10,1.07
2011.06.21 10:09:48.620,1.03277,1.03314,2.10,1.50
2011.06.21 10:09:48.730,1.03274,1.03309,2.10,1.07
2011.06.21 10:09:49.289,1.03274,1.03307,2.10,1.44
2011.06.21 10:09:50.050,1.03274,1.03307,2.10,1.44
2011.06.21 10:09:50.601,1.03269,1.03311,2.48,1.50
2011.06.21 10:09:51.040,1.03273,1.03312,2.10,1.50
2011.06.21 10:09:51.881,1.03273,1.03311,2.10,1.50
2011.06.21 10:09:52.351,1.03268,1.03312,2.10,4.73
2011.06.21 10:09:52.569,1.03268,1.03311,2.10,1.07
2011.06.21 10:09:53.121,1.03268,1.03307,2.10,1.44
2011.06.21 10:09:53.561,1.03277,1.03307,2.10,1.44
2011.06.21 10:09:53.999,1.03277,1.03316,2.10,1.07
2011.06.21 10:09:54.219,1.03274,1.03317,2.10,3.92
2011.06.21 10:09:56.690,1.03277,1.03316,2.10,2.94
2011.06.21 10:09:57.473,1.03277,1.03317,2.10,1.44
2011.06.21 10:09:58.019,1.03277,1.03316,2.85,2.63
2011.06.21 10:10:00.009,1.03276,1.03316,1.35,3.92
2011.06.21 10:10:00.229,1.03274,1.03315,2.10,1.35
2011.06.21 10:10:01.750,1.03273,1.03315,2.10,1.35
2011.06.21 10:10:02.079,1.03268,1.03306,2.10,1.44
2011.06.21 10:10:02.300,1.03268,1.03313,2.48,2.70
2011.06.21 10:10:03.552,1.03271,1.03316,2.48,1.44
2011.06.21 10:10:03.880,1.03275,1.03319,2.10,1.50
2011.06.21 10:10:04.210,1.03275,1.03319,2.10,1.50
2011.06.21 10:10:04.319,1.03275,1.03319,2.10,1.50
2011.06.21 10:10:05.299,1.03275,1.03318,2.10,1.50
2011.06.21 10:10:09.029,1.03275,1.03315,2.10,1.13
2011.06.21 10:10:11.168,1.03274,1.03314,1.35,1.50
2011.06.21 10:10:17.958,1.03275,1.03316,2.10,3.69
2011.06.21 10:10:18.070,1.03275,1.03317,2.10,1.44
2011.06.21 10:10:18.598,1.03275,1.03316,2.10,1.44
2011.06.21 10:10:19.469,1.03275,1.03317,2.10,1.44
2011.06.21 10:10:20.208,1.03276,1.03317,1.35,1.44
2011.06.21 10:10:20.769,1.03276,1.03317,1.35,1.44
2011.06.21 10:10:21.429,1.03276,1.03317,1.35,1.44
2011.06.21 10:10:22.418,1.03276,1.03317,1.35,1.44
2011.06.21 10:10:22.968,1.03276,1.03317,1.35,1.44
2011.06.21 10:10:24.508,1.03276,1.03317,1.35,1.44
2011.06.21 10:10:25.624,1.03276,1.03317,1.35,1.44
2011.06.21 10:10:26.390,1.03276,1.03317,1.35,1.44
2011.06.21 10:10:26.500,1.03282,1.03317,2.10,1.44
2011.06.21 10:10:26.830,1.03285,1.03323,2.48,1.50
2011.06.21 10:10:26.939,1.03285,1.03327,2.48,1.44
2011.06.21 10:10:28.574,1.03286,1.03327,1.35,1.44
2011.06.21 10:10:29.160,1.03285,1.03327,2.48,1.44
2011.06.21 10:10:32.005,1.03285,1.03327,2.48,1.44
2011.06.21 10:10:32.549,1.03286,1.03327,1.35,1.44
2011.06.21 10:10:33.880,1.03286,1.03327,1.35,1.44
2011.06.21 10:10:34.387,1.03286,1.03327,1.35,1.82
2011.06.21 10:10:34.500,1.03284,1.03326,1.35,2.42
2011.06.21 10:10:36.069,1.03284,1.03324,1.35,1.50
2011.06.21 10:10:36.400,1.03284,1.03318,2.10,1.13
2011.06.21 10:10:37.409,1.03277,1.03316,2.10,3.32
2011.06.21 10:10:41.982,1.03277,1.03317,2.85,3.32
2011.06.21 10:10:42.529,1.03277,1.03316,2.85,3.38
2011.06.21 10:10:46.051,1.03274,1.03313,1.35,1.50
2011.06.21 10:10:46.819,1.03271,1.03306,2.10,1.44
2011.06.21 10:10:47.589,1.03271,1.03307,2.10,1.44
2011.06.21 10:10:48.138,1.03271,1.03307,2.10,1.44
2011.06.21 10:10:48.990,1.03272,1.03307,1.35,1.44
2011.06.21 10:10:51.509,1.03273,1.03317,3.60,3.92
2011.06.21 10:10:51.619,1.03278,1.03317,2.10,3.32
2011.06.21 10:10:52.168,1.03278,1.03316,2.10,2.94
2011.06.21 10:10:53.271,1.03282,1.03316,2.85,2.94
2011.06.21 10:10:53.914,1.03284,1.03322,1.35,2.19
2011.06.21 10:10:55.019,1.03283,1.03322,2.48,2.19
2011.06.21 10:10:55.129,1.03288,1.03322,2.10,2.19
2011.06.21 10:10:55.239,1.03288,1.03327,2.10,1.44
2011.06.21 10:10:55.568,1.03288,1.03327,2.10,2.19
2011.06.21 10:10:55.789,1.03288,1.03326,2.10,1.44
2011.06.21 10:10:56.009,1.03288,1.03327,2.10,2.19
2011.06.21 10:10:56.249,1.03288,1.03326,2.10,1.44
2011.06.21 10:10:57.748,1.03288,1.03327,2.10,1.44
2011.06.21 10:10:59.088,1.03287,1.03327,1.35,2.04
2011.06.21 10:10:59.195,1.03289,1.03317,2.10,1.44
2011.06.21 10:10:59.421,1.03285,1.03326,2.10,1.13
2011.06.21 10:10:59.640,1.03289,1.03326,2.10,2.63
2011.06.21 10:11:00.989,1.03289,1.03326,2.10,1.82
2011.06.21 10:11:01.101,1.03284,1.03326,2.10,1.82
2011.06.21 10:11:01.324,1.0329,1.03326,2.10,2.25
2011.06.21 10:11:01.441,1.0329,1.03331,2.10,2.63
2011.06.21 10:11:03.140,1.0329,1.0333,2.10,1.88
2011.06.21 10:11:03.250,1.03285,1.03328,2.10,1.35
2011.06.21 10:11:04.111,1.03284,1.03328,2.10,1.35
2011.06.21 10:11:04.698,1.03287,1.03328,2.10,1.35
2011.06.21 10:11:05.029,1.03283,1.03328,3.98,1.35
2011.06.21 10:11:07.346,1.03287,1.03328,2.85,1.35
2011.06.21 10:11:09.659,1.03287,1.03326,2.85,1.50
2011.06.21 10:11:09.989,1.03287,1.03327,2.10,4.29
2011.06.21 10:11:10.538,1.03281,1.03324,2.85,1.73
2011.06.21 10:11:13.379,1.03282,1.03326,1.35,6.92
2011.06.21 10:11:13.599,1.03281,1.03326,1.35,6.32
2011.06.21 10:11:16.078,1.03276,1.03324,3.23,1.13
2011.06.21 10:11:16.639,1.03281,1.03324,1.35,1.13
2011.06.21 10:11:16.969,1.03281,1.03324,1.35,1.13
2011.06.21 10:11:17.299,1.03281,1.03324,2.10,1.13
2011.06.21 10:11:17.408,1.03282,1.03324,1.35,1.13
2011.06.21 10:11:17.658,1.03281,1.03324,2.10,1.13
2011.06.21 10:11:17.769,1.03277,1.03324,1.73,1.13
2011.06.21 10:11:22.469,1.03282,1.03325,1.35,1.44
2011.06.21 10:11:23.018,1.03284,1.03325,2.10,2.19
2011.06.21 10:11:23.449,1.03283,1.03326,2.85,1.44
2011.06.21 10:11:23.889,1.03288,1.03326,2.48,3.69
2011.06.21 10:11:24.338,1.03294,1.03326,1.50,2.94
2011.06.21 10:11:25.390,1.03294,1.03326,3.60,1.44
2011.06.21 10:11:27.760,1.03294,1.03327,2.48,1.44
2011.06.21 10:11:28.530,1.03294,1.03326,3.98,1.44
2011.06.21 10:11:29.269,1.03297,1.03327,1.35,1.44
2011.06.21 10:11:30.148,1.03297,1.03327,1.35,1.44
2011.06.21 10:11:31.544,1.03297,1.03327,1.35,1.44
2011.06.21 10:11:31.993,1.03301,1.03327,2.10,1.44
2011.06.21 10:11:32.323,1.03296,1.03327,2.10,1.44
2011.06.21 10:11:32.546,1.03293,1.03322,1.35,2.10
2011.06.21 10:11:32.990,1.03287,1.03326,2.10,3.00
2011.06.21 10:11:35.663,1.03287,1.03327,2.10,4.07
2011.06.21 10:11:36.453,1.03287,1.03317,2.10,1.44
2011.06.21 10:11:36.999,1.03287,1.03316,2.10,1.44
2011.06.21 10:11:37.810,1.03287,1.03317,2.10,1.44
2011.06.21 10:11:38.142,1.03294,1.03323,2.10,2.10
2011.06.21 10:11:38.361,1.03294,1.03326,2.10,1.50
2011.06.21 10:11:39.159,1.03294,1.03327,2.10,1.44
2011.06.21 10:11:39.718,1.03294,1.03326,2.10,1.44
2011.06.21 10:11:40.531,1.03294,1.03327,2.10,1.44
2011.06.21 10:11:41.176,1.03294,1.03326,2.10,1.44
2011.06.21 10:11:43.541,1.03294,1.03326,2.10,1.50
2011.06.21 10:11:43.779,1.03294,1.03327,2.10,1.44
2011.06.21 10:11:44.969,1.03294,1.03327,2.10,1.44
2011.06.21 10:11:47.234,1.03294,1.03327,2.10,2.19
2011.06.21 10:11:47.350,1.03294,1.03327,2.10,1.44
2011.06.21 10:11:48.049,1.03289,1.03329,2.10,1.73
2011.06.21 10:11:49.480,1.03291,1.03327,2.10,1.44
2011.06.21 10:11:50.198,1.03291,1.03327,2.10,1.44
2011.06.21 10:11:50.846,1.03291,1.03327,2.10,1.44
2011.06.21 10:11:53.690,1.03292,1.03327,1.35,1.44
2011.06.21 10:11:54.239,1.03292,1.03326,1.35,1.44
2011.06.21 10:11:56.080,1.03296,1.03327,1.35,1.44
2011.06.21 10:11:56.660,1.03291,1.03327,2.10,1.44
2011.06.21 10:11:56.990,1.03299,1.03327,2.10,1.44
2011.06.21 10:11:57.431,1.03299,1.03334,2.10,3.98
2011.06.21 10:11:57.870,1.03293,1.0333,1.35,1.35
2011.06.21 10:11:58.807,1.03288,1.03327,4.35,1.44
2011.06.21 10:11:59.411,1.03288,1.03326,2.10,1.44
2011.06.21 10:11:59.959,1.03288,1.03327,2.10,1.44
2011.06.21 10:12:00.071,1.03288,1.03327,2.10,1.82
2011.06.21 10:12:00.400,1.03288,1.03317,2.10,1.44
2011.06.21 10:12:00.510,1.03282,1.03317,1.35,1.44
2011.06.21 10:12:00.620,1.03285,1.03317,2.10,1.44
2011.06.21 10:12:01.170,1.03285,1.03317,2.10,1.44
2011.06.21 10:12:01.720,1.03285,1.03316,2.10,1.44
2011.06.21 10:12:02.900,1.03285,1.03317,2.10,1.44
2011.06.21 10:12:03.491,1.03285,1.03317,2.10,1.44
2011.06.21 10:12:04.090,1.03286,1.03317,2.10,1.44
2011.06.21 10:12:05.299,1.03286,1.03317,2.10,1.82
2011.06.21 10:12:05.869,1.03286,1.03317,2.10,1.82
2011.06.21 10:12:07.529,1.03286,1.03317,2.10,1.82
2011.06.21 10:12:08.332,1.03286,1.03317,2.10,1.82
2011.06.21 10:12:10.188,1.03286,1.03317,2.10,1.82
2011.06.21 10:12:10.753,1.03286,1.03316,2.10,1.44
2011.06.21 10:12:12.149,1.03286,1.03325,2.10,1.35
2011.06.21 10:12:12.370,1.03283,1.03323,2.10,3.83
2011.06.21 10:12:12.589,1.03284,1.03323,1.35,3.23
2011.06.21 10:12:13.058,1.03283,1.03316,2.10,1.44
2011.06.21 10:12:14.329,1.03283,1.03323,3.60,2.85
2011.06.21 10:12:21.147,1.03288,1.03327,2.10,4.07
2011.06.21 10:12:27.219,1.03288,1.03326,2.10,2.94
2011.06.21 10:12:27.773,1.03288,1.03327,2.10,4.07
2011.06.21 10:12:27.889,1.03287,1.03326,1.35,1.29
2011.06.21 10:12:28.109,1.03284,1.03325,2.10,1.35
2011.06.21 10:12:28.439,1.03283,1.03322,2.10,3.98
2011.06.21 10:12:28.769,1.03282,1.03316,2.10,1.44
2011.06.21 10:12:31.239,1.03282,1.03317,2.10,1.44
2011.06.21 10:12:31.970,1.03282,1.03317,2.10,1.44
2011.06.21 10:12:33.289,1.03282,1.03317,2.10,1.44
2011.06.21 10:12:33.889,1.03282,1.03317,2.10,1.44
2011.06.21 10:12:35.051,1.03282,1.03317,2.10,1.44
2011.06.21 10:12:35.930,1.03282,1.03317,2.10,1.44
2011.06.21 10:12:36.630,1.03282,1.03317,2.10,1.44
2011.06.21 10:12:39.160,1.03282,1.03317,2.10,1.44
2011.06.21 10:12:43.660,1.03282,1.03317,2.10,1.82
2011.06.21 10:12:43.990,1.03286,1.03317,2.10,1.44
2011.06.21 10:12:44.612,1.03279,1.03317,2.10,1.44
2011.06.21 10:12:45.189,1.03279,1.03317,2.10,1.44
2011.06.21 10:12:46.435,1.03279,1.03317,2.10,1.44
2011.06.21 10:12:47.077,1.03279,1.03317,2.10,1.44
2011.06.21 10:12:47.798,1.03292,1.03317,2.10,1.44
2011.06.21 10:12:48.151,1.03287,1.03317,2.10,1.44
2011.06.21 10:12:49.049,1.03287,1.03316,2.10,1.44
2011.06.21 10:12:49.568,1.03287,1.03317,2.10,1.44
2011.06.21 10:12:50.558,1.03287,1.03317,2.10,1.44
2011.06.21 10:12:51.222,1.0328,1.03316,2.10,1.44
2011.06.21 10:12:51.982,1.0328,1.03311,2.10,1.07
2011.06.21 10:12:53.890,1.0328,1.03307,2.10,1.44
2011.06.21 10:12:54.229,1.03274,1.03307,2.10,1.44
2011.06.21 10:12:58.160,1.03274,1.03307,2.10,1.82
2011.06.21 10:12:58.709,1.03274,1.03296,2.10,1.44
2011.06.21 10:12:59.368,1.03274,1.03297,2.10,1.44
2011.06.21 10:13:00.235,1.03274,1.03296,2.10,1.44
2011.06.21 10:13:01.899,1.03274,1.03297,2.10,1.44
2011.06.21 10:13:02.466,1.03274,1.03297,2.10,1.44
2011.06.21 10:13:03.882,1.03274,1.03297,2.10,1.44
2011.06.21 10:13:03.990,1.03267,1.03297,2.10,1.44
2011.06.21 10:13:04.211,1.03271,1.03297,2.48,1.44
2011.06.21 10:13:04.430,1.03271,1.03307,2.48,1.44
2011.06.21 10:13:04.971,1.03273,1.03314,2.10,1.35
2011.06.21 10:13:05.991,1.03273,1.03314,2.10,1.35
2011.06.21 10:13:07.046,1.03277,1.03316,2.10,1.13
2011.06.21 10:13:09.410,1.03277,1.03314,2.10,1.13
2011.06.21 10:13:09.850,1.03277,1.03307,2.10,1.44
2011.06.21 10:13:09.961,1.03272,1.03307,2.10,1.82
2011.06.21 10:13:10.291,1.03272,1.03297,2.10,1.44
2011.06.21 10:13:12.009,1.03272,1.03307,2.10,1.82
2011.06.21 10:13:13.985,1.03272,1.03306,2.10,2.19
2011.06.21 10:13:16.957,1.03272,1.03307,2.10,1.82
2011.06.21 10:13:18.078,1.03272,1.03307,2.10,1.82
2011.06.21 10:13:18.609,1.03272,1.03307,2.10,1.82
2011.06.21 10:13:20.329,1.03272,1.03307,2.10,1.82
2011.06.21 10:13:20.908,1.03272,1.03307,2.10,1.82
2011.06.21 10:13:22.239,1.03272,1.03307,2.10,1.82
2011.06.21 10:13:22.749,1.03272,1.03307,2.10,1.82
2011.06.21 10:13:25.922,1.03266,1.03306,2.10,1.50
2011.06.21 10:13:33.151,1.03266,1.03307,2.10,1.82
2011.06.21 10:13:33.591,1.0327,1.03307,2.10,1.44
2011.06.21 10:13:33.810,1.03275,1.03312,2.10,2.10
2011.06.21 10:13:34.302,1.03275,1.03315,2.10,1.35
2011.06.21 10:13:34.671,1.03281,1.03316,2.10,4.44
2011.06.21 10:13:34.780,1.03281,1.03316,2.10,3.00
2011.06.21 10:13:35.111,1.03281,1.03319,2.10,1.50
2011.06.21 10:13:36.651,1.03275,1.03319,2.48,2.10
2011.06.21 10:13:36.887,1.0328,1.03319,2.10,1.50
2011.06.21 10:13:37.529,1.0328,1.03319,2.10,1.50
2011.06.21 10:13:40.150,1.0328,1.03319,2.10,1.50
2011.06.21 10:13:40.479,1.0328,1.03318,2.10,1.13
2011.06.21 10:13:40.811,1.0328,1.03316,2.10,1.82
2011.06.21 10:13:41.318,1.0328,1.03316,2.10,1.07
2011.06.21 10:13:41.651,1.0328,1.03322,2.10,6.77
2011.06.21 10:13:41.763,1.03277,1.03319,2.10,1.73
2011.06.21 10:13:42.092,1.03272,1.03312,2.10,1.88
2011.06.21 10:13:42.311,1.03275,1.03316,2.10,3.38
2011.06.21 10:13:42.852,1.03275,1.03317,2.10,3.32
2011.06.21 10:13:47.046,1.03275,1.03316,2.10,4.07
2011.06.21 10:13:50.769,1.03276,1.03317,1.35,3.32
2011.06.21 10:13:52.210,1.03275,1.03316,2.10,4.07
2011.06.21 10:13:54.751,1.03274,1.03313,1.35,2.10
2011.06.21 10:13:55.302,1.0327,1.03306,1.35,2.48
2011.06.21 10:13:55.410,1.03266,1.03307,1.35,2.48
2011.06.21 10:14:02.768,1.03264,1.03305,2.85,1.13
2011.06.21 10:14:07.999,1.03264,1.03303,2.10,2.48
2011.06.21 10:14:08.329,1.03264,1.03301,2.10,2.63
2011.06.21 10:14:08.879,1.03264,1.03297,2.10,1.44
2011.06.21 10:14:09.209,1.03268,1.03297,2.10,1.44
2011.06.21 10:14:09.880,1.03268,1.03297,2.10,1.44
2011.06.21 10:14:10.426,1.03268,1.03297,2.10,1.44
2011.06.21 10:14:11.003,1.03272,1.03297,2.10,1.44
2011.06.21 10:14:11.111,1.03272,1.03307,2.10,1.44
2011.06.21 10:14:11.754,1.03272,1.03307,2.10,1.44
2011.06.21 10:14:12.312,1.03272,1.03307,2.10,1.44
2011.06.21 10:14:12.639,1.03272,1.03314,2.85,1.13
2011.06.21 10:14:13.994,1.03272,1.03314,2.10,1.13
2011.06.21 10:14:14.960,1.03273,1.03315,1.35,1.13
2011.06.21 10:14:16.999,1.03272,1.03316,1.73,3.69
2011.06.21 10:14:18.980,1.03271,1.03316,2.85,1.07
2011.06.21 10:14:20.130,1.03272,1.03315,2.10,1.13
2011.06.21 10:14:20.869,1.03271,1.03315,1.35,1.13
2011.06.21 10:14:22.357,1.03271,1.03315,1.35,1.13
2011.06.21 10:14:22.690,1.03268,1.0331,2.10,1.73
2011.06.21 10:14:23.251,1.03268,1.03307,2.10,1.44
2011.06.21 10:14:23.769,1.03268,1.03307,2.85,1.44
2011.06.21 10:14:24.429,1.03273,1.03307,2.10,1.44
2011.06.21 10:14:25.009,1.03273,1.03306,2.10,1.44
2011.06.21 10:14:26.845,1.03269,1.03307,2.10,1.44
2011.06.21 10:14:29.599,1.03269,1.03307,2.10,1.44
2011.06.21 10:14:30.119,1.03269,1.03306,2.10,1.44
2011.06.21 10:14:30.561,1.03269,1.03296,2.10,1.44
2011.06.21 10:14:30.669,1.03266,1.03297,2.10,1.44
2011.06.21 10:14:31.430,1.0327,1.03297,2.10,1.44
2011.06.21 10:14:31.649,1.0327,1.03307,2.10,1.44
2011.06.21 10:14:32.239,1.0327,1.03307,2.10,1.44
2011.06.21 10:14:32.802,1.0327,1.03307,2.10,1.44
2011.06.21 10:14:33.020,1.03275,1.03307,2.10,1.44
2011.06.21 10:14:34.171,1.03275,1.03307,2.10,1.44
2011.06.21 10:14:34.503,1.03283,1.03307,2.10,1.44
2011.06.21 10:14:34.610,1.03283,1.03316,2.10,1.44
2011.06.21 10:14:34.830,1.03283,1.03316,2.10,1.44
2011.06.21 10:14:35.052,1.03283,1.03324,2.10,1.13
2011.06.21 10:14:35.162,1.03291,1.03323,2.10,2.48
2011.06.21 10:14:35.491,1.0328,1.03325,2.10,2.48
2011.06.21 10:14:35.616,1.0328,1.03322,2.10,2.25
2011.06.21 10:14:36.219,1.0328,1.03317,2.10,1.44
2011.06.21 10:14:36.941,1.03285,1.03316,2.10,1.44
2011.06.21 10:14:37.054,1.0328,1.0332,2.10,1.13
2011.06.21 10:14:37.489,1.03277,1.03316,2.70,1.73
2011.06.21 10:14:39.339,1.03278,1.03316,2.10,1.44
2011.06.21 10:14:39.670,1.03283,1.03317,2.10,1.44
2011.06.21 10:14:40.326,1.03283,1.03316,2.10,1.44
2011.06.21 10:14:40.421,1.03278,1.03316,2.70,1.44
2011.06.21 10:14:40.862,1.03283,1.03316,2.10,1.13
2011.06.21 10:14:41.811,1.03283,1.03322,2.10,2.85
2011.06.21 10:14:41.896,1.03287,1.03325,2.10,1.13
2011.06.21 10:14:42.120,1.03287,1.03327,2.10,3.69
2011.06.21 10:14:42.233,1.03283,1.03317,3.60,1.44
2011.06.21 10:14:43.073,1.03286,1.03324,2.10,1.13
2011.06.21 10:14:43.192,1.03279,1.03321,3.60,1.07
2011.06.21 10:14:43.540,1.03288,1.03316,2.10,1.44
2011.06.21 10:14:44.531,1.03283,1.03317,2.10,1.44
2011.06.21 10:14:45.040,1.03283,1.03321,2.10,3.23
2011.06.21 10:14:45.371,1.03276,1.03316,2.10,1.29
2011.06.21 10:14:46.013,1.03286,1.03317,2.10,1.44
2011.06.21 10:14:46.231,1.03279,1.03318,2.10,1.73
2011.06.21 10:14:46.450,1.03279,1.03315,2.10,1.35
2011.06.21 10:14:46.670,1.03276,1.03312,2.10,3.08
2011.06.21 10:14:46.890,1.03276,1.03306,2.10,1.44
2011.06.21 10:14:47.440,1.03276,1.03306,2.10,1.44
2011.06.21 10:14:47.771,1.03276,1.03316,2.10,1.82
2011.06.21 10:14:47.991,1.03271,1.03314,2.10,1.43
2011.06.21 10:14:48.210,1.03263,1.0331,2.10,1.43
2011.06.21 10:14:48.963,1.03262,1.03307,1.35,1.52
2011.06.21 10:14:49.619,1.03261,1.03296,1.35,1.44
2011.06.21 10:14:50.062,1.03261,1.03297,1.35,1.44
2011.06.21 10:14:51.260,1.0326,1.03297,2.10,1.44
2011.06.21 10:14:51.480,1.03262,1.03297,2.10,1.44
2011.06.21 10:14:52.033,1.03259,1.03297,2.18,1.44
2011.06.21 10:14:52.253,1.03265,1.03306,2.18,3.69
2011.06.21 10:14:52.359,1.03265,1.03306,2.10,3.77
2011.06.21 10:14:52.905,1.0326,1.03305,2.10,1.43
2011.06.21 10:14:53.023,1.0326,1.03297,2.10,1.44
2011.06.21 10:14:54.338,1.0326,1.03297,2.10,1.44
2011.06.21 10:14:54.954,1.0326,1.03297,2.10,1.44
2011.06.21 10:14:55.828,1.0326,1.03297,2.10,1.44
2011.06.21 10:14:56.571,1.0326,1.03296,2.10,1.44
2011.06.21 10:14:56.680,1.0326,1.03297,2.10,1.44
2011.06.21 10:14:57.610,1.03257,1.03297,2.85,1.44
2011.06.21 10:14:57.719,1.0326,1.03297,2.18,1.44
2011.06.21 10:14:58.161,1.03264,1.03301,1.35,1.50
2011.06.21 10:14:58.739,1.03264,1.03302,1.35,1.50
2011.06.21 10:14:59.260,1.03264,1.03301,1.35,2.25
2011.06.21 10:14:59.590,1.0326,1.03297,2.10,1.44
2011.06.21 10:14:59.920,1.03264,1.03302,1.35,4.28
2011.06.21 10:15:00.521,1.03264,1.03298,1.35,1.35
2011.06.21 10:15:01.076,1.0326,1.03296,2.10,1.44
2011.06.21 10:15:01.301,1.03256,1.03296,2.10,2.04
2011.06.21 10:15:03.820,1.03256,1.03294,2.10,1.29
2011.06.21 10:15:04.480,1.03251,1.03287,2.10,1.44
2011.06.21 10:15:04.701,1.03248,1.0328,4.35,2.10
2011.06.21 10:15:04.812,1.03249,1.0328,1.50,2.10
2011.06.21 10:15:04.921,1.0324,1.03281,1.35,2.10
2011.06.21 10:15:05.031,1.03243,1.03281,3.08,2.10
2011.06.21 10:15:05.250,1.03251,1.03291,2.10,2.18
2011.06.21 10:15:08.250,1.03254,1.03287,2.10,1.44
2011.06.21 10:15:08.359,1.03254,1.03293,2.10,2.10
2011.06.21 10:15:08.470,1.0325,1.03292,2.10,2.10
2011.06.21 10:15:08.689,1.03249,1.03295,2.18,1.50
2011.06.21 10:15:08.800,1.03254,1.03296,1.58,1.50
2011.06.21 10:15:09.130,1.03261,1.03297,2.10,2.04
2011.06.21 10:15:10.112,1.03262,1.03297,2.10,1.44
2011.06.21 10:15:10.331,1.03262,1.03302,2.10,2.10
2011.06.21 10:15:10.440,1.03262,1.03304,2.18,1.35
2011.06.21 10:15:10.661,1.03266,1.03307,2.10,4.29
2011.06.21 10:15:11.268,1.03266,1.03306,2.10,2.25
2011.06.21 10:15:11.599,1.03272,1.03306,2.10,2.94
2011.06.21 10:15:11.930,1.03274,1.03316,2.18,1.44
2011.06.21 10:15:12.259,1.03273,1.03314,2.18,1.35
2011.06.21 10:15:12.372,1.03274,1.03314,1.35,1.35
2011.06.21 10:15:12.921,1.03274,1.03316,1.35,3.83
2011.06.21 10:15:13.139,1.03274,1.03316,1.35,3.08
2011.06.21 10:15:14.030,1.03274,1.03316,1.35,1.52
2011.06.21 10:15:15.480,1.03268,1.0331,2.85,4.43
2011.06.21 10:15:15.700,1.03268,1.03306,2.10,2.10
2011.06.21 10:15:15.811,1.03265,1.03304,1.35,1.35
2011.06.21 10:15:16.339,1.03264,1.03297,1.43,1.44
2011.06.21 10:15:16.452,1.03264,1.03306,4.50,1.44
2011.06.21 10:15:16.670,1.03267,1.03312,2.70,2.18
2011.06.21 10:15:17.109,1.03265,1.03306,2.10,1.44
2011.06.21 10:15:17.650,1.03263,1.03305,3.83,2.10
2011.06.21 10:15:17.760,1.03263,1.03301,3.75,2.93
2011.06.21 10:15:18.090,1.03264,1.03296,2.18,1.50
2011.06.21 10:15:18.200,1.03264,1.03307,2.18,2.04
2011.06.21 10:15:18.750,1.03264,1.03307,2.10,3.62
2011.06.21 10:15:18.969,1.03269,1.03306,2.10,2.25
2011.06.21 10:15:19.079,1.03269,1.03311,2.10,1.43
2011.06.21 10:15:19.190,1.03272,1.03311,2.10,1.58
2011.06.21 10:15:19.410,1.03272,1.03316,2.18,4.29
2011.06.21 10:15:20.629,1.03274,1.03315,1.35,1.35
2011.06.21 10:15:22.289,1.03274,1.03315,2.10,1.35
2011.06.21 10:15:22.839,1.03272,1.03312,2.10,1.58
2011.06.21 10:15:23.390,1.03272,1.03311,2.10,1.50
2011.06.21 10:15:23.503,1.03272,1.03315,2.10,1.35
2011.06.21 10:15:23.613,1.03272,1.03317,2.10,3.62
2011.06.21 10:15:25.329,1.03272,1.03315,2.10,1.35
2011.06.21 10:15:25.932,1.03272,1.03316,2.10,3.54
2011.06.21 10:15:31.079,1.03278,1.03315,2.70,1.35
2011.06.21 10:15:31.629,1.03273,1.03315,2.10,1.35
2011.06.21 10:15:33.060,1.03274,1.03315,1.35,1.35
2011.06.21 10:15:38.290,1.03271,1.03308,1.35,1.29
2011.06.21 10:15:38.401,1.03268,1.03306,2.10,1.29
2011.06.21 10:15:38.732,1.03263,1.03301,2.25,2.10
2011.06.21 10:15:38.844,1.0326,1.03297,1.35,1.29
2011.06.21 10:15:39.281,1.03258,1.03297,2.70,1.29
2011.06.21 10:15:39.404,1.03263,1.03306,2.10,1.29
2011.06.21 10:15:40.594,1.03263,1.03306,2.10,2.04
2011.06.21 10:15:40.920,1.03269,1.03306,2.10,1.50
2011.06.21 10:15:41.031,1.03269,1.03307,2.10,1.44
2011.06.21 10:15:41.360,1.03269,1.03311,2.10,1.35
2011.06.21 10:15:41.470,1.03269,1.03313,2.10,1.43
2011.06.21 10:15:41.813,1.03269,1.03311,2.10,2.79
2011.06.21 10:15:42.579,1.03269,1.03307,2.10,1.44
2011.06.21 10:15:42.800,1.03266,1.03307,1.35,1.52
2011.06.21 10:15:43.502,1.03269,1.03314,2.18,2.10
2011.06.21 10:15:45.240,1.03273,1.03314,2.10,1.50
2011.06.21 10:15:46.950,1.03268,1.03314,4.28,1.35
2011.06.21 10:15:47.869,1.03268,1.03314,4.20,1.43
2011.06.21 10:15:48.199,1.03267,1.03313,1.43,1.43
2011.06.21 10:15:48.420,1.03267,1.03315,1.43,2.18
2011.06.21 10:15:49.079,1.03267,1.03315,1.43,2.18
2011.06.21 10:15:49.411,1.03263,1.03307,2.10,2.12
2011.06.21 10:15:51.825,1.03262,1.03306,1.35,3.77
2011.06.21 10:15:58.939,1.03259,1.03305,2.10,1.58
2011.06.21 10:15:59.489,1.03259,1.03306,2.10,3.84
2011.06.21 10:15:59.601,1.03258,1.03305,3.75,1.50
2011.06.21 10:15:59.930,1.03264,1.03306,1.35,2.25
2011.06.21 10:16:00.039,1.03268,1.03306,2.10,2.25
2011.06.21 10:16:01.009,1.03268,1.03307,2.10,2.94
2011.06.21 10:16:02.419,1.03268,1.03306,2.10,2.25
2011.06.21 10:16:02.979,1.03268,1.03307,2.10,2.94
2011.06.21 10:16:03.529,1.03268,1.03306,2.10,2.94
2011.06.21 10:16:04.967,1.03268,1.03307,2.10,1.44
2011.06.21 10:16:05.521,1.03268,1.03307,2.10,1.44
2011.06.21 10:16:06.023,1.03268,1.03306,2.10,1.44
2011.06.21 10:16:06.399,1.03268,1.03307,2.10,1.44
2011.06.21 10:16:06.620,1.03274,1.03306,2.10,1.44
2011.06.21 10:16:06.841,1.03274,1.03312,2.10,3.60
2011.06.21 10:16:06.952,1.03274,1.03316,2.18,3.00
2011.06.21 10:16:07.555,1.03278,1.03316,2.70,2.19
2011.06.21 10:16:07.671,1.03278,1.03314,2.10,1.35
2011.06.21 10:16:07.894,1.03271,1.03314,2.93,1.35
2011.06.21 10:16:08.451,1.03269,1.03307,3.60,1.44
2011.06.21 10:16:09.000,1.03267,1.03307,2.10,3.02
2011.06.21 10:16:09.650,1.03267,1.03306,2.10,2.94
2011.06.21 10:16:10.260,1.03267,1.03307,2.10,3.02
2011.06.21 10:16:11.021,1.03267,1.03307,2.10,3.02
2011.06.21 10:16:11.240,1.03261,1.03307,1.43,3.62
2011.06.21 10:16:11.913,1.03259,1.03306,2.18,2.85
2011.06.21 10:16:12.461,1.03264,1.03311,3.60,2.27
2011.06.21 10:16:13.011,1.03264,1.0331,2.10,3.08
2011.06.21 10:16:13.230,1.03262,1.03306,2.10,1.50
2011.06.21 10:16:14.475,1.03262,1.03307,2.10,3.02
2011.06.21 10:16:15.029,1.03262,1.03306,2.10,1.44
2011.06.21 10:16:15.680,1.0326,1.03307,1.43,2.12
2011.06.21 10:16:16.010,1.03267,1.03306,2.10,1.44
2011.06.21 10:16:16.231,1.03258,1.03307,3.68,2.12
2011.06.21 10:16:16.929,1.03258,1.03305,2.10,2.18
2011.06.21 10:16:17.611,1.03262,1.03301,1.35,1.58
2011.06.21 10:16:17.725,1.0326,1.03307,2.18,3.62
2011.06.21 10:16:17.841,1.03263,1.03307,2.10,3.02
2011.06.21 10:16:18.439,1.03263,1.03307,2.10,3.02
2011.06.21 10:16:18.997,1.03263,1.03306,2.10,2.94
2011.06.21 10:16:19.330,1.03263,1.03302,2.10,2.18
2011.06.21 10:16:19.551,1.03262,1.03302,1.35,2.87
2011.06.21 10:16:20.102,1.03261,1.03297,1.35,1.44
2011.06.21 10:16:21.193,1.03261,1.03297,1.35,1.44
2011.06.21 10:16:21.414,1.03265,1.03297,2.10,1.44
2011.06.21 10:16:21.631,1.03265,1.03302,2.18,2.10
2011.06.21 10:16:21.741,1.03265,1.03306,2.18,1.44
2011.06.21 10:16:21.960,1.03267,1.03307,2.10,1.44
2011.06.21 10:16:23.899,1.03267,1.03306,2.85,1.52
2011.06.21 10:16:24.011,1.03262,1.03302,1.35,1.50
2011.06.21 10:16:24.121,1.03262,1.03301,1.35,1.58
2011.06.21 10:16:24.704,1.03262,1.03297,1.35,1.44
2011.06.21 10:16:25.361,1.0326,1.03301,2.18,1.50
2011.06.21 10:16:25.990,1.0326,1.03302,2.18,1.50
2011.06.21 10:16:26.539,1.0326,1.03301,2.18,1.50
2011.06.21 10:16:26.761,1.03262,1.03301,2.18,1.50
2011.06.21 10:16:26.870,1.03262,1.03312,2.18,2.85
2011.06.21 10:16:26.981,1.03268,1.03314,2.78,3.00
2011.06.21 10:16:28.059,1.03268,1.03316,3.53,5.27
2011.06.21 10:16:29.190,1.03268,1.03313,2.85,2.18
2011.06.21 10:16:29.302,1.03263,1.03311,2.93,1.43
2011.06.21 10:16:29.522,1.03261,1.03306,1.35,2.93
2011.06.21 10:16:30.809,1.03261,1.03306,1.35,3.62
2011.06.21 10:16:31.401,1.03261,1.03306,1.35,2.93
2011.06.21 10:16:31.733,1.03262,1.03306,2.85,3.02
2011.06.21 10:16:31.842,1.03263,1.03307,2.18,1.44
2011.06.21 10:16:32.412,1.03264,1.03306,3.60,1.44
2011.06.21 10:16:33.341,1.03263,1.03307,4.43,1.44
2011.06.21 10:16:34.090,1.03264,1.03307,2.85,1.44
2011.06.21 10:16:35.221,1.03267,1.03307,1.35,1.44
2011.06.21 10:16:35.549,1.03267,1.03306,1.35,2.04
2011.06.21 10:16:36.209,1.03264,1.03301,2.25,2.10
2011.06.21 10:16:36.320,1.0326,1.03301,1.35,2.10
2011.06.21 10:16:36.921,1.03261,1.03306,1.43,1.29
2011.06.21 10:16:37.740,1.03263,1.03307,2.18,1.44
2011.06.21 10:16:38.290,1.03264,1.03307,1.43,3.69
2011.06.21 10:16:39.390,1.03263,1.03307,4.43,2.94
2011.06.21 10:16:39.961,1.03264,1.03307,1.43,2.94
2011.06.21 10:16:40.182,1.03263,1.03304,4.43,2.10
2011.06.21 10:16:40.732,1.03264,1.03306,1.43,2.85
2011.06.21 10:16:41.455,1.03258,1.03302,2.78,2.10
2011.06.21 10:16:41.571,1.03262,1.03303,1.43,1.35
2011.06.21 10:16:43.210,1.03267,1.03307,1.35,3.54
2011.06.21 10:16:44.010,1.03269,1.03306,1.35,3.54
2011.06.21 10:16:44.341,1.0327,1.03311,2.93,2.79
2011.06.21 10:16:44.452,1.03268,1.0331,4.28,1.43
2011.06.21 10:16:45.302,1.03262,1.03307,1.43,1.29
2011.06.21 10:16:46.020,1.03261,1.03312,2.18,2.18
2011.06.21 10:16:46.981,1.03261,1.03314,2.18,3.68
2011.06.21 10:16:47.200,1.03262,1.03312,1.43,4.28
2011.06.21 10:16:47.641,1.03263,1.0331,2.33,1.43
2011.06.21 10:16:48.191,1.03263,1.03306,2.25,2.87
2011.06.21 10:16:48.410,1.03261,1.03306,1.50,4.43
2011.06.21 10:16:52.814,1.03262,1.033,1.50,2.10
2011.06.21 10:16:53.050,1.03254,1.03299,3.75,1.43
2011.06.21 10:16:53.272,1.03257,1.03296,1.35,2.10
2011.06.21 10:16:55.363,1.03259,1.03304,1.43,2.10
2011.06.21 10:16:57.150,1.03256,1.03304,1.43,2.10
2011.06.21 10:16:57.589,1.03256,1.03306,1.43,4.37
2011.06.21 10:16:58.369,1.03256,1.03307,1.35,4.37
2011.06.21 10:16:58.700,1.03256,1.03302,1.35,2.78
2011.06.21 10:16:58.811,1.03256,1.03297,1.35,1.44
2011.06.21 10:16:59.673,1.03256,1.03297,1.35,1.44
2011.06.21 10:17:00.000,1.03257,1.03296,1.35,1.35
2011.06.21 10:17:00.329,1.03257,1.03296,1.35,1.29
2011.06.21 10:17:00.669,1.03257,1.03296,1.35,1.35
2011.06.21 10:17:01.731,1.03257,1.03297,1.35,1.44
2011.06.21 10:17:03.204,1.03256,1.03297,2.85,1.44
2011.06.21 10:17:03.969,1.03256,1.03297,2.85,1.44
2011.06.21 10:17:04.693,1.03256,1.03296,1.35,2.04
2011.06.21 10:17:05.970,1.03253,1.03296,1.35,3.62
2011.06.21 10:17:06.959,1.03256,1.03297,2.10,2.04
2011.06.21 10:17:07.980,1.03254,1.03296,1.43,1.29
2011.06.21 10:17:09.039,1.03256,1.03296,1.35,1.29
2011.06.21 10:17:11.339,1.03256,1.03297,1.35,2.04
2011.06.21 10:17:11.709,1.03253,1.03297,3.60,2.12
2011.06.21 10:17:12.438,1.03256,1.03299,2.10,1.29
2011.06.21 10:17:12.555,1.03257,1.03303,2.70,1.43
2011.06.21 10:17:12.892,1.03256,1.03296,2.10,1.44
2011.06.21 10:17:13.219,1.03259,1.03296,2.10,1.44
2011.06.21 10:17:13.550,1.03256,1.03297,2.10,2.04
2011.06.21 10:17:14.579,1.03256,1.03297,2.10,2.04
2011.06.21 10:17:15.243,1.03257,1.03297,1.35,2.04
2011.06.21 10:17:15.790,1.03257,1.03297,1.35,2.04
2011.06.21 10:17:17.112,1.03257,1.03296,1.35,2.25
2011.06.21 10:17:17.989,1.03256,1.03297,2.10,1.44
2011.06.21 10:17:18.499,1.03253,1.03297,3.60,2.12
2011.06.21 10:17:21.602,1.03257,1.03296,1.35,3.08
2011.06.21 10:17:21.714,1.03248,1.03296,3.60,1.52
2011.06.21 10:17:22.159,1.03248,1.03287,2.10,1.44
2011.06.21 10:17:22.679,1.03248,1.03287,2.10,1.44
2011.06.21 10:17:23.120,1.0325,1.03287,2.10,1.44
2011.06.21 10:17:23.340,1.03252,1.03292,1.35,2.10
2011.06.21 10:17:23.450,1.03261,1.03295,2.10,1.13
2011.06.21 10:17:23.999,1.03261,1.03296,2.10,2.25
2011.06.21 10:17:25.160,1.03261,1.03296,2.10,3.32
2011.06.21 10:17:25.871,1.03261,1.03293,2.10,1.13
2011.06.21 10:17:26.221,1.03261,1.03287,2.10,1.44
2011.06.21 10:17:26.879,1.03249,1.03287,2.10,1.44
2011.06.21 10:17:28.780,1.03248,1.03287,3.60,1.44
2011.06.21 10:17:29.430,1.03253,1.03287,2.10,1.44
2011.06.21 10:17:29.650,1.03253,1.03293,2.10,2.10
2011.06.21 10:17:30.199,1.03254,1.03296,2.10,3.92
2011.06.21 10:17:34.569,1.03254,1.03292,2.85,2.10
2011.06.21 10:17:34.791,1.0326,1.03296,2.10,1.67
2011.06.21 10:17:35.830,1.03257,1.03294,2.10,2.10
2011.06.21 10:17:42.271,1.03253,1.03296,1.50,2.42
2011.06.21 10:17:42.380,1.03248,1.03297,4.58,4.67
2011.06.21 10:17:42.491,1.03258,1.03295,2.10,2.10
2011.06.21 10:17:43.432,1.03253,1.03294,2.10,1.73
2011.06.21 10:17:43.762,1.0325,1.0329,2.10,1.73
2011.06.21 10:17:44.202,1.03248,1.03291,2.48,2.10
2011.06.21 10:17:44.421,1.03253,1.03291,2.10,1.50
2011.06.21 10:17:44.930,1.03253,1.03292,2.10,1.50
2011.06.21 10:17:45.480,1.03253,1.03291,2.10,1.50
2011.06.21 10:17:46.047,1.03253,1.03292,2.10,1.50
2011.06.21 10:17:47.448,1.03253,1.03291,2.10,1.50
2011.06.21 10:17:48.010,1.03252,1.03291,1.35,3.23
2011.06.21 10:17:48.560,1.03252,1.03287,1.35,1.82
2011.06.21 10:17:49.130,1.03247,1.03287,1.35,1.82
2011.06.21 10:17:49.240,1.03246,1.03287,2.10,2.57
2011.06.21 10:17:49.640,1.03245,1.03277,2.10,1.44
2011.06.21 10:17:50.419,1.03245,1.03277,2.10,1.44
2011.06.21 10:17:50.761,1.03253,1.03282,2.10,2.79
2011.06.21 10:17:50.870,1.03253,1.03282,2.10,2.10
2011.06.21 10:17:50.981,1.03253,1.03287,2.10,1.44
2011.06.21 10:17:51.312,1.0325,1.03287,2.10,1.44
2011.06.21 10:17:51.862,1.0325,1.03291,2.10,1.35
2011.06.21 10:17:51.972,1.0325,1.03286,2.10,1.44
2011.06.21 10:17:52.659,1.03248,1.03287,2.70,1.44
2011.06.21 10:17:52.785,1.03251,1.03295,2.10,1.73
2011.06.21 10:17:52.903,1.03251,1.03287,2.10,1.44
2011.06.21 10:17:53.123,1.03251,1.03296,2.48,1.35
2011.06.21 10:17:53.233,1.03251,1.03296,2.10,2.42
2011.06.21 10:17:53.560,1.03251,1.03293,2.10,1.13
2011.06.21 10:17:54.391,1.03251,1.03287,2.10,1.44
2011.06.21 10:17:54.939,1.03251,1.03287,2.10,1.44
2011.06.21 10:17:55.379,1.03247,1.03287,4.58,1.44
2011.06.21 10:17:55.642,1.03253,1.03287,2.10,1.44
2011.06.21 10:17:56.180,1.03253,1.03296,2.10,1.88
2011.06.21 10:17:56.620,1.03253,1.03287,2.10,1.44
2011.06.21 10:17:57.779,1.03247,1.03287,1.35,2.10
2011.06.21 10:17:57.894,1.03247,1.03283,3.23,2.10
2011.06.21 10:17:58.111,1.03248,1.0329,2.70,1.29
2011.06.21 10:17:58.690,1.03248,1.03287,2.70,1.44
2011.06.21 10:17:58.911,1.03251,1.03287,2.10,1.44
2011.06.21 10:17:59.461,1.03251,1.03287,2.10,1.44
2011.06.21 10:18:02.552,1.03252,1.03287,1.35,1.44
2011.06.21 10:18:03.101,1.03251,1.03286,2.85,1.44
2011.06.21 10:18:03.660,1.03251,1.03287,1.35,1.44
2011.06.21 10:18:04.321,1.03253,1.03286,2.10,1.44
2011.06.21 10:18:04.979,1.03253,1.03287,2.10,1.44
2011.06.21 10:18:05.645,1.03253,1.03286,2.10,1.44
2011.06.21 10:18:06.200,1.03253,1.03287,2.10,1.44
2011.06.21 10:18:06.420,1.03254,1.03296,2.10,2.42
2011.06.21 10:18:06.531,1.03253,1.03292,2.85,1.07
2011.06.21 10:18:07.300,1.03253,1.03287,2.10,1.44
2011.06.21 10:18:09.490,1.03253,1.03287,2.10,1.44
2011.06.21 10:18:10.257,1.03253,1.03286,2.10,1.44
2011.06.21 10:18:11.409,1.03253,1.03287,2.10,1.44
2011.06.21 10:18:12.180,1.03253,1.03287,2.10,1.44
2011.06.21 10:18:12.740,1.03253,1.03287,2.10,1.44
2011.06.21 10:18:13.289,1.03253,1.03287,2.10,1.44
2011.06.21 10:18:13.609,1.03251,1.03287,1.35,1.44
2011.06.21 10:18:14.051,1.03248,1.03287,1.35,2.04
2011.06.21 10:18:14.566,1.03247,1.03287,2.10,3.60
2011.06.21 10:18:14.683,1.03244,1.03286,1.35,1.29
2011.06.21 10:18:19.850,1.03243,1.03284,2.48,1.35
2011.06.21 10:18:20.463,1.03249,1.03286,2.10,1.29
2011.06.21 10:18:24.720,1.03251,1.03286,2.10,2.94
2011.06.21 10:18:25.430,1.03251,1.03287,2.10,1.44
2011.06.21 10:18:25.979,1.03251,1.03287,2.10,1.44
2011.06.21 10:18:26.590,1.03251,1.03287,2.10,1.44
2011.06.21 10:18:27.130,1.03251,1.03287,2.85,1.44
2011.06.21 10:18:27.680,1.03254,1.03294,1.35,2.10
2011.06.21 10:18:29.312,1.03257,1.03297,1.35,4.07
2011.06.21 10:18:30.211,1.03259,1.03296,2.10,2.94
2011.06.21 10:18:30.320,1.03258,1.03296,2.70,1.35
2011.06.21 10:18:31.410,1.03256,1.03296,1.35,1.29
2011.06.21 10:18:31.899,1.03257,1.03296,2.85,1.44
2011.06.21 10:18:32.589,1.03257,1.03297,4.58,1.44
2011.06.21 10:18:33.113,1.03257,1.03297,4.58,1.44
2011.06.21 10:18:33.642,1.03257,1.03297,4.58,1.44
2011.06.21 10:18:34.520,1.03257,1.03297,4.58,1.44
2011.06.21 10:18:35.285,1.03257,1.03297,4.58,1.44
2011.06.21 10:18:35.902,1.03257,1.03297,4.58,1.44
2011.06.21 10:18:36.344,1.03257,1.03296,2.70,1.35
2011.06.21 10:18:37.040,1.03254,1.03296,1.35,2.04
2011.06.21 10:18:39.100,1.03254,1.03296,1.35,1.29
2011.06.21 10:18:39.210,1.03254,1.03293,1.35,2.48
2011.06.21 10:18:39.540,1.03253,1.03287,2.10,1.44
2011.06.21 10:18:40.089,1.03253,1.03287,2.10,1.44
2011.06.21 10:18:40.530,1.03248,1.03287,3.60,1.44
2011.06.21 10:18:41.220,1.03251,1.03287,1.35,1.44
2011.06.21 10:18:41.847,1.03249,1.03287,2.10,1.44
2011.06.21 10:18:42.320,1.03249,1.03293,2.48,2.70
2011.06.21 10:18:46.399,1.03252,1.03286,1.35,1.44
2011.06.21 10:18:49.422,1.0325,1.03292,1.73,2.70
2011.06.21 10:18:50.900,1.03251,1.03287,1.35,1.44
2011.06.21 10:18:51.499,1.03251,1.03287,1.35,1.44
2011.06.21 10:18:53.777,1.03251,1.03287,1.35,2.04
2011.06.21 10:18:54.371,1.03251,1.03287,1.35,2.04
2011.06.21 10:18:54.976,1.03251,1.03286,1.35,1.44
2011.06.21 10:18:55.889,1.03251,1.03291,1.35,3.60
2011.06.21 10:18:56.610,1.03251,1.03287,1.35,2.04
2011.06.21 10:18:58.939,1.03251,1.03287,1.35,2.04
2011.06.21 10:18:59.690,1.03251,1.03287,1.35,2.04
2011.06.21 10:19:01.284,1.03251,1.03287,1.35,2.04
2011.06.21 10:19:02.591,1.03251,1.03287,1.35,2.04
2011.06.21 10:19:04.246,1.03251,1.03287,1.35,2.04
2011.06.21 10:19:04.581,1.03247,1.03286,2.10,2.79
2011.06.21 10:19:05.910,1.0325,1.03286,2.10,1.35
2011.06.21 10:19:07.340,1.03254,1.03286,2.10,1.44
2011.06.21 10:19:08.111,1.03256,1.03287,2.85,1.44
2011.06.21 10:19:08.660,1.03256,1.03296,2.10,2.04
2011.06.21 10:19:10.921,1.03253,1.03296,2.10,2.85
2011.06.21 10:19:11.141,1.03252,1.03287,1.35,1.44
2011.06.21 10:19:11.470,1.03253,1.03287,1.35,1.44
2011.06.21 10:19:11.911,1.03256,1.03287,2.10,1.44
2011.06.21 10:19:12.131,1.03256,1.03296,2.10,1.88
2011.06.21 10:19:12.569,1.03256,1.03292,2.10,2.85
2011.06.21 10:19:12.901,1.03255,1.03287,1.35,1.44
2011.06.21 10:19:13.011,1.03251,1.03287,1.35,1.44
2011.06.21 10:19:15.140,1.03255,1.03286,1.35,1.44
2011.06.21 10:19:15.729,1.03255,1.03287,1.35,1.44
2011.06.21 10:19:16.288,1.03255,1.03287,1.35,1.44
2011.06.21 10:19:18.110,1.03255,1.03287,1.35,1.44
2011.06.21 10:19:18.731,1.03252,1.03286,1.35,1.44
2011.06.21 10:19:18.841,1.03253,1.03287,2.10,1.44
2011.06.21 10:19:20.099,1.03256,1.03292,1.35,2.48
2011.06.21 10:19:20.337,1.03256,1.03292,1.35,3.23
2011.06.21 10:19:20.999,1.03256,1.03287,1.35,1.44
2011.06.21 10:19:21.550,1.03253,1.03287,2.10,1.44
2011.06.21 10:19:22.099,1.03253,1.03287,2.10,1.44
2011.06.21 10:19:23.643,1.03253,1.03287,2.10,1.44
2011.06.21 10:19:24.250,1.03253,1.03286,2.10,1.44
2011.06.21 10:19:25.590,1.03253,1.03296,2.48,3.54
2011.06.21 10:19:27.551,1.03254,1.03296,1.35,2.04
2011.06.21 10:19:27.880,1.03253,1.03294,2.48,1.35
2011.06.21 10:19:28.101,1.03257,1.03297,2.10,2.04
2011.06.21 10:19:28.430,1.03254,1.03301,2.48,2.94
2011.06.21 10:19:28.541,1.03254,1.03304,1.73,1.13
2011.06.21 10:19:29.200,1.03253,1.03298,1.35,1.35
2011.06.21 10:19:29.423,1.03251,1.03296,1.73,1.50
2011.06.21 10:19:29.970,1.03253,1.03297,2.10,2.94
2011.06.21 10:19:30.529,1.03254,1.03296,2.10,2.94
2011.06.21 10:19:31.080,1.03256,1.03296,1.35,2.25
2011.06.21 10:19:31.923,1.03256,1.03297,1.35,2.94
2011.06.21 10:19:32.669,1.03256,1.03296,1.35,2.25
2011.06.21 10:19:33.020,1.03256,1.03296,1.35,2.25
2011.06.21 10:19:34.301,1.03256,1.03297,2.10,2.94
2011.06.21 10:19:34.522,1.03256,1.03291,1.35,2.10
2011.06.21 10:19:35.070,1.03251,1.03286,2.85,1.35
2011.06.21 10:19:35.399,1.03257,1.03287,1.35,1.44
2011.06.21 10:19:35.909,1.03257,1.03286,1.35,1.44
2011.06.21 10:19:36.660,1.03252,1.03287,2.10,1.44
2011.06.21 10:19:37.315,1.03252,1.03287,2.85,1.44
2011.06.21 10:19:37.654,1.0326,1.03293,2.10,2.48
2011.06.21 10:19:37.773,1.03256,1.03293,1.35,3.08
2011.06.21 10:19:39.909,1.03252,1.03293,1.35,3.08
2011.06.21 10:19:42.051,1.03254,1.03296,2.85,3.54
2011.06.21 10:19:47.399,1.03256,1.03297,1.35,1.44
2011.06.21 10:19:48.269,1.03257,1.03297,1.35,1.44
2011.06.21 10:19:48.711,1.03252,1.03296,1.35,2.63
2011.06.21 10:19:49.137,1.03249,1.03296,3.23,3.23
2011.06.21 10:19:49.710,1.03254,1.03296,1.50,4.67
2011.06.21 10:19:51.790,1.03253,1.03296,2.10,1.73
2011.06.21 10:19:52.669,1.03253,1.03289,2.10,1.35
2011.06.21 10:19:53.881,1.03253,1.03293,2.10,1.35
2011.06.21 10:19:55.068,1.03261,1.03296,2.10,1.07
2011.06.21 10:19:55.196,1.03256,1.03296,2.10,2.63
2011.06.21 10:19:55.422,1.03252,1.03296,2.48,2.10
2011.06.21 10:19:58.081,1.03258,1.03302,4.58,2.10
2011.06.21 10:19:58.794,1.03254,1.03299,1.73,2.10
2011.06.21 10:20:04.571,1.03251,1.03295,2.10,2.10
2011.06.21 10:20:04.900,1.03251,1.03287,2.85,1.44
2011.06.21 10:20:05.120,1.03251,1.03296,2.85,2.85
2011.06.21 10:20:05.230,1.03257,1.03297,2.10,4.07
2011.06.21 10:20:05.850,1.03257,1.03297,2.10,3.32
2011.06.21 10:20:06.574,1.03257,1.03296,2.10,2.25
2011.06.21 10:20:08.552,1.03257,1.03297,2.10,3.32
2011.06.21 10:20:09.100,1.03257,1.03297,2.10,3.32
2011.06.21 10:20:09.772,1.03257,1.033,2.10,1.29
2011.06.21 10:20:10.573,1.03257,1.03297,2.10,1.44
2011.06.21 10:20:11.012,1.03262,1.03302,2.48,2.79
2011.06.21 10:20:11.120,1.03262,1.03304,2.48,1.35
2011.06.21 10:20:18.420,1.03263,1.03304,1.35,2.10
2011.06.21 10:20:18.530,1.03262,1.03304,1.73,2.10
2011.06.21 10:20:18.752,1.03267,1.03306,1.35,2.10
2011.06.21 10:20:20.152,1.03264,1.03306,1.50,1.73
2011.06.21 10:20:20.372,1.03256,1.03307,1.35,6.92
2011.06.21 10:20:22.249,1.03258,1.03306,2.48,2.04
2011.06.21 10:20:22.581,1.03262,1.03307,1.35,1.44
2011.06.21 10:20:22.911,1.03268,1.03306,2.10,3.23
2011.06.21 10:20:23.021,1.03263,1.03306,2.10,3.23
2011.06.21 10:20:23.637,1.03262,1.03297,1.35,1.44
2011.06.21 10:20:24.339,1.03257,1.03296,3.83,1.44
2011.06.21 10:20:24.670,1.03265,1.03297,2.10,1.44
2011.06.21 10:20:24.891,1.03265,1.03303,2.48,2.10
2011.06.21 10:20:25.110,1.03267,1.03307,2.70,1.44
2011.06.21 10:20:25.550,1.03267,1.03306,2.70,2.19
2011.06.21 10:20:26.010,1.03267,1.03307,2.70,1.44
2011.06.21 10:20:26.571,1.03267,1.03307,2.70,1.44
2011.06.21 10:20:27.119,1.03267,1.03307,2.70,1.44
2011.06.21 10:20:27.887,1.03267,1.03307,2.70,1.44
2011.06.21 10:20:29.650,1.03267,1.03307,3.45,1.44
2011.06.21 10:20:30.311,1.03267,1.03307,3.45,1.44
2011.06.21 10:20:31.960,1.03267,1.03309,3.45,1.35
2011.06.21 10:20:32.301,1.03267,1.03306,3.45,1.44
2011.06.21 10:20:34.726,1.03267,1.03307,3.45,1.44
2011.06.21 10:20:35.500,1.03267,1.03307,3.45,1.44
2011.06.21 10:20:36.164,1.03267,1.03307,3.45,1.44
2011.06.21 10:20:37.020,1.03267,1.03307,3.45,1.44
2011.06.21 10:20:38.450,1.03267,1.03307,3.45,1.44
2011.06.21 10:20:39.039,1.03267,1.03307,3.45,1.44
2011.06.21 10:20:40.167,1.03267,1.03307,3.45,1.44
2011.06.21 10:20:41.439,1.03267,1.03307,3.45,1.44
2011.06.21 10:20:42.129,1.03267,1.03307,3.45,1.44
2011.06.21 10:20:43.752,1.03267,1.03307,3.45,1.44
2011.06.21 10:20:45.235,1.03267,1.03307,3.45,1.44
2011.06.21 10:20:46.643,1.03267,1.03307,3.45,1.44
2011.06.21 10:20:47.194,1.03267,1.03307,3.45,1.44
2011.06.21 10:20:47.847,1.03267,1.03307,3.45,1.44
2011.06.21 10:20:51.070,1.03267,1.03307,3.45,1.44
2011.06.21 10:20:54.310,1.03267,1.03307,3.45,1.44
2011.06.21 10:20:54.900,1.03267,1.03307,3.45,1.44
2011.06.21 10:20:55.409,1.03267,1.03306,3.45,1.44
2011.06.21 10:20:58.534,1.03267,1.03307,3.45,1.44
2011.06.21 10:20:59.171,1.03267,1.03307,3.45,1.44
2011.06.21 10:21:03.970,1.03267,1.03307,3.45,1.44
2011.06.21 10:21:04.510,1.03267,1.03306,3.45,1.44
2011.06.21 10:21:05.469,1.03267,1.03307,3.45,1.44
2011.06.21 10:21:06.310,1.03267,1.03306,3.45,1.44
2011.06.21 10:21:06.922,1.03267,1.03307,2.70,5.42
2011.06.21 10:21:07.258,1.03263,1.03297,2.10,1.44
2011.06.21 10:21:07.811,1.03263,1.03296,2.10,1.44
2011.06.21 10:21:07.921,1.0326,1.03296,1.35,1.29
2011.06.21 10:21:08.142,1.03258,1.03297,2.10,1.44
2011.06.21 10:21:08.253,1.03257,1.03301,2.48,1.29
2011.06.21 10:21:17.941,1.03257,1.033,4.95,1.73
2011.06.21 10:21:18.749,1.03257,1.03298,4.95,1.50
2011.06.21 10:21:19.408,1.03257,1.03296,4.95,1.44
2011.06.21 10:21:20.032,1.03257,1.03297,4.95,1.44
2011.06.21 10:21:20.612,1.03257,1.03297,4.95,1.44
2011.06.21 10:21:21.630,1.03257,1.03296,4.95,1.07
2011.06.21 10:21:23.961,1.03254,1.03296,2.85,2.10
2011.06.21 10:21:24.400,1.03251,1.03287,1.35,1.44
2011.06.21 10:21:25.122,1.03252,1.03286,1.35,1.44
2011.06.21 10:21:25.734,1.03252,1.03287,1.35,1.44
2011.06.21 10:21:26.621,1.03251,1.03287,1.35,1.44
2011.06.21 10:21:27.891,1.03257,1.03287,1.35,1.44
2011.06.21 10:21:28.589,1.03257,1.03287,1.35,1.44
2011.06.21 10:21:34.499,1.03257,1.03287,1.35,1.44
2011.06.21 10:21:34.830,1.03257,1.03287,1.35,1.44
2011.06.21 10:21:41.079,1.03258,1.03286,2.10,1.44
2011.06.21 10:21:42.185,1.03258,1.03287,2.10,1.44
2011.06.21 10:21:42.305,1.03252,1.03287,2.10,3.54
2011.06.21 10:21:42.422,1.03249,1.03286,2.10,5.04
2011.06.21 10:21:42.971,1.03247,1.03282,1.35,2.48
2011.06.21 10:21:43.990,1.03237,1.03275,1.35,1.35
2011.06.21 10:21:44.319,1.03237,1.0327,1.35,1.07
2011.06.21 10:21:44.871,1.03237,1.03267,1.35,1.44
2011.06.21 10:21:45.450,1.03242,1.03276,1.35,1.82
2011.06.21 10:21:47.371,1.03245,1.03276,2.10,1.44
2011.06.21 10:21:48.582,1.03241,1.03276,1.35,1.13
2011.06.21 10:21:48.801,1.03245,1.03276,1.35,1.07
2011.06.21 10:21:49.420,1.03241,1.03276,1.35,1.73
2011.06.21 10:21:51.591,1.03241,1.03277,1.35,2.42
2011.06.21 10:21:51.699,1.03241,1.03277,1.35,2.42
2011.06.21 10:21:52.430,1.03241,1.03276,1.35,1.73
2011.06.21 10:21:52.541,1.03241,1.03273,1.35,3.08
2011.06.21 10:21:52.652,1.03241,1.03273,1.35,2.70
2011.06.21 10:21:53.090,1.03242,1.03277,2.85,2.04
2011.06.21 10:21:53.970,1.03241,1.03277,1.35,3.92
2011.06.21 10:21:55.710,1.03241,1.03277,1.35,3.92
2011.06.21 10:22:02.430,1.03234,1.03276,2.10,3.23
2011.06.21 10:22:04.825,1.03234,1.03275,2.10,1.35
2011.06.21 10:22:04.940,1.03234,1.03275,1.35,1.35
2011.06.21 10:22:05.051,1.03232,1.03267,1.35,1.44
2011.06.21 10:22:05.702,1.03232,1.03267,1.35,1.44
2011.06.21 10:22:06.032,1.03237,1.03267,1.35,1.44
2011.06.21 10:22:06.361,1.03237,1.03276,1.35,2.04
2011.06.21 10:22:18.971,1.03238,1.03276,1.35,2.42
2011.06.21 10:22:19.447,1.03237,1.03276,1.35,1.73
2011.06.21 10:22:20.239,1.03238,1.03277,1.35,2.42
2011.06.21 10:22:20.781,1.03237,1.03277,1.35,2.42
2011.06.21 10:22:21.001,1.03237,1.03276,1.35,1.13
2011.06.21 10:22:22.770,1.03236,1.03275,2.10,1.13
2011.06.21 10:22:23.103,1.03236,1.0327,2.10,1.07
2011.06.21 10:22:23.643,1.03236,1.03267,2.10,1.44
2011.06.21 10:22:25.870,1.03236,1.03267,2.10,1.44
2011.06.21 10:22:26.394,1.03236,1.03266,2.10,1.44
2011.06.21 10:22:27.270,1.03236,1.03267,2.10,1.44
2011.06.21 10:22:27.810,1.03236,1.03267,2.10,1.44
2011.06.21 10:22:28.600,1.03236,1.03267,2.10,1.44
2011.06.21 10:22:29.140,1.03236,1.03267,2.10,1.44
2011.06.21 10:22:29.680,1.03236,1.03267,2.10,1.44
2011.06.21 10:22:30.452,1.03236,1.03267,2.10,1.44
2011.06.21 10:22:31.571,1.03236,1.03267,2.10,1.44
2011.06.21 10:22:32.330,1.03236,1.03267,2.10,1.44
2011.06.21 10:22:35.850,1.03236,1.03267,2.10,1.44
2011.06.21 10:22:36.397,1.03236,1.03266,2.10,1.44
2011.06.21 10:22:40.826,1.03236,1.03267,2.10,1.44
2011.06.21 10:22:41.376,1.03236,1.03266,2.85,1.44
2011.06.21 10:22:42.012,1.03236,1.03267,2.10,1.44
2011.06.21 10:22:43.797,1.03236,1.03267,2.10,1.44
2011.06.21 10:22:44.429,1.0323,1.03266,1.35,1.29
2011.06.21 10:22:44.541,1.03227,1.03266,2.70,1.67
2011.06.21 10:22:44.651,1.03227,1.03266,2.10,3.92
2011.06.21 10:22:44.980,1.03227,1.03261,2.70,2.63
2011.06.21 10:22:45.090,1.03227,1.03262,2.70,1.13
2011.06.21 10:22:45.687,1.03219,1.03262,2.10,3.08
2011.06.21 10:22:48.019,1.03219,1.0326,3.60,1.35
2011.06.21 10:22:48.198,1.03219,1.03258,2.10,1.35
2011.06.21 10:22:48.647,1.0322,1.03262,1.35,2.70
2011.06.21 10:22:49.210,1.03222,1.03262,2.85,2.10
2011.06.21 10:22:49.806,1.03222,1.03265,2.10,2.85
2011.06.21 10:22:54.676,1.03222,1.03257,2.10,1.44
2011.06.21 10:22:55.259,1.03222,1.03257,2.10,1.44
2011.06.21 10:22:55.759,1.03222,1.03257,2.10,1.44
2011.06.21 10:22:56.585,1.03222,1.03257,2.10,1.44
2011.06.21 10:22:57.140,1.03226,1.03257,1.35,1.44
2011.06.21 10:22:57.739,1.03226,1.03257,1.35,1.44
2011.06.21 10:22:58.088,1.03227,1.03263,2.85,2.85
2011.06.21 10:22:58.199,1.03227,1.03267,4.95,1.44
2011.06.21 10:22:58.801,1.03231,1.03266,2.48,1.44
2011.06.21 10:22:59.129,1.03233,1.03277,2.10,4.67
2011.06.21 10:23:00.150,1.03234,1.03267,1.35,2.19
2011.06.21 10:23:00.258,1.03234,1.03266,1.50,1.44
2011.06.21 10:23:00.589,1.03231,1.03266,1.35,1.07
2011.06.21 10:23:00.699,1.03228,1.03267,1.35,4.67
2011.06.21 10:23:01.039,1.03227,1.03266,1.35,3.23
2011.06.21 10:23:06.439,1.03224,1.03264,2.10,1.35
2011.06.21 10:23:07.210,1.03226,1.03266,2.10,3.32
2011.06.21 10:23:07.430,1.03224,1.03266,1.73,1.29
2011.06.21 10:23:07.648,1.03223,1.03262,1.73,1.44
2011.06.21 10:23:10.814,1.03227,1.03262,4.95,1.44
2011.06.21 10:23:11.497,1.03227,1.03262,4.95,1.44
2011.06.21 10:23:12.060,1.03227,1.03261,4.95,1.44
2011.06.21 10:23:13.917,1.03227,1.03262,2.10,1.44
2011.06.21 10:23:15.342,1.03227,1.03262,2.10,1.44
2011.06.21 10:23:18.329,1.03227,1.03266,2.10,3.00
2011.06.21 10:23:18.885,1.03227,1.03266,2.10,2.94
2011.06.21 10:23:19.469,1.03227,1.03267,2.10,2.94
2011.06.21 10:23:20.429,1.03227,1.03266,2.85,2.25
2011.06.21 10:23:21.318,1.03227,1.03268,3.23,1.29
2011.06.21 10:23:21.539,1.03228,1.03276,2.48,1.88
2011.06.21 10:23:21.649,1.03229,1.03276,2.48,1.13
2011.06.21 10:23:21.758,1.03228,1.03276,4.58,1.82
2011.06.21 10:23:25.194,1.03235,1.03277,1.35,1.82
2011.06.21 10:23:27.918,1.03232,1.03277,1.73,1.44
2011.06.21 10:23:28.468,1.03234,1.03279,1.35,2.48
2011.06.21 10:23:29.017,1.03234,1.03276,1.35,1.44
2011.06.21 10:23:30.717,1.03237,1.03276,2.10,2.19
2011.06.21 10:23:31.818,1.03237,1.03277,2.10,1.44
2011.06.21 10:23:32.259,1.03237,1.03276,2.10,1.50
2011.06.21 10:23:32.368,1.03237,1.03277,2.85,1.44
2011.06.21 10:23:33.025,1.03237,1.03277,2.85,1.44
2011.06.21 10:23:33.358,1.03237,1.03276,2.10,1.44
2011.06.21 10:23:33.577,1.03237,1.03277,1.35,2.04
2011.06.21 10:23:35.168,1.03241,1.03277,2.10,1.44
2011.06.21 10:23:35.687,1.03241,1.03277,2.10,1.44
2011.06.21 10:23:36.769,1.03241,1.03277,2.10,1.44
2011.06.21 10:23:37.657,1.03241,1.03277,2.10,1.44
2011.06.21 10:23:38.614,1.03241,1.03277,2.10,1.44
2011.06.21 10:23:38.969,1.03235,1.03276,2.10,1.44
2011.06.21 10:23:39.520,1.03239,1.03277,2.10,1.44
2011.06.21 10:23:40.289,1.03239,1.03277,2.10,1.44
2011.06.21 10:23:40.397,1.03235,1.03277,2.48,1.44
2011.06.21 10:23:42.340,1.03237,1.03277,1.35,1.44
2011.06.21 10:23:43.098,1.03237,1.03277,1.35,1.44
2011.06.21 10:23:44.448,1.03239,1.03277,2.10,2.19
2011.06.21 10:23:48.002,1.03241,1.03277,1.35,1.44
2011.06.21 10:23:48.224,1.03246,1.03277,2.48,1.44
2011.06.21 10:23:48.452,1.03243,1.03283,3.60,2.10
2011.06.21 10:23:48.681,1.03247,1.03283,2.10,2.10
2011.06.21 10:23:48.899,1.0324,1.03283,2.10,2.70
2011.06.21 10:23:49.228,1.0324,1.0329,2.10,1.35
2011.06.21 10:23:49.338,1.03239,1.0329,2.48,1.35
2011.06.21 10:23:50.238,1.03236,1.03285,2.10,1.35
2011.06.21 10:23:51.023,1.03241,1.03283,2.10,1.13
2011.06.21 10:23:51.120,1.03239,1.03282,2.10,2.48
2011.06.21 10:23:51.338,1.03239,1.03279,2.10,1.13
2011.06.21 10:23:51.667,1.03239,1.03282,2.10,3.98
2011.06.21 10:23:51.777,1.03239,1.03279,2.10,1.13
2011.06.21 10:23:52.498,1.03239,1.03277,2.10,1.44
2011.06.21 10:23:54.258,1.03242,1.03277,1.35,1.44
2011.06.21 10:23:54.808,1.03239,1.03276,2.10,1.44
2011.06.21 10:23:56.381,1.03241,1.03277,1.35,1.44
2011.06.21 10:23:56.948,1.03244,1.03277,2.10,1.44
2011.06.21 10:23:57.388,1.03244,1.03284,2.85,1.13
2011.06.21 10:23:58.009,1.03244,1.03287,2.10,3.32
2011.06.21 10:24:00.898,1.03246,1.03286,1.35,3.92
2011.06.21 10:24:01.459,1.03244,1.03284,1.35,1.73
2011.06.21 10:24:08.487,1.03244,1.03284,2.10,1.73
2011.06.21 10:24:09.843,1.03244,1.03284,2.10,1.73
2011.06.21 10:24:12.868,1.03243,1.03279,2.10,1.35
2011.06.21 10:24:13.199,1.03239,1.03277,2.10,5.19
2011.06.21 10:24:14.708,1.03242,1.03277,1.35,2.94
2011.06.21 10:24:15.583,1.03239,1.03277,2.48,2.94
2011.06.21 10:24:16.249,1.03239,1.03277,2.48,2.94
2011.06.21 10:24:16.799,1.03239,1.03276,3.98,2.19
2011.06.21 10:24:18.888,1.03241,1.03284,1.35,1.13
2011.06.21 10:24:19.398,1.03241,1.03284,1.35,2.48
2011.06.21 10:24:19.948,1.03239,1.03281,2.10,1.13
2011.06.21 10:24:20.499,1.03238,1.03283,2.48,1.50
2011.06.21 10:24:21.048,1.03243,1.03284,2.10,1.35
2011.06.21 10:24:21.708,1.03244,1.03273,1.50,1.35
2011.06.21 10:24:22.373,1.03238,1.03275,2.10,1.50
2011.06.21 10:24:22.711,1.03231,1.03271,2.48,2.10
2011.06.21 10:24:23.150,1.03234,1.03267,2.10,1.44
2011.06.21 10:24:23.591,1.03234,1.03276,2.48,1.35
2011.06.21 10:24:27.798,1.03227,1.03272,1.35,3.08
2011.06.21 10:24:28.017,1.03227,1.03267,1.35,1.44
2011.06.21 10:24:29.119,1.03225,1.03267,2.10,2.94
2011.06.21 10:24:29.449,1.03231,1.03277,2.10,3.32
2011.06.21 10:24:30.919,1.03232,1.03276,1.35,3.92
2011.06.21 10:24:31.249,1.03232,1.03276,1.35,1.07
2011.06.21 10:24:32.259,1.0323,1.03276,2.85,3.00
2011.06.21 10:24:32.810,1.03233,1.03277,1.50,3.92
2011.06.21 10:24:33.559,1.03233,1.03276,1.50,3.23
2011.06.21 10:24:33.676,1.03236,1.03276,2.10,2.63
2011.06.21 10:24:34.408,1.03233,1.03272,2.10,3.08
2011.06.21 10:24:35.067,1.03227,1.03267,2.85,2.04
2011.06.21 10:24:35.413,1.03232,1.03266,2.10,1.44
2011.06.21 10:24:36.767,1.03232,1.03267,2.10,1.44
2011.06.21 10:24:37.862,1.03232,1.03267,2.10,1.44
2011.06.21 10:24:37.968,1.03227,1.03266,1.35,1.44
2011.06.21 10:24:38.517,1.03227,1.03267,1.35,1.44
2011.06.21 10:24:39.734,1.03227,1.03267,1.35,1.44
2011.06.21 10:24:40.398,1.03227,1.03267,1.35,1.44
2011.06.21 10:24:40.643,1.03226,1.03266,2.10,1.50
2011.06.21 10:24:41.168,1.03227,1.03267,1.35,1.44
2011.06.21 10:24:41.717,1.03227,1.03267,1.35,1.44
2011.06.21 10:24:42.268,1.03227,1.03267,1.35,1.44
2011.06.21 10:24:42.378,1.03226,1.03266,2.10,1.44
2011.06.21 10:24:42.708,1.03227,1.03266,1.35,1.44
2011.06.21 10:24:44.800,1.03232,1.03272,2.10,4.35
2011.06.21 10:24:44.909,1.03232,1.03272,2.10,2.10
2011.06.21 10:24:45.238,1.03236,1.03277,2.48,4.44
2011.06.21 10:24:45.762,1.03234,1.03274,1.35,1.35
2011.06.21 10:24:46.318,1.03234,1.03276,1.73,2.04
2011.06.21 10:24:53.727,1.03234,1.03271,1.35,2.10
2011.06.21 10:24:55.145,1.03234,1.03271,2.85,2.10
2011.06.21 10:24:55.488,1.03236,1.03275,1.35,2.48
2011.06.21 10:24:56.454,1.03234,1.03269,2.10,1.35
2011.06.21 10:24:56.574,1.03234,1.03275,2.10,2.10
2011.06.21 10:24:59.268,1.03229,1.03272,2.10,3.08
2011.06.21 10:24:59.709,1.03229,1.03267,2.10,1.44
2011.06.21 10:25:00.590,1.03226,1.03266,1.35,1.44
2011.06.21 10:25:01.461,1.03227,1.03267,1.35,1.44
2011.06.21 10:25:02.008,1.03226,1.03274,1.73,1.35
2011.06.21 10:25:02.668,1.03226,1.03266,2.10,1.44
2011.06.21 10:25:03.220,1.0323,1.03266,1.35,1.44
2011.06.21 10:25:03.439,1.03233,1.03275,2.25,1.35
2011.06.21 10:25:03.660,1.03223,1.03271,4.73,2.48
2011.06.21 10:25:04.319,1.03228,1.03271,2.10,2.48
2011.06.21 10:25:04.538,1.03228,1.03267,2.10,1.44
2011.06.21 10:25:05.057,1.03228,1.03267,2.10,1.44
2011.06.21 10:25:06.118,1.03228,1.03267,2.10,1.44
2011.06.21 10:25:06.678,1.03228,1.03266,2.10,1.44
2011.06.21 10:25:07.229,1.03233,1.03267,2.10,1.44
2011.06.21 10:25:08.108,1.03233,1.03267,2.10,1.44
2011.06.21 10:25:08.439,1.03228,1.03267,2.10,1.44
2011.06.21 10:25:09.129,1.03228,1.03267,2.10,1.44
2011.06.21 10:25:09.669,1.03231,1.03267,2.85,1.44
2011.06.21 10:25:10.231,1.03231,1.03267,2.85,1.44
2011.06.21 10:25:11.109,1.03233,1.03275,1.73,2.10
2011.06.21 10:25:11.330,1.03231,1.03275,1.35,2.48
2011.06.21 10:25:11.658,1.03227,1.03272,1.35,2.48
2011.06.21 10:25:11.878,1.03227,1.03267,1.35,1.44
2011.06.21 10:25:12.448,1.03227,1.03267,1.35,1.44
2011.06.21 10:25:13.131,1.03227,1.03267,1.35,1.44
2011.06.21 10:25:13.902,1.03227,1.03267,1.35,1.44
2011.06.21 10:25:14.241,1.03232,1.03273,3.23,2.04
2011.06.21 10:25:14.348,1.03234,1.03276,1.73,1.29
2011.06.21 10:25:14.459,1.03234,1.03276,1.50,3.92
2011.06.21 10:25:14.568,1.03228,1.03275,2.70,1.35
2011.06.21 10:25:15.191,1.03228,1.03267,3.83,1.44
2011.06.21 10:25:15.518,1.03234,1.03276,1.35,1.67
2011.06.21 10:25:15.850,1.03233,1.03266,2.10,1.44
2011.06.21 10:25:16.644,1.03233,1.03267,2.10,1.44
2011.06.21 10:25:17.198,1.03233,1.03266,2.10,1.44
2011.06.21 10:25:18.578,1.03233,1.03267,2.10,1.44
2011.06.21 10:25:19.660,1.03233,1.03267,2.10,1.44
2011.06.21 10:25:20.910,1.03233,1.03267,2.10,1.44
2011.06.21 10:25:21.459,1.03233,1.03273,2.10,4.14
2011.06.21 10:25:21.570,1.03233,1.03273,2.10,1.35
2011.06.21 10:25:21.685,1.03233,1.03276,2.10,2.25
2011.06.21 10:25:22.120,1.03241,1.03277,2.10,2.25
2011.06.21 10:25:22.229,1.03241,1.03282,2.48,1.50
2011.06.21 10:25:22.670,1.03244,1.03283,1.35,2.70
2011.06.21 10:25:22.889,1.03238,1.03277,2.48,1.44
2011.06.21 10:25:23.826,1.03238,1.03277,2.10,1.44
2011.06.21 10:25:24.427,1.03238,1.03277,2.10,1.44
2011.06.21 10:25:24.977,1.03238,1.0328,2.10,1.07
2011.06.21 10:25:25.198,1.03238,1.03282,2.10,4.58
2011.06.21 10:25:25.310,1.03238,1.0328,2.10,1.07
2011.06.21 10:25:25.750,1.03237,1.03276,1.35,1.29
2011.06.21 10:25:26.190,1.03235,1.03276,2.10,2.10
2011.06.21 10:25:26.410,1.03235,1.03272,2.10,3.60
2011.06.21 10:25:26.630,1.03235,1.03276,2.10,3.98
2011.06.21 10:25:26.740,1.03235,1.03267,2.10,1.44
2011.06.21 10:25:26.959,1.03235,1.03276,2.10,3.54
2011.06.21 10:25:29.050,1.03238,1.03276,2.10,1.44
2011.06.21 10:25:29.489,1.03242,1.03277,2.10,1.44
2011.06.21 10:25:29.929,1.03244,1.03285,1.35,1.73
2011.06.21 10:25:30.148,1.03244,1.03285,1.35,1.73
2011.06.21 10:25:30.258,1.03243,1.03279,2.10,1.73
2011.06.21 10:25:30.370,1.03238,1.03276,2.10,1.44
2011.06.21 10:25:31.029,1.03243,1.03277,2.10,1.44
2011.06.21 10:25:31.721,1.03243,1.03286,2.48,2.04
2011.06.21 10:25:31.833,1.03244,1.03286,1.35,2.85
2011.06.21 10:25:32.638,1.03244,1.03286,1.35,3.60
2011.06.21 10:25:32.748,1.03244,1.03286,1.35,2.85
2011.06.21 10:25:33.938,1.03246,1.03286,1.35,3.23
2011.06.21 10:25:34.159,1.03245,1.03286,1.35,5.48
2011.06.21 10:25:34.709,1.03244,1.03284,1.35,1.35
2011.06.21 10:25:35.091,1.03239,1.03279,2.10,1.07
2011.06.21 10:25:35.647,1.03239,1.03277,2.10,1.44
2011.06.21 10:25:36.090,1.03239,1.03282,2.48,2.10
2011.06.21 10:25:36.638,1.03239,1.03282,2.10,2.85
2011.06.21 10:25:36.750,1.03235,1.03276,1.35,1.13
2011.06.21 10:25:37.365,1.03235,1.03276,1.35,1.13
2011.06.21 10:25:37.481,1.03235,1.03277,1.35,5.19
2011.06.21 10:25:37.591,1.03239,1.03276,2.10,1.44
2011.06.21 10:25:39.588,1.03239,1.03281,3.60,1.35
2011.06.21 10:25:42.209,1.03235,1.0328,1.35,1.73
2011.06.21 10:25:42.322,1.03234,1.0328,1.73,1.73
2011.06.21 10:25:42.429,1.03235,1.0328,1.35,1.73
2011.06.21 10:25:42.987,1.03235,1.03279,1.35,1.73
2011.06.21 10:25:44.189,1.03236,1.03279,1.35,1.13
2011.06.21 10:25:44.628,1.03243,1.03284,2.10,2.10
2011.06.21 10:25:45.521,1.03243,1.03284,2.10,2.10
2011.06.21 10:25:46.944,1.03243,1.03281,1.35,1.44
2011.06.21 10:25:47.279,1.03244,1.03284,4.35,1.35
2011.06.21 10:25:47.719,1.03244,1.03284,1.35,2.10
2011.06.21 10:25:47.829,1.03239,1.03277,3.60,1.44
2011.06.21 10:25:48.367,1.03239,1.03277,2.10,1.44
2011.06.21 10:25:49.748,1.03242,1.03277,1.35,1.44
2011.06.21 10:25:51.004,1.03241,1.03277,1.35,1.44
2011.06.21 10:25:52.008,1.03241,1.03277,1.35,1.44
2011.06.21 10:25:53.247,1.03243,1.03282,1.35,1.35
2011.06.21 10:25:53.357,1.03244,1.03284,1.35,1.35
2011.06.21 10:25:54.022,1.03245,1.03284,1.35,1.35
2011.06.21 10:25:54.979,1.03245,1.03282,1.35,1.29
2011.06.21 10:25:55.617,1.03245,1.03277,1.35,1.44
2011.06.21 10:25:56.500,1.03244,1.03277,1.35,1.44
2011.06.21 10:25:56.609,1.03244,1.03286,8.85,2.19
2011.06.21 10:25:56.939,1.03247,1.03286,3.45,1.44
2011.06.21 10:25:57.690,1.03247,1.03286,1.35,1.07
2011.06.21 10:25:58.029,1.03242,1.03281,1.35,1.73
2011.06.21 10:25:58.357,1.03242,1.03277,1.35,1.44
2011.06.21 10:25:59.039,1.03237,1.03279,1.73,1.29
2011.06.21 10:25:59.149,1.03237,1.03285,1.73,2.48
2011.06.21 10:26:01.467,1.03237,1.03285,3.23,1.73
2011.06.21 10:26:02.018,1.03241,1.03285,1.35,1.73
2011.06.21 10:26:02.238,1.03244,1.03286,1.35,1.67
2011.06.21 10:26:08.890,1.03241,1.03285,1.35,1.73
2011.06.21 10:26:09.406,1.03242,1.03287,1.73,3.54
2011.06.21 10:26:13.942,1.03244,1.03287,1.73,2.04
2011.06.21 10:26:22.428,1.03247,1.03287,1.35,2.04
2011.06.21 10:26:23.108,1.03251,1.03287,1.35,2.04
2011.06.21 10:26:24.317,1.03247,1.03287,1.35,2.04
2011.06.21 10:26:24.878,1.03247,1.03287,1.35,2.04
2011.06.21 10:26:25.317,1.03246,1.03287,1.35,2.04
2011.06.21 10:26:28.168,1.03247,1.03287,1.35,1.44
2011.06.21 10:26:28.723,1.03247,1.03287,1.35,1.44
2011.06.21 10:26:29.549,1.03247,1.03287,1.35,1.44
2011.06.21 10:26:30.098,1.03247,1.03287,1.35,1.44
2011.06.21 10:26:31.039,1.03247,1.03287,1.35,1.44
2011.06.21 10:26:31.478,1.03244,1.03286,3.23,1.44
2011.06.21 10:26:33.998,1.03244,1.03284,2.48,1.35
2011.06.21 10:26:38.208,1.03244,1.03286,1.35,1.67
2011.06.21 10:26:38.560,1.03244,1.03284,1.35,1.29
2011.06.21 10:26:38.899,1.03246,1.03277,2.10,1.44
2011.06.21 10:26:39.228,1.03246,1.03287,2.10,3.54
2011.06.21 10:26:39.940,1.03246,1.03287,2.85,3.54
2011.06.21 10:26:40.755,1.03246,1.03287,2.85,3.54
2011.06.21 10:26:41.627,1.03246,1.03287,2.85,3.54
2011.06.21 10:26:42.205,1.03246,1.03286,2.85,2.94
2011.06.21 10:26:42.891,1.03246,1.03286,1.35,2.85
2011.06.21 10:26:45.368,1.03244,1.03285,1.35,1.73
2011.06.21 10:26:45.588,1.03247,1.03287,2.10,1.44
2011.06.21 10:26:46.029,1.03247,1.03287,2.10,2.19
2011.06.21 10:26:47.107,1.03247,1.03287,2.10,1.44
2011.06.21 10:26:47.427,1.03247,1.03285,2.10,1.13
2011.06.21 10:26:47.977,1.03247,1.03287,2.10,1.44
2011.06.21 10:26:48.656,1.03247,1.03287,2.10,1.44
2011.06.21 10:26:49.422,1.03247,1.03287,2.10,1.44
2011.06.21 10:26:49.822,1.03244,1.03286,3.98,2.04
2011.06.21 10:26:50.419,1.0324,1.03285,1.35,1.35
2011.06.21 10:26:50.749,1.03239,1.03282,2.48,1.29
2011.06.21 10:26:50.859,1.03242,1.03286,1.35,3.98
2011.06.21 10:26:51.188,1.03242,1.03285,1.35,1.35
2011.06.21 10:26:51.628,1.03239,1.03276,3.60,1.44
2011.06.21 10:26:51.958,1.03244,1.03287,2.10,4.07
2011.06.21 10:26:55.759,1.0324,1.03284,2.48,1.73
2011.06.21 10:26:59.049,1.0324,1.03283,2.48,1.35
2011.06.21 10:26:59.158,1.03241,1.03284,1.35,1.73
2011.06.21 10:27:00.448,1.03241,1.03284,1.35,1.13
2011.06.21 10:27:00.888,1.0324,1.03284,2.48,1.13
2011.06.21 10:27:01.217,1.03241,1.03284,1.35,1.13
2011.06.21 10:27:05.948,1.0324,1.03283,2.10,1.13
2011.06.21 10:27:06.388,1.0324,1.03277,2.10,1.44
2011.06.21 10:27:06.718,1.03237,1.03277,2.85,1.44
2011.06.21 10:27:07.551,1.03237,1.03277,2.85,1.44
2011.06.21 10:27:08.057,1.03237,1.03277,2.85,1.44
2011.06.21 10:27:09.162,1.03237,1.03276,2.10,2.19
2011.06.21 10:27:09.500,1.03234,1.03276,2.10,3.32
2011.06.21 10:27:10.791,1.03233,1.03277,3.23,3.54
2011.06.21 10:27:12.151,1.03234,1.03277,1.35,2.04
2011.06.21 10:27:12.698,1.03233,1.03277,6.23,2.04
2011.06.21 10:27:14.407,1.03236,1.03277,1.35,2.04
2011.06.21 10:27:14.978,1.03236,1.03277,1.35,2.04
2011.06.21 10:27:17.277,1.03236,1.03277,1.35,2.04
2011.06.21 10:27:17.929,1.03237,1.03277,2.10,1.44
2011.06.21 10:27:22.457,1.03237,1.03277,2.10,1.44
2011.06.21 10:27:22.989,1.03237,1.03277,2.10,1.44
2011.06.21 10:27:23.629,1.03237,1.03277,2.10,1.44
2011.06.21 10:27:24.201,1.03237,1.03277,2.10,1.44
2011.06.21 10:27:27.738,1.03237,1.03277,2.10,1.44
2011.06.21 10:27:28.600,1.03236,1.03276,1.35,1.29
2011.06.21 10:27:29.699,1.03238,1.03276,2.10,1.44
2011.06.21 10:27:30.499,1.03238,1.03277,2.10,1.44
2011.06.21 10:27:31.345,1.03238,1.03277,2.10,1.44
2011.06.21 10:27:31.569,1.03238,1.03281,2.48,3.54
2011.06.21 10:27:32.339,1.03238,1.03277,2.10,1.44
2011.06.21 10:27:33.428,1.03242,1.03277,1.35,1.44
2011.06.21 10:27:34.018,1.03241,1.03277,1.35,1.44
2011.06.21 10:27:35.938,1.03238,1.03277,2.10,1.44
2011.06.21 10:27:36.983,1.03238,1.03277,2.10,1.44
2011.06.21 10:27:39.848,1.03238,1.03277,2.10,1.44
2011.06.21 10:27:40.354,1.03238,1.03277,2.10,1.44
2011.06.21 10:27:44.138,1.03238,1.03277,2.10,1.44
2011.06.21 10:27:44.890,1.03238,1.03276,2.10,1.44
2011.06.21 10:27:51.278,1.03238,1.03277,2.10,1.44
2011.06.21 10:27:51.828,1.03238,1.03277,2.10,1.44
2011.06.21 10:27:52.938,1.03238,1.03277,2.10,1.44
2011.06.21 10:27:53.490,1.03238,1.03277,2.10,1.44
2011.06.21 10:27:54.038,1.03241,1.03277,1.35,1.44
2011.06.21 10:27:54.368,1.03241,1.03276,1.35,1.44
2011.06.21 10:27:55.262,1.03241,1.03277,1.35,1.44
2011.06.21 10:27:55.808,1.03241,1.03277,1.35,1.44
2011.06.21 10:27:57.241,1.03241,1.03277,1.35,1.44
2011.06.21 10:27:57.790,1.03241,1.03277,1.35,1.44
2011.06.21 10:27:58.669,1.03246,1.03277,2.10,1.44
2011.06.21 10:27:59.329,1.03246,1.03282,2.10,1.44
2011.06.21 10:27:59.937,1.03246,1.03281,2.10,1.44
2011.06.21 10:28:00.498,1.03246,1.03287,2.10,1.44
2011.06.21 10:28:01.048,1.03246,1.03286,2.10,1.44
2011.06.21 10:28:01.989,1.03246,1.03286,2.10,2.19
2011.06.21 10:28:02.849,1.03247,1.03286,1.35,1.44
2011.06.21 10:28:04.800,1.03247,1.03286,1.35,2.04
2011.06.21 10:28:09.918,1.03247,1.03287,1.35,1.44
2011.06.21 10:28:13.209,1.03245,1.03286,2.10,1.50
2011.06.21 10:28:13.330,1.03246,1.03287,1.35,1.44
2011.06.21 10:28:13.866,1.03246,1.03287,1.35,1.44
2011.06.21 10:28:14.728,1.03246,1.03286,1.35,1.44
2011.06.21 10:28:15.268,1.03246,1.03287,1.35,1.44
2011.06.21 10:28:15.838,1.03246,1.03287,1.35,1.44
2011.06.21 10:28:18.031,1.03251,1.03287,1.35,1.44
2011.06.21 10:28:18.578,1.03246,1.03287,1.35,1.44
2011.06.21 10:28:20.247,1.03246,1.03287,1.35,1.44
2011.06.21 10:28:21.808,1.03246,1.03287,1.35,1.44
2011.06.21 10:28:23.567,1.03246,1.03287,1.35,1.44
2011.06.21 10:28:25.089,1.03246,1.03287,1.35,1.44
2011.06.21 10:28:29.139,1.03246,1.03287,1.35,1.44
2011.06.21 10:28:29.813,1.03246,1.03287,1.35,1.44
2011.06.21 10:28:31.020,1.03246,1.03287,1.35,1.44
2011.06.21 10:28:31.388,1.03245,1.03286,2.10,2.19
2011.06.21 10:28:31.828,1.03246,1.03287,1.35,1.44
2011.06.21 10:28:34.098,1.03251,1.03287,1.35,1.44
2011.06.21 10:28:34.654,1.03246,1.03287,1.35,1.44
2011.06.21 10:28:35.212,1.03251,1.03287,1.35,1.44
2011.06.21 10:28:36.872,1.03247,1.03287,1.35,1.44
2011.06.21 10:28:37.870,1.03247,1.03287,1.35,1.44
2011.06.21 10:28:38.713,1.03247,1.03287,1.35,1.44
2011.06.21 10:28:40.397,1.03247,1.03287,1.35,1.44
2011.06.21 10:28:41.010,1.03247,1.03287,1.35,1.44
2011.06.21 10:28:41.233,1.03252,1.03287,2.10,1.44
2011.06.21 10:28:41.349,1.03252,1.03294,2.10,1.35
2011.06.21 10:28:49.071,1.03252,1.03293,2.10,1.35
2011.06.21 10:28:49.679,1.03252,1.03294,2.10,1.73
2011.06.21 10:28:51.209,1.03252,1.03293,2.10,1.35
2011.06.21 10:28:51.429,1.03252,1.03297,2.85,3.92
2011.06.21 10:28:51.539,1.03254,1.03296,2.48,2.25
2011.06.21 10:28:52.166,1.03254,1.03297,2.48,1.44
2011.06.21 10:28:52.858,1.03254,1.03297,3.23,1.44
2011.06.21 10:28:53.190,1.03261,1.03297,2.10,1.44
2011.06.21 10:28:53.413,1.03259,1.03297,2.48,1.44
2011.06.21 10:28:53.849,1.03262,1.03296,2.10,1.88
2011.06.21 10:28:54.069,1.03262,1.03297,2.10,2.94
2011.06.21 10:28:54.179,1.03258,1.03297,2.10,1.44
2011.06.21 10:28:55.711,1.03258,1.03297,2.10,1.44
2011.06.21 10:28:56.310,1.03258,1.03297,2.10,1.44
2011.06.21 10:28:57.168,1.03258,1.03297,2.10,1.44
2011.06.21 10:28:57.855,1.03258,1.03297,2.10,1.44
2011.06.21 10:28:58.968,1.03258,1.03297,2.10,1.44
2011.06.21 10:28:59.507,1.03258,1.03297,2.10,1.44
2011.06.21 10:28:59.728,1.03258,1.03299,2.10,1.13
2011.06.21 10:28:59.847,1.03258,1.03299,2.10,1.82
2011.06.21 10:29:00.497,1.03258,1.03297,2.10,1.44
2011.06.21 10:29:01.018,1.03258,1.03296,2.10,1.44
2011.06.21 10:29:02.219,1.03258,1.03297,2.10,1.44
2011.06.21 10:29:02.778,1.03258,1.03297,2.10,1.44
2011.06.21 10:29:06.050,1.03258,1.03297,2.10,1.44
2011.06.21 10:29:07.611,1.03258,1.03296,2.10,1.44
2011.06.21 10:29:08.928,1.03258,1.03297,2.10,1.44
2011.06.21 10:29:09.579,1.03258,1.03297,2.10,1.44
2011.06.21 10:29:10.278,1.03258,1.03297,2.10,1.44
2011.06.21 10:29:11.178,1.03258,1.03296,2.10,1.50
2011.06.21 10:29:11.289,1.03258,1.03297,2.10,1.44
2011.06.21 10:29:11.917,1.03258,1.03297,2.10,1.44
2011.06.21 10:29:12.478,1.03258,1.03297,2.10,1.44
2011.06.21 10:29:13.120,1.03261,1.03297,1.73,1.44
2011.06.21 10:29:13.340,1.03263,1.03303,2.48,2.85
2011.06.21 10:29:13.449,1.03264,1.03306,2.10,1.44
2011.06.21 10:29:13.778,1.03264,1.03307,4.35,1.44
2011.06.21 10:29:15.098,1.03264,1.03307,2.85,1.44
2011.06.21 10:29:15.830,1.03264,1.03304,2.85,1.07
2011.06.21 10:29:16.158,1.03264,1.03306,5.10,2.19
2011.06.21 10:29:18.171,1.03268,1.03307,2.10,1.44
2011.06.21 10:29:18.836,1.03268,1.03307,2.10,1.44
2011.06.21 10:29:19.168,1.03266,1.03306,1.35,1.44
2011.06.21 10:29:19.928,1.03268,1.03306,2.10,1.44
2011.06.21 10:29:22.341,1.03268,1.03306,2.10,1.44
2011.06.21 10:29:22.908,1.03268,1.03307,2.10,1.44
2011.06.21 10:29:23.240,1.03266,1.03306,1.35,1.67
2011.06.21 10:29:23.569,1.03262,1.03304,2.85,1.35
2011.06.21 10:29:24.009,1.03262,1.03297,2.85,1.44
2011.06.21 10:29:25.124,1.03262,1.03297,2.85,1.44
2011.06.21 10:29:26.009,1.03262,1.03297,2.10,1.44
2011.06.21 10:29:26.668,1.03262,1.03297,2.10,1.44
2011.06.21 10:29:27.652,1.03262,1.03297,2.10,1.44
2011.06.21 10:29:28.185,1.03262,1.03297,2.85,1.44
2011.06.21 10:29:28.638,1.03264,1.03297,1.35,1.44
2011.06.21 10:29:28.861,1.03268,1.03304,2.48,1.35
2011.06.21 10:29:38.798,1.03267,1.03307,2.10,2.19
2011.06.21 10:29:38.928,1.03267,1.03307,2.85,1.44
2011.06.21 10:29:39.482,1.03267,1.03307,2.85,1.44
2011.06.21 10:29:42.008,1.03267,1.03307,2.85,1.44
2011.06.21 10:29:42.568,1.03267,1.03307,2.85,1.44
2011.06.21 10:29:43.268,1.03267,1.03307,2.85,1.44
2011.06.21 10:29:45.201,1.03273,1.03307,2.10,1.44
2011.06.21 10:29:45.421,1.03263,1.03306,1.35,2.63
2011.06.21 10:29:45.639,1.03262,1.03297,2.10,1.44
2011.06.21 10:29:47.572,1.03262,1.03296,1.35,1.44
2011.06.21 10:29:47.800,1.03262,1.03297,1.35,1.44
2011.06.21 10:29:48.404,1.03262,1.03297,1.35,1.44
2011.06.21 10:29:50.532,1.03259,1.03297,2.10,1.44
2011.06.21 10:29:51.258,1.03259,1.03297,2.10,1.44
2011.06.21 10:29:52.698,1.03262,1.03297,1.35,1.44
2011.06.21 10:29:53.319,1.03265,1.03297,1.35,1.44
2011.06.21 10:29:54.198,1.03262,1.03296,1.35,1.44
2011.06.21 10:29:54.955,1.03262,1.03297,1.35,1.44
2011.06.21 10:29:55.518,1.03262,1.03297,1.35,1.44
2011.06.21 10:29:56.448,1.03262,1.03297,1.35,1.44
2011.06.21 10:29:58.499,1.03262,1.03297,1.35,1.44
2011.06.21 10:29:59.797,1.03262,1.03297,1.35,1.44
2011.06.21 10:30:00.550,1.03265,1.03297,1.35,1.44
2011.06.21 10:30:01.105,1.03269,1.03304,2.10,1.07
2011.06.21 10:30:01.228,1.03274,1.03306,2.10,1.44
2011.06.21 10:30:01.342,1.03274,1.03312,2.10,1.13
2011.06.21 10:30:01.452,1.03274,1.03313,2.10,2.10
2011.06.21 10:30:01.999,1.03274,1.03316,2.85,1.29
2011.06.21 10:30:03.110,1.03277,1.03317,3.08,1.44
2011.06.21 10:30:03.399,1.03277,1.03317,3.08,1.44
2011.06.21 10:30:03.842,1.03274,1.03316,1.35,3.38
2011.06.21 10:30:04.339,1.03271,1.03307,1.35,1.44
2011.06.21 10:30:04.888,1.03271,1.03307,1.35,1.44
2011.06.21 10:30:05.831,1.03277,1.03307,1.35,1.44
2011.06.21 10:30:06.418,1.03277,1.03306,1.35,1.44
2011.06.21 10:30:07.088,1.03276,1.03307,1.35,1.44
2011.06.21 10:30:07.890,1.03276,1.03307,1.35,1.44
2011.06.21 10:30:08.498,1.03276,1.03307,1.35,1.44
2011.06.21 10:30:09.064,1.03272,1.03307,1.35,1.44
2011.06.21 10:30:09.741,1.03274,1.03313,2.10,2.10
2011.06.21 10:30:09.960,1.03274,1.03317,2.10,2.04
2011.06.21 10:30:10.520,1.03278,1.03316,2.10,1.44
2011.06.21 10:30:11.288,1.03271,1.03317,1.73,1.44
2011.06.21 10:30:11.849,1.03277,1.03317,1.35,1.44
2011.06.21 10:30:11.958,1.03277,1.03317,1.35,1.44
2011.06.21 10:30:12.470,1.03277,1.03317,1.35,1.44
2011.06.21 10:30:14.140,1.03278,1.03321,2.10,1.44
2011.06.21 10:30:14.360,1.03278,1.03317,1.50,1.44
2011.06.21 10:30:14.929,1.03273,1.03317,2.10,2.94
2011.06.21 10:30:15.430,1.03274,1.03316,2.10,3.32
2011.06.21 10:30:15.979,1.03272,1.0331,1.35,1.13
2011.06.21 10:30:16.419,1.03272,1.03307,1.35,2.42
2011.06.21 10:30:16.979,1.03272,1.03307,1.35,2.42
2011.06.21 10:30:18.520,1.03272,1.03306,1.35,1.44
2011.06.21 10:30:19.998,1.03272,1.03307,1.35,1.44
2011.06.21 10:30:20.978,1.03272,1.03307,1.35,1.44
2011.06.21 10:30:21.714,1.03272,1.03307,1.35,1.44
2011.06.21 10:30:22.248,1.03272,1.03306,1.35,1.44
2011.06.21 10:30:22.839,1.03272,1.03307,1.35,1.44
2011.06.21 10:30:23.389,1.03272,1.03296,1.35,1.44
2011.06.21 10:30:23.719,1.03268,1.03307,2.70,1.44
2011.06.21 10:30:24.670,1.03273,1.03307,2.10,1.44
2011.06.21 10:30:25.219,1.03273,1.03307,2.10,1.44
2011.06.21 10:30:25.953,1.03277,1.03307,1.35,1.44
2011.06.21 10:30:26.075,1.0327,1.03306,2.10,1.29
2011.06.21 10:30:26.301,1.0327,1.03305,2.10,1.29
2011.06.21 10:30:28.109,1.0327,1.03307,2.10,2.04
2011.06.21 10:30:29.957,1.03275,1.03306,2.10,1.44
2011.06.21 10:30:30.180,1.03271,1.03316,1.35,1.67
2011.06.21 10:30:30.620,1.03269,1.03306,2.10,1.44
2011.06.21 10:30:31.829,1.03272,1.03307,1.35,1.44
2011.06.21 10:30:32.158,1.03273,1.03307,2.10,1.44
2011.06.21 10:30:32.599,1.03273,1.03313,2.10,2.10
2011.06.21 10:30:32.708,1.03273,1.03316,2.10,2.04
2011.06.21 10:30:33.099,1.03273,1.03316,2.10,1.35
2011.06.21 10:30:34.291,1.03276,1.03316,1.35,2.04
2011.06.21 10:30:39.925,1.03276,1.03316,1.35,2.04
2011.06.21 10:30:40.479,1.03278,1.03307,2.10,1.44
2011.06.21 10:30:40.590,1.03278,1.03317,2.10,1.44
2011.06.21 10:30:40.919,1.03277,1.03317,1.35,1.44
2011.06.21 10:30:41.138,1.03277,1.03316,1.35,1.44
2011.06.21 10:30:41.875,1.03277,1.03306,1.35,1.44
2011.06.21 10:30:42.558,1.03275,1.03307,2.10,1.44
2011.06.21 10:30:42.780,1.03271,1.0331,1.35,1.29
2011.06.21 10:30:42.998,1.03271,1.03312,1.35,2.48
2011.06.21 10:30:43.108,1.03271,1.0331,1.35,1.29
2011.06.21 10:30:43.330,1.03272,1.03313,1.73,3.45
2011.06.21 10:30:43.440,1.03273,1.03313,2.10,1.35
2011.06.21 10:30:43.771,1.03277,1.03307,1.35,1.44
2011.06.21 10:30:44.432,1.03277,1.03307,1.35,1.44
2011.06.21 10:30:47.451,1.03277,1.03307,1.35,1.44
2011.06.21 10:30:48.020,1.03277,1.03306,1.35,1.44
2011.06.21 10:30:48.348,1.03277,1.03306,1.35,1.44
2011.06.21 10:30:49.149,1.03277,1.03307,1.35,1.44
2011.06.21 10:30:49.740,1.03274,1.03307,2.10,1.44
2011.06.21 10:30:50.618,1.03274,1.03307,2.10,1.44
2011.06.21 10:30:50.728,1.03269,1.03307,2.10,1.44
2011.06.21 10:30:51.169,1.03269,1.03297,2.10,1.44
2011.06.21 10:30:52.279,1.03269,1.03307,2.10,1.82
2011.06.21 10:30:53.808,1.03269,1.03307,2.10,1.82
2011.06.21 10:30:54.589,1.03269,1.03307,2.10,1.82
2011.06.21 10:30:58.360,1.03269,1.03306,2.10,1.13
2011.06.21 10:30:58.691,1.03274,1.03303,2.10,2.10
2011.06.21 10:30:58.801,1.03274,1.03312,2.10,2.85
2011.06.21 10:30:59.348,1.03274,1.03307,2.10,1.44
2011.06.21 10:30:59.949,1.03274,1.03307,2.10,1.44
2011.06.21 10:31:00.528,1.03274,1.03307,2.10,1.44
2011.06.21 10:31:01.629,1.03274,1.03307,2.10,1.44
2011.06.21 10:31:02.464,1.03274,1.03307,2.10,1.44
2011.06.21 10:31:02.679,1.03269,1.03306,2.10,1.44
2011.06.21 10:31:03.443,1.03268,1.03307,6.08,1.44
2011.06.21 10:31:03.999,1.03268,1.03307,6.08,1.44
2011.06.21 10:31:04.548,1.03271,1.03307,1.35,1.44
2011.06.21 10:31:05.209,1.03271,1.03307,1.35,1.44
2011.06.21 10:31:05.819,1.03271,1.03307,1.35,1.44
2011.06.21 10:31:06.260,1.03268,1.03307,4.20,2.04
2011.06.21 10:31:06.481,1.03265,1.03306,2.10,1.13
2011.06.21 10:31:07.033,1.03263,1.03306,2.10,3.98
2011.06.21 10:31:07.154,1.03261,1.03296,1.35,1.44
2011.06.21 10:31:09.780,1.03257,1.03297,2.10,1.44
2011.06.21 10:31:10.329,1.03257,1.03297,2.10,1.44
2011.06.21 10:31:11.112,1.03257,1.03297,2.10,1.44
2011.06.21 10:31:11.824,1.03257,1.03296,2.10,1.44
2011.06.21 10:31:12.493,1.03257,1.03297,2.10,1.44
2011.06.21 10:31:13.039,1.03257,1.03296,2.10,1.44
2011.06.21 10:31:13.978,1.03257,1.03297,2.10,1.44
2011.06.21 10:31:14.634,1.03257,1.03297,2.10,1.44
2011.06.21 10:31:14.859,1.03254,1.03297,1.35,2.04
2011.06.21 10:31:14.969,1.03254,1.03296,2.85,1.50
2011.06.21 10:31:17.008,1.03253,1.03297,3.60,3.54
2011.06.21 10:31:17.877,1.03253,1.03297,3.60,2.79
2011.06.21 10:31:17.989,1.03254,1.03296,1.35,1.07
2011.06.21 10:31:18.208,1.03253,1.03296,2.10,3.17
2011.06.21 10:31:18.318,1.03253,1.0329,1.35,1.35
2011.06.21 10:31:18.924,1.0325,1.03286,1.35,1.29
2011.06.21 10:31:19.043,1.03246,1.03286,1.35,1.35
2011.06.21 10:31:19.589,1.0325,1.03286,1.35,1.29
2011.06.21 10:31:20.111,1.03248,1.03287,2.10,1.44
2011.06.21 10:31:20.438,1.03251,1.03286,1.35,1.44
2011.06.21 10:31:21.209,1.03246,1.03287,2.10,2.04
2011.06.21 10:31:21.428,1.03244,1.03286,1.35,1.29
2011.06.21 10:31:21.649,1.03242,1.03277,2.10,1.44
2011.06.21 10:31:22.278,1.03242,1.03277,2.10,1.44
2011.06.21 10:31:22.956,1.03242,1.03277,2.85,1.44
2011.06.21 10:31:24.738,1.03247,1.03277,1.35,1.44
2011.06.21 10:31:25.450,1.03247,1.03277,1.35,1.44
2011.06.21 10:31:26.159,1.03244,1.03277,1.35,1.44
2011.06.21 10:31:26.378,1.03241,1.03277,1.35,1.44
2011.06.21 10:31:26.928,1.03241,1.03277,1.35,1.44
2011.06.21 10:31:27.831,1.03241,1.03277,1.35,1.44
2011.06.21 10:31:28.677,1.03241,1.03277,1.35,1.44
2011.06.21 10:31:32.458,1.03241,1.03277,1.35,1.44
2011.06.21 10:31:33.049,1.03241,1.03276,1.35,1.44
2011.06.21 10:31:37.249,1.03241,1.03277,1.35,1.44
2011.06.21 10:31:37.848,1.03241,1.03277,1.35,1.44
2011.06.21 10:31:38.422,1.03241,1.03277,1.35,1.44
2011.06.21 10:31:39.639,1.03241,1.03277,1.35,1.44
2011.06.21 10:31:40.608,1.03238,1.03277,2.10,1.44
2011.06.21 10:31:40.721,1.03244,1.03277,2.10,1.44
2011.06.21 10:31:40.831,1.03244,1.03287,2.10,1.44
2011.06.21 10:31:42.469,1.03244,1.03287,2.10,1.44
2011.06.21 10:31:42.689,1.03251,1.03287,2.10,1.44
2011.06.21 10:31:43.240,1.03251,1.03287,2.10,1.44
2011.06.21 10:31:44.092,1.03251,1.03287,2.10,1.44
2011.06.21 10:31:44.710,1.03248,1.03287,2.10,1.44
2011.06.21 10:31:45.310,1.03248,1.03286,2.10,2.63
2011.06.21 10:31:48.429,1.03246,1.03286,1.35,2.25
2011.06.21 10:31:48.978,1.03244,1.03287,2.85,1.44
2011.06.21 10:31:49.701,1.03243,1.03287,4.73,1.44
2011.06.21 10:31:49.920,1.03244,1.03287,2.85,1.44
2011.06.21 10:31:51.679,1.03251,1.03287,1.35,1.44
2011.06.21 10:31:52.228,1.03251,1.03287,1.35,1.44
2011.06.21 10:31:52.779,1.03251,1.03287,1.35,1.44
2011.06.21 10:31:53.389,1.03247,1.03287,1.35,1.44
2011.06.21 10:31:54.620,1.03249,1.03294,2.10,1.35
2011.06.21 10:31:54.729,1.03252,1.03294,2.10,1.35
2011.06.21 10:31:55.058,1.03252,1.03287,2.10,1.44
2011.06.21 10:31:55.638,1.03252,1.03287,2.10,1.44
2011.06.21 10:31:57.088,1.03252,1.03287,2.85,1.44
2011.06.21 10:31:57.637,1.03252,1.03287,2.85,1.44
2011.06.21 10:31:58.460,1.03252,1.03297,2.48,2.04
2011.06.21 10:31:58.594,1.03261,1.03296,2.10,1.44
2011.06.21 10:31:59.488,1.03261,1.03297,2.10,1.44
2011.06.21 10:31:59.939,1.03257,1.03296,1.35,1.35
2011.06.21 10:32:00.050,1.03257,1.03296,1.35,1.73
2011.06.21 10:32:00.379,1.03253,1.03292,2.10,2.48
2011.06.21 10:32:00.708,1.03253,1.03287,2.10,1.44
2011.06.21 10:32:01.078,1.03253,1.03295,2.10,1.13
2011.06.21 10:32:01.189,1.03253,1.03296,2.10,3.92
2011.06.21 10:32:01.408,1.03253,1.03296,2.10,4.29
2011.06.21 10:32:01.519,1.03248,1.03292,2.10,5.33
2011.06.21 10:32:01.848,1.03248,1.03287,2.10,1.44
2011.06.21 10:32:02.179,1.03244,1.03286,1.35,1.73
2011.06.21 10:32:02.399,1.03242,1.03286,3.23,2.85
2011.06.21 10:32:02.509,1.0325,1.03287,2.10,2.94
2011.06.21 10:32:03.621,1.0325,1.03287,2.10,1.44
2011.06.21 10:32:04.699,1.03256,1.03291,2.10,2.19
2011.06.21 10:32:04.809,1.03256,1.03293,2.10,1.50
2011.06.21 10:32:05.029,1.03256,1.03293,2.10,1.50
2011.06.21 10:32:05.578,1.03256,1.03286,2.10,1.44
2011.06.21 10:32:05.798,1.03256,1.03297,2.10,2.04
2011.06.21 10:32:08.859,1.03256,1.03297,2.10,2.04
2011.06.21 10:32:09.631,1.03256,1.03297,2.10,2.04
2011.06.21 10:32:10.177,1.03256,1.03297,2.10,2.04
2011.06.21 10:32:10.831,1.03256,1.03297,2.10,2.04
2011.06.21 10:32:13.459,1.03256,1.03297,2.85,2.04
2011.06.21 10:32:14.128,1.03257,1.03297,1.35,2.04
2011.06.21 10:32:14.791,1.03256,1.03297,2.10,2.04
2011.06.21 10:32:15.450,1.03262,1.03297,2.10,1.44
2011.06.21 10:32:15.564,1.03262,1.03302,2.10,2.10
2011.06.21 10:32:15.681,1.03267,1.03305,2.10,1.50
2011.06.21 10:32:16.008,1.03267,1.03297,2.10,1.44
2011.06.21 10:32:16.449,1.03267,1.03306,2.10,1.44
2011.06.21 10:32:21.668,1.03267,1.03307,2.85,2.04
2011.06.21 10:32:22.269,1.03267,1.03307,2.85,2.04
2011.06.21 10:32:22.798,1.03267,1.03307,2.85,2.04
2011.06.21 10:32:23.384,1.03267,1.03307,2.85,2.04
2011.06.21 10:32:24.971,1.03267,1.03306,2.10,2.19
2011.06.21 10:32:26.090,1.03267,1.03307,2.85,3.92
2011.06.21 10:32:26.336,1.03267,1.03306,2.85,3.32
2011.06.21 10:32:27.539,1.03267,1.03305,2.10,1.07
2011.06.21 10:32:27.649,1.03267,1.03306,2.10,1.88
2011.06.21 10:32:28.490,1.03267,1.03311,2.10,2.48
2011.06.21 10:32:29.052,1.0327,1.03307,2.10,1.44
2011.06.21 10:32:29.161,1.03265,1.03307,2.10,2.04
2011.06.21 10:32:29.493,1.03268,1.03307,2.10,1.44
2011.06.21 10:32:29.719,1.03264,1.03306,1.35,2.10
2011.06.21 10:32:29.940,1.03259,1.03306,3.23,4.35
2011.06.21 10:32:30.489,1.03262,1.03301,2.10,1.50
2011.06.21 10:32:31.040,1.03262,1.03302,2.10,1.50
2011.06.21 10:32:32.579,1.03262,1.03301,2.10,1.50
2011.06.21 10:32:32.909,1.03262,1.03301,2.10,1.13
2011.06.21 10:32:33.019,1.03256,1.03301,1.35,1.13
2011.06.21 10:32:33.128,1.03256,1.03299,1.35,1.07
2011.06.21 10:32:33.788,1.03253,1.03297,1.35,2.94
2011.06.21 10:32:34.338,1.03256,1.03296,1.35,2.25
2011.06.21 10:32:35.145,1.03253,1.03297,2.10,2.94
2011.06.21 10:32:35.681,1.03254,1.03296,1.35,2.25
2011.06.21 10:32:36.349,1.03253,1.03297,2.10,2.94
2011.06.21 10:32:36.909,1.03254,1.03296,1.35,2.25
2011.06.21 10:32:37.608,1.03256,1.03297,1.35,1.44
2011.06.21 10:32:38.769,1.03256,1.03297,1.35,1.44
2011.06.21 10:32:39.950,1.0327,1.03296,2.10,1.44
2011.06.21 10:32:40.060,1.0327,1.03301,2.10,1.50
2011.06.21 10:32:40.169,1.0327,1.03307,2.10,2.19
2011.06.21 10:32:40.855,1.0327,1.03307,2.10,1.44
2011.06.21 10:32:41.409,1.0327,1.03307,2.10,1.44
2011.06.21 10:32:42.517,1.0327,1.03307,2.10,1.44
2011.06.21 10:32:43.268,1.0327,1.03307,2.10,1.44
2011.06.21 10:32:44.079,1.0327,1.03311,2.10,1.50
2011.06.21 10:32:44.890,1.0327,1.03313,2.85,1.13
2011.06.21 10:32:45.329,1.03272,1.03312,2.10,1.50
2011.06.21 10:32:46.198,1.03265,1.03311,2.48,1.50
2011.06.21 10:32:46.678,1.03273,1.03311,2.48,1.50
2011.06.21 10:32:47.009,1.03278,1.03316,2.70,1.44
2011.06.21 10:32:48.079,1.03278,1.03316,2.70,1.50
2011.06.21 10:32:49.059,1.03278,1.03316,2.70,1.50
2011.06.21 10:32:54.098,1.03278,1.03317,2.70,1.44
2011.06.21 10:32:54.606,1.03278,1.03317,2.70,1.44
2011.06.21 10:32:55.320,1.03278,1.03316,2.70,1.44
2011.06.21 10:32:56.962,1.03278,1.03316,2.85,1.35
2011.06.21 10:32:57.071,1.03274,1.03316,3.60,1.35
2011.06.21 10:32:57.179,1.03277,1.03316,2.10,1.44
2011.06.21 10:32:58.108,1.03277,1.03317,2.10,1.44
2011.06.21 10:32:58.856,1.03277,1.03317,2.10,1.44
2011.06.21 10:32:59.411,1.03284,1.03317,2.10,1.44
2011.06.21 10:32:59.974,1.03284,1.03326,2.10,2.04
2011.06.21 10:33:01.069,1.03284,1.03326,2.85,1.35
2011.06.21 10:33:01.179,1.03287,1.03327,2.10,1.44
2011.06.21 10:33:02.239,1.03287,1.03326,2.10,1.44
2011.06.21 10:33:02.350,1.03287,1.03327,2.10,1.44
2011.06.21 10:33:02.459,1.03284,1.03324,1.35,1.35
2011.06.21 10:33:04.479,1.03283,1.03327,2.10,2.42
2011.06.21 10:33:04.700,1.03283,1.03324,2.10,1.73
2011.06.21 10:33:05.219,1.03283,1.03319,1.35,1.29
2011.06.21 10:33:05.779,1.03277,1.03317,5.33,1.44
2011.06.21 10:33:06.328,1.03277,1.03317,4.58,1.44
2011.06.21 10:33:07.093,1.03277,1.03317,5.33,1.44
2011.06.21 10:33:07.539,1.03282,1.03317,2.85,1.44
2011.06.21 10:33:08.109,1.03283,1.03324,2.48,1.35
2011.06.21 10:33:10.468,1.03284,1.03323,1.35,1.35
2011.06.21 10:33:10.800,1.03284,1.03323,2.85,1.50
2011.06.21 10:33:10.909,1.03284,1.03326,1.35,1.29
2011.06.21 10:33:11.130,1.03286,1.03327,2.10,4.67
2011.06.21 10:33:12.728,1.03286,1.03326,2.85,2.94
2011.06.21 10:33:13.608,1.03286,1.03326,2.10,3.00
2011.06.21 10:33:13.938,1.03291,1.03326,2.10,1.44
2011.06.21 10:33:15.311,1.03287,1.03326,1.35,2.42
2011.06.21 10:33:15.640,1.03289,1.03316,2.10,1.44
2011.06.21 10:33:15.860,1.03289,1.03327,2.10,1.44
2011.06.21 10:33:16.191,1.03295,1.03327,2.10,1.44
2011.06.21 10:33:16.411,1.03288,1.03333,1.73,3.08
2011.06.21 10:33:17.400,1.03287,1.03333,1.35,1.35
2011.06.21 10:33:17.619,1.03287,1.0333,1.35,1.73
2011.06.21 10:33:17.950,1.03287,1.03327,1.35,1.44
2011.06.21 10:33:19.250,1.03286,1.03327,1.35,2.19
2011.06.21 10:33:19.360,1.03286,1.03326,1.35,2.19
2011.06.21 10:33:19.692,1.03282,1.03332,1.35,1.73
2011.06.21 10:33:19.802,1.03286,1.03333,2.48,1.13
2011.06.21 10:33:20.350,1.03286,1.03335,2.48,1.73
2011.06.21 10:33:20.681,1.0329,1.03335,1.35,1.82
2011.06.21 10:33:20.791,1.03291,1.03336,1.73,1.44
2011.06.21 10:33:22.000,1.03294,1.03337,1.35,3.32
2011.06.21 10:33:22.838,1.03293,1.03337,2.10,3.32
2011.06.21 10:33:23.579,1.03294,1.03336,1.35,2.25
2011.06.21 10:33:23.818,1.03294,1.03336,1.35,1.29
2011.06.21 10:33:24.039,1.03294,1.03336,2.10,1.29
2011.06.21 10:33:24.710,1.03294,1.03335,1.35,1.13
2011.06.21 10:33:25.039,1.03292,1.03332,1.35,3.17
2011.06.21 10:33:25.588,1.03288,1.03327,2.70,1.44
2011.06.21 10:33:26.080,1.03288,1.03326,2.10,1.29
2011.06.21 10:33:26.409,1.03287,1.03323,1.35,2.10
2011.06.21 10:33:26.519,1.03287,1.03326,1.35,1.44
2011.06.21 10:33:26.969,1.0329,1.03326,2.10,1.44
2011.06.21 10:33:27.392,1.03296,1.03326,2.10,1.44
2011.06.21 10:33:27.512,1.03296,1.03333,2.10,1.35
2011.06.21 10:33:27.730,1.03293,1.03329,2.10,1.35
2011.06.21 10:33:29.179,1.03294,1.03327,2.10,1.44
2011.06.21 10:33:29.400,1.03294,1.03333,2.10,1.35
2011.06.21 10:33:30.949,1.03293,1.03334,1.50,1.35
2011.06.21 10:33:31.060,1.03288,1.03331,1.35,2.10
2011.06.21 10:33:31.388,1.03287,1.03329,3.08,1.35
2011.06.21 10:33:33.039,1.03287,1.03327,3.08,1.44
2011.06.21 10:33:33.657,1.03287,1.03327,3.08,1.44
2011.06.21 10:33:34.001,1.03284,1.03324,2.85,1.73
2011.06.21 10:33:34.330,1.03282,1.03316,1.35,1.29
2011.06.21 10:33:35.211,1.03282,1.03316,1.35,1.44
2011.06.21 10:33:35.782,1.03286,1.03317,2.10,1.44
2011.06.21 10:33:35.891,1.03286,1.03326,2.10,1.29
2011.06.21 10:33:36.002,1.03278,1.03323,3.60,1.73
2011.06.21 10:33:37.210,1.03277,1.03319,1.35,1.73
2011.06.21 10:33:37.540,1.03277,1.03316,2.85,1.44
2011.06.21 10:33:37.650,1.03277,1.03316,1.35,2.42
2011.06.21 10:33:38.143,1.03277,1.03316,1.35,1.29
2011.06.21 10:33:38.254,1.03278,1.03317,2.10,1.44
2011.06.21 10:33:38.698,1.03278,1.03317,2.10,1.82
2011.06.21 10:33:38.810,1.03273,1.03317,1.35,2.42
2011.06.21 10:33:39.030,1.03275,1.03313,1.35,2.70
2011.06.21 10:33:39.359,1.03276,1.03317,1.35,2.42
2011.06.21 10:33:39.581,1.03284,1.03317,2.10,1.44
2011.06.21 10:33:40.360,1.03284,1.03323,2.10,2.85
2011.06.21 10:33:44.940,1.03284,1.03326,1.35,3.60
2011.06.21 10:33:48.908,1.03283,1.03324,2.10,1.35
2011.06.21 10:33:49.850,1.03284,1.03325,1.35,1.35
2011.06.21 10:33:50.412,1.03284,1.03325,1.35,1.35
2011.06.21 10:33:50.520,1.03287,1.03327,1.35,3.54
2011.06.21 10:33:50.650,1.03283,1.03325,2.10,1.35
2011.06.21 10:33:52.625,1.03284,1.03326,2.10,3.54
2011.06.21 10:33:52.850,1.03287,1.03326,2.48,1.44
2011.06.21 10:33:53.069,1.03293,1.03332,1.35,1.35
2011.06.21 10:33:53.178,1.03293,1.03333,2.10,1.35
2011.06.21 10:33:53.450,1.03294,1.03332,2.10,1.35
2011.06.21 10:33:53.950,1.03294,1.03332,2.10,1.35
2011.06.21 10:33:54.469,1.03294,1.03333,1.35,1.73
2011.06.21 10:33:54.909,1.03288,1.03327,2.70,1.44
2011.06.21 10:33:55.571,1.03288,1.03327,2.70,2.04
2011.06.21 10:33:58.049,1.03287,1.03327,2.70,2.04
2011.06.21 10:33:58.159,1.03287,1.03322,2.70,2.48
2011.06.21 10:33:58.708,1.03283,1.03317,2.10,2.04
2011.06.21 10:33:59.589,1.03283,1.03317,2.10,2.04
2011.06.21 10:34:00.520,1.03282,1.03316,2.10,1.44
2011.06.21 10:34:00.959,1.03279,1.03316,2.10,1.29
2011.06.21 10:34:01.678,1.03279,1.03316,2.10,2.25
2011.06.21 10:34:02.228,1.03279,1.03317,2.10,2.94
2011.06.21 10:34:02.896,1.03279,1.03317,2.10,2.94
2011.06.21 10:34:04.040,1.03279,1.03317,2.10,1.44
2011.06.21 10:34:04.479,1.03284,1.03316,2.10,1.44
2011.06.21 10:34:04.699,1.03284,1.03326,2.10,3.54
2011.06.21 10:34:04.809,1.03287,1.03326,2.10,2.25
2011.06.21 10:34:05.689,1.03287,1.03334,2.48,3.98
2011.06.21 10:34:15.420,1.03287,1.03327,2.48,1.44
2011.06.21 10:34:15.641,1.03287,1.03332,2.48,1.13
2011.06.21 10:34:15.750,1.03288,1.03333,1.35,2.85
2011.06.21 10:34:15.973,1.0329,1.03336,1.73,1.44
2011.06.21 10:34:16.201,1.03294,1.03336,1.73,1.44
2011.06.21 10:34:16.702,1.03294,1.03336,2.48,2.94
2011.06.21 10:34:16.815,1.03294,1.03336,1.35,2.85
2011.06.21 10:34:17.999,1.03293,1.03335,2.48,1.35
2011.06.21 10:34:24.650,1.03294,1.03336,3.60,3.69
2011.06.21 10:34:25.111,1.03296,1.03336,1.35,2.94
2011.06.21 10:34:25.719,1.03294,1.03336,3.60,3.69
2011.06.21 10:34:26.980,1.03294,1.03332,1.35,1.13
2011.06.21 10:34:27.309,1.03296,1.03331,2.10,2.25
2011.06.21 10:34:27.420,1.03293,1.03333,3.98,1.50
2011.06.21 10:34:27.530,1.03294,1.03336,2.48,1.35
2011.06.21 10:34:28.555,1.03293,1.03336,2.10,1.67
2011.06.21 10:34:29.110,1.03293,1.03334,2.10,1.73
2011.06.21 10:34:30.088,1.03293,1.03337,2.10,3.92
2011.06.21 10:34:30.920,1.03297,1.03336,2.10,2.63
2011.06.21 10:34:31.030,1.03298,1.0334,3.08,1.50
2011.06.21 10:34:31.250,1.03294,1.03339,2.48,1.13
2011.06.21 10:34:31.689,1.03297,1.03337,1.35,1.44
2011.06.21 10:34:32.020,1.03303,1.03345,2.48,1.29
2011.06.21 10:34:32.129,1.03303,1.03346,2.48,2.04
2011.06.21 10:34:32.239,1.03303,1.03341,2.10,1.50
2011.06.21 10:34:32.789,1.03302,1.03341,1.35,2.63
2011.06.21 10:34:33.039,1.03302,1.03339,1.35,1.07
2011.06.21 10:34:33.668,1.03302,1.03337,1.35,1.44
2011.06.21 10:34:34.438,1.03302,1.03337,1.35,1.44
2011.06.21 10:34:35.276,1.03302,1.03337,1.35,1.44
2011.06.21 10:34:37.729,1.03296,1.03337,1.35,1.44
2011.06.21 10:34:38.532,1.03301,1.03336,1.35,1.44
2011.06.21 10:34:39.268,1.03297,1.03337,1.35,1.44
2011.06.21 10:34:40.049,1.03297,1.03337,1.35,1.44
2011.06.21 10:34:40.380,1.03296,1.03342,1.73,1.50
2011.06.21 10:34:41.035,1.03296,1.03341,1.73,1.50
2011.06.21 10:34:41.371,1.03299,1.03341,2.85,1.50
2011.06.21 10:34:41.480,1.03299,1.03346,4.35,2.57
2011.06.21 10:34:42.123,1.03298,1.03337,1.50,2.04
2011.06.21 10:34:42.448,1.03294,1.03336,3.23,1.44
2011.06.21 10:34:43.668,1.03294,1.03337,1.73,1.44
2011.06.21 10:34:44.219,1.03294,1.03336,2.48,1.35
2011.06.21 10:34:44.668,1.03296,1.03337,2.10,1.44
2011.06.21 10:34:45.000,1.03294,1.03336,2.48,1.35
2011.06.21 10:34:45.522,1.03294,1.03334,3.23,1.35
2011.06.21 10:34:46.068,1.03296,1.03337,2.10,1.44
2011.06.21 10:34:46.995,1.03297,1.03337,1.35,1.44
2011.06.21 10:34:47.502,1.03297,1.03337,1.35,1.44
2011.06.21 10:34:47.832,1.03296,1.03336,2.10,1.50
2011.06.21 10:34:53.691,1.03294,1.03334,1.73,1.35
2011.06.21 10:35:03.799,1.03294,1.03333,2.48,1.35
2011.06.21 10:35:03.909,1.03294,1.03336,1.73,2.10
2011.06.21 10:35:04.349,1.03292,1.03331,2.10,2.25
2011.06.21 10:35:04.460,1.03288,1.03326,2.10,1.29
2011.06.21 10:35:04.790,1.03284,1.03324,2.10,1.73
2011.06.21 10:35:05.339,1.03284,1.03317,2.10,1.44
2011.06.21 10:35:06.040,1.03284,1.03317,2.10,1.44
2011.06.21 10:35:08.589,1.03284,1.03326,2.48,2.04
2011.06.21 10:35:08.699,1.03295,1.0333,2.10,1.50
2011.06.21 10:35:08.812,1.03295,1.0333,2.10,1.44
2011.06.21 10:35:09.031,1.03292,1.0333,1.35,2.42
2011.06.21 10:35:22.618,1.0329,1.03326,2.10,1.35
2011.06.21 10:35:24.385,1.0329,1.03329,2.10,1.35
2011.06.21 10:35:24.499,1.03283,1.03327,2.10,1.73
2011.06.21 10:35:27.361,1.03282,1.03323,1.35,1.35
2011.06.21 10:35:27.800,1.03278,1.0332,2.10,1.29
2011.06.21 10:35:28.349,1.03276,1.03316,1.35,1.44
2011.06.21 10:35:29.009,1.03276,1.03317,1.35,1.44
2011.06.21 10:35:29.642,1.03276,1.03317,1.35,1.44
2011.06.21 10:35:30.189,1.03277,1.03317,1.35,1.44
2011.06.21 10:35:30.738,1.03277,1.03316,1.35,1.44
2011.06.21 10:35:31.289,1.03277,1.03317,1.35,1.44
2011.06.21 10:35:31.838,1.03277,1.03317,1.35,1.44
2011.06.21 10:35:32.649,1.03277,1.03317,1.35,1.44
2011.06.21 10:35:33.162,1.03277,1.03317,1.35,1.44
2011.06.21 10:35:33.980,1.03277,1.03318,1.35,1.50
2011.06.21 10:35:34.692,1.03277,1.03316,1.35,1.44
2011.06.21 10:35:37.449,1.03277,1.03317,1.35,1.44
2011.06.21 10:35:39.279,1.03277,1.03317,1.35,1.44
2011.06.21 10:35:40.739,1.03277,1.03317,1.35,1.44
2011.06.21 10:35:41.409,1.03277,1.03317,1.35,1.44
2011.06.21 10:35:42.448,1.03277,1.03317,1.35,1.44
2011.06.21 10:35:43.858,1.03279,1.03317,2.10,1.44
2011.06.21 10:35:44.408,1.03279,1.03316,2.10,1.44
2011.06.21 10:35:47.409,1.03279,1.03317,2.10,1.44
2011.06.21 10:35:47.929,1.03279,1.03317,2.10,1.44
2011.06.21 10:35:48.260,1.03276,1.03308,1.35,2.25
2011.06.21 10:35:48.590,1.0328,1.0331,2.10,2.25
2011.06.21 10:35:49.065,1.03285,1.0331,2.10,2.25
2011.06.21 10:35:49.183,1.03285,1.03318,2.48,2.25
2011.06.21 10:35:54.199,1.03287,1.03321,1.35,2.25
2011.06.21 10:35:54.549,1.03287,1.03326,1.35,3.60
2011.06.21 10:36:00.621,1.03287,1.03326,1.35,4.29
2011.06.21 10:36:00.729,1.03285,1.03326,2.10,2.79
2011.06.21 10:36:00.839,1.0328,1.0332,2.10,1.13
2011.06.21 10:36:01.059,1.03277,1.03317,1.35,2.04
2011.06.21 10:36:07.350,1.03274,1.03315,1.35,2.48
2011.06.21 10:36:11.908,1.03277,1.03316,1.35,1.35
2011.06.21 10:36:16.398,1.03277,1.03317,2.85,1.44
2011.06.21 10:36:17.649,1.03277,1.03317,2.85,1.44
2011.06.21 10:36:18.620,1.03278,1.03322,2.70,2.42
2011.06.21 10:36:18.950,1.03284,1.03322,1.35,2.04
2011.06.21 10:36:19.061,1.03286,1.03325,2.48,2.25
2011.06.21 10:36:19.171,1.03293,1.03333,1.73,1.35
2011.06.21 10:36:19.281,1.03293,1.03336,1.73,3.69
2011.06.21 10:36:19.609,1.03293,1.03336,1.73,2.19
2011.06.21 10:36:19.829,1.03294,1.03335,2.48,1.44
2011.06.21 10:36:19.941,1.03294,1.03334,1.50,1.73
2011.06.21 10:36:20.490,1.03286,1.03333,2.48,1.35
2011.06.21 10:36:20.930,1.03286,1.03333,2.85,3.83
2011.06.21 10:36:21.259,1.03286,1.03331,2.85,1.07
2011.06.21 10:36:21.972,1.03286,1.03326,2.85,1.44
2011.06.21 10:36:27.958,1.03287,1.03327,1.35,1.44
2011.06.21 10:36:28.539,1.03287,1.03327,1.35,1.44
2011.06.21 10:36:29.478,1.03287,1.03327,1.35,1.44
2011.06.21 10:36:30.389,1.03287,1.03327,1.35,1.44
2011.06.21 10:36:33.118,1.03287,1.03327,1.35,1.44
2011.06.21 10:36:34.285,1.03287,1.03327,1.35,1.44
2011.06.21 10:36:34.799,1.03287,1.03326,1.35,1.29
2011.06.21 10:36:37.211,1.03289,1.03327,2.10,1.44
2011.06.21 10:36:37.747,1.03289,1.03326,2.10,1.44
2011.06.21 10:36:42.049,1.03289,1.03327,2.10,1.44
2011.06.21 10:36:42.928,1.03289,1.03327,2.10,1.44
2011.06.21 10:36:44.479,1.03289,1.03327,2.10,1.44
2011.06.21 10:36:46.009,1.03289,1.03327,2.10,1.44
2011.06.21 10:36:47.116,1.03289,1.03327,2.10,1.44
2011.06.21 10:36:47.803,1.03289,1.03327,2.10,1.44
2011.06.21 10:36:52.832,1.03289,1.03327,2.10,1.44
2011.06.21 10:36:53.709,1.03289,1.03327,2.10,1.44
2011.06.21 10:36:56.359,1.03289,1.03327,2.10,1.44
2011.06.21 10:36:57.234,1.03289,1.03326,2.10,1.44
2011.06.21 10:36:58.329,1.03289,1.03327,2.10,1.44
2011.06.21 10:36:58.999,1.03289,1.03327,2.10,1.44
2011.06.21 10:37:01.958,1.03289,1.03327,2.10,1.44
2011.06.21 10:37:05.040,1.03289,1.03327,2.10,1.44
2011.06.21 10:37:05.588,1.03289,1.03326,2.10,1.44
2011.06.21 10:37:06.119,1.03289,1.03327,2.10,1.44
2011.06.21 10:37:10.498,1.03289,1.03327,2.10,1.44
2011.06.21 10:37:11.094,1.03289,1.03327,2.10,1.44
2011.06.21 10:37:11.707,1.03289,1.03326,2.10,1.44
2011.06.21 10:37:13.572,1.03286,1.03327,1.35,2.04
2011.06.21 10:37:14.168,1.03286,1.03327,1.35,2.04
2011.06.21 10:37:14.930,1.03286,1.03327,1.35,2.04
2011.06.21 10:37:15.148,1.0329,1.03327,2.10,1.44
2011.06.21 10:37:16.059,1.03293,1.03333,2.10,2.85
2011.06.21 10:37:17.480,1.03293,1.03332,2.10,3.23
2011.06.21 10:37:17.804,1.03293,1.03331,2.10,1.07
2011.06.21 10:37:19.612,1.03293,1.03327,2.10,1.44
2011.06.21 10:37:20.209,1.03293,1.03326,2.10,1.13
2011.06.21 10:37:20.320,1.03287,1.03326,2.85,1.07
2011.06.21 10:37:20.538,1.03287,1.03326,1.35,1.67
2011.06.21 10:37:22.431,1.03284,1.03324,3.60,2.10
2011.06.21 10:37:26.730,1.03284,1.03319,3.60,1.35
2011.06.21 10:37:27.343,1.03278,1.03316,2.10,1.35
2011.06.21 10:37:30.340,1.03276,1.03317,1.73,1.44
2011.06.21 10:37:30.669,1.03278,1.03317,1.35,1.44
2011.06.21 10:37:30.780,1.03284,1.03326,1.50,2.04
2011.06.21 10:37:31.439,1.03283,1.03327,1.88,2.04
2011.06.21 10:37:32.170,1.03283,1.03326,1.88,1.29
2011.06.21 10:37:32.738,1.03283,1.03327,1.88,2.04
2011.06.21 10:37:33.358,1.03283,1.03326,1.88,1.35
2011.06.21 10:37:34.129,1.03283,1.03324,1.88,1.35
2011.06.21 10:37:35.379,1.03283,1.03324,1.50,1.35
2011.06.21 10:37:35.600,1.03281,1.03322,1.35,1.50
2011.06.21 10:37:35.710,1.03281,1.03322,1.35,2.48
2011.06.21 10:37:36.041,1.03281,1.03322,1.35,2.10
2011.06.21 10:37:36.709,1.03281,1.03321,1.35,1.50
2011.06.21 10:37:37.584,1.03281,1.03322,1.35,2.10
2011.06.21 10:37:39.100,1.03281,1.03321,1.35,1.50
2011.06.21 10:37:39.321,1.03276,1.03321,1.35,2.48
2011.06.21 10:37:39.671,1.03276,1.03317,1.35,1.44
2011.06.21 10:37:41.989,1.03276,1.03317,1.35,1.44
2011.06.21 10:37:42.639,1.03278,1.03317,2.10,1.44
2011.06.21 10:37:42.969,1.03276,1.03317,2.85,2.04
2011.06.21 10:37:43.530,1.03276,1.03317,2.85,2.04
2011.06.21 10:37:44.373,1.03276,1.03317,2.85,2.04
2011.06.21 10:37:45.179,1.03276,1.03317,2.85,2.04
2011.06.21 10:37:45.840,1.03276,1.03317,2.85,2.04
2011.06.21 10:37:46.519,1.03281,1.03317,1.35,2.04
2011.06.21 10:37:47.081,1.03281,1.03317,1.35,2.04
2011.06.21 10:37:47.758,1.03281,1.03317,1.35,2.04
2011.06.21 10:37:48.069,1.03284,1.03316,2.10,1.44
2011.06.21 10:37:49.841,1.03284,1.03317,2.10,1.44
2011.06.21 10:37:49.950,1.03277,1.03317,2.10,1.44
2011.06.21 10:37:50.556,1.03281,1.03316,1.35,1.44
2011.06.21 10:37:50.669,1.03277,1.03316,1.35,1.35
2011.06.21 10:37:51.258,1.0328,1.03316,1.35,1.29
2011.06.21 10:37:51.877,1.03277,1.03317,1.35,2.04
2011.06.21 10:37:56.651,1.0328,1.03316,1.35,1.29
2011.06.21 10:37:56.919,1.03277,1.03316,1.35,1.35
2011.06.21 10:37:57.541,1.0328,1.03316,1.35,2.04
2011.06.21 10:38:01.869,1.03277,1.03317,1.35,2.04
2011.06.21 10:38:02.769,1.03278,1.03317,2.48,1.44
2011.06.21 10:38:03.859,1.03284,1.03322,1.35,2.10
2011.06.21 10:38:04.398,1.03284,1.03321,1.35,1.50
2011.06.21 10:38:05.390,1.03284,1.03321,2.10,2.25
2011.06.21 10:38:05.719,1.03283,1.03319,1.50,1.35
2011.06.21 10:38:06.400,1.03283,1.03319,1.50,1.35
2011.06.21 10:38:06.515,1.03283,1.03322,2.10,2.10
2011.06.21 10:38:06.631,1.03283,1.03322,2.10,2.48
2011.06.21 10:38:06.854,1.03276,1.03317,1.35,1.44
2011.06.21 10:38:08.480,1.03275,1.03322,2.48,2.10
2011.06.21 10:38:12.271,1.03284,1.03326,2.48,1.44
2011.06.21 10:38:12.490,1.03287,1.03326,2.10,1.35
2011.06.21 10:38:12.600,1.03284,1.03326,1.73,1.35
2011.06.21 10:38:12.822,1.03277,1.03323,1.73,1.35
2011.06.21 10:38:13.481,1.03288,1.03326,3.08,2.25
2011.06.21 10:38:13.589,1.03288,1.03331,3.08,3.69
2011.06.21 10:38:13.809,1.03289,1.0333,1.35,1.44
2011.06.21 10:38:14.359,1.03293,1.03331,1.50,2.19
2011.06.21 10:38:14.899,1.03293,1.0333,1.50,1.44
2011.06.21 10:38:15.470,1.03291,1.03328,1.35,2.85
2011.06.21 10:38:15.579,1.03287,1.03328,1.35,2.85
2011.06.21 10:38:15.689,1.03283,1.03328,1.50,1.13
2011.06.21 10:38:15.909,1.03281,1.03326,1.35,1.07
2011.06.21 10:38:16.348,1.03281,1.03326,1.35,3.69
2011.06.21 10:38:17.305,1.03277,1.03326,1.35,1.44
2011.06.21 10:38:20.079,1.03275,1.03323,1.88,1.73
2011.06.21 10:38:20.190,1.03274,1.0332,1.50,1.35
2011.06.21 10:38:21.220,1.03277,1.03317,1.73,1.44
2011.06.21 10:38:21.330,1.03278,1.03323,1.88,2.70
2011.06.21 10:38:21.439,1.03279,1.03323,2.63,1.35
2011.06.21 10:38:21.769,1.03283,1.03323,1.50,1.35
2011.06.21 10:38:22.419,1.03283,1.03326,1.50,1.67
2011.06.21 10:38:22.994,1.03283,1.03327,1.50,3.92
2011.06.21 10:38:23.599,1.03284,1.03326,1.50,3.92
2011.06.21 10:38:24.149,1.03277,1.03322,1.35,5.33
2011.06.21 10:38:24.259,1.03277,1.03316,1.35,1.44
2011.06.21 10:38:26.339,1.03277,1.03317,1.35,1.44
2011.06.21 10:38:27.009,1.03277,1.03316,1.35,1.44
2011.06.21 10:38:27.990,1.03277,1.03317,1.35,1.44
2011.06.21 10:38:28.590,1.03277,1.03317,1.35,1.44
2011.06.21 10:38:28.810,1.03279,1.03322,1.50,3.45
2011.06.21 10:38:28.922,1.03279,1.03323,2.25,1.35
2011.06.21 10:38:29.250,1.03283,1.03323,1.50,1.35
2011.06.21 10:38:30.412,1.03283,1.03324,1.50,1.35
2011.06.21 10:38:31.823,1.03284,1.03324,1.50,1.35
2011.06.21 10:38:32.999,1.03283,1.03324,1.50,1.35
2011.06.21 10:38:34.060,1.03283,1.03323,2.25,1.35
2011.06.21 10:38:35.510,1.03286,1.03325,1.35,2.10
2011.06.21 10:38:40.080,1.03274,1.03321,4.73,1.88
2011.06.21 10:38:40.479,1.03275,1.03321,1.35,2.48
2011.06.21 10:38:41.359,1.03275,1.03321,1.35,1.35
2011.06.21 10:38:41.879,1.03271,1.03316,1.35,1.07
2011.06.21 10:38:42.210,1.03275,1.03316,1.35,2.63
2011.06.21 10:38:42.429,1.03272,1.03316,1.35,1.07
2011.06.21 10:38:42.980,1.03273,1.03316,1.35,2.94
2011.06.21 10:38:43.090,1.03279,1.03319,1.13,1.35
2011.06.21 10:38:43.419,1.03274,1.03319,1.73,1.35
2011.06.21 10:38:43.530,1.03274,1.03318,2.25,1.73
2011.06.21 10:38:43.639,1.03272,1.03317,1.35,3.92
2011.06.21 10:38:44.631,1.03273,1.03316,1.35,2.25
2011.06.21 10:38:44.961,1.03278,1.03321,2.48,1.35
2011.06.21 10:38:45.180,1.03284,1.03321,1.50,1.35
2011.06.21 10:38:46.041,1.03283,1.03324,1.50,2.48
2011.06.21 10:38:46.749,1.03283,1.03321,1.50,1.35
2011.06.21 10:38:47.352,1.03284,1.03325,2.10,1.13
2011.06.21 10:38:47.459,1.03284,1.03326,2.48,5.19
2011.06.21 10:38:49.650,1.03284,1.03326,1.73,1.44
2011.06.21 10:38:50.303,1.03277,1.03322,3.45,2.63
2011.06.21 10:38:50.409,1.03277,1.03322,3.45,2.63
2011.06.21 10:38:50.960,1.03277,1.03322,1.73,2.25
2011.06.21 10:38:51.508,1.03277,1.03327,1.73,4.67
2011.06.21 10:38:52.138,1.03279,1.03326,1.13,4.67
2011.06.21 10:38:52.960,1.03279,1.03327,1.13,4.67
2011.06.21 10:38:55.331,1.03282,1.03326,1.13,1.29
2011.06.21 10:38:55.814,1.03282,1.03327,1.73,2.19
2011.06.21 10:38:55.931,1.03284,1.03329,2.63,1.13
2011.06.21 10:38:58.169,1.03284,1.03329,1.88,1.13
2011.06.21 10:39:08.190,1.03284,1.03329,1.50,2.63
2011.06.21 10:39:08.740,1.03282,1.03327,1.35,3.32
2011.06.21 10:39:09.738,1.03283,1.03326,1.35,1.07
2011.06.21 10:39:12.741,1.03283,1.03327,1.35,2.94
2011.06.21 10:39:12.962,1.03284,1.03332,5.25,1.35
2011.06.21 10:39:14.950,1.03289,1.03333,1.13,2.10
2011.06.21 10:39:21.049,1.03286,1.03331,1.13,1.35
2011.06.21 10:39:22.369,1.03286,1.03331,1.50,1.35
2011.06.21 10:39:22.591,1.03295,1.03336,1.13,1.35
2011.06.21 10:39:22.919,1.03293,1.03333,1.50,1.35
2011.06.21 10:39:23.140,1.03291,1.03333,1.35,1.35
2011.06.21 10:39:24.619,1.03291,1.03333,1.35,1.35
2011.06.21 10:39:24.741,1.03288,1.03333,3.23,1.35
2011.06.21 10:39:25.999,1.03288,1.03333,3.23,2.10
2011.06.21 10:39:32.120,1.0329,1.03333,1.35,1.50
2011.06.21 10:39:33.159,1.0329,1.03334,1.35,1.35
2011.06.21 10:39:33.380,1.03288,1.03334,2.48,1.35
2011.06.21 10:39:33.491,1.03288,1.03332,1.50,1.73
2011.06.21 10:39:33.600,1.03284,1.03331,2.25,2.48
2011.06.21 10:39:34.445,1.03284,1.03327,1.50,2.04
2011.06.21 10:39:34.889,1.03284,1.03326,1.50,2.79
2011.06.21 10:39:38.551,1.03284,1.03326,1.50,2.85
2011.06.21 10:39:39.100,1.03284,1.03326,1.50,2.79
2011.06.21 10:39:45.649,1.03284,1.03326,1.50,2.79
2011.06.21 10:39:46.240,1.03283,1.03326,3.98,2.10
2011.06.21 10:39:48.866,1.03284,1.03326,1.50,2.79
2011.06.21 10:39:49.409,1.03284,1.03326,1.50,2.79
2011.06.21 10:39:49.526,1.03283,1.03326,4.73,2.10
2011.06.21 10:39:50.074,1.03284,1.03326,1.50,2.79
2011.06.21 10:40:04.713,1.03284,1.03326,3.00,2.85
2011.06.21 10:40:05.644,1.03283,1.03326,3.98,2.10
2011.06.21 10:40:06.102,1.03288,1.03326,2.48,2.04
2011.06.21 10:40:06.436,1.03293,1.0333,1.50,2.48
2011.06.21 10:40:06.657,1.03287,1.03331,2.48,1.35
2011.06.21 10:40:09.218,1.03294,1.03334,1.50,1.35
2011.06.21 10:40:09.456,1.03294,1.03333,1.50,2.70
2011.06.21 10:40:09.785,1.03285,1.03326,1.35,1.29
2011.06.21 10:40:11.154,1.03285,1.03327,1.35,2.04
2011.06.21 10:40:11.504,1.03285,1.03327,1.35,2.04
2011.06.21 10:40:11.724,1.03285,1.03326,2.10,1.35
2011.06.21 10:40:12.274,1.03294,1.03333,1.50,1.35
2011.06.21 10:40:12.384,1.03289,1.03333,1.50,1.35
2011.06.21 10:40:13.117,1.03284,1.03326,1.50,1.29
2011.06.21 10:40:13.358,1.03284,1.03326,1.50,1.29
2011.06.21 10:40:13.466,1.03284,1.03326,1.50,1.35
2011.06.21 10:40:15.705,1.03286,1.03326,1.35,2.04
2011.06.21 10:40:28.865,1.03286,1.03326,1.35,1.35
2011.06.21 10:40:29.414,1.03291,1.03333,1.13,2.10
2011.06.21 10:40:29.964,1.03292,1.03334,1.73,2.10
2011.06.21 10:40:32.214,1.03292,1.03334,1.73,2.10
2011.06.21 10:40:34.693,1.0329,1.03322,1.50,2.10
2011.06.21 10:40:34.806,1.03288,1.03322,2.25,2.10
2011.06.21 10:40:35.421,1.03284,1.03322,1.50,4.20
2011.06.21 10:40:36.113,1.03286,1.03322,1.35,2.70
2011.06.21 10:40:38.093,1.03286,1.03327,1.35,3.54
2011.06.21 10:40:39.925,1.03285,1.03326,1.35,2.04
2011.06.21 10:40:40.034,1.03285,1.03327,1.73,3.54
2011.06.21 10:40:40.255,1.03284,1.03326,2.85,2.04
2011.06.21 10:40:40.803,1.03286,1.03326,1.35,1.35
2011.06.21 10:40:40.913,1.03286,1.03326,1.35,1.35
2011.06.21 10:40:41.135,1.03291,1.03334,1.73,2.10
2011.06.21 10:40:41.574,1.03292,1.03333,1.13,1.35
2011.06.21 10:40:42.123,1.03293,1.03333,1.50,1.35
2011.06.21 10:40:42.874,1.03293,1.03334,1.50,2.85
2011.06.21 10:40:43.645,1.03288,1.03334,2.48,2.48
2011.06.21 10:40:43.864,1.03288,1.03334,2.85,2.10
2011.06.21 10:40:44.194,1.0329,1.03334,1.35,2.48
2011.06.21 10:40:44.307,1.03291,1.03332,1.35,2.10
2011.06.21 10:40:44.854,1.03294,1.03331,1.50,2.10
2011.06.21 10:40:45.833,1.03293,1.03332,1.50,2.10
2011.06.21 10:40:46.382,1.03293,1.03332,1.50,2.10
2011.06.21 10:40:47.422,1.03293,1.03332,1.50,2.10
2011.06.21 10:40:48.177,1.03293,1.03332,1.50,2.10
2011.06.21 10:40:48.694,1.03293,1.03329,1.50,2.10
2011.06.21 10:40:48.915,1.03293,1.03331,1.50,2.10
2011.06.21 10:40:49.463,1.03291,1.03327,1.35,2.04
2011.06.21 10:40:50.024,1.03291,1.03326,1.35,1.29
2011.06.21 10:40:50.623,1.03291,1.03326,1.35,1.44
2011.06.21 10:40:51.393,1.03292,1.03327,1.35,1.44
2011.06.21 10:40:52.016,1.03292,1.03327,1.35,1.44
2011.06.21 10:40:52.613,1.03292,1.03327,1.35,1.44
2011.06.21 10:40:53.747,1.03292,1.03327,1.35,1.44
2011.06.21 10:40:55.573,1.03292,1.03327,1.35,1.44
2011.06.21 10:40:55.904,1.03289,1.03334,2.10,1.73
2011.06.21 10:41:00.093,1.03294,1.03336,1.35,2.48
2011.06.21 10:41:01.235,1.03297,1.03336,1.35,1.73
2011.06.21 10:41:01.676,1.03294,1.03334,1.35,1.35
2011.06.21 10:41:01.784,1.03292,1.03332,1.35,1.73
2011.06.21 10:41:02.454,1.03289,1.03333,2.10,1.73
2011.06.21 10:41:03.004,1.03289,1.0333,2.10,1.35
2011.06.21 10:41:03.554,1.03292,1.03337,1.35,4.67
2011.06.21 10:41:05.204,1.03289,1.0333,2.10,1.35
2011.06.21 10:41:05.423,1.03292,1.03333,1.35,1.73
2011.06.21 10:41:06.393,1.03294,1.03336,1.35,1.73
2011.06.21 10:41:09.404,1.03291,1.03334,1.35,1.73
2011.06.21 10:41:10.385,1.03289,1.0333,2.10,1.35
2011.06.21 10:41:11.018,1.03291,1.03334,1.35,1.73
2011.06.21 10:41:11.573,1.03291,1.03334,1.35,1.13
2011.06.21 10:41:12.684,1.03289,1.03334,2.25,1.35
2011.06.21 10:41:13.123,1.03288,1.03329,1.35,1.07
2011.06.21 10:41:13.453,1.03291,1.03327,1.35,1.44
2011.06.21 10:41:13.675,1.03291,1.03336,1.35,3.23
2011.06.21 10:41:14.664,1.03288,1.03334,2.10,1.73
2011.06.21 10:41:14.884,1.03288,1.03331,1.35,1.73
2011.06.21 10:41:14.993,1.03287,1.03331,1.35,1.73
2011.06.21 10:41:15.103,1.03287,1.03327,1.35,1.44
2011.06.21 10:41:16.144,1.03288,1.03326,1.35,1.44
2011.06.21 10:41:16.684,1.03288,1.03327,1.35,1.44
2011.06.21 10:41:17.245,1.03288,1.03327,1.35,1.44
2011.06.21 10:41:17.685,1.03287,1.03326,1.35,1.44
2011.06.21 10:41:19.425,1.03292,1.03327,2.48,1.44
2011.06.21 10:41:19.645,1.03294,1.03332,2.48,2.10
2011.06.21 10:41:19.754,1.03297,1.03337,3.08,2.04
2011.06.21 10:41:19.864,1.03303,1.03338,1.50,1.35
2011.06.21 10:41:20.414,1.03304,1.03335,1.50,1.35
2011.06.21 10:41:20.924,1.03304,1.0334,1.50,1.67
2011.06.21 10:41:21.144,1.03297,1.03336,2.70,1.29
2011.06.21 10:41:22.083,1.03298,1.03336,1.35,1.35
2011.06.21 10:41:25.933,1.03296,1.03336,1.73,2.04
2011.06.21 10:41:26.593,1.03298,1.03336,1.73,1.29
2011.06.21 10:41:27.365,1.03303,1.03339,1.50,1.35
2011.06.21 10:41:27.697,1.03297,1.03336,2.85,1.29
2011.06.21 10:41:28.244,1.03294,1.03336,1.35,1.29
2011.06.21 10:41:29.033,1.03296,1.03337,1.35,3.54
2011.06.21 10:41:29.566,1.03294,1.03337,2.85,2.79
2011.06.21 10:41:32.966,1.03294,1.03331,1.50,2.10
2011.06.21 10:41:33.695,1.03286,1.03331,1.73,3.60
2011.06.21 10:41:34.363,1.03288,1.03332,2.10,2.10
2011.06.21 10:41:37.263,1.03288,1.03329,2.10,1.35
2011.06.21 10:41:37.924,1.03287,1.03329,1.73,1.35
2011.06.21 10:41:38.860,1.03287,1.03334,1.73,1.73
2011.06.21 10:41:39.193,1.03291,1.03334,1.35,1.73
2011.06.21 10:41:43.155,1.03287,1.03329,1.73,1.35
2011.06.21 10:41:49.545,1.03287,1.03333,1.73,1.35
2011.06.21 10:41:49.820,1.0329,1.03334,1.35,1.73
2011.06.21 10:41:50.645,1.0329,1.03333,1.35,1.35
2011.06.21 10:41:51.194,1.0329,1.03332,1.35,1.13
2011.06.21 10:41:51.871,1.03287,1.03333,1.73,1.73
2011.06.21 10:41:52.616,1.0329,1.03336,1.35,3.92
2011.06.21 10:41:53.094,1.03288,1.03336,1.73,2.48
2011.06.21 10:41:53.204,1.03287,1.03333,1.73,1.73
2011.06.21 10:41:55.064,1.03288,1.03333,1.35,1.35
2011.06.21 10:41:55.373,1.0329,1.03333,1.35,1.35
2011.06.21 10:41:56.224,1.0329,1.03336,1.35,3.92
2011.06.21 10:41:56.445,1.0329,1.03333,1.35,1.35
2011.06.21 10:41:56.554,1.0329,1.03332,1.35,1.13
2011.06.21 10:41:56.884,1.0329,1.03326,1.35,1.44
2011.06.21 10:41:57.650,1.0329,1.03327,1.35,1.44
2011.06.21 10:41:58.244,1.0329,1.03327,1.35,1.44
2011.06.21 10:41:58.465,1.03286,1.03334,1.73,1.73
2011.06.21 10:41:58.903,1.03284,1.03333,3.23,1.35
2011.06.21 10:42:00.516,1.03287,1.03333,1.73,1.35
2011.06.21 10:42:02.366,1.0329,1.03334,1.35,1.73
2011.06.21 10:42:03.764,1.0329,1.03334,1.73,1.35
2011.06.21 10:42:04.313,1.03293,1.03339,1.88,1.73
2011.06.21 10:42:04.644,1.0329,1.03332,1.35,4.35
2011.06.21 10:42:04.863,1.0329,1.03336,1.35,2.42
2011.06.21 10:42:06.002,1.0329,1.03336,1.35,1.73
2011.06.21 10:42:07.983,1.0329,1.03336,1.35,1.73
2011.06.21 10:42:13.920,1.0329,1.03334,1.35,1.73
2011.06.21 10:42:19.022,1.03292,1.03337,1.73,1.44
2011.06.21 10:42:19.355,1.03301,1.03341,1.73,1.44
2011.06.21 10:42:19.796,1.03304,1.03341,1.50,1.44
2011.06.21 10:42:22.534,1.03303,1.03342,1.50,2.19
2011.06.21 10:42:23.194,1.03304,1.03341,1.50,1.44
2011.06.21 10:42:24.044,1.03303,1.03342,1.88,1.44
2011.06.21 10:42:24.634,1.03304,1.03341,1.88,1.44
2011.06.21 10:42:25.201,1.03303,1.03342,1.88,1.44
2011.06.21 10:42:26.073,1.03304,1.03342,1.13,1.44
2011.06.21 10:42:26.625,1.03303,1.03342,1.50,1.44
2011.06.21 10:42:27.165,1.03304,1.03341,1.50,1.44
2011.06.21 10:42:27.695,1.03303,1.03342,1.50,1.44
2011.06.21 10:42:28.264,1.03304,1.03341,1.50,1.44
2011.06.21 10:42:33.963,1.03303,1.03342,1.50,1.44
2011.06.21 10:42:34.545,1.03303,1.03342,1.50,1.44
2011.06.21 10:42:35.572,1.03304,1.03342,1.73,1.44
2011.06.21 10:42:36.974,1.03305,1.03342,1.35,1.44
2011.06.21 10:42:37.523,1.03304,1.03342,1.73,1.44
2011.06.21 10:42:38.435,1.03305,1.03341,1.35,1.44
2011.06.21 10:42:38.993,1.03305,1.03342,1.35,1.44
2011.06.21 10:42:39.764,1.03305,1.03342,1.35,1.44
2011.06.21 10:42:42.457,1.03305,1.03341,1.35,1.29
2011.06.21 10:42:43.066,1.03303,1.03342,2.48,2.04
2011.06.21 10:42:49.440,1.03305,1.03341,1.35,1.35
2011.06.21 10:42:51.529,1.03307,1.03342,1.35,1.44
2011.06.21 10:42:52.134,1.03307,1.03342,1.35,1.44
2011.06.21 10:42:54.864,1.03307,1.03342,1.35,1.44
2011.06.21 10:42:55.343,1.03305,1.03341,1.35,2.04
2011.06.21 10:42:55.694,1.03306,1.03342,1.35,1.44
2011.06.21 10:42:56.230,1.03306,1.03342,1.35,1.44
2011.06.21 10:42:56.883,1.03306,1.03342,1.35,1.44
2011.06.21 10:42:58.759,1.03306,1.03342,1.35,1.44
2011.06.21 10:42:59.734,1.03304,1.03341,2.48,1.44
2011.06.21 10:43:01.154,1.03303,1.03342,2.48,1.44
2011.06.21 10:43:01.723,1.03304,1.03341,2.48,1.44
2011.06.21 10:43:02.807,1.03303,1.03342,2.48,1.44
2011.06.21 10:43:03.384,1.03306,1.03342,1.35,1.44
2011.06.21 10:43:03.824,1.03306,1.03342,1.35,1.44
2011.06.21 10:43:06.673,1.03306,1.03342,1.35,1.44
2011.06.21 10:43:07.234,1.03306,1.03341,1.35,1.44
2011.06.21 10:43:11.416,1.03305,1.03341,2.10,2.19
2011.06.21 10:43:11.526,1.033,1.03337,2.10,2.48
2011.06.21 10:43:11.634,1.03294,1.03335,2.10,1.73
2011.06.21 10:43:11.746,1.03292,1.03335,1.35,1.73
2011.06.21 10:43:13.144,1.03293,1.03335,1.50,3.23
2011.06.21 10:43:14.376,1.03293,1.03335,1.50,2.48
2011.06.21 10:43:15.324,1.03293,1.03334,1.50,1.73
2011.06.21 10:43:16.503,1.03293,1.03334,1.50,1.73
2011.06.21 10:43:19.023,1.03293,1.03328,1.50,1.35
2011.06.21 10:43:20.584,1.03293,1.03328,1.50,1.35
2011.06.21 10:43:22.336,1.03293,1.03328,1.50,1.35
2011.06.21 10:43:24.032,1.03294,1.03334,2.25,1.73
2011.06.21 10:43:25.361,1.03293,1.03328,1.50,1.35
2011.06.21 10:43:28.975,1.03293,1.03328,1.50,1.35
2011.06.21 10:43:29.645,1.03293,1.03328,1.50,1.35
2011.06.21 10:43:32.185,1.03293,1.03328,1.50,1.35
2011.06.21 10:43:32.964,1.03293,1.03328,1.50,1.35
2011.06.21 10:43:33.551,1.03293,1.03328,1.50,1.35
2011.06.21 10:43:34.153,1.03293,1.03328,1.50,1.35
2011.06.21 10:43:41.274,1.03295,1.03329,2.10,1.35
2011.06.21 10:43:41.826,1.03295,1.03334,2.10,2.10
2011.06.21 10:43:42.045,1.033,1.03339,1.35,1.13
2011.06.21 10:43:42.156,1.033,1.03342,1.73,2.04
2011.06.21 10:43:43.255,1.03304,1.0334,1.50,3.92
2011.06.21 10:43:43.800,1.03294,1.03336,3.60,2.04
2011.06.21 10:43:50.706,1.03294,1.03331,2.25,2.48
2011.06.21 10:43:51.283,1.03294,1.03334,2.48,2.85
2011.06.21 10:43:53.085,1.0329,1.03334,1.35,1.35
2011.06.21 10:43:53.305,1.03293,1.03336,2.48,1.44
2011.06.21 10:43:54.884,1.03294,1.03336,4.73,3.69
2011.06.21 10:43:55.454,1.03301,1.03335,2.10,1.44
2011.06.21 10:43:55.894,1.03304,1.03345,1.35,1.13
2011.06.21 10:43:56.444,1.03304,1.03346,2.10,3.23
2011.06.21 10:43:56.993,1.03304,1.03346,2.48,1.29
2011.06.21 10:43:59.600,1.03304,1.03345,4.73,2.10
2011.06.21 10:43:59.935,1.03298,1.03344,1.50,1.73
2011.06.21 10:44:00.264,1.03294,1.03339,2.63,2.10
2011.06.21 10:44:02.675,1.03297,1.03337,1.35,1.44
2011.06.21 10:44:03.115,1.03294,1.03336,2.48,1.29
2011.06.21 10:44:03.664,1.03293,1.03337,4.73,2.04
2011.06.21 10:44:04.474,1.03294,1.03337,1.73,2.04
2011.06.21 10:44:05.686,1.03294,1.03336,1.35,1.67
2011.06.21 10:44:05.905,1.03294,1.03336,2.10,3.23
2011.06.21 10:44:06.235,1.03294,1.03334,1.50,2.10
2011.06.21 10:44:07.980,1.03294,1.03334,1.50,2.10
2011.06.21 10:44:08.204,1.03293,1.03334,1.50,2.85
2011.06.21 10:44:08.765,1.03293,1.03334,1.50,2.85
2011.06.21 10:44:08.986,1.03293,1.03328,1.50,2.10
2011.06.21 10:44:09.095,1.03286,1.03326,1.50,1.35
2011.06.21 10:44:09.205,1.03287,1.03327,1.35,2.04
2011.06.21 10:44:09.754,1.0329,1.03327,1.35,2.04
2011.06.21 10:44:10.305,1.03287,1.03326,2.10,1.44
2011.06.21 10:44:10.949,1.0329,1.03326,1.35,1.44
2011.06.21 10:44:12.709,1.0329,1.03327,1.35,2.04
2011.06.21 10:44:13.282,1.0329,1.03327,1.35,2.04
2011.06.21 10:44:14.004,1.0329,1.03327,1.35,2.04
2011.06.21 10:44:15.654,1.0329,1.03326,1.35,1.44
2011.06.21 10:44:16.214,1.03284,1.03325,3.00,2.10
2011.06.21 10:44:16.434,1.03284,1.03325,2.25,2.48
2011.06.21 10:44:18.415,1.03287,1.03327,1.35,3.92
2011.06.21 10:44:18.525,1.03287,1.03327,1.35,2.04
2011.06.21 10:44:18.745,1.03292,1.03327,1.35,1.44
2011.06.21 10:44:18.855,1.03294,1.03333,1.35,2.70
2011.06.21 10:44:20.906,1.03294,1.03332,1.50,2.10
2011.06.21 10:44:21.345,1.03285,1.03326,2.48,1.29
2011.06.21 10:44:21.674,1.03284,1.03326,2.48,1.35
2011.06.21 10:44:22.308,1.03285,1.03326,1.73,1.29
2011.06.21 10:44:22.904,1.03284,1.03326,2.48,1.35
2011.06.21 10:44:23.454,1.03285,1.03326,1.73,1.35
2011.06.21 10:44:24.064,1.03284,1.03326,2.48,1.35
2011.06.21 10:44:24.284,1.03288,1.03333,2.48,1.35
2011.06.21 10:44:24.615,1.03294,1.03335,2.48,1.35
2011.06.21 10:44:24.943,1.03301,1.03336,2.10,2.04
2011.06.21 10:44:25.164,1.03301,1.03336,2.10,1.29
2011.06.21 10:44:25.649,1.03294,1.03335,2.85,2.10
2011.06.21 10:44:28.642,1.03294,1.0333,1.50,2.10
2011.06.21 10:44:28.755,1.03293,1.0333,1.50,2.10
2011.06.21 10:44:29.304,1.03287,1.03326,2.10,2.42
2011.06.21 10:44:29.414,1.03286,1.03324,1.35,2.10
2011.06.21 10:44:30.104,1.03287,1.03326,2.85,1.67
2011.06.21 10:44:34.975,1.03289,1.03326,1.35,1.29
2011.06.21 10:44:35.305,1.03294,1.03332,2.85,2.10
2011.06.21 10:44:35.525,1.03289,1.03329,2.10,2.10
2011.06.21 10:44:41.249,1.03286,1.03326,1.35,1.73
2011.06.21 10:44:41.586,1.03286,1.03326,1.73,2.04
2011.06.21 10:44:45.799,1.03286,1.03326,1.73,1.35
2011.06.21 10:44:46.307,1.03286,1.03326,1.73,2.04
2011.06.21 10:44:47.095,1.03286,1.03326,1.73,1.35
2011.06.21 10:44:47.719,1.03286,1.03326,1.35,2.42
2011.06.21 10:44:49.984,1.03286,1.03326,1.35,2.42
2011.06.21 10:44:54.724,1.03286,1.03326,1.35,2.42
2011.06.21 10:44:55.384,1.03284,1.03326,1.35,2.42
2011.06.21 10:44:59.160,1.03286,1.03326,1.35,2.42
2011.06.21 10:44:59.986,1.03284,1.03326,2.48,1.29
2011.06.21 10:45:14.396,1.03286,1.03326,1.13,1.29
2011.06.21 10:45:14.673,1.03286,1.03326,1.13,1.35
2011.06.21 10:45:16.994,1.03284,1.03324,2.25,2.10
2011.06.21 10:45:17.215,1.03274,1.03316,2.48,2.10
2011.06.21 10:45:17.325,1.03277,1.0332,1.35,2.10
2011.06.21 10:45:20.967,1.03277,1.03316,1.35,2.04
2011.06.21 10:45:21.433,1.03274,1.03315,3.23,2.10
2011.06.21 10:45:21.654,1.03274,1.03315,3.23,2.10
2011.06.21 10:45:22.866,1.03274,1.03315,3.23,2.10
2011.06.21 10:45:22.975,1.03274,1.03315,2.10,2.48
2011.06.21 10:45:26.014,1.03276,1.03317,1.35,2.42
2011.06.21 10:45:26.456,1.03277,1.03322,2.48,1.35
2011.06.21 10:45:27.004,1.03284,1.03323,1.50,1.35
2011.06.21 10:45:27.816,1.03283,1.03327,2.10,3.17
2011.06.21 10:45:31.568,1.03283,1.03323,2.10,1.35
2011.06.21 10:45:31.895,1.0328,1.03316,1.35,2.04
2011.06.21 10:45:35.945,1.03277,1.03317,1.73,2.04
2011.06.21 10:45:36.789,1.03283,1.03321,1.50,2.10
2011.06.21 10:45:38.214,1.03283,1.03321,1.50,2.10
2011.06.21 10:45:40.065,1.03283,1.03323,2.10,1.35
2011.06.21 10:45:41.057,1.03283,1.03323,2.10,1.35
2011.06.21 10:45:41.164,1.03283,1.03326,2.85,2.10
2011.06.21 10:45:42.657,1.03284,1.03323,1.50,1.35
2011.06.21 10:45:45.426,1.03283,1.03323,2.10,1.35
2011.06.21 10:45:46.737,1.03283,1.03323,2.10,1.35
2011.06.21 10:45:47.625,1.03283,1.03323,2.10,1.35
2011.06.21 10:45:48.635,1.03283,1.03323,2.10,2.10
2011.06.21 10:45:49.214,1.03283,1.03323,2.10,1.35
2011.06.21 10:45:49.755,1.03283,1.03319,2.10,1.35
2011.06.21 10:45:50.210,1.03283,1.03319,1.35,2.04
2011.06.21 10:45:50.330,1.03279,1.03317,1.35,2.04
2011.06.21 10:45:50.554,1.03277,1.03317,2.10,2.04
2011.06.21 10:45:50.664,1.03279,1.03316,1.35,2.04
2011.06.21 10:45:52.074,1.03279,1.03316,1.35,1.29
2011.06.21 10:45:55.444,1.03282,1.03317,1.35,1.44
2011.06.21 10:45:55.774,1.03283,1.03317,2.10,1.44
2011.06.21 10:45:55.885,1.03283,1.03326,2.85,2.04
2011.06.21 10:45:55.994,1.03278,1.03325,3.08,3.23
2011.06.21 10:45:56.325,1.03283,1.03327,2.10,3.23
2011.06.21 10:45:56.766,1.03284,1.03324,1.50,1.35
2011.06.21 10:45:56.875,1.03278,1.03324,1.35,1.35
2011.06.21 10:45:56.988,1.0328,1.03327,1.35,4.67
2011.06.21 10:45:57.206,1.03282,1.03323,1.73,2.85
2011.06.21 10:45:57.317,1.03283,1.03323,1.73,2.10
2011.06.21 10:45:57.832,1.03284,1.03326,1.13,1.35
2011.06.21 10:45:58.404,1.03284,1.03326,1.73,1.29
2011.06.21 10:46:02.515,1.03289,1.03327,2.48,1.44
2011.06.21 10:46:02.625,1.03289,1.03334,2.48,1.73
2011.06.21 10:46:02.736,1.03285,1.03331,1.73,2.10
2011.06.21 10:46:06.226,1.03285,1.03327,1.73,2.04
2011.06.21 10:46:07.550,1.0329,1.03326,1.13,1.29
2011.06.21 10:46:07.777,1.03297,1.03336,1.73,1.29
2011.06.21 10:46:08.351,1.03297,1.03342,2.70,2.48
2011.06.21 10:46:08.905,1.03297,1.03343,2.10,2.48
2011.06.21 10:46:09.126,1.03293,1.03344,3.60,1.35
2011.06.21 10:46:09.725,1.03294,1.03343,1.73,1.73
2011.06.21 10:46:10.058,1.03295,1.03345,1.73,1.73
2011.06.21 10:46:10.646,1.03298,1.03337,2.10,2.04
2011.06.21 10:46:10.975,1.03303,1.03338,1.50,1.35
2011.06.21 10:46:11.855,1.03303,1.03338,1.50,1.35
2011.06.21 10:46:12.415,1.03303,1.03342,1.50,1.35
2011.06.21 10:46:12.526,1.03297,1.03337,2.70,2.04
2011.06.21 10:46:13.264,1.03294,1.03337,1.73,2.04
2011.06.21 10:46:13.970,1.03297,1.03337,1.35,2.04
2011.06.21 10:46:16.471,1.03296,1.03337,1.35,2.04
2011.06.21 10:46:16.695,1.03297,1.03337,1.35,2.04
2011.06.21 10:46:17.310,1.03296,1.03337,1.35,2.04
2011.06.21 10:46:17.415,1.03297,1.03336,1.35,1.44
2011.06.21 10:46:17.635,1.03294,1.03336,2.10,1.82
2011.06.21 10:46:17.746,1.03293,1.03329,1.50,2.10
2011.06.21 10:46:17.855,1.0329,1.03329,1.13,2.10
2011.06.21 10:46:17.965,1.0329,1.03337,3.23,6.17
2011.06.21 10:46:18.734,1.03294,1.03336,3.23,1.44
2011.06.21 10:46:19.444,1.03293,1.03336,2.10,1.07
2011.06.21 10:46:20.435,1.03297,1.03336,1.35,1.44
2011.06.21 10:46:20.656,1.03295,1.03343,2.85,3.23
2011.06.21 10:46:21.269,1.03295,1.03343,3.60,1.35
2011.06.21 10:46:22.634,1.03297,1.03341,1.73,2.10
2011.06.21 10:46:23.514,1.03294,1.03341,1.13,2.48
2011.06.21 10:46:23.735,1.03294,1.03342,1.73,4.58
2011.06.21 10:46:25.094,1.03296,1.03341,1.35,2.48
2011.06.21 10:46:27.955,1.03296,1.03341,1.35,2.48
2011.06.21 10:46:34.535,1.03296,1.03342,1.35,3.08
2011.06.21 10:46:35.047,1.03298,1.03343,2.48,1.35
2011.06.21 10:46:45.117,1.03305,1.03346,1.35,2.48
2011.06.21 10:46:47.334,1.03301,1.03344,1.35,1.35
2011.06.21 10:46:49.956,1.03305,1.03346,1.35,3.92
2011.06.21 10:46:51.594,1.03301,1.03344,1.35,1.35
2011.06.21 10:46:53.455,1.03297,1.03342,1.13,2.85
2011.06.21 10:46:53.565,1.03295,1.0334,1.35,1.35
2011.06.21 10:46:54.554,1.03295,1.03339,1.73,1.35
2011.06.21 10:46:54.664,1.03295,1.03345,1.73,1.35
2011.06.21 10:46:58.665,1.03291,1.0334,2.10,1.35
2011.06.21 10:46:58.885,1.03291,1.0334,1.35,3.60
2011.06.21 10:46:59.714,1.03295,1.03337,1.13,1.44
2011.06.21 10:46:59.934,1.03295,1.03345,1.13,1.35
2011.06.21 10:47:03.375,1.03292,1.03343,1.73,1.73
2011.06.21 10:47:03.485,1.03292,1.03341,1.35,2.10
2011.06.21 10:47:03.865,1.03292,1.03337,1.35,1.13
2011.06.21 10:47:04.635,1.03295,1.03343,1.13,3.08
2011.06.21 10:47:08.127,1.03292,1.03341,1.35,1.35
2011.06.21 10:47:08.235,1.03291,1.03341,1.35,1.35
2011.06.21 10:47:08.865,1.03291,1.03341,1.35,2.10
2011.06.21 10:47:09.786,1.03294,1.03345,1.13,3.23
2011.06.21 10:47:10.339,1.03291,1.03344,1.73,1.73
2011.06.21 10:47:11.934,1.03291,1.03341,1.35,1.35
2011.06.21 10:47:12.264,1.03289,1.03341,1.13,1.35
2011.06.21 10:47:12.894,1.03289,1.03336,1.13,1.73
2011.06.21 10:47:13.446,1.03289,1.03336,1.13,1.73
2011.06.21 10:47:13.804,1.03289,1.03336,1.13,1.73
2011.06.21 10:47:14.746,1.03293,1.03336,1.35,1.73
2011.06.21 10:47:18.881,1.03291,1.03335,1.35,1.35
2011.06.21 10:47:22.368,1.03293,1.03336,1.35,1.67
2011.06.21 10:47:22.481,1.03292,1.03335,1.73,1.35
2011.06.21 10:47:23.034,1.03293,1.03342,2.63,5.33
2011.06.21 10:47:25.104,1.03294,1.03336,1.88,1.29
2011.06.21 10:47:25.914,1.03294,1.03336,1.13,1.29
2011.06.21 10:47:26.246,1.03293,1.03334,2.25,2.48
2011.06.21 10:47:26.464,1.03288,1.03334,3.08,2.48
2011.06.21 10:47:27.123,1.0329,1.03334,1.73,2.48
2011.06.21 10:47:27.236,1.03291,1.03336,1.35,2.48
2011.06.21 10:47:31.165,1.03294,1.03336,2.48,2.85
2011.06.21 10:47:31.496,1.03294,1.03336,1.73,2.79
2011.06.21 10:47:32.045,1.03292,1.03336,1.73,2.85
2011.06.21 10:47:33.164,1.03294,1.03334,1.35,1.35
2011.06.21 10:47:37.634,1.0329,1.03336,1.35,2.79
2011.06.21 10:47:40.103,1.03295,1.03336,1.13,2.10
2011.06.21 10:47:45.295,1.03295,1.03336,1.13,2.85
2011.06.21 10:47:50.396,1.03294,1.03334,1.73,1.35
2011.06.21 10:47:51.946,1.03294,1.03335,1.73,1.35
2011.06.21 10:47:52.277,1.03295,1.03337,2.10,2.57
2011.06.21 10:47:52.495,1.03295,1.03342,2.48,1.35
2011.06.21 10:47:52.718,1.03295,1.03343,1.35,5.33
2011.06.21 10:47:53.241,1.0329,1.03338,1.73,2.10
2011.06.21 10:47:53.575,1.03297,1.03337,2.10,2.04
2011.06.21 10:47:53.685,1.03293,1.03337,1.50,2.04
2011.06.21 10:47:54.805,1.03293,1.03336,1.50,1.35
2011.06.21 10:47:55.432,1.03293,1.03337,1.50,2.04
2011.06.21 10:47:55.986,1.03294,1.03336,1.50,2.04
2011.06.21 10:47:59.076,1.03294,1.03336,1.50,1.29
2011.06.21 10:47:59.494,1.03294,1.03333,1.35,1.35
2011.06.21 10:48:00.905,1.03289,1.03334,2.10,2.10
2011.06.21 10:48:01.016,1.03287,1.03333,1.35,2.48
2011.06.21 10:48:01.454,1.03287,1.03327,1.35,1.44
2011.06.21 10:48:02.144,1.03287,1.03327,1.35,1.44
2011.06.21 10:48:03.954,1.03287,1.03327,1.35,1.44
2011.06.21 10:48:04.285,1.03287,1.03326,1.35,1.35
2011.06.21 10:48:04.505,1.03288,1.03327,2.10,2.04
2011.06.21 10:48:05.134,1.03288,1.03329,1.50,2.48
2011.06.21 10:48:05.249,1.03284,1.03326,1.73,1.35
2011.06.21 10:48:06.945,1.03282,1.03329,2.10,2.10
2011.06.21 10:48:07.055,1.03282,1.03332,4.35,2.10
2011.06.21 10:48:09.114,1.03288,1.03332,1.35,2.10
2011.06.21 10:48:11.094,1.03288,1.03332,1.35,2.10
2011.06.21 10:48:20.395,1.03291,1.03332,1.13,2.10
2011.06.21 10:48:20.505,1.03292,1.03336,1.13,2.10
2011.06.21 10:48:21.054,1.03294,1.03336,1.50,2.79
2011.06.21 10:48:22.335,1.03293,1.03337,1.88,2.79
2011.06.21 10:48:23.214,1.03293,1.03336,1.88,1.29
2011.06.21 10:48:23.977,1.03294,1.03336,1.50,2.10
2011.06.21 10:48:24.715,1.03293,1.03331,1.50,2.10
2011.06.21 10:48:24.824,1.03289,1.03331,1.35,2.10
2011.06.21 10:48:27.296,1.03292,1.03331,1.13,2.10
2011.06.21 10:48:27.405,1.03292,1.03336,1.13,2.10
2011.06.21 10:48:27.844,1.03294,1.03336,1.50,1.29
2011.06.21 10:48:28.395,1.03293,1.03337,1.50,2.42
2011.06.21 10:48:28.726,1.03294,1.03336,2.25,2.04
2011.06.21 10:48:29.057,1.03297,1.03336,3.08,1.29
2011.06.21 10:48:35.046,1.033,1.03336,1.35,2.04
2011.06.21 10:48:35.378,1.03297,1.0333,2.85,2.10
2011.06.21 10:48:35.705,1.03289,1.03326,1.13,2.04
2011.06.21 10:48:35.815,1.03284,1.03327,3.60,1.29
2011.06.21 10:48:36.279,1.03286,1.03334,2.48,2.10
2011.06.21 10:48:38.144,1.03286,1.03329,2.48,1.35
2011.06.21 10:48:38.785,1.03286,1.03334,3.23,2.85
2011.06.21 10:48:42.028,1.03286,1.03327,2.85,1.44
2011.06.21 10:48:45.605,1.03293,1.03326,1.35,1.44
2011.06.21 10:48:46.576,1.03291,1.03327,1.35,1.44
2011.06.21 10:48:47.895,1.03292,1.03327,1.35,1.44
2011.06.21 10:48:48.663,1.03292,1.03326,1.35,1.44
2011.06.21 10:48:49.319,1.03293,1.03327,1.35,1.44
2011.06.21 10:48:49.429,1.03292,1.03327,1.35,1.44
2011.06.21 10:48:49.655,1.03292,1.03327,1.35,1.44
2011.06.21 10:48:50.095,1.03292,1.03327,1.35,1.44
2011.06.21 10:48:51.083,1.03292,1.03327,1.35,1.44
2011.06.21 10:48:51.635,1.03292,1.03326,1.35,1.44
2011.06.21 10:48:52.250,1.03292,1.03327,1.35,1.44
2011.06.21 10:48:52.585,1.03298,1.03336,1.13,2.10
2011.06.21 10:48:54.216,1.03295,1.03336,1.13,2.10
2011.06.21 10:48:56.894,1.03293,1.03333,2.63,1.35
2011.06.21 10:48:58.625,1.03295,1.03336,1.13,2.79
2011.06.21 10:48:58.736,1.03293,1.03333,2.63,1.35
2011.06.21 10:48:58.954,1.03295,1.03336,1.13,2.10
2011.06.21 10:48:59.285,1.03294,1.03333,1.88,1.35
2011.06.21 10:49:00.528,1.03294,1.03334,1.50,1.73
2011.06.21 10:49:00.745,1.03288,1.03327,5.33,1.44
2011.06.21 10:49:01.344,1.03289,1.03326,1.88,1.35
2011.06.21 10:49:01.565,1.03286,1.03326,1.35,1.35
2011.06.21 10:49:01.674,1.03288,1.03326,1.35,1.29
2011.06.21 10:49:03.925,1.03288,1.03327,1.35,2.04
2011.06.21 10:49:05.674,1.03292,1.03327,1.35,2.04
2011.06.21 10:49:05.896,1.03289,1.03332,1.35,1.35
2011.06.21 10:49:06.884,1.03294,1.03336,1.73,1.29
2011.06.21 10:49:08.047,1.03295,1.03336,1.35,1.35
2011.06.21 10:49:08.588,1.03294,1.03332,2.63,2.10
2011.06.21 10:49:09.945,1.03293,1.03332,1.50,2.10
2011.06.21 10:49:10.054,1.0329,1.03332,1.73,2.10
2011.06.21 10:49:11.955,1.03291,1.03326,1.35,1.35
2011.06.21 10:49:14.875,1.03287,1.03327,1.35,2.04
2011.06.21 10:49:15.456,1.03285,1.03326,1.73,2.85
2011.06.21 10:49:16.399,1.03285,1.03326,1.73,2.10
2011.06.21 10:49:16.737,1.03274,1.03312,1.50,2.10
2011.06.21 10:49:17.065,1.03277,1.03307,1.35,1.44
2011.06.21 10:49:17.285,1.03277,1.03317,1.35,2.04
2011.06.21 10:49:21.114,1.03279,1.03317,1.35,2.42
2011.06.21 10:49:21.225,1.03273,1.03316,2.25,2.48
2011.06.21 10:49:21.445,1.03272,1.03307,1.35,1.44
2011.06.21 10:49:22.335,1.03276,1.03306,1.35,1.44
2011.06.21 10:49:22.894,1.03276,1.03307,1.35,1.44
2011.06.21 10:49:23.417,1.03276,1.03306,1.35,1.44
2011.06.21 10:49:24.071,1.03276,1.03307,1.35,1.44
2011.06.21 10:49:24.867,1.03277,1.03307,1.35,1.44
2011.06.21 10:49:26.193,1.03279,1.03306,1.35,1.44
2011.06.21 10:49:26.714,1.03279,1.03307,1.35,1.44
2011.06.21 10:49:27.265,1.03279,1.03307,1.35,1.44
2011.06.21 10:49:28.944,1.03279,1.03307,1.35,1.44
2011.06.21 10:49:29.165,1.03276,1.03307,1.35,1.44
2011.06.21 10:49:29.755,1.03276,1.03307,1.35,1.44
2011.06.21 10:49:30.145,1.03273,1.03307,1.35,1.44
2011.06.21 10:49:32.957,1.03269,1.03307,1.35,2.04
2011.06.21 10:49:33.178,1.03273,1.03317,1.73,2.04
2011.06.21 10:49:38.434,1.03276,1.03316,1.13,1.29
2011.06.21 10:49:38.654,1.03276,1.03316,1.13,2.04
2011.06.21 10:49:39.420,1.03276,1.03317,1.13,3.54
2011.06.21 10:49:41.574,1.03276,1.03316,1.13,1.35
2011.06.21 10:49:43.005,1.03278,1.03316,1.35,1.29
2011.06.21 10:49:55.885,1.03277,1.03316,2.85,2.04
2011.06.21 10:49:55.996,1.03277,1.03316,2.10,1.29
2011.06.21 10:49:58.276,1.03277,1.03316,2.70,1.29
2011.06.21 10:50:02.215,1.03279,1.03317,1.35,2.04
2011.06.21 10:50:02.434,1.03277,1.03316,3.45,2.04
2011.06.21 10:50:09.085,1.03279,1.03317,1.35,2.04
2011.06.21 10:50:09.995,1.03279,1.03316,1.73,2.04
2011.06.21 10:50:10.326,1.03288,1.0332,2.10,2.10
2011.06.21 10:50:10.435,1.03288,1.03326,2.10,2.04
2011.06.21 10:50:10.984,1.03287,1.03326,2.10,1.35
2011.06.21 10:50:13.094,1.03287,1.03326,2.85,1.35
2011.06.21 10:50:14.935,1.03287,1.03327,3.08,2.04
2011.06.21 10:50:15.155,1.03297,1.03326,2.10,2.04
2011.06.21 10:50:15.526,1.03293,1.03321,1.50,2.10
2011.06.21 10:50:15.635,1.03287,1.03321,2.10,2.10
2011.06.21 10:50:19.315,1.03281,1.03321,1.50,2.48
2011.06.21 10:50:19.865,1.03278,1.03307,2.85,1.44
2011.06.21 10:50:20.268,1.03278,1.03307,2.10,2.04
2011.06.21 10:50:22.928,1.03278,1.03307,2.10,2.04
2011.06.21 10:50:23.605,1.03278,1.03307,2.10,1.44
2011.06.21 10:50:23.825,1.03278,1.03317,2.10,2.04
2011.06.21 10:50:24.374,1.03277,1.03317,2.10,2.04
2011.06.21 10:50:24.484,1.03277,1.03317,2.10,2.04
2011.06.21 10:50:25.044,1.03277,1.03316,2.85,1.44
2011.06.21 10:50:25.485,1.03277,1.03317,2.10,2.04
2011.06.21 10:50:28.154,1.03277,1.03317,2.85,2.04
2011.06.21 10:50:28.705,1.03277,1.03317,2.85,2.04
2011.06.21 10:50:28.819,1.03277,1.03317,3.23,2.04
2011.06.21 10:50:29.197,1.03287,1.03317,2.10,2.04
2011.06.21 10:50:29.965,1.03287,1.03317,2.10,2.04
2011.06.21 10:50:30.625,1.03287,1.03317,2.10,2.04
2011.06.21 10:50:31.604,1.03287,1.03316,2.10,1.07
2011.06.21 10:50:31.937,1.03278,1.03317,2.70,1.44
2011.06.21 10:50:32.375,1.03287,1.03317,2.10,1.44
2011.06.21 10:50:32.953,1.03287,1.03324,2.10,2.10
2011.06.21 10:50:34.555,1.03287,1.03327,2.10,2.04
2011.06.21 10:50:36.493,1.03297,1.03327,2.10,1.35
2011.06.21 10:50:36.972,1.03287,1.03327,2.10,1.35
2011.06.21 10:50:37.099,1.03298,1.03327,2.10,2.10
2011.06.21 10:50:39.407,1.03298,1.03327,2.10,2.10
2011.06.21 10:50:39.515,1.03288,1.03327,2.10,2.10
2011.06.21 10:50:39.734,1.03288,1.0333,2.70,2.48
2011.06.21 10:50:40.065,1.03288,1.03325,2.10,2.10
2011.06.21 10:50:40.284,1.03288,1.03329,2.70,2.48
2011.06.21 10:50:40.947,1.03288,1.03322,2.70,1.35
2011.06.21 10:50:41.496,1.03288,1.03317,2.70,1.44
2011.06.21 10:50:41.935,1.03288,1.03327,2.70,2.04
2011.06.21 10:50:50.186,1.03288,1.03327,3.45,2.04
2011.06.21 10:50:50.407,1.03288,1.03327,2.70,2.04
2011.06.21 10:50:51.066,1.03288,1.03326,3.45,1.29
2011.06.21 10:50:51.175,1.03288,1.03326,2.70,2.04
2011.06.21 10:50:51.285,1.03288,1.03326,2.10,2.85
2011.06.21 10:50:54.036,1.03288,1.03326,3.23,2.79
2011.06.21 10:50:54.604,1.03288,1.03326,3.23,3.54
2011.06.21 10:50:54.843,1.03288,1.03326,3.83,2.04
2011.06.21 10:50:55.175,1.0329,1.03326,1.50,1.29
2011.06.21 10:50:55.507,1.03293,1.03327,1.35,1.44
2011.06.21 10:50:55.617,1.03297,1.03335,2.10,2.10
2011.06.21 10:50:56.166,1.03297,1.03336,2.70,2.04
2011.06.21 10:51:00.365,1.03298,1.03336,1.73,1.44
2011.06.21 10:51:00.804,1.03298,1.03336,1.73,2.04
2011.06.21 10:51:01.858,1.03298,1.03336,1.73,2.04
2011.06.21 10:51:04.857,1.033,1.03336,1.13,1.35
2011.06.21 10:51:05.187,1.03308,1.03336,2.10,1.29
2011.06.21 10:51:05.404,1.03299,1.03336,1.35,1.29
2011.06.21 10:51:06.969,1.03299,1.03336,1.35,1.35
2011.06.21 10:51:07.085,1.03299,1.03336,2.10,1.35
2011.06.21 10:51:07.724,1.03298,1.03336,1.35,1.29
2011.06.21 10:51:08.574,1.03299,1.03336,2.10,1.35
2011.06.21 10:51:09.785,1.03298,1.03336,1.35,1.35
2011.06.21 10:51:09.895,1.03297,1.03336,3.60,2.04
2011.06.21 10:51:10.227,1.03298,1.03337,2.70,2.42
2011.06.21 10:51:10.778,1.03297,1.03336,2.70,1.35
2011.06.21 10:51:13.077,1.03297,1.03337,4.20,1.44
2011.06.21 10:51:13.589,1.03297,1.03337,4.20,1.44
2011.06.21 10:51:13.925,1.03297,1.03336,2.70,2.04
2011.06.21 10:51:20.745,1.03301,1.03337,1.35,1.44
2011.06.21 10:51:21.304,1.03301,1.03341,1.35,1.35
2011.06.21 10:51:21.526,1.03298,1.03338,2.70,1.35
2011.06.21 10:51:21.855,1.03298,1.03337,2.70,1.44
2011.06.21 10:51:22.194,1.03298,1.03336,2.10,1.35
2011.06.21 10:51:23.287,1.03298,1.03337,2.70,2.04
2011.06.21 10:51:24.037,1.03298,1.03337,2.10,2.04
2011.06.21 10:51:32.705,1.03298,1.03335,2.70,1.35
2011.06.21 10:51:32.815,1.03298,1.03336,2.70,1.29
2011.06.21 10:51:33.646,1.03293,1.03335,2.48,1.35
2011.06.21 10:51:34.197,1.03298,1.03337,2.70,2.04
2011.06.21 10:51:37.734,1.03298,1.03336,2.10,3.54
2011.06.21 10:51:38.505,1.03298,1.03335,2.70,1.35
2011.06.21 10:51:39.645,1.03298,1.03336,2.70,1.29
2011.06.21 10:51:52.316,1.03298,1.03336,2.10,1.67
2011.06.21 10:51:52.535,1.03294,1.03336,2.48,2.04
2011.06.21 10:51:52.646,1.03297,1.03336,2.10,1.35
2011.06.21 10:51:52.974,1.03297,1.03335,2.70,1.35
2011.06.21 10:51:53.305,1.03297,1.03336,2.70,1.35
2011.06.21 10:51:53.971,1.03297,1.03335,2.70,1.35
2011.06.21 10:51:55.375,1.03297,1.03336,2.70,2.10
2011.06.21 10:51:55.486,1.03297,1.03335,2.10,2.48
2011.06.21 10:51:56.124,1.03288,1.03335,4.58,2.10
2011.06.21 10:51:56.458,1.0329,1.03336,3.60,1.29
2011.06.21 10:51:57.164,1.03297,1.03335,2.70,1.35
2011.06.21 10:51:58.374,1.03297,1.03336,2.70,2.04
2011.06.21 10:51:59.595,1.03297,1.03335,2.70,1.35
2011.06.21 10:51:59.705,1.03297,1.03336,3.45,1.29
2011.06.21 10:52:00.246,1.03297,1.03335,2.70,1.35
2011.06.21 10:52:01.032,1.03297,1.03334,2.10,2.85
2011.06.21 10:52:01.485,1.03297,1.03334,2.70,1.35
2011.06.21 10:52:04.257,1.033,1.03336,1.35,1.29
2011.06.21 10:52:06.678,1.03297,1.03336,2.70,1.35
2011.06.21 10:52:07.805,1.03297,1.03337,2.70,1.44
2011.06.21 10:52:08.420,1.03297,1.03336,3.45,1.44
2011.06.21 10:52:09.674,1.03297,1.03336,2.70,1.44
2011.06.21 10:52:10.134,1.03297,1.03337,3.45,1.44
2011.06.21 10:52:10.738,1.03297,1.03336,2.70,1.50
2011.06.21 10:52:10.955,1.03297,1.03333,2.10,1.35
2011.06.21 10:52:16.966,1.03297,1.03336,2.70,1.35
2011.06.21 10:52:18.326,1.03297,1.03336,2.70,2.10
2011.06.21 10:52:21.467,1.03297,1.03336,2.70,2.42
2011.06.21 10:52:21.576,1.03294,1.03336,1.35,3.23
2011.06.21 10:52:21.794,1.03293,1.03331,1.35,1.35
2011.06.21 10:52:22.556,1.03292,1.03327,1.35,1.44
2011.06.21 10:52:23.155,1.03292,1.03326,1.35,1.44
2011.06.21 10:52:23.484,1.03291,1.03327,1.35,2.04
2011.06.21 10:52:24.035,1.03288,1.03327,3.83,2.04
2011.06.21 10:52:25.174,1.03288,1.03327,3.83,2.04
2011.06.21 10:52:26.556,1.03291,1.03326,1.35,1.44
2011.06.21 10:52:27.164,1.03291,1.03327,1.35,2.04
2011.06.21 10:52:27.614,1.03292,1.03326,1.35,1.44
2011.06.21 10:52:28.165,1.03298,1.03327,2.10,1.44
2011.06.21 10:52:28.384,1.03298,1.03337,2.10,2.04
2011.06.21 10:52:32.624,1.03298,1.03335,2.70,1.35
2011.06.21 10:52:33.984,1.03298,1.03336,2.70,2.04
2011.06.21 10:52:34.424,1.03298,1.03337,2.10,3.54
2011.06.21 10:52:34.754,1.03298,1.03336,2.70,2.04
2011.06.21 10:52:38.907,1.03298,1.03335,2.10,2.10
2011.06.21 10:52:39.235,1.03294,1.03335,1.35,2.10
2011.06.21 10:52:39.659,1.03298,1.03335,2.10,2.10
2011.06.21 10:52:42.445,1.03298,1.0333,2.10,1.35
2011.06.21 10:52:42.998,1.03287,1.03332,2.70,2.48
2011.06.21 10:52:43.546,1.03288,1.03327,2.70,1.44
2011.06.21 10:52:44.094,1.03292,1.03327,1.35,1.44
2011.06.21 10:52:44.765,1.03288,1.03326,2.70,1.44
2011.06.21 10:52:44.875,1.03288,1.03327,2.70,2.04
2011.06.21 10:52:54.385,1.03288,1.03326,2.10,2.04
2011.06.21 10:52:54.606,1.03286,1.03326,1.35,1.29
2011.06.21 10:52:55.166,1.03288,1.03326,1.35,2.04
2011.06.21 10:52:55.495,1.03297,1.03333,2.10,1.35
2011.06.21 10:52:57.055,1.03297,1.03336,2.70,2.04
2011.06.21 10:52:59.114,1.03297,1.03333,2.10,2.10
2011.06.21 10:53:00.156,1.03297,1.03333,2.85,2.10
2011.06.21 10:53:00.265,1.03298,1.03341,3.23,2.04
2011.06.21 10:53:00.375,1.03307,1.03343,2.10,1.35
2011.06.21 10:53:00.595,1.03298,1.03346,2.10,2.42
2011.06.21 10:53:00.815,1.03307,1.03343,2.10,1.35
2011.06.21 10:53:06.756,1.03308,1.03346,2.10,1.44
2011.06.21 10:53:06.866,1.03307,1.03347,3.08,1.29
2011.06.21 10:53:07.305,1.03311,1.03346,2.10,1.29
2011.06.21 10:53:09.115,1.03316,1.03347,2.10,1.44
2011.06.21 10:53:09.335,1.03316,1.03354,2.10,1.35
2011.06.21 10:53:09.445,1.03318,1.03354,2.10,1.35
2011.06.21 10:53:10.216,1.03318,1.03354,2.70,1.35
2011.06.21 10:53:12.259,1.03318,1.03353,2.70,1.35
2011.06.21 10:53:12.516,1.03318,1.03354,2.70,1.35
2011.06.21 10:53:12.844,1.03318,1.03353,2.70,1.35
2011.06.21 10:53:12.955,1.03318,1.03354,2.70,1.35
2011.06.21 10:53:14.056,1.03318,1.03353,2.70,1.35
2011.06.21 10:53:23.075,1.03318,1.03353,2.10,1.35
2011.06.21 10:53:23.456,1.03318,1.03352,2.10,1.35
2011.06.21 10:53:23.914,1.03318,1.03354,2.10,1.35
2011.06.21 10:53:25.016,1.03318,1.03356,2.70,1.35
2011.06.21 10:53:25.127,1.03318,1.03356,2.70,1.35
2011.06.21 10:53:25.455,1.03318,1.0335,2.10,2.10
2011.06.21 10:53:26.884,1.03318,1.03356,2.70,2.10
2011.06.21 10:53:30.001,1.03318,1.03356,2.70,2.19
2011.06.21 10:53:30.336,1.03323,1.03359,1.50,1.35
2011.06.21 10:53:31.074,1.03323,1.03359,1.50,1.35
2011.06.21 10:53:31.975,1.03324,1.03359,1.50,1.35
2011.06.21 10:53:34.232,1.03324,1.03359,1.50,1.35
2011.06.21 10:53:34.746,1.03323,1.03359,1.50,1.35
2011.06.21 10:53:35.515,1.03324,1.03359,1.50,1.35
2011.06.21 10:53:36.014,1.03324,1.03359,1.50,1.35
2011.06.21 10:53:36.748,1.03323,1.03359,1.50,1.35
2011.06.21 10:53:37.275,1.03324,1.03359,1.50,1.35
2011.06.21 10:53:37.935,1.03323,1.03359,1.50,1.35
2011.06.21 10:53:38.505,1.03323,1.03359,1.50,1.35
2011.06.21 10:53:40.395,1.03323,1.03359,1.50,1.35
2011.06.21 10:53:41.164,1.03323,1.03359,1.50,1.35
2011.06.21 10:53:43.004,1.03323,1.03359,1.50,1.35
2011.06.21 10:53:44.996,1.03323,1.03359,1.50,1.35
2011.06.21 10:53:45.654,1.03323,1.03359,1.50,1.35
2011.06.21 10:53:46.865,1.03324,1.03359,1.50,1.35
2011.06.21 10:53:47.416,1.03323,1.03359,1.50,1.35
2011.06.21 10:53:48.075,1.03324,1.03359,1.50,1.35
2011.06.21 10:53:52.975,1.03323,1.03359,1.50,1.35
2011.06.21 10:53:53.525,1.03323,1.03359,1.50,1.35
2011.06.21 10:53:53.635,1.03327,1.03359,2.10,1.35
2011.06.21 10:53:55.322,1.03327,1.0336,2.70,1.35
2011.06.21 10:53:55.545,1.03327,1.03363,2.70,1.35
2011.06.21 10:53:59.306,1.03328,1.03364,2.10,1.35
2011.06.21 10:54:01.195,1.03327,1.03362,2.70,2.10
2011.06.21 10:54:03.988,1.03327,1.03356,2.10,2.10
2011.06.21 10:54:04.206,1.03327,1.0336,2.70,1.29
2011.06.21 10:54:05.780,1.03327,1.03357,2.10,2.10
2011.06.21 10:54:15.883,1.03324,1.03355,1.50,4.67
2011.06.21 10:54:15.999,1.03318,1.03355,2.70,3.23
2011.06.21 10:54:19.663,1.03318,1.03349,2.70,1.35
2011.06.21 10:54:19.885,1.03314,1.03345,1.35,1.35
2011.06.21 10:54:20.105,1.03313,1.03345,1.50,2.10
2011.06.21 10:54:20.327,1.03307,1.03345,1.35,2.10
2011.06.21 10:54:20.546,1.03304,1.03341,1.35,2.10
2011.06.21 10:54:22.666,1.03304,1.03337,1.35,1.73
2011.06.21 10:54:22.997,1.03296,1.03334,1.35,2.10
2011.06.21 10:54:23.327,1.03299,1.03336,2.10,1.29
2011.06.21 10:54:26.261,1.03298,1.03336,2.10,1.67
2011.06.21 10:54:26.818,1.03296,1.03337,1.35,4.67
2011.06.21 10:54:27.035,1.03294,1.03335,2.25,2.48
2011.06.21 10:54:27.145,1.03294,1.03336,1.35,1.67
2011.06.21 10:54:27.476,1.03294,1.03336,1.35,4.73
2011.06.21 10:54:28.136,1.03295,1.03335,1.35,1.67
2011.06.21 10:54:29.106,1.03294,1.03336,1.35,6.17
2011.06.21 10:54:29.694,1.03295,1.03336,1.35,3.92
2011.06.21 10:54:31.068,1.03292,1.03326,1.35,1.44
2011.06.21 10:54:31.618,1.03294,1.03331,1.35,1.35
2011.06.21 10:54:32.276,1.03295,1.03331,1.35,1.29
2011.06.21 10:54:32.494,1.03293,1.03332,2.10,2.79
2011.06.21 10:54:32.606,1.03295,1.03331,1.35,1.29
2011.06.21 10:54:32.825,1.03294,1.03331,2.10,2.04
2011.06.21 10:54:33.774,1.03296,1.03336,1.35,1.73
2011.06.21 10:54:34.486,1.03297,1.03337,2.10,1.44
2011.06.21 10:54:35.322,1.03297,1.03345,6.08,3.23
2011.06.21 10:54:36.535,1.03305,1.03343,2.10,2.85
2011.06.21 10:54:36.645,1.03301,1.03341,2.10,2.10
2011.06.21 10:54:37.175,1.03306,1.03341,1.35,2.10
2011.06.21 10:54:37.284,1.03307,1.03344,1.35,2.48
2011.06.21 10:54:38.285,1.033,1.03338,2.10,2.10
2011.06.21 10:54:54.507,1.03304,1.03336,1.50,2.10
2011.06.21 10:54:54.946,1.03297,1.03336,2.70,3.54
2011.06.21 10:54:56.725,1.03296,1.0333,2.10,1.07
2011.06.21 10:54:57.387,1.03296,1.03327,2.10,1.44
2011.06.21 10:54:57.888,1.03296,1.03337,2.10,3.32
2011.06.21 10:54:58.537,1.03296,1.03335,2.10,1.13
2011.06.21 10:54:58.756,1.03293,1.03335,2.10,1.73
2011.06.21 10:55:01.102,1.03296,1.03335,2.10,1.13
2011.06.21 10:55:01.724,1.03297,1.03336,1.35,1.07
2011.06.21 10:55:02.275,1.03294,1.03335,2.10,1.13
2011.06.21 10:55:03.226,1.03297,1.03336,1.35,1.07
2011.06.21 10:55:04.325,1.03296,1.03335,2.10,1.13
2011.06.21 10:55:04.546,1.03294,1.03333,1.35,1.35
2011.06.21 10:55:04.876,1.03291,1.03327,1.35,1.44
2011.06.21 10:55:05.096,1.03298,1.03334,2.10,1.35
2011.06.21 10:55:05.205,1.03298,1.03336,2.70,1.35
2011.06.21 10:55:05.425,1.03298,1.03336,2.70,1.35
2011.06.21 10:55:15.624,1.03298,1.03336,2.10,1.35
2011.06.21 10:55:18.806,1.03298,1.03337,2.70,2.04
2011.06.21 10:55:19.028,1.03298,1.03336,2.70,1.13
2011.06.21 10:55:19.135,1.03294,1.03336,2.10,2.42
2011.06.21 10:55:19.246,1.03295,1.03337,2.10,2.04
2011.06.21 10:55:20.455,1.03297,1.03335,2.70,1.35
2011.06.21 10:55:21.921,1.03297,1.03335,2.70,1.35
2011.06.21 10:55:29.920,1.03297,1.03336,2.70,1.35
2011.06.21 10:55:31.797,1.03297,1.03335,2.70,1.35
2011.06.21 10:55:33.769,1.03297,1.03337,2.70,2.04
2011.06.21 10:55:35.916,1.03297,1.03336,2.70,2.42
2011.06.21 10:55:36.246,1.03292,1.03337,1.35,2.42
2011.06.21 10:55:36.357,1.0329,1.03336,2.10,2.10
2011.06.21 10:55:36.687,1.03292,1.03326,1.35,1.44
2011.06.21 10:55:37.015,1.03294,1.03327,2.10,1.44
2011.06.21 10:55:37.236,1.03298,1.03337,2.70,2.04
2011.06.21 10:55:42.695,1.03298,1.03334,2.10,2.48
2011.06.21 10:55:43.025,1.03288,1.03334,3.08,2.48
2011.06.21 10:55:43.576,1.03288,1.03327,2.70,2.04
2011.06.21 10:55:44.938,1.03288,1.03326,2.10,2.04
2011.06.21 10:55:45.050,1.03285,1.03327,1.35,3.92
2011.06.21 10:55:45.281,1.03288,1.03327,2.70,2.04
2011.06.21 10:55:51.267,1.0329,1.03327,2.10,1.44
2011.06.21 10:55:51.376,1.0329,1.0333,2.10,1.44
2011.06.21 10:55:52.619,1.03293,1.0333,2.10,1.50
2011.06.21 10:55:58.204,1.03296,1.03332,1.35,2.94
2011.06.21 10:55:58.535,1.03296,1.03331,1.35,2.94
2011.06.21 10:55:59.241,1.03296,1.03331,1.35,1.44
2011.06.21 10:56:00.635,1.03296,1.03331,1.35,2.94
2011.06.21 10:56:01.240,1.03296,1.03331,1.35,1.44
2011.06.21 10:56:05.005,1.03296,1.03334,1.35,1.35
2011.06.21 10:56:10.945,1.03297,1.03334,2.10,1.35
2011.06.21 10:56:14.507,1.03296,1.03334,1.35,1.35
2011.06.21 10:56:16.710,1.03294,1.0333,2.10,1.35
2011.06.21 10:56:17.464,1.03296,1.03334,1.35,1.35
2011.06.21 10:56:24.907,1.03298,1.03334,2.10,1.35
2011.06.21 10:56:26.336,1.03296,1.03333,2.85,2.10
2011.06.21 10:56:31.156,1.03296,1.0333,2.10,1.35
2011.06.21 10:56:31.505,1.03296,1.03333,2.85,2.10
2011.06.21 10:56:41.811,1.03296,1.0333,2.10,1.35
2011.06.21 10:56:46.176,1.03296,1.03333,2.10,3.23
2011.06.21 10:56:46.619,1.03294,1.03327,1.35,1.35
2011.06.21 10:56:47.386,1.03288,1.03327,2.10,2.04
2011.06.21 10:56:47.608,1.03288,1.03327,2.10,2.79
2011.06.21 10:56:48.187,1.03288,1.03326,2.10,1.13
2011.06.21 10:56:50.026,1.03288,1.03326,2.10,1.82
2011.06.21 10:56:53.495,1.03291,1.03326,1.35,1.07
2011.06.21 10:56:54.607,1.03288,1.03326,2.10,1.13
2011.06.21 10:56:55.251,1.03288,1.03326,2.10,1.13
2011.06.21 10:56:55.372,1.03283,1.03317,1.35,1.29
2011.06.21 10:56:55.595,1.03284,1.03316,2.10,1.44
2011.06.21 10:56:56.475,1.03284,1.03317,2.10,1.44
2011.06.21 10:56:58.037,1.03284,1.03317,2.10,1.44
2011.06.21 10:56:59.817,1.03284,1.03317,2.10,1.44
2011.06.21 10:57:00.335,1.03284,1.03317,2.10,1.44
2011.06.21 10:57:00.887,1.03284,1.03323,2.10,2.04
2011.06.21 10:57:00.995,1.03284,1.03323,2.10,1.35
2011.06.21 10:57:02.276,1.0329,1.03325,1.35,2.42
2011.06.21 10:57:02.395,1.03287,1.03323,1.35,1.35
2011.06.21 10:57:03.561,1.03284,1.03323,2.85,1.35
2011.06.21 10:57:03.677,1.03284,1.03318,2.10,3.23
2011.06.21 10:57:04.558,1.03279,1.03319,2.48,3.54
2011.06.21 10:57:04.667,1.03279,1.03322,2.48,1.35
2011.06.21 10:57:04.997,1.03283,1.03325,2.10,1.13
2011.06.21 10:57:05.327,1.03288,1.03323,2.10,1.35
2011.06.21 10:57:05.837,1.03279,1.03323,2.48,1.35
2011.06.21 10:57:11.006,1.03279,1.03323,2.10,1.73
2011.06.21 10:57:11.447,1.03279,1.03317,2.10,1.44
2011.06.21 10:57:11.557,1.03277,1.03317,2.70,1.44
2011.06.21 10:57:12.425,1.03277,1.03317,3.45,1.44
2011.06.21 10:57:13.177,1.03277,1.03316,2.70,1.44
2011.06.21 10:57:15.706,1.03278,1.03317,3.08,1.44
2011.06.21 10:57:15.816,1.03281,1.03318,1.35,1.50
2011.06.21 10:57:16.147,1.03278,1.03317,2.70,1.44
2011.06.21 10:57:16.696,1.03278,1.03317,2.70,1.44
2011.06.21 10:57:17.590,1.03278,1.03317,2.70,1.44
2011.06.21 10:57:18.276,1.03278,1.03317,2.70,1.44
2011.06.21 10:57:18.828,1.03278,1.03317,2.70,1.44
2011.06.21 10:57:19.375,1.03278,1.03317,2.70,1.44
2011.06.21 10:57:19.964,1.03278,1.03317,2.70,1.44
2011.06.21 10:57:20.546,1.03278,1.03316,2.70,2.63
2011.06.21 10:57:20.656,1.03271,1.03316,1.35,1.73
2011.06.21 10:57:21.247,1.03269,1.03313,2.10,3.83
2011.06.21 10:57:21.356,1.03269,1.0331,2.10,1.07
2011.06.21 10:57:23.336,1.03271,1.03307,1.35,1.44
2011.06.21 10:57:23.896,1.03269,1.03307,2.10,1.44
2011.06.21 10:57:24.646,1.03269,1.03307,2.10,1.44
2011.06.21 10:57:25.316,1.03269,1.03307,2.10,1.44
2011.06.21 10:57:26.037,1.03269,1.03313,2.48,2.70
2011.06.21 10:57:26.147,1.03269,1.03313,2.10,1.73
2011.06.21 10:57:26.586,1.03269,1.03306,2.10,1.44
2011.06.21 10:57:26.697,1.03267,1.03307,3.45,1.44
2011.06.21 10:57:27.226,1.03267,1.03306,3.45,1.44
2011.06.21 10:57:28.336,1.03267,1.03307,3.45,1.44
2011.06.21 10:57:28.948,1.03267,1.03307,3.45,1.44
2011.06.21 10:57:33.466,1.03267,1.03307,2.70,1.44
2011.06.21 10:57:34.921,1.03267,1.03307,2.70,1.44
2011.06.21 10:57:35.536,1.03267,1.03313,3.08,2.70
2011.06.21 10:57:37.097,1.03268,1.03308,2.70,1.35
2011.06.21 10:57:38.137,1.03268,1.03307,2.70,1.44
2011.06.21 10:57:38.656,1.03268,1.03315,2.70,3.60
2011.06.21 10:57:38.986,1.03268,1.0331,2.70,2.48
2011.06.21 10:57:39.316,1.03268,1.03306,2.70,1.44
2011.06.21 10:57:40.358,1.0327,1.03306,2.10,1.44
2011.06.21 10:57:40.578,1.0327,1.03315,2.10,1.73
2011.06.21 10:57:41.186,1.03268,1.03313,2.70,2.48
2011.06.21 10:57:43.606,1.03273,1.03314,2.10,1.73
2011.06.21 10:57:44.717,1.03278,1.03317,2.48,1.44
2011.06.21 10:57:45.267,1.03277,1.03316,3.45,2.04
2011.06.21 10:57:45.486,1.03278,1.03317,2.70,1.44
2011.06.21 10:57:46.916,1.03282,1.03317,1.35,1.44
2011.06.21 10:57:47.424,1.03282,1.03317,1.35,1.44
2011.06.21 10:57:47.757,1.03282,1.03316,1.35,1.44
2011.06.21 10:57:48.466,1.03277,1.03316,4.58,1.35
2011.06.21 10:57:49.530,1.03279,1.0332,2.10,1.29
2011.06.21 10:57:49.636,1.03279,1.03322,2.10,2.70
2011.06.21 10:57:49.748,1.03278,1.03322,2.70,2.48
2011.06.21 10:57:49.857,1.03283,1.03322,2.10,2.48
2011.06.21 10:57:49.966,1.03283,1.03322,2.48,2.10
2011.06.21 10:57:50.188,1.03287,1.03326,2.70,1.29
2011.06.21 10:57:52.636,1.03287,1.03327,2.70,2.04
2011.06.21 10:58:00.497,1.03293,1.03326,2.10,1.44
2011.06.21 10:58:00.607,1.03293,1.03336,2.10,3.17
2011.06.21 10:58:00.825,1.03293,1.03334,2.10,1.35
2011.06.21 10:58:01.340,1.03293,1.03327,2.10,1.44
2011.06.21 10:58:01.936,1.03293,1.03327,2.10,1.44
2011.06.21 10:58:05.098,1.03293,1.03327,2.10,1.44
2011.06.21 10:58:05.846,1.03293,1.03327,2.10,1.44
2011.06.21 10:58:06.307,1.03299,1.03327,1.35,1.44
2011.06.21 10:58:06.416,1.03296,1.03327,1.35,1.44
2011.06.21 10:58:07.227,1.03296,1.03326,1.35,1.35
2011.06.21 10:58:09.809,1.03296,1.03326,1.35,1.44
2011.06.21 10:58:10.356,1.03297,1.03333,2.70,2.85
2011.06.21 10:58:24.538,1.03303,1.03336,2.10,2.04
2011.06.21 10:58:24.649,1.03303,1.03336,2.10,1.29
2011.06.21 10:58:25.529,1.03306,1.03337,2.10,1.44
2011.06.21 10:58:25.638,1.03306,1.03344,2.10,1.35
2011.06.21 10:58:25.969,1.03307,1.03342,2.10,2.10
2011.06.21 10:58:26.296,1.03308,1.03343,2.10,1.35
2011.06.21 10:58:29.976,1.03304,1.03344,2.85,2.10
2011.06.21 10:58:30.368,1.03304,1.03344,2.10,2.85
2011.06.21 10:58:31.557,1.03304,1.03344,2.10,2.10
2011.06.21 10:58:31.667,1.03306,1.03346,1.35,1.35
2011.06.21 10:58:33.226,1.03304,1.03345,2.10,1.35
2011.06.21 10:58:33.777,1.03306,1.03346,1.35,2.04
2011.06.21 10:58:35.880,1.03304,1.03345,2.85,1.35
2011.06.21 10:58:38.517,1.03307,1.03347,1.35,2.04
2011.06.21 10:58:38.727,1.03306,1.03347,1.35,3.54
2011.06.21 10:58:39.277,1.03304,1.03343,2.10,1.35
2011.06.21 10:58:39.816,1.03306,1.03346,1.35,1.29
2011.06.21 10:58:40.557,1.03304,1.03343,1.35,1.35
2011.06.21 10:58:48.336,1.03301,1.03337,1.35,1.44
2011.06.21 10:58:49.396,1.03303,1.03347,2.48,3.54
2011.06.21 10:59:14.197,1.03301,1.03336,1.35,1.44
2011.06.21 10:59:14.687,1.03298,1.03337,3.45,1.44
2011.06.21 10:59:15.747,1.03303,1.03336,2.10,1.44
2011.06.21 10:59:16.349,1.03304,1.03336,2.10,1.44
2011.06.21 10:59:16.461,1.03308,1.03345,3.08,2.10
2011.06.21 10:59:18.828,1.0331,1.03346,2.10,2.04
2011.06.21 10:59:21.467,1.03314,1.03347,2.10,1.44
2011.06.21 10:59:21.688,1.03317,1.03351,2.70,3.92
2011.06.21 10:59:21.797,1.03317,1.03345,2.10,2.10
2011.06.21 10:59:21.907,1.03309,1.03345,1.35,2.10
2011.06.21 10:59:24.647,1.03307,1.03345,2.85,2.10
2011.06.21 10:59:24.866,1.03303,1.03345,2.10,3.17
2011.06.21 10:59:25.086,1.03302,1.03339,1.35,1.67
2011.06.21 10:59:25.416,1.03302,1.03343,1.35,2.70
2011.06.21 10:59:31.106,1.03302,1.03345,1.35,1.82
2011.06.21 10:59:31.646,1.03302,1.03345,1.73,1.44
2011.06.21 10:59:31.977,1.03308,1.03346,2.70,3.69
2011.06.21 10:59:32.527,1.03307,1.03347,3.08,3.69
2011.06.21 10:59:33.043,1.03307,1.03346,3.08,2.94
2011.06.21 10:59:33.846,1.03307,1.03347,3.08,3.69
2011.06.21 10:59:34.406,1.03307,1.03346,3.08,2.94
2011.06.21 10:59:39.427,1.03311,1.03346,1.35,3.60
2011.06.21 10:59:44.617,1.03311,1.03341,1.35,1.50
2011.06.21 10:59:45.163,1.03307,1.03341,2.70,2.79
2011.06.21 10:59:54.858,1.033,1.03336,2.10,1.29
2011.06.21 10:59:56.177,1.03301,1.03334,1.35,2.10
2011.06.21 10:59:56.784,1.03296,1.03329,2.10,1.29
2011.06.21 10:59:58.494,1.03296,1.03327,2.85,1.44
2011.06.21 10:59:59.061,1.03296,1.03327,2.85,1.44
