2014.04.02 18:00:01.441,1.01927,1.01943,1.00,1.39
2014.04.02 18:00:01.938,1.01927,1.01945,1.00,1.72
2014.04.02 18:00:03.370,1.01924,1.01946,4.62,1.74
2014.04.02 18:00:03.471,1.01927,1.01946,1.69,1.18
2014.04.02 18:00:05.622,1.01927,1.01949,2.82,1.77
2014.04.02 18:00:05.672,1.01932,1.01949,1.13,1.25
2014.04.02 18:00:05.874,1.01932,1.01943,2.07,1.00
2014.04.02 18:00:06.076,1.0193,1.01951,1.27,1.64
2014.04.02 18:00:06.503,1.0193,1.01951,1.69,1.34
2014.04.02 18:00:09.511,1.01931,1.01952,1.67,1.47
2014.04.02 18:00:09.828,1.01932,1.01952,1.92,1.47
2014.04.02 18:00:10.030,1.01934,1.01954,1.54,2.14
2014.04.02 18:00:10.578,1.01935,1.01954,1.00,2.14
2014.04.02 18:00:11.868,1.01935,1.01954,2.07,1.77
2014.04.02 18:00:12.627,1.01935,1.01954,2.07,1.29
2014.04.02 18:00:13.141,1.01935,1.01954,1.69,1.39
2014.04.02 18:00:16.120,1.01935,1.01954,2.44,1.77
2014.04.02 18:00:19.455,1.01935,1.01953,1.19,1.19
2014.04.02 18:00:23.068,1.01935,1.01954,1.69,1.77
2014.04.02 18:00:25.675,1.01935,1.01953,1.19,1.19
2014.04.02 18:00:27.712,1.01936,1.01954,1.84,1.19
2014.04.02 18:00:27.813,1.01937,1.01959,1.10,1.84
2014.04.02 18:00:27.864,1.01937,1.01959,2.03,1.27
2014.04.02 18:00:28.367,1.01941,1.01964,2.55,2.59
2014.04.02 18:00:30.767,1.01942,1.01962,1.19,1.19
2014.04.02 18:00:35.043,1.01943,1.01964,1.19,1.84
2014.04.02 18:00:45.882,1.01942,1.01963,1.37,1.19
2014.04.02 18:00:47.892,1.01942,1.01963,1.34,1.19
2014.04.02 18:00:49.017,1.01943,1.01964,1.34,1.69
2014.04.02 18:00:52.389,1.01942,1.01963,1.34,1.19
2014.04.02 18:00:55.197,1.01943,1.01964,1.34,1.69
2014.04.02 18:00:56.420,1.01941,1.01963,1.84,1.69
2014.04.02 18:00:58.213,1.01941,1.0196,1.34,1.19
2014.04.02 18:00:59.542,1.01941,1.01963,1.34,1.69
2014.04.02 18:01:00.697,1.01941,1.01963,1.34,1.69
2014.04.02 18:01:02.064,1.01945,1.01963,2.25,1.69
2014.04.02 18:01:04.033,1.01943,1.01963,4.50,1.69
2014.04.02 18:01:05.328,1.01943,1.01963,3.27,1.69
2014.04.02 18:01:06.833,1.01943,1.01963,3.27,1.19
2014.04.02 18:01:07.184,1.01945,1.01963,2.52,1.19
2014.04.02 18:01:09.066,1.01945,1.01959,2.52,1.50
2014.04.02 18:01:09.167,1.01942,1.01958,2.33,1.69
2014.04.02 18:01:09.269,1.01938,1.01956,1.20,1.00
2014.04.02 18:01:09.320,1.01936,1.01954,5.82,1.00
2014.04.02 18:01:13.059,1.01943,1.01956,1.45,1.00
2014.04.02 18:01:13.333,1.01945,1.01964,1.34,1.57
2014.04.02 18:01:13.384,1.01945,1.01958,1.37,1.00
2014.04.02 18:01:13.439,1.01941,1.01958,2.52,1.00
2014.04.02 18:01:13.590,1.0194,1.01954,2.52,1.00
2014.04.02 18:01:13.692,1.01938,1.01954,1.77,1.00
2014.04.02 18:01:15.731,1.01936,1.01954,3.64,1.00
2014.04.02 18:01:15.782,1.01936,1.01954,1.72,1.00
2014.04.02 18:01:15.884,1.01936,1.01957,1.72,1.13
2014.04.02 18:01:15.985,1.01936,1.01953,1.18,1.32
2014.04.02 18:01:16.200,1.01933,1.01953,2.22,2.07
2014.04.02 18:01:17.287,1.01932,1.01952,6.57,1.19
2014.04.02 18:01:17.952,1.01932,1.01952,2.22,1.19
2014.04.02 18:01:18.899,1.01932,1.01952,1.72,1.19
2014.04.02 18:01:22.692,1.01933,1.01954,1.74,1.77
2014.04.02 18:01:22.793,1.01937,1.01957,1.32,1.39
2014.04.02 18:01:22.894,1.01937,1.01957,2.97,1.19
2014.04.02 18:01:23.046,1.01942,1.01961,1.19,1.32
2014.04.02 18:01:23.360,1.01942,1.01958,1.19,1.00
2014.04.02 18:01:23.562,1.01937,1.01958,2.14,2.03
2014.04.02 18:01:23.662,1.01937,1.01958,1.10,2.78
2014.04.02 18:01:24.172,1.01937,1.01958,1.00,2.03
2014.04.02 18:01:24.570,1.01934,1.01953,2.44,1.00
2014.04.02 18:01:25.120,1.01936,1.01957,1.02,1.47
2014.04.02 18:01:25.247,1.01936,1.01957,1.25,1.47
2014.04.02 18:01:27.654,1.01934,1.01953,1.69,1.00
2014.04.02 18:01:29.397,1.01932,1.01954,1.27,2.52
2014.04.02 18:01:30.375,1.0193,1.0195,1.00,1.39
2014.04.02 18:01:30.628,1.01932,1.0195,1.00,2.22
2014.04.02 18:01:31.287,1.01932,1.0195,1.00,4.39
2014.04.02 18:01:31.609,1.01927,1.01949,2.07,1.34
2014.04.02 18:01:32.460,1.01927,1.01945,1.57,1.00
2014.04.02 18:01:32.511,1.01926,1.01944,1.10,1.19
2014.04.02 18:01:33.385,1.01923,1.01938,1.19,1.20
2014.04.02 18:01:33.447,1.01918,1.01938,1.77,2.22
2014.04.02 18:01:33.548,1.01918,1.01938,1.39,1.84
2014.04.02 18:01:34.288,1.01918,1.01938,1.32,1.84
2014.04.02 18:01:35.575,1.01918,1.01938,1.32,1.84
2014.04.02 18:01:37.461,1.01918,1.01937,1.13,1.39
2014.04.02 18:01:37.781,1.01918,1.01939,2.07,1.47
2014.04.02 18:01:39.956,1.01918,1.01939,2.07,2.22
2014.04.02 18:01:40.480,1.01919,1.01941,2.22,1.34
2014.04.02 18:01:41.035,1.01919,1.01941,2.22,1.19
2014.04.02 18:01:42.241,1.01919,1.01941,2.22,1.74
2014.04.02 18:01:42.393,1.01918,1.01937,1.72,1.19
2014.04.02 18:01:45.777,1.01918,1.01937,1.72,1.19
2014.04.02 18:01:46.681,1.01919,1.0194,1.47,1.67
2014.04.02 18:01:51.220,1.01921,1.0194,1.29,2.14
2014.04.02 18:01:51.322,1.01917,1.01938,1.37,2.14
2014.04.02 18:01:51.373,1.01916,1.01937,1.84,2.07
2014.04.02 18:01:51.424,1.01916,1.01937,1.00,2.97
2014.04.02 18:01:51.740,1.01916,1.01938,2.22,4.47
2014.04.02 18:01:52.042,1.01916,1.01937,2.07,2.52
2014.04.02 18:01:52.295,1.01916,1.01938,2.22,1.37
2014.04.02 18:01:52.396,1.01916,1.01938,2.07,1.34
2014.04.02 18:01:52.506,1.01916,1.01938,2.22,1.19
2014.04.02 18:01:54.780,1.01918,1.01938,1.57,1.69
2014.04.02 18:01:55.904,1.01918,1.01937,2.07,1.19
2014.04.02 18:01:57.030,1.01914,1.01934,3.64,1.19
2014.04.02 18:01:57.083,1.01913,1.01933,1.39,1.19
2014.04.02 18:01:57.184,1.0191,1.01931,1.34,1.19
2014.04.02 18:01:57.489,1.01909,1.01931,1.47,1.29
2014.04.02 18:02:00.290,1.01911,1.01931,1.19,1.29
2014.04.02 18:02:02.122,1.01908,1.01931,2.22,1.29
2014.04.02 18:02:05.907,1.0191,1.01931,1.29,1.29
2014.04.02 18:02:08.039,1.0191,1.01925,1.29,1.00
2014.04.02 18:02:08.140,1.01904,1.01924,1.23,1.19
2014.04.02 18:02:08.190,1.01902,1.01924,1.37,1.57
2014.04.02 18:02:08.241,1.019,1.01922,1.72,1.38
2014.04.02 18:02:08.342,1.019,1.01922,1.67,1.55
2014.04.02 18:02:09.053,1.01899,1.01922,1.57,1.53
2014.04.02 18:02:09.875,1.01899,1.0192,1.57,1.39
2014.04.02 18:02:10.688,1.01902,1.01923,1.29,1.39
2014.04.02 18:02:10.738,1.01904,1.01924,1.32,1.29
2014.04.02 18:02:10.789,1.01905,1.01924,1.19,1.29
2014.04.02 18:02:11.097,1.01907,1.01926,1.29,1.29
2014.04.02 18:02:11.780,1.01904,1.01925,2.14,1.39
2014.04.02 18:02:14.682,1.01904,1.01925,2.07,1.47
2014.04.02 18:02:15.695,1.01904,1.01923,1.57,1.34
2014.04.02 18:02:16.369,1.01907,1.01924,1.00,1.34
2014.04.02 18:02:18.569,1.01904,1.01924,1.57,1.34
2014.04.02 18:02:19.282,1.01905,1.01926,1.32,6.57
2014.04.02 18:02:19.390,1.01905,1.01926,1.32,2.22
2014.04.02 18:02:19.491,1.01904,1.01924,1.67,1.77
2014.04.02 18:02:19.693,1.01901,1.01922,1.39,1.33
2014.04.02 18:02:22.134,1.01902,1.01921,1.29,1.29
2014.04.02 18:02:22.904,1.01901,1.01922,1.39,1.33
2014.04.02 18:02:24.699,1.01901,1.01924,2.22,1.27
2014.04.02 18:02:24.750,1.01906,1.01925,1.19,1.09
2014.04.02 18:02:24.801,1.01906,1.01925,1.19,1.02
2014.04.02 18:02:25.817,1.01907,1.01926,1.19,1.37
2014.04.02 18:02:25.919,1.01905,1.01925,1.19,1.29
2014.04.02 18:02:26.020,1.01903,1.01925,1.74,1.29
2014.04.02 18:02:26.570,1.01902,1.01923,2.07,1.34
2014.04.02 18:02:26.872,1.01907,1.01925,1.00,1.32
2014.04.02 18:02:27.451,1.01907,1.01926,1.69,1.19
2014.04.02 18:02:28.829,1.01907,1.01926,1.69,1.19
2014.04.02 18:02:33.989,1.01907,1.01927,1.69,1.09
2014.04.02 18:02:34.040,1.01907,1.01926,1.69,1.08
2014.04.02 18:02:34.191,1.01907,1.01926,1.25,1.84
2014.04.02 18:02:34.449,1.01907,1.01923,1.00,1.29
2014.04.02 18:02:34.760,1.01902,1.01923,1.25,1.67
2014.04.02 18:02:36.523,1.01899,1.01921,1.19,1.37
2014.04.02 18:02:39.731,1.019,1.0192,1.19,1.29
2014.04.02 18:02:42.438,1.019,1.01919,1.19,1.19
2014.04.02 18:02:47.963,1.01898,1.0192,2.14,1.29
2014.04.02 18:02:48.511,1.01898,1.0192,1.32,1.84
2014.04.02 18:02:48.680,1.01897,1.01917,1.32,1.09
2014.04.02 18:02:48.731,1.01897,1.01917,1.32,1.09
2014.04.02 18:02:50.955,1.01897,1.01918,1.47,1.19
2014.04.02 18:02:51.332,1.01899,1.01919,1.19,2.22
2014.04.02 18:03:01.468,1.01899,1.01919,1.67,1.19
2014.04.02 18:03:01.519,1.01901,1.01922,2.07,1.40
2014.04.02 18:03:01.620,1.01904,1.01922,1.39,1.00
2014.04.02 18:03:02.176,1.01906,1.01927,1.00,1.34
2014.04.02 18:03:03.919,1.01907,1.01927,1.19,1.34
2014.04.02 18:03:08.871,1.01907,1.01919,1.32,1.08
2014.04.02 18:03:09.185,1.01902,1.01919,1.19,1.15
2014.04.02 18:03:09.247,1.01903,1.01923,1.57,1.29
2014.04.02 18:03:09.298,1.01905,1.01926,1.19,3.27
2014.04.02 18:03:09.550,1.01907,1.01926,1.25,1.34
2014.04.02 18:03:09.903,1.01903,1.01926,2.14,1.47
2014.04.02 18:03:10.004,1.01902,1.01924,1.70,1.84
2014.04.02 18:03:10.548,1.01902,1.01924,1.63,1.84
2014.04.02 18:03:10.820,1.01902,1.01922,1.63,2.52
2014.04.02 18:03:12.726,1.01902,1.01921,1.63,2.33
2014.04.02 18:03:12.780,1.01899,1.01921,1.32,3.64
2014.04.02 18:03:15.985,1.019,1.01919,1.19,1.34
2014.04.02 18:03:20.701,1.01899,1.01919,1.32,1.34
2014.04.02 18:03:29.396,1.01899,1.01918,1.57,2.52
2014.04.02 18:03:29.548,1.01897,1.01915,1.32,1.18
2014.04.02 18:03:29.649,1.01899,1.01914,1.19,1.20
2014.04.02 18:03:29.750,1.01896,1.01916,1.38,4.02
2014.04.02 18:03:29.851,1.01896,1.01916,1.48,3.75
2014.04.02 18:03:29.952,1.01898,1.01918,1.57,1.84
2014.04.02 18:03:30.864,1.01896,1.01917,2.14,1.29
2014.04.02 18:03:31.037,1.01896,1.01917,2.14,1.29
2014.04.02 18:03:32.999,1.01897,1.01915,1.00,1.77
2014.04.02 18:03:33.538,1.01897,1.01916,1.25,1.34
2014.04.02 18:03:33.740,1.01898,1.01916,1.19,1.34
2014.04.02 18:03:40.851,1.01897,1.01916,2.07,1.84
2014.04.02 18:03:48.944,1.01897,1.01915,1.32,2.59
2014.04.02 18:03:57.535,1.01897,1.01915,2.07,1.84
2014.04.02 18:03:58.037,1.01897,1.01915,1.32,1.84
2014.04.02 18:03:58.088,1.01897,1.01915,1.25,6.57
2014.04.02 18:03:58.188,1.01892,1.01912,2.07,1.84
2014.04.02 18:03:59.710,1.01892,1.01911,1.88,1.34
2014.04.02 18:04:00.948,1.01891,1.01913,1.57,4.39
2014.04.02 18:04:04.056,1.0189,1.01909,1.57,1.29
2014.04.02 18:04:05.658,1.01889,1.0191,2.07,1.37
2014.04.02 18:04:10.169,1.0189,1.01909,1.57,1.29
2014.04.02 18:04:14.677,1.01891,1.01912,1.57,1.34
2014.04.02 18:04:15.781,1.0189,1.0191,1.57,1.37
2014.04.02 18:04:27.246,1.01889,1.01909,2.07,1.34
2014.04.02 18:04:28.329,1.01889,1.01908,2.07,1.39
2014.04.02 18:04:31.662,1.0189,1.01909,1.19,1.34
2014.04.02 18:04:35.084,1.01889,1.0191,2.07,1.34
2014.04.02 18:04:39.501,1.01889,1.01908,1.32,2.52
2014.04.02 18:04:40.599,1.01889,1.01907,1.19,1.53
2014.04.02 18:04:40.652,1.01885,1.019,1.13,1.39
2014.04.02 18:04:41.308,1.01885,1.01901,1.13,1.19
2014.04.02 18:04:41.509,1.01885,1.019,1.13,1.29
2014.04.02 18:04:46.939,1.0188,1.019,1.02,1.29
2014.04.02 18:04:47.144,1.01879,1.019,2.22,1.29
2014.04.02 18:04:50.309,1.01879,1.01899,1.33,1.27
2014.04.02 18:04:51.402,1.01879,1.01899,1.63,1.34
2014.04.02 18:04:52.721,1.01879,1.019,1.19,1.34
2014.04.02 18:04:53.030,1.01877,1.01898,2.07,1.39
2014.04.02 18:04:54.904,1.01877,1.01897,1.77,1.77
2014.04.02 18:04:55.250,1.01876,1.01895,2.89,1.29
2014.04.02 18:04:59.337,1.01873,1.01892,1.37,1.19
2014.04.02 18:04:59.438,1.01871,1.0189,1.19,3.94
2014.04.02 18:04:59.539,1.01872,1.01888,1.00,1.19
2014.04.02 18:04:59.741,1.01874,1.01893,1.32,1.84
2014.04.02 18:04:59.842,1.01876,1.01895,2.07,1.27
2014.04.02 18:05:03.007,1.01874,1.01895,1.72,1.19
2014.04.02 18:05:03.603,1.01874,1.01897,1.72,2.22
2014.04.02 18:05:03.906,1.01877,1.01896,1.19,1.32
2014.04.02 18:05:04.558,1.01877,1.01897,1.57,1.09
2014.04.02 18:05:04.760,1.01877,1.01897,1.25,2.97
2014.04.02 18:05:05.062,1.01877,1.01896,1.00,4.77
2014.04.02 18:05:08.197,1.01877,1.01896,1.00,1.34
2014.04.02 18:05:08.932,1.01877,1.01895,1.00,1.34
2014.04.02 18:05:09.869,1.01877,1.01893,1.00,2.44
2014.04.02 18:05:09.970,1.01872,1.0189,1.00,1.08
2014.04.02 18:05:10.071,1.01872,1.01889,1.13,1.29
2014.04.02 18:05:10.374,1.01871,1.01891,1.74,1.19
2014.04.02 18:05:10.917,1.01873,1.01893,1.57,1.19
2014.04.02 18:05:12.336,1.01872,1.0189,1.19,3.38
2014.04.02 18:05:12.387,1.01868,1.0189,1.64,3.57
2014.04.02 18:05:12.488,1.01867,1.01888,1.57,3.34
2014.04.02 18:05:12.640,1.01872,1.01888,1.00,3.34
2014.04.02 18:05:13.309,1.01872,1.01887,1.00,1.37
2014.04.02 18:05:17.438,1.01872,1.01887,1.00,2.59
2014.04.02 18:05:18.429,1.01872,1.01884,1.00,1.77
2014.04.02 18:05:19.347,1.01867,1.01884,1.00,1.77
2014.04.02 18:05:22.515,1.01872,1.01887,1.00,1.19
2014.04.02 18:05:22.757,1.01867,1.01887,1.67,1.19
2014.04.02 18:05:26.963,1.01867,1.01887,1.29,1.19
2014.04.02 18:05:28.266,1.01867,1.01888,1.77,1.19
2014.04.02 18:05:29.357,1.01872,1.01888,1.00,1.19
2014.04.02 18:05:29.676,1.01872,1.01886,1.00,1.19
2014.04.02 18:05:29.727,1.01872,1.01889,1.00,2.52
2014.04.02 18:05:33.153,1.01872,1.01888,1.00,1.19
2014.04.02 18:05:36.778,1.01872,1.01889,1.19,1.00
2014.04.02 18:05:37.289,1.01872,1.0189,1.25,1.02
2014.04.02 18:05:41.185,1.01872,1.0189,1.25,1.09
2014.04.02 18:05:41.386,1.01872,1.01889,1.00,1.39
2014.04.02 18:05:43.357,1.01867,1.01888,2.22,1.19
2014.04.02 18:05:43.757,1.01867,1.01888,2.22,1.19
2014.04.02 18:05:43.809,1.01872,1.0189,1.73,1.27
2014.04.02 18:05:44.389,1.01872,1.01892,1.88,1.29
2014.04.02 18:05:46.304,1.01872,1.01893,2.07,2.59
2014.04.02 18:05:49.592,1.01872,1.01893,3.57,1.84
2014.04.02 18:05:53.586,1.01876,1.01893,1.00,1.37
2014.04.02 18:05:55.351,1.01876,1.01894,1.19,1.34
2014.04.02 18:06:03.225,1.01876,1.01895,1.25,1.34
2014.04.02 18:06:05.224,1.01876,1.01894,1.19,1.19
2014.04.02 18:06:09.178,1.01876,1.01892,1.00,1.77
2014.04.02 18:06:09.988,1.01872,1.01893,2.74,4.09
2014.04.02 18:06:10.086,1.01877,1.01893,1.00,3.34
2014.04.02 18:06:15.707,1.01877,1.01892,1.00,1.19
2014.04.02 18:06:17.786,1.01873,1.01892,1.39,1.19
2014.04.02 18:06:18.038,1.01871,1.01891,1.92,1.19
2014.04.02 18:06:18.240,1.01871,1.01888,1.00,1.19
2014.04.02 18:06:23.067,1.01871,1.01888,1.38,1.19
2014.04.02 18:06:23.168,1.01872,1.01891,1.57,1.27
2014.04.02 18:06:23.928,1.01877,1.01891,1.00,1.19
2014.04.02 18:06:24.590,1.01877,1.0189,1.00,1.19
2014.04.02 18:06:29.983,1.01877,1.01892,1.00,1.19
2014.04.02 18:06:41.484,1.01877,1.01894,1.00,2.97
2014.04.02 18:06:52.131,1.01877,1.01893,1.00,1.34
2014.04.02 18:07:02.251,1.01877,1.01894,1.00,2.14
2014.04.02 18:07:04.245,1.01877,1.01894,1.00,4.39
2014.04.02 18:07:04.346,1.01877,1.01894,1.00,2.22
2014.04.02 18:07:05.573,1.01877,1.01894,1.00,2.22
2014.04.02 18:07:08.106,1.01874,1.01894,2.07,2.97
2014.04.02 18:07:08.169,1.01874,1.01892,1.32,1.19
2014.04.02 18:07:10.085,1.01877,1.01892,1.00,1.19
2014.04.02 18:07:18.153,1.01877,1.01893,1.00,1.29
2014.04.02 18:07:20.258,1.01877,1.01894,1.00,2.97
2014.04.02 18:07:28.736,1.01877,1.01893,1.00,1.29
2014.04.02 18:07:33.736,1.01874,1.01893,1.25,1.29
2014.04.02 18:07:40.182,1.01873,1.01892,1.29,1.19
2014.04.02 18:07:45.709,1.01871,1.01892,3.57,1.19
2014.04.02 18:07:48.201,1.01872,1.01891,2.22,1.19
2014.04.02 18:07:50.509,1.01872,1.01893,2.22,1.29
2014.04.02 18:08:01.175,1.01875,1.01893,1.00,1.29
2014.04.02 18:08:03.755,1.01875,1.01893,1.19,1.29
2014.04.02 18:08:05.009,1.01875,1.01894,1.19,3.19
2014.04.02 18:08:11.126,1.01875,1.01894,1.69,3.94
2014.04.02 18:08:15.409,1.01875,1.01894,1.19,1.69
2014.04.02 18:08:21.114,1.01877,1.01897,1.19,2.82
2014.04.02 18:08:21.657,1.01879,1.01897,1.19,2.82
2014.04.02 18:08:22.454,1.01879,1.01897,1.19,2.82
2014.04.02 18:08:23.005,1.01879,1.01897,1.19,2.97
2014.04.02 18:08:24.599,1.01877,1.01896,1.69,1.47
2014.04.02 18:08:29.193,1.01877,1.01895,1.57,1.39
2014.04.02 18:08:29.295,1.01881,1.019,1.00,4.69
2014.04.02 18:08:29.396,1.01881,1.01902,1.15,1.69
2014.04.02 18:08:29.497,1.01881,1.01902,3.08,1.69
2014.04.02 18:08:30.104,1.01882,1.01902,1.72,1.19
2014.04.02 18:08:30.205,1.01884,1.01904,1.72,1.19
2014.04.02 18:08:30.255,1.0189,1.01904,1.38,1.19
2014.04.02 18:08:30.306,1.0189,1.01908,1.95,1.27
2014.04.02 18:08:30.407,1.01891,1.01908,1.55,1.00
2014.04.02 18:08:30.508,1.01891,1.01913,1.55,1.37
2014.04.02 18:08:31.704,1.01891,1.01911,1.74,1.19
2014.04.02 18:08:32.348,1.0189,1.01908,1.48,1.19
2014.04.02 18:08:35.501,1.01889,1.0191,1.29,1.84
2014.04.02 18:08:36.002,1.01888,1.01908,1.47,1.29
2014.04.02 18:08:36.305,1.01893,1.01912,1.47,1.19
2014.04.02 18:08:37.795,1.01894,1.01913,1.29,2.52
2014.04.02 18:08:37.997,1.0189,1.01911,3.64,1.69
2014.04.02 18:08:38.097,1.01887,1.01909,6.57,1.19
2014.04.02 18:08:40.066,1.01887,1.01909,4.39,1.39
2014.04.02 18:08:40.116,1.01887,1.01909,2.22,1.39
2014.04.02 18:08:40.230,1.01888,1.01909,2.52,1.32
2014.04.02 18:08:41.474,1.0189,1.0191,2.22,1.19
2014.04.02 18:08:41.795,1.01884,1.01904,1.84,1.58
2014.04.02 18:08:42.354,1.01885,1.01905,1.47,1.19
2014.04.02 18:08:44.790,1.01885,1.01905,2.22,1.19
2014.04.02 18:08:45.191,1.01886,1.01906,1.34,1.19
2014.04.02 18:08:46.196,1.01885,1.01904,2.22,1.19
2014.04.02 18:08:49.355,1.01886,1.01906,1.34,1.19
2014.04.02 18:08:50.908,1.01886,1.01903,1.34,1.00
2014.04.02 18:08:51.009,1.01886,1.01907,1.34,1.69
2014.04.02 18:08:59.382,1.01884,1.01905,2.89,1.19
2014.04.02 18:09:07.310,1.01886,1.01906,1.34,1.19
2014.04.02 18:09:08.843,1.01887,1.01907,1.37,1.19
2014.04.02 18:09:13.281,1.01888,1.01906,1.29,1.19
2014.04.02 18:09:15.191,1.01886,1.01906,1.84,1.25
2014.04.02 18:09:19.433,1.01885,1.01905,1.72,1.19
2014.04.02 18:09:22.533,1.01887,1.01906,1.37,2.07
2014.04.02 18:09:27.959,1.01886,1.01905,1.19,1.32
2014.04.02 18:09:32.653,1.01884,1.01905,1.47,2.07
2014.04.02 18:09:34.249,1.01884,1.01905,1.47,2.07
2014.04.02 18:09:36.648,1.01884,1.01905,3.64,2.07
2014.04.02 18:09:38.655,1.01884,1.01903,3.64,1.19
2014.04.02 18:09:39.193,1.01884,1.01903,1.72,1.19
2014.04.02 18:09:39.754,1.01883,1.01904,3.64,1.19
2014.04.02 18:09:44.336,1.01883,1.01905,3.64,1.32
2014.04.02 18:09:48.596,1.01885,1.01905,1.34,1.57
2014.04.02 18:09:48.697,1.01882,1.01901,3.64,1.19
2014.04.02 18:09:48.747,1.01882,1.01901,1.64,1.19
2014.04.02 18:09:49.202,1.01881,1.01898,1.32,1.19
2014.04.02 18:09:54.286,1.01878,1.01898,1.47,1.69
2014.04.02 18:09:57.992,1.01877,1.01898,1.72,2.44
2014.04.02 18:10:03.411,1.01881,1.01898,1.00,3.19
2014.04.02 18:10:03.932,1.01877,1.01898,1.74,3.19
2014.04.02 18:10:09.224,1.01878,1.01897,1.39,1.19
2014.04.02 18:10:11.163,1.01878,1.01898,1.39,2.44
2014.04.02 18:10:12.142,1.01878,1.01898,1.32,3.27
2014.04.02 18:10:22.209,1.01878,1.01897,1.32,1.19
2014.04.02 18:10:22.405,1.01882,1.01897,1.00,1.19
2014.04.02 18:10:22.557,1.0188,1.01899,1.67,1.10
2014.04.02 18:10:22.759,1.01878,1.01897,1.19,1.19
2014.04.02 18:10:23.277,1.01877,1.01896,1.29,1.19
2014.04.02 18:10:30.369,1.01875,1.01896,1.72,1.19
2014.04.02 18:10:39.893,1.01877,1.01897,1.29,1.32
2014.04.02 18:10:44.637,1.01876,1.01896,2.82,1.19
2014.04.02 18:10:51.150,1.01878,1.01897,1.27,1.19
2014.04.02 18:10:53.358,1.01876,1.01898,2.82,1.29
2014.04.02 18:11:03.290,1.01877,1.01897,1.39,1.29
2014.04.02 18:11:09.606,1.01879,1.01898,1.19,1.77
2014.04.02 18:11:14.983,1.0188,1.01898,1.19,1.33
2014.04.02 18:11:15.479,1.01877,1.01898,2.22,1.19
2014.04.02 18:11:15.993,1.01877,1.01898,2.22,1.19
2014.04.02 18:11:17.988,1.01877,1.01898,2.22,1.69
2014.04.02 18:11:19.213,1.01877,1.01898,1.67,1.77
2014.04.02 18:11:21.008,1.01873,1.01888,3.53,1.19
2014.04.02 18:11:21.066,1.01868,1.01888,1.47,1.19
2014.04.02 18:11:22.011,1.01868,1.01888,1.47,1.19
2014.04.02 18:11:24.119,1.01867,1.01888,2.22,1.00
2014.04.02 18:11:24.170,1.01867,1.01888,2.97,1.00
2014.04.02 18:11:24.675,1.01872,1.01893,1.99,1.77
2014.04.02 18:11:25.928,1.01872,1.01893,2.74,1.27
2014.04.02 18:11:26.986,1.01874,1.01893,1.32,1.77
2014.04.02 18:11:28.369,1.01873,1.01893,1.67,1.27
2014.04.02 18:11:34.013,1.01874,1.01893,1.32,1.33
2014.04.02 18:11:34.537,1.01874,1.01892,1.32,1.18
2014.04.02 18:11:49.205,1.01874,1.01892,1.19,1.15
2014.04.02 18:11:49.413,1.01872,1.01892,1.25,4.39
2014.04.02 18:11:49.716,1.01868,1.01889,2.07,2.59
2014.04.02 18:11:51.020,1.01868,1.01889,1.32,2.59
2014.04.02 18:11:51.622,1.01872,1.01889,1.00,1.84
2014.04.02 18:11:51.825,1.01872,1.01889,1.00,4.02
2014.04.02 18:11:53.192,1.01868,1.01889,1.32,2.59
2014.04.02 18:11:55.954,1.0187,1.01889,1.19,2.59
2014.04.02 18:11:57.179,1.01871,1.0189,1.19,4.02
2014.04.02 18:11:57.280,1.01871,1.0189,1.19,1.34
2014.04.02 18:12:01.101,1.01871,1.01888,1.32,2.44
2014.04.02 18:12:01.152,1.01869,1.01885,1.19,1.15
2014.04.02 18:12:01.204,1.01867,1.01888,1.19,5.82
2014.04.02 18:12:01.482,1.01863,1.01886,1.47,1.72
2014.04.02 18:12:02.143,1.01863,1.01886,1.77,1.34
2014.04.02 18:12:02.294,1.01867,1.01888,1.47,1.09
2014.04.02 18:12:02.501,1.01869,1.01889,1.28,2.07
2014.04.02 18:12:03.179,1.01869,1.01889,1.58,1.25
2014.04.02 18:12:04.496,1.01869,1.01888,1.58,1.00
2014.04.02 18:12:05.059,1.01871,1.01888,1.19,1.25
2014.04.02 18:12:07.052,1.0187,1.01889,1.72,1.25
2014.04.02 18:12:11.958,1.0187,1.01889,3.64,1.25
2014.04.02 18:12:13.574,1.01872,1.01892,1.47,1.19
2014.04.02 18:12:15.083,1.01873,1.01892,1.37,1.25
2014.04.02 18:12:20.431,1.01875,1.01892,1.19,1.00
2014.04.02 18:12:23.084,1.01875,1.01892,1.19,1.08
2014.04.02 18:12:23.185,1.01871,1.01889,1.32,1.39
2014.04.02 18:12:23.286,1.01868,1.01887,1.29,1.29
2014.04.02 18:12:23.550,1.01868,1.01884,1.19,1.00
2014.04.02 18:12:25.161,1.01868,1.01884,1.19,1.53
2014.04.02 18:12:25.212,1.01865,1.01884,1.19,1.72
2014.04.02 18:12:25.516,1.01865,1.01883,1.19,3.64
2014.04.02 18:12:25.679,1.01862,1.01883,1.54,3.64
2014.04.02 18:12:26.181,1.0186,1.01879,1.67,1.10
2014.04.02 18:12:27.291,1.01859,1.01879,1.47,1.29
2014.04.02 18:12:29.469,1.01859,1.01879,1.32,1.34
2014.04.02 18:12:30.497,1.01855,1.01876,1.72,1.29
2014.04.02 18:12:32.091,1.01855,1.01876,1.72,1.29
2014.04.02 18:12:32.293,1.01856,1.01875,1.39,1.00
2014.04.02 18:12:32.444,1.01853,1.01872,3.64,1.19
2014.04.02 18:12:32.495,1.01853,1.01872,1.47,1.19
2014.04.02 18:12:32.646,1.0185,1.01871,2.22,1.29
2014.04.02 18:12:33.167,1.0185,1.01869,1.72,1.25
2014.04.02 18:12:33.813,1.0185,1.01869,1.67,1.02
2014.04.02 18:12:34.615,1.01853,1.01869,1.19,1.10
2014.04.02 18:12:35.428,1.01857,1.01873,1.67,2.25
2014.04.02 18:12:35.482,1.01857,1.01878,1.77,1.39
2014.04.02 18:12:35.706,1.01858,1.01879,1.74,1.19
2014.04.02 18:12:37.102,1.01859,1.01879,1.67,1.19
2014.04.02 18:12:38.092,1.01861,1.01879,1.19,1.19
2014.04.02 18:12:38.941,1.01856,1.01879,1.72,1.19
2014.04.02 18:12:39.042,1.01854,1.01877,1.72,2.14
2014.04.02 18:12:39.092,1.01854,1.01877,1.74,4.32
2014.04.02 18:12:42.759,1.01854,1.01877,1.67,4.02
2014.04.02 18:12:42.810,1.01858,1.01877,1.32,1.20
2014.04.02 18:12:42.911,1.01859,1.01878,1.77,1.19
2014.04.02 18:12:43.745,1.01858,1.01877,1.37,1.32
2014.04.02 18:12:43.947,1.01856,1.01879,1.74,2.22
2014.04.02 18:12:44.519,1.01855,1.01876,1.64,1.29
2014.04.02 18:12:46.179,1.01855,1.01876,1.64,1.29
2014.04.02 18:12:48.580,1.01855,1.01877,2.22,1.19
2014.04.02 18:12:48.911,1.01855,1.01877,2.22,1.39
2014.04.02 18:12:49.995,1.01858,1.01878,1.55,1.29
2014.04.02 18:12:52.199,1.01858,1.01878,1.28,1.29
2014.04.02 18:12:56.120,1.01858,1.01878,1.55,1.29
2014.04.02 18:12:56.699,1.01861,1.01879,1.48,1.19
2014.04.02 18:12:58.027,1.01861,1.01878,1.38,1.19
2014.04.02 18:12:58.330,1.01861,1.01876,1.00,1.29
2014.04.02 18:12:59.049,1.01859,1.01876,1.00,1.29
2014.04.02 18:12:59.919,1.01859,1.01875,1.00,1.19
2014.04.02 18:13:06.838,1.01859,1.01876,1.00,1.29
2014.04.02 18:13:10.184,1.01859,1.01874,1.00,1.19
2014.04.02 18:13:18.031,1.01859,1.01875,1.10,1.19
2014.04.02 18:13:28.947,1.01858,1.01876,1.47,1.19
2014.04.02 18:13:29.251,1.01865,1.01883,1.29,1.19
2014.04.02 18:13:29.504,1.01867,1.01885,1.00,1.19
2014.04.02 18:13:33.376,1.01867,1.01886,1.00,1.32
2014.04.02 18:13:38.846,1.01867,1.01884,1.25,1.19
2014.04.02 18:13:42.900,1.01866,1.01888,1.33,1.27
2014.04.02 18:13:43.153,1.01871,1.01888,1.00,1.29
2014.04.02 18:13:43.657,1.01871,1.01887,1.00,1.29
2014.04.02 18:13:44.390,1.01871,1.01888,1.00,1.25
2014.04.02 18:13:44.441,1.01871,1.01888,1.38,1.25
2014.04.02 18:13:46.104,1.01873,1.01888,1.32,1.00
2014.04.02 18:13:46.691,1.01873,1.01888,1.00,1.08
2014.04.02 18:13:47.001,1.0187,1.01887,1.38,1.10
2014.04.02 18:13:47.495,1.0187,1.01886,1.00,1.19
2014.04.02 18:13:49.284,1.0187,1.01884,1.00,1.19
2014.04.02 18:13:50.291,1.0187,1.01885,1.00,1.19
2014.04.02 18:13:52.745,1.0187,1.01888,1.00,1.27
2014.04.02 18:13:53.615,1.0187,1.01888,1.19,1.27
2014.04.02 18:13:54.156,1.01872,1.01889,1.25,1.39
2014.04.02 18:13:54.207,1.01872,1.01891,2.14,1.29
2014.04.02 18:13:55.413,1.01872,1.0189,1.67,1.19
2014.04.02 18:13:56.692,1.01872,1.01888,1.00,1.19
2014.04.02 18:13:57.671,1.01872,1.01892,2.89,1.19
2014.04.02 18:13:59.289,1.01872,1.01893,2.89,1.77
2014.04.02 18:14:00.296,1.01872,1.01893,3.64,1.77
2014.04.02 18:14:01.277,1.01872,1.01893,3.64,1.77
2014.04.02 18:14:01.490,1.01872,1.0189,1.25,1.29
2014.04.02 18:14:01.866,1.01869,1.01888,1.47,1.19
2014.04.02 18:14:03.040,1.01869,1.01888,1.39,1.19
2014.04.02 18:14:03.497,1.01869,1.01887,1.19,1.29
2014.04.02 18:14:14.611,1.01868,1.01888,1.19,1.84
2014.04.02 18:14:14.913,1.01869,1.0189,1.47,1.19
2014.04.02 18:14:15.216,1.01873,1.01894,1.19,1.72
2014.04.02 18:14:16.321,1.01875,1.01894,1.19,2.22
2014.04.02 18:14:17.728,1.01874,1.01893,1.19,1.47
2014.04.02 18:14:18.066,1.01871,1.01892,1.39,1.34
2014.04.02 18:14:18.116,1.01871,1.01888,1.47,1.00
2014.04.02 18:14:19.877,1.0187,1.01888,1.27,1.10
2014.04.02 18:14:20.989,1.01869,1.01888,1.19,1.84
2014.04.02 18:14:23.399,1.01869,1.01888,1.19,1.84
2014.04.02 18:14:25.202,1.01868,1.01887,2.07,1.19
2014.04.02 18:14:26.706,1.01868,1.01887,1.32,1.19
2014.04.02 18:14:31.915,1.01868,1.01887,1.32,1.19
2014.04.02 18:14:37.625,1.01868,1.01888,1.39,3.19
2014.04.02 18:14:39.234,1.01868,1.01887,1.39,1.19
2014.04.02 18:14:44.700,1.01868,1.01887,1.32,1.19
2014.04.02 18:14:45.359,1.01868,1.01887,1.39,1.19
2014.04.02 18:14:50.238,1.01868,1.01887,1.02,1.19
2014.04.02 18:14:53.546,1.01868,1.01886,1.19,1.19
2014.04.02 18:14:59.301,1.01868,1.01884,1.00,1.19
2014.04.02 18:15:01.190,1.01868,1.01887,1.84,1.19
2014.04.02 18:15:03.214,1.01869,1.01888,1.37,1.25
2014.04.02 18:15:08.480,1.01869,1.01887,1.19,1.50
2014.04.02 18:15:10.147,1.01868,1.01887,1.19,1.50
2014.04.02 18:15:13.356,1.01868,1.01887,1.27,1.69
2014.04.02 18:15:22.142,1.01868,1.01886,1.47,1.19
2014.04.02 18:15:31.221,1.01868,1.01887,2.07,2.44
2014.04.02 18:15:36.086,1.01868,1.01886,1.32,1.19
2014.04.02 18:15:44.294,1.01867,1.01887,1.57,2.59
2014.04.02 18:15:56.594,1.01867,1.01887,2.07,1.84
2014.04.02 18:16:02.209,1.01866,1.01886,1.99,1.37
2014.04.02 18:16:04.151,1.01866,1.01886,1.19,1.37
2014.04.02 18:16:04.665,1.01864,1.01884,1.77,1.84
2014.04.02 18:16:07.198,1.01864,1.01885,2.22,1.77
2014.04.02 18:16:08.078,1.01864,1.01886,2.22,1.27
2014.04.02 18:16:08.229,1.01867,1.01888,2.22,1.39
2014.04.02 18:16:08.280,1.0187,1.01888,3.45,1.19
2014.04.02 18:16:08.532,1.01874,1.01891,1.10,2.44
2014.04.02 18:16:09.329,1.01871,1.01888,1.09,1.19
2014.04.02 18:16:09.833,1.01871,1.01886,1.00,1.69
2014.04.02 18:16:15.761,1.01868,1.01886,1.58,2.44
2014.04.02 18:16:21.027,1.01868,1.01885,1.00,1.69
2014.04.02 18:16:21.979,1.01868,1.01887,1.13,1.19
2014.04.02 18:16:22.120,1.01872,1.01887,1.00,1.19
2014.04.02 18:16:22.338,1.01868,1.01887,1.13,1.19
2014.04.02 18:16:23.443,1.01868,1.01886,1.32,2.44
2014.04.02 18:16:26.276,1.01868,1.01886,1.00,1.69
2014.04.02 18:16:32.029,1.01868,1.01885,1.25,1.19
2014.04.02 18:16:44.083,1.01869,1.01885,1.00,1.19
2014.04.02 18:16:48.462,1.01869,1.01885,1.65,1.19
2014.04.02 18:16:48.513,1.01872,1.01891,1.38,2.52
2014.04.02 18:16:49.120,1.01873,1.01891,1.67,1.19
2014.04.02 18:16:50.739,1.01873,1.01892,1.67,1.69
2014.04.02 18:17:00.908,1.01875,1.01895,1.57,1.37
2014.04.02 18:17:01.423,1.01873,1.01894,1.64,1.19
2014.04.02 18:17:01.990,1.01873,1.01894,1.74,2.59
2014.04.02 18:17:02.679,1.01874,1.01893,1.67,1.29
2014.04.02 18:17:05.649,1.01876,1.01893,1.63,1.77
2014.04.02 18:17:10.642,1.01874,1.01893,1.19,2.22
2014.04.02 18:17:10.693,1.01871,1.01889,1.28,1.19
2014.04.02 18:17:10.794,1.0187,1.01886,1.38,1.19
2014.04.02 18:17:15.377,1.0187,1.01887,1.38,1.39
2014.04.02 18:17:18.307,1.0187,1.01885,1.38,1.29
2014.04.02 18:17:23.412,1.0187,1.01887,1.38,1.34
2014.04.02 18:17:24.118,1.0187,1.01887,1.00,2.59
2014.04.02 18:17:24.362,1.01867,1.01884,1.63,1.19
2014.04.02 18:17:24.467,1.01866,1.01887,1.63,2.59
2014.04.02 18:17:28.797,1.01867,1.01885,1.38,1.27
2014.04.02 18:17:30.836,1.01872,1.01885,1.00,1.27
2014.04.02 18:17:31.039,1.01872,1.01891,1.95,2.52
2014.04.02 18:17:31.404,1.01876,1.01893,2.63,1.19
2014.04.02 18:17:31.455,1.01879,1.01893,1.13,1.19
2014.04.02 18:17:31.707,1.01879,1.01895,1.13,1.29
2014.04.02 18:17:32.695,1.01879,1.01896,1.13,1.37
2014.04.02 18:17:33.526,1.01879,1.01896,1.38,1.19
2014.04.02 18:17:37.610,1.01879,1.01897,1.38,1.19
2014.04.02 18:17:38.212,1.01879,1.01899,1.38,1.37
2014.04.02 18:17:40.217,1.01879,1.01897,1.57,1.19
2014.04.02 18:17:43.346,1.01879,1.01891,1.38,1.19
2014.04.02 18:17:43.397,1.01872,1.0189,1.38,1.19
2014.04.02 18:17:45.379,1.01872,1.0189,1.00,1.19
2014.04.02 18:17:50.406,1.01872,1.01888,1.00,1.29
2014.04.02 18:17:58.775,1.01867,1.01888,2.22,1.29
2014.04.02 18:17:58.935,1.01868,1.01891,1.64,1.84
2014.04.02 18:17:59.137,1.01871,1.01888,1.13,1.29
2014.04.02 18:18:01.092,1.01871,1.01888,1.38,1.29
2014.04.02 18:18:17.273,1.01872,1.01889,1.13,1.19
2014.04.02 18:18:19.092,1.01872,1.01889,1.38,1.19
2014.04.02 18:18:20.278,1.01872,1.0189,1.38,1.19
2014.04.02 18:18:23.884,1.01872,1.01891,1.63,1.39
2014.04.02 18:18:25.211,1.01872,1.01892,1.57,3.34
2014.04.02 18:18:30.417,1.01872,1.01891,1.63,1.39
2014.04.02 18:18:35.056,1.0187,1.01891,1.57,1.84
2014.04.02 18:18:36.147,1.01871,1.0189,1.57,1.19
2014.04.02 18:18:42.818,1.01872,1.01889,1.13,1.19
2014.04.02 18:18:46.335,1.01872,1.01891,1.32,1.84
2014.04.02 18:18:51.377,1.01872,1.01888,1.13,1.19
2014.04.02 18:19:05.201,1.01872,1.01892,1.32,1.69
2014.04.02 18:19:06.205,1.01872,1.0189,1.38,1.19
2014.04.02 18:19:11.991,1.01872,1.0189,1.45,1.19
2014.04.02 18:19:12.571,1.01872,1.0189,1.48,1.19
2014.04.02 18:19:13.423,1.01872,1.01889,1.48,1.19
2014.04.02 18:19:17.694,1.01872,1.01889,1.45,1.19
2014.04.02 18:19:17.946,1.01875,1.01897,1.13,4.24
2014.04.02 18:19:17.997,1.01875,1.01897,1.38,1.84
2014.04.02 18:19:18.596,1.01873,1.01895,1.77,1.39
2014.04.02 18:19:20.193,1.01876,1.01896,2.14,1.33
2014.04.02 18:19:20.749,1.01876,1.01896,2.97,1.25
2014.04.02 18:19:21.253,1.01877,1.01898,2.22,1.69
2014.04.02 18:19:21.835,1.01878,1.01898,2.89,1.19
2014.04.02 18:19:22.289,1.0188,1.01898,2.33,1.19
2014.04.02 18:19:22.440,1.01877,1.01894,1.27,1.00
2014.04.02 18:19:22.541,1.01877,1.01894,1.19,1.38
2014.04.02 18:19:22.743,1.01877,1.01895,1.00,1.19
2014.04.02 18:19:22.955,1.01873,1.01892,1.47,1.00
2014.04.02 18:19:23.463,1.0187,1.01892,5.14,1.32
2014.04.02 18:19:24.175,1.0187,1.01891,1.72,1.25
2014.04.02 18:19:26.308,1.01872,1.01891,1.00,1.19
2014.04.02 18:19:26.754,1.01872,1.01888,1.00,1.19
2014.04.02 18:19:27.746,1.01872,1.0189,1.20,1.19
2014.04.02 18:19:31.432,1.01871,1.01888,1.40,1.19
2014.04.02 18:19:36.665,1.01871,1.0189,1.15,1.19
2014.04.02 18:19:39.716,1.01871,1.01889,1.15,1.19
2014.04.02 18:19:44.904,1.01868,1.01889,1.72,1.29
2014.04.02 18:19:45.375,1.01868,1.01886,2.89,1.19
2014.04.02 18:19:45.577,1.01867,1.01886,2.22,1.19
2014.04.02 18:19:50.435,1.01867,1.01887,1.47,1.19
2014.04.02 18:19:58.193,1.01868,1.01887,1.00,1.37
2014.04.02 18:19:58.294,1.01868,1.01885,1.25,1.19
2014.04.02 18:20:03.479,1.01868,1.01887,1.09,1.19
2014.04.02 18:20:03.779,1.01868,1.01887,1.84,1.19
2014.04.02 18:20:05.494,1.01868,1.01886,1.34,1.19
2014.04.02 18:20:07.763,1.0187,1.01888,1.20,1.19
2014.04.02 18:20:13.404,1.0187,1.01887,1.39,1.19
2014.04.02 18:20:14.610,1.0187,1.01888,1.39,1.19
2014.04.02 18:20:14.811,1.0187,1.01888,1.78,1.19
2014.04.02 18:20:15.653,1.0187,1.01889,1.72,1.19
2014.04.02 18:20:17.575,1.01872,1.01891,1.40,1.19
2014.04.02 18:20:18.693,1.01872,1.01891,1.78,1.19
2014.04.02 18:20:18.794,1.01873,1.01893,1.28,1.19
2014.04.02 18:20:18.996,1.01873,1.01893,1.28,1.19
2014.04.02 18:20:22.703,1.01873,1.01893,1.47,1.19
2014.04.02 18:20:25.654,1.01873,1.01893,1.77,1.19
2014.04.02 18:20:25.705,1.01873,1.01895,2.22,1.39
2014.04.02 18:20:25.934,1.01874,1.01893,1.57,1.19
2014.04.02 18:20:26.275,1.01873,1.01892,1.47,1.19
2014.04.02 18:20:29.856,1.01873,1.0189,1.00,1.19
2014.04.02 18:20:29.907,1.01871,1.0189,1.25,1.27
2014.04.02 18:20:29.958,1.01871,1.01887,1.00,1.19
2014.04.02 18:20:33.491,1.01871,1.01889,1.00,1.29
2014.04.02 18:20:39.424,1.01869,1.01889,1.70,1.39
2014.04.02 18:20:40.511,1.0187,1.01888,1.13,1.27
2014.04.02 18:20:43.527,1.0187,1.01887,1.32,1.29
2014.04.02 18:20:50.176,1.0187,1.01886,1.13,1.19
2014.04.02 18:20:56.953,1.0187,1.01887,1.13,1.29
2014.04.02 18:20:57.054,1.01871,1.01891,1.38,3.27
2014.04.02 18:20:57.599,1.01871,1.01891,1.45,1.29
2014.04.02 18:20:58.434,1.01874,1.01892,1.13,1.27
2014.04.02 18:20:58.970,1.01875,1.01892,1.00,1.19
2014.04.02 18:20:59.511,1.01873,1.01892,1.32,1.27
2014.04.02 18:21:00.015,1.01872,1.01891,1.63,1.19
2014.04.02 18:21:01.776,1.01872,1.01888,1.38,1.19
2014.04.02 18:21:01.978,1.01871,1.01888,1.25,1.19
2014.04.02 18:21:02.634,1.01871,1.01887,1.00,1.19
2014.04.02 18:21:04.459,1.0187,1.01887,1.13,1.19
2014.04.02 18:21:11.263,1.0187,1.01888,1.13,1.29
2014.04.02 18:21:19.946,1.0187,1.01887,1.13,1.19
2014.04.02 18:21:28.815,1.0187,1.01887,1.38,1.19
2014.04.02 18:21:28.917,1.0187,1.01889,1.45,1.29
2014.04.02 18:21:29.219,1.01872,1.01891,1.78,1.19
2014.04.02 18:21:29.521,1.01871,1.01891,1.02,1.19
2014.04.02 18:21:32.903,1.0187,1.01891,1.84,1.19
2014.04.02 18:21:33.004,1.01873,1.01894,1.57,1.84
2014.04.02 18:21:33.516,1.01874,1.01894,1.77,1.19
2014.04.02 18:21:34.413,1.01873,1.01894,1.64,1.27
2014.04.02 18:21:34.514,1.01872,1.01891,1.69,1.29
2014.04.02 18:21:34.772,1.01872,1.0189,1.00,1.19
2014.04.02 18:21:35.276,1.0187,1.0189,1.63,1.29
2014.04.02 18:21:40.174,1.0187,1.01891,2.14,1.34
2014.04.02 18:21:43.016,1.0187,1.01889,2.22,1.19
2014.04.02 18:21:44.278,1.0187,1.0189,1.72,1.19
2014.04.02 18:21:47.200,1.01871,1.0189,1.47,1.19
2014.04.02 18:21:50.720,1.01872,1.01894,2.07,1.34
2014.04.02 18:21:51.503,1.01873,1.01894,1.57,1.34
2014.04.02 18:21:52.807,1.01874,1.01893,1.57,1.84
2014.04.02 18:22:02.328,1.01873,1.01892,1.67,1.29
2014.04.02 18:22:06.412,1.01875,1.01893,1.32,1.37
2014.04.02 18:22:08.296,1.01875,1.01893,1.32,1.37
2014.04.02 18:22:11.105,1.01872,1.01893,2.97,1.84
2014.04.02 18:22:13.991,1.01872,1.01892,2.03,1.29
2014.04.02 18:22:17.442,1.01872,1.01893,2.22,1.37
2014.04.02 18:22:18.933,1.01872,1.01892,1.74,1.29
2014.04.02 18:22:19.562,1.01873,1.01893,1.67,1.37
2014.04.02 18:22:32.671,1.01874,1.01894,2.14,1.19
2014.04.02 18:22:32.873,1.01877,1.01895,1.38,1.29
2014.04.02 18:22:33.727,1.01877,1.01895,1.00,1.29
2014.04.02 18:22:38.360,1.01876,1.01894,1.02,1.19
2014.04.02 18:22:38.669,1.01876,1.01893,1.10,1.19
2014.04.02 18:22:47.242,1.01876,1.01894,1.10,1.69
2014.04.02 18:22:49.209,1.01874,1.01894,1.39,1.77
2014.04.02 18:22:54.978,1.01874,1.01893,1.13,1.19
2014.04.02 18:22:55.891,1.01874,1.01893,2.07,1.19
2014.04.02 18:22:59.069,1.01875,1.01894,1.25,1.84
2014.04.02 18:23:05.184,1.01875,1.01894,1.69,1.09
2014.04.02 18:23:09.682,1.01877,1.01898,1.19,5.07
2014.04.02 18:23:10.551,1.01877,1.01894,1.19,1.09
2014.04.02 18:23:10.958,1.01875,1.01894,2.07,1.09
2014.04.02 18:23:16.586,1.01881,1.01895,2.10,1.34
2014.04.02 18:23:16.687,1.01882,1.01899,1.60,1.34
2014.04.02 18:23:16.788,1.01882,1.019,1.60,1.40
2014.04.02 18:23:17.447,1.0188,1.01898,1.39,1.25
2014.04.02 18:23:20.180,1.0188,1.01898,1.39,1.19
2014.04.02 18:23:24.694,1.01879,1.01899,2.44,1.39
2014.04.02 18:23:31.409,1.01879,1.01899,2.44,1.39
2014.04.02 18:23:32.916,1.01881,1.01899,1.25,1.39
2014.04.02 18:23:36.448,1.0188,1.01902,1.32,1.47
2014.04.02 18:23:37.482,1.01881,1.01901,1.19,1.34
2014.04.02 18:23:42.294,1.01879,1.01901,1.69,1.34
2014.04.02 18:23:43.601,1.01879,1.019,2.22,1.19
2014.04.02 18:23:45.391,1.0188,1.019,1.77,1.19
2014.04.02 18:23:53.224,1.0188,1.01901,2.22,1.19
2014.04.02 18:23:53.767,1.0188,1.01901,2.22,1.19
2014.04.02 18:23:54.069,1.01886,1.01907,1.67,1.92
2014.04.02 18:23:54.515,1.01889,1.01908,1.47,1.19
2014.04.02 18:23:55.391,1.01889,1.01904,1.32,1.00
2014.04.02 18:23:56.035,1.01887,1.01904,1.63,1.25
2014.04.02 18:23:56.643,1.01887,1.01904,1.63,1.69
2014.04.02 18:23:59.475,1.01887,1.01904,1.25,1.69
2014.04.02 18:24:05.221,1.01888,1.01904,1.00,1.69
2014.04.02 18:24:05.740,1.01888,1.01904,1.09,1.19
2014.04.02 18:24:06.806,1.01887,1.01904,1.34,1.25
2014.04.02 18:24:06.907,1.01885,1.01904,2.22,1.69
2014.04.02 18:24:10.114,1.01885,1.01904,2.22,1.25
2014.04.02 18:24:14.821,1.01885,1.01904,1.84,1.39
2014.04.02 18:24:14.972,1.01882,1.01898,1.00,1.69
2014.04.02 18:24:15.174,1.01877,1.01898,1.84,1.69
2014.04.02 18:24:17.160,1.01877,1.01897,1.78,1.19
2014.04.02 18:24:20.547,1.01877,1.01898,1.72,1.69
2014.04.02 18:24:23.580,1.01877,1.01897,1.72,1.19
2014.04.02 18:24:30.822,1.01877,1.01896,2.22,1.19
2014.04.02 18:24:35.934,1.01876,1.01894,3.64,1.19
2014.04.02 18:24:39.642,1.01876,1.01895,3.64,1.19
2014.04.02 18:24:40.859,1.01876,1.01896,4.39,1.19
2014.04.02 18:24:50.665,1.01876,1.01897,4.39,1.19
2014.04.02 18:24:53.571,1.01876,1.01898,4.39,1.69
2014.04.02 18:25:01.226,1.01876,1.01898,2.22,1.77
2014.04.02 18:25:03.480,1.01876,1.01897,2.97,1.19
2014.04.02 18:25:09.695,1.01876,1.01895,1.47,1.19
2014.04.02 18:25:12.353,1.01877,1.01895,2.70,1.19
2014.04.02 18:25:12.404,1.01878,1.01899,1.72,1.69
2014.04.02 18:25:12.455,1.01878,1.01899,2.22,1.69
2014.04.02 18:25:12.506,1.0188,1.01899,1.74,1.25
2014.04.02 18:25:12.607,1.01878,1.01898,2.22,1.19
2014.04.02 18:25:12.910,1.01877,1.01896,1.47,1.19
2014.04.02 18:25:13.564,1.01877,1.01896,4.39,1.19
2014.04.02 18:25:13.673,1.01877,1.01899,4.39,1.69
2014.04.02 18:25:15.878,1.01877,1.01896,3.64,1.19
2014.04.02 18:25:17.166,1.01877,1.01896,1.72,1.19
2014.04.02 18:25:17.317,1.01877,1.01899,4.39,1.69
2014.04.02 18:25:17.418,1.01877,1.01899,4.39,1.69
2014.04.02 18:25:17.519,1.01883,1.01899,1.39,1.00
2014.04.02 18:25:17.721,1.01883,1.01903,2.89,1.25
2014.04.02 18:25:28.140,1.01886,1.01905,1.39,1.29
2014.04.02 18:25:28.291,1.0189,1.01909,1.39,1.54
2014.04.02 18:25:28.493,1.01892,1.01909,1.19,1.54
2014.04.02 18:25:28.895,1.01888,1.01909,1.72,2.29
2014.04.02 18:25:29.101,1.0189,1.01909,1.70,2.29
2014.04.02 18:25:29.202,1.0189,1.01909,1.72,1.35
2014.04.02 18:25:29.411,1.01892,1.01914,2.22,2.97
2014.04.02 18:25:29.462,1.01892,1.01914,2.22,1.69
2014.04.02 18:25:30.117,1.01897,1.01913,1.00,1.19
2014.04.02 18:25:33.409,1.01893,1.01913,1.72,1.19
2014.04.02 18:25:36.010,1.01893,1.01913,1.72,1.19
2014.04.02 18:25:39.396,1.01895,1.01913,1.74,1.19
2014.04.02 18:25:43.626,1.01893,1.01913,1.72,1.19
2014.04.02 18:25:45.938,1.01893,1.01913,1.72,1.19
2014.04.02 18:25:48.937,1.01894,1.01913,1.72,1.25
2014.04.02 18:25:50.944,1.01892,1.01912,3.64,1.19
2014.04.02 18:25:53.310,1.01892,1.01913,4.39,1.69
2014.04.02 18:25:55.738,1.01893,1.01913,1.72,1.69
2014.04.02 18:25:55.857,1.01894,1.01913,1.72,1.25
2014.04.02 18:25:56.358,1.01893,1.01912,1.72,1.19
2014.04.02 18:26:00.121,1.01894,1.01913,1.72,1.25
2014.04.02 18:26:01.954,1.01894,1.01913,1.72,1.25
2014.04.02 18:26:03.630,1.01895,1.01913,1.74,1.19
2014.04.02 18:26:09.732,1.01895,1.0191,1.19,1.08
2014.04.02 18:26:09.783,1.01888,1.0191,3.64,1.33
2014.04.02 18:26:09.884,1.01888,1.01908,1.64,1.19
2014.04.02 18:26:11.224,1.01887,1.01908,2.14,1.29
2014.04.02 18:26:12.715,1.01887,1.01907,1.67,1.19
2014.04.02 18:26:16.056,1.01887,1.01906,2.14,1.19
2014.04.02 18:26:20.595,1.01892,1.01912,1.58,1.27
2014.04.02 18:26:21.120,1.01892,1.01911,1.77,1.19
2014.04.02 18:26:21.418,1.01892,1.01911,4.39,1.19
2014.04.02 18:26:24.178,1.01893,1.01912,1.72,1.19
2014.04.02 18:26:27.518,1.01895,1.01914,1.37,2.07
2014.04.02 18:26:28.786,1.01893,1.01914,1.72,2.07
2014.04.02 18:26:30.937,1.01893,1.01914,1.72,2.07
2014.04.02 18:26:33.048,1.01895,1.01914,1.29,2.07
2014.04.02 18:26:34.751,1.01894,1.01914,1.74,1.19
2014.04.02 18:26:39.229,1.01894,1.01914,1.37,1.57
2014.04.02 18:26:39.532,1.01886,1.01903,1.02,1.00
2014.04.02 18:26:39.582,1.01886,1.01903,1.19,1.00
2014.04.02 18:26:40.241,1.01883,1.01903,1.74,1.19
2014.04.02 18:26:43.076,1.01885,1.01903,1.64,1.19
2014.04.02 18:26:48.184,1.01883,1.01903,1.72,1.19
2014.04.02 18:26:51.993,1.01885,1.01905,1.57,1.02
2014.04.02 18:26:53.597,1.01885,1.01905,1.64,1.25
2014.04.02 18:26:55.778,1.01888,1.01908,1.19,2.22
2014.04.02 18:26:58.627,1.01885,1.01905,1.74,1.19
2014.04.02 18:26:59.808,1.01887,1.01905,3.19,1.19
2014.04.02 18:26:59.858,1.01892,1.01908,1.00,1.19
2014.04.02 18:26:59.909,1.01892,1.01908,1.08,1.69
2014.04.02 18:26:59.960,1.0189,1.01908,2.89,1.19
2014.04.02 18:27:00.111,1.01892,1.01909,1.32,1.29
2014.04.02 18:27:00.162,1.01892,1.01911,1.57,1.37
2014.04.02 18:27:00.263,1.01892,1.01913,2.07,2.07
2014.04.02 18:27:02.204,1.01894,1.01914,1.19,1.37
2014.04.02 18:27:03.583,1.01893,1.01913,1.32,1.29
2014.04.02 18:27:05.892,1.01892,1.01914,1.84,1.84
2014.04.02 18:27:06.069,1.01892,1.01908,1.64,1.00
2014.04.02 18:27:06.221,1.01887,1.01908,3.79,1.00
2014.04.02 18:27:07.136,1.01886,1.01908,1.72,1.19
2014.04.02 18:27:07.338,1.01886,1.01907,2.89,1.19
2014.04.02 18:27:07.749,1.01886,1.01907,1.74,1.29
2014.04.02 18:27:08.268,1.01887,1.01907,1.84,1.19
2014.04.02 18:27:09.151,1.01887,1.01908,2.59,1.19
2014.04.02 18:27:11.510,1.01887,1.01908,2.59,1.19
2014.04.02 18:27:13.318,1.01887,1.01906,2.22,1.19
2014.04.02 18:27:16.034,1.01888,1.01909,1.47,1.32
2014.04.02 18:27:16.927,1.01887,1.01907,2.59,1.19
2014.04.02 18:27:20.279,1.01887,1.01908,2.59,1.19
2014.04.02 18:27:23.952,1.01889,1.01908,1.34,1.19
2014.04.02 18:27:31.717,1.01887,1.01909,2.22,1.29
2014.04.02 18:27:33.021,1.01889,1.01909,1.39,1.29
2014.04.02 18:27:34.460,1.0189,1.0191,1.29,1.33
2014.04.02 18:27:34.731,1.01887,1.01909,2.59,1.29
2014.04.02 18:27:36.751,1.01887,1.01907,1.72,1.19
2014.04.02 18:27:44.702,1.01887,1.0191,1.72,1.77
2014.04.02 18:27:45.971,1.01887,1.0191,1.74,1.84
2014.04.02 18:27:46.676,1.01888,1.01908,1.67,1.19
2014.04.02 18:27:53.673,1.01888,1.01908,1.67,1.19
2014.04.02 18:27:55.089,1.01888,1.01908,3.27,1.19
2014.04.02 18:27:58.495,1.01891,1.0191,1.09,1.19
2014.04.02 18:27:59.091,1.01891,1.01909,1.09,1.19
2014.04.02 18:28:08.515,1.01888,1.01909,4.02,1.69
2014.04.02 18:28:09.618,1.01888,1.01907,4.02,1.19
2014.04.02 18:28:09.970,1.01888,1.01907,1.58,1.19
2014.04.02 18:28:15.776,1.01891,1.01907,1.00,1.19
2014.04.02 18:28:15.929,1.01891,1.01909,1.00,1.19
2014.04.02 18:28:20.171,1.01891,1.01908,1.25,1.19
2014.04.02 18:28:22.097,1.0189,1.01909,1.32,1.69
2014.04.02 18:28:23.691,1.01888,1.01909,1.84,1.19
2014.04.02 18:28:26.052,1.01891,1.0191,1.00,1.32
2014.04.02 18:28:29.257,1.01891,1.01909,1.00,1.19
2014.04.02 18:28:29.556,1.01888,1.01907,1.32,1.19
2014.04.02 18:28:29.859,1.01884,1.01902,1.19,1.47
2014.04.02 18:28:30.161,1.01882,1.01904,1.77,1.34
2014.04.02 18:28:30.362,1.01882,1.01902,1.19,1.37
2014.04.02 18:28:30.929,1.01882,1.01902,1.19,1.34
2014.04.02 18:28:32.152,1.01883,1.01903,1.19,3.27
2014.04.02 18:28:32.254,1.0188,1.01902,2.07,1.34
2014.04.02 18:28:37.804,1.0188,1.01901,1.32,1.34
2014.04.02 18:28:40.816,1.01881,1.019,1.19,1.37
2014.04.02 18:28:43.946,1.01881,1.019,1.57,1.37
2014.04.02 18:28:44.048,1.01884,1.01904,2.07,3.27
2014.04.02 18:28:44.149,1.01885,1.01904,1.32,3.27
2014.04.02 18:28:44.200,1.01885,1.01906,1.32,1.72
2014.04.02 18:28:44.502,1.01885,1.01906,1.32,3.64
2014.04.02 18:28:45.917,1.01885,1.01904,1.19,2.89
2014.04.02 18:28:46.248,1.0188,1.01901,2.14,1.47
2014.04.02 18:28:46.528,1.0188,1.01901,1.57,3.64
2014.04.02 18:28:47.339,1.0188,1.019,1.57,2.52
2014.04.02 18:28:48.067,1.0188,1.01901,1.57,3.64
2014.04.02 18:28:50.939,1.01879,1.01898,1.57,1.29
2014.04.02 18:28:53.675,1.0188,1.01899,1.57,1.37
2014.04.02 18:28:56.530,1.0188,1.01899,1.19,1.37
2014.04.02 18:28:56.580,1.01878,1.01899,2.07,1.34
2014.04.02 18:28:57.186,1.01878,1.01899,2.14,1.34
2014.04.02 18:29:01.717,1.01878,1.01897,2.14,1.29
2014.04.02 18:29:03.172,1.0188,1.019,1.19,1.47
2014.04.02 18:29:04.709,1.01879,1.019,1.19,1.47
2014.04.02 18:29:08.303,1.01879,1.019,1.57,3.27
2014.04.02 18:29:08.915,1.01877,1.01898,2.07,1.34
2014.04.02 18:29:11.464,1.01877,1.01898,2.07,1.34
2014.04.02 18:29:16.418,1.01877,1.01898,2.07,1.34
2014.04.02 18:29:23.197,1.01877,1.01896,1.74,1.19
2014.04.02 18:29:24.554,1.01882,1.01896,1.00,1.19
2014.04.02 18:29:38.082,1.01882,1.01895,1.00,1.19
2014.04.02 18:29:42.596,1.01877,1.01895,2.22,1.19
2014.04.02 18:29:42.652,1.01877,1.01895,2.22,1.19
2014.04.02 18:29:42.703,1.01877,1.01898,2.22,1.69
2014.04.02 18:29:42.854,1.01882,1.01899,1.00,1.19
2014.04.02 18:29:44.826,1.01878,1.01899,1.39,1.19
2014.04.02 18:29:44.927,1.0188,1.019,1.67,1.19
2014.04.02 18:29:45.028,1.01883,1.01903,1.39,1.77
2014.04.02 18:29:45.079,1.01883,1.01903,3.64,1.69
2014.04.02 18:29:45.818,1.01884,1.01905,1.34,1.57
2014.04.02 18:29:46.086,1.01885,1.01906,2.89,1.19
2014.04.02 18:29:46.137,1.01887,1.01908,1.84,1.19
2014.04.02 18:29:46.238,1.01887,1.01907,1.34,1.19
2014.04.02 18:29:46.895,1.01887,1.01907,3.64,1.19
2014.04.02 18:29:46.946,1.01888,1.01909,1.72,1.19
2014.04.02 18:29:47.697,1.0189,1.01909,2.89,1.19
2014.04.02 18:29:49.894,1.01891,1.01911,1.72,1.19
2014.04.02 18:29:50.400,1.01891,1.01908,1.69,1.25
2014.04.02 18:29:50.501,1.01888,1.01908,1.47,1.19
2014.04.02 18:29:51.007,1.01888,1.01909,2.59,1.19
2014.04.02 18:29:52.455,1.01889,1.01909,2.89,1.19
2014.04.02 18:29:52.607,1.01888,1.01909,2.22,1.19
2014.04.02 18:29:52.708,1.01888,1.01907,2.22,1.19
2014.04.02 18:29:59.008,1.01888,1.01907,2.22,1.19
2014.04.02 18:30:00.574,1.01882,1.01905,2.07,3.57
2014.04.02 18:30:00.726,1.01882,1.01905,1.72,1.34
2014.04.02 18:30:00.776,1.01882,1.01903,2.22,1.19
2014.04.02 18:30:01.142,1.01882,1.01903,1.72,1.69
2014.04.02 18:30:01.445,1.01884,1.01905,1.67,1.19
2014.04.02 18:30:03.883,1.01885,1.01906,2.07,1.29
2014.04.02 18:30:06.895,1.01886,1.01906,1.32,1.29
2014.04.02 18:30:07.471,1.01888,1.01907,1.74,1.69
2014.04.02 18:30:09.195,1.01887,1.01906,2.22,1.19
2014.04.02 18:30:15.516,1.01887,1.01907,2.22,1.19
2014.04.02 18:30:26.943,1.01887,1.01907,2.22,1.19
2014.04.02 18:30:28.352,1.01887,1.01906,2.97,1.19
2014.04.02 18:30:28.686,1.01889,1.01908,1.57,1.19
2014.04.02 18:30:31.905,1.01887,1.01908,1.19,1.47
2014.04.02 18:30:33.591,1.01887,1.01908,1.19,1.72
2014.04.02 18:30:37.238,1.01887,1.01907,1.37,1.32
2014.04.02 18:30:41.366,1.01887,1.01907,1.74,1.19
2014.04.02 18:30:41.669,1.01895,1.01917,2.03,1.09
2014.04.02 18:30:41.980,1.01895,1.01918,2.03,1.74
2014.04.02 18:30:46.115,1.01897,1.01917,1.57,1.29
2014.04.02 18:30:47.867,1.01896,1.01918,1.67,1.37
2014.04.02 18:30:48.497,1.01896,1.01916,1.32,1.40
2014.04.02 18:30:49.434,1.01896,1.01916,1.32,1.72
2014.04.02 18:30:49.942,1.01895,1.01915,1.19,1.84
2014.04.02 18:30:51.515,1.01896,1.01915,1.19,2.29
2014.04.02 18:30:55.205,1.01893,1.01914,2.14,1.67
2014.04.02 18:30:56.126,1.01894,1.01914,1.67,2.22
2014.04.02 18:30:56.498,1.01896,1.01915,1.19,1.19
2014.04.02 18:30:58.868,1.01896,1.01917,1.32,1.37
2014.04.02 18:31:06.188,1.01896,1.01915,1.32,1.19
2014.04.02 18:31:09.602,1.01895,1.01916,2.07,1.29
2014.04.02 18:31:14.428,1.01895,1.01916,2.07,1.29
2014.04.02 18:31:23.146,1.01895,1.01916,1.84,1.19
2014.04.02 18:31:23.247,1.01894,1.01913,1.32,1.27
2014.04.02 18:31:23.448,1.01892,1.01912,1.25,1.34
2014.04.02 18:31:23.549,1.01892,1.0191,1.00,1.34
2014.04.02 18:31:24.081,1.0189,1.0191,1.39,1.19
2014.04.02 18:31:42.085,1.0189,1.01909,1.39,1.19
2014.04.02 18:31:46.734,1.0189,1.01908,1.39,1.19
2014.04.02 18:31:56.489,1.01889,1.01907,1.64,1.19
2014.04.02 18:31:56.547,1.01894,1.01914,2.14,1.29
2014.04.02 18:31:59.966,1.01894,1.01914,1.64,1.77
2014.04.02 18:32:01.496,1.01897,1.01914,1.00,1.29
2014.04.02 18:32:09.985,1.01897,1.01915,1.00,1.27
2014.04.02 18:32:13.733,1.01897,1.01916,1.00,1.84
2014.04.02 18:32:16.634,1.01897,1.01916,1.38,1.84
2014.04.02 18:32:17.805,1.01897,1.01914,1.63,1.29
2014.04.02 18:32:19.234,1.01897,1.01914,1.25,1.29
2014.04.02 18:32:19.335,1.01894,1.01914,1.70,1.29
2014.04.02 18:32:19.386,1.01894,1.01908,1.45,1.19
2014.04.02 18:32:19.488,1.01892,1.01908,1.20,1.19
2014.04.02 18:32:24.545,1.01892,1.0191,1.13,1.19
2014.04.02 18:32:25.393,1.01892,1.01909,1.13,1.19
2014.04.02 18:32:28.301,1.01889,1.0191,1.74,1.19
2014.04.02 18:32:31.314,1.01889,1.01908,2.14,1.19
2014.04.02 18:32:41.515,1.01889,1.01909,1.72,1.19
2014.04.02 18:32:52.140,1.01889,1.01907,1.72,1.19
2014.04.02 18:32:57.880,1.01889,1.01907,1.72,1.19
2014.04.02 18:33:03.727,1.01889,1.01908,1.78,1.19
2014.04.02 18:33:10.566,1.01888,1.01909,1.72,1.19
2014.04.02 18:33:10.912,1.01891,1.01909,1.55,1.19
2014.04.02 18:33:11.063,1.01895,1.01914,1.48,1.19
2014.04.02 18:33:11.634,1.01895,1.01914,1.48,1.19
2014.04.02 18:33:12.662,1.01896,1.01915,1.57,1.19
2014.04.02 18:33:23.543,1.01896,1.01917,1.57,1.84
2014.04.02 18:33:27.351,1.01895,1.01916,2.14,1.29
2014.04.02 18:33:30.358,1.01896,1.01915,1.57,1.19
2014.04.02 18:33:34.671,1.01897,1.01918,1.57,1.34
2014.04.02 18:33:37.577,1.01896,1.01917,2.07,1.37
2014.04.02 18:33:41.323,1.01896,1.01917,2.07,1.37
2014.04.02 18:33:41.594,1.01901,1.01919,1.24,1.00
2014.04.02 18:33:41.695,1.01904,1.01922,1.45,1.19
2014.04.02 18:33:42.243,1.01904,1.01923,1.72,1.19
2014.04.02 18:33:45.988,1.01903,1.01922,2.14,1.19
2014.04.02 18:33:52.342,1.01903,1.01922,4.32,1.19
2014.04.02 18:33:52.393,1.01905,1.01924,1.64,1.19
2014.04.02 18:33:52.695,1.01903,1.01922,1.47,1.19
2014.04.02 18:33:53.661,1.019,1.0192,1.70,1.29
2014.04.02 18:34:00.219,1.019,1.0192,1.70,1.29
2014.04.02 18:34:01.370,1.01898,1.01919,2.22,1.19
2014.04.02 18:34:15.213,1.01899,1.01918,1.57,1.19
2014.04.02 18:34:19.152,1.01899,1.0192,2.22,1.19
2014.04.02 18:34:23.800,1.01899,1.01919,2.22,1.19
2014.04.02 18:34:29.012,1.01899,1.01919,1.74,1.19
2014.04.02 18:34:30.421,1.01899,1.01919,1.74,1.19
2014.04.02 18:34:33.450,1.01899,1.01919,1.47,1.19
2014.04.02 18:34:46.629,1.01899,1.01917,1.08,1.27
2014.04.02 18:34:46.680,1.01897,1.01917,1.57,1.37
2014.04.02 18:34:51.572,1.01897,1.01915,1.57,1.19
2014.04.02 18:34:54.118,1.01897,1.01916,1.25,1.29
2014.04.02 18:35:02.658,1.01897,1.01917,1.19,1.37
2014.04.02 18:35:28.671,1.01898,1.01916,1.19,1.29
2014.04.02 18:35:29.878,1.01898,1.01919,1.69,1.34
2014.04.02 18:35:32.887,1.01898,1.01918,1.19,1.37
2014.04.02 18:35:49.502,1.01898,1.01919,1.32,1.47
2014.04.02 18:35:53.532,1.01897,1.01918,1.77,1.37
2014.04.02 18:36:11.626,1.01899,1.01918,1.29,1.29
2014.04.02 18:36:15.436,1.01898,1.0192,1.47,1.34
2014.04.02 18:36:19.646,1.01898,1.01919,1.47,1.37
2014.04.02 18:36:25.620,1.01898,1.01917,1.57,1.29
2014.04.02 18:36:31.266,1.01898,1.01919,1.57,1.34
2014.04.02 18:36:43.236,1.01897,1.01916,1.39,1.19
2014.04.02 18:36:52.055,1.01897,1.01918,1.39,1.77
2014.04.02 18:36:56.367,1.01897,1.01916,1.29,1.19
2014.04.02 18:37:02.084,1.01896,1.01914,1.69,1.19
2014.04.02 18:37:15.630,1.01897,1.01915,1.19,1.29
2014.04.02 18:37:24.030,1.01897,1.01916,1.69,1.27
2014.04.02 18:37:31.678,1.01898,1.01916,1.19,1.39
2014.04.02 18:37:31.829,1.01897,1.01917,1.19,1.74
2014.04.02 18:37:35.209,1.01896,1.01917,1.32,1.74
2014.04.02 18:37:36.857,1.01901,1.01917,1.00,1.74
2014.04.02 18:37:39.112,1.01901,1.0192,1.25,2.07
2014.04.02 18:37:39.228,1.01901,1.01915,1.00,1.19
2014.04.02 18:37:39.279,1.01898,1.01915,1.02,1.67
2014.04.02 18:37:39.431,1.01892,1.01912,2.67,1.19
2014.04.02 18:37:39.960,1.01892,1.01912,1.27,1.29
2014.04.02 18:37:40.485,1.01892,1.01912,1.19,1.37
2014.04.02 18:37:41.229,1.01892,1.01911,1.19,1.27
2014.04.02 18:37:43.787,1.01897,1.01911,1.00,1.19
2014.04.02 18:37:47.132,1.01892,1.01908,1.00,1.19
2014.04.02 18:37:47.874,1.01892,1.01909,1.00,1.19
2014.04.02 18:37:53.599,1.01896,1.01909,1.00,1.19
2014.04.02 18:37:53.931,1.01896,1.01912,1.00,1.69
2014.04.02 18:37:54.133,1.01896,1.01913,1.00,1.19
2014.04.02 18:37:54.957,1.01896,1.01915,1.19,1.84
2014.04.02 18:37:57.225,1.01896,1.01915,1.69,1.69
2014.04.02 18:37:57.629,1.01896,1.01914,1.00,1.19
2014.04.02 18:37:58.462,1.01896,1.01912,1.00,1.29
2014.04.02 18:37:58.563,1.01892,1.01912,1.57,1.29
2014.04.02 18:37:58.902,1.01897,1.01912,1.00,1.19
2014.04.02 18:38:00.238,1.01897,1.01912,1.00,1.69
2014.04.02 18:38:01.277,1.01896,1.01912,1.00,1.69
2014.04.02 18:38:01.378,1.01896,1.01912,1.00,1.25
2014.04.02 18:38:01.894,1.01896,1.01912,1.25,1.38
2014.04.02 18:38:01.945,1.01896,1.0191,1.00,1.19
2014.04.02 18:38:02.096,1.01893,1.0191,1.25,1.29
2014.04.02 18:38:02.456,1.0189,1.01909,1.02,1.32
2014.04.02 18:38:03.052,1.01888,1.01909,1.19,1.47
2014.04.02 18:38:07.267,1.01886,1.01898,1.00,1.19
2014.04.02 18:38:07.319,1.01886,1.01903,1.00,1.32
2014.04.02 18:38:07.370,1.01886,1.01905,1.00,1.72
2014.04.02 18:38:07.873,1.01886,1.01906,1.00,1.47
2014.04.02 18:38:09.888,1.01886,1.01906,1.19,1.47
2014.04.02 18:38:11.178,1.01886,1.01906,1.19,1.47
2014.04.02 18:38:12.387,1.01884,1.01903,1.29,1.39
2014.04.02 18:38:12.448,1.01882,1.01903,1.39,2.22
2014.04.02 18:38:12.650,1.01881,1.01901,1.32,2.22
2014.04.02 18:38:13.826,1.01881,1.01901,1.20,1.32
2014.04.02 18:38:17.602,1.01881,1.01901,1.13,1.39
2014.04.02 18:38:17.653,1.01881,1.01899,1.00,1.88
2014.04.02 18:38:17.955,1.01881,1.01896,1.00,1.28
2014.04.02 18:38:22.146,1.01881,1.01894,1.00,1.19
2014.04.02 18:38:23.458,1.01881,1.01893,1.00,1.32
2014.04.02 18:38:23.660,1.01876,1.01895,1.00,1.47
2014.04.02 18:38:24.617,1.01882,1.01895,1.00,1.47
2014.04.02 18:38:25.057,1.01877,1.01895,1.00,1.47
2014.04.02 18:38:28.736,1.01881,1.01895,1.00,1.47
2014.04.02 18:38:37.391,1.01876,1.01896,1.69,1.72
2014.04.02 18:38:38.414,1.01876,1.01896,1.19,1.72
2014.04.02 18:38:38.958,1.01876,1.01896,1.32,1.47
2014.04.02 18:38:41.340,1.01876,1.01896,2.14,1.47
2014.04.02 18:38:48.663,1.01876,1.01899,1.39,4.39
2014.04.02 18:39:00.068,1.01876,1.01895,2.22,1.19
2014.04.02 18:39:03.875,1.01876,1.01895,1.47,1.19
2014.04.02 18:39:07.136,1.01876,1.01896,1.47,1.29
2014.04.02 18:39:08.774,1.01876,1.01893,1.00,1.19
2014.04.02 18:39:08.976,1.01872,1.01892,1.37,1.57
2014.04.02 18:39:09.527,1.01867,1.01888,1.72,1.25
2014.04.02 18:39:09.628,1.01872,1.0189,1.00,1.69
2014.04.02 18:39:09.930,1.01872,1.01892,1.47,1.69
2014.04.02 18:39:10.566,1.01872,1.01894,2.22,2.14
2014.04.02 18:39:11.235,1.01873,1.01893,1.72,1.19
2014.04.02 18:39:12.689,1.01874,1.01893,1.72,1.19
2014.04.02 18:39:16.386,1.01873,1.01887,5.25,1.19
2014.04.02 18:39:16.537,1.01867,1.01885,1.48,1.29
2014.04.02 18:39:16.588,1.01867,1.01883,1.48,1.19
2014.04.02 18:39:16.638,1.01867,1.01883,1.00,1.19
2014.04.02 18:39:16.689,1.01866,1.01886,1.02,1.37
2014.04.02 18:39:16.790,1.01866,1.01887,3.19,2.14
2014.04.02 18:39:16.941,1.01867,1.01887,1.02,2.14
2014.04.02 18:39:16.992,1.01867,1.01884,1.02,1.19
2014.04.02 18:39:17.294,1.01871,1.01889,1.00,2.14
2014.04.02 18:39:17.826,1.01868,1.01889,1.37,3.64
2014.04.02 18:39:18.028,1.01873,1.01892,1.19,1.19
2014.04.02 18:39:18.386,1.01874,1.01894,1.27,2.07
2014.04.02 18:39:18.689,1.01881,1.01894,1.00,1.19
2014.04.02 18:39:19.492,1.01881,1.01896,1.00,1.57
2014.04.02 18:39:27.160,1.01881,1.01895,1.00,1.32
2014.04.02 18:39:31.168,1.01881,1.01896,1.00,1.57
2014.04.02 18:39:43.560,1.01886,1.01896,1.00,1.63
2014.04.02 18:39:43.611,1.01886,1.01906,1.28,1.39
2014.04.02 18:39:53.821,1.01887,1.01905,1.29,1.19
2014.04.02 18:39:55.431,1.01887,1.01906,1.29,1.39
2014.04.02 18:40:01.556,1.01887,1.01906,1.02,1.29
2014.04.02 18:40:13.881,1.01887,1.01904,1.10,1.19
2014.04.02 18:40:15.697,1.01885,1.01903,1.47,1.19
2014.04.02 18:40:15.899,1.01884,1.019,1.00,1.69
2014.04.02 18:40:16.051,1.01879,1.01899,1.65,1.19
2014.04.02 18:40:16.683,1.01878,1.01899,1.47,1.57
2014.04.02 18:40:17.493,1.01877,1.01898,2.97,1.32
2014.04.02 18:40:21.439,1.01877,1.01899,2.97,1.57
2014.04.02 18:40:25.909,1.01878,1.019,1.47,1.77
2014.04.02 18:40:26.435,1.01877,1.01899,2.97,1.57
2014.04.02 18:40:28.333,1.01878,1.01899,1.33,1.39
2014.04.02 18:40:28.635,1.01882,1.01898,1.00,1.72
2014.04.02 18:40:28.736,1.01882,1.019,1.19,1.72
2014.04.02 18:40:28.938,1.01879,1.01902,2.22,2.22
2014.04.02 18:40:29.448,1.01882,1.01901,1.25,1.78
2014.04.02 18:40:34.206,1.01883,1.01903,1.19,1.72
2014.04.02 18:40:34.509,1.01887,1.01906,1.19,1.29
2014.04.02 18:40:34.906,1.01886,1.01906,1.25,1.77
2014.04.02 18:40:36.589,1.01886,1.01905,1.19,1.19
2014.04.02 18:40:42.702,1.01887,1.01906,1.19,1.29
2014.04.02 18:40:43.904,1.01887,1.01906,1.19,1.29
2014.04.02 18:40:44.629,1.01886,1.01905,1.69,1.19
2014.04.02 18:40:49.819,1.01886,1.01904,1.19,1.19
2014.04.02 18:40:52.656,1.01886,1.01906,1.69,1.77
2014.04.02 18:40:54.935,1.01886,1.01904,1.19,1.19
2014.04.02 18:40:58.437,1.01884,1.01903,2.97,1.19
2014.04.02 18:41:02.445,1.01886,1.01906,1.37,1.19
2014.04.02 18:41:06.237,1.01886,1.01905,1.09,1.19
2014.04.02 18:41:08.482,1.01886,1.01903,1.47,1.19
2014.04.02 18:41:12.651,1.01886,1.01905,1.47,1.19
2014.04.02 18:41:18.594,1.01887,1.01906,1.29,1.19
2014.04.02 18:41:22.168,1.01886,1.01905,2.22,1.19
2014.04.02 18:41:23.472,1.01886,1.01904,1.47,1.19
2014.04.02 18:41:23.635,1.01886,1.01904,1.19,4.02
2014.04.02 18:41:23.787,1.01881,1.01898,1.08,1.00
2014.04.02 18:41:23.838,1.01887,1.01898,1.00,1.00
2014.04.02 18:41:24.140,1.01883,1.01901,1.00,1.29
2014.04.02 18:41:24.191,1.01882,1.01898,1.00,1.19
2014.04.02 18:41:24.392,1.01879,1.01896,1.40,1.19
2014.04.02 18:41:24.895,1.01879,1.01898,1.84,1.19
2014.04.02 18:41:27.786,1.01879,1.01896,1.02,1.19
2014.04.02 18:41:29.140,1.01879,1.01898,1.02,1.29
2014.04.02 18:41:31.062,1.01879,1.01899,1.29,1.37
2014.04.02 18:41:33.207,1.01879,1.01897,1.29,1.19
2014.04.02 18:41:37.042,1.01887,1.01897,1.00,1.19
2014.04.02 18:41:37.294,1.01887,1.01899,1.00,1.19
2014.04.02 18:41:37.416,1.0188,1.01899,1.34,1.32
2014.04.02 18:41:41.173,1.01879,1.01899,1.37,1.39
2014.04.02 18:41:47.188,1.01879,1.01897,1.37,1.19
2014.04.02 18:41:51.299,1.01879,1.01898,1.09,1.19
2014.04.02 18:41:53.160,1.01878,1.01898,1.39,1.19
2014.04.02 18:41:56.009,1.01878,1.01897,1.25,1.32
2014.04.02 18:41:56.416,1.01882,1.01897,1.00,1.32
2014.04.02 18:41:57.712,1.01882,1.01895,1.00,1.19
2014.04.02 18:42:00.906,1.01878,1.01898,1.19,1.19
2014.04.02 18:42:03.904,1.01878,1.01899,1.69,1.39
2014.04.02 18:42:06.088,1.01878,1.01897,1.69,1.19
2014.04.02 18:42:09.020,1.01878,1.01899,1.69,1.39
2014.04.02 18:42:10.854,1.01881,1.01899,1.00,1.39
2014.04.02 18:42:11.623,1.01878,1.01899,1.69,1.39
2014.04.02 18:42:14.139,1.01882,1.01895,1.00,1.19
2014.04.02 18:42:14.341,1.01876,1.01895,1.47,1.19
2014.04.02 18:42:14.593,1.01881,1.01895,1.00,1.19
2014.04.02 18:42:15.243,1.01881,1.01896,1.00,1.32
2014.04.02 18:42:15.465,1.01876,1.01896,1.47,1.32
2014.04.02 18:42:15.974,1.01875,1.01895,1.78,1.19
2014.04.02 18:42:17.081,1.01875,1.01895,1.70,1.29
2014.04.02 18:42:17.824,1.01875,1.01895,1.32,1.39
2014.04.02 18:42:19.156,1.01875,1.01895,1.47,1.19
2014.04.02 18:42:19.707,1.01876,1.01896,1.84,1.32
2014.04.02 18:42:20.446,1.01877,1.01896,1.29,1.32
2014.04.02 18:42:22.746,1.01877,1.01897,1.29,1.57
2014.04.02 18:42:25.582,1.01877,1.01897,1.47,1.19
2014.04.02 18:42:42.351,1.01877,1.01898,1.84,1.32
2014.04.02 18:42:52.571,1.01878,1.01897,1.37,1.19
2014.04.02 18:43:01.496,1.01877,1.01898,1.34,1.32
2014.04.02 18:43:02.966,1.01878,1.01898,2.22,1.19
2014.04.02 18:43:03.219,1.01887,1.01907,2.44,2.22
2014.04.02 18:43:03.622,1.01884,1.01904,2.89,1.19
2014.04.02 18:43:03.774,1.01883,1.01904,1.34,1.19
2014.04.02 18:43:04.127,1.01882,1.01903,1.84,1.19
2014.04.02 18:43:04.178,1.01882,1.01903,1.47,1.32
2014.04.02 18:43:04.790,1.01882,1.01902,1.18,1.19
2014.04.02 18:43:08.615,1.01879,1.01902,3.27,2.07
2014.04.02 18:43:09.413,1.01879,1.019,2.52,1.57
2014.04.02 18:43:09.514,1.01878,1.01898,1.84,1.19
2014.04.02 18:43:10.548,1.01878,1.01898,3.27,1.19
2014.04.02 18:43:10.701,1.01881,1.019,2.22,1.00
2014.04.02 18:43:10.753,1.01881,1.01904,2.22,2.59
2014.04.02 18:43:11.672,1.01881,1.01904,1.34,2.82
2014.04.02 18:43:12.177,1.01879,1.019,2.52,1.57
2014.04.02 18:43:12.926,1.01879,1.01901,2.52,1.57
2014.04.02 18:43:13.845,1.01878,1.01901,1.47,1.39
2014.04.02 18:43:13.947,1.01877,1.01899,1.84,1.39
2014.04.02 18:43:14.250,1.01877,1.01896,1.34,1.32
2014.04.02 18:43:14.300,1.01878,1.01898,1.34,1.57
2014.04.02 18:43:14.401,1.01878,1.01899,1.34,1.19
2014.04.02 18:43:17.136,1.01879,1.01899,1.37,2.07
2014.04.02 18:43:20.509,1.0188,1.01899,1.29,1.00
2014.04.02 18:43:22.939,1.01879,1.01899,1.47,1.69
2014.04.02 18:43:23.443,1.01877,1.01899,3.72,1.19
2014.04.02 18:43:25.932,1.01877,1.01899,2.22,1.77
2014.04.02 18:43:27.640,1.01878,1.01899,2.89,1.69
2014.04.02 18:43:29.722,1.01878,1.01899,2.89,1.69
2014.04.02 18:43:33.446,1.01881,1.01899,1.74,1.00
2014.04.02 18:43:33.497,1.01881,1.01903,3.64,2.33
2014.04.02 18:43:33.598,1.01883,1.01904,4.02,1.13
2014.04.02 18:43:34.102,1.01885,1.01905,1.39,1.29
2014.04.02 18:43:39.663,1.01885,1.01905,3.64,1.19
2014.04.02 18:43:39.965,1.01888,1.01908,1.37,1.29
2014.04.02 18:43:40.551,1.01888,1.01907,1.09,1.19
2014.04.02 18:43:50.074,1.01888,1.01907,1.84,1.19
2014.04.02 18:43:58.900,1.01888,1.01907,4.39,1.19
2014.04.02 18:43:59.001,1.01888,1.01909,4.39,1.32
2014.04.02 18:43:59.160,1.01888,1.01907,4.39,1.19
2014.04.02 18:44:12.065,1.01888,1.01907,1.37,1.19
2014.04.02 18:44:12.641,1.01888,1.01907,1.47,1.19
2014.04.02 18:44:15.198,1.01888,1.01909,1.47,1.19
2014.04.02 18:44:18.704,1.01889,1.01908,1.37,1.19
2014.04.02 18:44:18.906,1.01888,1.01911,1.47,1.39
2014.04.02 18:44:23.912,1.01889,1.01911,1.37,2.14
2014.04.02 18:44:27.273,1.01889,1.0191,1.37,1.19
2014.04.02 18:44:33.985,1.0189,1.01909,1.27,1.19
2014.04.02 18:44:36.889,1.0189,1.0191,1.27,1.32
2014.04.02 18:44:46.209,1.01889,1.01909,1.47,1.19
2014.04.02 18:45:01.423,1.01894,1.01909,1.38,1.19
2014.04.02 18:45:01.474,1.01894,1.01913,1.38,1.84
2014.04.02 18:45:01.525,1.01899,1.01913,1.13,1.84
2014.04.02 18:45:01.576,1.01899,1.01919,2.03,1.32
2014.04.02 18:45:02.186,1.01899,1.01919,2.22,1.19
2014.04.02 18:45:03.947,1.01899,1.01919,2.22,1.00
2014.04.02 18:45:05.862,1.01901,1.01919,1.27,1.25
2014.04.02 18:45:05.915,1.019,1.01919,1.47,1.69
2014.04.02 18:45:06.782,1.01899,1.01919,2.22,1.19
2014.04.02 18:45:09.567,1.01899,1.01919,2.22,1.25
2014.04.02 18:45:11.630,1.019,1.01918,1.37,1.00
2014.04.02 18:45:13.245,1.01898,1.01918,1.74,1.19
2014.04.02 18:45:15.134,1.01899,1.01918,1.39,1.69
2014.04.02 18:45:23.295,1.019,1.01918,1.19,1.19
2014.04.02 18:45:25.797,1.01901,1.0192,1.19,1.67
2014.04.02 18:45:29.870,1.01901,1.0192,1.77,1.19
2014.04.02 18:45:33.982,1.01901,1.0192,1.29,1.69
2014.04.02 18:45:40.655,1.01901,1.0192,1.27,1.69
2014.04.02 18:45:41.161,1.01901,1.0192,1.84,1.69
2014.04.02 18:45:48.631,1.01906,1.0192,1.00,1.69
2014.04.02 18:45:48.682,1.01906,1.0192,1.00,1.25
2014.04.02 18:45:49.401,1.01903,1.0192,1.29,1.25
2014.04.02 18:45:51.821,1.01906,1.0192,1.00,1.25
2014.04.02 18:45:53.580,1.01906,1.0192,1.00,1.19
2014.04.02 18:45:54.154,1.01902,1.0192,1.33,1.19
2014.04.02 18:45:54.873,1.01902,1.01921,1.40,1.19
2014.04.02 18:46:03.371,1.01906,1.01921,1.00,1.19
2014.04.02 18:46:03.422,1.01906,1.01922,1.00,1.25
2014.04.02 18:46:03.591,1.01903,1.01922,1.47,1.25
2014.04.02 18:46:05.206,1.01904,1.01923,1.29,1.32
2014.04.02 18:46:06.716,1.01905,1.01924,1.37,2.07
2014.04.02 18:46:13.676,1.01905,1.01924,1.37,2.07
2014.04.02 18:46:14.976,1.01905,1.01924,1.34,2.07
2014.04.02 18:46:20.053,1.01902,1.01923,4.39,1.32
2014.04.02 18:46:21.811,1.01902,1.01923,2.22,1.32
2014.04.02 18:46:35.126,1.01902,1.01922,1.47,1.19
2014.04.02 18:46:41.959,1.01902,1.01922,1.47,1.19
2014.04.02 18:46:42.249,1.01901,1.0192,1.72,1.19
2014.04.02 18:46:47.601,1.01902,1.01922,1.15,1.19
2014.04.02 18:46:49.363,1.01902,1.0192,1.34,1.19
2014.04.02 18:46:49.780,1.01903,1.01922,1.47,1.19
2014.04.02 18:46:50.366,1.01902,1.01923,1.78,1.19
2014.04.02 18:46:51.381,1.01903,1.01923,4.88,1.19
2014.04.02 18:46:51.772,1.01906,1.01925,1.15,2.82
2014.04.02 18:46:53.875,1.01906,1.01926,2.97,1.69
2014.04.02 18:47:01.889,1.01906,1.01926,2.97,1.19
2014.04.02 18:47:04.491,1.01903,1.01926,1.72,1.84
2014.04.02 18:47:05.152,1.01903,1.01925,1.72,1.19
2014.04.02 18:47:06.370,1.01902,1.01923,2.97,1.19
2014.04.02 18:47:06.685,1.01901,1.01921,2.22,1.19
2014.04.02 18:47:10.880,1.01901,1.01922,2.97,1.19
2014.04.02 18:47:12.379,1.01902,1.01923,1.74,1.19
2014.04.02 18:47:14.230,1.01903,1.01922,1.39,1.19
2014.04.02 18:47:16.624,1.01901,1.01921,1.34,1.57
2014.04.02 18:47:17.141,1.01898,1.01919,7.32,1.32
2014.04.02 18:47:18.393,1.01898,1.01919,7.32,1.32
2014.04.02 18:47:20.801,1.01899,1.01918,1.47,1.19
2014.04.02 18:47:20.950,1.019,1.01918,2.52,1.19
2014.04.02 18:47:21.051,1.01901,1.01921,1.34,1.19
2014.04.02 18:47:24.740,1.01902,1.01922,2.22,1.19
2014.04.02 18:47:25.704,1.01902,1.01922,2.22,1.19
2014.04.02 18:47:26.665,1.01902,1.01923,2.22,1.19
2014.04.02 18:47:28.253,1.01902,1.01923,2.22,1.69
2014.04.02 18:47:29.307,1.01902,1.01923,4.39,1.19
2014.04.02 18:47:35.870,1.01902,1.0192,3.64,1.19
2014.04.02 18:47:35.923,1.019,1.0192,2.22,1.69
2014.04.02 18:47:36.509,1.01901,1.0192,1.39,1.19
2014.04.02 18:47:37.436,1.01901,1.01921,1.72,1.19
2014.04.02 18:47:40.142,1.01902,1.01923,1.72,1.32
2014.04.02 18:47:46.850,1.01904,1.01923,1.39,1.32
2014.04.02 18:47:47.105,1.01903,1.01924,1.78,1.19
2014.04.02 18:47:48.249,1.01903,1.01924,3.64,1.19
2014.04.02 18:47:48.551,1.01907,1.01925,1.10,1.69
2014.04.02 18:47:50.950,1.01907,1.01926,2.52,1.19
2014.04.02 18:47:53.129,1.01908,1.01927,1.19,1.47
2014.04.02 18:48:03.889,1.01908,1.01924,1.19,1.00
2014.04.02 18:48:04.961,1.01907,1.01925,1.19,1.37
2014.04.02 18:48:05.112,1.01904,1.01923,1.19,1.64
2014.04.02 18:48:05.163,1.01902,1.01921,1.00,1.74
2014.04.02 18:48:06.092,1.01902,1.01918,1.00,1.00
2014.04.02 18:48:06.518,1.01902,1.01918,1.00,1.19
2014.04.02 18:48:11.373,1.01902,1.01919,1.00,1.32
2014.04.02 18:48:11.681,1.01902,1.01917,1.00,1.19
2014.04.02 18:48:15.413,1.01902,1.01917,1.08,1.19
2014.04.02 18:48:15.464,1.01906,1.01923,1.02,1.19
2014.04.02 18:48:19.569,1.01907,1.01923,1.19,1.00
2014.04.02 18:48:22.816,1.01907,1.01924,1.19,1.25
2014.04.02 18:48:23.471,1.01907,1.01923,1.19,1.00
2014.04.02 18:48:25.175,1.01906,1.01923,1.29,1.00
2014.04.02 18:48:26.179,1.01906,1.01923,1.77,1.00
2014.04.02 18:48:33.274,1.01906,1.01924,1.77,1.00
2014.04.02 18:48:40.363,1.01907,1.01924,1.19,1.25
2014.04.02 18:48:47.879,1.01904,1.01924,2.97,1.69
2014.04.02 18:48:49.809,1.01905,1.01924,1.37,2.44
2014.04.02 18:48:50.179,1.01905,1.01924,1.37,1.69
2014.04.02 18:48:52.985,1.01906,1.01924,1.29,1.50
2014.04.02 18:49:00.697,1.01907,1.01924,1.19,1.69
2014.04.02 18:49:03.627,1.01907,1.01923,1.19,1.00
2014.04.02 18:49:04.137,1.01906,1.01923,1.29,1.00
2014.04.02 18:49:04.972,1.01906,1.01924,1.29,1.50
2014.04.02 18:49:06.971,1.01906,1.01923,1.29,1.00
2014.04.02 18:49:07.893,1.01911,1.01923,1.00,1.00
2014.04.02 18:49:07.943,1.01911,1.01928,1.00,1.29
2014.04.02 18:49:08.458,1.01911,1.01929,1.19,1.19
2014.04.02 18:49:11.221,1.01907,1.01928,2.22,1.29
2014.04.02 18:49:14.032,1.01909,1.01928,1.19,1.29
2014.04.02 18:49:14.564,1.01909,1.01924,1.19,1.08
2014.04.02 18:49:14.816,1.01905,1.01923,1.19,1.09
2014.04.02 18:49:14.867,1.01905,1.01923,1.19,1.09
2014.04.02 18:49:15.018,1.01903,1.01922,1.19,1.37
2014.04.02 18:49:15.320,1.01901,1.0192,2.14,1.19
2014.04.02 18:49:17.880,1.01901,1.0192,1.25,1.19
2014.04.02 18:49:19.617,1.019,1.01919,1.19,1.19
2014.04.02 18:49:26.111,1.01899,1.01918,2.22,1.19
2014.04.02 18:49:26.697,1.01901,1.0192,1.19,1.19
2014.04.02 18:49:35.510,1.01901,1.01921,1.19,1.47
2014.04.02 18:49:35.762,1.01903,1.01924,1.19,2.89
2014.04.02 18:49:36.228,1.01905,1.01924,1.19,2.89
2014.04.02 18:49:47.671,1.01906,1.01925,1.29,1.19
2014.04.02 18:49:50.747,1.01908,1.01927,1.19,2.14
2014.04.02 18:49:52.415,1.01909,1.01928,1.19,1.69
2014.04.02 18:49:59.554,1.01917,1.01928,1.00,1.19
2014.04.02 18:49:59.706,1.01909,1.01928,1.84,1.19
2014.04.02 18:49:59.757,1.01909,1.01927,1.10,1.19
2014.04.02 18:50:00.268,1.01906,1.01927,2.97,1.19
2014.04.02 18:50:04.546,1.01907,1.01928,1.34,1.19
2014.04.02 18:50:05.382,1.01913,1.01932,1.57,1.15
2014.04.02 18:50:06.028,1.01917,1.01938,2.82,1.69
2014.04.02 18:50:06.758,1.01919,1.01938,1.19,2.22
2014.04.02 18:50:12.013,1.01918,1.01937,1.47,1.19
2014.04.02 18:50:15.227,1.01919,1.01938,1.19,1.32
2014.04.02 18:50:17.936,1.01917,1.01936,4.47,1.19
2014.04.02 18:50:23.754,1.01919,1.01938,1.19,1.32
2014.04.02 18:50:26.972,1.01917,1.01937,1.29,1.67
2014.04.02 18:50:29.918,1.01917,1.01936,1.02,1.32
2014.04.02 18:50:31.779,1.01917,1.01935,1.10,1.19
2014.04.02 18:50:36.997,1.01917,1.01936,1.02,1.32
2014.04.02 18:50:40.378,1.01917,1.01936,1.29,1.32
2014.04.02 18:50:41.171,1.01917,1.01935,1.10,1.19
2014.04.02 18:50:42.774,1.01917,1.01934,1.10,1.19
2014.04.02 18:50:43.506,1.01916,1.01933,1.39,1.25
2014.04.02 18:50:56.614,1.01916,1.01934,1.39,1.19
2014.04.02 18:50:59.819,1.01916,1.01935,2.14,1.19
2014.04.02 18:51:00.897,1.01916,1.01934,1.39,1.19
2014.04.02 18:51:02.227,1.01916,1.01937,2.14,2.14
2014.04.02 18:51:03.679,1.01918,1.01937,1.19,2.14
2014.04.02 18:51:04.628,1.01921,1.01937,1.00,2.07
2014.04.02 18:51:04.729,1.01921,1.01941,1.02,2.14
2014.04.02 18:51:05.194,1.01919,1.01937,1.34,1.19
2014.04.02 18:51:08.657,1.01925,1.01938,1.50,1.19
2014.04.02 18:51:08.707,1.01925,1.01939,1.50,1.00
2014.04.02 18:51:08.758,1.01923,1.01944,1.58,2.89
2014.04.02 18:51:08.910,1.01924,1.01939,1.29,1.00
2014.04.02 18:51:09.011,1.01921,1.01939,1.69,1.00
2014.04.02 18:51:09.162,1.01921,1.01942,1.69,1.39
2014.04.02 18:51:09.213,1.01921,1.01942,1.19,1.47
2014.04.02 18:51:09.325,1.01921,1.01942,1.29,1.47
2014.04.02 18:51:09.646,1.01921,1.01942,1.19,1.47
2014.04.02 18:51:10.483,1.0192,1.0194,1.39,1.08
2014.04.02 18:51:12.421,1.0192,1.01939,1.39,1.29
2014.04.02 18:51:13.808,1.01919,1.0194,1.64,1.77
2014.04.02 18:51:14.296,1.01921,1.01941,1.84,1.19
2014.04.02 18:51:19.630,1.01921,1.01942,1.84,1.39
2014.04.02 18:51:21.728,1.01922,1.01941,1.19,1.19
2014.04.02 18:51:25.637,1.01921,1.01939,1.77,1.19
2014.04.02 18:51:31.098,1.01919,1.01941,2.22,1.39
2014.04.02 18:51:31.923,1.0192,1.01939,1.47,1.19
2014.04.02 18:51:34.116,1.01919,1.01941,1.72,1.39
2014.04.02 18:51:36.923,1.01919,1.01938,2.22,1.19
2014.04.02 18:51:45.738,1.0192,1.01939,1.39,1.32
2014.04.02 18:51:46.941,1.0192,1.0194,1.34,1.57
2014.04.02 18:51:53.155,1.01918,1.01941,5.89,1.67
2014.04.02 18:51:53.473,1.01923,1.01944,3.72,1.29
2014.04.02 18:51:53.977,1.01922,1.01945,3.64,1.39
2014.04.02 18:51:54.511,1.01922,1.01945,2.97,1.47
2014.04.02 18:51:57.666,1.01923,1.01943,1.64,1.29
2014.04.02 18:52:01.213,1.01921,1.0194,1.34,1.19
2014.04.02 18:52:01.518,1.01919,1.01939,2.22,1.19
2014.04.02 18:52:03.047,1.01919,1.01939,2.22,1.19
2014.04.02 18:52:06.793,1.01919,1.0194,1.84,1.29
2014.04.02 18:52:26.904,1.01918,1.01939,1.28,1.69
2014.04.02 18:52:27.256,1.01918,1.01937,1.47,1.19
2014.04.02 18:52:31.256,1.01918,1.01937,1.47,1.19
2014.04.02 18:52:34.099,1.01918,1.01938,1.39,1.32
2014.04.02 18:52:41.088,1.01918,1.01937,1.39,1.19
2014.04.02 18:52:44.116,1.01919,1.01938,1.19,1.32
2014.04.02 18:52:45.037,1.01917,1.01936,1.34,1.19
2014.04.02 18:52:51.710,1.01918,1.01939,1.39,2.22
2014.04.02 18:52:56.855,1.01914,1.01933,3.64,1.77
2014.04.02 18:52:56.917,1.01914,1.01933,1.29,2.52
2014.04.02 18:52:57.018,1.01912,1.01931,2.22,1.69
2014.04.02 18:52:57.220,1.01911,1.01928,1.47,1.00
2014.04.02 18:52:57.321,1.01912,1.01932,1.20,1.29
2014.04.02 18:52:57.825,1.01912,1.01933,1.39,2.59
2014.04.02 18:52:57.926,1.01911,1.01933,2.97,1.77
2014.04.02 18:52:58.094,1.01912,1.01934,1.72,1.19
2014.04.02 18:53:00.216,1.01912,1.01934,1.72,1.19
2014.04.02 18:53:00.493,1.01917,1.01936,1.88,1.37
2014.04.02 18:53:01.007,1.01917,1.01936,2.70,1.19
2014.04.02 18:53:01.615,1.01917,1.01936,1.39,1.25
2014.04.02 18:53:01.716,1.01917,1.01935,1.19,1.29
2014.04.02 18:53:02.018,1.01914,1.01933,1.47,1.25
2014.04.02 18:53:02.119,1.01914,1.01933,1.47,1.19
2014.04.02 18:53:02.220,1.01912,1.01933,2.22,1.19
2014.04.02 18:53:02.725,1.01911,1.01935,2.22,1.74
2014.04.02 18:53:04.243,1.01912,1.01935,1.67,1.47
2014.04.02 18:53:04.760,1.01916,1.01937,1.39,1.37
2014.04.02 18:53:06.406,1.01917,1.01938,1.00,1.47
2014.04.02 18:53:06.457,1.01917,1.01939,2.52,2.22
2014.04.02 18:53:12.501,1.01918,1.01938,1.39,1.32
2014.04.02 18:53:14.107,1.01919,1.01938,1.19,1.32
2014.04.02 18:53:21.125,1.01917,1.01937,2.59,1.19
2014.04.02 18:53:41.758,1.01917,1.01938,3.72,1.19
2014.04.02 18:53:55.278,1.01918,1.01939,1.39,2.97
2014.04.02 18:54:00.288,1.01918,1.01937,1.39,1.19
2014.04.02 18:54:05.952,1.01919,1.01938,1.19,1.19
2014.04.02 18:54:14.171,1.01917,1.01937,1.32,1.00
2014.04.02 18:54:17.970,1.01917,1.01937,1.32,1.25
2014.04.02 18:54:19.913,1.01916,1.01937,2.07,1.19
2014.04.02 18:54:21.189,1.01917,1.01938,2.82,1.32
2014.04.02 18:54:26.145,1.01919,1.0194,1.19,1.19
2014.04.02 18:54:27.302,1.0192,1.01939,1.19,1.19
2014.04.02 18:54:31.766,1.01919,1.0194,1.19,1.84
2014.04.02 18:54:32.152,1.01917,1.01938,1.27,1.27
2014.04.02 18:54:32.254,1.01915,1.01936,1.72,1.19
2014.04.02 18:54:33.055,1.01917,1.01936,1.77,1.19
2014.04.02 18:54:34.011,1.01918,1.01937,1.29,1.02
2014.04.02 18:54:45.836,1.01917,1.01938,4.02,1.77
2014.04.02 18:54:47.139,1.01919,1.01938,1.19,1.77
2014.04.02 18:54:53.216,1.01919,1.01938,1.19,1.33
2014.04.02 18:54:59.467,1.0192,1.01938,1.19,1.08
2014.04.02 18:55:00.878,1.01919,1.01938,1.19,1.08
2014.04.02 18:55:06.783,1.0192,1.01938,1.19,1.27
2014.04.02 18:55:18.592,1.0192,1.01938,1.19,1.10
2014.04.02 18:55:20.262,1.01919,1.01938,1.29,1.77
2014.04.02 18:55:22.416,1.01918,1.01938,1.39,1.29
2014.04.02 18:55:23.119,1.0192,1.01938,1.19,1.10
2014.04.02 18:55:32.139,1.0192,1.01938,1.19,1.29
2014.04.02 18:55:33.442,1.01918,1.01939,1.27,1.39
2014.04.02 18:55:43.319,1.01919,1.0194,1.29,2.97
2014.04.02 18:55:47.942,1.01919,1.01939,1.29,1.39
2014.04.02 18:55:50.149,1.01916,1.01939,2.97,1.39
2014.04.02 18:55:50.882,1.01922,1.01939,1.00,1.39
2014.04.02 18:55:51.453,1.01922,1.01938,1.00,1.29
2014.04.02 18:55:53.763,1.01922,1.0194,1.00,2.97
2014.04.02 18:56:05.443,1.01922,1.01938,1.00,1.29
2014.04.02 18:56:06.499,1.01922,1.01938,1.00,1.29
2014.04.02 18:56:14.077,1.01922,1.01939,1.00,2.14
2014.04.02 18:56:17.885,1.01922,1.01939,1.00,1.39
2014.04.02 18:56:31.662,1.01922,1.01938,1.00,1.19
2014.04.02 18:56:32.527,1.01922,1.01939,1.25,1.39
2014.04.02 18:56:37.625,1.01922,1.0194,1.00,2.22
2014.04.02 18:56:41.505,1.01922,1.0194,1.19,2.22
2014.04.02 18:56:46.114,1.01922,1.01939,1.25,1.29
2014.04.02 18:56:57.500,1.01917,1.01938,2.22,1.19
2014.04.02 18:56:58.557,1.01917,1.01938,2.22,1.69
2014.04.02 18:56:59.571,1.01918,1.01938,1.47,1.19
2014.04.02 18:57:01.906,1.01918,1.01938,1.47,1.19
2014.04.02 18:57:03.399,1.01919,1.01939,1.34,1.19
2014.04.02 18:57:06.220,1.01921,1.0194,1.29,1.32
2014.04.02 18:57:11.834,1.0192,1.01941,1.74,2.14
2014.04.02 18:57:17.146,1.01921,1.0194,1.39,1.19
2014.04.02 18:57:30.379,1.01922,1.01941,1.19,1.39
2014.04.02 18:57:37.097,1.01922,1.0194,1.19,1.19
2014.04.02 18:57:42.164,1.01922,1.01939,1.25,1.32
2014.04.02 18:57:46.320,1.01926,1.01939,1.00,1.32
2014.04.02 18:57:46.522,1.01926,1.01941,1.00,1.47
2014.04.02 18:57:52.721,1.01926,1.01946,1.09,1.57
2014.04.02 18:57:55.692,1.01926,1.01947,3.34,2.14
2014.04.02 18:57:56.350,1.01926,1.01947,3.72,1.77
2014.04.02 18:57:56.710,1.0193,1.01949,1.84,1.00
2014.04.02 18:57:56.930,1.01929,1.01947,2.14,1.00
2014.04.02 18:57:57.658,1.01929,1.01947,1.39,1.00
2014.04.02 18:57:57.759,1.01929,1.01951,3.72,1.19
2014.04.02 18:58:04.614,1.01931,1.01951,1.39,1.19
2014.04.02 18:58:05.633,1.01932,1.0195,1.25,1.19
2014.04.02 18:58:06.179,1.01932,1.01949,1.00,1.19
2014.04.02 18:58:07.332,1.01931,1.01947,1.00,1.19
2014.04.02 18:58:07.484,1.01926,1.01945,1.00,1.29
2014.04.02 18:58:07.534,1.01926,1.01943,1.00,1.29
2014.04.02 18:58:07.585,1.01922,1.01943,2.89,1.29
2014.04.02 18:58:11.172,1.01924,1.01943,1.00,1.29
2014.04.02 18:58:11.223,1.01924,1.01945,1.70,1.29
2014.04.02 18:58:11.525,1.0193,1.01949,1.58,1.19
2014.04.02 18:58:12.702,1.0193,1.0195,1.58,1.29
2014.04.02 18:58:14.908,1.01931,1.0195,1.29,1.29
2014.04.02 18:58:15.210,1.0193,1.01948,1.77,1.19
2014.04.02 18:58:15.953,1.01931,1.0195,1.19,1.37
2014.04.02 18:58:17.150,1.01931,1.01948,1.19,1.33
2014.04.02 18:58:17.352,1.01928,1.01948,1.32,1.37
2014.04.02 18:58:18.161,1.01928,1.01947,1.32,1.34
2014.04.02 18:58:18.562,1.01925,1.01946,1.77,1.19
2014.04.02 18:58:20.527,1.01927,1.01947,1.39,1.19
2014.04.02 18:58:22.733,1.01927,1.01948,1.39,1.29
2014.04.02 18:58:23.250,1.01926,1.01943,1.33,1.19
2014.04.02 18:58:23.552,1.01923,1.01938,3.00,1.19
2014.04.02 18:58:23.754,1.0192,1.01936,2.70,1.19
2014.04.02 18:58:23.855,1.01921,1.01936,1.28,1.19
2014.04.02 18:58:24.186,1.01921,1.01938,1.09,1.19
2014.04.02 18:58:25.857,1.0192,1.01938,1.00,1.19
2014.04.02 18:58:26.260,1.01918,1.01937,1.32,1.19
2014.04.02 18:58:26.462,1.01918,1.01935,1.13,1.19
2014.04.02 18:58:28.401,1.01918,1.01931,1.00,1.19
2014.04.02 18:58:28.660,1.01918,1.01934,1.00,1.39
2014.04.02 18:58:29.719,1.01916,1.01934,1.25,1.19
2014.04.02 18:58:29.820,1.01918,1.01935,1.00,1.19
2014.04.02 18:58:30.122,1.01918,1.01932,1.00,1.19
2014.04.02 18:58:31.065,1.01915,1.01932,1.00,1.19
2014.04.02 18:58:35.525,1.01915,1.01934,1.25,1.19
2014.04.02 18:58:38.973,1.01916,1.01935,1.19,1.29
2014.04.02 18:58:43.842,1.01916,1.01938,1.77,1.37
2014.04.02 18:58:45.744,1.01917,1.01938,1.29,1.37
2014.04.02 18:58:50.955,1.01916,1.01936,1.27,1.29
2014.04.02 18:58:51.858,1.01916,1.01935,1.08,1.19
2014.04.02 18:58:52.864,1.01916,1.01933,1.33,1.19
2014.04.02 18:58:53.599,1.01917,1.01933,1.18,1.19
2014.04.02 18:58:54.268,1.01917,1.01934,1.63,1.19
2014.04.02 18:58:55.636,1.01919,1.01939,1.47,1.19
2014.04.02 18:58:56.179,1.01919,1.01939,1.78,1.19
2014.04.02 18:58:59.798,1.01922,1.01939,1.00,1.19
2014.04.02 18:59:00.330,1.01922,1.01942,1.19,1.69
2014.04.02 18:59:00.880,1.01922,1.01942,1.25,1.69
2014.04.02 18:59:02.992,1.01922,1.01939,1.25,1.19
2014.04.02 18:59:09.512,1.01927,1.01939,1.00,1.19
2014.04.02 18:59:09.617,1.01927,1.01944,1.00,1.19
2014.04.02 18:59:10.121,1.01927,1.01945,2.22,1.19
2014.04.02 18:59:10.278,1.01927,1.01947,2.22,1.19
2014.04.02 18:59:12.819,1.01928,1.01948,1.29,1.37
2014.04.02 18:59:13.431,1.01928,1.01946,1.29,1.19
2014.04.02 18:59:13.733,1.01928,1.01944,1.10,1.29
2014.04.02 18:59:17.602,1.01928,1.01944,1.00,4.02
2014.04.02 18:59:17.654,1.01919,1.01938,1.77,1.69
2014.04.02 18:59:18.802,1.01919,1.01939,2.52,1.19
2014.04.02 18:59:19.889,1.0192,1.01939,2.14,1.19
2014.04.02 18:59:19.940,1.01923,1.01942,1.19,1.29
2014.04.02 18:59:20.511,1.01923,1.01941,1.00,1.29
2014.04.02 18:59:21.149,1.01923,1.01942,1.69,1.37
2014.04.02 18:59:21.485,1.01921,1.0194,2.52,1.19
2014.04.02 18:59:22.032,1.01922,1.01943,1.19,1.34
2014.04.02 18:59:23.816,1.01926,1.01943,1.69,1.19
2014.04.02 18:59:26.208,1.01926,1.01942,1.00,1.19
2014.04.02 18:59:26.510,1.01932,1.01944,1.00,1.19
2014.04.02 18:59:26.813,1.01932,1.01939,1.00,1.19
2014.04.02 18:59:26.863,1.01922,1.01939,1.00,1.19
2014.04.02 18:59:27.408,1.01921,1.0194,1.69,1.34
2014.04.02 18:59:27.459,1.01923,1.0194,1.50,1.34
2014.04.02 18:59:27.560,1.01921,1.0194,1.69,1.34
2014.04.02 18:59:29.428,1.01922,1.01942,1.69,3.27
2014.04.02 18:59:29.530,1.01922,1.01942,1.69,2.52
2014.04.02 18:59:29.580,1.01923,1.01944,1.54,1.34
2014.04.02 18:59:29.631,1.01926,1.01944,2.25,1.34
2014.04.02 18:59:29.934,1.01932,1.01951,1.00,1.84
2014.04.02 18:59:30.035,1.01932,1.01954,1.69,1.84
2014.04.02 18:59:30.559,1.01932,1.01952,1.19,1.34
2014.04.02 18:59:32.059,1.01932,1.0195,1.50,1.39
2014.04.02 18:59:32.459,1.01929,1.01948,1.39,1.19
2014.04.02 18:59:39.750,1.01929,1.01949,1.37,1.10
2014.04.02 18:59:39.801,1.01935,1.01949,1.00,1.00
2014.04.02 18:59:39.851,1.01935,1.01955,1.13,4.35
2014.04.02 18:59:39.902,1.01938,1.01958,1.00,3.60
2014.04.02 18:59:40.205,1.01943,1.01961,2.70,1.79
2014.04.02 18:59:40.256,1.01944,1.01964,1.65,1.57
2014.04.02 18:59:40.306,1.01944,1.01958,1.65,1.00
2014.04.02 18:59:40.559,1.0194,1.01958,1.27,1.00
2014.04.02 18:59:40.810,1.0194,1.01963,1.19,1.84
2014.04.02 18:59:40.911,1.0194,1.01963,1.34,1.84
2014.04.02 18:59:40.962,1.01942,1.01963,1.29,2.59
2014.04.02 18:59:41.164,1.01942,1.01963,1.34,1.00
2014.04.02 18:59:41.365,1.01945,1.01963,2.52,1.00
2014.04.02 18:59:41.416,1.01945,1.01967,2.52,1.37
2014.04.02 18:59:41.567,1.01947,1.01968,1.19,1.40
2014.04.02 18:59:41.668,1.01947,1.01968,1.37,1.09
2014.04.02 18:59:41.819,1.0195,1.01969,1.19,1.34
2014.04.02 18:59:42.915,1.01949,1.01968,1.19,1.84
2014.04.02 18:59:45.136,1.01949,1.01971,1.37,1.69
2014.04.02 18:59:45.388,1.01949,1.01971,5.52,1.19
2014.04.02 18:59:46.155,1.01949,1.01968,2.33,1.69
2014.04.02 18:59:46.256,1.01947,1.01967,6.94,1.19
2014.04.02 18:59:46.559,1.01947,1.01965,5.25,1.19
2014.04.02 18:59:46.710,1.01948,1.01965,1.50,1.19
2014.04.02 18:59:47.257,1.01948,1.01965,1.58,1.19
2014.04.02 18:59:47.384,1.01948,1.01965,3.75,1.19
2014.04.02 18:59:47.435,1.01948,1.01967,2.33,1.19
2014.04.02 18:59:47.486,1.01947,1.01967,2.59,1.19
2014.04.02 18:59:47.536,1.01947,1.01965,2.59,1.19
2014.04.02 18:59:47.839,1.01947,1.01963,1.00,1.19
2014.04.02 18:59:47.889,1.01945,1.01963,1.00,1.69
2014.04.02 18:59:48.487,1.01945,1.01963,1.39,1.19
2014.04.02 18:59:48.743,1.01942,1.01961,5.44,1.25
2014.04.02 18:59:48.794,1.01942,1.01957,3.27,1.00
2014.04.02 18:59:48.895,1.0194,1.01958,1.29,1.00
2014.04.02 18:59:48.996,1.01936,1.01956,1.84,1.00
2014.04.02 18:59:49.147,1.01937,1.01956,2.52,1.69
2014.04.02 18:59:49.298,1.01939,1.01959,1.37,2.44
2014.04.02 18:59:50.600,1.01937,1.01958,2.52,1.19
2014.04.02 18:59:50.701,1.01936,1.01958,1.34,1.19
2014.04.02 18:59:53.105,1.01936,1.01958,1.34,2.44
2014.04.02 18:59:53.156,1.01936,1.01955,1.34,1.19
2014.04.02 18:59:54.226,1.01936,1.01955,1.34,1.19
2014.04.02 18:59:54.673,1.01937,1.01955,2.52,1.19
2014.04.02 18:59:54.925,1.01936,1.01953,1.29,1.00
2014.04.02 18:59:55.495,1.01935,1.01953,1.47,1.19
2014.04.02 18:59:56.123,1.01936,1.01953,1.29,1.00
2014.04.02 18:59:57.493,1.01934,1.01953,1.72,1.25
2014.04.02 18:59:58.354,1.01937,1.01953,1.19,1.00
2014.04.02 18:59:58.894,1.01937,1.01956,2.22,1.19
2014.04.02 18:59:59.713,1.01939,1.01958,1.19,1.69
