2015.09.28 11:00:00.047,0.93519,0.93546,1.75,1.75
2015.09.28 11:00:00.198,0.93519,0.93546,1.75,1.75
2015.09.28 11:00:00.249,0.93519,0.93546,1.75,1.75
2015.09.28 11:00:01.314,0.93524,0.93545,1.00,1.75
2015.09.28 11:00:05.353,0.93524,0.93548,1.12,2.25
2015.09.28 11:00:05.505,0.93529,0.93549,1.00,1.00
2015.09.28 11:00:06.518,0.93529,0.93548,1.00,1.00
2015.09.28 11:00:06.754,0.93528,0.93548,1.50,1.37
2015.09.28 11:00:07.460,0.93528,0.9355,1.12,1.75
2015.09.28 11:00:08.027,0.93534,0.93551,1.00,1.75
2015.09.28 11:00:08.077,0.93534,0.93551,1.00,1.75
2015.09.28 11:00:09.068,0.93529,0.93551,1.50,1.75
2015.09.28 11:00:14.325,0.93523,0.9355,2.25,1.75
2015.09.28 11:00:15.325,0.93524,0.93551,1.75,1.75
2015.09.28 11:00:15.924,0.93528,0.93548,1.00,1.75
2015.09.28 11:00:16.443,0.93529,0.9355,1.00,1.75
2015.09.28 11:00:17.633,0.93517,0.93543,1.50,2.25
2015.09.28 11:00:17.735,0.93513,0.93541,1.75,3.00
2015.09.28 11:00:27.792,0.93515,0.93535,1.00,1.00
2015.09.28 11:00:40.937,0.93518,0.93535,1.00,1.00
2015.09.28 11:00:41.782,0.93519,0.93546,1.75,1.75
2015.09.28 11:00:41.933,0.93519,0.93546,2.25,1.75
2015.09.28 11:00:41.984,0.93519,0.93546,2.25,1.75
2015.09.28 11:00:45.514,0.93529,0.93546,1.00,1.00
2015.09.28 11:00:46.107,0.93526,0.93546,1.00,1.00
2015.09.28 11:00:46.208,0.93524,0.93547,1.37,1.75
2015.09.28 11:00:46.818,0.93524,0.93547,1.50,1.75
2015.09.28 11:00:46.869,0.93526,0.93546,1.00,1.00
2015.09.28 11:00:47.447,0.93527,0.93547,1.00,1.00
2015.09.28 11:00:48.438,0.93524,0.93547,1.75,1.50
2015.09.28 11:00:48.488,0.93525,0.93545,1.00,1.00
2015.09.28 11:00:50.011,0.93524,0.93547,1.75,1.37
2015.09.28 11:00:50.112,0.93524,0.93551,2.25,1.75
2015.09.28 11:00:51.121,0.93525,0.93553,2.25,1.50
2015.09.28 11:00:51.173,0.93533,0.93553,1.00,1.00
2015.09.28 11:01:04.689,0.93531,0.93551,1.00,1.00
2015.09.28 11:01:06.712,0.93529,0.93556,2.25,1.75
2015.09.28 11:01:15.155,0.93529,0.93556,1.75,1.75
2015.09.28 11:01:15.558,0.9353,0.93557,1.75,1.75
2015.09.28 11:01:15.659,0.9353,0.93557,1.75,1.75
2015.09.28 11:01:16.792,0.93529,0.93554,1.75,1.50
2015.09.28 11:01:17.095,0.93529,0.9355,1.12,1.75
2015.09.28 11:01:17.686,0.93527,0.93554,1.75,1.75
2015.09.28 11:01:18.203,0.93526,0.93555,3.00,1.75
2015.09.28 11:01:24.125,0.93531,0.93555,1.00,1.75
2015.09.28 11:01:27.711,0.93527,0.93547,1.00,1.00
2015.09.28 11:01:37.528,0.93528,0.93548,1.00,1.00
2015.09.28 11:01:37.884,0.93525,0.93552,1.75,1.75
2015.09.28 11:01:39.457,0.93524,0.93541,1.00,1.00
2015.09.28 11:01:39.510,0.93521,0.93541,1.00,1.00
2015.09.28 11:01:39.712,0.9352,0.93549,1.75,1.75
2015.09.28 11:01:40.216,0.93523,0.93543,1.00,1.00
2015.09.28 11:01:40.836,0.93522,0.93542,1.00,1.00
2015.09.28 11:01:41.216,0.93522,0.9355,1.75,2.25
2015.09.28 11:01:42.114,0.93522,0.93549,1.75,1.75
2015.09.28 11:01:48.013,0.93525,0.93545,1.00,1.00
2015.09.28 11:01:54.487,0.93521,0.9355,1.75,3.00
2015.09.28 11:01:56.165,0.93529,0.93554,1.50,1.75
2015.09.28 11:02:13.584,0.93529,0.93553,1.37,2.25
2015.09.28 11:02:13.635,0.9352,0.93549,1.75,2.25
2015.09.28 11:02:14.060,0.93521,0.93546,1.00,1.75
2015.09.28 11:02:21.085,0.93517,0.93546,1.75,1.75
2015.09.28 11:02:21.599,0.93517,0.93546,3.00,1.75
2015.09.28 11:02:23.817,0.93519,0.93548,1.75,1.75
2015.09.28 11:02:26.254,0.93526,0.93546,1.00,1.00
2015.09.28 11:02:26.679,0.93522,0.93549,1.75,1.75
2015.09.28 11:02:27.206,0.93522,0.9355,1.75,1.75
2015.09.28 11:02:33.496,0.93522,0.93549,1.50,1.75
2015.09.28 11:02:33.546,0.93522,0.93542,1.50,1.00
2015.09.28 11:02:33.798,0.93524,0.93543,1.00,1.00
2015.09.28 11:02:34.839,0.93526,0.93552,1.37,3.75
2015.09.28 11:02:44.637,0.93525,0.93552,1.12,3.00
2015.09.28 11:02:45.485,0.93526,0.93552,1.00,2.25
2015.09.28 11:02:51.046,0.93526,0.93553,1.75,1.75
2015.09.28 11:02:51.768,0.93526,0.93545,1.00,1.00
2015.09.28 11:02:52.545,0.93525,0.93545,1.00,1.00
2015.09.28 11:02:57.646,0.9352,0.93549,1.75,1.75
2015.09.28 11:02:57.848,0.93516,0.93546,1.75,1.75
2015.09.28 11:02:57.899,0.93521,0.93541,1.00,1.00
2015.09.28 11:03:07.283,0.93519,0.93546,1.75,1.75
2015.09.28 11:03:09.974,0.93518,0.93541,1.75,1.00
2015.09.28 11:03:11.203,0.9352,0.93549,1.75,1.75
2015.09.28 11:03:13.099,0.93522,0.93551,1.75,1.75
2015.09.28 11:03:19.084,0.9352,0.93545,2.25,1.50
2015.09.28 11:03:19.135,0.93517,0.93545,1.75,1.75
2015.09.28 11:03:19.815,0.93522,0.93542,1.00,1.00
2015.09.28 11:03:21.312,0.93517,0.93545,1.75,1.75
2015.09.28 11:03:22.207,0.93516,0.93543,1.75,1.75
2015.09.28 11:03:23.706,0.93519,0.93546,1.75,1.75
2015.09.28 11:03:24.212,0.93519,0.93546,2.25,1.75
2015.09.28 11:03:26.831,0.93523,0.93546,1.00,2.25
2015.09.28 11:03:28.075,0.93518,0.93545,1.75,1.75
2015.09.28 11:03:34.828,0.93522,0.93542,1.00,1.00
2015.09.28 11:03:36.447,0.93523,0.93543,1.00,1.00
2015.09.28 11:03:37.121,0.93523,0.93548,1.00,2.25
2015.09.28 11:03:37.936,0.93521,0.93548,1.75,1.75
2015.09.28 11:03:38.240,0.93523,0.93552,1.75,1.75
2015.09.28 11:03:41.162,0.93524,0.93553,1.75,1.75
2015.09.28 11:03:41.465,0.93525,0.93555,1.75,3.00
2015.09.28 11:03:42.240,0.93526,0.93551,1.00,1.75
2015.09.28 11:03:42.758,0.93525,0.93545,1.00,1.00
2015.09.28 11:03:50.151,0.93523,0.93549,1.50,2.25
2015.09.28 11:03:50.680,0.93523,0.93549,1.12,2.25
2015.09.28 11:03:53.207,0.93517,0.93545,1.75,1.75
2015.09.28 11:03:53.560,0.93519,0.93546,1.75,1.75
2015.09.28 11:03:54.066,0.93519,0.93546,1.75,1.75
2015.09.28 11:03:56.163,0.93518,0.93547,3.00,1.75
2015.09.28 11:03:56.370,0.93525,0.93545,1.00,1.00
2015.09.28 11:03:59.451,0.93523,0.93543,1.00,1.00
2015.09.28 11:04:02.811,0.93521,0.93541,1.00,1.00
2015.09.28 11:04:06.251,0.93521,0.93539,1.00,1.00
2015.09.28 11:04:06.577,0.93514,0.93537,1.00,4.50
2015.09.28 11:04:06.829,0.93514,0.93532,1.00,1.00
2015.09.28 11:04:11.435,0.93516,0.93536,1.00,1.00
2015.09.28 11:04:11.537,0.93515,0.93542,1.75,1.75
2015.09.28 11:04:13.840,0.93519,0.93544,1.00,2.25
2015.09.28 11:04:13.942,0.93524,0.93544,1.00,1.00
2015.09.28 11:04:14.144,0.93524,0.93552,1.50,2.25
2015.09.28 11:04:14.653,0.93522,0.93552,1.75,1.75
2015.09.28 11:04:15.294,0.93529,0.93549,1.00,1.00
2015.09.28 11:04:26.732,0.93527,0.93554,1.50,1.75
2015.09.28 11:04:29.652,0.93524,0.93553,2.25,3.00
2015.09.28 11:04:30.280,0.93529,0.93553,1.00,3.00
2015.09.28 11:04:31.816,0.93524,0.93552,1.75,1.75
2015.09.28 11:04:32.845,0.93524,0.93553,2.25,1.75
2015.09.28 11:04:37.954,0.93528,0.93551,1.75,1.75
2015.09.28 11:04:38.475,0.93532,0.93552,1.00,1.50
2015.09.28 11:04:38.627,0.93534,0.93554,1.00,1.75
2015.09.28 11:04:40.482,0.93534,0.93555,1.12,1.75
2015.09.28 11:04:41.014,0.93534,0.93553,1.00,1.50
2015.09.28 11:04:42.215,0.93534,0.93552,1.00,1.00
2015.09.28 11:04:44.594,0.93534,0.93554,1.50,1.50
2015.09.28 11:04:44.996,0.93528,0.93552,1.75,1.37
2015.09.28 11:04:46.296,0.93528,0.93553,1.75,1.75
2015.09.28 11:04:46.851,0.93528,0.93551,1.75,1.75
2015.09.28 11:04:47.621,0.93524,0.93552,1.75,1.75
2015.09.28 11:05:02.334,0.93524,0.9355,1.75,1.75
2015.09.28 11:05:05.315,0.93529,0.93549,1.00,1.50
2015.09.28 11:05:11.377,0.93524,0.93549,1.75,1.50
2015.09.28 11:05:17.808,0.93529,0.93549,1.00,1.00
2015.09.28 11:05:21.764,0.93523,0.9355,2.25,1.12
2015.09.28 11:05:22.194,0.93524,0.93551,3.00,1.50
2015.09.28 11:05:25.255,0.93529,0.93552,1.75,1.50
2015.09.28 11:05:26.034,0.93532,0.93552,1.00,1.50
2015.09.28 11:05:26.337,0.93524,0.93547,1.75,1.75
2015.09.28 11:05:27.443,0.93524,0.93544,1.00,1.50
2015.09.28 11:05:28.064,0.93524,0.93543,1.00,1.00
2015.09.28 11:05:29.027,0.93524,0.93544,1.00,1.00
2015.09.28 11:05:31.866,0.9352,0.93547,1.75,1.75
2015.09.28 11:05:31.967,0.93526,0.93546,1.00,1.00
2015.09.28 11:05:32.735,0.93519,0.93547,3.75,1.75
2015.09.28 11:05:33.247,0.93519,0.93546,3.00,1.50
2015.09.28 11:05:39.236,0.93519,0.93546,1.75,1.75
2015.09.28 11:05:40.928,0.93519,0.93545,2.25,1.12
2015.09.28 11:05:43.904,0.93519,0.93546,1.75,1.50
2015.09.28 11:05:44.492,0.93518,0.93546,3.00,1.50
2015.09.28 11:05:46.721,0.9352,0.93547,3.00,1.50
2015.09.28 11:05:59.186,0.93527,0.93546,1.00,1.00
2015.09.28 11:05:59.658,0.93517,0.93543,2.25,1.50
2015.09.28 11:06:04.157,0.93519,0.93543,1.75,1.00
2015.09.28 11:06:05.879,0.9352,0.93546,2.25,1.50
2015.09.28 11:06:05.931,0.9352,0.93548,2.25,1.75
2015.09.28 11:06:11.182,0.93519,0.93546,3.75,1.12
2015.09.28 11:06:11.694,0.93526,0.93546,1.00,1.00
2015.09.28 11:06:12.439,0.93526,0.93545,1.00,1.00
2015.09.28 11:06:12.491,0.93521,0.93546,2.25,1.50
2015.09.28 11:06:13.058,0.93521,0.93545,2.25,1.00
2015.09.28 11:06:13.569,0.93521,0.93546,2.25,1.12
2015.09.28 11:06:14.056,0.93519,0.93545,3.00,1.00
2015.09.28 11:06:14.994,0.93519,0.93547,2.25,1.50
2015.09.28 11:06:16.690,0.93519,0.93545,2.25,1.00
2015.09.28 11:06:17.465,0.9352,0.93545,3.75,1.12
2015.09.28 11:06:17.685,0.93525,0.93545,1.00,1.50
2015.09.28 11:06:18.300,0.93525,0.93544,1.00,1.00
2015.09.28 11:06:19.889,0.93525,0.93545,1.00,1.50
2015.09.28 11:06:20.455,0.93525,0.93544,1.00,1.00
2015.09.28 11:06:21.059,0.93519,0.93545,3.75,1.00
2015.09.28 11:06:21.627,0.93519,0.93546,3.75,1.12
2015.09.28 11:06:22.164,0.93519,0.93545,2.25,1.00
2015.09.28 11:06:22.668,0.9352,0.93547,3.75,1.75
2015.09.28 11:06:23.921,0.93521,0.93548,3.00,1.75
2015.09.28 11:06:34.793,0.93522,0.93547,3.75,1.00
2015.09.28 11:06:35.941,0.93524,0.9355,2.25,1.75
2015.09.28 11:06:36.534,0.93524,0.9355,2.25,1.37
2015.09.28 11:06:37.212,0.93523,0.93548,2.25,1.00
2015.09.28 11:06:37.734,0.93523,0.9355,2.25,1.37
2015.09.28 11:06:40.837,0.9353,0.9355,1.00,1.50
2015.09.28 11:06:42.210,0.93523,0.9355,3.75,1.50
2015.09.28 11:06:49.249,0.93524,0.93548,2.25,1.00
2015.09.28 11:06:49.880,0.93524,0.93549,2.25,1.12
2015.09.28 11:06:50.668,0.93524,0.93548,2.25,1.00
2015.09.28 11:06:50.781,0.93526,0.93551,2.25,1.50
2015.09.28 11:06:51.084,0.93525,0.93549,3.75,1.00
2015.09.28 11:06:52.361,0.93525,0.9355,3.75,1.12
2015.09.28 11:06:52.889,0.93525,0.93549,3.75,1.00
2015.09.28 11:06:55.083,0.93525,0.93552,3.75,1.75
2015.09.28 11:06:55.597,0.93531,0.93551,1.00,1.50
2015.09.28 11:06:56.106,0.93525,0.93552,3.00,1.50
2015.09.28 11:06:56.654,0.93526,0.93554,2.25,1.75
2015.09.28 11:07:00.136,0.93525,0.93554,3.00,1.75
2015.09.28 11:07:00.680,0.93525,0.93552,1.75,1.75
2015.09.28 11:07:02.055,0.93533,0.93552,1.00,1.00
2015.09.28 11:07:02.570,0.93533,0.93553,1.00,1.50
2015.09.28 11:07:03.071,0.93527,0.93555,3.75,1.75
2015.09.28 11:07:06.737,0.93527,0.93554,1.75,1.50
2015.09.28 11:07:14.843,0.93527,0.93555,2.25,1.75
2015.09.28 11:07:14.944,0.93534,0.93554,1.00,1.00
2015.09.28 11:07:15.052,0.93534,0.93552,1.00,1.00
2015.09.28 11:07:15.506,0.93534,0.9355,1.00,1.00
2015.09.28 11:07:15.557,0.93526,0.9355,2.25,1.12
2015.09.28 11:07:16.078,0.93533,0.9355,1.00,1.00
2015.09.28 11:07:16.129,0.93533,0.93552,1.00,1.00
2015.09.28 11:07:16.709,0.93533,0.93547,1.00,1.00
2015.09.28 11:07:16.861,0.93524,0.93544,1.00,1.00
2015.09.28 11:07:18.125,0.93523,0.93548,1.75,1.35
2015.09.28 11:07:18.781,0.93524,0.93552,2.25,1.75
2015.09.28 11:07:19.083,0.93526,0.93554,2.25,1.75
2015.09.28 11:07:19.640,0.93526,0.93554,2.25,1.75
2015.09.28 11:07:19.691,0.93525,0.93552,1.75,1.75
2015.09.28 11:07:23.104,0.93525,0.93551,2.25,1.00
2015.09.28 11:07:27.152,0.93526,0.93553,2.25,1.75
2015.09.28 11:07:27.202,0.93523,0.93553,3.00,1.75
2015.09.28 11:07:27.505,0.93531,0.93551,1.00,1.00
2015.09.28 11:07:27.605,0.93526,0.93553,2.25,1.50
2015.09.28 11:07:30.137,0.93528,0.93555,2.25,1.50
2015.09.28 11:07:32.744,0.93529,0.93555,3.75,1.37
2015.09.28 11:07:33.046,0.93533,0.9356,1.75,1.75
2015.09.28 11:07:33.349,0.93534,0.93556,2.25,1.00
2015.09.28 11:07:33.400,0.93532,0.93557,2.25,1.12
2015.09.28 11:07:37.783,0.93532,0.93559,1.75,1.75
2015.09.28 11:07:47.758,0.93529,0.93554,1.75,1.12
2015.09.28 11:07:56.537,0.93534,0.93554,1.00,1.00
2015.09.28 11:08:00.635,0.93528,0.93555,2.25,1.50
2015.09.28 11:08:03.371,0.93528,0.93555,3.00,1.35
2015.09.28 11:08:03.422,0.93528,0.93555,1.75,1.35
2015.09.28 11:08:05.442,0.93524,0.93551,3.75,1.75
2015.09.28 11:08:05.795,0.93521,0.9355,1.75,1.75
2015.09.28 11:08:06.304,0.93521,0.93549,2.25,1.50
2015.09.28 11:08:07.376,0.93526,0.93549,2.25,1.00
2015.09.28 11:08:07.427,0.93526,0.93551,2.25,1.12
2015.09.28 11:08:12.772,0.93526,0.9355,1.87,1.37
2015.09.28 11:08:12.831,0.93523,0.9355,1.12,3.00
2015.09.28 11:08:12.983,0.93521,0.9355,1.75,3.00
2015.09.28 11:08:13.034,0.93525,0.93545,1.00,1.00
2015.09.28 11:08:13.287,0.93522,0.93551,1.75,1.75
2015.09.28 11:08:14.335,0.93522,0.93552,1.75,1.75
2015.09.28 11:08:23.243,0.93524,0.93553,1.75,1.75
2015.09.28 11:08:24.191,0.93526,0.93555,1.75,1.75
2015.09.28 11:08:24.242,0.93526,0.93555,3.00,1.75
2015.09.28 11:08:25.663,0.93529,0.93558,1.75,1.75
2015.09.28 11:08:25.764,0.9353,0.93555,2.25,1.12
2015.09.28 11:08:27.071,0.93529,0.93558,1.75,1.75
2015.09.28 11:08:32.654,0.93528,0.93556,3.00,1.50
2015.09.28 11:08:32.761,0.93534,0.93563,3.00,1.75
2015.09.28 11:08:32.812,0.93536,0.93563,1.75,1.50
2015.09.28 11:08:32.963,0.93539,0.93566,1.75,1.75
2015.09.28 11:08:33.535,0.93539,0.93566,1.75,1.75
2015.09.28 11:08:34.946,0.93539,0.93566,3.00,1.50
2015.09.28 11:08:37.611,0.93539,0.93566,1.75,1.50
2015.09.28 11:08:39.286,0.93539,0.93566,1.75,1.50
2015.09.28 11:08:39.828,0.93543,0.93563,1.00,1.00
2015.09.28 11:08:40.211,0.93537,0.93565,1.75,1.75
2015.09.28 11:08:41.405,0.93536,0.93563,1.75,1.75
2015.09.28 11:08:42.984,0.93534,0.9356,3.75,1.37
2015.09.28 11:08:43.135,0.9353,0.93558,2.25,1.50
2015.09.28 11:08:44.893,0.9353,0.93557,1.75,1.37
2015.09.28 11:08:45.624,0.93529,0.93557,1.75,1.75
2015.09.28 11:08:45.675,0.93528,0.93556,1.75,1.75
2015.09.28 11:08:46.686,0.93527,0.93554,1.75,1.50
2015.09.28 11:08:49.541,0.93528,0.93555,3.00,1.50
2015.09.28 11:08:50.324,0.93529,0.93557,3.00,1.75
2015.09.28 11:08:51.404,0.93532,0.93558,2.25,1.75
2015.09.28 11:08:51.932,0.93532,0.93558,2.25,1.50
2015.09.28 11:08:52.083,0.93541,0.93561,1.00,1.00
2015.09.28 11:08:52.134,0.93533,0.93562,4.50,1.75
2015.09.28 11:08:53.170,0.93533,0.93562,3.00,1.75
2015.09.28 11:08:55.363,0.93538,0.93568,1.75,3.00
2015.09.28 11:09:01.609,0.93537,0.93566,3.00,1.75
2015.09.28 11:09:01.660,0.93544,0.93564,1.00,1.00
2015.09.28 11:09:11.331,0.93544,0.93563,1.00,1.00
2015.09.28 11:09:12.012,0.93544,0.93564,1.00,1.00
2015.09.28 11:09:17.155,0.9354,0.93567,2.25,1.75
2015.09.28 11:09:17.256,0.93542,0.93568,1.35,1.37
2015.09.28 11:09:17.307,0.93549,0.93569,1.00,1.50
2015.09.28 11:09:17.661,0.93544,0.93569,1.75,1.75
2015.09.28 11:09:17.963,0.93544,0.93567,1.75,1.75
2015.09.28 11:09:18.801,0.93543,0.93569,1.75,1.37
2015.09.28 11:09:18.902,0.93543,0.93569,1.75,1.12
2015.09.28 11:09:20.171,0.93543,0.93568,1.75,1.00
2015.09.28 11:09:21.786,0.93543,0.93569,1.75,1.12
2015.09.28 11:09:23.103,0.93544,0.93568,1.75,1.00
2015.09.28 11:09:23.613,0.93547,0.93574,1.75,1.75
2015.09.28 11:09:24.442,0.93547,0.93574,1.75,1.75
2015.09.28 11:09:24.493,0.93552,0.93572,1.00,1.00
2015.09.28 11:09:25.837,0.93546,0.93575,3.00,1.50
2015.09.28 11:09:25.888,0.93547,0.93575,2.25,1.50
2015.09.28 11:09:27.319,0.93549,0.93576,1.75,1.75
2015.09.28 11:09:27.820,0.93552,0.93572,1.00,1.00
2015.09.28 11:09:32.335,0.93548,0.93575,1.75,1.75
2015.09.28 11:09:37.845,0.93547,0.93576,1.75,1.75
2015.09.28 11:09:42.621,0.93552,0.93571,1.00,1.00
2015.09.28 11:09:43.157,0.93551,0.93571,1.50,1.00
2015.09.28 11:09:46.529,0.9355,0.93571,1.75,1.00
2015.09.28 11:09:55.961,0.93552,0.93573,1.37,1.00
2015.09.28 11:09:57.115,0.93554,0.93573,1.00,1.00
2015.09.28 11:10:01.081,0.93553,0.9358,1.12,1.75
2015.09.28 11:10:01.182,0.93553,0.93579,1.00,2.25
2015.09.28 11:10:02.006,0.93555,0.93581,1.12,2.25
2015.09.28 11:10:02.108,0.93557,0.93577,1.00,1.00
2015.09.28 11:10:02.158,0.93554,0.93582,1.75,2.25
2015.09.28 11:10:02.209,0.93554,0.93582,1.50,2.25
2015.09.28 11:10:02.612,0.93557,0.93582,1.00,2.25
2015.09.28 11:10:02.713,0.93557,0.93584,1.12,3.00
2015.09.28 11:10:06.788,0.93556,0.93583,1.12,3.00
2015.09.28 11:10:07.323,0.93554,0.93583,1.50,3.00
2015.09.28 11:10:09.394,0.93554,0.93583,1.50,3.00
2015.09.28 11:10:09.999,0.93557,0.93584,1.50,2.25
2015.09.28 11:10:15.551,0.93558,0.93585,1.37,3.75
2015.09.28 11:10:15.602,0.93559,0.93587,1.50,3.00
2015.09.28 11:10:15.805,0.9356,0.93581,1.37,1.00
2015.09.28 11:10:17.381,0.9356,0.93583,1.75,1.00
2015.09.28 11:10:25.915,0.93558,0.93585,1.37,3.00
2015.09.28 11:10:28.163,0.93553,0.9358,1.50,2.25
2015.09.28 11:10:28.315,0.93548,0.93578,1.75,3.00
2015.09.28 11:10:28.833,0.9355,0.93577,1.75,1.75
2015.09.28 11:10:29.555,0.93552,0.93579,1.50,1.75
2015.09.28 11:10:30.742,0.93552,0.93579,1.75,1.75
2015.09.28 11:10:46.765,0.93549,0.93578,3.00,1.75
2015.09.28 11:10:57.635,0.93551,0.9358,1.75,1.75
2015.09.28 11:10:57.686,0.93551,0.9358,1.75,1.75
2015.09.28 11:11:04.896,0.93554,0.93581,1.75,1.75
2015.09.28 11:11:04.997,0.93555,0.93582,1.75,1.75
2015.09.28 11:11:15.902,0.93556,0.93582,2.25,1.37
2015.09.28 11:11:15.955,0.93563,0.93583,1.00,1.00
2015.09.28 11:11:20.361,0.93557,0.93586,1.75,1.75
2015.09.28 11:11:21.767,0.93563,0.93583,1.00,1.00
2015.09.28 11:11:22.781,0.93559,0.93588,2.25,1.75
2015.09.28 11:11:22.831,0.9356,0.93588,2.25,1.75
2015.09.28 11:11:40.422,0.93564,0.93584,1.00,1.00
2015.09.28 11:11:44.093,0.93562,0.93589,1.75,1.75
2015.09.28 11:11:44.194,0.93567,0.93587,1.00,1.00
2015.09.28 11:11:44.254,0.93562,0.93589,1.75,1.75
2015.09.28 11:11:44.305,0.93565,0.93585,1.00,1.00
2015.09.28 11:11:44.406,0.93562,0.93589,1.75,1.75
2015.09.28 11:11:44.992,0.93562,0.93589,1.75,1.75
2015.09.28 11:12:07.534,0.93562,0.93589,1.75,1.75
2015.09.28 11:12:15.401,0.93561,0.93589,1.75,1.75
2015.09.28 11:12:15.503,0.9356,0.93589,1.75,1.75
2015.09.28 11:12:17.121,0.93559,0.93586,2.25,1.75
2015.09.28 11:12:17.172,0.93557,0.93586,3.00,1.75
2015.09.28 11:12:21.450,0.93551,0.93578,1.75,1.75
2015.09.28 11:12:22.911,0.93549,0.93576,1.75,1.75
2015.09.28 11:12:23.241,0.93548,0.93578,1.75,1.75
2015.09.28 11:12:38.957,0.93547,0.93575,2.25,1.75
2015.09.28 11:12:39.008,0.93546,0.93575,1.75,1.75
2015.09.28 11:12:39.109,0.93547,0.93575,2.25,1.75
2015.09.28 11:12:40.627,0.93551,0.93571,1.00,1.00
2015.09.28 11:12:41.114,0.93546,0.93575,3.00,1.75
2015.09.28 11:12:51.440,0.93551,0.93576,1.00,1.75
2015.09.28 11:12:58.174,0.93549,0.93576,1.75,1.75
2015.09.28 11:13:23.638,0.93558,0.9358,3.37,2.47
2015.09.28 11:13:23.689,0.93565,0.93585,1.00,1.00
2015.09.28 11:13:27.175,0.9356,0.93589,3.00,1.75
2015.09.28 11:13:39.180,0.9356,0.93583,2.25,1.00
2015.09.28 11:13:39.281,0.93557,0.93583,2.25,1.50
2015.09.28 11:13:39.790,0.93563,0.93583,1.00,1.00
2015.09.28 11:13:39.941,0.93563,0.93582,1.00,1.37
2015.09.28 11:13:41.532,0.93556,0.93584,1.75,1.75
2015.09.28 11:13:42.646,0.9356,0.9358,1.00,1.00
2015.09.28 11:13:45.703,0.93554,0.93581,1.75,1.75
2015.09.28 11:13:45.754,0.93558,0.93578,1.00,1.00
2015.09.28 11:13:46.109,0.93556,0.93582,1.75,1.12
2015.09.28 11:13:47.055,0.93558,0.93578,1.00,1.00
2015.09.28 11:13:51.306,0.9356,0.9358,1.00,1.00
2015.09.28 11:13:51.980,0.93559,0.93586,1.75,1.75
2015.09.28 11:13:54.429,0.93559,0.93589,3.00,1.75
2015.09.28 11:13:54.479,0.9356,0.93589,2.25,1.75
2015.09.28 11:13:55.411,0.93566,0.93586,1.00,1.00
2015.09.28 11:13:59.486,0.93559,0.93585,1.75,1.75
2015.09.28 11:13:59.942,0.93558,0.93583,1.75,1.75
2015.09.28 11:13:59.993,0.9356,0.9358,1.00,1.00
2015.09.28 11:14:00.760,0.93558,0.93582,1.75,1.75
2015.09.28 11:14:05.176,0.93555,0.93582,1.75,2.25
2015.09.28 11:14:05.378,0.93557,0.93583,2.25,1.50
2015.09.28 11:14:06.365,0.93558,0.93587,3.00,1.75
2015.09.28 11:14:06.417,0.93559,0.93587,2.25,1.75
2015.09.28 11:14:07.122,0.93561,0.93588,3.00,1.50
2015.09.28 11:14:07.274,0.93564,0.93593,1.75,1.75
2015.09.28 11:14:07.425,0.93566,0.93593,1.75,1.50
2015.09.28 11:14:07.476,0.93568,0.93596,2.25,1.37
2015.09.28 11:14:08.016,0.93568,0.93596,3.75,1.50
2015.09.28 11:14:08.730,0.93569,0.93595,2.25,1.50
2015.09.28 11:14:10.280,0.93569,0.93595,2.25,1.75
2015.09.28 11:14:10.331,0.93565,0.93592,2.25,1.75
2015.09.28 11:14:11.660,0.93563,0.93592,3.00,1.75
2015.09.28 11:14:20.537,0.93562,0.93591,1.75,1.75
2015.09.28 11:14:21.249,0.9357,0.93597,2.25,2.62
2015.09.28 11:14:21.552,0.9357,0.93597,1.75,1.75
2015.09.28 11:14:23.432,0.9357,0.93599,2.25,1.75
2015.09.28 11:14:26.775,0.9357,0.93597,1.75,1.75
2015.09.28 11:14:28.429,0.93571,0.93598,1.75,1.50
2015.09.28 11:14:28.480,0.93571,0.93598,1.75,1.50
2015.09.28 11:14:30.739,0.93572,0.93601,1.75,1.75
2015.09.28 11:14:31.262,0.93573,0.93601,2.25,1.75
2015.09.28 11:14:33.310,0.93574,0.93601,1.75,1.75
2015.09.28 11:14:33.361,0.93574,0.93601,1.75,1.75
2015.09.28 11:14:37.060,0.9358,0.936,1.00,1.00
2015.09.28 11:14:37.231,0.93577,0.93606,1.75,1.75
2015.09.28 11:14:37.382,0.93582,0.93602,1.00,1.00
2015.09.28 11:14:38.532,0.93581,0.93608,1.75,1.75
2015.09.28 11:14:38.583,0.93587,0.93607,1.00,1.00
2015.09.28 11:14:39.250,0.9358,0.93609,3.00,1.75
2015.09.28 11:14:39.301,0.93585,0.93605,1.00,1.00
2015.09.28 11:14:40.071,0.93581,0.93608,1.75,1.75
2015.09.28 11:14:40.122,0.93579,0.93599,1.00,1.00
2015.09.28 11:14:40.173,0.93574,0.93603,1.75,1.75
2015.09.28 11:14:41.647,0.93578,0.93604,1.75,2.25
2015.09.28 11:14:41.698,0.93578,0.93605,1.75,1.75
2015.09.28 11:14:41.799,0.93578,0.93607,3.00,1.75
2015.09.28 11:14:42.305,0.9358,0.93608,1.75,1.75
2015.09.28 11:14:43.153,0.93583,0.9361,1.75,3.00
2015.09.28 11:14:43.204,0.93583,0.9361,1.75,1.75
2015.09.28 11:14:45.935,0.93584,0.93612,2.25,1.75
2015.09.28 11:14:46.746,0.93587,0.93612,2.25,1.37
2015.09.28 11:14:46.797,0.93589,0.93616,1.75,1.75
2015.09.28 11:14:46.898,0.93589,0.93616,3.00,1.75
2015.09.28 11:14:47.304,0.93592,0.93621,3.00,1.75
2015.09.28 11:14:47.807,0.93592,0.93618,2.25,1.50
2015.09.28 11:14:48.382,0.9359,0.93614,1.35,1.75
2015.09.28 11:14:48.893,0.93583,0.9361,2.25,1.75
2015.09.28 11:14:49.841,0.93581,0.93608,3.00,1.75
2015.09.28 11:14:50.441,0.93583,0.93608,2.25,1.12
2015.09.28 11:14:50.849,0.93583,0.93606,2.25,1.00
2015.09.28 11:14:51.069,0.93583,0.93608,2.25,1.12
2015.09.28 11:14:54.084,0.93583,0.93607,2.25,1.00
2015.09.28 11:14:54.437,0.93584,0.9361,2.25,1.37
2015.09.28 11:14:54.488,0.93591,0.93611,1.00,1.50
2015.09.28 11:14:56.021,0.93588,0.93613,2.25,1.75
2015.09.28 11:14:56.323,0.93588,0.93613,2.25,1.00
2015.09.28 11:14:57.238,0.93588,0.93614,2.25,1.50
2015.09.28 11:14:57.700,0.93588,0.93615,1.75,1.75
2015.09.28 11:14:59.741,0.93588,0.93615,1.75,1.50
2015.09.28 11:15:00.192,0.93593,0.93613,1.00,1.00
2015.09.28 11:15:06.919,0.93595,0.93615,1.00,1.00
2015.09.28 11:15:10.368,0.93595,0.93614,1.00,1.00
2015.09.28 11:15:10.969,0.93595,0.93615,1.00,1.50
2015.09.28 11:15:13.716,0.93595,0.93614,1.00,1.00
2015.09.28 11:15:15.953,0.93595,0.93615,1.00,1.50
2015.09.28 11:15:16.857,0.93589,0.93615,2.25,1.50
2015.09.28 11:15:17.477,0.93587,0.93615,2.25,1.75
2015.09.28 11:15:50.537,0.93596,0.93616,1.00,1.00
2015.09.28 11:15:50.588,0.93596,0.93623,1.50,3.00
2015.09.28 11:15:50.638,0.93596,0.93623,1.75,1.75
2015.09.28 11:15:51.041,0.93594,0.93623,1.75,1.75
2015.09.28 11:16:07.172,0.93595,0.93622,1.75,1.75
2015.09.28 11:16:10.657,0.93595,0.93622,1.75,1.75
2015.09.28 11:16:11.972,0.93596,0.93616,1.00,1.00
2015.09.28 11:16:26.423,0.93594,0.93621,1.75,2.25
2015.09.28 11:16:26.726,0.93588,0.93611,1.00,1.75
2015.09.28 11:16:27.223,0.93589,0.93609,1.00,1.00
2015.09.28 11:16:27.917,0.93584,0.93599,1.00,1.00
2015.09.28 11:16:27.968,0.93579,0.93599,1.50,1.00
2015.09.28 11:16:28.197,0.93573,0.93602,1.75,1.75
2015.09.28 11:16:28.704,0.93573,0.936,1.75,1.75
2015.09.28 11:16:30.234,0.93575,0.93602,1.75,1.75
2015.09.28 11:16:42.920,0.93576,0.93604,1.75,2.25
2015.09.28 11:16:43.273,0.93571,0.93598,1.75,1.75
2015.09.28 11:16:44.135,0.93577,0.93597,1.00,1.00
2015.09.28 11:16:54.665,0.9358,0.93606,1.00,3.00
2015.09.28 11:16:54.766,0.93582,0.93602,1.00,1.00
2015.09.28 11:16:55.557,0.93576,0.93606,3.00,1.75
2015.09.28 11:16:55.860,0.93576,0.93605,1.75,1.75
2015.09.28 11:16:57.084,0.93575,0.93603,2.25,1.75
2015.09.28 11:16:57.387,0.93576,0.93605,1.75,1.75
2015.09.28 11:17:02.365,0.93578,0.93603,2.25,1.00
2015.09.28 11:17:02.800,0.93579,0.93608,1.75,1.75
2015.09.28 11:17:02.901,0.93584,0.93604,1.00,1.00
2015.09.28 11:17:03.566,0.9358,0.93607,1.75,1.75
2015.09.28 11:17:04.101,0.93581,0.93608,1.75,1.75
2015.09.28 11:17:13.495,0.93585,0.93613,1.75,2.25
2015.09.28 11:17:14.038,0.93585,0.93615,1.75,4.50
2015.09.28 11:17:20.720,0.93588,0.93615,1.50,1.75
2015.09.28 11:17:20.771,0.9359,0.93611,1.00,1.00
2015.09.28 11:17:20.821,0.93588,0.93615,1.75,1.75
2015.09.28 11:17:20.973,0.93594,0.93615,1.00,1.00
2015.09.28 11:17:21.024,0.93593,0.9362,1.75,1.75
2015.09.28 11:17:21.125,0.93592,0.93621,3.00,1.75
2015.09.28 11:17:21.816,0.93598,0.93619,1.00,1.00
2015.09.28 11:17:24.634,0.93595,0.93625,1.75,1.75
2015.09.28 11:17:24.685,0.93602,0.93621,1.00,1.00
2015.09.28 11:17:24.736,0.93602,0.93626,1.37,1.50
2015.09.28 11:17:24.786,0.93602,0.93626,1.75,1.12
2015.09.28 11:17:25.358,0.93599,0.93625,1.75,1.75
2015.09.28 11:17:25.661,0.93599,0.93625,1.75,1.75
2015.09.28 11:17:34.067,0.93599,0.93625,1.75,1.75
2015.09.28 11:17:35.649,0.93603,0.93623,1.00,1.00
2015.09.28 11:17:37.074,0.93599,0.93623,1.75,1.35
2015.09.28 11:17:37.664,0.93592,0.93619,1.75,1.75
2015.09.28 11:17:38.194,0.93593,0.93623,3.00,1.75
2015.09.28 11:17:38.295,0.93595,0.93625,1.75,1.75
2015.09.28 11:17:39.234,0.936,0.93625,1.87,1.50
2015.09.28 11:17:39.285,0.93605,0.93621,1.00,1.00
2015.09.28 11:17:39.386,0.93605,0.93632,1.75,1.75
2015.09.28 11:17:39.588,0.9361,0.9363,1.00,1.00
2015.09.28 11:17:39.689,0.93602,0.93632,3.00,1.75
2015.09.28 11:17:39.991,0.93602,0.93625,2.25,1.00
2015.09.28 11:17:40.093,0.93603,0.93623,1.00,1.00
2015.09.28 11:17:40.401,0.936,0.9362,1.00,1.00
2015.09.28 11:17:41.549,0.93599,0.93619,1.00,1.00
2015.09.28 11:17:44.217,0.93596,0.93623,1.75,1.75
2015.09.28 11:17:46.474,0.93595,0.93624,1.75,1.75
2015.09.28 11:17:47.361,0.93595,0.93624,1.75,1.75
2015.09.28 11:17:53.362,0.93597,0.93623,2.25,1.37
2015.09.28 11:17:53.413,0.93601,0.93628,1.75,1.75
2015.09.28 11:17:53.514,0.93601,0.93628,1.75,1.75
2015.09.28 11:17:54.431,0.93599,0.93625,2.25,1.75
2015.09.28 11:17:55.721,0.93598,0.93625,1.75,1.50
2015.09.28 11:17:55.772,0.93598,0.93625,1.75,1.50
2015.09.28 11:17:55.924,0.93601,0.93621,1.00,1.00
2015.09.28 11:17:56.463,0.936,0.9362,1.00,1.00
2015.09.28 11:17:57.099,0.93595,0.93622,3.00,1.37
2015.09.28 11:17:57.150,0.93603,0.93622,1.00,1.00
2015.09.28 11:17:57.418,0.93595,0.93622,4.50,1.75
2015.09.28 11:17:57.519,0.93595,0.93622,1.75,1.75
2015.09.28 11:17:57.934,0.93595,0.93622,3.00,1.50
2015.09.28 11:18:00.640,0.93595,0.93622,1.75,1.75
2015.09.28 11:18:17.244,0.93595,0.93625,4.50,1.75
2015.09.28 11:18:17.772,0.93599,0.93625,2.25,1.75
2015.09.28 11:18:18.875,0.93603,0.9363,2.25,1.50
2015.09.28 11:18:18.926,0.9361,0.9363,1.00,1.00
2015.09.28 11:18:18.977,0.93605,0.93631,2.25,1.37
2015.09.28 11:18:19.028,0.93606,0.93632,2.25,1.12
2015.09.28 11:18:19.281,0.93608,0.93634,2.25,1.37
2015.09.28 11:18:19.382,0.93615,0.93635,1.00,1.50
2015.09.28 11:18:26.740,0.93615,0.93636,1.00,2.25
2015.09.28 11:18:28.725,0.93609,0.93636,1.75,2.25
2015.09.28 11:18:30.314,0.9361,0.93636,2.25,1.87
2015.09.28 11:18:30.818,0.93609,0.93636,4.50,2.25
2015.09.28 11:18:30.970,0.93616,0.93636,1.00,2.25
2015.09.28 11:18:32.033,0.9361,0.93635,2.25,1.00
2015.09.28 11:18:46.596,0.93618,0.93636,2.25,1.00
2015.09.28 11:18:46.647,0.93618,0.93644,2.25,1.00
2015.09.28 11:18:47.301,0.93619,0.93644,2.25,1.12
2015.09.28 11:18:48.942,0.93619,0.93643,2.25,1.00
2015.09.28 11:18:49.761,0.93619,0.9364,2.25,1.00
2015.09.28 11:18:49.913,0.93612,0.9364,3.75,1.75
2015.09.28 11:18:50.014,0.93611,0.93638,3.00,1.50
2015.09.28 11:18:50.115,0.93611,0.93637,2.25,1.50
2015.09.28 11:18:50.418,0.93609,0.93636,2.25,1.75
2015.09.28 11:18:50.941,0.93608,0.93632,2.25,1.00
2015.09.28 11:18:51.096,0.9361,0.93636,2.25,1.00
2015.09.28 11:18:51.298,0.93609,0.93634,3.75,1.00
2015.09.28 11:18:52.794,0.9361,0.93637,3.00,1.75
2015.09.28 11:18:58.052,0.93612,0.93639,1.75,1.75
2015.09.28 11:18:58.103,0.93612,0.93639,3.00,1.75
2015.09.28 11:18:59.010,0.93612,0.93639,1.75,1.75
2015.09.28 11:18:59.634,0.93609,0.93636,1.75,1.75
2015.09.28 11:18:59.736,0.93605,0.93632,1.75,1.50
2015.09.28 11:19:00.029,0.93604,0.93631,1.75,1.75
2015.09.28 11:19:00.607,0.93608,0.93631,1.00,2.25
2015.09.28 11:19:06.370,0.936,0.93629,1.75,1.75
2015.09.28 11:19:08.216,0.93604,0.93629,1.00,1.75
2015.09.28 11:19:09.244,0.936,0.93627,1.75,1.75
2015.09.28 11:19:10.107,0.936,0.93629,4.50,1.75
2015.09.28 11:19:10.705,0.936,0.93629,4.50,1.75
2015.09.28 11:19:20.844,0.93601,0.93627,2.25,1.50
2015.09.28 11:19:28.433,0.93603,0.9363,1.75,1.75
2015.09.28 11:19:28.484,0.93609,0.93629,1.00,1.00
2015.09.28 11:19:29.143,0.93603,0.93629,3.00,1.00
2015.09.28 11:19:30.776,0.93601,0.93629,3.00,1.75
2015.09.28 11:19:36.481,0.93605,0.93625,1.00,1.00
2015.09.28 11:19:36.686,0.93599,0.93627,1.75,1.75
2015.09.28 11:19:36.787,0.93604,0.93624,1.00,1.00
2015.09.28 11:19:37.920,0.93595,0.93622,1.75,1.50
2015.09.28 11:19:38.380,0.93595,0.93622,1.75,1.00
2015.09.28 11:19:38.683,0.93597,0.93626,1.75,1.75
2015.09.28 11:19:39.185,0.93597,0.93624,1.50,2.25
2015.09.28 11:19:39.691,0.93594,0.93621,1.75,1.75
2015.09.28 11:19:40.462,0.93593,0.93616,1.75,1.00
2015.09.28 11:19:43.998,0.93593,0.93622,3.00,1.75
2015.09.28 11:19:52.976,0.93594,0.93622,1.75,1.75
2015.09.28 11:19:53.028,0.93593,0.93622,1.75,1.75
2015.09.28 11:19:55.027,0.93594,0.93622,1.75,1.75
2015.09.28 11:19:55.332,0.93589,0.93616,3.00,1.00
2015.09.28 11:19:55.433,0.93589,0.93616,1.75,1.75
2015.09.28 11:19:55.952,0.93591,0.93615,1.00,2.25
2015.09.28 11:19:56.053,0.93587,0.93616,1.75,1.75
2015.09.28 11:19:56.255,0.93588,0.93615,1.75,1.75
2015.09.28 11:19:56.407,0.93589,0.93613,1.00,1.75
2015.09.28 11:19:57.199,0.93581,0.9361,1.75,1.75
2015.09.28 11:19:58.930,0.93593,0.93613,1.00,1.00
2015.09.28 11:19:59.182,0.93592,0.93611,1.00,1.00
2015.09.28 11:19:59.485,0.93587,0.93615,1.75,1.75
2015.09.28 11:20:00.276,0.93585,0.93614,1.75,3.00
2015.09.28 11:20:02.534,0.93589,0.93609,1.00,1.00
2015.09.28 11:20:04.023,0.93588,0.93617,1.75,3.00
2015.09.28 11:20:09.264,0.93587,0.93614,1.75,1.75
2015.09.28 11:20:11.777,0.9359,0.9361,1.00,1.00
2015.09.28 11:20:12.532,0.93585,0.93612,1.75,1.75
2015.09.28 11:20:17.044,0.9359,0.9361,1.00,1.50
2015.09.28 11:20:17.545,0.93583,0.9361,1.75,1.50
2015.09.28 11:20:21.909,0.93587,0.93607,1.00,1.00
2015.09.28 11:20:22.765,0.93589,0.93615,1.37,2.25
2015.09.28 11:20:22.816,0.93589,0.93616,1.75,1.75
2015.09.28 11:20:33.205,0.93587,0.93614,1.75,1.75
2015.09.28 11:20:44.207,0.9359,0.93615,1.00,3.00
2015.09.28 11:20:49.547,0.93589,0.93609,1.00,1.00
2015.09.28 11:21:05.185,0.93588,0.93616,1.75,3.00
2015.09.28 11:21:05.236,0.93592,0.93612,1.00,1.00
2015.09.28 11:21:06.758,0.93587,0.93617,1.75,1.75
2015.09.28 11:21:07.506,0.9359,0.93619,1.75,1.75
2015.09.28 11:21:07.708,0.93597,0.93617,1.00,1.00
2015.09.28 11:21:07.760,0.93593,0.93622,1.75,1.75
2015.09.28 11:21:07.811,0.936,0.9362,1.00,1.00
2015.09.28 11:21:26.818,0.93597,0.93624,1.75,1.75
2015.09.28 11:21:27.368,0.93597,0.93624,1.50,1.75
2015.09.28 11:21:37.469,0.93595,0.93625,1.75,1.75
2015.09.28 11:21:39.045,0.93601,0.93621,1.00,1.00
2015.09.28 11:21:39.670,0.93597,0.93624,1.75,1.75
2015.09.28 11:21:46.999,0.93597,0.93624,1.75,1.75
2015.09.28 11:21:52.644,0.93604,0.93629,1.00,2.25
2015.09.28 11:21:52.983,0.93603,0.9363,1.75,1.75
2015.09.28 11:21:53.484,0.93603,0.9363,1.75,1.75
2015.09.28 11:21:54.191,0.93599,0.93626,1.75,1.75
2015.09.28 11:21:54.292,0.936,0.9362,1.00,1.00
2015.09.28 11:21:57.449,0.93596,0.9362,1.75,1.00
2015.09.28 11:21:58.688,0.93604,0.93631,2.25,1.75
2015.09.28 11:22:12.227,0.93605,0.93631,4.35,1.50
2015.09.28 11:22:12.530,0.93609,0.93629,1.00,1.00
2015.09.28 11:22:17.494,0.93603,0.93632,3.00,1.75
2015.09.28 11:22:17.697,0.93606,0.93633,1.75,1.75
2015.09.28 11:22:18.380,0.93606,0.93633,1.75,1.75
2015.09.28 11:22:19.103,0.93604,0.93632,1.75,1.50
2015.09.28 11:22:19.205,0.93601,0.9363,4.50,1.50
2015.09.28 11:22:19.720,0.93607,0.93627,1.00,1.00
2015.09.28 11:22:20.730,0.93605,0.93634,1.75,1.75
2015.09.28 11:22:21.033,0.93607,0.93634,1.75,1.75
2015.09.28 11:22:21.336,0.93607,0.93634,3.00,1.75
2015.09.28 11:22:22.911,0.93607,0.93634,1.75,1.75
2015.09.28 11:22:24.329,0.93607,0.93634,1.75,1.75
2015.09.28 11:22:46.816,0.93606,0.93633,3.00,1.37
2015.09.28 11:23:03.132,0.93605,0.93632,1.75,1.75
2015.09.28 11:23:03.444,0.93599,0.9362,2.25,1.00
2015.09.28 11:23:03.646,0.93592,0.93619,1.75,1.75
2015.09.28 11:23:04.638,0.93589,0.93617,1.75,1.75
2015.09.28 11:23:08.827,0.93594,0.93617,1.00,1.75
2015.09.28 11:23:22.124,0.93587,0.93614,1.75,1.75
2015.09.28 11:23:22.225,0.93589,0.93609,1.00,1.00
2015.09.28 11:23:22.377,0.93584,0.93611,2.25,1.75
2015.09.28 11:23:24.309,0.93591,0.9361,1.00,1.00
2015.09.28 11:23:24.899,0.93585,0.93612,3.00,1.00
2015.09.28 11:23:25.415,0.93589,0.93614,1.75,1.50
2015.09.28 11:23:25.718,0.93584,0.93604,1.00,1.00
2015.09.28 11:23:26.261,0.93579,0.93607,2.25,1.75
2015.09.28 11:23:27.411,0.93579,0.93606,1.75,1.12
2015.09.28 11:23:28.155,0.93579,0.93605,1.75,1.00
2015.09.28 11:23:31.594,0.93578,0.93608,2.25,1.75
2015.09.28 11:23:31.973,0.93587,0.93612,1.00,2.25
2015.09.28 11:23:32.024,0.93587,0.93614,1.00,1.75
2015.09.28 11:23:32.125,0.93586,0.93614,1.50,1.75
2015.09.28 11:23:32.226,0.93588,0.93614,1.00,1.00
2015.09.28 11:23:33.677,0.93588,0.93615,1.50,1.50
2015.09.28 11:23:36.236,0.93588,0.93614,1.00,1.00
2015.09.28 11:23:37.084,0.93588,0.93615,1.00,1.50
2015.09.28 11:23:37.592,0.93586,0.93615,1.75,1.37
2015.09.28 11:23:37.896,0.93593,0.9362,1.75,1.75
2015.09.28 11:23:39.643,0.93591,0.9362,2.25,1.75
2015.09.28 11:23:40.436,0.93594,0.93619,1.75,1.12
2015.09.28 11:23:45.274,0.93593,0.93619,3.75,1.37
2015.09.28 11:23:45.844,0.93597,0.93624,1.75,1.75
2015.09.28 11:23:47.978,0.93599,0.93628,3.00,1.75
2015.09.28 11:23:50.166,0.93602,0.93628,1.00,1.00
2015.09.28 11:23:50.902,0.93602,0.93626,1.00,1.00
2015.09.28 11:23:51.543,0.936,0.93627,1.00,1.12
2015.09.28 11:23:54.312,0.93599,0.93626,1.12,1.00
2015.09.28 11:24:02.118,0.93599,0.93626,1.37,1.00
2015.09.28 11:24:02.421,0.93599,0.93629,1.75,1.00
2015.09.28 11:24:04.087,0.93601,0.93629,1.75,1.00
2015.09.28 11:24:04.138,0.93604,0.93631,1.50,1.12
2015.09.28 11:24:04.188,0.93604,0.93631,1.75,1.00
2015.09.28 11:24:04.239,0.93604,0.93633,1.75,1.00
2015.09.28 11:24:04.290,0.93604,0.93633,1.75,1.00
2015.09.28 11:24:04.694,0.93608,0.93635,1.75,1.00
2015.09.28 11:24:05.314,0.93609,0.93637,1.75,1.00
2015.09.28 11:24:07.961,0.93609,0.93636,1.75,1.00
2015.09.28 11:24:08.304,0.93603,0.93631,2.25,1.37
2015.09.28 11:24:08.355,0.93603,0.93631,1.75,1.50
2015.09.28 11:24:08.923,0.93598,0.93626,1.37,1.72
2015.09.28 11:24:08.974,0.93594,0.93619,1.75,1.00
2015.09.28 11:24:09.075,0.93593,0.93618,1.37,1.00
2015.09.28 11:24:09.412,0.93596,0.93621,1.12,1.00
2015.09.28 11:24:09.513,0.93596,0.93619,1.00,1.00
2015.09.28 11:24:09.715,0.93593,0.93621,1.75,1.12
2015.09.28 11:24:11.616,0.93593,0.93619,1.75,1.00
2015.09.28 11:24:12.470,0.93598,0.93622,1.37,1.12
2015.09.28 11:24:12.520,0.93598,0.93626,1.75,1.50
2015.09.28 11:24:13.024,0.93597,0.93624,1.75,1.12
2015.09.28 11:24:13.562,0.93598,0.93627,1.50,1.50
2015.09.28 11:24:18.416,0.93598,0.93626,1.75,1.00
2015.09.28 11:24:18.518,0.93595,0.93625,1.75,1.12
2015.09.28 11:24:18.619,0.93595,0.93625,1.75,1.75
2015.09.28 11:24:18.670,0.93599,0.93628,1.00,1.75
2015.09.28 11:24:18.721,0.93599,0.93628,1.12,1.75
2015.09.28 11:24:18.772,0.936,0.93628,1.37,1.37
2015.09.28 11:24:18.823,0.93602,0.93628,1.00,1.00
2015.09.28 11:24:18.880,0.93603,0.93631,1.12,1.37
2015.09.28 11:24:18.981,0.93599,0.93627,1.75,1.00
2015.09.28 11:24:19.880,0.93599,0.93627,2.25,1.00
2015.09.28 11:24:20.492,0.93599,0.93629,1.75,1.12
2015.09.28 11:24:21.001,0.93601,0.93628,1.50,1.00
2015.09.28 11:24:21.738,0.93599,0.93629,1.75,1.12
2015.09.28 11:24:24.045,0.93599,0.93627,1.75,1.00
2015.09.28 11:24:33.692,0.936,0.93629,1.50,1.50
2015.09.28 11:24:40.143,0.93599,0.93629,2.25,1.75
2015.09.28 11:24:44.853,0.936,0.93628,1.00,1.75
2015.09.28 11:24:45.928,0.93601,0.93628,1.00,1.75
2015.09.28 11:24:46.079,0.93601,0.93628,1.50,1.50
2015.09.28 11:24:47.018,0.93603,0.9363,1.00,1.75
2015.09.28 11:24:47.531,0.93601,0.9363,1.50,1.75
2015.09.28 11:24:47.882,0.93604,0.93632,1.00,1.75
2015.09.28 11:24:47.983,0.93604,0.93632,1.12,1.75
2015.09.28 11:24:49.719,0.93601,0.9363,1.50,1.50
2015.09.28 11:24:49.770,0.93601,0.93628,1.50,1.00
2015.09.28 11:24:50.446,0.936,0.93628,1.00,1.50
2015.09.28 11:24:50.999,0.93599,0.93626,1.12,1.00
2015.09.28 11:24:51.549,0.936,0.93628,1.00,1.50
2015.09.28 11:24:52.257,0.93599,0.93629,1.12,1.75
2015.09.28 11:25:01.085,0.936,0.93629,1.00,1.75
2015.09.28 11:25:01.789,0.93603,0.9363,1.00,1.75
2015.09.28 11:25:02.324,0.93602,0.93629,1.37,1.37
2015.09.28 11:25:02.842,0.93604,0.93629,1.00,1.00
2015.09.28 11:25:04.521,0.93604,0.93629,1.00,1.60
2015.09.28 11:25:04.673,0.936,0.93627,1.00,1.35
2015.09.28 11:25:04.724,0.93595,0.93622,1.75,1.00
2015.09.28 11:25:04.976,0.93598,0.93627,1.12,1.75
2015.09.28 11:25:05.078,0.93601,0.93627,1.00,1.00
2015.09.28 11:25:05.668,0.93594,0.93622,1.75,1.00
2015.09.28 11:25:06.270,0.93599,0.93624,1.00,1.00
2015.09.28 11:25:08.380,0.93596,0.93624,1.12,1.75
2015.09.28 11:25:08.602,0.93593,0.9362,1.50,1.12
2015.09.28 11:25:08.704,0.93594,0.9362,1.00,1.75
2015.09.28 11:25:09.286,0.93594,0.9362,1.12,3.00
2015.09.28 11:25:10.093,0.93594,0.93615,1.50,1.75
2015.09.28 11:25:12.117,0.93594,0.93615,1.12,1.75
2015.09.28 11:25:13.891,0.93594,0.93614,1.00,1.75
2015.09.28 11:25:13.942,0.93586,0.93614,3.00,1.75
2015.09.28 11:25:17.631,0.93588,0.93618,1.75,1.75
2015.09.28 11:25:17.832,0.9359,0.93617,1.75,1.50
2015.09.28 11:25:18.102,0.93592,0.93619,1.75,1.75
2015.09.28 11:25:18.153,0.93598,0.93618,1.00,1.00
2015.09.28 11:25:21.658,0.93598,0.93615,1.00,1.00
2015.09.28 11:25:21.860,0.93601,0.93621,1.00,1.00
2015.09.28 11:25:21.911,0.93594,0.93618,3.00,1.12
2015.09.28 11:25:21.962,0.93591,0.93618,3.75,1.50
2015.09.28 11:25:22.113,0.9359,0.93617,3.00,1.75
2015.09.28 11:25:22.164,0.9359,0.93617,1.75,1.75
2015.09.28 11:25:22.682,0.93591,0.9362,1.75,1.75
2015.09.28 11:25:24.404,0.9359,0.93618,1.75,1.75
2015.09.28 11:25:24.455,0.9359,0.93618,1.75,3.00
2015.09.28 11:25:28.273,0.93592,0.93612,1.00,1.00
2015.09.28 11:25:28.375,0.93594,0.93617,1.00,1.75
2015.09.28 11:25:31.091,0.93589,0.93617,1.75,1.75
2015.09.28 11:25:31.293,0.93589,0.93609,1.50,1.00
2015.09.28 11:25:31.664,0.93585,0.93612,1.75,1.75
2015.09.28 11:25:32.234,0.93585,0.93612,1.75,1.75
2015.09.28 11:25:32.285,0.93589,0.93609,1.00,1.00
2015.09.28 11:25:35.127,0.93587,0.93614,1.75,1.75
2015.09.28 11:25:35.521,0.93587,0.93617,1.75,2.10
2015.09.28 11:25:37.038,0.93589,0.93618,1.75,1.37
2015.09.28 11:25:37.089,0.93592,0.93618,1.00,1.00
2015.09.28 11:25:39.632,0.93589,0.93618,1.87,1.37
2015.09.28 11:25:40.161,0.93589,0.93614,1.37,1.00
2015.09.28 11:25:40.212,0.93589,0.93614,1.37,1.00
2015.09.28 11:25:41.030,0.93588,0.93609,1.00,1.12
2015.09.28 11:25:41.131,0.93583,0.93609,1.12,1.50
2015.09.28 11:25:45.434,0.93585,0.93613,1.00,1.75
2015.09.28 11:25:45.535,0.93587,0.93617,1.12,1.75
2015.09.28 11:25:45.586,0.93587,0.93617,2.25,1.37
2015.09.28 11:25:46.106,0.93589,0.93617,1.50,1.00
2015.09.28 11:25:46.853,0.93589,0.93617,2.25,1.50
2015.09.28 11:25:47.822,0.93589,0.93605,1.75,1.00
2015.09.28 11:25:47.873,0.93577,0.93605,1.75,1.37
2015.09.28 11:25:47.974,0.93582,0.9361,1.37,1.50
2015.09.28 11:25:48.025,0.93582,0.9361,1.75,1.50
2015.09.28 11:25:48.329,0.93582,0.93609,1.00,1.00
2015.09.28 11:25:51.632,0.93581,0.93609,1.50,1.00
2015.09.28 11:25:52.159,0.93582,0.93609,1.00,1.00
2015.09.28 11:25:54.469,0.93583,0.93609,1.00,1.00
2015.09.28 11:25:55.140,0.93581,0.93609,1.50,1.00
2015.09.28 11:25:57.575,0.93581,0.93605,1.00,1.00
2015.09.28 11:25:57.627,0.93578,0.93604,1.00,1.00
2015.09.28 11:25:59.971,0.93578,0.93603,1.00,1.75
2015.09.28 11:26:00.274,0.93573,0.93599,1.37,1.12
2015.09.28 11:26:00.891,0.93573,0.93599,1.12,1.50
2015.09.28 11:26:04.968,0.93568,0.93598,2.25,1.37
2015.09.28 11:26:05.019,0.93569,0.93597,1.00,1.00
2015.09.28 11:26:05.538,0.9357,0.93597,1.00,1.50
2015.09.28 11:26:06.439,0.93569,0.93597,1.50,1.50
2015.09.28 11:26:07.128,0.9357,0.93597,1.00,1.00
2015.09.28 11:26:08.638,0.93571,0.93597,1.00,1.00
2015.09.28 11:26:09.183,0.93569,0.93597,1.50,1.50
2015.09.28 11:26:10.562,0.9357,0.93597,1.00,1.50
2015.09.28 11:26:11.420,0.93569,0.93596,1.00,1.00
2015.09.28 11:26:12.649,0.93582,0.93606,1.00,1.97
2015.09.28 11:26:12.700,0.93582,0.93606,1.00,1.00
2015.09.28 11:26:13.205,0.93582,0.93607,1.00,1.00
2015.09.28 11:26:13.306,0.93582,0.93605,1.00,1.00
2015.09.28 11:26:15.942,0.93582,0.93608,1.00,1.00
2015.09.28 11:26:17.159,0.93582,0.93609,1.00,1.00
2015.09.28 11:26:19.213,0.93579,0.93609,2.25,1.12
2015.09.28 11:26:19.315,0.93586,0.93614,1.75,1.00
2015.09.28 11:26:19.902,0.93589,0.93616,1.00,1.00
2015.09.28 11:26:19.957,0.93589,0.93617,2.25,1.00
2015.09.28 11:26:20.435,0.93589,0.93615,1.75,1.00
2015.09.28 11:26:20.497,0.93589,0.93614,1.12,1.12
2015.09.28 11:26:20.547,0.93589,0.93614,1.00,1.50
2015.09.28 11:26:20.598,0.93584,0.93614,2.25,1.50
2015.09.28 11:26:21.185,0.93584,0.9361,1.00,1.50
2015.09.28 11:26:21.437,0.93583,0.9361,1.12,1.00
2015.09.28 11:26:22.541,0.93584,0.9361,1.00,1.00
2015.09.28 11:26:23.123,0.93583,0.93611,1.12,1.12
2015.09.28 11:26:24.066,0.93584,0.93612,1.00,1.50
2015.09.28 11:26:24.761,0.93585,0.93614,1.00,1.75
2015.09.28 11:26:26.101,0.93588,0.93617,1.37,2.10
2015.09.28 11:26:26.152,0.93588,0.93617,1.87,1.75
2015.09.28 11:26:26.253,0.93588,0.93619,1.75,1.75
2015.09.28 11:26:26.354,0.9359,0.93621,1.37,1.75
2015.09.28 11:26:26.556,0.93591,0.9362,2.25,1.75
2015.09.28 11:26:27.259,0.93585,0.93616,1.75,1.37
2015.09.28 11:26:27.462,0.93583,0.9361,1.00,1.50
2015.09.28 11:26:27.514,0.93582,0.93608,1.00,1.00
2015.09.28 11:26:27.818,0.93579,0.93607,2.25,1.50
2015.09.28 11:26:28.417,0.93582,0.9361,1.00,1.75
2015.09.28 11:26:28.927,0.9358,0.93608,1.50,1.75
2015.09.28 11:26:30.127,0.93581,0.93611,1.37,1.75
2015.09.28 11:26:30.178,0.93582,0.9361,1.00,1.00
2015.09.28 11:26:31.626,0.93581,0.93611,1.75,1.50
2015.09.28 11:26:32.164,0.93581,0.93611,1.75,1.12
2015.09.28 11:26:35.213,0.93581,0.93609,1.75,1.00
2015.09.28 11:26:35.263,0.93581,0.93609,1.50,1.00
2015.09.28 11:26:37.187,0.93582,0.9361,1.12,1.12
2015.09.28 11:26:37.765,0.93581,0.93611,1.75,1.37
2015.09.28 11:26:38.488,0.93583,0.93611,1.75,1.00
2015.09.28 11:26:38.793,0.93582,0.93609,1.75,1.00
2015.09.28 11:26:39.987,0.93578,0.93607,1.75,1.75
2015.09.28 11:26:41.422,0.9358,0.93607,1.00,1.00
2015.09.28 11:26:42.156,0.93577,0.93607,1.75,1.37
2015.09.28 11:26:43.096,0.93579,0.93606,1.00,1.00
2015.09.28 11:26:46.655,0.93581,0.93606,1.00,1.00
2015.09.28 11:26:46.807,0.93581,0.93608,1.00,1.00
2015.09.28 11:26:48.054,0.9358,0.93608,1.00,1.50
2015.09.28 11:26:48.880,0.9358,0.9361,1.50,4.50
2015.09.28 11:26:51.817,0.93585,0.93611,1.50,2.25
2015.09.28 11:26:52.120,0.93589,0.93609,1.00,1.00
2015.09.28 11:26:54.611,0.93583,0.93611,1.75,1.75
2015.09.28 11:26:54.915,0.93583,0.93613,1.75,1.75
2015.09.28 11:26:55.635,0.93585,0.93615,1.75,1.75
2015.09.28 11:26:56.179,0.93591,0.93612,1.00,1.00
2015.09.28 11:26:56.432,0.93593,0.93613,1.00,1.00
2015.09.28 11:26:57.190,0.93584,0.93614,1.75,1.75
2015.09.28 11:26:57.702,0.93588,0.93608,1.00,1.00
2015.09.28 11:27:00.133,0.93588,0.93617,1.75,1.75
2015.09.28 11:27:00.722,0.9359,0.93619,1.75,1.35
2015.09.28 11:27:01.262,0.93594,0.93614,1.00,1.00
2015.09.28 11:27:02.426,0.9359,0.93619,3.00,1.35
2015.09.28 11:27:04.039,0.93598,0.93618,1.00,1.00
2015.09.28 11:27:04.560,0.93594,0.93621,2.25,1.75
2015.09.28 11:27:06.251,0.93593,0.93622,1.75,1.75
2015.09.28 11:27:10.749,0.93591,0.93615,2.25,1.00
2015.09.28 11:27:10.850,0.93588,0.93614,1.75,1.35
2015.09.28 11:27:16.892,0.93586,0.93613,1.75,1.75
2015.09.28 11:27:19.418,0.93582,0.93611,1.75,1.75
2015.09.28 11:27:19.975,0.93582,0.93611,1.75,1.75
2015.09.28 11:27:27.128,0.93583,0.9361,1.75,1.75
2015.09.28 11:27:27.771,0.93585,0.93605,1.00,1.00
2015.09.28 11:27:28.131,0.93581,0.93609,2.25,1.75
2015.09.28 11:27:29.233,0.9358,0.93608,3.00,1.75
2015.09.28 11:27:29.284,0.93585,0.93605,1.00,1.00
2015.09.28 11:27:30.985,0.93585,0.93608,1.00,1.75
2015.09.28 11:27:31.291,0.93584,0.936,1.00,1.30
2015.09.28 11:27:31.342,0.93579,0.936,1.50,1.30
2015.09.28 11:27:31.443,0.93579,0.936,1.00,1.35
2015.09.28 11:27:31.948,0.93579,0.93602,1.00,1.75
2015.09.28 11:27:32.600,0.93579,0.93599,1.00,1.00
2015.09.28 11:27:35.103,0.93579,0.93605,1.75,1.75
2015.09.28 11:27:36.105,0.93579,0.93605,1.37,1.75
2015.09.28 11:27:36.156,0.93578,0.93605,1.50,1.75
2015.09.28 11:27:36.907,0.93579,0.93606,1.87,1.35
2015.09.28 11:27:36.957,0.93582,0.93602,1.00,1.00
2015.09.28 11:27:37.245,0.93579,0.93607,2.25,1.75
2015.09.28 11:27:37.757,0.9358,0.93608,3.00,1.50
2015.09.28 11:27:42.344,0.9358,0.93607,1.37,2.25
2015.09.28 11:27:42.669,0.93584,0.93605,1.00,1.75
2015.09.28 11:27:44.419,0.93583,0.93604,1.37,1.00
2015.09.28 11:27:44.471,0.93583,0.93606,1.12,1.75
2015.09.28 11:27:44.572,0.93579,0.93606,1.75,1.75
2015.09.28 11:27:44.877,0.93584,0.93607,1.00,2.25
2015.09.28 11:27:44.978,0.93584,0.93608,1.12,1.75
2015.09.28 11:27:45.741,0.93584,0.93606,1.12,1.75
2015.09.28 11:27:46.327,0.93584,0.93606,1.00,1.75
2015.09.28 11:27:46.847,0.93583,0.93601,1.00,1.00
2015.09.28 11:27:47.151,0.93573,0.93602,3.75,1.75
2015.09.28 11:27:48.517,0.93572,0.93599,3.00,1.75
2015.09.28 11:27:48.840,0.93574,0.93595,1.00,1.35
2015.09.28 11:27:49.194,0.93573,0.93597,1.75,1.75
2015.09.28 11:27:49.245,0.93573,0.93598,1.75,1.75
2015.09.28 11:27:49.297,0.93577,0.93597,1.00,1.00
2015.09.28 11:27:50.647,0.93572,0.93599,1.50,1.75
2015.09.28 11:27:50.698,0.93572,0.93599,1.50,3.00
2015.09.28 11:27:50.799,0.93571,0.93598,1.75,1.75
2015.09.28 11:27:52.176,0.93572,0.93599,1.75,1.75
2015.09.28 11:27:52.379,0.93577,0.93597,1.00,1.00
2015.09.28 11:27:52.604,0.93574,0.936,1.50,1.75
2015.09.28 11:27:53.557,0.93575,0.93602,1.75,3.00
2015.09.28 11:27:53.608,0.93578,0.93598,1.00,1.00
2015.09.28 11:27:53.710,0.93574,0.93599,1.75,1.75
2015.09.28 11:27:53.811,0.93574,0.93599,1.12,1.75
2015.09.28 11:27:55.631,0.93574,0.93597,1.50,1.50
2015.09.28 11:27:55.682,0.93578,0.93598,1.00,1.00
2015.09.28 11:27:57.489,0.93577,0.93598,1.00,1.00
2015.09.28 11:28:02.897,0.93574,0.936,1.75,1.75
2015.09.28 11:28:04.695,0.93578,0.93598,1.00,1.00
2015.09.28 11:28:05.209,0.93579,0.93599,1.50,1.00
2015.09.28 11:28:06.922,0.93579,0.93605,1.00,2.25
2015.09.28 11:28:07.175,0.93572,0.93592,1.00,1.60
2015.09.28 11:28:07.226,0.93568,0.93591,1.37,3.22
2015.09.28 11:28:07.277,0.93568,0.93591,1.00,3.60
2015.09.28 11:28:07.870,0.93564,0.93591,1.50,2.85
2015.09.28 11:28:08.345,0.93565,0.93592,1.37,2.25
2015.09.28 11:28:08.396,0.93565,0.93593,1.75,2.25
2015.09.28 11:28:18.974,0.93564,0.93587,1.75,1.00
2015.09.28 11:28:20.380,0.9356,0.93579,1.00,1.00
2015.09.28 11:28:20.484,0.93556,0.93583,1.50,1.75
2015.09.28 11:28:20.534,0.93554,0.93581,2.25,1.75
2015.09.28 11:28:22.380,0.93558,0.93583,1.00,2.25
2015.09.28 11:28:23.349,0.93557,0.93583,1.12,2.25
2015.09.28 11:28:25.102,0.93559,0.93583,1.00,2.25
2015.09.28 11:28:28.697,0.93556,0.93583,1.50,3.00
2015.09.28 11:28:32.641,0.93556,0.93583,1.75,3.00
2015.09.28 11:28:32.692,0.93558,0.93578,1.00,1.00
2015.09.28 11:28:33.810,0.93565,0.93589,1.60,1.75
2015.09.28 11:28:33.861,0.93566,0.93589,1.30,1.75
2015.09.28 11:28:33.912,0.93566,0.93589,1.67,1.37
2015.09.28 11:28:33.963,0.93569,0.93595,1.75,1.75
2015.09.28 11:28:34.013,0.93569,0.93596,1.75,3.00
2015.09.28 11:28:34.165,0.93579,0.93601,1.12,1.75
2015.09.28 11:28:34.367,0.93579,0.93599,1.00,1.75
2015.09.28 11:28:34.418,0.93571,0.93599,1.75,1.75
2015.09.28 11:28:34.469,0.93574,0.93594,1.00,1.00
2015.09.28 11:28:35.014,0.93571,0.93598,1.50,1.75
2015.09.28 11:28:35.065,0.93571,0.93598,1.50,1.75
2015.09.28 11:28:38.442,0.93568,0.93598,2.25,1.75
2015.09.28 11:28:38.493,0.93568,0.93597,2.25,2.25
2015.09.28 11:28:38.694,0.93568,0.93588,1.50,1.00
2015.09.28 11:28:39.553,0.93568,0.93594,1.50,1.75
2015.09.28 11:28:40.089,0.93568,0.93594,1.75,1.75
2015.09.28 11:28:47.468,0.93567,0.93589,1.37,1.75
2015.09.28 11:28:47.519,0.93563,0.93589,1.75,1.75
2015.09.28 11:28:47.570,0.93561,0.93588,1.37,1.75
2015.09.28 11:28:47.620,0.93559,0.93588,2.25,1.75
2015.09.28 11:28:48.125,0.93556,0.93585,1.75,1.75
2015.09.28 11:28:48.727,0.93555,0.93582,1.75,1.75
2015.09.28 11:28:50.265,0.93555,0.93582,1.75,1.75
2015.09.28 11:29:00.812,0.93556,0.93583,1.75,1.75
2015.09.28 11:29:00.964,0.93558,0.93578,1.00,1.00
2015.09.28 11:29:11.884,0.93557,0.93584,1.75,1.75
2015.09.28 11:29:13.775,0.93558,0.93578,1.00,1.00
2015.09.28 11:29:17.714,0.93556,0.93583,1.75,1.75
2015.09.28 11:29:22.227,0.93559,0.9358,1.00,1.75
2015.09.28 11:29:22.331,0.93559,0.9358,1.00,1.75
2015.09.28 11:29:22.432,0.93553,0.93579,1.75,1.75
2015.09.28 11:29:22.942,0.93554,0.93578,1.75,1.50
2015.09.28 11:29:23.532,0.93556,0.93576,1.00,1.00
2015.09.28 11:29:24.099,0.93554,0.93576,1.75,1.00
2015.09.28 11:29:27.465,0.93559,0.93583,1.00,2.25
2015.09.28 11:29:27.516,0.93561,0.93589,1.75,1.75
2015.09.28 11:29:27.718,0.93561,0.93589,4.50,1.37
2015.09.28 11:29:28.021,0.93563,0.93591,3.75,1.75
2015.09.28 11:29:31.141,0.93565,0.93593,1.00,1.00
2015.09.28 11:29:32.426,0.93563,0.93592,2.25,1.00
2015.09.28 11:29:37.637,0.93563,0.93592,1.50,1.00
2015.09.28 11:29:39.058,0.93563,0.9359,1.00,1.00
2015.09.28 11:29:43.376,0.93563,0.93587,1.00,1.00
2015.09.28 11:29:44.562,0.93563,0.93589,1.00,1.00
2015.09.28 11:29:52.403,0.93563,0.93586,1.00,1.00
2015.09.28 11:29:52.555,0.93556,0.93583,1.37,1.00
2015.09.28 11:29:52.606,0.93554,0.93582,1.00,1.00
2015.09.28 11:29:52.707,0.93553,0.93578,1.50,1.00
2015.09.28 11:29:54.020,0.93553,0.93576,1.00,1.00
2015.09.28 11:29:54.596,0.93554,0.93575,1.00,1.00
2015.09.28 11:29:55.456,0.93554,0.93576,1.00,1.00
2015.09.28 11:29:55.648,0.93548,0.93577,2.25,1.00
2015.09.28 11:29:55.854,0.93554,0.93577,1.00,1.00
2015.09.28 11:29:56.079,0.93544,0.93571,1.37,1.97
2015.09.28 11:29:56.180,0.93544,0.93566,1.00,1.50
2015.09.28 11:29:56.844,0.93537,0.93566,1.37,1.50
2015.09.28 11:29:56.895,0.93533,0.93561,1.00,1.75
2015.09.28 11:29:57.257,0.93533,0.9356,1.00,1.00
2015.09.28 11:29:57.408,0.93534,0.93564,1.00,1.50
2015.09.28 11:29:57.510,0.93538,0.93566,1.00,1.00
2015.09.28 11:29:58.258,0.93539,0.93566,1.00,1.00
2015.09.28 11:29:58.309,0.93538,0.93568,1.50,1.00
2015.09.28 11:29:59.785,0.9354,0.93567,1.00,1.00
2015.09.28 11:30:00.239,0.93538,0.93566,1.50,1.00
2015.09.28 11:30:00.592,0.93543,0.93566,1.00,1.00
2015.09.28 11:30:01.309,0.93543,0.93567,1.00,1.00
2015.09.28 11:30:01.868,0.93543,0.93568,1.00,1.00
2015.09.28 11:30:02.171,0.93544,0.93565,1.00,1.00
2015.09.28 11:30:11.255,0.93544,0.93567,1.00,1.00
2015.09.28 11:30:12.269,0.93543,0.93567,1.00,1.00
2015.09.28 11:30:13.816,0.93545,0.93574,1.00,1.00
2015.09.28 11:30:13.868,0.93543,0.93572,1.00,1.35
2015.09.28 11:30:14.195,0.93549,0.93567,1.00,1.00
2015.09.28 11:30:14.697,0.93549,0.93568,1.00,1.00
2015.09.28 11:30:15.416,0.93543,0.93568,1.00,1.00
2015.09.28 11:30:15.943,0.93543,0.93569,1.00,1.00
2015.09.28 11:30:16.304,0.93543,0.93567,1.00,1.00
2015.09.28 11:30:17.289,0.93549,0.93567,1.00,1.00
2015.09.28 11:30:21.273,0.93549,0.93566,1.00,1.00
2015.09.28 11:30:23.864,0.93539,0.93567,1.50,1.00
2015.09.28 11:30:24.369,0.9354,0.93567,1.00,1.00
2015.09.28 11:30:24.529,0.93541,0.93569,1.00,1.00
2015.09.28 11:30:25.306,0.93542,0.93569,1.00,1.00
2015.09.28 11:30:25.357,0.93544,0.93569,1.00,1.00
2015.09.28 11:30:26.645,0.93544,0.93571,1.00,1.12
2015.09.28 11:30:27.962,0.93545,0.93573,1.00,1.35
2015.09.28 11:30:28.466,0.93544,0.93572,1.50,1.00
2015.09.28 11:30:30.358,0.93544,0.9357,1.00,1.00
2015.09.28 11:30:32.581,0.93544,0.93569,1.00,1.00
2015.09.28 11:30:32.632,0.93541,0.93569,1.00,1.00
2015.09.28 11:30:32.897,0.93542,0.93572,1.00,1.00
2015.09.28 11:30:34.250,0.93541,0.9357,1.00,1.00
2015.09.28 11:30:36.195,0.93544,0.93571,1.00,1.00
2015.09.28 11:30:36.560,0.93546,0.93574,1.00,1.50
2015.09.28 11:30:36.864,0.93549,0.93574,1.00,1.35
2015.09.28 11:30:36.915,0.93546,0.93574,1.00,1.35
2015.09.28 11:30:36.966,0.93544,0.93574,1.00,1.35
2015.09.28 11:30:37.483,0.93544,0.93574,1.00,2.10
2015.09.28 11:30:39.258,0.93544,0.93574,1.00,1.35
2015.09.28 11:30:39.614,0.93544,0.93571,1.00,1.00
2015.09.28 11:30:42.898,0.93545,0.93573,1.00,1.00
2015.09.28 11:30:47.188,0.93541,0.93571,1.00,1.00
2015.09.28 11:30:47.447,0.93544,0.93571,1.00,1.00
2015.09.28 11:30:47.628,0.93542,0.9357,1.00,1.00
2015.09.28 11:30:49.212,0.93543,0.93572,1.00,1.00
2015.09.28 11:30:53.567,0.93542,0.9357,1.00,1.00
2015.09.28 11:30:54.469,0.9354,0.9357,1.00,1.00
2015.09.28 11:30:54.891,0.93542,0.9357,1.00,1.00
2015.09.28 11:30:55.688,0.9354,0.9357,1.00,1.00
2015.09.28 11:30:57.637,0.93542,0.9357,1.00,1.00
2015.09.28 11:30:58.386,0.9354,0.9357,1.00,1.00
2015.09.28 11:30:59.237,0.93539,0.93569,1.00,1.00
2015.09.28 11:31:02.504,0.93541,0.93569,1.00,1.00
2015.09.28 11:31:04.679,0.93542,0.93572,1.00,1.00
2015.09.28 11:31:05.920,0.93541,0.93571,1.00,1.00
2015.09.28 11:31:06.022,0.93543,0.93571,1.00,1.00
2015.09.28 11:31:06.375,0.93544,0.93567,1.00,1.00
2015.09.28 11:31:06.949,0.93543,0.93569,1.00,1.00
2015.09.28 11:31:07.078,0.93541,0.93569,1.00,1.00
2015.09.28 11:31:07.982,0.9354,0.93568,1.00,1.00
2015.09.28 11:31:08.487,0.9354,0.9357,1.00,1.00
2015.09.28 11:31:08.747,0.9354,0.93568,1.00,1.00
2015.09.28 11:31:09.438,0.93539,0.93568,1.50,1.00
2015.09.28 11:31:13.367,0.93539,0.93566,1.00,1.00
2015.09.28 11:31:13.992,0.9354,0.93567,1.00,1.00
2015.09.28 11:31:14.729,0.9354,0.9357,1.00,1.00
2015.09.28 11:31:16.365,0.93541,0.93571,1.00,1.12
2015.09.28 11:31:17.664,0.9354,0.93568,1.00,1.00
2015.09.28 11:31:18.279,0.9354,0.93568,1.50,1.12
2015.09.28 11:31:20.349,0.93543,0.93569,1.00,1.50
2015.09.28 11:31:21.557,0.9354,0.93569,1.50,1.50
2015.09.28 11:31:24.200,0.9354,0.93568,1.50,1.50
2015.09.28 11:31:25.083,0.93539,0.93568,1.75,1.75
2015.09.28 11:31:27.058,0.9354,0.93567,1.00,1.50
2015.09.28 11:31:27.726,0.93539,0.93567,1.75,1.50
2015.09.28 11:31:28.928,0.93539,0.93568,2.25,1.37
2015.09.28 11:31:29.458,0.93539,0.93568,2.25,1.00
2015.09.28 11:31:30.449,0.93541,0.93569,1.75,1.12
2015.09.28 11:31:31.930,0.93545,0.93573,1.00,1.67
2015.09.28 11:31:32.183,0.9355,0.93578,1.37,1.50
2015.09.28 11:31:32.334,0.93551,0.93579,1.75,1.50
2015.09.28 11:31:33.112,0.93559,0.93582,1.00,1.12
2015.09.28 11:31:34.661,0.93559,0.93583,1.00,1.00
2015.09.28 11:31:34.712,0.93559,0.93585,1.00,1.12
2015.09.28 11:31:34.863,0.93559,0.93586,2.25,1.37
2015.09.28 11:31:34.965,0.93563,0.93587,1.12,1.00
2015.09.28 11:31:36.158,0.93563,0.93588,1.12,1.12
2015.09.28 11:31:39.154,0.93563,0.93587,1.12,1.00
2015.09.28 11:31:39.893,0.93563,0.93588,1.12,1.12
2015.09.28 11:31:40.477,0.93563,0.93587,1.12,1.00
2015.09.28 11:31:41.687,0.93563,0.93589,1.12,1.50
2015.09.28 11:31:42.370,0.93564,0.93585,1.00,1.37
2015.09.28 11:31:42.928,0.93559,0.93585,1.37,1.37
2015.09.28 11:31:42.979,0.93559,0.9358,1.00,1.00
2015.09.28 11:31:44.761,0.93559,0.93583,1.00,1.12
2015.09.28 11:31:45.437,0.93559,0.93582,1.00,1.00
2015.09.28 11:31:45.971,0.93559,0.93585,1.00,1.75
2015.09.28 11:31:47.148,0.9356,0.93587,1.12,1.75
2015.09.28 11:31:47.297,0.93564,0.93587,1.00,1.75
2015.09.28 11:31:48.725,0.9356,0.93587,1.12,1.75
2015.09.28 11:31:48.878,0.93564,0.93587,1.00,1.75
2015.09.28 11:31:49.189,0.93563,0.93588,1.00,1.75
2015.09.28 11:31:49.291,0.93558,0.93587,2.25,1.75
2015.09.28 11:31:49.494,0.93562,0.93589,1.00,1.50
2015.09.28 11:31:49.595,0.93564,0.93589,1.00,1.00
2015.09.28 11:31:50.291,0.93564,0.93587,1.00,1.00
2015.09.28 11:31:51.197,0.93562,0.93587,1.00,1.00
2015.09.28 11:31:52.058,0.93564,0.93591,1.00,1.75
2015.09.28 11:31:52.362,0.9356,0.93589,1.50,1.50
2015.09.28 11:31:59.051,0.93563,0.9359,1.00,1.75
2015.09.28 11:31:59.532,0.93561,0.93591,1.00,1.75
2015.09.28 11:32:01.173,0.93559,0.93586,1.75,1.00
2015.09.28 11:32:01.224,0.93551,0.93578,1.12,1.12
2015.09.28 11:32:01.752,0.93552,0.93581,1.00,1.75
2015.09.28 11:32:02.541,0.93552,0.93582,1.37,1.75
2015.09.28 11:32:02.644,0.93552,0.93582,1.12,1.75
2015.09.28 11:32:05.859,0.9355,0.93579,1.75,1.75
2015.09.28 11:32:09.139,0.93552,0.93579,1.75,1.75
2015.09.28 11:32:09.483,0.93552,0.93581,1.75,1.75
2015.09.28 11:32:11.545,0.93539,0.93566,2.25,2.10
2015.09.28 11:32:11.648,0.93538,0.93563,1.75,1.35
2015.09.28 11:32:12.153,0.93544,0.93563,1.00,2.10
2015.09.28 11:32:12.855,0.93558,0.93564,1.60,1.00
2015.09.28 11:32:12.910,0.93558,0.93585,2.10,1.00
2015.09.28 11:32:12.961,0.93565,0.93593,1.60,1.75
2015.09.28 11:32:13.113,0.93564,0.93592,1.00,1.75
2015.09.28 11:32:13.164,0.93564,0.9359,1.50,1.00
2015.09.28 11:32:13.265,0.93564,0.93584,1.50,1.00
2015.09.28 11:32:13.519,0.93563,0.93586,1.00,1.75
2015.09.28 11:32:13.670,0.93564,0.93588,1.00,1.50
2015.09.28 11:32:14.848,0.9356,0.93586,1.00,1.00
2015.09.28 11:32:15.382,0.9356,0.93584,1.00,1.00
2015.09.28 11:32:16.236,0.9356,0.93583,1.00,1.00
2015.09.28 11:32:16.337,0.9356,0.93585,1.00,1.00
2015.09.28 11:32:17.741,0.93559,0.93583,1.37,1.12
2015.09.28 11:32:18.251,0.93559,0.93583,1.00,1.50
2015.09.28 11:32:19.342,0.93559,0.93581,1.00,1.00
2015.09.28 11:32:19.658,0.93559,0.93579,1.00,1.12
2015.09.28 11:32:20.750,0.93559,0.93578,1.00,1.00
2015.09.28 11:32:21.264,0.93559,0.93577,1.00,1.00
2015.09.28 11:32:22.276,0.93559,0.93579,1.00,1.50
2015.09.28 11:32:23.117,0.93558,0.93579,1.00,1.00
2015.09.28 11:32:24.333,0.93559,0.93579,1.00,1.00
2015.09.28 11:32:24.887,0.93558,0.93581,1.00,1.50
2015.09.28 11:32:25.426,0.93554,0.9358,1.60,1.75
2015.09.28 11:32:25.628,0.93553,0.9358,1.12,1.50
2015.09.28 11:32:26.089,0.93559,0.93583,1.00,1.75
2015.09.28 11:32:26.788,0.93559,0.93583,1.00,1.75
2015.09.28 11:32:29.140,0.93539,0.93551,1.87,1.00
2015.09.28 11:32:29.191,0.93523,0.93549,1.00,1.00
2015.09.28 11:32:29.343,0.93523,0.93551,1.00,1.00
2015.09.28 11:32:29.595,0.9352,0.93552,1.00,1.00
2015.09.28 11:32:29.697,0.93519,0.93547,1.00,1.00
2015.09.28 11:32:30.263,0.93519,0.93545,1.00,1.00
2015.09.28 11:32:30.314,0.93514,0.93544,1.00,1.00
2015.09.28 11:32:30.568,0.93512,0.93542,1.35,1.00
2015.09.28 11:32:30.669,0.93512,0.93544,2.10,1.00
2015.09.28 11:32:30.972,0.93513,0.93542,1.00,1.00
2015.09.28 11:32:31.633,0.93519,0.93547,1.00,1.00
2015.09.28 11:32:32.254,0.93523,0.93547,1.00,1.00
2015.09.28 11:32:33.102,0.93523,0.93546,1.00,1.00
2015.09.28 11:32:33.636,0.93523,0.93547,1.00,1.00
2015.09.28 11:32:34.157,0.93524,0.9355,1.00,1.00
2015.09.28 11:32:34.729,0.93524,0.93549,1.00,1.00
2015.09.28 11:32:36.399,0.93524,0.93552,1.00,1.37
2015.09.28 11:32:36.550,0.93523,0.93553,1.00,1.12
2015.09.28 11:32:36.936,0.93523,0.93551,1.00,1.00
2015.09.28 11:32:37.239,0.93524,0.93549,1.00,1.00
2015.09.28 11:32:37.887,0.93523,0.9355,1.00,1.00
2015.09.28 11:32:38.040,0.93519,0.9355,1.00,1.00
2015.09.28 11:32:38.141,0.9352,0.93552,1.00,1.00
2015.09.28 11:32:38.645,0.93521,0.93553,1.00,1.12
2015.09.28 11:32:39.377,0.93521,0.93551,1.00,1.50
2015.09.28 11:32:39.578,0.93519,0.93551,1.50,1.50
2015.09.28 11:32:41.179,0.93513,0.93545,1.00,1.00
2015.09.28 11:32:41.230,0.93513,0.93547,1.00,2.25
2015.09.28 11:32:41.425,0.93514,0.93547,1.00,1.75
2015.09.28 11:32:41.927,0.93513,0.93547,1.00,1.87
2015.09.28 11:32:43.447,0.93513,0.93547,1.00,1.87
2015.09.28 11:32:43.498,0.9351,0.93542,1.00,1.50
2015.09.28 11:32:43.549,0.93508,0.9354,1.00,2.25
2015.09.28 11:32:44.053,0.93508,0.93539,1.00,1.00
2015.09.28 11:32:45.858,0.93505,0.93539,1.00,1.12
2015.09.28 11:32:46.060,0.93508,0.93539,1.00,1.12
2015.09.28 11:32:47.956,0.93509,0.9354,1.00,1.50
2015.09.28 11:32:48.612,0.93518,0.93546,1.00,1.50
2015.09.28 11:32:48.714,0.93513,0.93545,1.60,1.12
2015.09.28 11:32:48.865,0.93512,0.93545,1.00,1.50
2015.09.28 11:32:48.916,0.93514,0.93546,1.00,1.75
2015.09.28 11:32:49.220,0.93523,0.93545,1.00,1.37
2015.09.28 11:32:49.270,0.93523,0.93547,1.00,1.12
2015.09.28 11:32:49.372,0.93514,0.93547,1.00,1.12
2015.09.28 11:32:49.910,0.93513,0.93543,1.00,1.00
2015.09.28 11:32:50.429,0.93514,0.93545,1.00,1.37
2015.09.28 11:32:52.139,0.93513,0.93545,1.50,1.37
2015.09.28 11:32:53.107,0.93518,0.93544,1.00,1.12
2015.09.28 11:32:53.650,0.93519,0.93544,1.00,1.12
2015.09.28 11:32:55.391,0.93519,0.93542,1.00,1.00
2015.09.28 11:32:56.556,0.93519,0.93548,1.00,1.00
2015.09.28 11:32:57.061,0.93519,0.9355,1.00,1.00
2015.09.28 11:32:57.879,0.93522,0.93553,1.00,1.00
2015.09.28 11:32:57.980,0.93522,0.93556,1.00,1.37
2015.09.28 11:32:58.132,0.93529,0.93556,1.00,1.87
2015.09.28 11:32:58.334,0.93522,0.93556,1.00,1.37
2015.09.28 11:32:58.385,0.93523,0.93553,1.00,1.00
2015.09.28 11:32:59.244,0.93524,0.93554,1.00,1.50
2015.09.28 11:32:59.778,0.93524,0.93553,1.50,1.00
2015.09.28 11:32:59.880,0.93524,0.93556,1.00,1.50
2015.09.28 11:32:59.981,0.93523,0.93556,1.00,1.75
2015.09.28 11:33:00.765,0.93524,0.93555,1.00,1.50
2015.09.28 11:33:02.873,0.93523,0.93553,1.00,1.87
2015.09.28 11:33:03.656,0.9352,0.93552,1.00,1.00
2015.09.28 11:33:04.150,0.93522,0.93551,1.00,1.00
2015.09.28 11:33:04.675,0.93522,0.93552,1.00,1.00
2015.09.28 11:33:05.706,0.93523,0.93552,1.00,1.00
2015.09.28 11:33:06.358,0.93524,0.93552,1.00,1.00
2015.09.28 11:33:06.980,0.93523,0.93552,1.00,1.00
2015.09.28 11:33:08.859,0.93522,0.93554,1.00,1.37
2015.09.28 11:33:09.906,0.93522,0.93552,1.00,1.00
2015.09.28 11:33:10.007,0.9352,0.93552,1.00,1.00
2015.09.28 11:33:11.318,0.93521,0.93552,1.00,1.00
2015.09.28 11:33:12.109,0.93521,0.93553,1.00,1.00
2015.09.28 11:33:12.387,0.93523,0.93553,1.00,1.00
2015.09.28 11:33:13.496,0.93523,0.93554,1.00,1.50
2015.09.28 11:33:15.137,0.93523,0.93553,1.00,1.00
2015.09.28 11:33:16.759,0.93523,0.93554,1.50,1.50
2015.09.28 11:33:17.336,0.93524,0.93554,1.00,1.50
2015.09.28 11:33:17.985,0.93524,0.93554,1.50,1.37
2015.09.28 11:33:18.783,0.9353,0.93561,1.00,1.75
2015.09.28 11:33:19.086,0.93533,0.93561,1.00,1.75
2015.09.28 11:33:19.136,0.93531,0.93561,1.00,1.75
2015.09.28 11:33:19.338,0.93529,0.93561,1.50,2.25
2015.09.28 11:33:19.440,0.93531,0.93561,1.00,1.75
2015.09.28 11:33:19.777,0.93533,0.93562,1.00,2.25
2015.09.28 11:33:22.662,0.93534,0.93562,1.00,1.75
2015.09.28 11:33:23.047,0.93534,0.93564,1.50,1.75
2015.09.28 11:33:23.249,0.93535,0.93564,1.00,1.00
2015.09.28 11:33:24.622,0.93533,0.93562,1.00,1.00
2015.09.28 11:33:26.421,0.93533,0.93564,1.00,1.00
2015.09.28 11:33:26.842,0.93539,0.93564,1.00,1.00
2015.09.28 11:33:30.144,0.93539,0.93565,1.00,1.00
2015.09.28 11:33:30.647,0.93539,0.93564,1.00,1.00
2015.09.28 11:33:31.488,0.93538,0.93564,1.00,1.00
2015.09.28 11:33:32.001,0.93539,0.93565,1.00,1.00
2015.09.28 11:33:32.653,0.93539,0.93564,1.00,1.00
2015.09.28 11:33:33.299,0.93539,0.93565,1.00,1.00
2015.09.28 11:33:33.858,0.93539,0.93567,1.00,1.12
2015.09.28 11:33:35.486,0.93539,0.93565,1.00,1.00
2015.09.28 11:33:36.564,0.93539,0.93566,1.00,1.00
2015.09.28 11:33:38.813,0.93539,0.93565,1.00,1.00
2015.09.28 11:33:42.658,0.93534,0.9356,1.00,1.00
2015.09.28 11:33:42.963,0.93529,0.93554,1.00,1.00
2015.09.28 11:33:43.266,0.93528,0.93554,1.00,1.75
2015.09.28 11:33:43.670,0.93524,0.93555,1.00,1.75
2015.09.28 11:33:44.321,0.93525,0.93554,1.00,1.75
2015.09.28 11:33:44.372,0.93529,0.93552,1.00,1.00
2015.09.28 11:33:44.423,0.93525,0.93552,1.00,1.00
2015.09.28 11:33:44.943,0.93524,0.93552,1.50,1.00
2015.09.28 11:33:45.710,0.93524,0.93555,1.50,1.50
2015.09.28 11:33:46.389,0.93526,0.93556,1.00,1.75
2015.09.28 11:33:47.402,0.93524,0.93557,1.50,1.87
2015.09.28 11:33:48.447,0.93523,0.93555,2.62,1.37
2015.09.28 11:33:48.498,0.93528,0.9356,1.12,1.75
2015.09.28 11:33:48.700,0.93529,0.93561,1.12,1.75
2015.09.28 11:33:49.394,0.93524,0.93555,1.87,1.37
2015.09.28 11:33:49.445,0.93524,0.93555,1.50,1.50
2015.09.28 11:33:49.601,0.93528,0.93555,1.00,1.50
2015.09.28 11:33:49.802,0.93523,0.93552,1.50,1.00
2015.09.28 11:33:51.466,0.93525,0.93552,1.00,1.00
2015.09.28 11:33:52.322,0.93524,0.93552,1.00,1.00
2015.09.28 11:33:53.781,0.93524,0.93554,1.87,1.00
2015.09.28 11:33:54.931,0.93525,0.93556,1.00,1.50
2015.09.28 11:33:55.481,0.93525,0.93554,1.00,1.00
2015.09.28 11:33:55.584,0.93525,0.93554,1.00,1.37
2015.09.28 11:33:56.323,0.93524,0.93553,1.00,1.50
2015.09.28 11:33:58.221,0.93524,0.93551,1.00,1.00
2015.09.28 11:34:01.915,0.93524,0.93552,1.00,1.12
2015.09.28 11:34:02.876,0.93524,0.93551,1.00,1.00
2015.09.28 11:34:03.402,0.93523,0.93552,1.12,1.12
2015.09.28 11:34:05.384,0.93523,0.93552,1.00,1.50
2015.09.28 11:34:06.065,0.93528,0.93552,1.00,1.50
2015.09.28 11:34:06.116,0.93528,0.93552,1.00,1.12
2015.09.28 11:34:06.218,0.93529,0.93552,1.00,1.37
2015.09.28 11:34:07.826,0.93523,0.93553,1.50,1.75
2015.09.28 11:34:08.771,0.93533,0.93555,1.00,1.50
2015.09.28 11:34:08.822,0.93525,0.93555,1.00,1.50
2015.09.28 11:34:08.974,0.93524,0.93554,1.50,1.75
2015.09.28 11:34:10.198,0.93523,0.93554,1.12,1.75
2015.09.28 11:34:11.166,0.93524,0.93554,1.00,1.75
2015.09.28 11:34:11.863,0.93533,0.93559,1.75,2.10
2015.09.28 11:34:11.914,0.93528,0.93558,3.00,2.10
2015.09.28 11:34:12.166,0.93529,0.93555,1.75,1.72
2015.09.28 11:34:12.318,0.93529,0.93555,1.50,3.60
2015.09.28 11:34:12.859,0.93529,0.93547,1.00,1.00
2015.09.28 11:34:14.165,0.93529,0.93551,1.00,4.50
2015.09.28 11:34:14.216,0.93523,0.9355,1.75,1.75
2015.09.28 11:34:14.267,0.93523,0.93549,1.50,2.25
2015.09.28 11:34:14.369,0.93516,0.93545,1.75,1.75
2015.09.28 11:34:14.964,0.93514,0.93544,1.75,2.25
2015.09.28 11:34:16.658,0.93518,0.93546,1.37,2.25
2015.09.28 11:34:16.709,0.93519,0.93548,1.37,1.37
2015.09.28 11:34:16.760,0.93521,0.93552,2.62,1.75
2015.09.28 11:34:17.131,0.93529,0.93552,1.00,1.75
2015.09.28 11:34:18.654,0.93519,0.93548,1.37,1.75
2015.09.28 11:34:19.551,0.93518,0.93546,1.37,1.50
2015.09.28 11:34:22.599,0.93519,0.93548,1.87,1.75
2015.09.28 11:34:24.795,0.93526,0.93546,1.00,1.00
2015.09.28 11:34:26.639,0.9352,0.93547,2.25,1.75
2015.09.28 11:34:26.958,0.93516,0.93544,2.25,1.50
2015.09.28 11:34:27.059,0.93515,0.93544,3.00,1.75
2015.09.28 11:34:27.576,0.93517,0.93545,1.75,1.75
2015.09.28 11:34:27.677,0.93515,0.93543,3.00,1.00
2015.09.28 11:34:27.779,0.93515,0.93546,4.50,1.75
2015.09.28 11:34:28.373,0.93515,0.93543,3.00,1.75
2015.09.28 11:34:28.886,0.93516,0.93543,2.25,1.75
2015.09.28 11:34:29.407,0.93519,0.93547,1.75,1.35
2015.09.28 11:34:30.511,0.93522,0.93542,1.00,1.37
2015.09.28 11:34:30.814,0.93513,0.93542,2.25,4.50
2015.09.28 11:34:31.368,0.93516,0.93543,1.50,3.75
2015.09.28 11:34:32.670,0.93513,0.93537,1.50,1.50
2015.09.28 11:34:32.722,0.93507,0.93533,1.75,1.00
2015.09.28 11:34:32.773,0.93507,0.93537,1.75,3.00
2015.09.28 11:34:33.177,0.93505,0.93533,1.75,1.75
2015.09.28 11:34:33.715,0.93504,0.93533,2.25,1.75
2015.09.28 11:34:35.570,0.93506,0.93533,2.25,1.37
2015.09.28 11:34:35.671,0.93514,0.93534,1.00,1.00
2015.09.28 11:34:35.772,0.9351,0.9354,3.00,2.25
2015.09.28 11:34:36.287,0.93507,0.93536,1.75,1.75
2015.09.28 11:34:37.088,0.9351,0.93534,1.00,1.75
2015.09.28 11:34:38.185,0.93503,0.93532,2.25,1.75
2015.09.28 11:34:40.001,0.93504,0.93533,1.75,1.75
2015.09.28 11:34:46.505,0.93511,0.93531,1.00,1.00
2015.09.28 11:34:46.822,0.93509,0.93536,1.75,1.75
2015.09.28 11:34:47.326,0.93509,0.93535,1.75,1.37
2015.09.28 11:34:47.933,0.93506,0.93532,2.25,1.37
2015.09.28 11:34:47.984,0.93509,0.93529,1.00,1.00
2015.09.28 11:34:48.488,0.935,0.9353,2.25,1.75
2015.09.28 11:34:49.168,0.935,0.93528,3.00,1.50
2015.09.28 11:34:49.737,0.935,0.93529,3.00,1.75
2015.09.28 11:34:50.838,0.93506,0.93526,1.00,1.00
2015.09.28 11:34:50.890,0.935,0.93528,1.75,1.75
2015.09.28 11:34:51.463,0.93499,0.93527,1.75,1.75
2015.09.28 11:34:51.993,0.93499,0.93523,1.75,1.00
2015.09.28 11:34:52.044,0.93503,0.93523,1.00,1.00
2015.09.28 11:34:53.078,0.93504,0.93523,1.00,1.00
2015.09.28 11:34:53.533,0.93504,0.93528,1.75,1.75
2015.09.28 11:34:56.824,0.93498,0.93529,3.75,1.75
2015.09.28 11:34:56.926,0.93498,0.93529,2.25,1.75
2015.09.28 11:34:57.543,0.93498,0.93526,2.25,1.75
2015.09.28 11:34:58.301,0.93497,0.93525,1.75,1.75
2015.09.28 11:35:00.968,0.93499,0.93525,1.50,1.75
2015.09.28 11:35:01.350,0.93499,0.93527,2.25,1.75
2015.09.28 11:35:01.685,0.93499,0.93527,2.25,1.75
2015.09.28 11:35:04.247,0.93504,0.93525,1.00,1.75
2015.09.28 11:35:04.298,0.935,0.9352,1.00,1.00
2015.09.28 11:35:08.821,0.93495,0.93525,4.50,1.75
2015.09.28 11:35:10.053,0.93496,0.93523,1.75,1.75
2015.09.28 11:35:14.115,0.93498,0.93524,1.75,1.75
2015.09.28 11:35:15.671,0.93503,0.93523,1.00,1.00
2015.09.28 11:35:16.176,0.93499,0.93529,2.25,3.00
2015.09.28 11:35:16.796,0.93501,0.9353,1.75,1.75
2015.09.28 11:35:17.397,0.93504,0.9353,1.50,1.75
2015.09.28 11:35:19.501,0.93504,0.93527,1.00,1.75
2015.09.28 11:35:26.717,0.935,0.93527,1.75,1.75
2015.09.28 11:35:26.768,0.935,0.93527,1.75,1.75
2015.09.28 11:35:32.167,0.93506,0.93526,1.00,1.00
2015.09.28 11:35:35.532,0.93506,0.93526,1.00,1.60
2015.09.28 11:35:35.835,0.93504,0.93524,1.00,1.75
2015.09.28 11:35:35.886,0.93496,0.93524,1.75,1.75
2015.09.28 11:35:35.987,0.93501,0.93521,1.00,1.00
2015.09.28 11:35:36.345,0.93499,0.93528,2.25,2.25
2015.09.28 11:35:36.396,0.93499,0.93529,2.25,2.10
2015.09.28 11:35:43.288,0.93503,0.93523,1.00,1.00
2015.09.28 11:35:48.095,0.93499,0.93526,2.25,1.75
2015.09.28 11:35:49.180,0.93496,0.9352,1.00,3.75
2015.09.28 11:35:49.282,0.93494,0.9352,1.75,1.12
2015.09.28 11:35:49.383,0.93492,0.93519,3.75,1.75
2015.09.28 11:35:49.484,0.93499,0.93519,1.00,1.00
2015.09.28 11:35:50.790,0.93494,0.93522,3.00,1.75
2015.09.28 11:35:52.381,0.93494,0.93522,3.00,1.75
2015.09.28 11:35:52.432,0.93493,0.93515,1.75,1.00
2015.09.28 11:35:52.483,0.93494,0.93514,1.00,1.60
2015.09.28 11:35:52.584,0.93494,0.93512,1.00,3.60
2015.09.28 11:35:52.685,0.93487,0.93507,1.00,1.00
2015.09.28 11:35:52.786,0.93484,0.93511,1.00,4.50
2015.09.28 11:35:52.998,0.93487,0.93507,1.00,1.00
2015.09.28 11:35:53.099,0.93493,0.93507,1.00,1.00
2015.09.28 11:35:54.274,0.93494,0.93507,1.00,1.00
2015.09.28 11:35:56.005,0.93489,0.93507,1.00,1.00
2015.09.28 11:35:56.295,0.93489,0.93503,1.00,1.00
2015.09.28 11:35:57.200,0.93489,0.93509,1.00,1.75
2015.09.28 11:35:57.770,0.93489,0.93514,1.75,1.75
2015.09.28 11:35:57.978,0.93488,0.93514,1.75,1.75
2015.09.28 11:35:58.283,0.93484,0.9351,2.25,1.50
2015.09.28 11:35:58.586,0.93484,0.9351,1.75,1.75
2015.09.28 11:35:59.568,0.93485,0.93515,3.75,1.75
2015.09.28 11:36:00.191,0.93484,0.93513,3.00,1.75
2015.09.28 11:36:01.084,0.93486,0.93516,3.00,1.75
2015.09.28 11:36:02.211,0.93489,0.93516,1.12,3.00
2015.09.28 11:36:05.017,0.93483,0.93505,1.00,1.75
2015.09.28 11:36:05.418,0.93474,0.93492,1.00,1.00
2015.09.28 11:36:05.519,0.93474,0.93496,1.75,1.37
2015.09.28 11:36:05.721,0.93471,0.93491,1.00,1.00
2015.09.28 11:36:05.823,0.93469,0.93498,1.75,1.75
2015.09.28 11:36:06.427,0.93469,0.93498,1.75,1.75
2015.09.28 11:36:06.730,0.93475,0.93505,3.00,1.75
2015.09.28 11:36:08.024,0.93479,0.93508,1.75,1.75
2015.09.28 11:36:09.044,0.93478,0.93502,1.12,1.35
2015.09.28 11:36:09.145,0.93478,0.93503,1.00,1.72
2015.09.28 11:36:09.196,0.93478,0.93503,1.00,2.10
2015.09.28 11:36:10.341,0.93469,0.935,1.00,1.75
2015.09.28 11:36:10.695,0.93473,0.93503,1.00,3.75
2015.09.28 11:36:10.746,0.93473,0.93503,1.00,1.75
2015.09.28 11:36:10.848,0.93473,0.93503,1.50,1.00
2015.09.28 11:36:10.949,0.93475,0.93503,2.25,1.75
2015.09.28 11:36:11.051,0.93474,0.93502,1.75,1.75
2015.09.28 11:36:11.102,0.93476,0.93504,1.75,3.75
2015.09.28 11:36:11.153,0.93476,0.93505,1.75,1.75
2015.09.28 11:36:11.851,0.93479,0.93504,1.75,1.75
2015.09.28 11:36:12.135,0.93483,0.9351,1.75,2.25
2015.09.28 11:36:12.338,0.93488,0.93517,1.50,2.25
2015.09.28 11:36:12.743,0.93487,0.93507,1.00,1.00
2015.09.28 11:36:13.286,0.93487,0.93517,1.75,2.25
2015.09.28 11:36:16.422,0.93489,0.93521,3.00,3.00
2015.09.28 11:36:17.039,0.9349,0.93519,1.75,2.25
2015.09.28 11:36:20.730,0.93495,0.93525,1.75,1.00
2015.09.28 11:36:20.781,0.93496,0.93529,1.75,1.12
2015.09.28 11:36:21.244,0.93496,0.93527,1.37,1.37
2015.09.28 11:36:22.432,0.93494,0.93525,1.37,1.37
2015.09.28 11:36:22.483,0.93494,0.93523,1.00,1.00
2015.09.28 11:36:25.359,0.93494,0.93524,1.75,1.12
2015.09.28 11:36:25.864,0.93496,0.93523,1.00,1.00
2015.09.28 11:36:26.442,0.93496,0.93527,1.50,1.00
2015.09.28 11:36:26.965,0.93497,0.93527,1.00,1.50
2015.09.28 11:36:27.769,0.93496,0.93526,1.00,1.00
2015.09.28 11:36:28.715,0.93496,0.93527,1.50,1.00
2015.09.28 11:36:28.765,0.93496,0.93529,1.00,1.75
2015.09.28 11:36:29.251,0.93496,0.93529,1.37,1.50
2015.09.28 11:36:29.303,0.93498,0.93529,1.75,1.12
2015.09.28 11:36:29.354,0.93498,0.93529,1.12,1.12
2015.09.28 11:36:30.348,0.93503,0.93532,1.00,1.12
2015.09.28 11:36:30.915,0.93505,0.93535,1.00,2.25
2015.09.28 11:36:30.969,0.93497,0.9353,1.12,1.75
2015.09.28 11:36:31.582,0.93504,0.93536,1.00,3.00
2015.09.28 11:36:31.683,0.93504,0.93536,1.12,1.75
2015.09.28 11:36:32.280,0.93506,0.93538,1.50,1.75
2015.09.28 11:36:33.188,0.93505,0.93535,1.12,1.50
2015.09.28 11:36:36.614,0.93506,0.93537,1.00,1.75
2015.09.28 11:36:37.297,0.93505,0.93535,1.12,1.50
2015.09.28 11:36:37.901,0.93506,0.93537,1.00,1.75
2015.09.28 11:36:39.666,0.93504,0.93535,2.25,1.50
2015.09.28 11:36:41.569,0.93509,0.93536,1.00,1.75
2015.09.28 11:36:41.822,0.93504,0.93534,1.00,1.75
2015.09.28 11:36:43.681,0.93503,0.93534,1.12,2.25
2015.09.28 11:36:44.467,0.93493,0.93525,3.00,1.37
2015.09.28 11:36:44.771,0.93494,0.93524,1.75,1.75
2015.09.28 11:36:45.175,0.93499,0.93523,1.00,3.00
2015.09.28 11:36:45.226,0.93494,0.93521,1.75,1.75
2015.09.28 11:36:45.794,0.93494,0.9352,1.75,1.75
2015.09.28 11:36:45.849,0.93492,0.93512,1.00,1.00
2015.09.28 11:36:45.900,0.93485,0.93518,4.50,3.00
2015.09.28 11:36:46.102,0.93488,0.93508,1.00,1.00
2015.09.28 11:36:47.500,0.93491,0.93511,1.00,1.00
2015.09.28 11:36:48.109,0.93488,0.93518,1.75,2.25
2015.09.28 11:36:49.130,0.93491,0.93519,1.50,2.25
2015.09.28 11:36:49.231,0.93491,0.93522,1.75,3.00
2015.09.28 11:36:54.306,0.93489,0.93516,1.75,2.25
2015.09.28 11:37:01.150,0.93488,0.93508,1.00,1.00
2015.09.28 11:37:01.252,0.93486,0.93517,1.75,2.25
2015.09.28 11:37:14.085,0.93492,0.93512,1.00,1.00
2015.09.28 11:37:15.486,0.93488,0.93517,1.75,2.25
2015.09.28 11:37:16.525,0.93484,0.93515,3.75,1.75
2015.09.28 11:37:16.778,0.93486,0.93515,1.75,5.25
2015.09.28 11:37:16.980,0.93485,0.93515,1.75,1.75
2015.09.28 11:37:28.258,0.93479,0.93501,1.12,1.75
2015.09.28 11:37:28.560,0.93469,0.93498,1.75,2.25
2015.09.28 11:37:30.995,0.9347,0.93499,1.75,2.25
2015.09.28 11:37:31.297,0.93471,0.935,1.75,2.25
2015.09.28 11:37:34.384,0.93466,0.93495,2.25,1.50
2015.09.28 11:37:34.435,0.93468,0.93488,1.00,1.00
2015.09.28 11:37:34.486,0.93465,0.93495,1.75,1.75
2015.09.28 11:37:35.006,0.93468,0.93497,1.75,1.75
2015.09.28 11:37:36.808,0.93469,0.93499,1.75,2.25
2015.09.28 11:37:36.909,0.93469,0.935,1.75,1.75
2015.09.28 11:37:37.467,0.93474,0.935,1.75,3.00
2015.09.28 11:37:37.794,0.93474,0.935,1.75,2.25
2015.09.28 11:37:37.896,0.93473,0.93504,2.25,1.75
2015.09.28 11:37:38.400,0.93479,0.93499,1.00,1.00
2015.09.28 11:37:49.152,0.93473,0.93501,1.75,2.25
2015.09.28 11:37:50.145,0.9347,0.93501,1.75,5.25
2015.09.28 11:37:50.196,0.93466,0.93498,2.25,1.75
2015.09.28 11:37:50.751,0.93469,0.93501,2.25,2.25
2015.09.28 11:37:51.055,0.93471,0.93503,2.25,3.00
2015.09.28 11:37:51.695,0.93475,0.93495,1.00,1.00
2015.09.28 11:37:52.151,0.93473,0.93499,1.12,2.25
2015.09.28 11:37:52.555,0.93473,0.93497,1.00,3.60
2015.09.28 11:37:52.657,0.93468,0.93496,1.75,1.75
2015.09.28 11:37:53.331,0.93469,0.93487,1.00,1.00
2015.09.28 11:37:53.634,0.93453,0.93483,2.25,2.25
2015.09.28 11:37:53.937,0.93459,0.93484,1.12,3.75
2015.09.28 11:37:54.778,0.93459,0.93479,1.00,1.00
2015.09.28 11:37:55.533,0.93459,0.93486,1.50,2.25
2015.09.28 11:37:56.444,0.93458,0.93478,1.00,1.00
2015.09.28 11:37:57.333,0.93461,0.93478,1.00,1.00
2015.09.28 11:37:57.434,0.93466,0.93486,1.00,1.00
2015.09.28 11:37:57.995,0.93469,0.93486,1.00,1.00
2015.09.28 11:37:59.937,0.93469,0.93496,1.50,2.25
2015.09.28 11:38:00.240,0.93468,0.93486,1.00,1.00
2015.09.28 11:38:01.675,0.93469,0.93491,1.00,2.25
2015.09.28 11:38:03.554,0.93469,0.93493,1.12,1.75
2015.09.28 11:38:04.058,0.93469,0.93486,1.00,1.00
2015.09.28 11:38:06.750,0.93469,0.93492,1.00,2.25
2015.09.28 11:38:07.604,0.93464,0.93488,1.75,1.75
2015.09.28 11:38:07.655,0.93464,0.93482,1.00,1.00
2015.09.28 11:38:08.357,0.93459,0.93484,1.50,1.75
2015.09.28 11:38:09.285,0.93459,0.93489,1.75,3.00
2015.09.28 11:38:10.099,0.93459,0.9349,4.50,1.75
2015.09.28 11:38:10.402,0.93465,0.93496,1.75,3.00
2015.09.28 11:38:10.913,0.93469,0.93497,1.75,2.25
2015.09.28 11:38:17.791,0.93469,0.93497,2.25,2.25
2015.09.28 11:38:17.893,0.93469,0.93498,2.25,2.25
2015.09.28 11:38:18.593,0.93472,0.93498,1.75,2.25
2015.09.28 11:38:18.696,0.93476,0.93496,1.00,1.00
2015.09.28 11:38:19.100,0.93473,0.93501,1.75,2.25
2015.09.28 11:38:20.603,0.93472,0.93501,1.75,2.25
2015.09.28 11:38:20.704,0.93473,0.93503,1.75,1.75
2015.09.28 11:38:21.337,0.93474,0.93505,5.25,1.75
2015.09.28 11:38:21.579,0.93482,0.93502,1.00,1.00
2015.09.28 11:38:23.716,0.93479,0.93508,1.75,1.75
2015.09.28 11:38:24.621,0.93479,0.93508,1.75,1.75
2015.09.28 11:38:32.443,0.93484,0.93507,1.00,4.50
2015.09.28 11:38:32.544,0.93479,0.93499,1.50,1.00
2015.09.28 11:38:33.211,0.93475,0.93506,2.25,1.75
2015.09.28 11:38:33.313,0.93483,0.93503,1.00,1.00
2015.09.28 11:38:37.419,0.93478,0.93509,2.25,1.75
2015.09.28 11:38:37.999,0.9348,0.93511,1.75,1.75
2015.09.28 11:38:39.631,0.93485,0.93514,1.75,1.75
2015.09.28 11:38:41.732,0.93482,0.93514,3.00,3.00
2015.09.28 11:38:43.166,0.93481,0.93512,1.75,2.25
2015.09.28 11:38:43.268,0.93485,0.93505,1.00,1.00
2015.09.28 11:38:43.369,0.93478,0.93506,2.25,1.75
2015.09.28 11:38:43.470,0.93483,0.93503,1.00,1.00
2015.09.28 11:38:47.684,0.93479,0.93508,1.75,1.75
2015.09.28 11:38:48.242,0.93478,0.93504,2.25,1.00
2015.09.28 11:38:48.546,0.9348,0.93509,1.75,2.25
2015.09.28 11:38:49.799,0.93483,0.93509,1.75,2.25
2015.09.28 11:38:49.857,0.93483,0.93513,3.00,1.75
2015.09.28 11:38:54.764,0.93484,0.93514,2.25,1.75
2015.09.28 11:38:54.814,0.93484,0.93514,2.25,1.75
2015.09.28 11:38:54.966,0.93491,0.93519,2.25,1.50
2015.09.28 11:39:01.208,0.93502,0.93522,1.00,1.00
2015.09.28 11:39:03.811,0.93495,0.93525,2.25,1.75
2015.09.28 11:39:04.508,0.93495,0.93525,2.25,1.75
2015.09.28 11:39:05.974,0.93495,0.93526,3.75,1.75
2015.09.28 11:39:06.415,0.93502,0.93522,1.00,1.00
2015.09.28 11:39:06.818,0.93495,0.93525,2.25,1.75
2015.09.28 11:39:07.821,0.93495,0.93526,2.25,1.75
2015.09.28 11:39:09.577,0.93494,0.93524,3.75,1.75
2015.09.28 11:39:10.255,0.93495,0.93524,2.25,1.75
2015.09.28 11:39:11.082,0.93496,0.93525,2.25,1.75
2015.09.28 11:39:11.603,0.93495,0.93524,3.75,1.75
2015.09.28 11:39:12.777,0.93484,0.93511,1.75,1.37
2015.09.28 11:39:13.082,0.93484,0.93506,1.00,2.25
2015.09.28 11:39:13.132,0.93479,0.93505,1.12,2.25
2015.09.28 11:39:13.386,0.93476,0.93502,1.50,2.25
2015.09.28 11:39:13.436,0.93476,0.93501,1.12,2.25
2015.09.28 11:39:14.000,0.93476,0.93501,1.00,2.25
2015.09.28 11:39:14.104,0.93471,0.93491,1.00,1.00
2015.09.28 11:39:14.256,0.93464,0.93493,1.75,1.75
2015.09.28 11:39:18.509,0.93469,0.93488,1.00,1.00
2015.09.28 11:39:18.560,0.93469,0.93494,1.00,1.75
2015.09.28 11:39:18.763,0.93464,0.9349,1.00,1.00
2015.09.28 11:39:18.864,0.93464,0.93488,1.00,1.00
2015.09.28 11:39:18.970,0.93461,0.93495,1.75,1.75
2015.09.28 11:39:19.136,0.93464,0.93495,1.00,1.75
2015.09.28 11:39:20.044,0.93463,0.93491,1.00,1.75
2015.09.28 11:39:20.398,0.93458,0.93491,1.50,1.75
2015.09.28 11:39:20.549,0.93458,0.93487,1.00,1.00
2015.09.28 11:39:21.319,0.93459,0.93487,1.00,1.00
2015.09.28 11:39:21.426,0.93459,0.93487,1.00,1.50
2015.09.28 11:39:21.851,0.93458,0.93488,1.00,1.50
2015.09.28 11:39:23.307,0.93458,0.93489,1.00,1.75
2015.09.28 11:39:24.818,0.93459,0.93491,1.00,1.75
2015.09.28 11:39:25.553,0.93459,0.93492,1.12,1.87
2015.09.28 11:39:25.761,0.9346,0.93493,1.50,1.75
2015.09.28 11:39:26.384,0.93463,0.93493,1.00,1.75
2015.09.28 11:39:26.761,0.93464,0.93488,1.00,1.12
2015.09.28 11:39:27.065,0.93464,0.93483,1.00,1.00
2015.09.28 11:39:27.788,0.93459,0.93482,1.00,1.00
2015.09.28 11:39:31.852,0.93458,0.93482,1.00,1.00
2015.09.28 11:39:32.054,0.93459,0.93482,1.00,3.60
2015.09.28 11:39:32.105,0.93454,0.93482,1.00,3.60
2015.09.28 11:39:32.206,0.93449,0.93476,1.75,1.00
2015.09.28 11:39:32.740,0.93449,0.93476,1.50,1.00
2015.09.28 11:39:32.791,0.93449,0.93481,2.25,1.37
2015.09.28 11:39:32.992,0.9345,0.93478,1.00,1.00
2015.09.28 11:39:33.502,0.93449,0.93478,1.50,1.00
2015.09.28 11:39:34.240,0.93451,0.93483,1.00,1.75
2015.09.28 11:39:34.291,0.93451,0.93483,1.00,1.75
2015.09.28 11:39:34.810,0.93452,0.93484,1.12,1.75
2015.09.28 11:39:36.522,0.93453,0.93486,1.00,2.10
2015.09.28 11:39:38.071,0.93452,0.93486,1.12,2.10
2015.09.28 11:39:40.102,0.93454,0.93486,1.00,2.10
2015.09.28 11:39:40.532,0.93451,0.93482,1.50,1.50
2015.09.28 11:39:41.132,0.93453,0.93484,1.00,1.35
2015.09.28 11:39:41.385,0.93453,0.93484,1.50,1.67
2015.09.28 11:39:42.575,0.93454,0.93481,1.00,1.00
2015.09.28 11:39:43.104,0.93453,0.93482,1.00,2.25
2015.09.28 11:39:43.992,0.93454,0.9347,1.00,2.47
2015.09.28 11:39:44.432,0.93449,0.93468,1.00,1.60
2015.09.28 11:39:44.963,0.93449,0.93468,1.00,1.00
2015.09.28 11:39:45.547,0.93449,0.93469,1.00,1.00
2015.09.28 11:39:45.598,0.93448,0.93471,1.00,1.30
2015.09.28 11:39:46.833,0.93444,0.93474,1.50,1.00
2015.09.28 11:39:46.937,0.93446,0.93474,1.00,1.00
2015.09.28 11:39:47.038,0.93444,0.93474,1.00,1.00
2015.09.28 11:39:47.089,0.93444,0.93474,1.00,1.60
2015.09.28 11:39:47.392,0.93435,0.93464,1.37,1.30
2015.09.28 11:39:48.047,0.93437,0.93464,1.00,1.35
2015.09.28 11:39:48.098,0.93437,0.93467,1.00,1.35
2015.09.28 11:39:48.149,0.93439,0.93467,1.00,1.35
2015.09.28 11:39:48.452,0.93439,0.93466,1.00,1.60
2015.09.28 11:39:48.553,0.93439,0.93466,1.00,1.00
2015.09.28 11:39:49.995,0.93433,0.93461,1.00,1.72
2015.09.28 11:39:50.147,0.93429,0.93459,1.00,1.60
2015.09.28 11:39:50.824,0.93429,0.93459,1.00,2.10
2015.09.28 11:39:51.342,0.93429,0.93457,1.00,1.00
2015.09.28 11:39:52.106,0.93429,0.93458,1.00,1.50
2015.09.28 11:39:52.859,0.93438,0.93458,1.00,1.00
2015.09.28 11:39:53.312,0.93433,0.93459,1.00,1.35
2015.09.28 11:39:53.864,0.93434,0.93461,1.00,2.47
2015.09.28 11:39:54.487,0.93439,0.9347,1.00,1.00
2015.09.28 11:39:54.546,0.9344,0.93472,1.00,1.12
2015.09.28 11:39:54.613,0.93443,0.93472,1.00,1.12
2015.09.28 11:39:55.124,0.93443,0.93473,1.00,2.10
2015.09.28 11:39:55.932,0.93444,0.93473,1.00,1.30
2015.09.28 11:39:56.281,0.93444,0.93472,1.00,2.10
2015.09.28 11:39:56.534,0.93443,0.9347,1.00,2.47
2015.09.28 11:39:56.635,0.93438,0.9347,1.00,1.72
2015.09.28 11:39:56.837,0.93444,0.9347,1.00,1.60
2015.09.28 11:39:59.545,0.93444,0.93468,1.00,2.10
2015.09.28 11:39:59.797,0.93438,0.93468,1.00,1.72
2015.09.28 11:40:00.606,0.93439,0.9347,1.00,1.60
2015.09.28 11:40:00.656,0.93443,0.93472,1.00,1.60
2015.09.28 11:40:00.758,0.93443,0.93472,1.00,1.00
2015.09.28 11:40:00.859,0.93446,0.93479,1.00,1.50
2015.09.28 11:40:00.909,0.9345,0.93482,1.00,1.00
2015.09.28 11:40:01.212,0.93454,0.9348,1.00,1.00
2015.09.28 11:40:01.873,0.93453,0.93478,1.00,1.00
2015.09.28 11:40:01.925,0.93445,0.93477,1.00,1.60
2015.09.28 11:40:02.127,0.93444,0.93474,1.00,1.00
2015.09.28 11:40:02.429,0.93443,0.93474,1.00,1.60
2015.09.28 11:40:03.802,0.93453,0.93474,1.00,1.35
2015.09.28 11:40:03.854,0.93453,0.93478,1.00,1.00
2015.09.28 11:40:03.955,0.93453,0.93477,1.00,1.50
2015.09.28 11:40:04.261,0.93454,0.93473,1.00,1.35
2015.09.28 11:40:05.155,0.93453,0.93473,1.00,1.35
2015.09.28 11:40:05.464,0.93453,0.9347,1.00,1.67
2015.09.28 11:40:05.616,0.93441,0.9347,1.50,1.35
2015.09.28 11:40:05.869,0.93439,0.93467,1.50,2.10
2015.09.28 11:40:06.171,0.93439,0.93466,1.12,1.75
2015.09.28 11:40:06.687,0.93443,0.93467,1.00,1.35
2015.09.28 11:40:06.789,0.93443,0.93467,1.00,1.30
2015.09.28 11:40:10.110,0.93443,0.93468,1.00,1.35
2015.09.28 11:40:10.574,0.93443,0.93465,1.00,1.67
2015.09.28 11:40:11.835,0.93443,0.93465,1.00,1.30
2015.09.28 11:40:12.379,0.93443,0.93466,1.00,1.00
2015.09.28 11:40:12.681,0.93443,0.93469,1.00,1.75
2015.09.28 11:40:13.483,0.93439,0.93465,1.00,2.25
2015.09.28 11:40:15.019,0.93439,0.93465,1.37,3.00
2015.09.28 11:40:15.536,0.93439,0.93459,1.00,2.85
2015.09.28 11:40:15.838,0.93438,0.93454,1.00,1.35
2015.09.28 11:40:15.990,0.93438,0.93454,1.00,1.67
2015.09.28 11:40:17.237,0.93439,0.9346,1.00,1.35
2015.09.28 11:40:17.792,0.93439,0.93458,1.00,2.25
2015.09.28 11:40:17.843,0.93434,0.93458,1.00,2.25
2015.09.28 11:40:17.944,0.93434,0.9346,1.75,2.10
2015.09.28 11:40:18.475,0.93439,0.9346,1.00,2.10
2015.09.28 11:40:18.526,0.93439,0.93457,1.00,1.00
2015.09.28 11:40:19.256,0.93437,0.93457,1.00,1.00
2015.09.28 11:40:19.307,0.93433,0.9346,1.12,2.25
2015.09.28 11:40:19.917,0.93431,0.93451,1.00,1.00
2015.09.28 11:40:20.614,0.93427,0.93458,1.75,1.75
2015.09.28 11:40:21.158,0.93434,0.93454,1.00,1.00
2015.09.28 11:40:21.918,0.93428,0.9346,3.00,1.75
2015.09.28 11:40:22.589,0.93428,0.93459,1.75,2.25
2015.09.28 11:40:22.791,0.93434,0.93453,1.00,1.35
2015.09.28 11:40:22.892,0.93426,0.93453,2.25,2.10
2015.09.28 11:40:22.993,0.93419,0.93448,1.37,1.12
2015.09.28 11:40:23.044,0.93418,0.93442,1.37,1.72
2015.09.28 11:40:23.095,0.93418,0.93442,1.12,2.10
2015.09.28 11:40:23.297,0.93418,0.9344,1.00,2.10
2015.09.28 11:40:23.881,0.93413,0.9344,1.00,2.10
2015.09.28 11:40:23.982,0.93413,0.93439,1.00,1.30
2015.09.28 11:40:24.494,0.93414,0.9344,1.00,2.10
2015.09.28 11:40:24.595,0.93409,0.9344,1.87,1.35
2015.09.28 11:40:24.696,0.93409,0.93439,1.12,1.97
2015.09.28 11:40:27.318,0.93409,0.93439,1.00,1.75
2015.09.28 11:40:27.823,0.93408,0.9344,1.12,1.75
2015.09.28 11:40:28.416,0.93409,0.9344,1.00,1.75
2015.09.28 11:40:28.976,0.93414,0.93443,1.00,1.12
2015.09.28 11:40:29.127,0.93411,0.93444,1.50,1.50
2015.09.28 11:40:29.229,0.93412,0.93447,1.12,2.10
2015.09.28 11:40:29.279,0.93415,0.93447,1.00,1.35
2015.09.28 11:40:30.489,0.93434,0.9345,1.12,1.00
2015.09.28 11:40:30.540,0.93435,0.93465,1.00,1.35
2015.09.28 11:40:30.793,0.93434,0.93464,1.00,1.35
2015.09.28 11:40:31.803,0.93443,0.93469,1.00,2.47
2015.09.28 11:40:32.055,0.93445,0.93476,1.00,2.10
2015.09.28 11:40:32.178,0.93443,0.93476,1.50,1.35
2015.09.28 11:40:32.571,0.93445,0.93476,1.00,2.10
2015.09.28 11:40:33.314,0.93443,0.93469,1.00,1.00
2015.09.28 11:40:33.415,0.93441,0.93472,1.00,1.75
2015.09.28 11:40:33.466,0.93437,0.9347,1.50,1.75
2015.09.28 11:40:33.517,0.93437,0.93468,1.50,1.00
2015.09.28 11:40:33.719,0.93439,0.93468,1.00,1.00
2015.09.28 11:40:34.072,0.93437,0.93468,1.50,1.00
2015.09.28 11:40:34.827,0.93436,0.9347,1.12,1.75
2015.09.28 11:40:35.134,0.93435,0.93467,1.00,1.75
2015.09.28 11:40:35.235,0.93434,0.93466,1.87,1.37
2015.09.28 11:40:35.337,0.93434,0.93466,1.50,1.12
2015.09.28 11:40:35.609,0.93438,0.93468,1.00,1.75
2015.09.28 11:40:36.264,0.93438,0.93463,1.00,2.62
2015.09.28 11:40:36.567,0.93429,0.93452,2.25,1.00
2015.09.28 11:40:36.618,0.93432,0.93452,1.00,1.00
2015.09.28 11:40:36.670,0.9343,0.9346,1.75,2.85
2015.09.28 11:40:36.721,0.9343,0.9346,1.75,1.35
2015.09.28 11:40:36.925,0.93434,0.93454,1.00,1.00
2015.09.28 11:40:37.580,0.93436,0.93454,1.00,1.00
2015.09.28 11:40:38.539,0.93439,0.93465,1.50,2.25
2015.09.28 11:40:38.898,0.93443,0.93462,1.00,1.00
2015.09.28 11:40:39.402,0.93442,0.93462,1.00,1.00
2015.09.28 11:40:39.453,0.93439,0.93464,1.37,1.35
2015.09.28 11:40:40.068,0.93439,0.93462,1.12,2.25
2015.09.28 11:40:41.423,0.93436,0.93456,1.00,1.00
2015.09.28 11:40:42.040,0.9343,0.9346,2.25,1.75
2015.09.28 11:40:42.671,0.93438,0.9346,1.50,1.75
2015.09.28 11:40:44.651,0.93438,0.93465,1.75,1.75
2015.09.28 11:40:45.758,0.93434,0.93457,1.12,1.35
2015.09.28 11:40:47.186,0.93434,0.93454,1.00,1.00
2015.09.28 11:40:47.388,0.93438,0.93458,1.50,1.00
2015.09.28 11:40:48.211,0.93443,0.93462,1.37,1.12
2015.09.28 11:40:49.507,0.93439,0.93463,1.12,1.75
2015.09.28 11:40:52.297,0.93434,0.93464,1.75,1.75
2015.09.28 11:40:53.610,0.93439,0.93464,1.00,1.75
2015.09.28 11:40:54.157,0.93438,0.93458,1.00,1.00
2015.09.28 11:40:54.460,0.93443,0.93474,2.25,1.75
2015.09.28 11:40:54.511,0.93444,0.93474,2.25,1.75
2015.09.28 11:40:54.562,0.93445,0.93475,1.75,2.25
2015.09.28 11:40:54.612,0.93449,0.93474,1.12,2.25
2015.09.28 11:40:54.663,0.93449,0.93474,1.50,2.25
2015.09.28 11:40:54.714,0.93451,0.93471,1.00,1.00
2015.09.28 11:40:55.352,0.93451,0.93476,1.00,1.75
2015.09.28 11:40:56.673,0.93445,0.93468,1.87,1.37
2015.09.28 11:40:56.724,0.93438,0.93468,1.75,3.60
2015.09.28 11:40:57.234,0.93439,0.93468,1.75,3.60
2015.09.28 11:40:58.751,0.93438,0.93465,1.37,2.25
2015.09.28 11:40:58.803,0.93439,0.9346,1.75,1.00
2015.09.28 11:40:59.006,0.93438,0.93468,1.75,2.10
2015.09.28 11:41:02.438,0.93444,0.93475,1.75,1.35
2015.09.28 11:41:03.940,0.93446,0.93471,1.00,2.25
2015.09.28 11:41:04.042,0.93441,0.93471,1.75,2.25
2015.09.28 11:41:05.355,0.93443,0.93463,1.50,1.00
2015.09.28 11:41:05.506,0.93443,0.93471,1.75,2.25
2015.09.28 11:41:06.040,0.93442,0.93473,1.75,3.75
2015.09.28 11:41:06.647,0.93445,0.93465,1.00,1.00
2015.09.28 11:41:06.951,0.93445,0.93471,1.00,3.00
2015.09.28 11:41:07.220,0.9344,0.93471,1.75,3.00
2015.09.28 11:41:08.917,0.93441,0.93471,1.75,2.25
2015.09.28 11:41:09.018,0.93445,0.93465,1.00,1.00
2015.09.28 11:41:09.119,0.93442,0.93475,2.25,3.75
2015.09.28 11:41:09.674,0.93444,0.93473,1.75,2.25
2015.09.28 11:41:10.033,0.93447,0.93475,1.75,3.75
2015.09.28 11:41:10.973,0.93448,0.93478,1.75,2.25
2015.09.28 11:41:11.797,0.93445,0.93476,1.75,2.25
2015.09.28 11:41:12.920,0.93445,0.93477,1.75,2.25
2015.09.28 11:41:12.971,0.93445,0.93475,1.75,1.35
2015.09.28 11:41:14.186,0.93445,0.93473,1.75,2.25
2015.09.28 11:41:14.237,0.93447,0.93467,1.00,1.00
2015.09.28 11:41:17.347,0.93443,0.93474,1.75,3.75
2015.09.28 11:41:17.853,0.93442,0.93469,1.75,1.35
2015.09.28 11:41:18.156,0.93439,0.93466,1.12,2.25
2015.09.28 11:41:18.680,0.93441,0.93461,1.00,1.00
2015.09.28 11:41:18.983,0.93444,0.93475,1.75,2.25
2015.09.28 11:41:19.287,0.93445,0.93473,2.25,1.75
2015.09.28 11:41:19.439,0.93446,0.93466,1.00,1.00
2015.09.28 11:41:20.238,0.93441,0.93474,3.00,3.00
2015.09.28 11:41:20.932,0.93444,0.93475,1.75,3.75
2015.09.28 11:41:24.742,0.93448,0.93475,1.75,3.75
2015.09.28 11:41:24.793,0.93448,0.93477,1.75,2.25
2015.09.28 11:41:24.843,0.93448,0.93477,1.75,2.25
2015.09.28 11:41:24.894,0.93454,0.93474,1.00,1.00
2015.09.28 11:41:24.995,0.93452,0.93482,1.75,2.25
2015.09.28 11:41:25.441,0.93451,0.93482,1.75,2.25
2015.09.28 11:41:25.492,0.93451,0.93483,3.00,1.35
2015.09.28 11:41:26.823,0.93454,0.93488,3.00,3.75
2015.09.28 11:41:28.297,0.93455,0.93487,3.00,2.25
2015.09.28 11:41:29.680,0.93464,0.93495,2.25,1.35
2015.09.28 11:41:29.995,0.93462,0.93491,2.25,1.75
2015.09.28 11:41:30.096,0.93465,0.93485,1.00,1.00
2015.09.28 11:41:31.033,0.93457,0.93489,2.25,2.25
2015.09.28 11:41:31.091,0.93455,0.93488,3.00,2.25
2015.09.28 11:41:31.607,0.93456,0.93487,1.75,2.25
2015.09.28 11:41:31.658,0.93461,0.93487,1.87,1.87
2015.09.28 11:41:31.709,0.93462,0.93493,2.25,1.75
2015.09.28 11:41:33.970,0.93468,0.93497,3.75,3.00
2015.09.28 11:41:34.023,0.93469,0.93497,2.25,1.75
2015.09.28 11:41:34.074,0.93464,0.93496,1.75,2.25
2015.09.28 11:41:34.377,0.93466,0.93494,2.25,1.75
2015.09.28 11:41:34.768,0.93453,0.93485,3.00,2.25
2015.09.28 11:41:35.177,0.93451,0.93484,1.75,1.75
2015.09.28 11:41:40.153,0.93452,0.93483,1.75,2.25
2015.09.28 11:41:40.204,0.93455,0.93475,1.00,1.00
2015.09.28 11:41:41.593,0.93449,0.93473,2.62,1.87
2015.09.28 11:41:41.647,0.93443,0.93473,1.75,2.25
2015.09.28 11:41:46.714,0.93446,0.93474,1.75,2.25
2015.09.28 11:41:47.221,0.93446,0.93475,1.75,2.25
2015.09.28 11:41:48.015,0.93442,0.93474,1.75,2.25
2015.09.28 11:41:48.533,0.93443,0.93475,1.75,3.75
2015.09.28 11:41:49.630,0.93441,0.93471,4.50,2.25
2015.09.28 11:41:49.681,0.93444,0.93464,1.00,1.00
2015.09.28 11:41:49.732,0.93444,0.93469,1.00,3.75
2015.09.28 11:41:50.807,0.93439,0.93469,2.25,3.75
2015.09.28 11:41:50.858,0.93439,0.93471,3.75,2.25
2015.09.28 11:41:51.359,0.93439,0.9347,1.75,3.75
2015.09.28 11:41:51.410,0.93443,0.93463,1.00,1.00
2015.09.28 11:41:52.320,0.93437,0.93467,1.75,2.25
2015.09.28 11:41:52.623,0.93434,0.93461,1.37,2.25
2015.09.28 11:41:54.045,0.93433,0.93453,1.00,1.00
2015.09.28 11:41:56.857,0.9343,0.9346,1.75,2.25
2015.09.28 11:41:57.415,0.93434,0.93454,1.00,1.00
2015.09.28 11:41:57.466,0.93434,0.9346,1.00,2.25
2015.09.28 11:41:58.504,0.93429,0.9346,2.25,2.25
2015.09.28 11:41:58.556,0.93435,0.93455,1.00,1.00
2015.09.28 11:42:00.164,0.93429,0.9346,2.25,2.25
2015.09.28 11:42:00.215,0.93432,0.93452,1.00,1.00
2015.09.28 11:42:00.267,0.93429,0.93452,1.75,1.00
2015.09.28 11:42:01.362,0.93435,0.93455,1.00,1.00
2015.09.28 11:42:01.463,0.9343,0.9346,2.25,1.75
2015.09.28 11:42:01.872,0.93436,0.93467,3.00,1.75
2015.09.28 11:42:02.175,0.93443,0.93471,1.75,1.75
2015.09.28 11:42:03.184,0.93439,0.9347,3.75,2.25
2015.09.28 11:42:03.336,0.9344,0.93471,1.75,3.75
2015.09.28 11:42:04.490,0.93444,0.9347,1.00,3.00
2015.09.28 11:42:06.757,0.93439,0.9347,2.25,1.75
2015.09.28 11:42:09.762,0.93438,0.93468,2.25,1.75
2015.09.28 11:42:13.794,0.93436,0.93469,4.50,4.50
2015.09.28 11:42:14.915,0.93435,0.93466,3.00,1.75
2015.09.28 11:42:17.000,0.93437,0.93468,1.75,2.25
2015.09.28 11:42:17.493,0.93441,0.93471,1.75,3.75
2015.09.28 11:42:21.517,0.93441,0.93471,1.75,2.25
2015.09.28 11:42:27.029,0.93439,0.93468,1.75,2.25
2015.09.28 11:42:27.080,0.9344,0.9346,1.00,1.00
2015.09.28 11:42:27.336,0.93439,0.93468,1.75,2.25
2015.09.28 11:42:27.437,0.93439,0.9347,1.75,3.00
2015.09.28 11:42:33.457,0.93438,0.93471,3.00,1.75
2015.09.28 11:42:35.007,0.93446,0.93466,1.00,1.00
2015.09.28 11:42:37.418,0.93444,0.9347,1.75,1.75
2015.09.28 11:42:37.948,0.93447,0.93467,1.00,1.00
2015.09.28 11:42:38.430,0.93444,0.93471,1.75,1.75
2015.09.28 11:42:38.531,0.93444,0.93471,1.75,1.75
2015.09.28 11:42:39.283,0.93444,0.93471,1.75,1.75
2015.09.28 11:42:40.639,0.93444,0.93468,1.75,1.00
2015.09.28 11:42:40.740,0.93444,0.93471,1.75,1.75
2015.09.28 11:42:41.587,0.93444,0.93471,1.75,1.75
2015.09.28 11:42:41.892,0.93443,0.93472,1.75,3.00
2015.09.28 11:42:42.205,0.93443,0.93474,2.25,3.00
2015.09.28 11:42:42.256,0.93451,0.93471,1.00,1.00
2015.09.28 11:42:42.659,0.9345,0.93481,1.75,3.00
2015.09.28 11:42:43.241,0.93451,0.93483,3.75,2.10
2015.09.28 11:42:44.163,0.93453,0.93483,2.25,2.10
2015.09.28 11:42:45.560,0.93449,0.93474,1.75,1.67
2015.09.28 11:42:45.862,0.93453,0.93479,1.75,1.75
2015.09.28 11:42:59.505,0.93453,0.93473,1.00,1.00
2015.09.28 11:43:01.709,0.93449,0.93466,1.00,1.75
2015.09.28 11:43:01.759,0.93444,0.93466,1.37,1.75
2015.09.28 11:43:02.326,0.93449,0.93468,1.00,1.75
2015.09.28 11:43:02.428,0.93449,0.9347,1.50,1.75
2015.09.28 11:43:03.310,0.93449,0.93472,1.75,1.50
2015.09.28 11:43:04.805,0.93449,0.93471,1.75,2.47
2015.09.28 11:43:04.907,0.93441,0.93464,1.50,1.35
2015.09.28 11:43:05.211,0.93434,0.93464,1.75,3.00
2015.09.28 11:43:05.922,0.93434,0.93463,2.25,1.75
2015.09.28 11:43:14.747,0.93442,0.93462,1.00,1.00
2015.09.28 11:43:16.733,0.93439,0.93465,1.75,1.67
2015.09.28 11:43:21.011,0.93439,0.93465,1.75,1.35
2015.09.28 11:43:21.062,0.93439,0.93465,1.75,1.35
2015.09.28 11:43:37.519,0.93434,0.93466,2.25,2.25
2015.09.28 11:43:41.089,0.93434,0.93464,3.00,2.25
2015.09.28 11:43:41.139,0.93437,0.93457,1.00,1.00
2015.09.28 11:43:42.727,0.93434,0.93462,1.12,2.25
2015.09.28 11:43:43.152,0.93438,0.93462,1.00,3.00
2015.09.28 11:43:43.450,0.93433,0.93458,1.37,2.25
2015.09.28 11:43:43.551,0.93433,0.93456,1.00,2.25
2015.09.28 11:43:44.759,0.93434,0.93449,1.00,1.00
2015.09.28 11:43:45.307,0.93433,0.93449,1.00,1.00
2015.09.28 11:43:45.915,0.93434,0.93449,1.00,1.00
2015.09.28 11:43:48.458,0.93434,0.93455,1.00,2.10
2015.09.28 11:43:53.032,0.93439,0.93455,1.00,1.30
2015.09.28 11:43:53.904,0.93434,0.93461,1.50,1.75
2015.09.28 11:43:54.530,0.93439,0.93459,1.00,1.75
2015.09.28 11:43:54.581,0.93433,0.93459,1.37,1.75
2015.09.28 11:43:54.682,0.93433,0.93458,1.00,2.25
2015.09.28 11:43:55.211,0.93434,0.93457,1.00,2.25
2015.09.28 11:43:57.301,0.93433,0.93457,1.00,2.25
2015.09.28 11:43:58.428,0.93434,0.93455,1.00,1.75
2015.09.28 11:44:04.107,0.93434,0.93455,1.00,2.25
2015.09.28 11:44:04.157,0.93428,0.93455,1.50,2.25
2015.09.28 11:44:04.592,0.93434,0.93456,1.00,1.75
2015.09.28 11:44:05.844,0.93439,0.93452,1.00,1.00
2015.09.28 11:44:05.896,0.93433,0.93452,1.00,1.50
2015.09.28 11:44:05.997,0.93433,0.93453,1.00,1.75
2015.09.28 11:44:06.502,0.93434,0.93452,1.00,1.75
2015.09.28 11:44:07.056,0.93429,0.93452,1.35,1.75
2015.09.28 11:44:07.108,0.93438,0.93451,1.00,1.00
2015.09.28 11:44:07.310,0.93434,0.93451,1.00,1.00
2015.09.28 11:44:07.613,0.93433,0.93449,1.00,1.00
2015.09.28 11:44:07.664,0.93429,0.93449,1.00,1.00
2015.09.28 11:44:08.942,0.93431,0.93451,1.00,1.00
2015.09.28 11:44:09.312,0.93424,0.93454,1.75,2.25
2015.09.28 11:44:10.275,0.93429,0.9345,1.00,1.75
2015.09.28 11:44:10.577,0.93429,0.93449,1.00,4.50
2015.09.28 11:44:11.529,0.93429,0.9345,1.00,1.75
2015.09.28 11:44:11.631,0.93425,0.93451,1.30,2.25
2015.09.28 11:44:11.733,0.93427,0.93447,1.00,1.00
2015.09.28 11:44:11.834,0.93434,0.93454,1.00,1.75
2015.09.28 11:44:12.137,0.93439,0.93457,1.00,1.75
2015.09.28 11:44:12.833,0.93433,0.93459,1.50,1.75
2015.09.28 11:44:12.941,0.93434,0.93459,1.35,1.75
2015.09.28 11:44:14.743,0.93432,0.93461,2.85,1.75
2015.09.28 11:44:15.147,0.93444,0.93461,1.00,1.75
2015.09.28 11:44:17.476,0.93433,0.93454,2.47,1.37
2015.09.28 11:44:17.529,0.93428,0.93454,1.75,2.10
2015.09.28 11:44:17.630,0.93428,0.93452,1.12,1.75
2015.09.28 11:44:17.942,0.93428,0.93451,1.00,1.75
2015.09.28 11:44:20.608,0.93434,0.93451,1.00,2.25
2015.09.28 11:44:20.661,0.93433,0.9346,1.75,1.75
2015.09.28 11:44:20.863,0.93433,0.93459,1.75,1.75
2015.09.28 11:44:20.964,0.93432,0.93452,1.00,1.00
2015.09.28 11:44:21.468,0.93428,0.93457,1.75,1.75
2015.09.28 11:44:22.891,0.93434,0.93457,1.00,1.75
2015.09.28 11:44:23.615,0.93434,0.93449,1.00,1.00
2015.09.28 11:44:26.154,0.93429,0.93449,1.50,1.00
2015.09.28 11:44:26.392,0.93429,0.93457,1.67,2.25
2015.09.28 11:44:26.443,0.93429,0.93461,2.10,1.75
2015.09.28 11:44:26.494,0.93432,0.93457,1.12,1.87
2015.09.28 11:44:26.545,0.93432,0.93462,1.00,2.25
2015.09.28 11:44:26.647,0.93433,0.9346,1.00,1.00
2015.09.28 11:44:26.798,0.93433,0.93461,1.00,1.75
2015.09.28 11:44:27.051,0.93425,0.93456,1.50,1.12
2015.09.28 11:44:27.102,0.93425,0.93456,1.50,1.37
2015.09.28 11:44:27.255,0.93429,0.93458,1.00,1.00
2015.09.28 11:44:27.772,0.93429,0.9346,1.12,1.75
2015.09.28 11:44:29.352,0.93439,0.93464,1.12,2.25
2015.09.28 11:44:30.397,0.93438,0.93468,1.37,2.25
2015.09.28 11:44:31.005,0.93434,0.93465,2.25,2.25
2015.09.28 11:44:31.258,0.93436,0.93456,1.00,1.00
2015.09.28 11:44:31.510,0.93432,0.93461,1.75,2.25
2015.09.28 11:44:31.561,0.93434,0.93461,1.12,2.25
2015.09.28 11:44:32.536,0.93434,0.93459,1.12,3.75
2015.09.28 11:44:33.048,0.93434,0.93458,1.00,2.25
2015.09.28 11:44:34.207,0.93434,0.93459,1.72,2.25
2015.09.28 11:44:34.268,0.93444,0.93468,1.12,1.75
2015.09.28 11:44:34.704,0.93441,0.93469,2.25,1.75
2015.09.28 11:44:35.007,0.93444,0.93468,1.75,1.75
2015.09.28 11:44:36.414,0.93436,0.93467,1.75,1.75
2015.09.28 11:44:36.873,0.93444,0.93464,1.00,1.00
2015.09.28 11:44:42.849,0.93444,0.93468,1.50,1.75
2015.09.28 11:44:44.365,0.93444,0.93469,1.50,1.75
2015.09.28 11:44:44.416,0.93447,0.93467,1.00,1.00
2015.09.28 11:44:44.646,0.93453,0.93467,1.00,1.00
2015.09.28 11:44:47.027,0.93453,0.93468,1.00,1.75
2015.09.28 11:44:48.861,0.93453,0.93473,1.00,1.75
2015.09.28 11:44:53.281,0.93453,0.93476,1.00,2.25
2015.09.28 11:44:53.332,0.93453,0.93472,1.00,1.00
2015.09.28 11:44:53.929,0.93453,0.93473,1.50,1.00
2015.09.28 11:44:54.286,0.93453,0.93475,1.50,2.10
2015.09.28 11:44:54.336,0.93454,0.93475,1.75,1.72
2015.09.28 11:44:54.387,0.93454,0.93475,1.37,1.72
2015.09.28 11:44:55.320,0.93454,0.93474,1.00,1.75
2015.09.28 11:44:57.510,0.93454,0.93473,1.00,1.75
2015.09.28 11:44:58.816,0.93454,0.93478,1.12,3.37
2015.09.28 11:45:02.005,0.93454,0.93473,1.37,1.00
2015.09.28 11:45:02.111,0.93453,0.93478,3.00,1.37
2015.09.28 11:45:02.162,0.93454,0.93478,1.75,1.00
2015.09.28 11:45:02.263,0.93458,0.93478,1.00,1.00
2015.09.28 11:45:02.314,0.93454,0.93483,1.75,1.75
2015.09.28 11:45:02.566,0.93463,0.93482,1.00,1.00
2015.09.28 11:45:02.617,0.93464,0.93484,1.00,1.75
2015.09.28 11:45:04.072,0.93473,0.93488,1.00,1.87
2015.09.28 11:45:04.123,0.93473,0.93496,1.00,1.37
2015.09.28 11:45:04.295,0.93473,0.93496,1.00,1.37
2015.09.28 11:45:04.913,0.93474,0.93496,1.00,1.37
2015.09.28 11:45:08.068,0.93473,0.93496,1.00,1.37
2015.09.28 11:45:08.419,0.93474,0.93496,1.37,1.37
2015.09.28 11:45:08.571,0.93476,0.93496,1.00,1.00
2015.09.28 11:45:08.722,0.93475,0.93497,1.00,1.75
2015.09.28 11:45:09.383,0.93469,0.93484,1.00,1.00
2015.09.28 11:45:09.698,0.93464,0.93484,1.00,1.75
2015.09.28 11:45:10.688,0.93463,0.93483,1.00,1.75
2015.09.28 11:45:12.229,0.93463,0.93483,1.00,1.75
2015.09.28 11:45:18.480,0.93463,0.93478,1.00,1.00
2015.09.28 11:45:18.702,0.93463,0.93483,1.00,1.50
2015.09.28 11:45:21.895,0.93464,0.93483,1.00,1.50
2015.09.28 11:45:24.994,0.93463,0.93483,1.00,1.50
2015.09.28 11:45:27.100,0.93464,0.93484,1.00,1.50
2015.09.28 11:45:28.997,0.93463,0.93484,1.00,1.50
2015.09.28 11:45:32.423,0.93453,0.93483,2.10,1.12
2015.09.28 11:45:33.011,0.93454,0.93479,1.00,1.50
2015.09.28 11:45:36.169,0.93453,0.93478,1.00,1.12
2015.09.28 11:45:37.578,0.93454,0.93478,1.00,1.12
2015.09.28 11:45:39.146,0.93449,0.93478,1.75,1.12
2015.09.28 11:45:39.926,0.93449,0.93479,1.37,1.75
2015.09.28 11:45:49.600,0.93451,0.93482,1.00,3.37
2015.09.28 11:45:49.903,0.93451,0.93478,1.75,2.25
2015.09.28 11:45:52.725,0.93449,0.93473,1.12,2.25
2015.09.28 11:45:53.441,0.93443,0.93471,1.75,1.75
2015.09.28 11:45:54.889,0.93443,0.93471,1.75,1.75
2015.09.28 11:45:55.450,0.93443,0.93471,1.75,1.75
2015.09.28 11:45:56.450,0.93443,0.93471,1.75,1.75
2015.09.28 11:45:56.652,0.93443,0.93464,1.00,1.00
2015.09.28 11:45:56.753,0.93441,0.93461,1.00,1.00
2015.09.28 11:45:57.056,0.93439,0.93459,1.00,1.00
2015.09.28 11:45:59.715,0.93438,0.9345,1.00,1.00
2015.09.28 11:45:59.766,0.93434,0.9345,1.00,1.00
2015.09.28 11:45:59.867,0.9343,0.93457,1.00,1.75
2015.09.28 11:46:00.069,0.93423,0.93454,3.75,1.75
2015.09.28 11:46:00.171,0.93428,0.93448,1.00,1.00
2015.09.28 11:46:00.373,0.93422,0.9345,2.25,1.75
2015.09.28 11:46:00.474,0.93424,0.93451,1.75,2.25
2015.09.28 11:46:01.057,0.93424,0.93454,2.25,2.25
2015.09.28 11:46:01.779,0.93423,0.9345,1.50,2.25
2015.09.28 11:46:01.881,0.93423,0.93448,1.50,1.75
2015.09.28 11:46:02.420,0.93429,0.93449,1.00,2.25
2015.09.28 11:46:02.476,0.93429,0.93452,1.00,2.25
2015.09.28 11:46:02.881,0.93423,0.93451,1.50,3.00
2015.09.28 11:46:03.807,0.93422,0.93452,2.25,3.00
2015.09.28 11:46:03.858,0.93434,0.9345,1.00,1.00
2015.09.28 11:46:04.330,0.9343,0.9345,1.00,1.00
2015.09.28 11:46:04.488,0.93424,0.93452,1.75,1.75
2015.09.28 11:46:05.265,0.93424,0.93451,1.75,1.75
2015.09.28 11:46:05.801,0.93426,0.93446,1.00,1.00
2015.09.28 11:46:07.542,0.93421,0.93453,2.25,1.75
2015.09.28 11:46:07.847,0.93429,0.93454,1.50,1.75
2015.09.28 11:46:08.661,0.93433,0.93455,1.00,1.75
2015.09.28 11:46:09.075,0.93429,0.93453,1.50,1.75
2015.09.28 11:46:09.277,0.93428,0.93452,1.12,1.75
2015.09.28 11:46:10.021,0.93429,0.93455,1.12,3.00
2015.09.28 11:46:13.793,0.93424,0.93453,2.25,1.75
2015.09.28 11:46:13.999,0.93428,0.93448,1.00,1.00
2015.09.28 11:46:14.101,0.93429,0.93453,1.00,1.75
2015.09.28 11:46:15.041,0.93424,0.93451,1.75,1.75
2015.09.28 11:46:19.079,0.93434,0.93452,1.00,1.75
2015.09.28 11:46:21.379,0.93433,0.93454,1.00,2.25
2015.09.28 11:46:23.133,0.93434,0.93454,1.00,2.25
2015.09.28 11:46:23.887,0.93433,0.93454,1.00,3.00
2015.09.28 11:46:27.727,0.93424,0.9345,1.50,3.00
2015.09.28 11:46:29.627,0.93423,0.93451,1.75,1.75
2015.09.28 11:46:30.935,0.93424,0.93451,1.75,1.75
2015.09.28 11:46:32.384,0.93429,0.93452,1.00,1.75
2015.09.28 11:46:33.928,0.93429,0.93449,1.00,1.35
2015.09.28 11:46:34.130,0.93429,0.93449,1.00,1.75
2015.09.28 11:46:34.231,0.93424,0.93449,1.00,3.00
2015.09.28 11:46:34.333,0.93424,0.93444,1.50,1.00
2015.09.28 11:46:34.383,0.93429,0.93444,1.00,1.00
2015.09.28 11:46:34.907,0.93428,0.93449,1.00,1.75
2015.09.28 11:46:34.958,0.93424,0.93448,1.00,1.75
2015.09.28 11:46:35.420,0.93428,0.93448,1.00,1.75
2015.09.28 11:46:36.714,0.93423,0.93444,1.12,2.25
2015.09.28 11:46:36.916,0.93419,0.93444,1.12,3.75
2015.09.28 11:46:37.017,0.93419,0.93441,1.00,2.25
2015.09.28 11:46:37.118,0.93415,0.9344,1.00,2.25
2015.09.28 11:46:37.169,0.93414,0.93442,1.75,1.75
2015.09.28 11:46:37.557,0.93414,0.93441,1.75,2.25
2015.09.28 11:46:40.246,0.93416,0.93436,1.00,1.00
2015.09.28 11:46:42.301,0.93414,0.93441,1.75,3.00
2015.09.28 11:46:45.878,0.93413,0.93442,1.75,1.75
2015.09.28 11:46:46.231,0.93415,0.93442,2.25,1.50
2015.09.28 11:46:46.282,0.93422,0.93442,1.00,1.50
2015.09.28 11:46:46.837,0.93417,0.93447,2.25,1.75
2015.09.28 11:46:47.141,0.93429,0.93447,1.00,1.75
2015.09.28 11:46:48.506,0.93424,0.93447,1.50,1.75
2015.09.28 11:46:48.607,0.93424,0.93445,1.00,1.75
2015.09.28 11:46:50.417,0.93423,0.93445,1.12,1.75
2015.09.28 11:46:50.920,0.93423,0.93445,1.50,1.75
2015.09.28 11:46:53.893,0.93423,0.93446,1.00,1.75
2015.09.28 11:46:53.994,0.93423,0.93446,1.50,1.75
2015.09.28 11:46:54.045,0.93423,0.93446,1.37,1.75
2015.09.28 11:46:54.552,0.93423,0.93446,1.00,1.75
2015.09.28 11:46:55.966,0.93424,0.93446,1.00,1.75
2015.09.28 11:46:58.235,0.93424,0.93448,1.00,3.00
2015.09.28 11:46:58.741,0.93423,0.93447,1.12,1.75
2015.09.28 11:46:59.714,0.93418,0.93449,3.75,1.75
2015.09.28 11:47:00.035,0.93424,0.93454,2.85,2.25
2015.09.28 11:47:00.338,0.93434,0.93453,1.00,1.00
2015.09.28 11:47:00.540,0.93433,0.93453,1.50,1.60
2015.09.28 11:47:01.053,0.93426,0.93452,2.25,2.47
2015.09.28 11:47:01.106,0.93423,0.93452,1.75,3.00
2015.09.28 11:47:01.620,0.93428,0.93452,1.00,2.25
2015.09.28 11:47:01.721,0.93429,0.93455,1.87,2.25
2015.09.28 11:47:01.772,0.93429,0.93455,1.50,2.25
2015.09.28 11:47:01.823,0.93429,0.93458,1.75,1.75
2015.09.28 11:47:01.924,0.93429,0.9346,3.75,1.75
2015.09.28 11:47:02.440,0.93432,0.93462,1.75,2.25
2015.09.28 11:47:02.979,0.93434,0.93454,1.00,1.00
2015.09.28 11:47:03.891,0.93435,0.93455,1.00,1.00
2015.09.28 11:47:06.222,0.93433,0.9346,1.75,1.75
2015.09.28 11:47:06.788,0.93429,0.93456,1.37,3.75
2015.09.28 11:47:06.855,0.93428,0.93454,1.37,3.75
2015.09.28 11:47:07.359,0.93423,0.93453,2.25,2.25
2015.09.28 11:47:10.633,0.93423,0.93453,3.00,2.25
2015.09.28 11:47:10.684,0.93424,0.93455,3.00,1.75
2015.09.28 11:47:10.836,0.93433,0.93457,1.37,2.25
2015.09.28 11:47:10.887,0.93433,0.93463,1.75,1.75
2015.09.28 11:47:10.988,0.93433,0.93461,1.75,1.75
2015.09.28 11:47:11.089,0.93433,0.93463,1.75,1.75
2015.09.28 11:47:11.421,0.93433,0.93462,1.75,3.00
2015.09.28 11:47:12.101,0.93439,0.93462,1.00,3.00
2015.09.28 11:47:14.086,0.93438,0.93462,1.00,3.00
2015.09.28 11:47:15.753,0.93438,0.93456,1.00,4.50
2015.09.28 11:47:15.806,0.93434,0.93456,1.00,4.50
2015.09.28 11:47:16.167,0.93423,0.93454,3.00,1.75
2015.09.28 11:47:16.268,0.93423,0.93454,3.00,1.75
2015.09.28 11:47:16.369,0.93427,0.93447,1.00,1.00
2015.09.28 11:47:16.621,0.93428,0.93454,1.37,2.25
2015.09.28 11:47:16.671,0.93428,0.93458,1.87,2.25
2015.09.28 11:47:16.722,0.9343,0.93458,2.25,2.25
2015.09.28 11:47:16.773,0.9343,0.93459,2.25,1.37
2015.09.28 11:47:17.321,0.93436,0.93467,2.10,1.75
2015.09.28 11:47:17.667,0.93444,0.93467,1.00,1.75
2015.09.28 11:47:19.403,0.93439,0.93468,1.37,1.75
2015.09.28 11:47:19.605,0.93443,0.93468,1.00,1.75
2015.09.28 11:47:27.584,0.93444,0.93468,1.00,1.75
2015.09.28 11:47:32.658,0.93449,0.93469,1.37,1.87
2015.09.28 11:47:32.708,0.93449,0.93475,1.37,1.37
2015.09.28 11:47:46.842,0.93448,0.93476,1.75,1.75
2015.09.28 11:47:56.271,0.93444,0.93473,3.75,1.75
2015.09.28 11:47:56.474,0.93445,0.93473,2.25,1.75
2015.09.28 11:47:57.207,0.93452,0.93473,1.00,1.37
2015.09.28 11:47:57.750,0.93445,0.93465,1.00,1.00
2015.09.28 11:47:59.628,0.93439,0.93469,1.75,2.25
2015.09.28 11:48:00.541,0.93439,0.93469,1.75,2.25
2015.09.28 11:48:00.592,0.93439,0.9347,1.75,1.75
2015.09.28 11:48:01.468,0.93439,0.93471,1.75,1.50
2015.09.28 11:48:01.821,0.93442,0.93472,1.00,1.00
2015.09.28 11:48:02.036,0.93442,0.9347,1.00,1.00
2015.09.28 11:48:04.504,0.93439,0.93469,1.75,1.00
2015.09.28 11:48:07.253,0.93439,0.9347,1.75,1.12
2015.09.28 11:48:07.866,0.93439,0.93469,1.75,1.00
2015.09.28 11:48:08.966,0.93439,0.9347,1.75,1.12
2015.09.28 11:48:09.760,0.93439,0.93469,1.75,1.00
2015.09.28 11:48:11.126,0.93444,0.93469,1.00,1.00
2015.09.28 11:48:11.728,0.93444,0.9347,1.00,1.12
2015.09.28 11:48:12.485,0.93438,0.9347,1.75,1.12
2015.09.28 11:48:13.526,0.93439,0.9347,1.75,1.72
2015.09.28 11:48:13.577,0.93439,0.93466,1.00,1.00
2015.09.28 11:48:14.177,0.9344,0.93465,1.00,1.00
2015.09.28 11:48:14.229,0.93444,0.93466,1.00,1.00
2015.09.28 11:48:15.661,0.93444,0.93467,1.00,1.12
2015.09.28 11:48:16.064,0.93439,0.93467,1.75,1.37
2015.09.28 11:48:16.367,0.93444,0.93468,1.75,1.75
2015.09.28 11:48:16.418,0.93447,0.93467,1.00,1.00
2015.09.28 11:48:16.519,0.93444,0.93468,1.75,1.75
2015.09.28 11:48:25.876,0.93442,0.93469,2.25,1.37
2015.09.28 11:48:25.927,0.93443,0.93469,2.25,1.12
2015.09.28 11:48:26.431,0.93449,0.93471,1.75,1.37
2015.09.28 11:48:27.019,0.93449,0.9347,1.37,1.50
2015.09.28 11:48:27.337,0.93449,0.93471,1.75,1.00
2015.09.28 11:48:27.388,0.93449,0.93471,1.75,1.00
2015.09.28 11:48:27.489,0.93448,0.93478,3.00,1.75
2015.09.28 11:48:28.009,0.93448,0.93475,3.00,1.00
2015.09.28 11:48:28.926,0.93448,0.93477,3.00,1.75
2015.09.28 11:48:32.456,0.93457,0.93477,1.00,1.00
2015.09.28 11:48:32.708,0.93454,0.93474,1.00,1.00
2015.09.28 11:48:33.011,0.93444,0.93471,1.75,1.75
2015.09.28 11:48:33.314,0.93448,0.93471,1.75,1.50
2015.09.28 11:48:34.184,0.93448,0.93471,1.75,1.75
2015.09.28 11:48:34.235,0.93448,0.93471,1.75,1.75
2015.09.28 11:48:34.737,0.93448,0.93471,1.75,1.50
2015.09.28 11:48:36.995,0.93444,0.93472,2.25,1.75
2015.09.28 11:48:37.047,0.93441,0.9347,2.25,1.75
2015.09.28 11:48:37.600,0.93439,0.93469,1.75,1.75
2015.09.28 11:48:38.123,0.93438,0.93469,2.25,2.25
2015.09.28 11:48:38.224,0.93443,0.93471,2.25,1.50
2015.09.28 11:48:42.465,0.93448,0.93473,1.75,1.50
2015.09.28 11:48:44.604,0.93449,0.93474,1.50,1.75
2015.09.28 11:48:44.656,0.93449,0.93469,1.50,1.00
2015.09.28 11:48:51.840,0.93442,0.93469,2.25,2.25
2015.09.28 11:48:52.387,0.93439,0.93468,1.75,2.25
2015.09.28 11:48:54.886,0.93444,0.93468,1.00,2.25
2015.09.28 11:48:58.024,0.93444,0.9347,1.37,2.25
2015.09.28 11:48:58.530,0.9344,0.93471,1.75,2.25
2015.09.28 11:48:59.424,0.93442,0.93471,2.25,1.75
2015.09.28 11:48:59.475,0.93442,0.93471,2.25,1.75
2015.09.28 11:48:59.797,0.93449,0.93468,1.37,1.00
2015.09.28 11:49:01.878,0.93449,0.93476,3.75,2.25
2015.09.28 11:49:01.929,0.93449,0.9348,3.75,1.75
2015.09.28 11:49:02.507,0.93449,0.93475,1.75,3.00
2015.09.28 11:49:02.559,0.93449,0.93475,1.37,3.00
2015.09.28 11:49:04.086,0.93449,0.93474,1.00,3.00
2015.09.28 11:49:04.288,0.93443,0.93472,1.75,3.00
2015.09.28 11:49:04.792,0.93445,0.93465,1.00,1.00
2015.09.28 11:49:06.002,0.93444,0.93472,1.75,2.25
2015.09.28 11:49:06.532,0.93444,0.93473,1.75,1.75
2015.09.28 11:49:08.828,0.93444,0.93472,2.25,1.75
2015.09.28 11:49:08.879,0.93444,0.93472,3.00,1.75
2015.09.28 11:49:09.232,0.93443,0.93473,1.75,3.00
2015.09.28 11:49:10.196,0.93444,0.93475,1.75,2.25
2015.09.28 11:49:10.305,0.9345,0.9347,1.00,1.00
2015.09.28 11:49:10.641,0.93443,0.93474,3.75,1.75
2015.09.28 11:49:10.743,0.93448,0.93473,1.00,2.25
2015.09.28 11:49:16.616,0.93441,0.93467,2.25,1.00
2015.09.28 11:49:16.717,0.93446,0.93475,1.75,2.25
2015.09.28 11:49:17.020,0.93453,0.93478,1.12,1.75
2015.09.28 11:49:17.071,0.93453,0.93473,1.50,1.00
2015.09.28 11:49:17.900,0.93454,0.93473,1.00,1.00
2015.09.28 11:49:19.143,0.93454,0.93471,1.00,1.00
2015.09.28 11:49:19.480,0.93453,0.93469,1.00,1.00
2015.09.28 11:49:19.581,0.93453,0.93471,1.00,1.00
2015.09.28 11:49:19.632,0.93453,0.93476,1.00,2.25
2015.09.28 11:49:23.035,0.93453,0.9347,1.00,1.00
2015.09.28 11:49:24.057,0.93453,0.93478,1.00,3.00
2015.09.28 11:49:25.093,0.93454,0.93477,1.00,1.75
2015.09.28 11:49:26.471,0.93454,0.93478,1.12,1.75
2015.09.28 11:49:27.150,0.93454,0.93475,1.37,1.00
2015.09.28 11:49:27.302,0.93458,0.93478,1.00,1.00
2015.09.28 11:49:27.996,0.93459,0.93478,1.00,1.00
2015.09.28 11:49:29.162,0.93459,0.93479,1.12,1.75
2015.09.28 11:49:31.212,0.93453,0.93479,1.75,2.10
2015.09.28 11:49:31.418,0.93455,0.93475,1.00,1.00
2015.09.28 11:49:31.519,0.93457,0.93475,1.00,1.00
2015.09.28 11:49:31.823,0.93463,0.93491,1.75,3.00
2015.09.28 11:49:32.663,0.93459,0.93489,1.75,1.75
2015.09.28 11:49:32.967,0.93458,0.93489,1.75,1.75
2015.09.28 11:49:33.270,0.93454,0.93483,3.00,1.75
2015.09.28 11:49:33.841,0.93454,0.93483,2.25,1.75
2015.09.28 11:49:33.896,0.93453,0.93484,3.00,1.75
2015.09.28 11:49:44.625,0.93455,0.93482,2.25,1.50
2015.09.28 11:49:44.676,0.93454,0.93482,1.75,1.50
2015.09.28 11:49:45.411,0.93459,0.93479,1.00,1.00
2015.09.28 11:49:45.513,0.93453,0.93481,1.75,1.75
2015.09.28 11:49:46.798,0.93451,0.93482,1.75,1.75
2015.09.28 11:49:47.302,0.93457,0.93477,1.00,1.00
2015.09.28 11:49:47.650,0.93453,0.93484,2.25,1.75
2015.09.28 11:49:48.105,0.93459,0.93484,1.75,1.75
2015.09.28 11:49:48.683,0.93459,0.93477,1.50,1.00
2015.09.28 11:49:48.734,0.93459,0.93477,1.12,1.00
2015.09.28 11:49:54.732,0.93459,0.93478,1.00,1.75
2015.09.28 11:49:54.833,0.93459,0.93477,1.00,1.00
2015.09.28 11:49:57.451,0.93458,0.93477,1.00,1.00
2015.09.28 11:49:58.046,0.93458,0.93478,1.00,1.75
2015.09.28 11:50:02.026,0.93459,0.93478,1.00,1.75
2015.09.28 11:50:06.142,0.93458,0.93476,1.00,2.25
2015.09.28 11:50:06.647,0.93459,0.93476,1.00,2.25
2015.09.28 11:50:07.973,0.93459,0.93471,1.00,2.25
2015.09.28 11:50:08.028,0.93449,0.93471,1.00,2.25
2015.09.28 11:50:09.578,0.93449,0.9347,1.00,2.85
2015.09.28 11:50:09.881,0.93444,0.93469,1.00,2.85
2015.09.28 11:50:09.982,0.93444,0.93473,1.50,3.00
2015.09.28 11:50:10.084,0.93449,0.93473,1.00,3.60
2015.09.28 11:50:11.634,0.93449,0.93471,1.00,2.25
2015.09.28 11:50:12.296,0.93454,0.93471,1.00,3.00
2015.09.28 11:50:12.859,0.93453,0.93471,1.00,3.00
2015.09.28 11:50:13.278,0.93453,0.93473,1.00,2.25
2015.09.28 11:50:13.796,0.93454,0.93473,1.00,2.25
2015.09.28 11:50:14.772,0.93454,0.93472,1.00,1.75
2015.09.28 11:50:15.288,0.93453,0.93467,1.00,1.00
2015.09.28 11:50:15.993,0.93453,0.93474,1.00,1.75
2015.09.28 11:50:16.480,0.93453,0.93477,1.12,3.00
2015.09.28 11:50:17.889,0.93454,0.93474,1.00,1.00
2015.09.28 11:50:18.342,0.93459,0.93474,1.00,1.00
2015.09.28 11:50:19.040,0.93458,0.93474,1.00,1.00
2015.09.28 11:50:19.866,0.93459,0.93474,1.00,1.00
2015.09.28 11:50:21.067,0.93458,0.93474,1.00,1.00
2015.09.28 11:50:23.065,0.93459,0.93474,1.00,1.00
2015.09.28 11:50:24.904,0.93458,0.93474,1.00,1.00
2015.09.28 11:50:27.482,0.93454,0.93474,1.00,1.00
2015.09.28 11:50:37.527,0.93453,0.9348,1.75,2.32
2015.09.28 11:50:42.517,0.93453,0.93477,1.75,1.85
2015.09.28 11:50:43.033,0.93456,0.93476,1.00,1.00
2015.09.28 11:50:47.553,0.93453,0.93479,1.50,1.82
2015.09.28 11:50:47.604,0.93453,0.93479,1.50,1.82
2015.09.28 11:50:52.585,0.93454,0.93479,1.00,2.32
2015.09.28 11:50:57.964,0.93454,0.93477,1.00,1.85
2015.09.28 11:50:58.488,0.93449,0.93477,1.75,1.85
2015.09.28 11:51:01.074,0.93454,0.93474,1.50,1.00
2015.09.28 11:51:01.278,0.93454,0.93479,1.50,1.35
2015.09.28 11:51:01.631,0.93458,0.93479,1.00,1.35
2015.09.28 11:51:01.833,0.93454,0.93482,1.50,2.25
2015.09.28 11:51:03.166,0.93461,0.93482,1.37,1.87
2015.09.28 11:51:03.217,0.93462,0.93494,2.25,3.00
2015.09.28 11:51:03.369,0.93469,0.93494,1.50,1.75
2015.09.28 11:51:06.578,0.93473,0.93493,1.00,1.00
2015.09.28 11:51:06.930,0.93468,0.93499,2.25,3.60
2015.09.28 11:51:07.590,0.93468,0.93497,1.75,2.25
2015.09.28 11:51:08.496,0.93469,0.93499,1.75,1.35
2015.09.28 11:51:09.115,0.93473,0.93498,1.12,3.75
2015.09.28 11:51:09.671,0.93469,0.93498,1.75,3.00
2015.09.28 11:51:10.473,0.93469,0.93497,1.75,2.25
2015.09.28 11:51:14.373,0.93464,0.93494,2.25,2.25
2015.09.28 11:51:14.598,0.93469,0.93495,1.50,1.75
2015.09.28 11:51:16.408,0.93469,0.93487,1.00,1.00
2015.09.28 11:51:16.784,0.93467,0.93487,1.00,1.00
2015.09.28 11:51:18.126,0.9346,0.93489,2.25,1.35
2015.09.28 11:51:18.177,0.93465,0.93485,1.00,1.00
2015.09.28 11:51:18.228,0.93459,0.93489,3.00,1.67
2015.09.28 11:51:18.531,0.93459,0.93486,1.75,1.35
2015.09.28 11:51:18.582,0.93459,0.9349,2.25,3.00
2015.09.28 11:51:18.633,0.93461,0.9349,2.25,3.00
2015.09.28 11:51:18.684,0.93462,0.93493,3.00,1.75
2015.09.28 11:51:21.237,0.93462,0.9349,2.25,1.75
2015.09.28 11:51:21.288,0.9346,0.9349,3.75,1.75
2015.09.28 11:51:22.156,0.93458,0.93488,3.00,1.35
2015.09.28 11:51:22.701,0.93458,0.93488,1.75,1.35
2015.09.28 11:51:23.120,0.93458,0.93484,1.75,1.35
2015.09.28 11:51:23.695,0.9346,0.9348,1.00,1.00
2015.09.28 11:51:24.332,0.93456,0.93484,1.75,1.35
2015.09.28 11:51:24.685,0.93455,0.93486,1.75,1.75
2015.09.28 11:51:25.304,0.93459,0.93479,1.00,1.00
2015.09.28 11:51:25.557,0.93459,0.93479,1.00,1.60
2015.09.28 11:51:25.608,0.9345,0.93477,1.75,1.35
2015.09.28 11:51:25.709,0.93449,0.93477,1.75,1.35
2015.09.28 11:51:25.810,0.93449,0.93477,1.12,2.85
2015.09.28 11:51:26.012,0.93449,0.93477,1.75,2.85
2015.09.28 11:51:26.816,0.93449,0.9348,1.75,3.00
2015.09.28 11:51:30.240,0.93454,0.93476,1.12,1.35
2015.09.28 11:51:30.392,0.93452,0.9348,1.00,3.00
2015.09.28 11:51:30.493,0.93449,0.9348,1.75,3.00
2015.09.28 11:51:31.136,0.93454,0.93474,1.00,1.00
2015.09.28 11:51:31.790,0.93451,0.93471,1.00,1.00
2015.09.28 11:51:32.093,0.93448,0.93475,1.75,4.50
2015.09.28 11:51:33.340,0.93444,0.93474,1.75,2.25
2015.09.28 11:51:38.635,0.93447,0.93475,1.75,2.85
2015.09.28 11:51:39.454,0.93446,0.93475,1.75,1.35
2015.09.28 11:51:39.757,0.93445,0.93475,1.75,2.85
2015.09.28 11:51:44.446,0.93442,0.93468,1.75,1.67
2015.09.28 11:51:50.864,0.93442,0.93472,1.75,2.25
2015.09.28 11:51:50.966,0.93446,0.93466,1.00,1.00
2015.09.28 11:51:51.068,0.93442,0.93471,1.75,2.25
2015.09.28 11:51:51.372,0.93442,0.93473,1.75,2.25
2015.09.28 11:51:52.384,0.93441,0.93471,1.75,2.25
2015.09.28 11:51:57.952,0.9344,0.93471,1.75,4.50
2015.09.28 11:51:58.105,0.9344,0.9347,1.75,1.35
2015.09.28 11:51:58.256,0.9344,0.9347,1.75,1.35
2015.09.28 11:51:58.776,0.93446,0.93466,1.00,1.00
2015.09.28 11:52:02.575,0.93444,0.93471,1.50,1.75
2015.09.28 11:52:03.165,0.93444,0.93471,1.50,1.75
2015.09.28 11:52:04.305,0.93444,0.93463,1.00,1.00
2015.09.28 11:52:04.709,0.93442,0.93462,1.00,1.00
2015.09.28 11:52:06.422,0.93436,0.93466,1.75,2.25
2015.09.28 11:52:06.524,0.93434,0.93466,1.75,2.25
2015.09.28 11:52:06.625,0.9343,0.93461,3.00,2.25
2015.09.28 11:52:07.156,0.93433,0.93462,1.75,2.25
2015.09.28 11:52:07.206,0.93438,0.93458,1.00,1.00
2015.09.28 11:52:07.889,0.93437,0.93466,1.75,2.25
2015.09.28 11:52:08.800,0.93437,0.93468,3.00,1.75
2015.09.28 11:52:09.304,0.93444,0.93469,1.12,4.50
2015.09.28 11:52:10.915,0.93444,0.93469,1.12,2.25
2015.09.28 11:52:12.360,0.93444,0.93461,1.00,1.00
2015.09.28 11:52:13.134,0.93441,0.93461,1.00,1.00
2015.09.28 11:52:13.185,0.93441,0.93458,1.00,1.12
2015.09.28 11:52:13.236,0.93434,0.93458,1.75,1.87
2015.09.28 11:52:13.287,0.93434,0.93454,1.75,1.60
2015.09.28 11:52:13.819,0.93426,0.93446,1.00,1.00
2015.09.28 11:52:15.301,0.93429,0.93446,1.00,1.00
2015.09.28 11:52:19.970,0.93426,0.93446,1.00,1.00
2015.09.28 11:52:20.312,0.93429,0.93446,1.00,1.00
2015.09.28 11:52:21.114,0.93429,0.9345,1.00,1.75
2015.09.28 11:52:21.164,0.93424,0.9345,1.75,1.75
2015.09.28 11:52:21.667,0.93428,0.9345,1.00,1.75
2015.09.28 11:52:22.193,0.93423,0.93451,1.75,1.75
2015.09.28 11:52:22.446,0.93423,0.93451,1.50,3.00
2015.09.28 11:52:22.547,0.93423,0.9345,1.12,1.75
2015.09.28 11:52:23.141,0.93423,0.93447,1.37,1.75
2015.09.28 11:52:23.200,0.93415,0.93445,1.75,2.25
2015.09.28 11:52:23.544,0.93419,0.9345,3.00,1.75
2015.09.28 11:52:23.645,0.93423,0.93449,1.75,1.75
2015.09.28 11:52:27.150,0.93424,0.93452,1.12,3.00
2015.09.28 11:52:28.965,0.93423,0.93454,1.75,3.00
2015.09.28 11:52:30.118,0.93428,0.93448,1.00,1.50
2015.09.28 11:52:32.138,0.93423,0.93448,1.75,1.50
2015.09.28 11:52:32.786,0.93424,0.93448,1.75,1.75
2015.09.28 11:52:32.838,0.93413,0.93443,3.00,1.75
2015.09.28 11:52:33.344,0.93414,0.93443,1.75,1.75
2015.09.28 11:52:34.058,0.93413,0.93443,1.75,1.75
2015.09.28 11:52:35.948,0.93416,0.93444,2.25,1.37
2015.09.28 11:52:35.999,0.93418,0.93444,2.25,1.12
2015.09.28 11:52:36.658,0.93424,0.93447,1.75,1.50
2015.09.28 11:52:37.195,0.93425,0.93444,1.00,1.37
2015.09.28 11:52:37.711,0.93424,0.93446,1.50,1.50
2015.09.28 11:52:57.021,0.93424,0.93446,1.50,1.75
2015.09.28 11:53:00.727,0.93419,0.93446,3.00,1.12
2015.09.28 11:53:04.482,0.93418,0.93447,4.50,1.75
2015.09.28 11:53:04.533,0.93418,0.93447,3.00,1.75
2015.09.28 11:53:04.736,0.93422,0.93442,1.00,1.00
2015.09.28 11:53:08.098,0.93424,0.93442,1.00,1.00
2015.09.28 11:53:08.630,0.93423,0.93441,1.00,1.00
2015.09.28 11:53:09.220,0.93419,0.93444,1.75,1.75
2015.09.28 11:53:09.372,0.93419,0.93439,1.50,1.00
2015.09.28 11:53:09.643,0.93414,0.93444,1.75,4.50
2015.09.28 11:53:09.947,0.93414,0.93443,3.00,1.75
2015.09.28 11:53:10.492,0.9342,0.93447,2.85,2.25
2015.09.28 11:53:10.543,0.9342,0.93449,2.25,1.75
2015.09.28 11:53:10.847,0.93428,0.93448,1.00,1.00
2015.09.28 11:53:11.162,0.93424,0.93449,1.75,1.75
2015.09.28 11:53:11.263,0.93424,0.93447,1.75,1.50
2015.09.28 11:53:13.469,0.93419,0.9345,3.00,1.75
2015.09.28 11:53:13.674,0.93424,0.93444,1.00,1.00
2015.09.28 11:53:15.445,0.93419,0.93448,1.75,1.75
2015.09.28 11:53:16.435,0.93419,0.93448,1.75,3.00
2015.09.28 11:53:17.561,0.93422,0.93442,1.00,1.00
2015.09.28 11:53:26.361,0.93421,0.93449,2.25,1.50
2015.09.28 11:53:26.664,0.9342,0.9345,3.75,1.75
2015.09.28 11:53:28.531,0.9342,0.9345,3.75,1.75
2015.09.28 11:53:28.581,0.93419,0.9345,1.75,3.00
2015.09.28 11:53:28.783,0.93419,0.93447,1.75,1.75
2015.09.28 11:53:29.812,0.93419,0.93447,1.75,1.75
2015.09.28 11:53:29.863,0.93419,0.93449,1.75,1.75
2015.09.28 11:53:34.698,0.93419,0.93445,1.50,2.25
2015.09.28 11:53:35.001,0.93414,0.93443,1.75,2.25
2015.09.28 11:53:36.495,0.93412,0.93443,1.75,4.50
2015.09.28 11:53:36.697,0.93412,0.93442,1.75,2.25
2015.09.28 11:53:37.721,0.93414,0.93442,1.75,3.75
2015.09.28 11:53:38.225,0.93414,0.93442,1.75,2.25
2015.09.28 11:53:43.853,0.93416,0.93443,1.75,2.25
2015.09.28 11:53:43.904,0.93419,0.93439,1.00,1.00
2015.09.28 11:53:44.434,0.93418,0.93448,1.75,2.25
2015.09.28 11:53:44.485,0.93418,0.93448,3.00,2.25
2015.09.28 11:53:44.535,0.93425,0.93445,1.00,1.00
2015.09.28 11:53:44.587,0.93423,0.93451,1.75,1.75
2015.09.28 11:53:44.638,0.93423,0.93451,1.75,1.75
2015.09.28 11:54:00.674,0.93432,0.93452,1.00,1.00
2015.09.28 11:54:07.285,0.93429,0.93449,1.00,1.00
2015.09.28 11:54:07.588,0.93426,0.93457,3.00,1.75
2015.09.28 11:54:08.891,0.93429,0.9346,1.75,3.00
2015.09.28 11:54:14.773,0.93429,0.93459,2.25,2.25
2015.09.28 11:54:15.318,0.93431,0.93462,1.75,3.00
2015.09.28 11:54:17.422,0.93429,0.9346,3.75,1.75
2015.09.28 11:54:20.081,0.93429,0.93461,2.25,1.75
2015.09.28 11:54:20.132,0.93428,0.93461,2.25,3.00
2015.09.28 11:54:21.105,0.93428,0.93458,1.75,2.25
2015.09.28 11:54:21.841,0.93429,0.93458,1.75,2.25
2015.09.28 11:54:21.942,0.93435,0.93467,2.25,1.75
2015.09.28 11:54:22.043,0.93436,0.93467,3.00,1.75
2015.09.28 11:54:22.145,0.93438,0.93467,2.25,1.75
2015.09.28 11:54:22.921,0.93439,0.93467,2.25,1.75
2015.09.28 11:54:24.255,0.93439,0.93463,2.25,1.00
2015.09.28 11:54:24.802,0.93434,0.93458,1.75,1.12
2015.09.28 11:54:24.904,0.93432,0.93456,2.25,1.00
2015.09.28 11:54:25.055,0.93429,0.93454,1.75,1.50
2015.09.28 11:54:25.565,0.93428,0.93456,1.75,1.75
2015.09.28 11:54:28.623,0.93429,0.93458,1.75,2.25
2015.09.28 11:54:31.062,0.93428,0.93458,2.25,2.25
2015.09.28 11:54:31.264,0.93431,0.93464,3.00,3.00
2015.09.28 11:54:31.801,0.93429,0.93461,3.00,1.75
2015.09.28 11:54:31.958,0.93427,0.93458,1.75,1.75
2015.09.28 11:54:35.212,0.93424,0.93455,3.00,1.75
2015.09.28 11:54:35.957,0.93424,0.93454,3.00,1.75
2015.09.28 11:54:42.890,0.9342,0.9345,2.25,1.75
2015.09.28 11:54:42.941,0.93418,0.93438,1.00,1.00
2015.09.28 11:54:44.161,0.9343,0.93447,1.00,1.00
2015.09.28 11:54:44.212,0.9343,0.9345,1.00,1.00
2015.09.28 11:54:47.258,0.93423,0.93453,1.75,1.75
2015.09.28 11:54:50.072,0.93424,0.93454,1.75,1.75
2015.09.28 11:54:50.608,0.93424,0.93456,1.75,1.75
2015.09.28 11:54:51.923,0.93424,0.93453,1.75,1.75
2015.09.28 11:54:52.704,0.93424,0.93453,3.00,1.75
2015.09.28 11:54:53.390,0.93425,0.93455,2.25,1.75
2015.09.28 11:54:53.693,0.93431,0.93461,2.25,1.75
2015.09.28 11:54:55.408,0.93434,0.93462,3.00,1.50
2015.09.28 11:55:08.096,0.93438,0.93462,1.75,1.00
2015.09.28 11:55:13.867,0.9344,0.9347,1.35,2.25
2015.09.28 11:55:14.381,0.93448,0.9347,1.00,2.25
2015.09.28 11:55:14.432,0.93448,0.93466,1.00,1.00
2015.09.28 11:55:17.225,0.93449,0.93466,1.00,1.00
2015.09.28 11:55:17.873,0.93448,0.93466,1.00,1.00
2015.09.28 11:55:20.990,0.93454,0.93473,1.00,1.37
2015.09.28 11:55:21.040,0.93454,0.93475,1.00,1.75
2015.09.28 11:55:21.554,0.93449,0.93478,1.75,1.75
2015.09.28 11:55:22.892,0.93454,0.93476,1.00,1.75
2015.09.28 11:55:23.061,0.93448,0.93474,1.75,1.75
2015.09.28 11:55:23.163,0.93449,0.93469,1.00,1.00
2015.09.28 11:55:25.522,0.93448,0.93472,1.37,2.25
2015.09.28 11:55:26.068,0.93448,0.93471,1.00,2.25
2015.09.28 11:55:29.645,0.93439,0.9347,3.00,1.75
2015.09.28 11:55:30.219,0.93438,0.9346,1.00,1.75
2015.09.28 11:55:30.969,0.93439,0.93461,1.00,3.00
2015.09.28 11:55:32.758,0.93439,0.9346,1.00,1.75
2015.09.28 11:55:32.860,0.93439,0.93456,1.00,1.00
2015.09.28 11:55:41.724,0.93439,0.93457,1.00,1.00
2015.09.28 11:55:43.428,0.93439,0.93457,1.00,1.75
2015.09.28 11:55:46.578,0.93433,0.93458,1.75,1.75
2015.09.28 11:55:46.778,0.93433,0.93458,1.75,1.75
2015.09.28 11:55:47.320,0.93433,0.93458,1.75,1.75
2015.09.28 11:55:47.844,0.93439,0.93459,1.00,1.75
2015.09.28 11:55:48.356,0.93433,0.93459,1.75,1.75
2015.09.28 11:55:48.710,0.93439,0.93462,1.87,1.72
2015.09.28 11:55:48.761,0.93439,0.93461,2.25,1.00
2015.09.28 11:55:48.812,0.93438,0.93461,1.75,1.12
2015.09.28 11:55:48.913,0.93438,0.93461,1.75,1.12
2015.09.28 11:55:49.216,0.93439,0.93462,1.50,2.10
2015.09.28 11:55:50.618,0.93439,0.9346,1.00,1.75
2015.09.28 11:55:54.509,0.93439,0.93459,1.00,1.75
2015.09.28 11:55:54.712,0.93439,0.93461,1.00,1.75
2015.09.28 11:55:54.765,0.93435,0.93455,1.00,1.00
2015.09.28 11:55:55.358,0.93433,0.93458,1.00,2.85
2015.09.28 11:55:55.411,0.93428,0.93458,1.75,2.85
2015.09.28 11:55:57.123,0.93428,0.93454,1.37,2.25
2015.09.28 11:55:57.174,0.93428,0.93446,1.00,1.00
2015.09.28 11:55:57.326,0.93428,0.93451,1.00,2.25
2015.09.28 11:55:57.478,0.93424,0.93451,1.00,3.00
2015.09.28 11:55:57.630,0.93429,0.93448,1.00,1.35
2015.09.28 11:55:57.996,0.93424,0.93448,1.12,1.35
2015.09.28 11:55:58.723,0.93424,0.93444,1.50,1.00
2015.09.28 11:55:58.824,0.93424,0.93451,1.75,3.75
2015.09.28 11:55:58.925,0.93426,0.93446,1.00,1.00
2015.09.28 11:55:59.280,0.93425,0.93452,1.75,2.25
2015.09.28 11:55:59.331,0.93428,0.93448,1.00,1.00
2015.09.28 11:55:59.382,0.93426,0.93455,1.75,2.25
2015.09.28 11:55:59.432,0.93428,0.93458,1.75,3.75
2015.09.28 11:55:59.533,0.93433,0.93453,1.00,1.00
2015.09.28 11:56:00.335,0.93434,0.93453,1.00,1.00
2015.09.28 11:56:06.809,0.93434,0.93461,1.12,3.75
2015.09.28 11:56:08.817,0.93434,0.93459,1.12,2.25
2015.09.28 11:56:10.978,0.93438,0.93467,1.75,2.25
2015.09.28 11:56:11.029,0.93443,0.93463,1.00,1.00
2015.09.28 11:56:11.758,0.93442,0.93471,1.75,2.25
2015.09.28 11:56:12.834,0.93444,0.93464,1.00,1.00
2015.09.28 11:56:12.935,0.93438,0.93469,1.75,2.25
2015.09.28 11:56:14.399,0.93438,0.93469,1.75,3.75
2015.09.28 11:56:14.904,0.93438,0.93468,1.75,3.75
2015.09.28 11:56:15.685,0.93438,0.93468,2.25,3.75
2015.09.28 11:56:15.754,0.93444,0.93464,1.00,1.00
2015.09.28 11:56:16.056,0.93445,0.93466,1.00,1.00
2015.09.28 11:56:16.714,0.93439,0.93469,1.75,1.75
2015.09.28 11:56:17.899,0.93433,0.93463,2.25,2.25
2015.09.28 11:56:18.625,0.93436,0.93463,1.75,2.25
2015.09.28 11:56:18.676,0.93436,0.93466,1.75,2.25
2015.09.28 11:56:20.821,0.93436,0.93467,1.75,1.75
2015.09.28 11:56:23.936,0.93434,0.93465,4.50,1.75
2015.09.28 11:56:24.456,0.93441,0.93461,1.00,1.00
2015.09.28 11:56:26.868,0.93435,0.93466,1.75,1.75
2015.09.28 11:56:27.417,0.93442,0.93462,1.00,1.00
2015.09.28 11:56:27.770,0.93439,0.93466,1.75,1.75
2015.09.28 11:56:33.276,0.93441,0.93461,1.00,1.00
2015.09.28 11:56:33.650,0.93439,0.93469,1.75,4.50
2015.09.28 11:56:34.215,0.93439,0.93468,1.75,2.25
2015.09.28 11:56:34.266,0.93441,0.93461,1.00,1.00
2015.09.28 11:56:34.367,0.93439,0.93469,1.75,3.00
2015.09.28 11:56:52.637,0.93444,0.93469,1.00,3.00
2015.09.28 11:56:52.738,0.93444,0.93471,1.50,3.00
2015.09.28 11:56:58.890,0.93441,0.93469,1.75,2.25
2015.09.28 11:56:58.941,0.93442,0.93463,1.00,1.00
2015.09.28 11:57:04.680,0.93438,0.93469,1.75,2.25
2015.09.28 11:57:05.142,0.93439,0.93468,1.75,1.35
2015.09.28 11:57:05.682,0.93438,0.93467,1.75,2.25
2015.09.28 11:57:06.277,0.93438,0.93467,1.37,4.87
2015.09.28 11:57:06.378,0.93434,0.93465,1.75,2.25
2015.09.28 11:57:07.366,0.93438,0.93458,1.00,1.00
2015.09.28 11:57:07.746,0.93433,0.93464,1.75,2.25
2015.09.28 11:57:07.797,0.93436,0.93456,1.00,1.00
2015.09.28 11:57:10.729,0.93439,0.93464,1.37,2.25
2015.09.28 11:57:10.780,0.9344,0.93466,1.50,2.25
2015.09.28 11:57:13.470,0.93439,0.93467,1.75,2.25
2015.09.28 11:57:13.521,0.93439,0.93469,1.75,3.75
2015.09.28 11:57:13.622,0.93439,0.9347,1.75,3.00
2015.09.28 11:57:21.372,0.93444,0.93468,1.00,2.25
2015.09.28 11:57:22.236,0.93435,0.93461,3.00,1.00
2015.09.28 11:57:22.677,0.93434,0.93466,3.00,3.60
2015.09.28 11:57:26.784,0.9344,0.9346,1.00,1.00
2015.09.28 11:57:27.796,0.93434,0.93465,1.75,3.00
2015.09.28 11:57:28.097,0.93438,0.93464,1.00,2.25
2015.09.28 11:57:28.350,0.93433,0.93463,1.75,1.75
2015.09.28 11:57:28.851,0.93432,0.93463,1.75,3.00
2015.09.28 11:57:29.593,0.93429,0.93461,2.25,2.25
2015.09.28 11:57:29.904,0.9343,0.93461,1.75,1.75
2015.09.28 11:57:30.406,0.9343,0.93461,1.75,1.75
2015.09.28 11:57:31.136,0.9343,0.93453,1.37,2.25
2015.09.28 11:57:31.187,0.93418,0.93449,3.00,1.75
2015.09.28 11:57:31.238,0.93418,0.93449,1.75,1.75
2015.09.28 11:57:31.573,0.9342,0.9344,1.00,1.00
2015.09.28 11:57:32.114,0.93419,0.93447,1.50,3.75
2015.09.28 11:57:32.216,0.93421,0.93448,1.50,2.25
2015.09.28 11:57:32.809,0.93423,0.93453,2.25,2.25
2015.09.28 11:57:35.023,0.93424,0.93455,1.75,5.25
2015.09.28 11:57:35.124,0.93427,0.93456,1.75,3.75
2015.09.28 11:57:35.628,0.93428,0.93457,1.75,2.25
2015.09.28 11:57:37.533,0.93429,0.93456,1.50,3.75
2015.09.28 11:57:38.848,0.93428,0.93456,1.75,2.25
2015.09.28 11:57:44.949,0.93423,0.93455,1.75,4.50
2015.09.28 11:57:45.253,0.93424,0.93451,1.12,2.25
2015.09.28 11:57:45.458,0.93427,0.93452,1.00,2.25
2015.09.28 11:57:45.791,0.93428,0.93457,1.75,2.25
2015.09.28 11:57:49.261,0.93431,0.93451,1.00,1.00
2015.09.28 11:57:49.631,0.93433,0.93451,1.00,1.00
2015.09.28 11:57:50.464,0.93433,0.93454,1.00,1.75
2015.09.28 11:57:50.565,0.93428,0.93453,1.75,1.75
2015.09.28 11:57:50.666,0.93424,0.93453,2.25,2.25
2015.09.28 11:57:52.055,0.93424,0.93448,3.00,1.00
2015.09.28 11:57:52.106,0.9342,0.93446,2.25,1.00
2015.09.28 11:57:52.157,0.93419,0.93446,2.25,1.37
2015.09.28 11:57:52.209,0.93423,0.93443,1.00,1.00
2015.09.28 11:57:52.260,0.93416,0.93445,2.25,1.75
2015.09.28 11:57:52.311,0.93414,0.93445,1.75,1.75
2015.09.28 11:57:53.468,0.93417,0.93437,1.00,1.00
2015.09.28 11:57:55.781,0.93414,0.93441,1.12,3.00
2015.09.28 11:58:00.088,0.93409,0.93435,1.75,1.35
2015.09.28 11:58:00.390,0.93407,0.93436,1.75,2.25
2015.09.28 11:58:00.693,0.93413,0.93433,1.00,1.00
2015.09.28 11:58:01.297,0.93409,0.93438,1.75,2.25
2015.09.28 11:58:01.606,0.93408,0.93437,1.75,1.75
2015.09.28 11:58:01.657,0.93414,0.93437,1.00,1.75
2015.09.28 11:58:01.808,0.93415,0.93435,1.35,1.00
2015.09.28 11:58:01.909,0.93415,0.93445,2.10,2.25
2015.09.28 11:58:02.664,0.93415,0.93446,1.75,3.00
2015.09.28 11:58:03.671,0.93415,0.93445,2.25,1.75
2015.09.28 11:58:04.906,0.93418,0.93446,1.75,1.75
2015.09.28 11:58:07.984,0.93418,0.93442,1.75,1.00
2015.09.28 11:58:08.489,0.93416,0.93445,1.75,3.75
2015.09.28 11:58:08.540,0.93416,0.93445,1.75,4.35
2015.09.28 11:58:08.691,0.93414,0.93441,2.25,3.75
2015.09.28 11:58:08.742,0.93414,0.93441,1.50,3.75
2015.09.28 11:58:09.334,0.93412,0.9344,1.75,2.25
2015.09.28 11:58:13.973,0.93414,0.93442,1.75,3.00
2015.09.28 11:58:14.232,0.93415,0.93443,1.75,1.75
2015.09.28 11:58:14.836,0.93418,0.93446,1.75,1.75
2015.09.28 11:58:15.554,0.93423,0.93451,1.75,2.25
2015.09.28 11:58:15.655,0.93423,0.93451,1.75,1.75
2015.09.28 11:58:16.159,0.93427,0.93447,1.00,1.00
2015.09.28 11:58:17.506,0.93427,0.93452,1.00,3.75
2015.09.28 11:58:19.428,0.93415,0.93443,3.00,1.75
2015.09.28 11:58:19.763,0.93415,0.93442,1.50,2.25
2015.09.28 11:58:23.768,0.93413,0.93437,1.00,2.25
2015.09.28 11:58:24.297,0.9341,0.93437,1.75,2.25
2015.09.28 11:58:27.358,0.93409,0.93434,1.00,3.00
2015.09.28 11:58:27.409,0.93406,0.93434,1.50,3.00
2015.09.28 11:58:27.460,0.93405,0.93433,1.12,3.00
2015.09.28 11:58:27.864,0.93402,0.9343,1.50,2.25
2015.09.28 11:58:30.256,0.93399,0.93429,2.25,1.75
2015.09.28 11:58:30.458,0.93399,0.93429,2.25,3.00
2015.09.28 11:58:30.660,0.93404,0.93424,1.50,1.00
2015.09.28 11:58:32.098,0.93404,0.93432,2.25,1.75
2015.09.28 11:58:49.504,0.93407,0.93434,1.37,3.75
2015.09.28 11:58:49.605,0.93407,0.93433,1.12,2.25
2015.09.28 11:58:51.437,0.93404,0.93429,1.37,4.50
2015.09.28 11:58:51.639,0.93404,0.93421,1.00,1.00
2015.09.28 11:58:52.349,0.93406,0.93426,1.00,1.00
2015.09.28 11:58:52.686,0.93404,0.93432,1.75,2.25
2015.09.28 11:58:53.195,0.93403,0.93432,1.75,1.75
2015.09.28 11:58:53.498,0.93403,0.93432,1.75,3.00
2015.09.28 11:58:54.940,0.93402,0.93432,2.10,3.00
2015.09.28 11:58:55.041,0.93402,0.93432,3.00,1.75
2015.09.28 11:58:55.210,0.93402,0.93432,1.75,1.75
2015.09.28 11:58:55.951,0.93411,0.93431,1.00,1.00
2015.09.28 11:59:04.140,0.93408,0.93436,1.50,1.75
2015.09.28 11:59:04.693,0.93404,0.93433,1.75,3.00
2015.09.28 11:59:05.849,0.93406,0.93434,1.75,1.75
2015.09.28 11:59:14.441,0.93405,0.93435,3.00,3.00
2015.09.28 11:59:14.747,0.93405,0.93433,1.75,1.75
2015.09.28 11:59:16.055,0.93407,0.93435,1.50,2.25
2015.09.28 11:59:16.106,0.93414,0.93434,1.00,1.00
2015.09.28 11:59:20.497,0.93407,0.93435,1.75,1.75
2015.09.28 11:59:28.532,0.93411,0.93431,1.00,1.00
2015.09.28 11:59:30.102,0.9341,0.9343,1.00,1.00
2015.09.28 11:59:30.304,0.93405,0.93433,1.75,1.75
2015.09.28 11:59:47.261,0.93405,0.93435,1.75,1.75
2015.09.28 11:59:57.730,0.93405,0.93435,1.75,1.75
2015.09.28 11:59:57.781,0.93405,0.93435,3.00,1.75
