2016.12.16 16:00:00.063,0.97283,0.97304,1.00,1.00
2016.12.16 16:00:00.544,0.97284,0.97304,1.87,1.30
2016.12.16 16:00:00.695,0.97283,0.97304,1.00,1.35
2016.12.16 16:00:00.938,0.97285,0.97304,1.00,2.10
2016.12.16 16:00:00.988,0.97282,0.97304,1.00,2.85
2016.12.16 16:00:01.291,0.97282,0.97302,1.00,1.00
2016.12.16 16:00:01.593,0.97279,0.97302,1.50,2.25
2016.12.16 16:00:01.794,0.97281,0.97303,1.00,1.00
2016.12.16 16:00:01.955,0.97284,0.973,1.00,1.00
2016.12.16 16:00:02.004,0.97284,0.97305,1.12,1.37
2016.12.16 16:00:02.307,0.97282,0.97301,1.75,1.50
2016.12.16 16:00:02.509,0.97279,0.97302,1.12,1.35
2016.12.16 16:00:02.560,0.97279,0.97301,2.25,1.00
2016.12.16 16:00:02.610,0.97281,0.97301,1.00,1.50
2016.12.16 16:00:03.069,0.97283,0.97301,1.00,1.00
2016.12.16 16:00:03.120,0.97283,0.97303,1.00,1.00
2016.12.16 16:00:03.528,0.97282,0.97299,1.00,1.00
2016.12.16 16:00:03.780,0.97274,0.97299,1.75,2.25
2016.12.16 16:00:03.881,0.97274,0.97298,1.87,2.25
2016.12.16 16:00:04.267,0.97273,0.97292,1.50,1.00
2016.12.16 16:00:04.571,0.97271,0.9729,1.75,1.00
2016.12.16 16:00:04.722,0.97273,0.97292,1.50,1.00
2016.12.16 16:00:04.773,0.97274,0.97294,1.12,1.00
2016.12.16 16:00:04.975,0.97275,0.97292,1.12,1.00
2016.12.16 16:00:05.026,0.97277,0.97296,1.00,1.00
2016.12.16 16:00:05.446,0.97276,0.97299,1.87,2.25
2016.12.16 16:00:05.547,0.97275,0.97298,2.25,1.87
2016.12.16 16:00:05.598,0.97275,0.97298,1.87,2.25
2016.12.16 16:00:05.699,0.97277,0.97298,1.00,2.25
2016.12.16 16:00:06.003,0.9728,0.97298,1.00,1.12
2016.12.16 16:00:06.287,0.97279,0.97301,1.12,1.12
2016.12.16 16:00:06.338,0.97282,0.97301,1.00,1.12
2016.12.16 16:00:06.439,0.97278,0.97301,2.25,1.12
2016.12.16 16:00:06.709,0.97281,0.973,1.00,1.00
2016.12.16 16:00:07.012,0.97284,0.97306,1.00,2.25
2016.12.16 16:00:07.314,0.97284,0.97304,1.00,1.50
2016.12.16 16:00:07.566,0.97284,0.97302,1.50,1.12
2016.12.16 16:00:08.004,0.97282,0.97302,1.12,1.12
2016.12.16 16:00:08.155,0.97282,0.97302,1.87,1.00
2016.12.16 16:00:08.458,0.97282,0.97296,1.00,1.00
2016.12.16 16:00:08.509,0.97283,0.973,1.00,1.75
2016.12.16 16:00:08.560,0.9728,0.97301,1.87,1.50
2016.12.16 16:00:08.661,0.9728,0.973,1.37,1.50
2016.12.16 16:00:08.711,0.9728,0.97302,1.75,2.25
2016.12.16 16:00:08.762,0.97278,0.97302,1.50,2.62
2016.12.16 16:00:08.812,0.97278,0.973,1.50,1.00
2016.12.16 16:00:08.931,0.97281,0.97303,1.00,1.75
2016.12.16 16:00:08.982,0.9728,0.97303,1.75,1.12
2016.12.16 16:00:09.133,0.9728,0.973,1.75,1.00
2016.12.16 16:00:09.234,0.97283,0.97304,1.00,1.50
2016.12.16 16:00:09.486,0.97282,0.97305,1.12,1.75
2016.12.16 16:00:09.587,0.97283,0.97305,1.12,2.25
2016.12.16 16:00:09.688,0.97283,0.97305,1.75,1.12
2016.12.16 16:00:09.990,0.97281,0.97303,1.75,1.00
2016.12.16 16:00:10.363,0.97288,0.97305,1.00,1.12
2016.12.16 16:00:10.515,0.97289,0.97307,1.12,1.00
2016.12.16 16:00:10.565,0.97289,0.97307,1.37,1.00
2016.12.16 16:00:11.018,0.97286,0.97308,3.00,1.00
2016.12.16 16:00:11.170,0.97288,0.97307,1.50,1.00
2016.12.16 16:00:11.220,0.97289,0.97309,1.75,1.00
2016.12.16 16:00:11.371,0.9729,0.97309,1.75,1.00
2016.12.16 16:00:11.686,0.97286,0.97307,1.75,1.60
2016.12.16 16:00:12.045,0.97286,0.97304,1.75,1.00
2016.12.16 16:00:12.494,0.97286,0.97306,2.25,1.00
2016.12.16 16:00:12.935,0.9729,0.9731,1.12,2.62
2016.12.16 16:00:12.987,0.97295,0.97311,1.00,2.62
2016.12.16 16:00:13.305,0.97299,0.97315,1.00,1.00
2016.12.16 16:00:13.457,0.97299,0.97319,1.75,1.00
2016.12.16 16:00:13.840,0.97296,0.97316,2.62,1.00
2016.12.16 16:00:13.993,0.97295,0.97314,1.75,1.00
2016.12.16 16:00:14.249,0.97294,0.97312,2.25,1.00
2016.12.16 16:00:14.300,0.97294,0.97317,2.25,2.25
2016.12.16 16:00:14.402,0.97295,0.97317,2.25,1.50
2016.12.16 16:00:14.704,0.97299,0.9732,1.50,1.50
2016.12.16 16:00:14.916,0.97298,0.97315,1.00,1.00
2016.12.16 16:00:15.218,0.97311,0.97325,1.00,1.37
2016.12.16 16:00:15.527,0.97308,0.97326,1.00,2.25
2016.12.16 16:00:16.103,0.97305,0.97325,1.00,1.00
2016.12.16 16:00:16.254,0.9731,0.97325,1.00,1.00
2016.12.16 16:00:16.557,0.97308,0.97322,1.00,1.00
2016.12.16 16:00:16.658,0.97306,0.97322,1.00,1.00
2016.12.16 16:00:16.774,0.97308,0.97323,1.00,1.00
2016.12.16 16:00:17.107,0.97311,0.97326,1.00,1.12
2016.12.16 16:00:17.258,0.97309,0.97326,1.00,1.12
2016.12.16 16:00:17.570,0.97311,0.97326,1.00,1.00
2016.12.16 16:00:17.671,0.97311,0.9733,1.00,2.10
2016.12.16 16:00:17.721,0.97314,0.9733,1.00,1.37
2016.12.16 16:00:17.772,0.97309,0.97329,2.25,1.00
2016.12.16 16:00:17.822,0.97321,0.97328,1.00,1.00
2016.12.16 16:00:17.873,0.97317,0.97328,1.00,1.00
2016.12.16 16:00:17.924,0.97312,0.9733,1.37,1.50
2016.12.16 16:00:18.073,0.97311,0.97329,1.12,1.00
2016.12.16 16:00:18.224,0.97309,0.97326,1.12,1.00
2016.12.16 16:00:18.375,0.97306,0.97326,3.00,1.00
2016.12.16 16:00:18.728,0.97305,0.97327,1.00,1.35
2016.12.16 16:00:19.156,0.97308,0.97326,1.00,1.00
2016.12.16 16:00:19.368,0.9731,0.97332,1.50,1.75
2016.12.16 16:00:19.418,0.97313,0.97334,1.00,1.75
2016.12.16 16:00:19.519,0.97312,0.97336,1.00,3.75
2016.12.16 16:00:19.570,0.97314,0.97335,1.00,3.00
2016.12.16 16:00:19.621,0.97311,0.97334,1.00,1.12
2016.12.16 16:00:19.721,0.97315,0.97334,1.00,1.87
2016.12.16 16:00:19.872,0.97312,0.97334,1.00,2.47
2016.12.16 16:00:20.024,0.9731,0.97332,1.00,1.00
2016.12.16 16:00:20.399,0.97318,0.97332,1.00,1.00
2016.12.16 16:00:20.450,0.97322,0.97341,1.00,1.75
2016.12.16 16:00:20.551,0.97317,0.9734,1.50,1.00
2016.12.16 16:00:20.702,0.97318,0.97341,1.00,1.37
2016.12.16 16:00:21.005,0.97337,0.97344,1.00,3.00
2016.12.16 16:00:21.055,0.97336,0.97344,1.12,3.00
2016.12.16 16:00:21.106,0.97336,0.97344,1.00,1.00
2016.12.16 16:00:21.207,0.97334,0.9735,1.00,1.00
2016.12.16 16:00:21.257,0.97334,0.97348,1.00,1.00
2016.12.16 16:00:21.530,0.97321,0.97341,1.75,1.00
2016.12.16 16:00:21.646,0.97321,0.97344,1.75,1.00
2016.12.16 16:00:21.998,0.97326,0.97345,1.50,1.00
2016.12.16 16:00:22.301,0.97324,0.97338,1.37,1.00
2016.12.16 16:00:22.351,0.97324,0.9734,1.00,1.00
2016.12.16 16:00:22.516,0.97319,0.9734,2.25,1.00
2016.12.16 16:00:22.783,0.9732,0.97342,2.25,1.12
2016.12.16 16:00:22.834,0.9732,0.97339,1.50,1.00
2016.12.16 16:00:22.889,0.9732,0.97343,2.25,1.87
2016.12.16 16:00:22.996,0.97324,0.97343,1.00,1.37
2016.12.16 16:00:23.197,0.97327,0.97346,1.12,1.00
2016.12.16 16:00:23.248,0.97329,0.9735,1.00,3.00
2016.12.16 16:00:23.349,0.9733,0.97352,1.50,2.25
2016.12.16 16:00:23.399,0.97331,0.97352,1.37,1.12
2016.12.16 16:00:23.949,0.97332,0.97351,1.75,1.50
2016.12.16 16:00:24.050,0.97331,0.97354,1.75,1.00
2016.12.16 16:00:24.101,0.97331,0.97352,1.75,1.00
2016.12.16 16:00:24.202,0.97332,0.97354,2.25,1.12
2016.12.16 16:00:24.303,0.97332,0.97354,1.50,1.00
2016.12.16 16:00:24.507,0.97332,0.97354,1.75,1.00
2016.12.16 16:00:24.942,0.97332,0.97346,1.87,1.00
2016.12.16 16:00:25.094,0.9733,0.97346,1.50,1.00
2016.12.16 16:00:25.195,0.97327,0.97349,3.00,1.12
2016.12.16 16:00:25.296,0.97327,0.97349,2.25,1.50
2016.12.16 16:00:25.346,0.97329,0.97349,1.00,1.50
2016.12.16 16:00:25.498,0.97329,0.97351,1.12,1.12
2016.12.16 16:00:25.822,0.97327,0.9735,1.50,1.37
2016.12.16 16:00:26.495,0.97327,0.97343,1.37,1.00
2016.12.16 16:00:26.647,0.97322,0.9734,1.50,1.00
2016.12.16 16:00:26.748,0.97321,0.9734,1.00,1.12
2016.12.16 16:00:27.233,0.97323,0.97342,1.12,1.00
2016.12.16 16:00:27.546,0.97321,0.97341,5.62,1.00
2016.12.16 16:00:27.596,0.97324,0.97344,1.75,1.00
2016.12.16 16:00:27.697,0.97323,0.97342,1.75,1.00
2016.12.16 16:00:27.748,0.9732,0.97341,1.75,1.00
2016.12.16 16:00:27.849,0.9732,0.97338,1.12,1.00
2016.12.16 16:00:27.950,0.97316,0.97338,1.75,1.00
2016.12.16 16:00:28.299,0.97315,0.97336,1.75,1.00
2016.12.16 16:00:28.865,0.97315,0.97337,1.75,1.87
2016.12.16 16:00:29.401,0.97314,0.97336,2.25,1.00
2016.12.16 16:00:29.956,0.97314,0.97337,3.00,1.12
2016.12.16 16:00:30.261,0.97314,0.97334,1.75,1.00
2016.12.16 16:00:30.463,0.97314,0.97335,1.00,1.50
2016.12.16 16:00:30.893,0.97315,0.97332,1.00,1.00
2016.12.16 16:00:30.943,0.97313,0.97333,1.12,1.50
2016.12.16 16:00:31.044,0.97314,0.97331,1.00,1.00
2016.12.16 16:00:31.095,0.97314,0.97333,1.00,1.00
2016.12.16 16:00:31.145,0.97315,0.97329,1.00,1.00
2016.12.16 16:00:31.196,0.97313,0.97333,1.12,1.50
2016.12.16 16:00:31.297,0.97315,0.97332,1.00,1.00
2016.12.16 16:00:31.449,0.97313,0.97332,1.12,1.00
2016.12.16 16:00:31.499,0.9731,0.97328,1.75,1.00
2016.12.16 16:00:31.550,0.9731,0.9733,1.75,1.00
2016.12.16 16:00:31.601,0.9731,0.97334,1.75,4.72
2016.12.16 16:00:31.651,0.97307,0.97325,1.75,1.00
2016.12.16 16:00:31.702,0.97307,0.97327,1.75,2.25
2016.12.16 16:00:31.816,0.97307,0.97328,1.37,1.37
2016.12.16 16:00:31.867,0.97307,0.97322,1.00,1.00
2016.12.16 16:00:32.026,0.97305,0.97324,1.00,1.00
2016.12.16 16:00:32.077,0.97308,0.97326,1.00,1.00
2016.12.16 16:00:32.178,0.97306,0.97328,1.50,1.12
2016.12.16 16:00:32.229,0.97304,0.97325,2.25,1.00
2016.12.16 16:00:32.632,0.97308,0.97329,1.00,1.75
2016.12.16 16:00:32.838,0.97306,0.97328,1.87,1.00
2016.12.16 16:00:33.059,0.97304,0.97327,1.50,1.37
2016.12.16 16:00:33.110,0.97302,0.97322,2.25,1.00
2016.12.16 16:00:33.160,0.97303,0.97321,1.37,1.00
2016.12.16 16:00:33.262,0.97301,0.97323,1.50,1.00
2016.12.16 16:00:33.312,0.973,0.9732,1.75,1.00
2016.12.16 16:00:33.665,0.97299,0.97317,1.87,1.00
2016.12.16 16:00:33.997,0.973,0.97321,1.00,1.12
2016.12.16 16:00:34.048,0.97304,0.97322,1.00,1.50
2016.12.16 16:00:34.551,0.97303,0.97321,1.00,1.00
2016.12.16 16:00:34.702,0.97301,0.97321,2.25,1.00
2016.12.16 16:00:35.206,0.97301,0.97322,1.37,1.12
2016.12.16 16:00:35.751,0.97301,0.97322,2.25,1.50
2016.12.16 16:00:36.054,0.97301,0.97316,1.75,1.00
2016.12.16 16:00:36.155,0.97299,0.97317,1.50,1.00
2016.12.16 16:00:36.356,0.97297,0.97317,1.00,1.00
2016.12.16 16:00:36.674,0.97297,0.97315,1.00,1.00
2016.12.16 16:00:36.725,0.97294,0.97318,2.25,2.25
2016.12.16 16:00:36.776,0.97294,0.97313,3.00,1.00
2016.12.16 16:00:36.928,0.97296,0.97316,1.00,1.00
2016.12.16 16:00:36.978,0.97298,0.97317,1.00,1.00
2016.12.16 16:00:37.230,0.97299,0.97319,1.12,1.00
2016.12.16 16:00:37.331,0.97298,0.97317,1.50,1.00
2016.12.16 16:00:37.382,0.97298,0.97321,1.50,2.25
2016.12.16 16:00:37.583,0.97297,0.97319,1.50,1.00
2016.12.16 16:00:37.634,0.97297,0.97316,1.00,1.00
2016.12.16 16:00:37.948,0.97293,0.97315,1.37,1.37
2016.12.16 16:00:38.048,0.97294,0.97316,1.00,1.50
2016.12.16 16:00:38.099,0.97294,0.97312,1.00,1.00
2016.12.16 16:00:38.402,0.97289,0.97307,1.75,1.00
2016.12.16 16:00:38.503,0.97289,0.97309,1.75,1.00
2016.12.16 16:00:38.890,0.97288,0.97309,1.50,1.00
2016.12.16 16:00:39.133,0.97289,0.97311,1.00,1.50
2016.12.16 16:00:39.183,0.97293,0.97311,1.00,1.00
2016.12.16 16:00:39.486,0.97289,0.97307,2.25,1.00
2016.12.16 16:00:39.536,0.97289,0.97307,1.50,1.50
2016.12.16 16:00:39.587,0.97289,0.97305,1.12,1.00
2016.12.16 16:00:39.687,0.97285,0.97304,1.00,1.00
2016.12.16 16:00:40.191,0.97284,0.97304,1.00,1.50
2016.12.16 16:00:40.694,0.97284,0.97307,2.85,2.25
2016.12.16 16:00:40.795,0.97285,0.97307,2.25,1.00
2016.12.16 16:00:40.896,0.97289,0.97307,1.00,1.00
2016.12.16 16:00:41.427,0.97289,0.97308,1.00,1.00
2016.12.16 16:00:41.966,0.97289,0.97309,1.00,1.75
2016.12.16 16:00:42.376,0.97289,0.97303,1.00,1.00
2016.12.16 16:00:42.528,0.97282,0.97301,1.00,1.00
2016.12.16 16:00:42.679,0.97281,0.97303,1.75,1.12
2016.12.16 16:00:42.864,0.97289,0.97305,1.00,2.25
2016.12.16 16:00:43.321,0.97289,0.97306,1.00,1.37
2016.12.16 16:00:44.454,0.97289,0.97309,1.00,1.75
2016.12.16 16:00:44.555,0.97289,0.9731,1.00,2.25
2016.12.16 16:00:44.756,0.97287,0.97307,1.12,1.50
2016.12.16 16:00:44.958,0.97289,0.97308,1.00,1.50
2016.12.16 16:00:45.361,0.97287,0.97307,1.12,1.50
2016.12.16 16:00:45.513,0.97286,0.97305,1.00,1.00
2016.12.16 16:00:45.818,0.97281,0.97299,2.25,1.00
2016.12.16 16:00:45.919,0.97281,0.973,1.00,1.00
2016.12.16 16:00:46.485,0.97281,0.97302,1.00,1.50
2016.12.16 16:00:46.637,0.9728,0.973,1.50,1.00
2016.12.16 16:00:47.145,0.97281,0.97301,1.00,2.25
2016.12.16 16:00:47.447,0.97284,0.97299,1.00,1.00
2016.12.16 16:00:47.548,0.9728,0.97299,1.50,1.00
2016.12.16 16:00:47.599,0.9728,0.97301,1.50,1.50
2016.12.16 16:00:47.700,0.9728,0.97301,1.75,3.00
2016.12.16 16:00:47.800,0.97279,0.97301,2.25,3.37
2016.12.16 16:00:48.462,0.97281,0.97298,1.12,1.00
2016.12.16 16:00:48.513,0.97281,0.973,1.12,1.00
2016.12.16 16:00:48.563,0.97279,0.97298,1.12,1.00
2016.12.16 16:00:49.067,0.97278,0.97299,1.50,1.00
2016.12.16 16:00:49.575,0.97278,0.97298,1.50,1.50
2016.12.16 16:00:50.094,0.97278,0.97297,1.50,1.00
2016.12.16 16:00:50.450,0.97284,0.97299,1.00,1.50
2016.12.16 16:00:50.552,0.97281,0.97299,1.00,1.00
2016.12.16 16:00:50.653,0.97281,0.97303,1.50,1.00
2016.12.16 16:00:50.754,0.97285,0.97303,1.50,1.00
2016.12.16 16:00:50.905,0.97287,0.97307,1.00,1.50
2016.12.16 16:00:51.107,0.97285,0.97307,1.00,1.50
2016.12.16 16:00:51.309,0.97289,0.97308,1.00,2.25
2016.12.16 16:00:51.576,0.97293,0.97311,1.00,1.50
2016.12.16 16:00:51.727,0.97291,0.97314,1.00,3.00
2016.12.16 16:00:51.778,0.97295,0.97314,1.00,1.75
2016.12.16 16:00:52.080,0.97304,0.97315,1.00,1.00
2016.12.16 16:00:52.131,0.97309,0.97324,1.00,1.00
2016.12.16 16:00:52.282,0.97309,0.97331,1.87,2.25
2016.12.16 16:00:52.333,0.97312,0.97334,1.00,3.00
2016.12.16 16:00:52.528,0.97313,0.97335,1.00,2.25
2016.12.16 16:00:52.579,0.9731,0.97333,1.87,1.37
2016.12.16 16:00:52.630,0.97311,0.97332,1.00,1.00
2016.12.16 16:00:52.680,0.97312,0.97334,1.37,1.37
2016.12.16 16:00:52.731,0.97313,0.97335,1.12,1.87
2016.12.16 16:00:52.782,0.97315,0.97335,1.12,1.50
2016.12.16 16:00:52.984,0.97316,0.97337,1.00,1.00
2016.12.16 16:00:53.085,0.97319,0.97334,1.00,1.00
2016.12.16 16:00:53.135,0.97313,0.97335,2.25,1.50
2016.12.16 16:00:53.186,0.97313,0.97333,1.37,1.12
2016.12.16 16:00:53.489,0.97308,0.97326,1.00,1.12
2016.12.16 16:00:53.597,0.97304,0.97326,1.50,1.50
2016.12.16 16:00:53.800,0.97302,0.97325,2.25,1.37
2016.12.16 16:00:54.254,0.97299,0.9732,1.75,1.00
2016.12.16 16:00:54.305,0.97301,0.97322,1.00,1.00
2016.12.16 16:00:54.355,0.97299,0.9732,1.75,1.00
2016.12.16 16:00:54.658,0.97298,0.97316,1.50,1.00
2016.12.16 16:00:54.841,0.97298,0.97318,1.50,1.50
2016.12.16 16:00:54.893,0.97297,0.97318,2.25,1.50
2016.12.16 16:00:54.994,0.97299,0.97317,1.00,1.00
2016.12.16 16:00:55.502,0.97296,0.97318,3.00,1.00
2016.12.16 16:00:55.754,0.97295,0.97316,1.50,1.00
2016.12.16 16:00:56.303,0.97295,0.97316,1.50,1.50
2016.12.16 16:00:56.404,0.97295,0.97314,1.00,1.00
2016.12.16 16:00:56.555,0.97289,0.97312,1.75,1.50
2016.12.16 16:00:56.656,0.97289,0.97308,1.50,1.00
2016.12.16 16:00:56.757,0.97286,0.97308,1.50,1.00
2016.12.16 16:00:57.059,0.97289,0.9731,1.00,2.25
2016.12.16 16:00:57.110,0.97289,0.9731,1.00,3.00
2016.12.16 16:00:57.412,0.97289,0.97312,1.50,2.25
2016.12.16 16:00:57.595,0.97291,0.97312,1.00,1.12
2016.12.16 16:00:57.898,0.97294,0.97312,1.50,1.00
2016.12.16 16:00:57.999,0.97294,0.97314,1.50,1.00
2016.12.16 16:00:58.201,0.97292,0.97313,1.00,1.12
2016.12.16 16:00:58.302,0.97293,0.97307,1.00,1.00
2016.12.16 16:00:58.403,0.97288,0.97308,1.37,1.87
2016.12.16 16:00:58.454,0.97288,0.97309,1.00,1.50
2016.12.16 16:00:58.605,0.97286,0.97307,1.00,1.00
2016.12.16 16:00:59.126,0.97286,0.97308,1.00,1.00
2016.12.16 16:00:59.327,0.97285,0.97306,1.00,1.12
2016.12.16 16:00:59.630,0.97287,0.97309,1.50,2.25
2016.12.16 16:00:59.932,0.97297,0.97314,1.35,1.75
2016.12.16 16:01:00.033,0.97296,0.97317,1.00,2.25
2016.12.16 16:01:00.207,0.97294,0.97314,1.12,1.00
2016.12.16 16:01:00.461,0.97289,0.97311,1.00,1.12
2016.12.16 16:01:00.512,0.97289,0.97308,1.00,1.00
2016.12.16 16:01:00.815,0.97291,0.97313,1.37,1.12
2016.12.16 16:01:00.865,0.97294,0.97317,1.37,1.50
2016.12.16 16:01:01.578,0.97293,0.97314,1.50,1.00
2016.12.16 16:01:01.830,0.97292,0.97312,3.00,1.00
2016.12.16 16:01:02.132,0.97291,0.97314,1.75,1.00
2016.12.16 16:01:02.384,0.97292,0.97312,1.75,1.00
2016.12.16 16:01:02.782,0.97291,0.9731,1.50,1.00
2016.12.16 16:01:02.933,0.97291,0.97312,1.50,1.50
2016.12.16 16:01:03.103,0.97291,0.97309,1.50,1.00
2016.12.16 16:01:03.154,0.97292,0.97313,2.10,1.00
2016.12.16 16:01:03.204,0.97298,0.97313,1.00,1.00
2016.12.16 16:01:03.355,0.97295,0.97315,1.37,1.87
2016.12.16 16:01:03.406,0.97293,0.97316,1.50,2.25
2016.12.16 16:01:03.507,0.97294,0.97312,1.50,1.00
2016.12.16 16:01:03.608,0.97294,0.97317,1.12,2.25
2016.12.16 16:01:03.659,0.97294,0.97317,1.87,2.25
2016.12.16 16:01:04.106,0.97291,0.97312,1.50,1.50
2016.12.16 16:01:04.257,0.97294,0.97314,1.00,1.00
2016.12.16 16:01:04.509,0.97299,0.97314,1.00,1.00
2016.12.16 16:01:04.560,0.97293,0.97314,1.00,1.00
2016.12.16 16:01:04.610,0.97293,0.9731,1.00,1.00
2016.12.16 16:01:04.661,0.97293,0.97313,1.00,1.00
2016.12.16 16:01:04.976,0.97293,0.97315,1.00,1.50
2016.12.16 16:01:05.127,0.97295,0.97316,1.00,1.00
2016.12.16 16:01:05.844,0.97295,0.97317,1.00,2.25
2016.12.16 16:01:06.396,0.97296,0.97317,1.00,1.50
2016.12.16 16:01:06.698,0.97299,0.97321,1.00,1.75
2016.12.16 16:01:07.117,0.97299,0.97322,1.00,2.25
2016.12.16 16:01:07.218,0.97299,0.97322,1.00,1.75
2016.12.16 16:01:07.864,0.97302,0.97322,1.00,1.75
2016.12.16 16:01:08.066,0.97303,0.97323,1.00,1.50
2016.12.16 16:01:08.318,0.973,0.97323,3.00,1.12
2016.12.16 16:01:08.468,0.97299,0.9732,1.87,1.12
2016.12.16 16:01:08.771,0.97301,0.97322,1.00,1.12
2016.12.16 16:01:08.922,0.97301,0.97322,1.00,1.50
2016.12.16 16:01:09.323,0.97303,0.97324,1.00,2.25
2016.12.16 16:01:10.530,0.97299,0.97318,1.37,1.00
2016.12.16 16:01:10.732,0.97294,0.97317,2.25,1.12
2016.12.16 16:01:10.833,0.97296,0.97318,1.12,3.00
2016.12.16 16:01:11.300,0.97294,0.97316,1.12,1.75
2016.12.16 16:01:11.424,0.97296,0.97316,1.00,1.75
2016.12.16 16:01:11.599,0.97293,0.97317,2.25,2.25
2016.12.16 16:01:12.112,0.97295,0.97317,1.00,2.25
2016.12.16 16:01:12.162,0.97293,0.97309,1.12,1.00
2016.12.16 16:01:12.371,0.97285,0.97306,1.00,1.75
2016.12.16 16:01:12.422,0.97286,0.97306,1.37,1.37
2016.12.16 16:01:12.473,0.97286,0.97309,1.50,2.25
2016.12.16 16:01:12.624,0.97284,0.97306,3.00,1.00
2016.12.16 16:01:12.985,0.97284,0.97307,1.50,1.75
2016.12.16 16:01:13.300,0.97287,0.97308,1.00,4.12
2016.12.16 16:01:13.830,0.97287,0.97309,1.00,2.25
2016.12.16 16:01:14.117,0.9729,0.97309,1.00,1.75
2016.12.16 16:01:14.358,0.9729,0.97309,1.00,1.50
2016.12.16 16:01:14.790,0.97293,0.97313,1.00,3.37
2016.12.16 16:01:14.891,0.97291,0.97313,1.12,3.00
2016.12.16 16:01:15.043,0.9729,0.9731,1.00,1.37
2016.12.16 16:01:15.546,0.97289,0.97308,1.50,1.00
2016.12.16 16:01:15.928,0.97292,0.9731,1.00,3.37
2016.12.16 16:01:16.061,0.97292,0.9731,1.00,2.25
2016.12.16 16:01:16.696,0.97291,0.9731,1.00,1.75
2016.12.16 16:01:16.898,0.97296,0.9731,1.00,1.75
2016.12.16 16:01:17.049,0.97294,0.97313,1.00,3.37
2016.12.16 16:01:17.150,0.97297,0.97314,1.00,1.75
2016.12.16 16:01:17.399,0.97297,0.97316,1.00,1.75
2016.12.16 16:01:17.704,0.97299,0.97318,1.00,3.00
2016.12.16 16:01:17.755,0.97298,0.97315,1.00,1.00
2016.12.16 16:01:18.258,0.97298,0.97316,1.50,1.00
2016.12.16 16:01:18.828,0.973,0.97318,1.00,1.75
2016.12.16 16:01:18.979,0.97299,0.9732,1.00,1.75
2016.12.16 16:01:19.130,0.97301,0.97319,1.00,1.50
2016.12.16 16:01:19.231,0.97302,0.97318,1.00,1.00
2016.12.16 16:01:19.282,0.97304,0.97319,1.00,1.37
2016.12.16 16:01:19.584,0.9731,0.9733,1.00,2.25
2016.12.16 16:01:19.635,0.9731,0.9733,1.00,2.25
2016.12.16 16:01:19.736,0.97308,0.97329,3.00,1.00
2016.12.16 16:01:20.235,0.9731,0.97328,1.00,1.50
2016.12.16 16:01:20.537,0.97309,0.97325,1.00,1.00
2016.12.16 16:01:20.588,0.97309,0.97327,1.00,1.00
2016.12.16 16:01:20.689,0.97311,0.9733,1.00,3.00
2016.12.16 16:01:20.890,0.97315,0.97333,1.00,1.00
2016.12.16 16:01:20.941,0.97315,0.97331,1.00,1.00
2016.12.16 16:01:20.992,0.97312,0.97333,1.00,1.00
2016.12.16 16:01:21.043,0.97312,0.97331,1.00,1.00
2016.12.16 16:01:21.146,0.9731,0.97331,1.12,1.37
2016.12.16 16:01:21.297,0.97312,0.97331,1.00,1.87
2016.12.16 16:01:21.651,0.97312,0.97332,1.00,1.50
2016.12.16 16:01:21.752,0.97312,0.97332,1.00,1.37
2016.12.16 16:01:22.205,0.9731,0.9733,1.00,1.50
2016.12.16 16:01:23.175,0.97309,0.9733,1.00,1.00
2016.12.16 16:01:23.226,0.97311,0.9733,1.00,1.00
2016.12.16 16:01:23.377,0.9731,0.97332,1.75,1.12
2016.12.16 16:01:23.679,0.97314,0.97336,1.37,1.37
2016.12.16 16:01:23.981,0.97314,0.97333,1.00,1.00
2016.12.16 16:01:24.182,0.97311,0.97331,1.12,1.12
2016.12.16 16:01:24.664,0.97313,0.97333,1.00,2.25
2016.12.16 16:01:24.816,0.97313,0.97333,1.50,1.00
2016.12.16 16:01:24.967,0.97315,0.97334,1.00,1.50
2016.12.16 16:01:25.369,0.97317,0.97338,1.00,1.75
2016.12.16 16:01:25.702,0.97317,0.9734,1.87,1.75
2016.12.16 16:01:26.014,0.97318,0.9734,1.60,1.75
2016.12.16 16:01:26.215,0.9732,0.9734,2.47,1.00
2016.12.16 16:01:26.468,0.97316,0.9734,2.25,2.62
2016.12.16 16:01:26.518,0.97316,0.9734,1.87,3.00
2016.12.16 16:01:26.779,0.97316,0.97339,2.25,1.87
2016.12.16 16:01:27.195,0.97319,0.97338,1.00,1.00
2016.12.16 16:01:27.660,0.97317,0.97338,1.12,1.12
2016.12.16 16:01:27.761,0.97318,0.97338,1.00,1.37
2016.12.16 16:01:28.013,0.97318,0.97339,1.12,1.50
2016.12.16 16:01:28.623,0.9732,0.97338,1.00,1.12
2016.12.16 16:01:28.925,0.97328,0.97344,1.00,2.62
2016.12.16 16:01:28.976,0.97329,0.97346,1.00,2.62
2016.12.16 16:01:29.027,0.97331,0.97351,1.00,4.12
2016.12.16 16:01:29.127,0.97329,0.97348,1.12,1.00
2016.12.16 16:01:29.178,0.9733,0.97348,1.37,1.00
2016.12.16 16:01:29.319,0.97329,0.97349,1.00,1.00
2016.12.16 16:01:29.471,0.97326,0.97342,1.75,1.00
2016.12.16 16:01:29.773,0.97315,0.97331,1.37,1.00
2016.12.16 16:01:29.823,0.9731,0.97333,3.00,1.00
2016.12.16 16:01:29.874,0.97311,0.97329,1.75,1.00
2016.12.16 16:01:29.925,0.97313,0.97332,1.00,1.00
2016.12.16 16:01:29.975,0.97312,0.9733,1.00,1.00
2016.12.16 16:01:30.026,0.97313,0.97334,1.00,4.50
2016.12.16 16:01:30.538,0.97312,0.97332,1.00,1.87
2016.12.16 16:01:30.740,0.97311,0.9733,1.12,1.00
2016.12.16 16:01:31.244,0.9731,0.97332,1.50,1.50
2016.12.16 16:01:31.546,0.97307,0.97326,1.50,1.00
2016.12.16 16:01:31.856,0.97307,0.9733,1.50,4.50
2016.12.16 16:01:31.957,0.97306,0.97326,1.00,1.00
2016.12.16 16:01:32.310,0.97304,0.97324,1.75,1.00
2016.12.16 16:01:32.663,0.97302,0.97321,1.75,1.00
2016.12.16 16:01:32.714,0.97303,0.97321,1.50,1.00
2016.12.16 16:01:32.815,0.97303,0.97325,1.50,2.25
2016.12.16 16:01:33.073,0.97304,0.97325,1.37,1.87
2016.12.16 16:01:33.375,0.97301,0.97322,2.25,1.00
2016.12.16 16:01:33.527,0.97302,0.97324,1.75,1.00
2016.12.16 16:01:33.678,0.97303,0.97326,2.25,1.87
2016.12.16 16:01:33.729,0.97306,0.97324,1.00,1.00
2016.12.16 16:01:33.786,0.97306,0.97326,1.00,1.50
2016.12.16 16:01:33.837,0.97306,0.97323,1.00,1.00
2016.12.16 16:01:34.194,0.97302,0.97321,1.75,1.00
2016.12.16 16:01:34.245,0.97304,0.9732,1.00,1.50
2016.12.16 16:01:34.296,0.97298,0.97319,1.75,1.00
2016.12.16 16:01:34.498,0.97299,0.97319,2.25,1.00
2016.12.16 16:01:34.650,0.973,0.97322,2.25,1.00
2016.12.16 16:01:34.700,0.973,0.9732,1.75,1.00
2016.12.16 16:01:34.751,0.97302,0.97324,1.50,1.50
2016.12.16 16:01:34.902,0.97305,0.97324,1.00,1.00
2016.12.16 16:01:35.004,0.97305,0.97326,1.00,1.00
2016.12.16 16:01:35.056,0.97305,0.97324,1.00,1.00
2016.12.16 16:01:35.107,0.97305,0.97326,1.50,1.50
2016.12.16 16:01:35.309,0.97304,0.97323,2.25,1.00
2016.12.16 16:01:35.360,0.97308,0.97327,1.50,1.00
2016.12.16 16:01:35.532,0.97309,0.9733,1.87,1.50
2016.12.16 16:01:35.583,0.9731,0.97332,1.37,1.87
2016.12.16 16:01:35.785,0.97312,0.97332,1.50,1.00
2016.12.16 16:01:35.988,0.97312,0.97332,1.12,1.37
2016.12.16 16:01:36.189,0.97314,0.97333,1.00,1.50
2016.12.16 16:01:36.491,0.97312,0.97332,1.12,1.00
2016.12.16 16:01:36.815,0.97309,0.9733,2.25,1.00
2016.12.16 16:01:37.118,0.97304,0.97322,1.75,1.00
2016.12.16 16:01:37.169,0.97304,0.97324,1.75,1.00
2016.12.16 16:01:37.370,0.97303,0.97322,2.25,1.00
2016.12.16 16:01:37.479,0.97302,0.97324,2.25,1.00
2016.12.16 16:01:37.529,0.97301,0.97321,2.62,1.00
2016.12.16 16:01:37.580,0.97301,0.97323,2.62,1.00
2016.12.16 16:01:37.631,0.973,0.97321,4.12,1.00
2016.12.16 16:01:37.732,0.973,0.97323,4.12,1.00
2016.12.16 16:01:38.159,0.97301,0.97321,2.25,1.00
2016.12.16 16:01:38.433,0.973,0.97321,1.75,1.00
2016.12.16 16:01:38.995,0.973,0.9732,1.75,1.00
2016.12.16 16:01:39.096,0.973,0.97315,1.75,1.00
2016.12.16 16:01:39.147,0.97301,0.97317,1.50,1.00
2016.12.16 16:01:39.198,0.973,0.97319,1.75,1.00
2016.12.16 16:01:39.248,0.97302,0.97315,1.12,1.00
2016.12.16 16:01:39.299,0.97301,0.97318,1.12,1.00
2016.12.16 16:01:39.350,0.97298,0.97313,1.50,1.00
2016.12.16 16:01:39.515,0.97295,0.97314,1.00,1.00
2016.12.16 16:01:39.566,0.97296,0.97312,1.00,1.00
2016.12.16 16:01:39.617,0.97294,0.97314,1.12,1.00
2016.12.16 16:01:39.667,0.97291,0.97304,1.75,1.00
2016.12.16 16:01:39.718,0.9729,0.97308,1.75,1.00
2016.12.16 16:01:39.819,0.97289,0.9731,1.50,1.12
2016.12.16 16:01:39.870,0.97291,0.97307,1.00,1.00
2016.12.16 16:01:40.122,0.97289,0.97306,1.00,1.00
2016.12.16 16:01:40.223,0.97292,0.97306,1.00,1.00
2016.12.16 16:01:40.325,0.97292,0.97311,1.00,1.00
2016.12.16 16:01:40.426,0.97291,0.97313,1.75,1.00
2016.12.16 16:01:40.736,0.97292,0.97313,1.75,1.00
2016.12.16 16:01:40.932,0.97293,0.97316,2.25,3.37
2016.12.16 16:01:41.508,0.97295,0.97314,1.12,1.00
2016.12.16 16:01:41.659,0.97292,0.97314,1.12,1.00
2016.12.16 16:01:41.710,0.97293,0.97314,1.00,1.50
2016.12.16 16:01:41.911,0.97292,0.97315,2.25,1.00
2016.12.16 16:01:42.012,0.97292,0.97312,1.50,1.00
2016.12.16 16:01:42.113,0.97291,0.97312,1.12,1.00
2016.12.16 16:01:42.620,0.97292,0.97311,1.12,1.00
2016.12.16 16:01:43.128,0.97292,0.97315,1.12,2.25
2016.12.16 16:01:43.230,0.9729,0.97311,1.00,1.00
2016.12.16 16:01:43.280,0.97289,0.97308,1.00,1.00
2016.12.16 16:01:43.432,0.97288,0.97311,3.00,1.87
2016.12.16 16:01:43.941,0.97288,0.97311,1.75,1.50
2016.12.16 16:01:44.042,0.97288,0.97309,1.75,1.00
2016.12.16 16:01:44.143,0.97289,0.97309,1.50,1.00
2016.12.16 16:01:44.496,0.97289,0.97311,1.50,2.25
2016.12.16 16:01:44.761,0.97289,0.97306,1.00,1.00
2016.12.16 16:01:44.812,0.97289,0.97308,1.00,1.00
2016.12.16 16:01:44.913,0.97291,0.97309,1.00,1.37
2016.12.16 16:01:44.963,0.97289,0.97309,1.50,1.50
2016.12.16 16:01:45.165,0.97288,0.97305,1.12,1.00
2016.12.16 16:01:45.215,0.97288,0.97311,1.12,2.62
2016.12.16 16:01:45.370,0.97287,0.97309,1.50,1.00
2016.12.16 16:01:45.421,0.97288,0.97311,1.12,1.12
2016.12.16 16:01:45.472,0.97288,0.97308,1.87,1.00
2016.12.16 16:01:45.523,0.97287,0.9731,3.00,1.50
2016.12.16 16:01:45.825,0.97286,0.97307,2.25,1.00
2016.12.16 16:01:46.129,0.97286,0.9731,1.75,3.00
2016.12.16 16:01:46.179,0.97286,0.97306,1.75,1.00
2016.12.16 16:01:46.330,0.97287,0.97308,2.25,1.00
2016.12.16 16:01:46.381,0.97288,0.9731,1.12,1.50
2016.12.16 16:01:46.482,0.97289,0.97307,1.00,1.00
2016.12.16 16:01:46.757,0.97287,0.97307,1.00,1.00
2016.12.16 16:01:46.858,0.97287,0.97306,1.75,1.00
2016.12.16 16:01:46.909,0.97287,0.97308,1.75,1.00
2016.12.16 16:01:47.431,0.97289,0.97309,1.00,1.00
2016.12.16 16:01:47.995,0.97288,0.97309,1.50,1.00
2016.12.16 16:01:48.167,0.97289,0.9731,2.25,1.50
2016.12.16 16:01:48.923,0.97291,0.97312,1.12,1.12
2016.12.16 16:01:49.075,0.97289,0.97306,1.75,1.00
2016.12.16 16:01:49.126,0.97288,0.97309,1.75,1.50
2016.12.16 16:01:49.177,0.97288,0.97309,1.00,1.50
2016.12.16 16:01:49.373,0.97288,0.97311,1.87,2.62
2016.12.16 16:01:49.424,0.97293,0.97311,1.00,1.87
2016.12.16 16:01:49.726,0.97291,0.97307,1.75,1.00
2016.12.16 16:01:49.829,0.97289,0.97309,2.62,1.00
2016.12.16 16:01:49.880,0.97289,0.97309,1.75,1.00
2016.12.16 16:01:49.987,0.97289,0.97311,1.75,1.00
2016.12.16 16:01:50.542,0.97288,0.9731,1.75,1.00
2016.12.16 16:01:51.217,0.97289,0.97311,1.75,1.50
2016.12.16 16:01:51.745,0.9729,0.97312,1.50,1.87
2016.12.16 16:01:51.957,0.97293,0.97313,1.37,1.00
2016.12.16 16:01:52.209,0.9729,0.97312,2.25,1.12
2016.12.16 16:01:52.714,0.97294,0.97312,1.00,1.12
2016.12.16 16:01:53.066,0.97295,0.97318,1.00,2.25
2016.12.16 16:01:53.381,0.97297,0.97317,1.00,1.12
2016.12.16 16:01:53.482,0.97298,0.9732,1.00,1.12
2016.12.16 16:01:53.583,0.97299,0.9732,1.50,1.00
2016.12.16 16:01:54.087,0.97299,0.97321,1.50,1.12
2016.12.16 16:01:54.390,0.97299,0.9732,1.00,1.00
2016.12.16 16:01:54.491,0.973,0.97322,1.12,1.87
2016.12.16 16:01:54.592,0.97303,0.97322,1.00,1.00
2016.12.16 16:01:55.104,0.97303,0.97323,1.00,1.50
2016.12.16 16:01:55.407,0.97308,0.97323,1.00,1.00
2016.12.16 16:01:55.558,0.97304,0.97323,1.12,1.00
2016.12.16 16:01:55.771,0.97307,0.97325,1.00,1.50
2016.12.16 16:01:56.180,0.97308,0.97325,1.00,1.00
2016.12.16 16:01:56.384,0.97309,0.9733,1.50,1.37
2016.12.16 16:01:56.902,0.97308,0.97331,1.50,2.62
2016.12.16 16:01:57.053,0.97308,0.97328,1.50,1.00
2016.12.16 16:01:57.443,0.97308,0.97326,1.12,1.00
2016.12.16 16:01:57.711,0.97306,0.97327,1.00,2.25
2016.12.16 16:01:58.890,0.97305,0.97328,1.50,1.75
2016.12.16 16:01:59.144,0.97307,0.97328,1.00,1.75
2016.12.16 16:01:59.457,0.97309,0.9733,1.00,2.25
2016.12.16 16:01:59.709,0.9731,0.9733,1.00,1.12
2016.12.16 16:02:00.273,0.97309,0.97329,2.25,1.00
2016.12.16 16:02:00.374,0.97309,0.97332,1.75,2.62
2016.12.16 16:02:00.626,0.97309,0.9733,1.75,1.00
2016.12.16 16:02:00.726,0.97308,0.97329,1.37,1.12
2016.12.16 16:02:01.594,0.97308,0.97331,3.00,1.00
2016.12.16 16:02:01.998,0.97307,0.97331,3.00,1.87
2016.12.16 16:02:02.100,0.97308,0.97331,1.37,2.25
2016.12.16 16:02:02.201,0.9731,0.97331,1.00,1.50
2016.12.16 16:02:02.554,0.9731,0.97329,1.50,1.00
2016.12.16 16:02:02.608,0.9731,0.97331,1.00,1.00
2016.12.16 16:02:02.887,0.97309,0.97326,1.00,1.00
2016.12.16 16:02:03.038,0.97308,0.9733,2.25,1.12
2016.12.16 16:02:03.089,0.9731,0.9733,1.00,1.12
2016.12.16 16:02:03.139,0.97308,0.97331,1.50,1.50
2016.12.16 16:02:03.190,0.97309,0.97331,1.37,1.12
2016.12.16 16:02:03.496,0.9731,0.97331,1.75,1.00
2016.12.16 16:02:04.013,0.97311,0.97331,1.00,1.00
2016.12.16 16:02:04.478,0.9731,0.97333,1.37,1.50
2016.12.16 16:02:04.780,0.97314,0.97334,1.37,1.12
2016.12.16 16:02:05.032,0.97313,0.97333,1.37,1.00
2016.12.16 16:02:05.133,0.9731,0.9733,3.37,1.00
2016.12.16 16:02:05.297,0.9731,0.97329,1.37,1.00
2016.12.16 16:02:05.348,0.97309,0.97331,1.00,1.50
2016.12.16 16:02:05.398,0.97309,0.97331,1.12,1.87
2016.12.16 16:02:05.449,0.97307,0.97329,1.50,1.50
2016.12.16 16:02:05.601,0.97308,0.97329,1.37,1.12
2016.12.16 16:02:05.804,0.97312,0.97334,1.00,1.50
2016.12.16 16:02:06.006,0.97312,0.97332,1.00,1.00
2016.12.16 16:02:06.324,0.97307,0.97329,1.87,1.37
2016.12.16 16:02:06.425,0.97309,0.9733,1.00,1.00
2016.12.16 16:02:06.816,0.97308,0.97331,1.75,1.87
2016.12.16 16:02:07.615,0.9731,0.97332,1.00,1.00
2016.12.16 16:02:07.917,0.97315,0.97333,1.00,1.75
2016.12.16 16:02:08.018,0.97315,0.97332,1.00,1.12
2016.12.16 16:02:08.220,0.97317,0.97336,1.00,1.50
2016.12.16 16:02:08.321,0.97318,0.97339,1.50,1.87
2016.12.16 16:02:08.372,0.97319,0.97336,1.12,1.00
2016.12.16 16:02:08.547,0.97321,0.9734,1.50,1.50
2016.12.16 16:02:08.648,0.97319,0.97343,2.25,1.12
2016.12.16 16:02:08.698,0.97319,0.97343,2.25,1.87
2016.12.16 16:02:09.001,0.97316,0.97336,1.12,1.12
2016.12.16 16:02:09.310,0.97319,0.97338,1.00,1.75
2016.12.16 16:02:09.722,0.97315,0.97337,1.12,1.12
2016.12.16 16:02:09.773,0.9732,0.97338,1.00,1.50
2016.12.16 16:02:09.824,0.97318,0.97341,1.00,2.25
2016.12.16 16:02:09.925,0.97319,0.9734,1.00,1.00
2016.12.16 16:02:10.128,0.97318,0.97341,1.50,2.25
2016.12.16 16:02:10.329,0.97319,0.97341,1.87,1.87
2016.12.16 16:02:11.236,0.9732,0.97339,1.12,1.00
2016.12.16 16:02:11.739,0.97319,0.97341,1.87,1.37
2016.12.16 16:02:13.444,0.9732,0.97344,1.50,4.87
2016.12.16 16:02:13.945,0.9732,0.9734,1.00,1.00
2016.12.16 16:02:14.146,0.97322,0.9734,1.00,1.00
2016.12.16 16:02:14.348,0.97323,0.97342,1.00,1.50
2016.12.16 16:02:14.810,0.97321,0.97342,1.50,1.00
2016.12.16 16:02:15.194,0.97323,0.97342,1.00,1.00
2016.12.16 16:02:15.497,0.97325,0.97346,1.00,2.25
2016.12.16 16:02:15.648,0.97326,0.97347,1.00,1.00
2016.12.16 16:02:16.155,0.97327,0.97347,1.00,1.50
2016.12.16 16:02:16.693,0.97325,0.97349,1.50,2.25
2016.12.16 16:02:17.675,0.97328,0.97348,1.00,1.75
2016.12.16 16:02:17.726,0.97325,0.97348,1.50,1.75
2016.12.16 16:02:17.886,0.97323,0.97345,2.25,1.50
2016.12.16 16:02:18.138,0.97316,0.97338,1.12,1.12
2016.12.16 16:02:18.289,0.97318,0.97339,1.00,1.37
2016.12.16 16:02:18.793,0.97316,0.9734,3.00,2.25
2016.12.16 16:02:19.196,0.97319,0.97338,1.00,1.50
2016.12.16 16:02:19.635,0.97316,0.9734,1.50,1.75
2016.12.16 16:02:20.185,0.97315,0.97336,2.25,1.00
2016.12.16 16:02:20.799,0.97319,0.9734,1.00,2.25
2016.12.16 16:02:21.253,0.97319,0.97341,1.00,1.50
2016.12.16 16:02:21.455,0.97319,0.97341,1.00,2.25
2016.12.16 16:02:21.556,0.97318,0.97341,1.50,1.50
2016.12.16 16:02:21.758,0.97316,0.97341,2.25,1.75
2016.12.16 16:02:22.375,0.9732,0.97341,1.00,2.25
2016.12.16 16:02:23.000,0.97319,0.97342,1.00,1.75
2016.12.16 16:02:23.302,0.97324,0.97344,1.00,1.75
2016.12.16 16:02:23.353,0.97323,0.97343,1.00,1.00
2016.12.16 16:02:23.605,0.97322,0.97341,1.00,1.00
2016.12.16 16:02:23.987,0.97318,0.97341,1.75,1.50
2016.12.16 16:02:24.390,0.97318,0.97342,1.87,2.25
2016.12.16 16:02:24.870,0.97317,0.9734,1.12,2.25
2016.12.16 16:02:25.340,0.97314,0.97335,1.37,1.37
2016.12.16 16:02:25.742,0.97312,0.97335,2.62,1.50
2016.12.16 16:02:26.045,0.97311,0.97332,1.00,1.37
2016.12.16 16:02:26.348,0.97313,0.97332,1.00,1.37
2016.12.16 16:02:26.690,0.9732,0.9734,1.50,1.00
2016.12.16 16:02:27.205,0.97317,0.97337,1.75,1.00
2016.12.16 16:02:27.306,0.97317,0.97337,1.00,1.12
2016.12.16 16:02:27.357,0.97317,0.97337,1.50,1.75
2016.12.16 16:02:27.609,0.97319,0.97345,2.62,4.87
2016.12.16 16:02:27.818,0.9732,0.97343,1.87,1.12
2016.12.16 16:02:27.969,0.9732,0.97342,1.00,1.75
2016.12.16 16:02:28.372,0.9732,0.97343,2.25,1.75
2016.12.16 16:02:28.473,0.9732,0.97343,3.00,1.75
2016.12.16 16:02:28.524,0.97322,0.97343,1.50,1.75
2016.12.16 16:02:28.877,0.9732,0.97342,1.87,4.50
2016.12.16 16:02:29.278,0.97322,0.97342,1.00,1.50
2016.12.16 16:02:29.580,0.97322,0.97342,1.00,1.75
2016.12.16 16:02:29.782,0.97322,0.97342,1.00,1.50
2016.12.16 16:02:30.377,0.97322,0.9734,1.00,1.00
2016.12.16 16:02:31.059,0.97322,0.97341,1.00,1.12
2016.12.16 16:02:31.412,0.9732,0.97342,1.00,2.25
2016.12.16 16:02:31.998,0.97319,0.97341,1.87,1.12
2016.12.16 16:02:32.048,0.97319,0.97339,1.87,1.00
2016.12.16 16:02:32.385,0.9732,0.97335,1.00,1.00
2016.12.16 16:02:32.889,0.97319,0.97336,1.00,1.12
2016.12.16 16:02:33.195,0.97323,0.9734,1.00,1.75
2016.12.16 16:02:33.296,0.97324,0.97344,1.50,2.62
2016.12.16 16:02:33.347,0.97327,0.97344,1.00,2.62
2016.12.16 16:02:33.397,0.97327,0.97345,1.00,1.75
2016.12.16 16:02:33.448,0.97329,0.97345,1.00,1.75
2016.12.16 16:02:33.498,0.97326,0.97345,1.50,1.12
2016.12.16 16:02:33.725,0.97327,0.97348,2.25,1.50
2016.12.16 16:02:34.237,0.97328,0.97349,3.00,1.12
2016.12.16 16:02:34.388,0.97329,0.97351,1.50,1.50
2016.12.16 16:02:34.439,0.97332,0.97351,1.00,1.00
2016.12.16 16:02:34.691,0.97337,0.97358,1.00,3.75
2016.12.16 16:02:34.742,0.97339,0.97356,1.50,1.00
2016.12.16 16:02:35.163,0.97344,0.97363,1.00,1.12
2016.12.16 16:02:35.398,0.97341,0.97361,1.00,1.50
2016.12.16 16:02:35.700,0.97341,0.97362,2.25,1.00
2016.12.16 16:02:35.801,0.97342,0.97364,1.75,1.12
2016.12.16 16:02:36.205,0.9734,0.97362,3.00,1.00
2016.12.16 16:02:36.306,0.97341,0.97362,1.12,1.50
2016.12.16 16:02:36.728,0.9734,0.97358,1.00,1.00
2016.12.16 16:02:36.932,0.97337,0.97359,1.12,1.50
2016.12.16 16:02:37.519,0.97339,0.97358,1.00,1.12
2016.12.16 16:02:38.428,0.97336,0.97359,1.75,1.12
2016.12.16 16:02:38.803,0.97337,0.97356,1.50,1.00
2016.12.16 16:02:38.853,0.97337,0.97359,1.50,1.12
2016.12.16 16:02:38.954,0.97335,0.97356,3.00,1.00
2016.12.16 16:02:39.206,0.97334,0.97356,2.25,1.12
2016.12.16 16:02:39.307,0.97334,0.97356,1.75,1.00
2016.12.16 16:02:39.408,0.97333,0.97355,2.25,1.00
2016.12.16 16:02:39.509,0.97332,0.97353,1.75,1.00
2016.12.16 16:02:39.867,0.97334,0.97351,1.12,1.00
2016.12.16 16:02:40.169,0.9733,0.97354,1.75,1.50
2016.12.16 16:02:40.270,0.9733,0.97352,1.75,1.00
2016.12.16 16:02:40.608,0.97328,0.97348,1.00,1.00
2016.12.16 16:02:40.759,0.9733,0.97348,1.00,1.37
2016.12.16 16:02:40.910,0.9733,0.9735,1.50,1.00
2016.12.16 16:02:40.961,0.9733,0.97352,1.50,1.12
2016.12.16 16:02:41.716,0.97329,0.9735,2.25,1.00
2016.12.16 16:02:41.917,0.97328,0.9735,1.50,1.00
2016.12.16 16:02:42.119,0.97328,0.97348,1.00,1.00
2016.12.16 16:02:42.757,0.97327,0.97348,1.12,1.12
2016.12.16 16:02:43.808,0.97328,0.97348,1.00,1.50
2016.12.16 16:02:44.397,0.97326,0.97347,1.37,1.00
2016.12.16 16:02:45.034,0.97326,0.97347,1.75,1.00
2016.12.16 16:02:45.238,0.97326,0.97348,1.12,2.25
2016.12.16 16:02:46.243,0.97326,0.97348,1.50,1.12
2016.12.16 16:02:47.060,0.97327,0.97349,1.37,1.50
2016.12.16 16:02:47.679,0.97327,0.97349,1.00,3.00
2016.12.16 16:02:47.991,0.97324,0.97349,2.25,3.00
2016.12.16 16:02:48.293,0.97329,0.97348,1.00,1.50
2016.12.16 16:02:48.596,0.97326,0.97346,1.37,1.37
2016.12.16 16:02:48.646,0.97325,0.97344,1.00,1.37
2016.12.16 16:02:49.150,0.97324,0.97343,1.00,1.75
2016.12.16 16:02:49.367,0.9732,0.97343,3.37,1.75
2016.12.16 16:02:49.953,0.97321,0.97343,1.00,1.75
2016.12.16 16:02:50.205,0.97319,0.97338,1.50,1.00
2016.12.16 16:02:50.407,0.97317,0.97339,1.37,1.12
2016.12.16 16:02:51.145,0.97319,0.9734,1.00,1.37
2016.12.16 16:02:51.246,0.97316,0.9734,1.50,2.25
2016.12.16 16:02:51.455,0.97319,0.97339,1.00,1.75
2016.12.16 16:02:51.807,0.97315,0.9734,2.25,1.75
2016.12.16 16:02:52.967,0.97315,0.97339,1.37,2.25
2016.12.16 16:02:53.018,0.97314,0.97337,2.62,1.12
2016.12.16 16:02:53.169,0.97314,0.97337,2.25,1.37
2016.12.16 16:02:54.133,0.97315,0.97335,1.00,1.00
2016.12.16 16:02:54.535,0.97313,0.97334,1.50,1.00
2016.12.16 16:02:54.636,0.97309,0.9733,3.00,1.50
2016.12.16 16:02:54.737,0.97308,0.97332,3.00,2.62
2016.12.16 16:02:54.788,0.97313,0.9733,1.00,1.12
2016.12.16 16:02:55.059,0.97311,0.97329,1.00,1.00
2016.12.16 16:02:55.110,0.97314,0.97329,1.00,1.00
2016.12.16 16:02:55.365,0.97311,0.97333,1.00,1.37
2016.12.16 16:02:55.718,0.97313,0.97333,1.00,2.25
2016.12.16 16:02:56.947,0.97311,0.97331,1.00,1.37
2016.12.16 16:02:57.148,0.97309,0.97332,1.12,1.50
2016.12.16 16:02:57.771,0.97309,0.9733,1.00,1.87
2016.12.16 16:02:58.128,0.97308,0.97332,1.50,2.25
2016.12.16 16:02:58.279,0.97309,0.9733,1.00,1.87
2016.12.16 16:02:58.651,0.97306,0.97328,1.50,2.25
2016.12.16 16:02:58.802,0.97313,0.97328,1.00,1.50
2016.12.16 16:02:59.064,0.97319,0.97337,1.00,1.00
2016.12.16 16:02:59.165,0.97315,0.97336,3.00,1.00
2016.12.16 16:02:59.417,0.97317,0.97334,1.00,1.00
2016.12.16 16:02:59.568,0.97312,0.97333,1.50,1.37
2016.12.16 16:03:00.078,0.9731,0.97335,1.75,2.25
2016.12.16 16:03:00.653,0.9731,0.97333,1.37,1.50
2016.12.16 16:03:00.754,0.97309,0.9733,1.50,1.00
2016.12.16 16:03:00.804,0.97314,0.9733,1.00,1.00
2016.12.16 16:03:00.855,0.97312,0.97333,1.12,1.75
2016.12.16 16:03:00.956,0.97312,0.97333,1.12,1.50
2016.12.16 16:03:01.157,0.97314,0.97336,1.00,1.75
2016.12.16 16:03:01.462,0.97319,0.9734,1.00,2.25
2016.12.16 16:03:01.664,0.97319,0.97341,1.12,1.50
2016.12.16 16:03:01.765,0.97318,0.97341,3.00,1.12
2016.12.16 16:03:02.289,0.97318,0.97343,1.75,1.50
2016.12.16 16:03:02.844,0.9732,0.97341,1.00,1.00
2016.12.16 16:03:03.468,0.97318,0.9734,1.50,1.37
2016.12.16 16:03:04.011,0.97319,0.97338,1.00,1.00
2016.12.16 16:03:04.250,0.97316,0.97337,1.00,1.00
2016.12.16 16:03:04.457,0.97315,0.97337,1.75,1.00
2016.12.16 16:03:04.558,0.97316,0.97339,1.75,1.87
2016.12.16 16:03:04.802,0.97313,0.97337,1.87,1.75
2016.12.16 16:03:05.105,0.97312,0.97333,1.12,1.87
2016.12.16 16:03:05.257,0.9731,0.97332,2.25,1.00
2016.12.16 16:03:05.316,0.97313,0.97332,1.00,1.00
2016.12.16 16:03:06.190,0.97315,0.97335,1.00,1.75
2016.12.16 16:03:06.495,0.97321,0.97336,1.00,1.00
2016.12.16 16:03:06.596,0.97321,0.97341,1.00,1.00
2016.12.16 16:03:07.327,0.9732,0.97341,1.00,1.50
2016.12.16 16:03:07.377,0.97318,0.97335,1.50,1.00
2016.12.16 16:03:07.580,0.97313,0.97332,1.00,1.50
2016.12.16 16:03:07.681,0.97311,0.97332,1.12,1.12
2016.12.16 16:03:07.897,0.97309,0.97331,2.25,1.37
2016.12.16 16:03:08.407,0.97309,0.97331,1.00,1.50
2016.12.16 16:03:09.351,0.97308,0.97332,2.62,1.75
2016.12.16 16:03:09.686,0.97313,0.97335,1.00,2.25
2016.12.16 16:03:09.992,0.97313,0.97335,1.12,1.37
2016.12.16 16:03:10.093,0.97313,0.97336,1.87,1.87
2016.12.16 16:03:10.395,0.97315,0.97337,1.00,2.25
2016.12.16 16:03:10.930,0.97316,0.97337,1.00,1.50
2016.12.16 16:03:11.249,0.97314,0.97337,1.37,1.87
2016.12.16 16:03:11.300,0.97314,0.97338,1.50,1.75
2016.12.16 16:03:11.401,0.97314,0.97336,2.62,1.50
2016.12.16 16:03:11.503,0.97315,0.97336,1.37,1.12
2016.12.16 16:03:13.178,0.97315,0.97336,1.00,1.12
2016.12.16 16:03:14.275,0.97316,0.97336,1.00,1.00
2016.12.16 16:03:14.848,0.9732,0.97336,1.00,1.00
2016.12.16 16:03:14.898,0.97317,0.97336,1.50,1.00
2016.12.16 16:03:15.207,0.97313,0.97336,1.50,1.00
2016.12.16 16:03:15.408,0.97311,0.97334,3.00,1.00
2016.12.16 16:03:15.746,0.97313,0.97336,1.37,1.87
2016.12.16 16:03:16.291,0.97315,0.97338,1.37,1.75
2016.12.16 16:03:16.391,0.97315,0.97338,1.75,1.12
2016.12.16 16:03:16.442,0.97315,0.97336,1.75,1.00
2016.12.16 16:03:16.795,0.97317,0.97339,1.00,1.00
2016.12.16 16:03:17.335,0.97316,0.97338,1.50,1.50
2016.12.16 16:03:17.851,0.97321,0.97338,1.00,1.00
2016.12.16 16:03:17.901,0.97317,0.97338,1.50,1.00
2016.12.16 16:03:17.952,0.9732,0.9734,1.50,1.50
2016.12.16 16:03:18.254,0.97322,0.97342,1.37,1.00
2016.12.16 16:03:18.806,0.97324,0.97344,1.00,1.37
2016.12.16 16:03:21.159,0.97324,0.97343,1.37,1.00
2016.12.16 16:03:21.432,0.97323,0.97344,1.00,1.12
2016.12.16 16:03:21.974,0.9732,0.97343,1.75,1.00
2016.12.16 16:03:22.126,0.9732,0.97343,1.50,1.37
2016.12.16 16:03:22.227,0.9732,0.97344,1.12,2.25
2016.12.16 16:03:23.313,0.9732,0.97344,1.12,2.25
2016.12.16 16:03:23.942,0.9732,0.97338,1.50,1.00
2016.12.16 16:03:24.143,0.97314,0.97337,1.75,1.12
2016.12.16 16:03:24.194,0.97314,0.97336,2.25,1.00
2016.12.16 16:03:24.245,0.97314,0.97336,2.25,1.12
2016.12.16 16:03:24.296,0.97319,0.97336,1.00,1.00
2016.12.16 16:03:24.699,0.97314,0.97336,1.00,1.00
2016.12.16 16:03:24.800,0.97314,0.97334,1.00,1.00
2016.12.16 16:03:25.213,0.9731,0.97332,2.25,1.00
2016.12.16 16:03:25.717,0.97309,0.97333,3.00,1.12
2016.12.16 16:03:26.510,0.97312,0.97335,1.00,1.75
2016.12.16 16:03:27.356,0.97311,0.97335,1.87,1.75
2016.12.16 16:03:27.608,0.97314,0.97335,1.00,1.75
2016.12.16 16:03:27.662,0.97312,0.97335,1.00,1.75
2016.12.16 16:03:27.815,0.97312,0.97331,1.00,1.00
2016.12.16 16:03:27.917,0.97311,0.97335,1.12,1.75
2016.12.16 16:03:29.576,0.97314,0.97335,1.50,1.75
2016.12.16 16:03:29.809,0.97311,0.97334,1.50,1.00
2016.12.16 16:03:30.161,0.97313,0.97334,1.00,1.00
2016.12.16 16:03:30.212,0.97311,0.97334,2.25,1.00
2016.12.16 16:03:30.794,0.97312,0.97334,1.00,1.00
2016.12.16 16:03:31.394,0.97313,0.97335,1.00,1.00
2016.12.16 16:03:31.546,0.97319,0.97335,1.00,1.00
2016.12.16 16:03:31.697,0.97319,0.97338,1.75,1.00
2016.12.16 16:03:31.798,0.97319,0.97341,1.75,1.87
2016.12.16 16:03:32.145,0.97317,0.9734,5.25,1.37
2016.12.16 16:03:32.246,0.97317,0.97341,3.00,2.25
2016.12.16 16:03:32.758,0.97319,0.97341,1.87,1.37
2016.12.16 16:03:32.825,0.9732,0.97342,1.00,1.50
2016.12.16 16:03:32.926,0.97319,0.97341,1.50,1.37
2016.12.16 16:03:33.449,0.97319,0.9734,1.50,1.00
2016.12.16 16:03:33.751,0.97328,0.97342,1.00,1.00
2016.12.16 16:03:33.952,0.9733,0.97346,1.00,1.00
2016.12.16 16:03:34.138,0.97332,0.97347,1.00,1.00
2016.12.16 16:03:34.683,0.97333,0.97347,1.00,1.00
2016.12.16 16:03:34.834,0.97333,0.9735,1.00,3.37
2016.12.16 16:03:34.945,0.97335,0.97349,1.00,2.25
2016.12.16 16:03:35.379,0.97337,0.97349,1.00,1.00
2016.12.16 16:03:35.684,0.97335,0.9735,1.00,1.00
2016.12.16 16:03:35.886,0.97337,0.9735,1.00,1.50
2016.12.16 16:03:35.937,0.97334,0.9735,1.00,1.50
2016.12.16 16:03:36.239,0.97338,0.97353,1.00,1.75
2016.12.16 16:03:36.544,0.9734,0.97354,1.00,1.00
2016.12.16 16:03:37.135,0.97339,0.97354,1.00,1.00
2016.12.16 16:03:37.287,0.97333,0.97347,1.75,1.00
2016.12.16 16:03:37.438,0.97334,0.97349,1.00,1.00
2016.12.16 16:03:37.489,0.97331,0.97347,1.50,1.00
2016.12.16 16:03:37.540,0.9733,0.97347,1.00,1.00
2016.12.16 16:03:37.641,0.9733,0.97347,1.00,1.75
2016.12.16 16:03:37.742,0.97328,0.97346,1.00,1.50
2016.12.16 16:03:37.843,0.9733,0.97347,1.00,1.75
2016.12.16 16:03:37.894,0.97323,0.97343,1.87,1.00
2016.12.16 16:03:37.945,0.97324,0.97338,1.12,1.00
2016.12.16 16:03:38.258,0.97326,0.9734,1.00,1.75
2016.12.16 16:03:38.310,0.97324,0.9734,1.00,1.75
2016.12.16 16:03:38.462,0.97325,0.9734,1.00,1.37
2016.12.16 16:03:38.663,0.97322,0.9734,1.00,1.75
2016.12.16 16:03:39.067,0.97324,0.9734,1.00,1.75
2016.12.16 16:03:39.268,0.97325,0.97342,1.00,1.50
2016.12.16 16:03:39.369,0.97325,0.97342,1.00,1.00
2016.12.16 16:03:39.808,0.97325,0.9734,1.00,1.00
2016.12.16 16:03:40.121,0.97325,0.97342,1.00,1.00
2016.12.16 16:03:40.580,0.97323,0.97341,1.00,1.00
2016.12.16 16:03:40.731,0.9732,0.9734,1.12,1.00
2016.12.16 16:03:40.782,0.97322,0.97339,1.00,1.87
2016.12.16 16:03:41.084,0.97322,0.97336,1.00,1.00
2016.12.16 16:03:41.185,0.97323,0.97342,1.00,5.62
2016.12.16 16:03:41.450,0.97326,0.97342,1.00,3.37
2016.12.16 16:03:41.652,0.97328,0.97345,1.00,2.25
2016.12.16 16:03:41.954,0.97327,0.97345,1.00,1.50
2016.12.16 16:03:42.055,0.97329,0.97345,1.00,1.50
2016.12.16 16:03:42.508,0.97331,0.97346,1.00,2.25
2016.12.16 16:03:42.659,0.97328,0.97346,1.00,1.50
2016.12.16 16:03:42.811,0.97331,0.97347,1.00,3.00
2016.12.16 16:03:43.304,0.97329,0.97344,1.00,1.00
2016.12.16 16:03:43.405,0.97326,0.97344,1.00,1.00
2016.12.16 16:03:43.557,0.97328,0.97344,1.00,1.00
2016.12.16 16:03:44.010,0.97326,0.97344,1.00,1.00
2016.12.16 16:03:44.061,0.97328,0.97344,1.00,1.00
2016.12.16 16:03:44.631,0.97331,0.97344,1.00,1.00
2016.12.16 16:03:44.987,0.97327,0.97348,1.00,2.25
2016.12.16 16:03:45.038,0.97332,0.97348,1.00,1.75
2016.12.16 16:03:45.139,0.9733,0.97349,1.00,2.25
2016.12.16 16:03:45.693,0.97329,0.97346,1.00,1.12
2016.12.16 16:03:45.946,0.97331,0.97346,1.00,1.37
2016.12.16 16:03:46.551,0.97329,0.97347,1.00,1.50
2016.12.16 16:03:47.536,0.97329,0.97346,1.00,1.75
2016.12.16 16:03:48.046,0.97328,0.97344,1.00,1.00
2016.12.16 16:03:48.197,0.9733,0.97345,1.00,1.75
2016.12.16 16:03:48.500,0.97333,0.9735,1.00,1.75
2016.12.16 16:03:48.601,0.97334,0.9735,1.00,1.50
2016.12.16 16:03:48.652,0.97334,0.9735,1.00,2.62
2016.12.16 16:03:48.702,0.97332,0.9735,1.00,4.12
2016.12.16 16:03:48.904,0.97332,0.97348,1.00,1.00
2016.12.16 16:03:49.108,0.97334,0.9735,1.00,4.12
2016.12.16 16:03:49.723,0.97336,0.9735,1.00,3.37
2016.12.16 16:03:49.824,0.97336,0.97352,1.00,1.75
2016.12.16 16:03:50.357,0.97335,0.97353,1.00,2.25
2016.12.16 16:03:50.886,0.97336,0.97353,1.00,1.75
2016.12.16 16:03:51.292,0.97336,0.97353,1.00,1.75
2016.12.16 16:03:52.193,0.97337,0.97354,1.00,2.25
2016.12.16 16:03:52.316,0.97335,0.97354,1.00,1.50
2016.12.16 16:03:52.568,0.97336,0.97351,1.00,1.00
2016.12.16 16:03:52.834,0.97334,0.97351,1.00,1.00
2016.12.16 16:03:52.935,0.97333,0.97349,1.00,1.00
2016.12.16 16:03:53.438,0.97329,0.97349,1.00,1.00
2016.12.16 16:03:54.243,0.97329,0.97348,1.00,1.00
2016.12.16 16:03:54.476,0.97329,0.97346,1.00,1.00
2016.12.16 16:03:54.527,0.97329,0.97348,1.00,1.00
2016.12.16 16:03:54.737,0.97329,0.97348,1.00,1.50
2016.12.16 16:03:55.039,0.97331,0.97347,1.00,1.37
2016.12.16 16:03:56.149,0.97329,0.97347,1.00,1.87
2016.12.16 16:03:56.249,0.97331,0.97347,1.00,1.87
2016.12.16 16:03:56.300,0.97329,0.97346,1.00,1.12
2016.12.16 16:03:56.451,0.97331,0.97347,1.00,1.37
2016.12.16 16:03:56.754,0.97337,0.97347,1.00,1.37
2016.12.16 16:03:56.955,0.97337,0.97352,1.00,1.50
2016.12.16 16:03:57.636,0.97337,0.97352,1.00,2.25
2016.12.16 16:03:58.233,0.97333,0.97352,1.00,1.75
2016.12.16 16:03:58.737,0.97332,0.97349,1.00,1.00
2016.12.16 16:03:58.888,0.97332,0.9735,1.00,1.75
2016.12.16 16:03:59.191,0.97334,0.97349,1.00,1.00
2016.12.16 16:03:59.581,0.97331,0.97348,1.00,1.50
2016.12.16 16:03:59.632,0.97332,0.97351,1.00,1.50
2016.12.16 16:03:59.683,0.97332,0.97349,1.00,1.37
2016.12.16 16:03:59.985,0.9733,0.97349,1.00,1.50
2016.12.16 16:04:00.236,0.9733,0.97349,1.00,3.37
2016.12.16 16:04:00.538,0.97332,0.97349,1.00,4.87
2016.12.16 16:04:00.745,0.9733,0.97349,1.00,4.12
2016.12.16 16:04:00.796,0.97328,0.97346,1.00,1.75
2016.12.16 16:04:00.847,0.97326,0.97346,1.00,2.25
2016.12.16 16:04:00.948,0.97325,0.97345,1.00,2.62
2016.12.16 16:04:01.250,0.97327,0.97341,1.00,1.00
2016.12.16 16:04:01.502,0.97324,0.97341,1.00,1.80
2016.12.16 16:04:01.602,0.97323,0.97336,1.00,1.00
2016.12.16 16:04:01.703,0.9732,0.97337,1.00,1.37
2016.12.16 16:04:01.754,0.9732,0.97336,1.00,2.25
2016.12.16 16:04:02.173,0.97314,0.97332,1.00,1.50
2016.12.16 16:04:02.224,0.97316,0.97333,1.00,1.80
2016.12.16 16:04:02.274,0.97314,0.97331,1.00,1.80
2016.12.16 16:04:02.325,0.97312,0.97329,1.00,1.42
2016.12.16 16:04:02.426,0.97309,0.97328,1.12,1.30
2016.12.16 16:04:02.528,0.97313,0.97328,1.00,1.05
2016.12.16 16:04:02.830,0.97315,0.97331,1.00,1.80
2016.12.16 16:04:03.032,0.97315,0.97331,1.00,2.17
2016.12.16 16:04:03.467,0.97311,0.97329,1.00,1.00
2016.12.16 16:04:03.569,0.97312,0.97329,1.00,2.25
2016.12.16 16:04:03.821,0.97312,0.97328,1.00,1.00
2016.12.16 16:04:03.871,0.97314,0.97328,1.00,1.00
2016.12.16 16:04:03.972,0.97312,0.97328,1.00,1.00
2016.12.16 16:04:04.074,0.97311,0.97329,1.00,1.75
2016.12.16 16:04:04.377,0.97312,0.97329,1.00,1.75
2016.12.16 16:04:04.427,0.97312,0.9733,1.00,1.05
2016.12.16 16:04:04.478,0.97314,0.9733,1.00,1.05
2016.12.16 16:04:04.680,0.97311,0.97331,1.00,3.30
2016.12.16 16:04:05.229,0.97312,0.97331,1.00,2.55
2016.12.16 16:04:05.703,0.97314,0.9733,1.00,1.05
2016.12.16 16:04:05.754,0.97314,0.9733,1.00,1.05
2016.12.16 16:04:05.920,0.97317,0.97331,1.00,1.05
2016.12.16 16:04:06.238,0.9733,0.97344,1.00,1.75
2016.12.16 16:04:06.289,0.97328,0.97344,1.00,1.75
2016.12.16 16:04:06.440,0.97329,0.97348,1.00,3.00
2016.12.16 16:04:06.946,0.97328,0.97346,1.00,1.75
2016.12.16 16:04:07.449,0.97329,0.97346,1.00,1.50
2016.12.16 16:04:07.725,0.97331,0.97347,1.00,1.75
2016.12.16 16:04:07.989,0.97329,0.97347,1.00,1.75
2016.12.16 16:04:08.531,0.9733,0.97347,1.00,1.75
2016.12.16 16:04:09.052,0.97329,0.97346,1.00,1.50
2016.12.16 16:04:09.530,0.97331,0.97348,1.00,1.75
2016.12.16 16:04:09.832,0.97334,0.97351,1.00,4.87
2016.12.16 16:04:10.135,0.97335,0.97351,1.00,1.50
2016.12.16 16:04:10.438,0.97337,0.97352,1.00,1.75
2016.12.16 16:04:10.539,0.97338,0.97352,1.00,1.00
2016.12.16 16:04:10.640,0.97336,0.97352,1.00,1.00
2016.12.16 16:04:10.741,0.97339,0.97353,1.00,1.75
2016.12.16 16:04:10.842,0.97339,0.97354,1.00,1.00
2016.12.16 16:04:11.358,0.97338,0.97354,1.00,1.00
2016.12.16 16:04:11.560,0.97336,0.97355,1.00,1.12
2016.12.16 16:04:11.683,0.97336,0.97352,1.00,1.00
2016.12.16 16:04:12.035,0.97332,0.97351,1.00,1.50
2016.12.16 16:04:12.086,0.97334,0.97351,1.00,1.50
2016.12.16 16:04:12.287,0.97332,0.97351,1.00,3.75
2016.12.16 16:04:12.388,0.9733,0.97351,1.00,3.75
2016.12.16 16:04:12.746,0.97331,0.97347,1.00,1.37
2016.12.16 16:04:13.051,0.97334,0.97353,1.00,1.75
2016.12.16 16:04:13.416,0.97337,0.97353,1.00,1.75
2016.12.16 16:04:13.985,0.97335,0.97354,1.00,1.75
2016.12.16 16:04:14.036,0.97333,0.97351,1.00,1.12
2016.12.16 16:04:14.232,0.97333,0.97351,1.00,2.25
2016.12.16 16:04:14.564,0.97331,0.97351,1.00,4.12
2016.12.16 16:04:15.057,0.97339,0.97349,1.00,1.75
2016.12.16 16:04:15.258,0.97341,0.9735,1.00,1.00
2016.12.16 16:04:15.309,0.97346,0.97355,1.00,2.25
2016.12.16 16:04:15.359,0.97343,0.97362,1.00,1.75
2016.12.16 16:04:15.763,0.97345,0.97363,1.00,1.75
2016.12.16 16:04:15.814,0.97341,0.97362,1.00,1.75
2016.12.16 16:04:16.018,0.97339,0.97357,1.12,1.00
2016.12.16 16:04:16.169,0.97335,0.97354,1.00,1.50
2016.12.16 16:04:16.220,0.97337,0.97352,1.00,1.12
2016.12.16 16:04:16.522,0.97335,0.97355,1.00,3.37
2016.12.16 16:04:16.573,0.97335,0.97356,1.00,1.75
2016.12.16 16:04:16.674,0.97337,0.97354,1.00,1.37
2016.12.16 16:04:17.088,0.97336,0.97355,1.00,3.37
2016.12.16 16:04:17.291,0.97336,0.97356,1.00,2.25
2016.12.16 16:04:17.392,0.97339,0.97356,1.00,1.75
2016.12.16 16:04:17.529,0.97337,0.97356,1.00,1.75
2016.12.16 16:04:17.580,0.97335,0.97357,1.00,4.12
2016.12.16 16:04:17.731,0.97337,0.97357,1.00,2.62
2016.12.16 16:04:18.033,0.97348,0.97361,1.00,2.62
2016.12.16 16:04:18.134,0.97346,0.9736,1.00,2.25
2016.12.16 16:04:18.185,0.97346,0.97366,1.00,2.25
2016.12.16 16:04:18.286,0.97346,0.97366,1.00,1.50
2016.12.16 16:04:18.523,0.97348,0.97366,1.00,1.50
2016.12.16 16:04:18.829,0.97348,0.97366,1.00,1.75
2016.12.16 16:04:19.132,0.97348,0.97366,1.00,3.00
2016.12.16 16:04:19.232,0.97346,0.97366,1.00,2.25
2016.12.16 16:04:19.333,0.97344,0.97364,1.00,1.75
2016.12.16 16:04:19.384,0.97344,0.97363,1.00,1.75
2016.12.16 16:04:19.535,0.9734,0.97356,1.00,1.00
2016.12.16 16:04:19.686,0.97339,0.97357,1.00,2.25
2016.12.16 16:04:20.046,0.97345,0.97359,1.00,2.62
2016.12.16 16:04:20.097,0.97345,0.97361,1.00,1.75
2016.12.16 16:04:20.198,0.97346,0.97362,1.00,1.50
2016.12.16 16:04:20.248,0.97348,0.97364,1.00,2.62
2016.12.16 16:04:20.299,0.97348,0.97366,1.00,4.87
2016.12.16 16:04:20.349,0.9735,0.97366,1.00,2.62
2016.12.16 16:04:20.400,0.9735,0.97367,1.00,4.87
2016.12.16 16:04:20.501,0.97349,0.97367,1.00,2.25
2016.12.16 16:04:20.702,0.97349,0.97366,1.00,2.25
2016.12.16 16:04:20.958,0.97347,0.97366,1.00,1.75
2016.12.16 16:04:22.021,0.97346,0.97366,1.00,2.25
2016.12.16 16:04:22.359,0.97348,0.97366,1.00,1.75
2016.12.16 16:04:22.905,0.97347,0.97366,1.00,1.00
2016.12.16 16:04:23.196,0.97349,0.97366,1.00,1.00
2016.12.16 16:04:23.297,0.97349,0.97368,1.00,1.50
2016.12.16 16:04:23.347,0.97352,0.97368,1.00,1.50
2016.12.16 16:04:23.499,0.9735,0.97371,1.00,1.00
2016.12.16 16:04:23.600,0.97349,0.97369,1.50,2.25
2016.12.16 16:04:23.902,0.97354,0.97372,1.00,1.00
2016.12.16 16:04:24.247,0.97352,0.97373,1.00,2.25
2016.12.16 16:04:24.558,0.97355,0.97373,1.00,1.75
2016.12.16 16:04:24.609,0.97355,0.97373,1.00,1.50
2016.12.16 16:04:24.911,0.97353,0.97374,1.00,1.75
2016.12.16 16:04:25.264,0.97349,0.97371,2.62,1.50
2016.12.16 16:04:25.415,0.97349,0.97371,2.25,1.75
2016.12.16 16:04:26.132,0.9735,0.97367,1.00,1.00
2016.12.16 16:04:26.636,0.97348,0.97367,1.12,1.00
2016.12.16 16:04:27.155,0.97346,0.97367,1.00,1.87
2016.12.16 16:04:27.206,0.97346,0.97364,1.00,1.00
2016.12.16 16:04:27.408,0.97346,0.97366,1.00,1.12
2016.12.16 16:04:27.459,0.97353,0.97367,1.00,1.87
2016.12.16 16:04:27.510,0.97349,0.97368,1.00,1.75
2016.12.16 16:04:27.611,0.97346,0.97368,3.00,1.00
2016.12.16 16:04:27.662,0.97346,0.97366,2.25,1.00
2016.12.16 16:04:27.763,0.97349,0.97368,1.12,1.00
2016.12.16 16:04:27.818,0.97349,0.97368,1.00,1.75
2016.12.16 16:04:28.020,0.97347,0.97364,1.00,1.12
2016.12.16 16:04:28.071,0.97343,0.97365,1.87,1.12
2016.12.16 16:04:28.283,0.97341,0.97364,2.25,1.50
2016.12.16 16:04:28.546,0.97339,0.97361,1.50,1.00
2016.12.16 16:04:28.849,0.97339,0.97359,1.00,1.00
2016.12.16 16:04:29.151,0.97342,0.97363,1.00,4.12
2016.12.16 16:04:29.201,0.97342,0.97363,1.00,1.75
2016.12.16 16:04:29.302,0.9734,0.9736,1.12,1.00
2016.12.16 16:04:29.353,0.97343,0.97363,1.00,1.50
2016.12.16 16:04:29.842,0.97345,0.97367,1.00,4.87
2016.12.16 16:04:29.942,0.97343,0.97366,1.87,1.75
2016.12.16 16:04:30.452,0.97344,0.97366,1.00,2.25
2016.12.16 16:04:30.898,0.97346,0.97368,1.00,4.87
2016.12.16 16:04:31.369,0.97355,0.97368,1.00,4.12
2016.12.16 16:04:31.520,0.97355,0.9737,1.50,1.00
2016.12.16 16:04:31.570,0.97357,0.9737,1.00,1.00
2016.12.16 16:04:31.621,0.97356,0.97376,1.00,1.50
2016.12.16 16:04:32.074,0.97358,0.9738,1.00,1.75
2016.12.16 16:04:32.125,0.97358,0.9738,1.12,1.50
2016.12.16 16:04:32.248,0.9736,0.97377,1.00,1.00
2016.12.16 16:04:32.349,0.97358,0.97379,1.12,1.12
2016.12.16 16:04:32.400,0.97356,0.97378,2.25,1.37
2016.12.16 16:04:33.320,0.97359,0.97377,1.00,1.75
2016.12.16 16:04:33.421,0.97359,0.97376,1.00,1.00
2016.12.16 16:04:33.596,0.97354,0.97376,1.50,1.00
2016.12.16 16:04:33.647,0.97354,0.97374,1.50,1.00
2016.12.16 16:04:33.950,0.97353,0.97373,1.00,1.50
2016.12.16 16:04:34.818,0.97353,0.97371,1.00,1.00
2016.12.16 16:04:35.287,0.97349,0.97368,1.75,1.00
2016.12.16 16:04:35.438,0.97349,0.97371,1.00,1.75
2016.12.16 16:04:35.973,0.97349,0.97369,1.00,1.00
2016.12.16 16:04:36.465,0.97354,0.97369,1.00,1.00
2016.12.16 16:04:36.568,0.97349,0.97369,1.00,1.00
2016.12.16 16:04:36.912,0.97349,0.97371,1.00,1.12
2016.12.16 16:04:37.193,0.97349,0.97369,1.00,1.00
2016.12.16 16:04:37.244,0.97349,0.97371,1.00,1.12
2016.12.16 16:04:37.295,0.97349,0.97369,1.00,1.00
2016.12.16 16:04:37.446,0.9735,0.97372,1.00,1.00
2016.12.16 16:04:37.496,0.97349,0.9737,1.37,1.00
2016.12.16 16:04:38.038,0.97349,0.97369,1.37,1.00
2016.12.16 16:04:38.197,0.97349,0.97371,1.00,1.50
2016.12.16 16:04:38.299,0.97349,0.97372,1.00,3.00
2016.12.16 16:04:38.613,0.97347,0.97367,1.50,1.00
2016.12.16 16:04:38.936,0.97349,0.97366,1.00,1.00
2016.12.16 16:04:39.250,0.97351,0.97369,1.00,1.00
2016.12.16 16:04:39.300,0.9735,0.97367,1.87,1.00
2016.12.16 16:04:39.461,0.9735,0.9737,1.97,1.00
2016.12.16 16:04:39.512,0.97349,0.97368,1.12,1.00
2016.12.16 16:04:39.925,0.97348,0.97369,1.50,1.00
2016.12.16 16:04:40.326,0.9735,0.97367,1.00,1.00
2016.12.16 16:04:40.578,0.97344,0.97365,2.25,1.00
2016.12.16 16:04:40.629,0.97349,0.97365,1.00,1.00
2016.12.16 16:04:41.188,0.97349,0.97366,1.00,1.00
2016.12.16 16:04:41.504,0.97348,0.9737,6.60,1.87
2016.12.16 16:04:41.655,0.97348,0.97367,1.00,1.12
2016.12.16 16:04:41.706,0.97348,0.97367,1.37,1.00
2016.12.16 16:04:41.807,0.97348,0.97366,1.50,1.00
2016.12.16 16:04:42.205,0.97348,0.97364,1.00,1.00
2016.12.16 16:04:42.609,0.97344,0.97364,1.50,1.00
2016.12.16 16:04:42.678,0.97344,0.97362,1.12,1.00
2016.12.16 16:04:43.365,0.97344,0.97365,1.12,1.00
2016.12.16 16:04:43.505,0.97344,0.97362,1.12,1.00
2016.12.16 16:04:45.229,0.97349,0.97362,1.00,1.00
2016.12.16 16:04:46.548,0.97344,0.97362,1.12,1.00
2016.12.16 16:04:46.976,0.97344,0.97364,1.00,1.00
2016.12.16 16:04:47.329,0.97351,0.97368,1.50,1.37
2016.12.16 16:04:47.380,0.97352,0.97369,1.00,1.50
2016.12.16 16:04:47.431,0.97352,0.97367,1.00,1.00
2016.12.16 16:04:47.481,0.97346,0.97366,1.75,1.00
2016.12.16 16:04:47.583,0.97348,0.9737,1.50,1.00
2016.12.16 16:04:47.633,0.97348,0.9737,1.12,1.87
2016.12.16 16:04:47.981,0.97345,0.97363,1.00,1.00
2016.12.16 16:04:48.134,0.97345,0.97365,1.00,1.12
2016.12.16 16:04:48.587,0.97345,0.97368,1.00,1.50
2016.12.16 16:04:48.738,0.97345,0.97366,1.00,1.00
2016.12.16 16:04:49.064,0.97344,0.97366,2.25,1.00
2016.12.16 16:04:49.414,0.97346,0.97365,1.00,1.00
2016.12.16 16:04:49.465,0.97345,0.97356,1.37,1.00
2016.12.16 16:04:49.566,0.97342,0.97357,1.00,1.00
2016.12.16 16:04:49.667,0.97342,0.9735,1.00,1.00
2016.12.16 16:04:49.718,0.97333,0.97353,1.37,1.37
2016.12.16 16:04:49.819,0.97329,0.97351,2.25,1.00
2016.12.16 16:04:50.071,0.97329,0.97353,1.75,1.12
2016.12.16 16:04:50.222,0.97329,0.97354,5.62,1.12
2016.12.16 16:04:50.690,0.97332,0.97353,1.37,1.12
2016.12.16 16:04:51.313,0.97332,0.97354,1.97,1.37
2016.12.16 16:04:51.515,0.97341,0.97361,1.50,1.00
2016.12.16 16:04:51.671,0.97341,0.9736,1.37,1.37
2016.12.16 16:04:51.722,0.9734,0.97361,2.85,1.00
2016.12.16 16:04:52.025,0.97343,0.97359,1.00,1.00
2016.12.16 16:04:52.575,0.97343,0.9736,1.00,1.00
2016.12.16 16:04:53.141,0.97343,0.97358,1.00,1.00
2016.12.16 16:04:53.242,0.97339,0.97358,1.75,1.00
2016.12.16 16:04:53.343,0.97335,0.97356,1.75,1.00
2016.12.16 16:04:53.394,0.97335,0.97357,1.75,1.00
2016.12.16 16:04:54.399,0.97334,0.97358,3.00,1.12
2016.12.16 16:04:56.186,0.97341,0.97359,1.35,1.50
2016.12.16 16:04:56.287,0.97341,0.9736,1.67,1.00
2016.12.16 16:04:56.338,0.97341,0.97362,1.50,1.00
2016.12.16 16:04:56.445,0.97341,0.97362,1.50,1.00
2016.12.16 16:04:56.546,0.97341,0.97364,3.37,1.50
2016.12.16 16:04:56.597,0.97343,0.97366,1.75,2.25
2016.12.16 16:04:57.154,0.97346,0.97368,1.00,2.25
2016.12.16 16:04:57.255,0.97347,0.97368,1.87,1.87
2016.12.16 16:04:57.406,0.97344,0.97366,1.50,1.87
2016.12.16 16:04:57.457,0.97344,0.97364,1.50,1.12
2016.12.16 16:04:57.830,0.97342,0.97364,1.00,1.50
2016.12.16 16:04:58.031,0.97344,0.97363,1.00,1.00
2016.12.16 16:04:58.434,0.97341,0.97366,1.12,1.75
2016.12.16 16:04:58.706,0.97343,0.97366,1.00,2.25
2016.12.16 16:04:59.016,0.97344,0.97368,2.25,2.25
2016.12.16 16:04:59.423,0.97345,0.97368,1.75,1.12
2016.12.16 16:04:59.524,0.97348,0.97362,1.00,1.00
2016.12.16 16:04:59.726,0.97343,0.9736,1.00,1.00
2016.12.16 16:04:59.827,0.97337,0.9736,1.75,1.50
2016.12.16 16:05:00.230,0.97342,0.97362,1.00,1.50
2016.12.16 16:05:00.532,0.9735,0.97368,1.00,1.50
2016.12.16 16:05:00.633,0.97348,0.97371,1.50,1.12
2016.12.16 16:05:00.684,0.97348,0.97371,1.00,1.37
2016.12.16 16:05:01.210,0.97348,0.9737,1.00,2.62
2016.12.16 16:05:01.362,0.97348,0.97373,1.87,1.75
2016.12.16 16:05:01.664,0.97355,0.97375,1.00,1.75
2016.12.16 16:05:01.715,0.97353,0.97375,1.00,1.75
2016.12.16 16:05:01.766,0.97348,0.97369,1.37,1.37
2016.12.16 16:05:01.917,0.97348,0.97371,2.25,1.12
2016.12.16 16:05:01.967,0.97349,0.97371,1.00,1.87
2016.12.16 16:05:02.018,0.97347,0.97368,1.00,1.00
2016.12.16 16:05:02.413,0.97352,0.97367,1.00,1.00
2016.12.16 16:05:02.564,0.97352,0.97376,3.22,3.37
2016.12.16 16:05:02.619,0.97352,0.97376,3.60,1.50
2016.12.16 16:05:02.673,0.97352,0.97376,2.85,1.12
2016.12.16 16:05:02.877,0.97355,0.97376,1.97,1.00
2016.12.16 16:05:03.537,0.97357,0.97381,1.50,3.00
2016.12.16 16:05:04.145,0.9736,0.97381,1.00,1.75
2016.12.16 16:05:04.397,0.97358,0.97381,1.75,2.62
2016.12.16 16:05:04.934,0.97357,0.9738,1.75,1.87
2016.12.16 16:05:05.481,0.97356,0.97379,1.35,1.00
2016.12.16 16:05:05.582,0.97356,0.97379,1.67,1.12
2016.12.16 16:05:05.783,0.97355,0.97377,1.75,1.00
2016.12.16 16:05:05.985,0.97355,0.97375,1.00,1.00
2016.12.16 16:05:06.437,0.97356,0.97377,1.00,1.00
2016.12.16 16:05:06.588,0.97355,0.97378,1.75,1.12
2016.12.16 16:05:06.890,0.97354,0.97377,1.50,1.37
2016.12.16 16:05:07.192,0.97351,0.97373,2.25,1.12
2016.12.16 16:05:07.774,0.9735,0.97372,1.75,1.00
2016.12.16 16:05:08.831,0.9735,0.97373,2.25,1.12
2016.12.16 16:05:11.182,0.97351,0.97372,2.25,1.00
2016.12.16 16:05:11.485,0.97359,0.97378,1.00,1.37
2016.12.16 16:05:11.823,0.97357,0.97377,1.00,1.12
2016.12.16 16:05:12.175,0.97359,0.97379,1.00,1.50
2016.12.16 16:05:12.340,0.97356,0.97379,3.00,1.50
2016.12.16 16:05:12.491,0.97357,0.97379,2.25,1.12
2016.12.16 16:05:13.434,0.9736,0.97383,1.00,2.25
2016.12.16 16:05:13.978,0.97359,0.97383,2.62,2.25
2016.12.16 16:05:14.548,0.97361,0.97384,1.00,1.75
2016.12.16 16:05:14.699,0.97361,0.97384,1.50,1.75
2016.12.16 16:05:14.855,0.97363,0.97385,1.00,2.25
2016.12.16 16:05:15.186,0.97365,0.97385,1.00,1.75
2016.12.16 16:05:15.397,0.97365,0.97386,1.00,1.00
2016.12.16 16:05:15.650,0.97367,0.97386,1.00,1.00
2016.12.16 16:05:15.952,0.97369,0.97391,1.00,2.25
2016.12.16 16:05:16.257,0.97363,0.97383,2.25,1.00
2016.12.16 16:05:16.408,0.97362,0.97382,1.12,1.00
2016.12.16 16:05:16.978,0.97361,0.97382,1.00,1.00
2016.12.16 16:05:17.182,0.97361,0.97379,1.00,1.00
2016.12.16 16:05:17.388,0.97361,0.97382,1.00,1.50
2016.12.16 16:05:17.539,0.97361,0.9738,1.00,1.00
2016.12.16 16:05:18.072,0.9736,0.97381,1.00,1.00
2016.12.16 16:05:18.518,0.9736,0.97379,1.00,1.00
2016.12.16 16:05:19.069,0.9736,0.97382,1.00,1.50
2016.12.16 16:05:19.585,0.97361,0.97382,1.00,1.00
2016.12.16 16:05:20.167,0.97361,0.97381,1.00,1.00
2016.12.16 16:05:20.906,0.97361,0.9738,1.00,1.00
2016.12.16 16:05:21.309,0.97356,0.9738,3.00,2.25
2016.12.16 16:05:21.814,0.97357,0.97378,1.75,1.00
2016.12.16 16:05:23.949,0.97358,0.97377,1.50,1.00
2016.12.16 16:05:24.100,0.97358,0.9738,1.50,1.50
2016.12.16 16:05:24.302,0.97359,0.9738,1.75,1.00
2016.12.16 16:05:25.349,0.97359,0.97379,1.75,1.00
2016.12.16 16:05:25.551,0.9736,0.97381,2.25,1.00
2016.12.16 16:05:25.879,0.9736,0.97383,2.25,1.37
2016.12.16 16:05:26.401,0.97363,0.97383,1.00,1.00
2016.12.16 16:05:26.729,0.97363,0.97379,1.00,1.00
2016.12.16 16:05:26.895,0.97359,0.9738,1.50,1.00
2016.12.16 16:05:27.881,0.97359,0.97381,1.50,1.00
2016.12.16 16:05:28.082,0.9736,0.97381,1.50,1.00
2016.12.16 16:05:28.607,0.97359,0.97382,2.25,1.50
2016.12.16 16:05:28.915,0.97359,0.97381,2.25,1.00
2016.12.16 16:05:29.015,0.97359,0.97381,2.25,1.00
2016.12.16 16:05:29.117,0.97359,0.9738,1.87,1.12
2016.12.16 16:05:29.167,0.97359,0.9738,3.00,1.12
2016.12.16 16:05:29.693,0.97359,0.9738,3.00,1.00
2016.12.16 16:05:30.237,0.97359,0.9738,1.50,1.00
2016.12.16 16:05:30.738,0.97358,0.97379,1.75,1.00
2016.12.16 16:05:30.840,0.97357,0.97381,3.75,1.50
2016.12.16 16:05:31.355,0.97357,0.9738,3.00,1.00
2016.12.16 16:05:31.737,0.97357,0.97378,3.00,1.00
2016.12.16 16:05:33.164,0.9736,0.97379,1.12,1.00
2016.12.16 16:05:33.703,0.97359,0.97377,1.37,1.00
2016.12.16 16:05:33.956,0.97354,0.97372,1.12,1.00
2016.12.16 16:05:34.006,0.97354,0.9737,1.12,1.00
2016.12.16 16:05:34.361,0.9735,0.97372,1.50,1.12
2016.12.16 16:05:34.412,0.97352,0.97372,1.00,1.50
2016.12.16 16:05:34.928,0.97353,0.97372,1.00,1.00
2016.12.16 16:05:35.431,0.97351,0.97372,1.37,1.00
2016.12.16 16:05:35.958,0.97351,0.97371,1.37,1.00
2016.12.16 16:05:36.479,0.97352,0.97372,1.12,1.00
2016.12.16 16:05:36.995,0.97354,0.97373,1.12,1.12
2016.12.16 16:05:37.146,0.97354,0.97375,1.50,1.12
2016.12.16 16:05:37.796,0.97356,0.97377,1.00,1.37
2016.12.16 16:05:37.898,0.97358,0.97376,1.00,1.00
2016.12.16 16:05:38.208,0.97363,0.97378,1.00,1.00
2016.12.16 16:05:38.259,0.97363,0.97382,1.12,1.00
2016.12.16 16:05:38.511,0.97365,0.97382,1.00,1.00
2016.12.16 16:05:38.566,0.97363,0.97382,1.12,1.00
2016.12.16 16:05:38.755,0.97363,0.97383,1.75,1.50
2016.12.16 16:05:39.791,0.97363,0.97384,1.75,1.00
2016.12.16 16:05:42.388,0.97362,0.97379,1.75,1.00
2016.12.16 16:05:42.540,0.97359,0.97375,1.50,1.00
2016.12.16 16:05:42.691,0.97354,0.97375,3.00,1.00
2016.12.16 16:05:43.147,0.97355,0.97376,1.50,1.00
2016.12.16 16:05:43.248,0.97356,0.97376,1.50,1.00
2016.12.16 16:05:43.348,0.97356,0.97379,1.50,1.87
2016.12.16 16:05:43.500,0.97359,0.97379,1.12,1.87
2016.12.16 16:05:43.773,0.97359,0.97381,1.50,1.50
2016.12.16 16:05:43.824,0.97359,0.97381,2.25,1.50
2016.12.16 16:05:44.126,0.97359,0.97379,1.75,1.00
2016.12.16 16:05:44.438,0.97357,0.97377,1.75,1.00
2016.12.16 16:05:44.859,0.97354,0.97375,1.75,1.00
2016.12.16 16:05:44.960,0.97356,0.97375,1.00,1.00
2016.12.16 16:05:45.061,0.97353,0.97375,2.25,1.12
2016.12.16 16:05:45.603,0.97354,0.97375,1.50,1.12
2016.12.16 16:05:45.906,0.97355,0.97377,1.75,1.00
2016.12.16 16:05:46.210,0.9736,0.97377,1.00,1.00
2016.12.16 16:05:48.148,0.97355,0.97377,1.75,1.00
2016.12.16 16:05:48.332,0.97355,0.9737,1.75,1.50
2016.12.16 16:05:48.634,0.97342,0.97355,2.25,1.50
2016.12.16 16:05:48.685,0.97341,0.97355,1.37,1.00
2016.12.16 16:05:48.786,0.97336,0.97355,1.50,1.50
2016.12.16 16:05:48.887,0.97333,0.97354,2.25,1.00
2016.12.16 16:05:49.371,0.97334,0.97355,1.75,1.00
2016.12.16 16:05:49.678,0.97331,0.97349,1.12,1.00
2016.12.16 16:05:50.184,0.97329,0.97349,2.25,1.00
2016.12.16 16:05:50.389,0.97329,0.97351,2.25,1.00
2016.12.16 16:05:50.755,0.97333,0.97353,1.12,1.00
2016.12.16 16:05:50.905,0.97334,0.97356,1.37,1.12
2016.12.16 16:05:51.723,0.97336,0.97359,2.25,1.37
2016.12.16 16:05:52.030,0.97338,0.9736,1.12,1.12
2016.12.16 16:05:52.515,0.97337,0.97356,1.75,1.00
2016.12.16 16:05:52.566,0.97336,0.97358,1.75,1.00
2016.12.16 16:05:52.617,0.97338,0.9736,1.50,1.50
2016.12.16 16:05:53.126,0.97339,0.97361,1.50,1.00
2016.12.16 16:05:53.227,0.97342,0.97363,1.00,1.50
2016.12.16 16:05:53.740,0.97341,0.97362,1.00,1.12
2016.12.16 16:05:54.093,0.9734,0.97364,1.87,1.37
2016.12.16 16:05:55.948,0.9734,0.97361,1.75,1.50
2016.12.16 16:05:56.049,0.97339,0.97359,1.50,1.00
2016.12.16 16:05:56.560,0.9734,0.9736,1.12,1.00
2016.12.16 16:05:56.898,0.97337,0.97359,1.12,1.12
2016.12.16 16:05:57.156,0.97337,0.97357,1.12,1.00
2016.12.16 16:05:57.672,0.97338,0.97357,1.00,1.00
2016.12.16 16:05:58.172,0.97338,0.97355,1.00,1.50
2016.12.16 16:05:58.430,0.97334,0.97353,1.12,1.00
2016.12.16 16:05:58.944,0.97331,0.97352,2.25,1.00
2016.12.16 16:05:59.224,0.97331,0.97353,1.87,1.00
2016.12.16 16:05:59.275,0.97333,0.97353,1.00,1.00
2016.12.16 16:05:59.969,0.97334,0.97353,1.00,1.00
2016.12.16 16:06:00.020,0.97334,0.97356,1.12,1.37
2016.12.16 16:06:00.071,0.97334,0.97357,1.12,1.50
2016.12.16 16:06:00.172,0.97338,0.97358,1.00,1.00
2016.12.16 16:06:00.524,0.97339,0.97355,1.00,1.00
2016.12.16 16:06:00.726,0.97338,0.97358,1.00,1.50
2016.12.16 16:06:00.777,0.9734,0.97359,1.00,1.50
2016.12.16 16:06:00.827,0.97338,0.97359,1.00,1.50
2016.12.16 16:06:01.343,0.97339,0.97359,1.12,1.00
2016.12.16 16:06:01.869,0.97337,0.97358,2.25,1.00
2016.12.16 16:06:02.322,0.97337,0.97358,1.87,1.12
2016.12.16 16:06:02.636,0.97336,0.97356,1.50,1.00
2016.12.16 16:06:03.029,0.97336,0.97358,1.50,1.12
2016.12.16 16:06:03.231,0.97338,0.97361,1.12,1.37
2016.12.16 16:06:03.281,0.97338,0.97362,1.37,2.25
2016.12.16 16:06:03.634,0.97339,0.97363,2.25,1.87
2016.12.16 16:06:03.968,0.97345,0.97363,1.00,1.00
2016.12.16 16:06:04.479,0.97345,0.97364,1.00,1.00
2016.12.16 16:06:05.110,0.97345,0.97365,1.00,1.00
2016.12.16 16:06:05.822,0.97343,0.97366,2.25,2.62
2016.12.16 16:06:06.128,0.97347,0.97366,1.00,1.12
2016.12.16 16:06:06.482,0.97345,0.97363,1.12,1.00
2016.12.16 16:06:07.128,0.97345,0.97364,1.12,1.00
2016.12.16 16:06:07.179,0.97345,0.97366,1.12,1.12
2016.12.16 16:06:07.935,0.97346,0.97366,1.00,1.12
2016.12.16 16:06:09.216,0.97346,0.97364,1.00,1.50
2016.12.16 16:06:09.749,0.97343,0.97364,1.50,1.00
2016.12.16 16:06:10.128,0.97343,0.97362,1.50,1.00
2016.12.16 16:06:10.229,0.97342,0.97362,1.50,1.00
2016.12.16 16:06:10.734,0.97341,0.97362,1.50,1.00
2016.12.16 16:06:10.887,0.97341,0.97364,1.75,1.50
2016.12.16 16:06:11.065,0.97343,0.97361,1.50,1.50
2016.12.16 16:06:11.115,0.97343,0.97364,1.12,1.37
2016.12.16 16:06:11.166,0.9734,0.9736,2.25,1.00
2016.12.16 16:06:11.468,0.97341,0.97358,1.00,1.00
2016.12.16 16:06:11.670,0.97339,0.97359,1.50,1.00
2016.12.16 16:06:11.918,0.97341,0.9736,1.00,1.00
2016.12.16 16:06:12.220,0.9734,0.97363,2.25,3.00
2016.12.16 16:06:12.371,0.97339,0.97361,2.25,1.50
2016.12.16 16:06:12.422,0.97339,0.97363,2.25,2.25
2016.12.16 16:06:12.724,0.9734,0.9736,1.12,1.00
2016.12.16 16:06:13.406,0.9734,0.97361,1.12,1.12
2016.12.16 16:06:14.029,0.9734,0.97362,1.37,1.00
2016.12.16 16:06:14.384,0.97342,0.97364,1.12,1.12
2016.12.16 16:06:15.077,0.97343,0.97364,1.00,1.12
2016.12.16 16:06:15.354,0.97342,0.97361,1.12,1.00
2016.12.16 16:06:15.404,0.97342,0.97363,1.12,1.00
2016.12.16 16:06:15.606,0.9734,0.97361,2.25,1.00
2016.12.16 16:06:15.908,0.97341,0.97361,1.00,1.75
2016.12.16 16:06:16.300,0.97339,0.97358,1.00,1.00
2016.12.16 16:06:16.451,0.97337,0.97361,1.50,1.75
2016.12.16 16:06:16.576,0.9734,0.97362,1.00,1.50
2016.12.16 16:06:16.627,0.9734,0.97361,1.00,1.37
2016.12.16 16:06:16.778,0.97337,0.97361,1.00,2.25
2016.12.16 16:06:16.929,0.97337,0.97359,1.00,1.87
2016.12.16 16:06:16.980,0.97335,0.97359,1.50,3.00
2016.12.16 16:06:17.540,0.97335,0.97357,1.50,1.00
2016.12.16 16:06:18.088,0.97336,0.97357,1.00,1.00
2016.12.16 16:06:18.356,0.97338,0.97359,1.00,1.12
2016.12.16 16:06:18.658,0.97335,0.97358,2.25,1.00
2016.12.16 16:06:19.079,0.9734,0.97356,1.00,1.00
2016.12.16 16:06:19.130,0.97337,0.97361,1.37,1.87
2016.12.16 16:06:19.181,0.97338,0.97356,1.00,1.00
2016.12.16 16:06:19.382,0.9734,0.97364,1.50,3.00
2016.12.16 16:06:19.433,0.9734,0.97363,1.12,1.37
2016.12.16 16:06:19.944,0.97341,0.97361,1.00,1.00
2016.12.16 16:06:20.448,0.97343,0.97361,1.00,1.00
2016.12.16 16:06:20.889,0.97343,0.97364,1.00,1.12
2016.12.16 16:06:20.990,0.97341,0.97364,1.00,2.62
2016.12.16 16:06:21.040,0.97341,0.97365,1.00,3.00
2016.12.16 16:06:21.558,0.97339,0.97363,1.00,1.75
2016.12.16 16:06:22.261,0.97339,0.97361,1.00,1.37
2016.12.16 16:06:22.786,0.97338,0.97361,1.12,2.62
2016.12.16 16:06:23.306,0.9734,0.9736,1.00,1.12
2016.12.16 16:06:23.818,0.9734,0.97361,1.00,1.12
2016.12.16 16:06:24.683,0.97338,0.97361,1.37,1.12
2016.12.16 16:06:25.187,0.9734,0.97361,1.00,1.12
2016.12.16 16:06:25.288,0.97341,0.97364,1.00,1.50
2016.12.16 16:06:25.440,0.9734,0.97364,1.50,2.25
2016.12.16 16:06:25.743,0.97337,0.97354,1.00,1.00
2016.12.16 16:06:25.913,0.97337,0.97357,1.00,3.60
2016.12.16 16:06:26.035,0.97337,0.97357,1.00,3.60
2016.12.16 16:06:26.086,0.97333,0.97357,1.87,3.60
2016.12.16 16:06:26.738,0.97333,0.97356,1.37,1.50
2016.12.16 16:06:30.129,0.97336,0.97358,1.37,1.75
2016.12.16 16:06:30.634,0.97338,0.97358,1.37,1.12
2016.12.16 16:06:30.735,0.97338,0.97362,1.37,1.50
2016.12.16 16:06:30.886,0.97337,0.97359,1.75,1.00
2016.12.16 16:06:31.087,0.97339,0.97362,1.37,1.37
2016.12.16 16:06:31.352,0.97337,0.97362,1.50,1.75
2016.12.16 16:06:31.403,0.97337,0.97359,1.50,1.00
2016.12.16 16:06:31.927,0.97338,0.97359,1.50,1.00
2016.12.16 16:06:32.404,0.97335,0.97356,1.00,1.00
2016.12.16 16:06:32.708,0.97335,0.97358,1.00,1.75
2016.12.16 16:06:33.314,0.97334,0.97356,1.87,1.50
2016.12.16 16:06:34.625,0.97335,0.97358,1.00,1.75
2016.12.16 16:06:35.870,0.97334,0.97358,1.12,1.75
2016.12.16 16:06:37.901,0.97333,0.97357,1.37,3.00
2016.12.16 16:06:38.052,0.97332,0.97353,1.00,1.00
2016.12.16 16:06:38.208,0.97332,0.97356,1.37,1.75
2016.12.16 16:06:38.561,0.97333,0.97358,1.12,1.75
2016.12.16 16:06:38.611,0.97335,0.97357,1.00,1.50
2016.12.16 16:06:38.914,0.97334,0.97356,1.50,1.50
2016.12.16 16:06:39.166,0.9733,0.97351,1.00,1.00
2016.12.16 16:06:39.453,0.97331,0.97353,1.50,1.50
2016.12.16 16:06:40.686,0.97329,0.97351,3.56,1.00
2016.12.16 16:06:40.888,0.97329,0.97353,5.06,1.00
2016.12.16 16:06:41.504,0.9733,0.97353,1.50,1.87
2016.12.16 16:06:42.573,0.9733,0.97351,1.50,1.00
2016.12.16 16:06:47.518,0.97329,0.97352,1.75,1.87
2016.12.16 16:06:47.719,0.97328,0.9735,2.25,1.00
2016.12.16 16:06:47.971,0.97327,0.97349,1.00,1.00
2016.12.16 16:06:48.514,0.97327,0.9735,1.00,2.25
2016.12.16 16:06:49.108,0.97328,0.9735,1.00,1.00
2016.12.16 16:06:49.640,0.97327,0.9735,1.50,1.50
2016.12.16 16:06:49.947,0.97329,0.9735,1.00,1.00
2016.12.16 16:06:50.365,0.97327,0.9735,1.50,1.00
2016.12.16 16:06:52.806,0.97328,0.9735,1.00,1.00
2016.12.16 16:06:52.908,0.97329,0.97355,1.37,4.87
2016.12.16 16:06:53.009,0.9733,0.97352,1.12,1.12
2016.12.16 16:06:53.211,0.9733,0.97353,1.12,2.25
2016.12.16 16:06:54.004,0.97326,0.97348,1.75,1.00
2016.12.16 16:06:54.105,0.97325,0.97347,1.50,1.00
2016.12.16 16:06:54.641,0.97326,0.97346,1.00,1.00
2016.12.16 16:06:54.893,0.97328,0.97346,1.12,1.00
2016.12.16 16:06:55.883,0.97328,0.97348,1.12,1.00
2016.12.16 16:06:56.135,0.97326,0.97345,1.37,1.00
2016.12.16 16:06:56.236,0.97321,0.97343,1.50,1.12
2016.12.16 16:06:56.287,0.97321,0.97341,2.25,1.00
2016.12.16 16:06:56.388,0.9732,0.97339,1.75,1.00
2016.12.16 16:06:56.904,0.97322,0.97338,1.00,1.00
2016.12.16 16:06:57.438,0.97321,0.97338,1.00,1.00
2016.12.16 16:06:57.931,0.9732,0.9734,1.12,1.00
2016.12.16 16:06:58.414,0.97321,0.97342,1.37,1.12
2016.12.16 16:07:01.001,0.97323,0.97343,1.00,1.37
2016.12.16 16:07:01.253,0.97325,0.97345,1.12,1.12
2016.12.16 16:07:01.582,0.97329,0.97348,1.00,1.50
2016.12.16 16:07:01.633,0.9733,0.97351,1.12,1.00
2016.12.16 16:07:01.734,0.9733,0.97355,1.12,1.75
2016.12.16 16:07:01.835,0.9733,0.97351,1.12,1.00
2016.12.16 16:07:02.238,0.9733,0.97349,1.00,1.12
2016.12.16 16:07:02.440,0.9733,0.97354,1.87,1.75
2016.12.16 16:07:02.541,0.9733,0.97354,1.75,1.75
2016.12.16 16:07:02.743,0.97329,0.97351,1.50,1.12
2016.12.16 16:07:02.987,0.97334,0.97354,1.00,1.75
2016.12.16 16:07:03.144,0.97334,0.97355,2.25,1.50
2016.12.16 16:07:03.245,0.97335,0.97358,1.50,2.25
2016.12.16 16:07:03.346,0.97334,0.97352,1.12,1.00
2016.12.16 16:07:03.396,0.97333,0.97354,1.50,1.50
2016.12.16 16:07:03.447,0.97331,0.97351,1.00,1.00
2016.12.16 16:07:03.850,0.97332,0.97353,1.75,1.00
2016.12.16 16:07:03.900,0.97332,0.97355,1.75,1.00
2016.12.16 16:07:04.402,0.97339,0.97357,1.00,1.50
2016.12.16 16:07:04.554,0.97341,0.97362,1.00,1.50
2016.12.16 16:07:04.655,0.97342,0.97362,1.75,1.00
2016.12.16 16:07:05.060,0.97346,0.97364,1.00,1.00
2016.12.16 16:07:05.363,0.97343,0.97362,1.50,1.00
2016.12.16 16:07:05.622,0.97343,0.97365,1.12,1.12
2016.12.16 16:07:06.123,0.97342,0.97364,1.00,1.00
2016.12.16 16:07:06.642,0.97344,0.97364,1.00,1.00
2016.12.16 16:07:06.843,0.97348,0.97369,1.00,1.50
2016.12.16 16:07:07.045,0.97347,0.97361,1.50,1.00
2016.12.16 16:07:07.247,0.97345,0.97361,1.37,1.00
2016.12.16 16:07:07.577,0.97343,0.97361,1.87,1.00
2016.12.16 16:07:07.862,0.97346,0.97361,1.00,1.00
2016.12.16 16:07:07.912,0.97343,0.97361,1.87,1.00
2016.12.16 16:07:07.963,0.97345,0.97367,1.00,1.75
2016.12.16 16:07:08.721,0.97344,0.97367,1.00,1.75
2016.12.16 16:07:09.025,0.97349,0.97367,1.00,1.75
2016.12.16 16:07:09.177,0.97349,0.97366,1.00,1.00
2016.12.16 16:07:09.378,0.97346,0.97367,1.50,1.00
2016.12.16 16:07:09.782,0.97348,0.97371,1.00,3.60
2016.12.16 16:07:09.832,0.9735,0.97371,1.00,3.60
2016.12.16 16:07:09.883,0.97347,0.97371,1.00,2.85
2016.12.16 16:07:10.135,0.97346,0.97371,1.50,2.85
2016.12.16 16:07:10.658,0.97346,0.97369,1.00,1.50
2016.12.16 16:07:11.124,0.97348,0.97368,1.00,1.00
2016.12.16 16:07:11.405,0.97346,0.97368,1.00,1.00
2016.12.16 16:07:12.227,0.97349,0.97368,1.00,1.00
2016.12.16 16:07:12.378,0.9735,0.9737,1.00,1.35
2016.12.16 16:07:12.978,0.97349,0.97371,1.00,1.60
2016.12.16 16:07:13.529,0.97348,0.97371,1.00,2.10
2016.12.16 16:07:13.983,0.9735,0.97372,1.00,3.60
2016.12.16 16:07:17.077,0.97349,0.9737,1.00,1.00
2016.12.16 16:07:17.128,0.97349,0.97372,1.00,1.12
2016.12.16 16:07:17.178,0.97349,0.9737,1.00,1.00
2016.12.16 16:07:17.658,0.97349,0.97366,1.00,1.00
2016.12.16 16:07:19.053,0.97348,0.97366,1.87,1.00
2016.12.16 16:07:19.517,0.97349,0.9737,1.00,1.00
2016.12.16 16:07:20.463,0.97347,0.9737,2.25,1.00
2016.12.16 16:07:20.977,0.97349,0.97371,1.00,1.87
2016.12.16 16:07:21.128,0.97349,0.97367,1.00,1.00
2016.12.16 16:07:21.664,0.97348,0.97367,1.50,1.00
2016.12.16 16:07:22.098,0.9735,0.97366,1.00,1.00
2016.12.16 16:07:22.148,0.97351,0.9737,1.00,1.00
2016.12.16 16:07:22.199,0.97353,0.97371,1.00,1.00
2016.12.16 16:07:22.249,0.97353,0.97373,1.00,1.00
2016.12.16 16:07:22.380,0.97351,0.97376,1.50,1.50
2016.12.16 16:07:22.689,0.97351,0.97372,1.50,1.00
2016.12.16 16:07:22.992,0.97352,0.97371,1.00,1.37
2016.12.16 16:07:23.042,0.97348,0.97371,1.00,3.37
2016.12.16 16:07:23.874,0.97349,0.97371,1.00,1.00
2016.12.16 16:07:24.132,0.97352,0.97371,1.50,1.00
2016.12.16 16:07:24.434,0.97354,0.97371,1.00,1.00
2016.12.16 16:07:24.585,0.97351,0.97371,1.00,1.00
2016.12.16 16:07:24.636,0.97354,0.97371,1.00,1.00
2016.12.16 16:07:24.970,0.97353,0.97367,1.50,1.00
2016.12.16 16:07:25.072,0.97351,0.97367,1.00,1.00
2016.12.16 16:07:25.244,0.97351,0.97371,1.50,1.00
2016.12.16 16:07:25.702,0.97353,0.97371,1.00,1.00
2016.12.16 16:07:25.911,0.97356,0.97377,1.00,1.50
2016.12.16 16:07:26.113,0.97357,0.97381,1.50,1.75
2016.12.16 16:07:26.373,0.97359,0.97376,1.00,1.00
2016.12.16 16:07:26.986,0.97358,0.97376,1.00,1.00
2016.12.16 16:07:27.645,0.97359,0.97376,1.00,1.00
2016.12.16 16:07:27.816,0.97356,0.97377,1.00,1.12
2016.12.16 16:07:27.867,0.97355,0.97375,1.12,1.50
2016.12.16 16:07:28.018,0.97353,0.97374,1.12,1.00
2016.12.16 16:07:28.069,0.97351,0.97372,1.50,1.00
2016.12.16 16:07:28.421,0.9735,0.97372,1.00,1.50
2016.12.16 16:07:28.673,0.97351,0.9737,1.00,1.00
2016.12.16 16:07:28.724,0.97351,0.97372,1.50,1.00
2016.12.16 16:07:28.825,0.97351,0.97374,1.00,1.87
2016.12.16 16:07:28.987,0.97351,0.97374,1.75,1.12
2016.12.16 16:07:29.289,0.97349,0.9737,1.00,1.50
2016.12.16 16:07:29.907,0.97348,0.97371,1.00,1.75
2016.12.16 16:07:30.419,0.97349,0.97371,1.12,1.50
2016.12.16 16:07:30.850,0.97348,0.97366,2.25,1.00
2016.12.16 16:07:30.952,0.97349,0.97371,1.50,1.37
2016.12.16 16:07:31.053,0.97348,0.97372,1.87,2.25
2016.12.16 16:07:31.607,0.97349,0.9737,1.00,1.75
2016.12.16 16:07:31.919,0.97348,0.97372,1.87,1.12
2016.12.16 16:07:31.969,0.9735,0.97372,1.12,1.12
2016.12.16 16:07:32.120,0.97352,0.97376,1.00,1.50
2016.12.16 16:07:32.272,0.97352,0.97376,1.12,1.37
2016.12.16 16:07:33.412,0.97352,0.97372,1.00,1.00
2016.12.16 16:07:33.637,0.97353,0.97377,1.12,3.00
2016.12.16 16:07:34.513,0.97352,0.97376,1.37,2.10
2016.12.16 16:07:34.614,0.97353,0.97371,1.12,1.00
2016.12.16 16:07:34.765,0.9735,0.97375,1.75,1.12
2016.12.16 16:07:34.917,0.97351,0.97375,1.00,1.50
2016.12.16 16:07:35.068,0.97352,0.97372,1.00,1.00
2016.12.16 16:07:35.618,0.97348,0.97372,1.75,1.00
2016.12.16 16:07:35.927,0.97348,0.9737,1.75,1.00
2016.12.16 16:07:36.313,0.97349,0.97371,1.00,1.50
2016.12.16 16:07:37.041,0.97349,0.97369,1.00,1.00
2016.12.16 16:07:37.545,0.97349,0.97371,1.12,1.12
2016.12.16 16:07:37.595,0.97348,0.97367,1.37,1.00
2016.12.16 16:07:37.766,0.97348,0.97371,1.87,1.12
2016.12.16 16:07:38.070,0.97351,0.97373,1.00,1.50
2016.12.16 16:07:38.222,0.97352,0.97375,1.12,1.12
2016.12.16 16:07:38.899,0.97352,0.97374,1.50,1.00
2016.12.16 16:07:39.758,0.97353,0.97376,1.12,1.50
2016.12.16 16:07:40.262,0.97353,0.97375,1.12,1.00
2016.12.16 16:07:40.951,0.97354,0.97375,1.00,1.00
2016.12.16 16:07:41.313,0.97354,0.97372,1.00,1.00
2016.12.16 16:07:42.274,0.97353,0.97372,1.12,1.00
2016.12.16 16:07:42.534,0.97351,0.97371,1.50,1.00
2016.12.16 16:07:43.127,0.97352,0.97371,1.00,1.12
2016.12.16 16:07:43.665,0.97351,0.97372,1.00,1.37
2016.12.16 16:07:44.256,0.97351,0.97372,1.00,1.00
2016.12.16 16:07:44.910,0.97352,0.97372,1.00,1.00
2016.12.16 16:07:45.421,0.97351,0.97375,1.00,2.25
2016.12.16 16:07:46.529,0.97352,0.97375,1.00,1.50
2016.12.16 16:07:47.179,0.97351,0.97375,1.00,1.50
2016.12.16 16:07:47.680,0.9735,0.97374,1.00,1.12
2016.12.16 16:07:47.882,0.97353,0.97375,1.00,1.50
2016.12.16 16:07:48.366,0.9735,0.97375,1.50,1.50
2016.12.16 16:07:48.417,0.97352,0.97374,1.00,1.12
2016.12.16 16:07:48.468,0.9735,0.97374,1.12,1.12
2016.12.16 16:07:48.833,0.97352,0.97376,1.00,1.75
2016.12.16 16:07:49.753,0.97353,0.97376,1.00,1.37
2016.12.16 16:07:50.295,0.97353,0.97373,1.00,1.00
2016.12.16 16:07:50.857,0.97353,0.97374,1.00,1.00
2016.12.16 16:07:51.171,0.97352,0.97377,1.12,2.25
2016.12.16 16:07:51.730,0.97353,0.97377,1.12,1.37
2016.12.16 16:07:52.492,0.97353,0.97375,1.12,1.00
2016.12.16 16:07:53.121,0.97353,0.97375,1.50,1.00
2016.12.16 16:07:53.668,0.97355,0.97376,1.00,1.00
2016.12.16 16:07:53.920,0.97353,0.97375,1.12,1.00
2016.12.16 16:07:55.391,0.97352,0.97376,1.50,1.87
2016.12.16 16:07:55.442,0.97352,0.97374,1.50,1.00
2016.12.16 16:07:55.493,0.97352,0.97376,1.75,1.12
2016.12.16 16:07:55.644,0.97357,0.9738,1.00,1.75
2016.12.16 16:07:55.862,0.97357,0.97381,1.12,1.75
2016.12.16 16:07:55.913,0.97359,0.97383,1.00,3.00
2016.12.16 16:07:56.064,0.97359,0.97382,1.12,1.50
2016.12.16 16:07:56.740,0.97358,0.9738,1.50,1.00
2016.12.16 16:07:57.295,0.97359,0.97382,1.12,2.25
2016.12.16 16:07:57.447,0.97357,0.9738,1.00,1.00
2016.12.16 16:07:57.498,0.97357,0.9738,1.00,1.50
2016.12.16 16:07:57.753,0.97357,0.9738,1.00,1.12
2016.12.16 16:07:58.282,0.97358,0.9738,1.12,1.12
2016.12.16 16:07:58.332,0.9736,0.97381,1.00,1.12
2016.12.16 16:07:58.659,0.97361,0.97385,2.25,1.87
2016.12.16 16:07:58.710,0.97362,0.97382,1.37,1.00
2016.12.16 16:07:58.761,0.97362,0.97384,1.37,1.00
2016.12.16 16:07:58.862,0.97361,0.97382,1.50,1.12
2016.12.16 16:07:59.064,0.97362,0.97384,1.00,1.50
2016.12.16 16:07:59.585,0.97362,0.97383,1.00,1.00
2016.12.16 16:08:00.119,0.97363,0.97381,1.00,1.00
2016.12.16 16:08:00.169,0.97362,0.97384,1.00,2.85
2016.12.16 16:08:00.220,0.97361,0.97382,1.00,1.00
2016.12.16 16:08:00.548,0.9736,0.97382,1.00,3.75
2016.12.16 16:08:00.755,0.9736,0.97382,1.00,1.75
2016.12.16 16:08:01.293,0.9736,0.97382,1.00,1.75
2016.12.16 16:08:01.444,0.97361,0.97385,1.50,1.50
2016.12.16 16:08:01.545,0.97364,0.97383,1.00,1.00
2016.12.16 16:08:02.218,0.97363,0.97384,1.00,1.00
2016.12.16 16:08:02.568,0.97361,0.97381,1.00,1.12
2016.12.16 16:08:02.871,0.97361,0.97381,1.00,1.75
2016.12.16 16:08:03.800,0.97362,0.97382,1.00,2.25
2016.12.16 16:08:03.952,0.97361,0.97381,1.00,1.37
2016.12.16 16:08:04.738,0.97361,0.97381,1.00,1.75
2016.12.16 16:08:04.895,0.97358,0.97376,1.12,1.00
2016.12.16 16:08:04.946,0.97358,0.9738,1.12,1.50
2016.12.16 16:08:05.549,0.97362,0.97376,1.00,1.00
2016.12.16 16:08:05.906,0.9736,0.97376,1.00,1.00
2016.12.16 16:08:06.208,0.97359,0.97378,1.00,1.12
2016.12.16 16:08:06.359,0.97361,0.9738,1.00,1.75
2016.12.16 16:08:06.460,0.97361,0.9738,1.00,1.12
2016.12.16 16:08:06.688,0.97363,0.97382,1.00,1.00
2016.12.16 16:08:07.196,0.97362,0.97382,1.50,1.00
2016.12.16 16:08:07.823,0.97362,0.97381,1.00,1.00
2016.12.16 16:08:08.179,0.9736,0.97378,1.50,1.00
2016.12.16 16:08:08.493,0.97356,0.97373,1.50,1.00
2016.12.16 16:08:08.644,0.97356,0.97371,1.00,1.00
2016.12.16 16:08:09.361,0.97355,0.97372,1.00,1.00
2016.12.16 16:08:09.590,0.97357,0.97371,1.00,1.00
2016.12.16 16:08:09.997,0.97355,0.97372,1.00,1.00
2016.12.16 16:08:10.149,0.97353,0.97372,1.00,1.00
2016.12.16 16:08:10.350,0.97351,0.97371,1.50,1.50
2016.12.16 16:08:10.401,0.97351,0.97369,1.12,1.00
2016.12.16 16:08:10.754,0.97353,0.97372,1.00,1.50
2016.12.16 16:08:10.805,0.97353,0.97372,1.00,1.12
2016.12.16 16:08:11.006,0.97354,0.97372,1.50,1.00
2016.12.16 16:08:11.057,0.97354,0.97377,1.75,1.12
2016.12.16 16:08:11.107,0.97354,0.97377,1.37,1.37
2016.12.16 16:08:11.158,0.97354,0.97375,1.00,1.00
2016.12.16 16:08:11.421,0.97353,0.97372,1.00,1.00
2016.12.16 16:08:11.724,0.97349,0.97371,1.50,1.50
2016.12.16 16:08:11.876,0.97348,0.97368,2.25,1.00
2016.12.16 16:08:12.415,0.97349,0.97369,1.50,1.00
2016.12.16 16:08:12.846,0.97348,0.97366,1.75,1.00
2016.12.16 16:08:14.315,0.97348,0.97369,2.25,1.00
2016.12.16 16:08:14.516,0.97348,0.97366,1.75,1.00
2016.12.16 16:08:14.702,0.97348,0.97369,2.25,1.00
2016.12.16 16:08:14.917,0.97347,0.97366,1.75,1.00
2016.12.16 16:08:15.018,0.97349,0.9737,1.50,1.12
2016.12.16 16:08:15.218,0.97347,0.97366,1.75,1.00
2016.12.16 16:08:15.853,0.97347,0.97367,1.75,1.00
2016.12.16 16:08:15.904,0.97348,0.97369,1.75,1.00
2016.12.16 16:08:16.055,0.97349,0.97371,1.50,1.00
2016.12.16 16:08:16.156,0.97348,0.97366,1.75,1.00
2016.12.16 16:08:16.668,0.97348,0.97372,3.00,1.12
2016.12.16 16:08:16.769,0.97353,0.97372,1.00,1.12
2016.12.16 16:08:16.977,0.97353,0.97376,1.12,1.35
2016.12.16 16:08:17.198,0.97354,0.97377,1.50,1.97
2016.12.16 16:08:17.623,0.97354,0.97377,1.75,1.00
2016.12.16 16:08:17.724,0.97354,0.97376,1.50,1.00
2016.12.16 16:08:18.297,0.97354,0.97376,1.50,1.12
2016.12.16 16:08:18.799,0.97354,0.97377,1.75,1.12
2016.12.16 16:08:19.116,0.97355,0.97377,1.75,1.00
2016.12.16 16:08:19.317,0.97358,0.97381,1.37,1.50
2016.12.16 16:08:19.368,0.97362,0.97376,1.00,1.00
2016.12.16 16:08:19.419,0.97361,0.97382,1.00,2.25
2016.12.16 16:08:19.520,0.9736,0.97384,1.87,1.50
2016.12.16 16:08:19.570,0.9736,0.97384,2.25,1.12
2016.12.16 16:08:19.621,0.9736,0.97382,2.25,1.00
2016.12.16 16:08:19.772,0.9736,0.97382,1.75,1.50
2016.12.16 16:08:20.230,0.9736,0.97385,3.37,1.30
2016.12.16 16:08:20.532,0.97362,0.97386,1.50,2.85
2016.12.16 16:08:20.834,0.97357,0.97382,1.75,1.87
2016.12.16 16:08:20.885,0.97358,0.97377,1.75,1.00
2016.12.16 16:08:21.281,0.97359,0.97381,1.50,1.00
2016.12.16 16:08:22.242,0.9736,0.97376,1.37,1.00
2016.12.16 16:08:22.343,0.97361,0.97384,1.12,2.10
2016.12.16 16:08:22.660,0.97359,0.97377,1.50,1.00
2016.12.16 16:08:24.067,0.97359,0.97381,1.50,1.35
2016.12.16 16:08:24.118,0.97359,0.97377,1.50,1.00
2016.12.16 16:08:24.493,0.97359,0.97382,1.50,1.12
2016.12.16 16:08:24.645,0.97359,0.97381,1.75,1.00
2016.12.16 16:08:24.846,0.97364,0.97386,1.00,5.25
2016.12.16 16:08:24.897,0.97364,0.97383,1.00,1.00
2016.12.16 16:08:25.443,0.97362,0.97382,1.50,1.00
2016.12.16 16:08:26.391,0.97362,0.97381,1.50,1.00
2016.12.16 16:08:26.906,0.97362,0.9738,1.50,1.00
2016.12.16 16:08:27.442,0.97362,0.97381,1.50,1.00
2016.12.16 16:08:28.678,0.97361,0.97382,1.75,2.25
2016.12.16 16:08:29.208,0.97362,0.97381,1.50,1.00
2016.12.16 16:08:29.258,0.97361,0.97382,1.00,2.25
2016.12.16 16:08:30.159,0.97361,0.97382,1.50,1.50
2016.12.16 16:08:30.363,0.97362,0.97381,1.75,1.00
2016.12.16 16:08:30.768,0.97364,0.97382,1.75,1.00
2016.12.16 16:08:31.084,0.97367,0.97385,1.75,1.00
2016.12.16 16:08:31.614,0.97367,0.97386,1.75,1.00
2016.12.16 16:08:32.240,0.97367,0.97385,1.75,1.00
2016.12.16 16:08:32.341,0.97368,0.97385,1.00,1.00
2016.12.16 16:08:32.442,0.97369,0.97387,1.87,1.00
2016.12.16 16:08:32.653,0.9737,0.9739,1.00,1.12
2016.12.16 16:08:32.754,0.97375,0.97392,1.12,1.00
2016.12.16 16:08:33.057,0.9737,0.97388,1.75,1.00
2016.12.16 16:08:33.688,0.9737,0.97388,1.12,1.00
2016.12.16 16:08:34.199,0.9737,0.97389,1.12,1.50
2016.12.16 16:08:34.300,0.9737,0.97387,1.12,1.00
2016.12.16 16:08:34.351,0.97369,0.97389,1.37,1.50
2016.12.16 16:08:34.891,0.97369,0.97388,1.37,1.00
2016.12.16 16:08:35.276,0.97372,0.97388,1.00,1.00
2016.12.16 16:08:35.327,0.97371,0.9739,1.00,1.87
2016.12.16 16:08:35.876,0.97371,0.97391,1.00,1.00
2016.12.16 16:08:35.977,0.97372,0.97389,1.00,1.00
2016.12.16 16:08:36.604,0.97371,0.97389,1.00,1.00
2016.12.16 16:08:37.338,0.97371,0.9739,1.00,1.87
2016.12.16 16:08:38.010,0.97372,0.97389,1.00,1.00
2016.12.16 16:08:38.312,0.97375,0.97394,1.00,1.00
2016.12.16 16:08:38.365,0.97377,0.97394,1.00,1.00
2016.12.16 16:08:38.596,0.97376,0.97396,1.87,1.00
2016.12.16 16:08:38.697,0.97376,0.97398,2.25,1.00
2016.12.16 16:08:39.215,0.97379,0.97397,1.00,1.37
2016.12.16 16:08:39.517,0.97376,0.97391,1.00,1.00
2016.12.16 16:08:39.724,0.97376,0.97396,1.00,2.25
2016.12.16 16:08:40.249,0.97377,0.97396,1.00,1.75
2016.12.16 16:08:40.300,0.97377,0.97396,1.00,1.12
2016.12.16 16:08:40.497,0.97377,0.97391,1.00,1.00
2016.12.16 16:08:41.035,0.97377,0.97396,1.00,1.12
2016.12.16 16:08:41.086,0.97377,0.97391,1.00,1.00
2016.12.16 16:08:41.187,0.97377,0.97397,1.00,1.87
2016.12.16 16:08:41.338,0.97377,0.97395,1.50,1.00
2016.12.16 16:08:41.641,0.97377,0.97392,1.00,1.12
2016.12.16 16:08:42.183,0.97377,0.97391,1.00,1.00
2016.12.16 16:08:42.485,0.97377,0.97387,1.00,1.00
2016.12.16 16:08:42.837,0.97377,0.97393,1.00,1.00
2016.12.16 16:08:42.989,0.97373,0.97392,1.00,2.25
2016.12.16 16:08:43.039,0.97373,0.97382,1.00,1.00
2016.12.16 16:08:43.240,0.97371,0.97389,1.00,1.00
2016.12.16 16:08:43.549,0.9737,0.97392,1.00,2.25
2016.12.16 16:08:43.649,0.97369,0.97386,2.25,1.00
2016.12.16 16:08:43.750,0.97371,0.97391,1.00,1.00
2016.12.16 16:08:43.851,0.97371,0.97393,2.25,1.00
2016.12.16 16:08:43.902,0.97372,0.97391,1.00,1.00
2016.12.16 16:08:44.003,0.97373,0.97396,1.50,2.25
2016.12.16 16:08:44.104,0.97376,0.97396,1.00,1.50
2016.12.16 16:08:44.206,0.97373,0.97395,1.00,1.00
2016.12.16 16:08:44.512,0.97373,0.97396,1.12,3.00
2016.12.16 16:08:45.016,0.97373,0.97396,1.50,1.75
2016.12.16 16:08:45.695,0.97373,0.97391,1.50,1.00
2016.12.16 16:08:45.836,0.97373,0.97396,1.50,2.25
2016.12.16 16:08:46.096,0.9737,0.97391,3.00,1.00
2016.12.16 16:08:46.147,0.9737,0.97396,1.75,1.75
2016.12.16 16:08:46.198,0.97371,0.97396,1.87,2.25
2016.12.16 16:08:46.299,0.97371,0.97396,1.75,3.00
2016.12.16 16:08:46.400,0.97371,0.97396,2.25,2.25
2016.12.16 16:08:46.853,0.9737,0.97391,1.75,1.00
2016.12.16 16:08:46.904,0.9737,0.97391,1.00,1.50
2016.12.16 16:08:47.205,0.97369,0.97386,1.00,1.00
2016.12.16 16:08:47.508,0.97363,0.97383,1.75,1.00
2016.12.16 16:08:47.609,0.97363,0.97383,1.75,1.00
2016.12.16 16:08:48.136,0.97362,0.97383,1.75,1.00
2016.12.16 16:08:48.666,0.97362,0.97385,2.25,1.50
2016.12.16 16:08:48.767,0.97365,0.97386,1.50,1.00
2016.12.16 16:08:48.817,0.97365,0.97386,1.00,1.75
2016.12.16 16:08:49.108,0.97366,0.97386,1.00,1.00
2016.12.16 16:08:49.756,0.97366,0.97388,1.00,2.25
2016.12.16 16:08:50.274,0.97366,0.97387,1.00,1.00
2016.12.16 16:08:50.471,0.97366,0.97384,1.00,1.00
2016.12.16 16:08:50.623,0.97365,0.97386,1.50,1.00
2016.12.16 16:08:50.901,0.97364,0.97386,1.00,1.50
2016.12.16 16:08:52.196,0.97364,0.97384,1.50,1.00
2016.12.16 16:08:52.549,0.97364,0.97386,1.75,1.00
2016.12.16 16:08:52.852,0.97364,0.97386,3.37,1.00
2016.12.16 16:08:53.053,0.97364,0.97388,3.37,1.00
2016.12.16 16:08:53.443,0.97364,0.97388,3.00,1.87
2016.12.16 16:08:53.919,0.97366,0.97389,1.75,1.00
2016.12.16 16:08:54.331,0.97366,0.97385,1.75,1.00
2016.12.16 16:08:54.533,0.97367,0.97384,1.00,1.00
2016.12.16 16:08:54.634,0.97361,0.97384,1.75,1.00
2016.12.16 16:08:54.915,0.97364,0.97384,1.75,1.00
2016.12.16 16:08:55.066,0.97362,0.97386,1.75,2.25
2016.12.16 16:08:55.299,0.97362,0.97384,1.75,1.00
2016.12.16 16:08:55.809,0.97361,0.97384,1.75,1.00
2016.12.16 16:08:56.711,0.9736,0.97383,3.37,1.00
2016.12.16 16:08:56.963,0.9736,0.97382,1.75,1.12
2016.12.16 16:08:57.014,0.97364,0.97381,1.00,1.50
2016.12.16 16:08:57.114,0.9736,0.97381,2.25,1.00
2016.12.16 16:08:57.637,0.97358,0.9738,2.25,1.00
2016.12.16 16:08:57.745,0.97359,0.97381,1.75,1.50
2016.12.16 16:08:58.265,0.97364,0.97381,1.00,1.00
2016.12.16 16:08:58.817,0.97364,0.97382,1.00,1.00
2016.12.16 16:09:00.517,0.97364,0.97381,1.00,1.00
2016.12.16 16:09:01.281,0.97364,0.97382,1.00,1.12
2016.12.16 16:09:01.561,0.97359,0.9738,2.25,1.00
2016.12.16 16:09:01.838,0.97363,0.97381,1.00,1.00
2016.12.16 16:09:02.167,0.97359,0.9738,1.50,1.75
2016.12.16 16:09:02.729,0.97359,0.97379,1.00,1.75
2016.12.16 16:09:02.780,0.97357,0.97379,1.00,1.75
2016.12.16 16:09:02.831,0.97357,0.97379,1.50,1.50
2016.12.16 16:09:03.351,0.97359,0.97379,1.00,1.50
2016.12.16 16:09:03.452,0.97358,0.97375,1.12,1.00
2016.12.16 16:09:03.502,0.97357,0.97378,1.50,1.12
2016.12.16 16:09:03.553,0.97353,0.97377,1.75,1.37
2016.12.16 16:09:03.677,0.97352,0.97377,3.00,2.25
2016.12.16 16:09:03.828,0.9735,0.97375,1.50,1.75
2016.12.16 16:09:04.334,0.9735,0.97376,3.00,1.50
2016.12.16 16:09:04.636,0.97356,0.97379,1.12,1.87
2016.12.16 16:09:05.192,0.97354,0.97377,2.25,1.00
2016.12.16 16:09:05.733,0.97355,0.97378,1.50,1.00
2016.12.16 16:09:06.261,0.97354,0.97379,1.75,1.12
2016.12.16 16:09:07.253,0.97356,0.97381,1.75,1.50
2016.12.16 16:09:07.567,0.97358,0.97381,1.75,1.12
2016.12.16 16:09:07.876,0.97359,0.97381,1.00,1.75
2016.12.16 16:09:08.420,0.97356,0.97379,1.50,1.37
2016.12.16 16:09:08.722,0.97358,0.9738,1.75,1.00
2016.12.16 16:09:09.024,0.97363,0.97382,1.00,1.50
2016.12.16 16:09:09.516,0.97369,0.97381,1.00,1.12
2016.12.16 16:09:09.567,0.97364,0.97382,1.00,1.50
2016.12.16 16:09:09.751,0.97362,0.97382,1.00,1.50
2016.12.16 16:09:09.952,0.97364,0.97383,1.37,1.00
2016.12.16 16:09:10.261,0.97363,0.97386,1.50,1.37
2016.12.16 16:09:10.362,0.97363,0.97384,1.00,1.75
2016.12.16 16:09:10.944,0.97364,0.97381,1.00,1.00
2016.12.16 16:09:11.297,0.97364,0.97379,1.00,1.00
2016.12.16 16:09:11.448,0.97359,0.97384,1.50,1.75
2016.12.16 16:09:13.114,0.97363,0.97382,1.00,1.75
2016.12.16 16:09:13.169,0.97356,0.97381,1.75,1.50
2016.12.16 16:09:13.303,0.97364,0.97381,1.00,1.50
2016.12.16 16:09:13.354,0.97356,0.97381,1.75,1.50
2016.12.16 16:09:13.455,0.97359,0.97377,1.50,1.00
2016.12.16 16:09:13.506,0.97359,0.97379,1.50,1.00
2016.12.16 16:09:13.660,0.97355,0.97378,1.00,1.50
2016.12.16 16:09:13.868,0.97359,0.97381,1.00,1.00
2016.12.16 16:09:14.172,0.97368,0.97384,1.00,1.00
2016.12.16 16:09:14.328,0.97364,0.97384,1.00,1.00
2016.12.16 16:09:14.847,0.97365,0.97388,1.00,1.75
2016.12.16 16:09:15.360,0.97364,0.97388,2.25,1.75
2016.12.16 16:09:15.907,0.97369,0.97388,1.00,1.75
2016.12.16 16:09:16.506,0.97369,0.97387,1.00,1.75
2016.12.16 16:09:17.138,0.97364,0.97387,1.00,1.75
2016.12.16 16:09:17.341,0.97369,0.97385,1.00,1.67
2016.12.16 16:09:17.688,0.97369,0.97385,1.00,1.35
2016.12.16 16:09:18.194,0.97369,0.97385,1.00,1.67
2016.12.16 16:09:18.635,0.97363,0.97385,1.00,1.67
2016.12.16 16:09:18.685,0.97363,0.97385,1.00,1.35
2016.12.16 16:09:19.290,0.97364,0.97385,1.00,1.35
2016.12.16 16:09:19.391,0.97364,0.97385,1.50,1.30
2016.12.16 16:09:19.784,0.97364,0.97382,1.00,1.00
2016.12.16 16:09:20.157,0.97369,0.97382,1.00,1.00
2016.12.16 16:09:20.798,0.97373,0.97382,1.00,1.00
2016.12.16 16:09:20.849,0.97369,0.97382,1.00,1.00
2016.12.16 16:09:20.949,0.97369,0.97384,1.00,1.12
2016.12.16 16:09:21.000,0.97369,0.97384,1.00,1.75
2016.12.16 16:09:21.119,0.97369,0.97384,1.00,1.12
2016.12.16 16:09:21.729,0.97368,0.97385,1.00,1.50
2016.12.16 16:09:22.083,0.97368,0.97387,1.00,1.50
2016.12.16 16:09:23.399,0.97368,0.97386,1.00,1.00
2016.12.16 16:09:23.940,0.97368,0.97387,1.00,1.00
2016.12.16 16:09:24.041,0.97365,0.97387,1.00,1.35
2016.12.16 16:09:24.243,0.97368,0.97386,1.00,1.00
2016.12.16 16:09:24.445,0.97365,0.97386,1.00,1.00
2016.12.16 16:09:24.496,0.97364,0.97386,2.25,1.00
2016.12.16 16:09:24.647,0.97369,0.97388,1.00,1.50
2016.12.16 16:09:24.812,0.97369,0.97388,1.00,2.25
2016.12.16 16:09:25.317,0.97369,0.97386,1.00,1.35
2016.12.16 16:09:26.246,0.97368,0.97386,1.00,2.25
2016.12.16 16:09:26.498,0.97368,0.97394,2.25,1.12
2016.12.16 16:09:26.735,0.97374,0.97396,1.50,1.12
2016.12.16 16:09:27.580,0.97374,0.97398,1.75,1.50
2016.12.16 16:09:27.883,0.97378,0.97399,1.00,2.85
2016.12.16 16:09:28.522,0.97375,0.97398,1.75,1.50
2016.12.16 16:09:28.841,0.97379,0.9739,1.00,1.00
2016.12.16 16:09:28.942,0.97369,0.97392,1.50,1.50
2016.12.16 16:09:28.993,0.97369,0.97391,1.50,1.87
2016.12.16 16:09:29.296,0.97373,0.97392,1.00,1.00
2016.12.16 16:09:29.648,0.97374,0.97394,1.50,1.00
2016.12.16 16:09:30.005,0.97374,0.97396,1.50,1.12
2016.12.16 16:09:30.308,0.97382,0.97396,1.00,1.00
2016.12.16 16:09:30.631,0.97383,0.97397,1.37,1.00
2016.12.16 16:09:30.732,0.97383,0.97405,1.75,2.47
2016.12.16 16:09:31.057,0.97383,0.97405,1.75,1.87
2016.12.16 16:09:31.579,0.97383,0.97404,1.75,1.00
2016.12.16 16:09:31.925,0.97388,0.97405,1.12,1.00
2016.12.16 16:09:32.505,0.97386,0.97405,1.75,1.50
2016.12.16 16:09:33.037,0.97386,0.97404,2.25,1.00
2016.12.16 16:09:33.239,0.97386,0.97405,1.00,1.37
2016.12.16 16:09:33.290,0.97386,0.97405,1.37,1.37
2016.12.16 16:09:33.542,0.9739,0.97407,1.00,1.00
2016.12.16 16:09:33.715,0.97387,0.97407,1.00,1.50
2016.12.16 16:09:34.270,0.97387,0.97406,1.00,1.00
2016.12.16 16:09:34.371,0.97387,0.97402,1.00,1.00
2016.12.16 16:09:34.422,0.97387,0.97404,1.00,1.00
2016.12.16 16:09:34.472,0.97387,0.97399,1.00,1.00
2016.12.16 16:09:34.624,0.97384,0.97402,1.00,1.12
2016.12.16 16:09:35.174,0.97384,0.97404,1.00,1.60
2016.12.16 16:09:35.224,0.97383,0.974,1.00,1.00
2016.12.16 16:09:36.478,0.97383,0.97401,1.00,1.50
2016.12.16 16:09:36.629,0.97383,0.97405,1.50,2.25
2016.12.16 16:09:36.679,0.97388,0.97405,1.00,1.50
2016.12.16 16:09:36.730,0.97383,0.97405,1.00,1.50
2016.12.16 16:09:36.831,0.97382,0.97406,2.25,1.00
2016.12.16 16:09:37.133,0.97382,0.97403,1.75,1.00
2016.12.16 16:09:37.184,0.97382,0.97405,1.75,1.00
2016.12.16 16:09:37.489,0.97384,0.97404,1.12,1.00
2016.12.16 16:09:38.006,0.97382,0.97406,1.75,1.37
2016.12.16 16:09:38.743,0.97382,0.97407,4.12,1.50
2016.12.16 16:09:39.284,0.97393,0.97406,1.00,1.00
2016.12.16 16:09:39.678,0.97383,0.97407,1.75,2.25
2016.12.16 16:09:39.729,0.97389,0.97407,1.00,1.60
2016.12.16 16:09:39.779,0.97382,0.97404,4.12,1.35
2016.12.16 16:09:39.830,0.97382,0.97404,2.25,1.60
2016.12.16 16:09:39.931,0.97381,0.97399,1.50,1.00
2016.12.16 16:09:40.133,0.97378,0.97398,1.37,1.00
2016.12.16 16:09:40.234,0.97383,0.97398,1.00,1.12
2016.12.16 16:09:40.335,0.97383,0.97403,1.00,2.85
2016.12.16 16:09:40.436,0.97383,0.974,1.12,1.00
2016.12.16 16:09:40.613,0.97383,0.97405,1.12,2.10
2016.12.16 16:09:41.189,0.97383,0.97404,1.12,1.72
2016.12.16 16:09:41.341,0.97381,0.97404,1.75,1.00
2016.12.16 16:09:41.643,0.97381,0.97402,1.00,1.00
2016.12.16 16:09:41.871,0.97384,0.97402,1.00,1.00
2016.12.16 16:09:42.303,0.97388,0.97403,1.00,1.00
2016.12.16 16:09:42.354,0.97381,0.97403,1.00,1.00
2016.12.16 16:09:42.404,0.97383,0.97403,1.00,1.00
2016.12.16 16:09:42.707,0.97383,0.97407,2.25,1.00
2016.12.16 16:09:43.062,0.97383,0.97405,3.00,1.00
2016.12.16 16:09:43.357,0.97389,0.97407,1.00,1.00
2016.12.16 16:09:43.811,0.97389,0.97404,1.00,1.00
2016.12.16 16:09:44.063,0.97389,0.97406,1.00,1.00
2016.12.16 16:09:44.827,0.97389,0.97407,1.00,2.25
2016.12.16 16:09:45.560,0.97389,0.97406,1.00,1.00
2016.12.16 16:09:46.246,0.97389,0.97403,1.00,1.00
2016.12.16 16:09:46.414,0.97383,0.97403,3.37,1.00
2016.12.16 16:09:46.974,0.97382,0.97404,1.75,1.50
2016.12.16 16:09:47.499,0.97384,0.97402,2.25,1.50
2016.12.16 16:09:47.865,0.97384,0.97402,1.00,1.87
2016.12.16 16:09:48.085,0.97384,0.97399,1.12,1.00
2016.12.16 16:09:48.303,0.97384,0.97401,1.12,1.00
2016.12.16 16:09:48.808,0.97379,0.97402,3.37,1.50
2016.12.16 16:09:48.960,0.97379,0.97403,2.25,3.97
2016.12.16 16:09:49.060,0.97379,0.97401,2.25,1.00
2016.12.16 16:09:49.426,0.97379,0.97399,2.25,1.00
2016.12.16 16:09:49.477,0.97379,0.97401,2.25,1.00
2016.12.16 16:09:49.830,0.97377,0.97398,1.75,1.00
2016.12.16 16:09:50.355,0.97376,0.97399,1.75,1.50
2016.12.16 16:09:50.853,0.97374,0.97399,3.00,1.87
2016.12.16 16:09:52.677,0.97375,0.97399,3.37,1.00
2016.12.16 16:09:53.232,0.97375,0.974,3.37,2.47
2016.12.16 16:09:53.592,0.97374,0.97399,1.75,1.37
2016.12.16 16:09:54.258,0.97374,0.97395,1.75,1.00
2016.12.16 16:09:54.600,0.97372,0.97397,4.87,1.00
2016.12.16 16:09:54.963,0.97379,0.97401,2.62,1.50
2016.12.16 16:09:55.064,0.97379,0.97401,1.50,1.00
2016.12.16 16:09:55.115,0.97383,0.97403,1.00,1.87
2016.12.16 16:09:55.367,0.97379,0.97399,1.50,1.00
2016.12.16 16:09:55.518,0.97379,0.97401,1.50,1.50
2016.12.16 16:09:56.098,0.97379,0.974,1.50,1.00
2016.12.16 16:09:56.199,0.97379,0.97398,1.50,1.00
2016.12.16 16:09:56.401,0.97373,0.97398,3.00,1.50
2016.12.16 16:09:58.544,0.97373,0.97394,2.25,1.00
2016.12.16 16:09:58.846,0.9737,0.97391,2.25,1.00
2016.12.16 16:09:58.896,0.97368,0.97391,1.50,1.12
2016.12.16 16:09:58.963,0.97379,0.97391,1.00,1.12
2016.12.16 16:09:59.014,0.97369,0.97391,1.37,1.87
2016.12.16 16:09:59.539,0.97374,0.9739,1.00,1.00
2016.12.16 16:10:00.150,0.97368,0.9739,1.50,1.00
2016.12.16 16:10:00.296,0.97374,0.9739,1.00,1.00
2016.12.16 16:10:00.914,0.97373,0.97393,1.00,1.50
2016.12.16 16:10:01.116,0.97373,0.97391,1.00,1.00
2016.12.16 16:10:01.656,0.97373,0.97392,1.00,1.00
2016.12.16 16:10:01.958,0.97369,0.9739,1.50,1.00
2016.12.16 16:10:02.009,0.97369,0.9739,1.50,1.00
2016.12.16 16:10:02.278,0.97369,0.9739,1.12,1.50
2016.12.16 16:10:03.014,0.97368,0.97392,1.50,1.50
2016.12.16 16:10:03.065,0.97374,0.97393,1.00,2.25
2016.12.16 16:10:03.115,0.97368,0.97393,1.50,2.25
2016.12.16 16:10:03.317,0.97368,0.97393,2.25,1.37
2016.12.16 16:10:03.692,0.97368,0.9739,1.75,1.00
2016.12.16 16:10:04.012,0.97368,0.9739,1.75,1.12
2016.12.16 16:10:04.838,0.97374,0.97391,1.00,1.50
2016.12.16 16:10:04.989,0.97374,0.97393,1.00,1.87
2016.12.16 16:10:05.140,0.97373,0.97391,1.00,1.00
2016.12.16 16:10:05.241,0.97367,0.9739,1.75,1.00
2016.12.16 16:10:05.291,0.97371,0.97388,1.00,1.00
2016.12.16 16:10:05.393,0.97366,0.97388,2.25,1.12
2016.12.16 16:10:12.379,0.97368,0.97392,1.50,1.87
2016.12.16 16:10:12.431,0.97368,0.97391,1.75,1.50
2016.12.16 16:10:12.957,0.97368,0.9739,1.75,1.00
2016.12.16 16:10:13.973,0.97368,0.97388,1.75,1.00
2016.12.16 16:10:14.334,0.97368,0.97388,1.37,1.00
2016.12.16 16:10:16.254,0.97368,0.9739,1.37,1.37
2016.12.16 16:10:16.355,0.97368,0.97391,1.37,1.12
2016.12.16 16:10:17.223,0.97368,0.9739,1.50,1.37
2016.12.16 16:10:17.274,0.97368,0.9739,1.12,1.37
2016.12.16 16:10:17.633,0.97368,0.97391,1.37,1.50
2016.12.16 16:10:18.643,0.97366,0.97383,1.87,1.00
2016.12.16 16:10:18.694,0.97366,0.97384,1.00,1.00
2016.12.16 16:10:18.795,0.97365,0.97386,1.50,1.72
2016.12.16 16:10:18.947,0.97366,0.97387,1.37,1.12
2016.12.16 16:10:18.997,0.97366,0.9739,1.75,1.00
2016.12.16 16:10:19.048,0.97365,0.97384,3.37,1.00
2016.12.16 16:10:19.225,0.97366,0.97384,1.37,1.00
2016.12.16 16:10:19.277,0.97368,0.97388,1.00,1.00
2016.12.16 16:10:19.328,0.97366,0.97388,1.75,1.00
2016.12.16 16:10:19.378,0.97366,0.9739,1.75,1.00
2016.12.16 16:10:19.913,0.97369,0.97391,1.37,1.87
2016.12.16 16:10:21.362,0.97368,0.97391,2.25,1.50
2016.12.16 16:10:22.122,0.9737,0.97395,2.25,1.75
2016.12.16 16:10:22.173,0.9737,0.97392,1.75,1.00
2016.12.16 16:10:22.223,0.9737,0.97394,1.75,1.00
2016.12.16 16:10:22.274,0.9737,0.97394,1.75,1.75
2016.12.16 16:10:22.576,0.97369,0.97387,1.00,1.00
2016.12.16 16:10:22.727,0.97366,0.97387,1.00,1.00
2016.12.16 16:10:23.805,0.97366,0.97385,1.00,1.00
2016.12.16 16:10:23.906,0.97364,0.97385,1.00,1.00
2016.12.16 16:10:24.274,0.97364,0.97388,2.25,2.25
2016.12.16 16:10:25.203,0.97364,0.97386,1.75,1.00
2016.12.16 16:10:25.304,0.97359,0.97384,1.75,1.75
2016.12.16 16:10:27.379,0.97359,0.9738,1.12,1.50
2016.12.16 16:10:27.531,0.97359,0.97381,1.37,1.12
2016.12.16 16:10:27.682,0.97363,0.97382,1.00,1.75
2016.12.16 16:10:27.733,0.97358,0.97382,1.50,2.25
2016.12.16 16:10:27.833,0.97358,0.97382,2.25,1.87
2016.12.16 16:10:27.884,0.97358,0.97382,1.87,2.25
2016.12.16 16:10:28.761,0.97359,0.97379,1.50,1.37
2016.12.16 16:10:28.862,0.97355,0.97378,1.75,1.50
2016.12.16 16:10:29.154,0.97356,0.97379,1.00,1.50
2016.12.16 16:10:29.205,0.97356,0.9738,1.00,2.62
2016.12.16 16:10:29.306,0.97357,0.9738,1.50,1.00
2016.12.16 16:10:29.577,0.97359,0.9738,1.00,1.50
2016.12.16 16:10:31.247,0.97353,0.97377,3.00,1.37
2016.12.16 16:10:32.472,0.97354,0.97375,1.50,1.00
2016.12.16 16:10:32.584,0.97354,0.97375,1.12,1.37
2016.12.16 16:10:33.088,0.97353,0.97376,1.12,2.25
2016.12.16 16:10:34.954,0.97348,0.97372,1.75,1.00
2016.12.16 16:10:35.004,0.97348,0.97372,2.25,1.75
2016.12.16 16:10:35.206,0.97354,0.97374,1.00,4.87
2016.12.16 16:10:35.307,0.97354,0.97372,1.00,1.12
2016.12.16 16:10:35.408,0.97349,0.97373,1.37,1.75
2016.12.16 16:10:35.516,0.97354,0.97372,1.00,1.00
2016.12.16 16:10:35.852,0.97359,0.97378,1.00,2.62
2016.12.16 16:10:35.902,0.97359,0.97379,1.00,1.75
2016.12.16 16:10:36.104,0.97359,0.97379,1.00,1.75
2016.12.16 16:10:36.205,0.97359,0.97378,1.00,1.00
2016.12.16 16:10:36.306,0.97359,0.97374,1.00,1.00
2016.12.16 16:10:37.063,0.97359,0.97378,1.00,1.75
2016.12.16 16:10:37.595,0.97359,0.97375,1.00,1.37
2016.12.16 16:10:37.646,0.97354,0.97375,1.00,1.75
2016.12.16 16:10:37.747,0.97354,0.97371,1.00,1.00
2016.12.16 16:10:38.352,0.9735,0.97372,1.37,1.12
2016.12.16 16:10:38.403,0.97349,0.9737,1.00,1.00
2016.12.16 16:10:38.706,0.97348,0.97368,1.00,1.00
2016.12.16 16:10:38.807,0.97348,0.9737,1.00,1.00
2016.12.16 16:10:38.908,0.97348,0.9737,1.00,1.75
2016.12.16 16:10:39.009,0.97348,0.97371,1.50,1.12
2016.12.16 16:10:39.110,0.97348,0.9737,1.00,1.75
2016.12.16 16:10:39.820,0.97354,0.97371,1.00,1.75
2016.12.16 16:10:40.052,0.97349,0.97371,1.00,1.75
2016.12.16 16:10:40.354,0.97354,0.97369,1.00,1.50
2016.12.16 16:10:40.706,0.97349,0.9737,1.00,1.75
2016.12.16 16:10:43.413,0.97349,0.9737,1.00,3.00
2016.12.16 16:10:43.918,0.97353,0.9737,1.00,1.00
2016.12.16 16:10:44.536,0.97353,0.97371,1.00,1.12
2016.12.16 16:10:45.040,0.97354,0.97375,1.00,2.25
2016.12.16 16:10:45.242,0.97359,0.97372,1.00,1.00
2016.12.16 16:10:45.591,0.97359,0.97372,1.00,1.75
2016.12.16 16:10:45.793,0.97354,0.97368,1.00,1.00
2016.12.16 16:10:46.103,0.97353,0.97373,1.00,1.75
2016.12.16 16:10:46.487,0.97348,0.97371,1.50,1.50
2016.12.16 16:10:46.905,0.97348,0.9737,1.87,1.87
2016.12.16 16:10:47.303,0.97344,0.97367,1.50,1.37
2016.12.16 16:10:47.354,0.97344,0.97367,1.12,1.75
2016.12.16 16:10:47.505,0.97344,0.97365,1.00,1.50
2016.12.16 16:10:47.807,0.97348,0.97364,1.00,1.37
2016.12.16 16:10:47.858,0.97343,0.97364,1.12,1.37
2016.12.16 16:10:48.060,0.97349,0.97369,1.00,3.37
2016.12.16 16:10:48.111,0.97349,0.97369,1.00,1.75
2016.12.16 16:10:48.162,0.97349,0.97367,1.00,1.00
2016.12.16 16:10:48.397,0.97353,0.9737,1.00,3.00
2016.12.16 16:10:48.449,0.97349,0.9737,1.00,3.00
2016.12.16 16:10:48.751,0.97344,0.97366,1.12,1.50
2016.12.16 16:10:49.120,0.97349,0.97366,1.00,1.00
2016.12.16 16:10:49.372,0.97349,0.9737,1.00,1.75
2016.12.16 16:10:49.473,0.9735,0.97372,1.00,1.00
2016.12.16 16:10:50.845,0.97354,0.97372,1.00,1.00
2016.12.16 16:10:51.147,0.9735,0.97373,1.00,1.75
2016.12.16 16:10:51.248,0.97348,0.97371,2.62,1.12
2016.12.16 16:10:51.399,0.97349,0.97369,1.00,1.00
2016.12.16 16:10:51.769,0.97349,0.97369,1.00,1.75
2016.12.16 16:10:52.163,0.97344,0.97367,1.50,1.37
2016.12.16 16:10:52.326,0.97344,0.97364,1.50,1.00
2016.12.16 16:10:52.454,0.97343,0.97366,1.75,1.87
2016.12.16 16:10:53.139,0.97349,0.97368,1.00,2.25
2016.12.16 16:10:53.240,0.97349,0.97369,1.00,1.87
2016.12.16 16:10:53.291,0.97354,0.97369,1.00,1.87
2016.12.16 16:10:53.442,0.97349,0.97367,1.00,1.00
2016.12.16 16:10:53.543,0.97344,0.97365,1.00,1.00
2016.12.16 16:10:53.644,0.97344,0.97363,1.00,1.00
2016.12.16 16:10:53.695,0.97344,0.97365,1.00,1.00
2016.12.16 16:10:53.745,0.97343,0.97365,1.12,1.75
2016.12.16 16:10:54.150,0.97344,0.97366,1.50,1.50
2016.12.16 16:10:54.251,0.97344,0.97366,1.00,1.50
2016.12.16 16:10:54.569,0.97343,0.97365,1.50,2.25
2016.12.16 16:10:55.123,0.97342,0.97364,1.37,1.50
2016.12.16 16:10:55.627,0.97343,0.97363,1.00,1.00
2016.12.16 16:10:56.020,0.97342,0.97364,1.00,1.75
2016.12.16 16:10:56.567,0.97343,0.97364,1.00,2.25
2016.12.16 16:10:56.768,0.97342,0.97363,1.00,1.75
2016.12.16 16:10:57.030,0.9734,0.97363,1.12,1.75
2016.12.16 16:10:57.383,0.97343,0.97364,1.00,1.75
2016.12.16 16:10:57.914,0.97342,0.97363,1.00,1.75
2016.12.16 16:10:58.015,0.9734,0.97362,1.12,1.50
2016.12.16 16:10:58.368,0.97341,0.97364,2.62,1.50
2016.12.16 16:10:58.469,0.9734,0.97364,4.35,1.12
2016.12.16 16:10:58.872,0.97343,0.97365,1.00,1.75
2016.12.16 16:10:59.314,0.97342,0.97359,1.00,1.00
2016.12.16 16:10:59.365,0.97343,0.97361,1.00,1.50
2016.12.16 16:10:59.415,0.97343,0.97359,1.00,1.00
2016.12.16 16:10:59.516,0.97343,0.97361,1.00,1.50
2016.12.16 16:10:59.567,0.97343,0.9736,1.00,1.37
2016.12.16 16:10:59.870,0.97348,0.97362,1.00,1.75
2016.12.16 16:10:59.920,0.97339,0.97362,2.25,1.75
2016.12.16 16:11:00.487,0.97339,0.97364,1.75,2.25
2016.12.16 16:11:01.579,0.97339,0.97361,1.75,1.00
2016.12.16 16:11:01.780,0.97337,0.97358,2.25,1.12
2016.12.16 16:11:01.831,0.97337,0.97356,2.25,1.00
2016.12.16 16:11:01.995,0.97336,0.97356,1.00,1.12
2016.12.16 16:11:02.046,0.97338,0.97356,1.00,2.25
2016.12.16 16:11:02.398,0.97338,0.97354,1.00,1.00
2016.12.16 16:11:02.902,0.97339,0.97356,1.00,1.37
2016.12.16 16:11:03.350,0.97339,0.97356,1.75,1.00
2016.12.16 16:11:03.662,0.97349,0.97364,1.00,1.75
2016.12.16 16:11:03.763,0.97341,0.97365,1.50,1.37
2016.12.16 16:11:03.863,0.97341,0.97365,2.25,1.12
2016.12.16 16:11:04.166,0.97344,0.97368,2.25,1.50
2016.12.16 16:11:04.367,0.97348,0.9737,1.00,3.00
2016.12.16 16:11:04.692,0.97346,0.97369,1.75,1.00
2016.12.16 16:11:04.793,0.9735,0.97375,2.62,1.75
2016.12.16 16:11:04.894,0.97354,0.97375,1.00,3.37
2016.12.16 16:11:04.995,0.97354,0.97376,1.00,1.75
2016.12.16 16:11:05.196,0.97354,0.97375,1.00,1.00
2016.12.16 16:11:05.499,0.97354,0.97376,1.00,2.25
2016.12.16 16:11:05.816,0.97356,0.97373,1.00,1.00
2016.12.16 16:11:05.967,0.97356,0.9738,1.00,3.37
2016.12.16 16:11:06.018,0.97354,0.97379,2.62,1.75
2016.12.16 16:11:06.119,0.97358,0.97379,1.00,1.75
2016.12.16 16:11:06.452,0.97358,0.97373,1.00,1.00
2016.12.16 16:11:06.553,0.97354,0.97375,1.00,1.50
2016.12.16 16:11:06.604,0.97354,0.97376,1.00,3.00
2016.12.16 16:11:06.856,0.97349,0.97372,1.87,1.75
2016.12.16 16:11:07.058,0.97349,0.97372,1.50,1.00
2016.12.16 16:11:07.209,0.97349,0.9737,1.50,1.00
2016.12.16 16:11:07.696,0.97354,0.97373,1.00,3.00
2016.12.16 16:11:07.798,0.9735,0.97375,2.25,2.62
2016.12.16 16:11:07.899,0.97349,0.97375,1.75,3.00
2016.12.16 16:11:08.000,0.97351,0.97373,1.00,1.50
2016.12.16 16:11:08.100,0.97359,0.97373,1.00,1.00
2016.12.16 16:11:08.151,0.97352,0.97373,2.25,1.00
2016.12.16 16:11:08.252,0.97354,0.97373,1.00,1.00
2016.12.16 16:11:08.403,0.97353,0.97376,3.00,1.37
2016.12.16 16:11:08.605,0.97349,0.97374,4.12,1.37
2016.12.16 16:11:08.656,0.97349,0.97374,2.25,2.25
2016.12.16 16:11:09.236,0.97364,0.97372,1.00,1.50
2016.12.16 16:11:09.488,0.97369,0.97383,1.00,2.25
2016.12.16 16:11:09.589,0.97369,0.97388,1.12,1.12
2016.12.16 16:11:09.690,0.97369,0.97388,1.00,1.75
2016.12.16 16:11:09.808,0.97365,0.9739,1.37,3.00
2016.12.16 16:11:09.859,0.97366,0.97389,1.50,1.00
2016.12.16 16:11:09.960,0.97364,0.97389,2.25,1.00
2016.12.16 16:11:10.312,0.97364,0.97385,1.50,1.00
2016.12.16 16:11:10.363,0.97363,0.97388,2.25,1.50
2016.12.16 16:11:10.572,0.97362,0.97387,2.25,1.75
2016.12.16 16:11:10.874,0.97364,0.97386,1.50,1.12
2016.12.16 16:11:11.471,0.97364,0.97385,1.50,1.00
2016.12.16 16:11:12.030,0.97364,0.97385,1.00,1.00
2016.12.16 16:11:12.665,0.97363,0.97379,1.00,1.00
2016.12.16 16:11:12.716,0.97358,0.97382,3.00,1.50
2016.12.16 16:11:13.293,0.97358,0.97379,1.75,1.00
2016.12.16 16:11:13.344,0.97358,0.97377,1.00,1.00
2016.12.16 16:11:13.561,0.97356,0.97377,1.00,1.50
2016.12.16 16:11:13.614,0.97354,0.97377,1.50,1.50
2016.12.16 16:11:13.965,0.97354,0.97375,1.50,1.00
2016.12.16 16:11:14.101,0.97354,0.97377,1.50,1.50
2016.12.16 16:11:14.152,0.97354,0.97375,1.50,1.00
2016.12.16 16:11:14.454,0.97354,0.97368,1.00,1.00
2016.12.16 16:11:14.993,0.97354,0.97369,1.00,1.50
2016.12.16 16:11:15.607,0.97354,0.97368,1.00,1.00
2016.12.16 16:11:15.946,0.9736,0.9737,1.00,1.00
2016.12.16 16:11:16.047,0.97362,0.97376,1.00,1.00
2016.12.16 16:11:16.148,0.9736,0.97382,1.50,1.00
2016.12.16 16:11:16.198,0.97358,0.97383,1.50,1.75
2016.12.16 16:11:16.957,0.97359,0.97383,1.00,2.25
2016.12.16 16:11:17.486,0.97361,0.97384,1.00,2.25
2016.12.16 16:11:17.788,0.97358,0.97376,1.00,1.50
2016.12.16 16:11:18.040,0.97353,0.97376,1.00,1.75
2016.12.16 16:11:18.091,0.97353,0.97375,1.00,1.00
2016.12.16 16:11:18.192,0.97353,0.97375,1.00,1.75
2016.12.16 16:11:18.293,0.97349,0.97373,1.50,1.75
2016.12.16 16:11:18.420,0.97354,0.97373,1.00,1.75
2016.12.16 16:11:18.622,0.97344,0.97367,1.75,1.00
2016.12.16 16:11:18.723,0.97343,0.97367,1.75,2.25
2016.12.16 16:11:18.874,0.97349,0.97367,1.00,1.75
2016.12.16 16:11:19.493,0.97344,0.97367,1.50,1.75
2016.12.16 16:11:19.892,0.97343,0.97365,1.00,1.50
2016.12.16 16:11:20.498,0.97343,0.97364,1.00,1.75
2016.12.16 16:11:21.091,0.97343,0.97362,1.00,1.00
2016.12.16 16:11:21.455,0.97348,0.97365,1.00,1.35
2016.12.16 16:11:21.945,0.97343,0.97364,1.00,1.37
2016.12.16 16:11:22.113,0.97343,0.97365,1.50,2.47
2016.12.16 16:11:22.606,0.97344,0.97368,1.50,1.75
2016.12.16 16:11:22.944,0.97349,0.97372,1.50,1.50
2016.12.16 16:11:23.197,0.97349,0.97376,2.25,5.10
2016.12.16 16:11:23.298,0.97352,0.97374,1.00,1.00
2016.12.16 16:11:23.599,0.97359,0.97374,1.00,1.75
2016.12.16 16:11:23.650,0.97349,0.97374,1.75,1.75
2016.12.16 16:11:24.910,0.97349,0.97373,1.12,1.75
2016.12.16 16:11:26.319,0.97353,0.97374,1.00,1.75
2016.12.16 16:11:26.723,0.97353,0.97375,1.50,1.12
2016.12.16 16:11:30.048,0.97353,0.97375,1.75,1.00
2016.12.16 16:11:30.149,0.97353,0.97375,1.50,1.12
2016.12.16 16:11:30.250,0.97359,0.97375,1.00,1.12
2016.12.16 16:11:30.350,0.97355,0.97377,1.00,1.00
2016.12.16 16:11:30.451,0.97353,0.97379,1.12,4.12
2016.12.16 16:11:30.760,0.97358,0.97376,1.00,1.00
2016.12.16 16:11:30.861,0.97354,0.97374,1.00,1.00
2016.12.16 16:11:30.912,0.97359,0.97374,1.00,1.37
2016.12.16 16:11:31.214,0.97359,0.97375,1.00,1.00
2016.12.16 16:11:31.265,0.97354,0.97375,1.00,1.00
2016.12.16 16:11:31.315,0.97354,0.97376,1.00,3.60
2016.12.16 16:11:31.517,0.97353,0.97373,1.00,1.72
2016.12.16 16:11:31.618,0.97353,0.97372,1.00,1.50
2016.12.16 16:11:32.144,0.97354,0.97371,1.00,2.25
2016.12.16 16:11:32.263,0.97349,0.97371,1.00,3.00
2016.12.16 16:11:32.364,0.97353,0.97371,1.00,3.00
2016.12.16 16:11:32.832,0.97344,0.97369,1.12,1.75
2016.12.16 16:11:33.565,0.97343,0.97368,1.12,1.75
2016.12.16 16:11:33.899,0.97348,0.97367,1.00,1.75
2016.12.16 16:11:33.950,0.97341,0.97367,1.50,1.75
2016.12.16 16:11:34.129,0.97342,0.97362,1.00,1.00
2016.12.16 16:11:34.230,0.97344,0.97366,1.00,1.50
2016.12.16 16:11:35.015,0.97344,0.97364,1.00,1.00
2016.12.16 16:11:35.116,0.97339,0.97362,1.75,1.50
2016.12.16 16:11:35.166,0.97339,0.97357,1.00,1.00
2016.12.16 16:11:35.217,0.97334,0.97356,1.00,1.00
2016.12.16 16:11:35.318,0.97338,0.97354,1.00,1.00
2016.12.16 16:11:35.519,0.97333,0.97351,1.00,1.37
2016.12.16 16:11:36.549,0.97334,0.97348,1.00,1.50
2016.12.16 16:11:36.650,0.97328,0.97349,1.00,2.25
2016.12.16 16:11:36.752,0.97328,0.97348,1.00,1.00
2016.12.16 16:11:36.853,0.97329,0.97352,1.00,1.75
2016.12.16 16:11:36.904,0.97334,0.97353,1.00,2.25
2016.12.16 16:11:37.143,0.97334,0.97354,1.00,1.00
2016.12.16 16:11:37.194,0.97334,0.97357,1.00,3.00
2016.12.16 16:11:37.295,0.97344,0.97357,1.00,3.00
2016.12.16 16:11:37.566,0.97339,0.97357,1.00,1.50
2016.12.16 16:11:37.667,0.97339,0.97353,1.00,1.00
2016.12.16 16:11:38.239,0.97343,0.97353,1.00,1.00
2016.12.16 16:11:38.755,0.97343,0.97356,1.00,1.75
2016.12.16 16:11:38.995,0.97339,0.97359,1.00,2.62
2016.12.16 16:11:39.046,0.97336,0.97358,1.00,1.00
2016.12.16 16:11:39.297,0.97339,0.9736,1.00,1.75
2016.12.16 16:11:39.348,0.97339,0.9736,1.00,1.12
2016.12.16 16:11:39.449,0.97339,0.97359,1.00,2.25
2016.12.16 16:11:40.059,0.97343,0.97358,1.00,1.75
2016.12.16 16:11:40.323,0.97338,0.97358,1.00,1.75
2016.12.16 16:11:40.474,0.97338,0.97358,1.00,1.50
2016.12.16 16:11:40.685,0.97343,0.97358,1.00,1.50
2016.12.16 16:11:40.937,0.97339,0.97357,1.00,1.12
2016.12.16 16:11:41.088,0.97339,0.97357,1.00,1.75
2016.12.16 16:11:41.390,0.97339,0.97354,1.00,1.50
2016.12.16 16:11:42.005,0.97343,0.97356,1.00,1.75
2016.12.16 16:11:42.056,0.97339,0.97359,1.50,1.00
2016.12.16 16:11:42.264,0.97349,0.9736,1.00,1.00
2016.12.16 16:11:42.747,0.97339,0.97358,1.00,1.00
2016.12.16 16:11:42.848,0.97344,0.97358,1.00,1.00
2016.12.16 16:11:42.949,0.97339,0.9736,1.00,5.62
2016.12.16 16:11:43.330,0.97334,0.97353,1.00,1.00
2016.12.16 16:11:43.381,0.97334,0.97355,1.00,4.12
2016.12.16 16:11:43.844,0.97332,0.97355,1.50,2.25
2016.12.16 16:11:43.944,0.97334,0.97355,1.00,1.75
2016.12.16 16:11:44.434,0.97338,0.97354,1.00,2.25
2016.12.16 16:11:44.485,0.97338,0.97354,1.00,1.50
2016.12.16 16:11:44.646,0.97335,0.97354,1.00,1.00
2016.12.16 16:11:44.798,0.97338,0.9736,1.00,1.75
2016.12.16 16:11:44.849,0.97335,0.97361,1.00,3.00
2016.12.16 16:11:45.051,0.97335,0.97355,1.00,1.00
2016.12.16 16:11:45.372,0.97344,0.97355,1.00,1.00
2016.12.16 16:11:47.076,0.97335,0.97359,1.00,2.25
2016.12.16 16:11:47.127,0.97338,0.97359,1.00,1.75
2016.12.16 16:11:47.177,0.97338,0.97359,1.00,1.12
2016.12.16 16:11:47.690,0.97339,0.97361,1.00,2.85
2016.12.16 16:11:47.857,0.97339,0.97358,1.00,1.00
2016.12.16 16:11:47.915,0.97337,0.97358,1.50,1.00
2016.12.16 16:11:48.034,0.97339,0.97358,1.00,1.00
2016.12.16 16:11:48.367,0.97343,0.97358,1.00,1.00
2016.12.16 16:11:48.615,0.97335,0.97358,1.00,1.00
2016.12.16 16:11:48.716,0.97338,0.97358,1.50,1.00
2016.12.16 16:11:48.867,0.97337,0.97364,1.75,2.25
2016.12.16 16:11:48.968,0.97337,0.97363,1.75,3.00
2016.12.16 16:11:49.151,0.97341,0.97364,1.50,1.37
2016.12.16 16:11:49.201,0.97341,0.97364,1.87,1.00
2016.12.16 16:11:49.303,0.9734,0.97363,1.00,1.50
2016.12.16 16:11:49.354,0.97338,0.97361,1.87,1.50
2016.12.16 16:11:49.707,0.97339,0.97363,1.50,1.87
2016.12.16 16:11:49.964,0.97339,0.97361,1.50,1.00
2016.12.16 16:11:50.129,0.97339,0.97363,2.25,1.12
2016.12.16 16:11:51.374,0.97339,0.97361,1.87,1.12
2016.12.16 16:11:51.676,0.9734,0.97363,1.50,1.00
2016.12.16 16:11:52.197,0.97341,0.97364,1.00,1.50
2016.12.16 16:11:52.723,0.97344,0.97364,1.00,1.00
2016.12.16 16:11:53.305,0.97348,0.97367,1.00,1.12
2016.12.16 16:11:53.356,0.97344,0.97367,1.50,1.12
2016.12.16 16:11:53.714,0.97349,0.97369,1.00,1.72
2016.12.16 16:11:54.213,0.97344,0.97362,1.75,1.00
2016.12.16 16:11:54.315,0.97344,0.97363,1.12,1.00
2016.12.16 16:11:54.366,0.97344,0.97361,1.12,1.00
2016.12.16 16:11:54.882,0.97344,0.9736,1.00,1.00
2016.12.16 16:11:55.235,0.97344,0.97363,1.00,1.50
2016.12.16 16:11:55.588,0.97349,0.97363,1.00,1.12
2016.12.16 16:11:57.123,0.97343,0.97363,1.75,1.00
2016.12.16 16:11:57.325,0.97343,0.97363,1.00,1.00
2016.12.16 16:11:57.639,0.97344,0.97359,1.00,1.30
2016.12.16 16:11:57.841,0.97338,0.97362,2.25,1.75
2016.12.16 16:11:57.943,0.97343,0.97364,1.00,4.87
2016.12.16 16:11:57.994,0.97343,0.97363,1.00,1.00
2016.12.16 16:11:58.095,0.97349,0.97364,1.00,1.00
2016.12.16 16:11:58.196,0.97349,0.97366,1.00,1.00
2016.12.16 16:11:58.891,0.97349,0.97369,1.00,2.10
2016.12.16 16:11:59.497,0.97349,0.97368,1.00,1.35
2016.12.16 16:12:00.068,0.97349,0.97369,1.00,1.75
2016.12.16 16:12:00.559,0.97354,0.9737,1.00,1.72
2016.12.16 16:12:00.710,0.97353,0.97371,1.12,1.00
2016.12.16 16:12:01.313,0.97349,0.97374,1.75,2.62
2016.12.16 16:12:01.515,0.97359,0.97372,1.00,1.00
2016.12.16 16:12:01.915,0.97354,0.97372,1.00,1.00
2016.12.16 16:12:03.045,0.97359,0.97375,1.00,3.60
2016.12.16 16:12:03.096,0.97357,0.97374,1.00,1.37
2016.12.16 16:12:03.197,0.97359,0.9738,1.37,3.00
2016.12.16 16:12:03.247,0.9736,0.9738,1.00,1.00
2016.12.16 16:12:03.298,0.97364,0.97381,1.00,1.00
2016.12.16 16:12:03.837,0.97364,0.97382,1.00,1.00
2016.12.16 16:12:04.363,0.97364,0.97381,1.00,1.00
2016.12.16 16:12:04.933,0.97362,0.97381,1.75,1.00
2016.12.16 16:12:05.034,0.97364,0.97386,1.50,1.50
2016.12.16 16:12:05.186,0.97369,0.97386,1.00,1.00
2016.12.16 16:12:05.718,0.97369,0.97387,1.00,1.00
2016.12.16 16:12:06.727,0.97368,0.97387,1.00,1.00
2016.12.16 16:12:07.098,0.97379,0.97396,1.00,1.00
2016.12.16 16:12:07.435,0.97379,0.97394,1.00,1.00
2016.12.16 16:12:08.059,0.97379,0.97395,1.00,1.00
2016.12.16 16:12:08.639,0.97379,0.97396,1.00,1.00
2016.12.16 16:12:09.073,0.97374,0.97396,1.50,4.50
2016.12.16 16:12:09.123,0.97374,0.97396,1.12,5.25
2016.12.16 16:12:09.581,0.97373,0.97391,1.00,1.00
2016.12.16 16:12:09.931,0.97373,0.97393,1.00,1.00
2016.12.16 16:12:10.434,0.97374,0.97392,1.00,1.00
2016.12.16 16:12:10.742,0.97372,0.97392,1.00,1.37
2016.12.16 16:12:10.843,0.97372,0.97392,1.37,1.00
2016.12.16 16:12:11.151,0.97374,0.97393,1.75,1.00
2016.12.16 16:12:11.302,0.97376,0.97393,1.00,1.00
2016.12.16 16:12:11.353,0.97379,0.97393,1.00,1.00
2016.12.16 16:12:11.554,0.97376,0.97392,1.00,1.00
2016.12.16 16:12:11.655,0.97374,0.97392,1.00,1.00
2016.12.16 16:12:11.989,0.97374,0.97395,1.00,1.00
2016.12.16 16:12:12.368,0.97374,0.97396,1.75,1.12
2016.12.16 16:12:15.062,0.97374,0.97396,1.50,1.87
2016.12.16 16:12:15.471,0.97379,0.97396,1.00,1.75
2016.12.16 16:12:16.013,0.97379,0.97396,1.00,1.50
2016.12.16 16:12:17.363,0.97379,0.97398,1.00,1.12
2016.12.16 16:12:17.913,0.97379,0.97399,1.00,2.25
2016.12.16 16:12:18.469,0.97379,0.974,1.37,2.62
2016.12.16 16:12:18.928,0.97383,0.974,1.00,1.87
2016.12.16 16:12:19.709,0.97382,0.97401,1.50,1.50
2016.12.16 16:12:19.810,0.97386,0.97406,1.00,1.50
2016.12.16 16:12:19.995,0.97393,0.97412,1.00,2.62
2016.12.16 16:12:20.046,0.97393,0.97413,1.00,2.10
2016.12.16 16:12:20.437,0.97393,0.97409,1.00,1.00
2016.12.16 16:12:21.254,0.97393,0.97407,1.00,1.00
2016.12.16 16:12:21.632,0.97385,0.97407,2.25,1.00
2016.12.16 16:12:21.805,0.97388,0.97407,1.00,1.00
2016.12.16 16:12:22.343,0.97388,0.97406,1.00,1.00
2016.12.16 16:12:23.276,0.97388,0.97408,1.00,2.62
2016.12.16 16:12:24.769,0.97388,0.97408,1.00,1.50
2016.12.16 16:12:25.852,0.97388,0.97408,1.37,1.12
2016.12.16 16:12:26.729,0.97388,0.9741,1.75,1.12
2016.12.16 16:12:26.780,0.97388,0.97409,1.50,1.37
2016.12.16 16:12:27.522,0.97388,0.97407,1.12,1.00
2016.12.16 16:12:27.844,0.97392,0.97418,1.75,1.75
2016.12.16 16:12:27.895,0.97393,0.97416,1.75,1.12
2016.12.16 16:12:28.046,0.97395,0.97416,1.00,1.00
2016.12.16 16:12:28.197,0.97394,0.97419,3.75,2.25
2016.12.16 16:12:28.248,0.97395,0.97419,2.25,1.12
2016.12.16 16:12:28.400,0.97403,0.97418,1.00,1.87
2016.12.16 16:12:28.450,0.97399,0.97419,1.00,2.62
2016.12.16 16:12:28.609,0.97399,0.97418,1.00,1.37
2016.12.16 16:12:28.769,0.97399,0.97418,1.00,1.00
2016.12.16 16:12:28.957,0.97394,0.97418,2.25,1.00
2016.12.16 16:12:29.159,0.97403,0.97418,1.00,1.00
2016.12.16 16:12:29.260,0.97394,0.97418,1.75,1.12
2016.12.16 16:12:29.431,0.97404,0.97416,1.00,1.00
2016.12.16 16:12:29.532,0.97394,0.97416,1.75,1.00
2016.12.16 16:12:29.734,0.97394,0.97414,1.75,1.00
2016.12.16 16:12:29.885,0.97396,0.97414,1.00,1.00
2016.12.16 16:12:30.015,0.97399,0.97414,1.00,1.00
2016.12.16 16:12:30.495,0.97393,0.97415,1.75,1.00
2016.12.16 16:12:33.884,0.97393,0.97412,1.75,1.00
2016.12.16 16:12:33.986,0.97391,0.97411,1.37,1.37
2016.12.16 16:12:34.087,0.97388,0.97411,1.50,1.50
2016.12.16 16:12:34.596,0.97388,0.9741,1.12,1.50
2016.12.16 16:12:34.799,0.97386,0.97408,1.75,1.00
2016.12.16 16:12:35.120,0.97384,0.97405,1.12,1.00
2016.12.16 16:12:35.653,0.97384,0.97404,1.12,1.00
2016.12.16 16:12:36.018,0.97389,0.97407,1.00,2.25
2016.12.16 16:12:36.535,0.97389,0.97408,1.00,1.12
2016.12.16 16:12:36.585,0.97389,0.97408,1.00,1.37
2016.12.16 16:12:36.790,0.97384,0.97408,1.75,1.12
2016.12.16 16:12:37.296,0.97383,0.97407,3.00,1.00
2016.12.16 16:12:37.828,0.97383,0.97406,3.00,1.00
2016.12.16 16:12:38.533,0.97383,0.97405,1.75,1.00
2016.12.16 16:12:38.720,0.97382,0.97405,3.00,1.00
2016.12.16 16:12:38.820,0.97389,0.97407,1.00,1.37
2016.12.16 16:12:38.871,0.97386,0.97407,1.00,1.37
2016.12.16 16:12:39.223,0.97382,0.97404,1.75,1.00
2016.12.16 16:12:40.129,0.97381,0.97406,3.37,1.12
2016.12.16 16:12:41.207,0.97385,0.97408,1.75,1.00
2016.12.16 16:12:41.791,0.97385,0.97409,1.75,1.72
2016.12.16 16:12:42.450,0.97386,0.97408,2.25,1.00
2016.12.16 16:12:42.988,0.97386,0.97409,3.37,1.35
2016.12.16 16:12:44.023,0.97386,0.97409,1.75,1.35
2016.12.16 16:12:44.527,0.97389,0.97414,1.75,3.00
2016.12.16 16:12:44.940,0.97391,0.97414,1.50,1.12
2016.12.16 16:12:45.318,0.9739,0.97413,1.50,1.37
2016.12.16 16:12:45.967,0.9739,0.97413,2.25,1.00
2016.12.16 16:12:46.647,0.97392,0.97414,1.50,1.12
2016.12.16 16:12:47.771,0.97391,0.97413,1.75,1.00
2016.12.16 16:12:48.277,0.97392,0.97415,1.50,1.50
2016.12.16 16:12:48.784,0.97394,0.97413,1.00,1.00
2016.12.16 16:12:49.087,0.97391,0.9741,1.00,1.12
2016.12.16 16:12:49.291,0.97391,0.97413,2.25,1.12
2016.12.16 16:12:49.442,0.97391,0.97414,2.25,1.00
2016.12.16 16:12:49.952,0.97391,0.97413,2.25,1.00
2016.12.16 16:12:50.317,0.97393,0.97415,1.75,1.00
2016.12.16 16:12:50.519,0.97394,0.97416,1.00,2.25
2016.12.16 16:12:50.871,0.97394,0.97411,1.00,1.00
2016.12.16 16:12:51.598,0.97394,0.97412,1.00,1.00
2016.12.16 16:12:52.147,0.97394,0.97413,1.00,1.12
2016.12.16 16:12:52.869,0.97394,0.97412,1.00,1.50
2016.12.16 16:12:53.766,0.97389,0.97412,1.75,1.50
2016.12.16 16:12:54.282,0.97387,0.9741,4.12,1.00
2016.12.16 16:12:54.640,0.97389,0.97412,1.75,1.00
2016.12.16 16:12:55.080,0.97387,0.9741,4.12,1.00
2016.12.16 16:12:55.332,0.97388,0.97408,1.50,1.00
2016.12.16 16:12:55.433,0.97388,0.9741,1.75,1.50
2016.12.16 16:12:55.938,0.97388,0.97411,1.75,1.50
2016.12.16 16:12:56.342,0.97394,0.97411,1.00,1.00
2016.12.16 16:12:56.645,0.97394,0.97413,1.75,1.00
2016.12.16 16:12:56.695,0.97399,0.97415,1.00,1.00
2016.12.16 16:12:56.746,0.97399,0.97417,1.00,1.50
2016.12.16 16:12:56.847,0.97404,0.97417,1.00,1.00
2016.12.16 16:12:57.048,0.97399,0.97424,2.85,2.25
2016.12.16 16:12:57.149,0.97404,0.97423,1.00,1.75
2016.12.16 16:12:57.250,0.97404,0.97424,1.00,1.87
2016.12.16 16:12:57.502,0.97404,0.97422,1.00,1.00
2016.12.16 16:12:58.061,0.97403,0.97422,1.00,1.00
2016.12.16 16:12:58.365,0.97403,0.9742,1.50,2.25
2016.12.16 16:12:58.466,0.97398,0.97422,1.75,1.00
2016.12.16 16:12:58.517,0.97398,0.97422,1.37,1.37
2016.12.16 16:12:58.567,0.97398,0.97419,1.00,1.00
2016.12.16 16:12:58.668,0.97398,0.97424,1.75,2.25
2016.12.16 16:12:58.971,0.97403,0.97426,1.00,3.37
2016.12.16 16:12:59.071,0.97403,0.97426,1.12,1.75
2016.12.16 16:12:59.211,0.97404,0.97428,1.87,1.75
2016.12.16 16:12:59.262,0.97406,0.9743,1.50,3.00
2016.12.16 16:12:59.464,0.97404,0.97429,2.25,4.87
2016.12.16 16:12:59.767,0.97404,0.97428,1.50,1.50
2016.12.16 16:13:01.170,0.97404,0.97426,1.12,1.37
2016.12.16 16:13:01.862,0.97402,0.97415,1.00,1.00
2016.12.16 16:13:02.064,0.97394,0.97414,2.25,1.00
2016.12.16 16:13:02.167,0.97394,0.97415,1.00,1.12
2016.12.16 16:13:02.938,0.97392,0.97417,2.25,2.25
2016.12.16 16:13:02.989,0.97392,0.97417,3.37,1.87
2016.12.16 16:13:03.391,0.97396,0.97418,1.75,1.00
2016.12.16 16:13:03.547,0.97399,0.97419,1.37,1.00
2016.12.16 16:13:04.283,0.97398,0.9742,1.50,1.12
2016.12.16 16:13:04.569,0.97398,0.9742,1.00,1.00
2016.12.16 16:13:05.577,0.97404,0.9742,1.00,1.00
2016.12.16 16:13:05.938,0.97403,0.97418,1.00,1.00
2016.12.16 16:13:06.039,0.97399,0.97418,1.00,1.00
2016.12.16 16:13:06.350,0.97394,0.97411,2.25,1.00
2016.12.16 16:13:06.552,0.9739,0.97409,1.00,1.50
2016.12.16 16:13:06.603,0.97385,0.97407,3.37,1.00
2016.12.16 16:13:06.653,0.97385,0.97406,1.75,1.00
2016.12.16 16:13:07.167,0.97389,0.97406,1.00,1.00
2016.12.16 16:13:07.763,0.97389,0.97407,1.00,1.00
2016.12.16 16:13:08.619,0.97387,0.97407,1.00,1.37
2016.12.16 16:13:08.827,0.97389,0.97409,1.37,1.37
2016.12.16 16:13:09.040,0.97392,0.97411,1.00,1.00
2016.12.16 16:13:09.216,0.97394,0.97411,1.00,1.00
2016.12.16 16:13:09.746,0.97394,0.97412,1.00,1.12
2016.12.16 16:13:09.917,0.97387,0.97411,2.62,1.00
2016.12.16 16:13:10.207,0.97393,0.97411,1.00,1.87
2016.12.16 16:13:10.263,0.97389,0.97407,1.00,1.00
2016.12.16 16:13:10.415,0.97389,0.97405,1.00,1.00
2016.12.16 16:13:10.956,0.97389,0.97408,1.00,1.75
2016.12.16 16:13:11.057,0.97392,0.97411,1.00,1.00
2016.12.16 16:13:11.259,0.9739,0.97412,1.00,1.50
2016.12.16 16:13:11.784,0.97387,0.97411,1.75,1.00
2016.12.16 16:13:12.420,0.97386,0.97412,3.00,1.50
2016.12.16 16:13:12.626,0.97386,0.97412,2.25,1.87
2016.12.16 16:13:12.952,0.97394,0.97412,1.00,1.12
2016.12.16 16:13:13.367,0.97394,0.97415,1.00,2.25
2016.12.16 16:13:13.880,0.97393,0.97414,1.35,1.00
2016.12.16 16:13:13.930,0.97393,0.97414,1.72,1.00
2016.12.16 16:13:14.526,0.97393,0.97414,2.10,1.12
2016.12.16 16:13:14.829,0.97398,0.97414,1.00,1.12
2016.12.16 16:13:14.879,0.97394,0.97415,1.00,1.87
2016.12.16 16:13:16.062,0.97398,0.97417,1.00,2.25
2016.12.16 16:13:16.163,0.97391,0.97417,2.25,2.25
2016.12.16 16:13:16.264,0.97397,0.97419,1.00,3.37
2016.12.16 16:13:16.365,0.97399,0.97419,1.35,2.62
2016.12.16 16:13:16.416,0.97399,0.97419,1.35,1.37
2016.12.16 16:13:16.718,0.97399,0.9742,1.00,4.12
2016.12.16 16:13:16.869,0.97396,0.97419,1.60,1.00
2016.12.16 16:13:16.920,0.97399,0.97419,1.00,1.50
2016.12.16 16:13:17.071,0.97399,0.97418,1.00,1.12
2016.12.16 16:13:17.122,0.97399,0.97416,1.00,1.00
2016.12.16 16:13:17.172,0.97399,0.97419,1.00,1.50
2016.12.16 16:13:17.374,0.97403,0.97419,1.00,1.50
2016.12.16 16:13:17.681,0.97403,0.97416,1.00,1.00
2016.12.16 16:13:17.731,0.97403,0.97421,1.00,2.25
2016.12.16 16:13:18.135,0.97403,0.97423,1.00,2.25
2016.12.16 16:13:18.235,0.97403,0.97423,1.00,1.12
2016.12.16 16:13:18.772,0.97403,0.97423,1.37,1.00
2016.12.16 16:13:20.163,0.97403,0.97422,1.37,1.00
2016.12.16 16:13:20.264,0.97403,0.97425,1.37,1.37
2016.12.16 16:13:20.904,0.97403,0.97427,1.75,1.87
2016.12.16 16:13:20.954,0.97408,0.97427,1.00,1.87
2016.12.16 16:13:21.216,0.97403,0.97427,1.75,1.87
2016.12.16 16:13:21.561,0.97403,0.97427,1.37,1.75
2016.12.16 16:13:21.955,0.97409,0.97423,1.00,1.00
2016.12.16 16:13:22.916,0.97403,0.97423,1.37,1.00
2016.12.16 16:13:23.688,0.97403,0.97425,1.37,1.37
2016.12.16 16:13:24.404,0.97408,0.97424,1.00,1.12
2016.12.16 16:13:24.926,0.97409,0.97424,1.00,1.00
2016.12.16 16:13:25.787,0.97409,0.97422,1.00,1.12
2016.12.16 16:13:26.282,0.97409,0.9742,1.00,1.00
2016.12.16 16:13:26.433,0.97409,0.97422,1.00,1.12
2016.12.16 16:13:27.423,0.97404,0.9742,1.00,1.00
2016.12.16 16:13:27.477,0.97398,0.97417,1.75,1.00
2016.12.16 16:13:27.791,0.97393,0.97412,1.12,1.00
2016.12.16 16:13:27.892,0.97392,0.97414,1.67,1.00
2016.12.16 16:13:27.993,0.97392,0.97415,2.85,1.00
2016.12.16 16:13:28.355,0.97398,0.97417,1.00,2.25
2016.12.16 16:13:28.665,0.97394,0.9741,1.00,1.00
2016.12.16 16:13:29.663,0.97389,0.9741,2.25,1.00
2016.12.16 16:13:30.166,0.97393,0.9741,1.00,1.00
2016.12.16 16:13:30.862,0.9739,0.9741,2.10,1.00
2016.12.16 16:13:30.963,0.97394,0.9741,1.00,1.00
2016.12.16 16:13:31.014,0.97396,0.97418,1.00,1.75
2016.12.16 16:13:31.115,0.97399,0.97418,1.00,1.12
2016.12.16 16:13:31.652,0.97399,0.97415,1.00,1.00
2016.12.16 16:13:31.703,0.97394,0.97415,1.75,1.00
2016.12.16 16:13:32.901,0.97394,0.97417,1.75,1.12
2016.12.16 16:13:32.952,0.97398,0.97417,1.00,1.12
2016.12.16 16:13:33.480,0.97398,0.97416,1.00,1.00
2016.12.16 16:13:33.698,0.97398,0.97418,1.00,1.00
2016.12.16 16:13:33.749,0.97394,0.97419,3.75,1.12
2016.12.16 16:13:33.850,0.97403,0.9742,1.00,1.50
2016.12.16 16:13:34.027,0.97403,0.97422,1.00,1.12
2016.12.16 16:13:34.179,0.97403,0.9742,1.00,1.00
2016.12.16 16:13:37.287,0.97403,0.97419,1.00,1.00
2016.12.16 16:13:38.098,0.97403,0.97421,1.00,1.37
2016.12.16 16:13:39.444,0.97398,0.97421,1.75,1.00
2016.12.16 16:13:39.645,0.974,0.97419,1.00,1.50
2016.12.16 16:13:39.797,0.97399,0.97417,1.00,1.00
2016.12.16 16:13:40.386,0.97399,0.97416,1.00,1.00
2016.12.16 16:13:40.889,0.97399,0.97417,1.00,1.00
2016.12.16 16:13:41.982,0.97399,0.97416,1.00,1.00
2016.12.16 16:13:42.495,0.974,0.97419,1.12,1.50
2016.12.16 16:13:42.546,0.97403,0.97419,1.00,1.00
2016.12.16 16:13:42.647,0.97402,0.97421,1.12,1.00
2016.12.16 16:13:42.698,0.97406,0.97421,1.00,1.00
2016.12.16 16:13:43.051,0.97401,0.97418,1.12,1.00
2016.12.16 16:13:43.152,0.97404,0.97417,1.00,1.00
2016.12.16 16:13:43.364,0.97398,0.97421,1.12,1.75
2016.12.16 16:13:43.415,0.97398,0.97422,1.37,1.75
2016.12.16 16:13:43.466,0.97399,0.97415,1.50,1.00
2016.12.16 16:13:43.517,0.97399,0.97419,1.50,1.00
2016.12.16 16:13:43.568,0.97396,0.97416,4.12,1.00
2016.12.16 16:13:43.669,0.97394,0.97414,2.25,1.00
2016.12.16 16:13:43.925,0.97393,0.97414,1.00,1.00
2016.12.16 16:13:44.026,0.97392,0.97412,3.37,1.00
2016.12.16 16:13:44.127,0.97394,0.97412,1.00,1.00
2016.12.16 16:13:44.787,0.97394,0.97413,1.00,1.50
2016.12.16 16:13:45.302,0.97394,0.97414,1.50,1.50
2016.12.16 16:13:45.353,0.97394,0.97414,1.75,1.50
2016.12.16 16:13:45.535,0.97393,0.97413,1.37,1.00
2016.12.16 16:13:45.687,0.97391,0.9741,1.75,1.00
2016.12.16 16:13:46.160,0.97389,0.9741,1.50,1.00
2016.12.16 16:13:46.563,0.97392,0.97414,2.25,1.00
2016.12.16 16:13:46.955,0.97397,0.97416,1.12,1.50
2016.12.16 16:13:47.006,0.97397,0.97414,1.12,1.00
2016.12.16 16:13:47.057,0.97397,0.97416,1.50,1.00
2016.12.16 16:13:47.260,0.974,0.97415,1.87,1.00
2016.12.16 16:13:47.513,0.97393,0.97413,2.25,1.00
2016.12.16 16:13:47.564,0.97393,0.97413,1.00,1.50
2016.12.16 16:13:47.886,0.97393,0.97411,1.00,1.00
2016.12.16 16:13:48.419,0.97394,0.97411,1.00,1.00
2016.12.16 16:13:48.570,0.97393,0.97413,1.50,1.00
2016.12.16 16:13:48.671,0.97396,0.97413,1.00,1.00
2016.12.16 16:13:48.721,0.97396,0.97418,1.00,2.25
2016.12.16 16:13:48.772,0.97399,0.97419,1.00,1.50
2016.12.16 16:13:49.159,0.97399,0.97416,1.00,1.00
2016.12.16 16:13:49.210,0.97399,0.97419,1.00,1.50
2016.12.16 16:13:49.261,0.97399,0.9742,1.12,1.12
2016.12.16 16:13:49.312,0.97399,0.97417,1.12,1.00
2016.12.16 16:13:49.614,0.97399,0.97419,1.50,1.00
2016.12.16 16:13:50.038,0.97399,0.97418,1.00,1.00
2016.12.16 16:13:50.544,0.974,0.97418,1.00,1.00
2016.12.16 16:13:51.049,0.974,0.9742,1.00,1.00
2016.12.16 16:13:51.100,0.97403,0.9742,1.00,1.50
2016.12.16 16:13:51.423,0.974,0.97418,1.75,1.00
2016.12.16 16:13:51.474,0.97399,0.97418,1.50,1.00
2016.12.16 16:13:52.816,0.974,0.9742,1.37,1.50
2016.12.16 16:13:53.398,0.974,0.97419,1.37,1.00
2016.12.16 16:13:54.689,0.97404,0.97421,1.00,1.12
2016.12.16 16:13:55.093,0.97401,0.97419,1.75,1.00
2016.12.16 16:13:55.194,0.97399,0.97418,1.37,1.00
2016.12.16 16:13:55.777,0.97399,0.97421,1.37,1.87
2016.12.16 16:13:55.879,0.974,0.97421,1.50,1.00
2016.12.16 16:13:56.386,0.974,0.9742,1.50,1.00
2016.12.16 16:13:56.766,0.974,0.97422,1.50,1.12
2016.12.16 16:13:56.867,0.97404,0.97422,1.12,1.00
2016.12.16 16:13:57.178,0.97403,0.97423,1.75,1.00
2016.12.16 16:13:57.506,0.97403,0.97421,1.75,1.00
2016.12.16 16:13:58.036,0.97401,0.9742,2.25,1.00
2016.12.16 16:13:58.238,0.97402,0.97423,1.75,1.00
2016.12.16 16:13:58.389,0.97405,0.97423,1.75,1.00
2016.12.16 16:13:58.490,0.97406,0.97423,1.00,1.00
2016.12.16 16:13:58.591,0.97404,0.97423,1.00,1.00
2016.12.16 16:13:59.312,0.97404,0.97422,1.00,1.00
2016.12.16 16:13:59.463,0.97404,0.97419,1.00,1.00
2016.12.16 16:13:59.515,0.97404,0.97422,1.00,1.12
2016.12.16 16:13:59.666,0.97404,0.97425,1.50,1.00
2016.12.16 16:13:59.767,0.97405,0.97419,1.50,1.00
2016.12.16 16:13:59.818,0.97405,0.97422,1.50,1.00
2016.12.16 16:13:59.964,0.97401,0.97421,1.50,1.00
2016.12.16 16:14:00.434,0.974,0.97416,1.75,1.00
2016.12.16 16:14:00.535,0.97403,0.97418,1.00,1.12
2016.12.16 16:14:00.687,0.97398,0.97416,1.50,1.00
2016.12.16 16:14:00.788,0.97396,0.97417,1.00,1.75
2016.12.16 16:14:00.940,0.97399,0.97411,1.00,1.00
2016.12.16 16:14:00.991,0.97396,0.97413,1.00,1.00
2016.12.16 16:14:01.042,0.97399,0.97414,1.00,1.50
2016.12.16 16:14:01.344,0.97399,0.97411,1.00,1.00
2016.12.16 16:14:01.536,0.97393,0.97411,1.00,1.00
2016.12.16 16:14:01.587,0.97393,0.97413,1.00,1.12
2016.12.16 16:14:01.688,0.97393,0.97413,1.00,1.75
2016.12.16 16:14:01.839,0.97391,0.97414,1.12,2.85
2016.12.16 16:14:02.342,0.97392,0.97409,1.00,1.00
2016.12.16 16:14:02.723,0.97389,0.97403,1.00,1.50
2016.12.16 16:14:02.774,0.97384,0.974,1.00,2.25
2016.12.16 16:14:02.926,0.97379,0.97396,1.12,1.00
2016.12.16 16:14:03.027,0.97378,0.974,1.50,1.00
2016.12.16 16:14:03.128,0.97379,0.97398,1.50,1.00
2016.12.16 16:14:03.430,0.97379,0.97394,1.00,1.00
2016.12.16 16:14:03.481,0.97382,0.97399,1.00,2.62
2016.12.16 16:14:03.531,0.97382,0.97396,1.00,1.00
2016.12.16 16:14:03.582,0.97378,0.97396,2.25,1.00
2016.12.16 16:14:03.683,0.97377,0.97396,1.00,1.75
2016.12.16 16:14:03.784,0.97378,0.97397,1.00,1.50
2016.12.16 16:14:04.040,0.97379,0.97392,1.00,1.00
2016.12.16 16:14:04.091,0.97381,0.97398,1.00,1.75
2016.12.16 16:14:04.192,0.97379,0.97395,1.00,1.37
2016.12.16 16:14:04.293,0.97377,0.97396,1.00,2.25
2016.12.16 16:14:04.869,0.97376,0.97394,1.00,1.12
2016.12.16 16:14:05.070,0.97374,0.97395,1.12,1.00
2016.12.16 16:14:05.121,0.97374,0.97396,1.50,1.75
2016.12.16 16:14:05.423,0.97373,0.97389,1.00,1.00
2016.12.16 16:14:05.524,0.97373,0.97394,1.00,1.50
2016.12.16 16:14:05.944,0.97374,0.97389,1.00,1.00
2016.12.16 16:14:05.995,0.97374,0.97391,1.00,1.12
2016.12.16 16:14:06.500,0.97373,0.97393,1.00,1.12
2016.12.16 16:14:06.601,0.97373,0.97391,1.00,1.00
2016.12.16 16:14:06.711,0.97373,0.97393,1.00,1.87
2016.12.16 16:14:06.761,0.97373,0.9739,1.00,1.00
2016.12.16 16:14:07.076,0.97373,0.97387,1.00,1.00
2016.12.16 16:14:07.227,0.97373,0.97392,1.00,1.75
2016.12.16 16:14:07.529,0.97369,0.9739,2.25,1.12
2016.12.16 16:14:07.580,0.97369,0.97387,1.87,1.12
2016.12.16 16:14:07.956,0.97369,0.9739,1.12,1.37
2016.12.16 16:14:08.057,0.97373,0.97392,1.00,1.75
2016.12.16 16:14:08.107,0.97373,0.97393,1.00,1.50
2016.12.16 16:14:08.208,0.97373,0.97391,1.00,1.50
2016.12.16 16:14:08.309,0.97369,0.97391,2.25,1.50
2016.12.16 16:14:09.295,0.97371,0.97392,1.00,2.25
2016.12.16 16:14:10.082,0.97369,0.97392,2.25,1.75
2016.12.16 16:14:10.570,0.97369,0.9739,1.00,1.75
2016.12.16 16:14:10.722,0.9737,0.9739,1.12,1.12
2016.12.16 16:14:10.772,0.97374,0.9739,1.00,1.12
2016.12.16 16:14:10.823,0.97371,0.97392,1.00,1.75
2016.12.16 16:14:10.924,0.97379,0.97392,1.00,1.75
2016.12.16 16:14:11.025,0.97379,0.97391,1.00,1.00
2016.12.16 16:14:11.226,0.97379,0.97397,1.00,1.75
2016.12.16 16:14:11.538,0.97374,0.97395,1.12,1.50
2016.12.16 16:14:11.688,0.97376,0.97395,1.00,1.50
2016.12.16 16:14:11.993,0.97378,0.97396,1.00,1.00
2016.12.16 16:14:12.462,0.97384,0.97398,1.00,1.75
2016.12.16 16:14:12.563,0.97378,0.97399,1.50,1.75
2016.12.16 16:14:12.932,0.97379,0.974,1.12,1.37
2016.12.16 16:14:13.374,0.97379,0.97397,1.12,1.00
2016.12.16 16:14:14.069,0.97379,0.97398,1.00,1.12
2016.12.16 16:14:14.514,0.9738,0.974,1.37,1.00
2016.12.16 16:14:14.820,0.97384,0.97401,1.00,1.00
2016.12.16 16:14:15.427,0.97384,0.97402,1.00,1.00
2016.12.16 16:14:15.742,0.97383,0.974,1.12,1.00
2016.12.16 16:14:16.210,0.97386,0.97403,1.00,1.75
2016.12.16 16:14:16.412,0.97388,0.97407,1.00,1.37
2016.12.16 16:14:16.513,0.97388,0.97409,1.37,1.12
2016.12.16 16:14:16.614,0.97393,0.97409,1.00,1.12
2016.12.16 16:14:17.280,0.97393,0.97408,1.00,1.00
2016.12.16 16:14:17.331,0.97389,0.97408,1.12,1.00
2016.12.16 16:14:17.484,0.97394,0.97408,1.00,1.00
2016.12.16 16:14:17.837,0.97392,0.97412,1.00,1.50
2016.12.16 16:14:17.887,0.97394,0.97412,1.00,1.00
2016.12.16 16:14:18.240,0.9739,0.97411,1.50,1.00
2016.12.16 16:14:18.714,0.97389,0.97409,1.37,1.00
2016.12.16 16:14:19.151,0.97388,0.97411,1.87,1.75
2016.12.16 16:14:19.662,0.97389,0.97412,1.00,2.25
2016.12.16 16:14:20.193,0.97386,0.97407,2.25,1.00
2016.12.16 16:14:20.344,0.97385,0.97406,1.50,1.00
2016.12.16 16:14:20.394,0.97385,0.97404,1.50,1.00
2016.12.16 16:14:20.445,0.97385,0.97406,1.50,1.00
2016.12.16 16:14:20.747,0.97385,0.974,1.50,1.00
2016.12.16 16:14:20.798,0.97385,0.97403,1.00,1.00
2016.12.16 16:14:20.848,0.97383,0.97401,1.00,1.50
2016.12.16 16:14:20.949,0.97382,0.97404,1.50,1.50
2016.12.16 16:14:21.050,0.97382,0.97404,1.50,1.75
2016.12.16 16:14:21.151,0.97383,0.97407,1.00,3.37
2016.12.16 16:14:21.252,0.97384,0.97407,1.87,1.75
2016.12.16 16:14:21.405,0.97386,0.97407,1.00,1.50
2016.12.16 16:14:21.456,0.97386,0.97407,1.00,1.50
2016.12.16 16:14:21.507,0.97389,0.97407,1.00,1.50
2016.12.16 16:14:22.045,0.97386,0.97406,1.00,1.00
2016.12.16 16:14:22.550,0.97385,0.97406,1.50,1.00
2016.12.16 16:14:22.601,0.97385,0.97404,1.50,1.00
2016.12.16 16:14:22.971,0.97384,0.97404,1.00,1.75
2016.12.16 16:14:23.274,0.97389,0.97406,1.00,1.50
2016.12.16 16:14:23.577,0.97394,0.97407,1.00,1.75
2016.12.16 16:14:23.632,0.97389,0.97407,1.00,1.75
2016.12.16 16:14:24.305,0.97389,0.97404,1.00,1.00
2016.12.16 16:14:24.406,0.97384,0.97404,1.50,1.00
2016.12.16 16:14:24.608,0.97389,0.97403,1.00,1.00
2016.12.16 16:14:24.659,0.97384,0.97402,1.50,1.00
2016.12.16 16:14:25.159,0.97383,0.97401,1.00,1.00
2016.12.16 16:14:25.526,0.97384,0.97403,1.00,1.00
2016.12.16 16:14:25.805,0.97389,0.97403,1.00,1.00
2016.12.16 16:14:26.114,0.97389,0.97403,1.00,1.50
2016.12.16 16:14:26.165,0.97383,0.97403,1.00,1.50
2016.12.16 16:14:26.828,0.97384,0.97403,1.00,1.50
2016.12.16 16:14:27.076,0.97384,0.97404,1.00,1.00
2016.12.16 16:14:27.515,0.97388,0.97404,1.00,1.00
2016.12.16 16:14:27.868,0.97386,0.97405,1.12,1.00
2016.12.16 16:14:28.465,0.97385,0.97406,1.00,1.50
2016.12.16 16:14:28.616,0.97386,0.97407,1.00,1.12
2016.12.16 16:14:28.919,0.97389,0.97407,1.00,1.00
2016.12.16 16:14:29.507,0.97388,0.97408,1.00,1.12
2016.12.16 16:14:30.765,0.97388,0.97406,1.00,1.00
2016.12.16 16:14:31.067,0.9739,0.97408,1.00,1.00
2016.12.16 16:14:31.269,0.97386,0.97405,1.50,1.00
2016.12.16 16:14:31.779,0.9739,0.97409,1.00,1.75
2016.12.16 16:14:31.880,0.97389,0.9741,1.50,1.00
2016.12.16 16:14:31.982,0.97389,0.97408,1.00,1.00
2016.12.16 16:14:32.486,0.97389,0.97409,2.25,1.00
2016.12.16 16:14:32.791,0.97385,0.97408,1.12,1.75
2016.12.16 16:14:33.508,0.97384,0.97404,1.87,1.00
2016.12.16 16:14:33.811,0.97383,0.97401,1.00,1.00
2016.12.16 16:14:34.466,0.97381,0.97404,1.35,2.62
2016.12.16 16:14:34.567,0.97385,0.97405,1.00,1.00
2016.12.16 16:14:34.667,0.97388,0.97409,1.50,1.75
2016.12.16 16:14:35.070,0.97394,0.9741,1.00,2.25
2016.12.16 16:14:35.318,0.97394,0.9741,1.00,1.12
2016.12.16 16:14:35.426,0.9739,0.9741,1.00,1.12
2016.12.16 16:14:35.527,0.97394,0.97409,1.00,1.00
2016.12.16 16:14:35.932,0.97388,0.9741,2.25,1.87
2016.12.16 16:14:36.174,0.97394,0.9741,1.00,1.12
2016.12.16 16:14:36.502,0.97394,0.97409,1.00,1.37
2016.12.16 16:14:37.311,0.97389,0.97409,1.00,1.37
2016.12.16 16:14:37.362,0.97393,0.97409,1.00,1.37
2016.12.16 16:14:37.412,0.97389,0.9741,1.00,1.50
2016.12.16 16:14:37.921,0.97388,0.97408,1.00,1.00
2016.12.16 16:14:38.274,0.9739,0.97408,1.00,1.00
2016.12.16 16:14:38.817,0.9739,0.97409,1.00,1.00
2016.12.16 16:14:39.165,0.97399,0.9742,1.50,2.62
2016.12.16 16:14:39.216,0.97399,0.97418,3.00,1.00
2016.12.16 16:14:39.266,0.97403,0.97422,1.00,1.75
2016.12.16 16:14:39.317,0.97403,0.97421,1.00,1.00
2016.12.16 16:14:39.418,0.97403,0.97424,1.37,1.12
2016.12.16 16:14:39.519,0.97403,0.97422,1.37,1.00
2016.12.16 16:14:39.620,0.97401,0.97421,1.00,1.00
2016.12.16 16:14:39.721,0.97403,0.9742,1.00,1.00
2016.12.16 16:14:39.872,0.97399,0.97422,1.00,1.75
2016.12.16 16:14:39.923,0.97399,0.97422,1.50,1.75
2016.12.16 16:14:39.973,0.97401,0.97424,1.00,4.12
2016.12.16 16:14:40.279,0.97397,0.97415,1.37,1.00
2016.12.16 16:14:40.330,0.97397,0.97413,1.12,1.00
2016.12.16 16:14:40.430,0.97394,0.97413,1.00,1.00
2016.12.16 16:14:40.966,0.97391,0.97414,1.50,1.87
2016.12.16 16:14:41.405,0.97393,0.97412,1.00,1.12
2016.12.16 16:14:41.918,0.9739,0.97412,1.50,1.12
2016.12.16 16:14:42.220,0.97399,0.97414,1.00,1.50
2016.12.16 16:14:42.422,0.97394,0.97412,1.00,1.12
2016.12.16 16:14:42.639,0.97391,0.97413,1.37,1.37
2016.12.16 16:14:43.194,0.97393,0.97413,1.00,1.37
2016.12.16 16:14:44.140,0.97395,0.97416,1.00,1.75
2016.12.16 16:14:44.241,0.97396,0.97415,1.00,1.00
2016.12.16 16:14:44.291,0.97398,0.97419,1.00,1.75
2016.12.16 16:14:44.342,0.97398,0.97418,1.00,1.50
2016.12.16 16:14:44.443,0.97398,0.9742,1.50,1.12
2016.12.16 16:14:44.799,0.97398,0.97419,1.12,1.37
2016.12.16 16:14:46.662,0.97397,0.9742,1.37,1.00
2016.12.16 16:14:47.008,0.97399,0.97416,1.50,1.00
2016.12.16 16:14:47.108,0.97396,0.97414,1.12,1.50
2016.12.16 16:14:47.159,0.97392,0.97411,2.62,1.00
2016.12.16 16:14:47.210,0.97391,0.97411,1.00,1.00
2016.12.16 16:14:47.260,0.97394,0.97409,1.00,1.00
2016.12.16 16:14:47.462,0.97389,0.97407,1.12,1.12
2016.12.16 16:14:47.950,0.97387,0.97408,1.12,1.12
2016.12.16 16:14:48.532,0.97388,0.97408,1.00,1.12
2016.12.16 16:14:49.547,0.97386,0.97408,1.50,1.12
2016.12.16 16:14:49.648,0.97396,0.9741,1.00,1.75
2016.12.16 16:14:49.750,0.97396,0.97414,1.75,1.50
2016.12.16 16:14:49.850,0.97397,0.97412,1.00,1.00
2016.12.16 16:14:49.901,0.9739,0.97413,4.12,1.50
2016.12.16 16:14:49.952,0.9739,0.97412,1.75,1.00
2016.12.16 16:14:50.053,0.9739,0.97412,1.50,1.00
2016.12.16 16:14:50.355,0.97394,0.97411,1.00,1.00
2016.12.16 16:14:50.456,0.97392,0.97413,1.12,2.25
2016.12.16 16:14:50.703,0.97394,0.97412,1.00,1.12
2016.12.16 16:14:50.854,0.97389,0.97412,1.75,1.87
2016.12.16 16:14:50.905,0.97389,0.97412,1.37,1.50
2016.12.16 16:14:50.955,0.97389,0.97412,1.12,1.75
2016.12.16 16:14:51.006,0.97398,0.97412,1.00,1.75
2016.12.16 16:14:51.057,0.97389,0.97411,1.87,1.75
2016.12.16 16:14:51.365,0.97394,0.97411,1.00,1.75
2016.12.16 16:14:51.416,0.97394,0.97411,1.00,1.00
2016.12.16 16:14:51.955,0.97394,0.9741,1.00,1.50
2016.12.16 16:14:52.459,0.97387,0.9741,1.75,1.00
2016.12.16 16:14:53.007,0.97393,0.9741,1.00,1.00
2016.12.16 16:14:53.563,0.97393,0.97409,1.00,1.00
2016.12.16 16:14:54.221,0.97393,0.9741,1.00,1.00
2016.12.16 16:14:54.503,0.97393,0.97411,1.00,1.50
2016.12.16 16:14:54.554,0.9739,0.97413,1.35,4.12
2016.12.16 16:14:54.655,0.97389,0.97411,2.85,1.00
2016.12.16 16:14:54.706,0.97393,0.97415,1.00,1.75
2016.12.16 16:14:54.756,0.9739,0.97415,1.75,1.75
2016.12.16 16:14:54.908,0.97399,0.97412,1.00,1.50
2016.12.16 16:14:54.958,0.97394,0.97411,1.00,1.00
2016.12.16 16:14:55.009,0.97394,0.97409,1.00,1.00
2016.12.16 16:14:55.059,0.97389,0.97414,1.75,1.50
2016.12.16 16:14:55.311,0.97392,0.97414,1.75,1.12
2016.12.16 16:14:55.812,0.97395,0.97417,1.00,1.37
2016.12.16 16:14:55.863,0.97394,0.97417,2.25,1.12
2016.12.16 16:14:56.316,0.97397,0.97419,1.00,1.37
2016.12.16 16:14:56.367,0.97397,0.97419,1.50,1.12
2016.12.16 16:14:56.418,0.97396,0.97421,1.87,2.25
2016.12.16 16:14:56.720,0.97397,0.9742,1.75,1.00
2016.12.16 16:14:56.821,0.97399,0.97422,1.50,1.50
2016.12.16 16:14:57.047,0.97399,0.97422,1.75,1.00
2016.12.16 16:14:57.318,0.97398,0.9742,1.50,1.00
2016.12.16 16:14:57.620,0.97398,0.9742,1.87,1.75
2016.12.16 16:14:58.170,0.97398,0.97418,1.00,1.00
2016.12.16 16:14:58.564,0.97398,0.9742,1.50,1.50
2016.12.16 16:14:59.040,0.97404,0.97419,1.00,1.12
2016.12.16 16:14:59.435,0.97398,0.97419,1.12,1.12
2016.12.16 16:14:59.791,0.97397,0.97421,2.25,1.37
2016.12.16 16:15:00.144,0.97399,0.97419,1.75,1.00
2016.12.16 16:15:00.245,0.97399,0.97419,1.37,1.00
2016.12.16 16:15:00.686,0.97399,0.97422,2.25,1.50
2016.12.16 16:15:01.197,0.97402,0.97423,1.00,1.87
2016.12.16 16:15:01.696,0.97402,0.97421,1.00,1.00
2016.12.16 16:15:02.049,0.97399,0.9742,1.50,1.12
2016.12.16 16:15:02.250,0.97399,0.97418,1.50,1.00
2016.12.16 16:15:02.402,0.97399,0.9742,1.12,1.87
2016.12.16 16:15:02.453,0.97399,0.9742,1.50,1.50
2016.12.16 16:15:02.787,0.97409,0.97424,1.00,1.37
2016.12.16 16:15:02.837,0.97409,0.97429,1.00,1.75
2016.12.16 16:15:02.939,0.9741,0.97428,1.00,1.50
2016.12.16 16:15:03.040,0.9741,0.9743,1.37,1.87
2016.12.16 16:15:03.091,0.9741,0.9743,1.75,1.50
2016.12.16 16:15:03.191,0.97407,0.9743,3.37,1.00
2016.12.16 16:15:03.443,0.97412,0.97432,1.50,1.00
2016.12.16 16:15:03.544,0.97411,0.97429,1.75,1.00
2016.12.16 16:15:03.646,0.97407,0.97427,2.25,1.50
2016.12.16 16:15:03.746,0.97405,0.97427,1.75,1.00
2016.12.16 16:15:04.382,0.97408,0.97431,1.87,2.25
2016.12.16 16:15:04.433,0.9741,0.97432,1.50,1.75
2016.12.16 16:15:04.584,0.97413,0.97435,1.75,1.00
2016.12.16 16:15:04.786,0.97413,0.97436,1.50,1.50
2016.12.16 16:15:04.837,0.97414,0.97435,1.37,1.00
2016.12.16 16:15:05.386,0.97415,0.97436,1.75,1.00
2016.12.16 16:15:06.070,0.97415,0.9743,1.75,1.00
2016.12.16 16:15:06.171,0.97413,0.9743,1.12,1.00
2016.12.16 16:15:07.298,0.9741,0.97432,1.75,1.00
2016.12.16 16:15:07.816,0.9741,0.97431,1.75,1.00
2016.12.16 16:15:08.110,0.9741,0.97434,1.75,1.50
2016.12.16 16:15:08.362,0.97415,0.97435,1.00,1.75
2016.12.16 16:15:08.585,0.97415,0.97435,1.50,1.00
2016.12.16 16:15:08.798,0.97415,0.97433,1.50,1.00
2016.12.16 16:15:09.679,0.97413,0.97431,1.75,1.00
2016.12.16 16:15:09.780,0.97411,0.97428,1.50,1.00
2016.12.16 16:15:09.881,0.97409,0.97427,1.00,1.00
2016.12.16 16:15:10.032,0.97409,0.9743,1.00,1.00
2016.12.16 16:15:10.133,0.97409,0.97432,1.37,1.87
2016.12.16 16:15:10.437,0.9741,0.97429,1.75,1.00
2016.12.16 16:15:10.878,0.97407,0.97427,1.50,1.00
2016.12.16 16:15:12.037,0.97407,0.97426,1.50,1.00
2016.12.16 16:15:12.577,0.97407,0.97425,1.50,1.00
2016.12.16 16:15:13.852,0.97405,0.97424,1.75,1.00
2016.12.16 16:15:13.952,0.97405,0.97424,1.50,1.00
2016.12.16 16:15:14.104,0.97405,0.97426,1.50,1.00
2016.12.16 16:15:14.154,0.97409,0.97429,1.00,1.50
2016.12.16 16:15:14.205,0.97409,0.97426,1.00,1.50
2016.12.16 16:15:14.508,0.97404,0.9742,1.00,1.00
2016.12.16 16:15:14.760,0.97395,0.97412,1.00,1.00
2016.12.16 16:15:14.861,0.9739,0.97412,2.10,1.00
2016.12.16 16:15:14.962,0.97389,0.97411,1.50,1.12
2016.12.16 16:15:16.754,0.97391,0.97413,1.75,1.12
2016.12.16 16:15:18.364,0.97391,0.97411,1.75,1.00
2016.12.16 16:15:18.566,0.97391,0.9741,1.00,1.12
2016.12.16 16:15:19.062,0.97389,0.9741,1.50,1.87
2016.12.16 16:15:19.215,0.97389,0.97409,1.00,1.37
2016.12.16 16:15:19.487,0.97386,0.97409,1.37,1.50
2016.12.16 16:15:20.017,0.97386,0.97407,1.50,1.00
2016.12.16 16:15:20.660,0.97385,0.97407,1.50,1.00
2016.12.16 16:15:21.216,0.97384,0.97407,1.00,1.50
2016.12.16 16:15:21.769,0.97384,0.97406,1.00,1.00
2016.12.16 16:15:22.206,0.97389,0.974,1.00,1.00
2016.12.16 16:15:22.257,0.97384,0.97402,1.00,1.00
2016.12.16 16:15:22.307,0.9738,0.97399,2.62,1.00
2016.12.16 16:15:22.358,0.97382,0.97399,1.00,1.00
2016.12.16 16:15:22.409,0.97376,0.97396,2.62,1.00
2016.12.16 16:15:22.460,0.97374,0.97395,3.37,1.50
2016.12.16 16:15:22.561,0.97372,0.9739,2.62,1.00
2016.12.16 16:15:22.713,0.97368,0.97387,2.25,1.12
2016.12.16 16:15:22.814,0.97364,0.97386,1.87,1.37
2016.12.16 16:15:22.864,0.97367,0.97386,1.00,1.75
2016.12.16 16:15:23.042,0.97367,0.97391,1.00,2.25
2016.12.16 16:15:23.194,0.97369,0.9739,1.00,1.50
2016.12.16 16:15:23.698,0.97371,0.97391,1.00,1.75
2016.12.16 16:15:23.849,0.97374,0.97393,1.00,1.00
2016.12.16 16:15:24.055,0.97375,0.97398,1.00,1.75
2016.12.16 16:15:24.271,0.97373,0.97398,2.25,2.25
2016.12.16 16:15:24.996,0.97374,0.97398,1.00,1.75
2016.12.16 16:15:25.537,0.97373,0.97398,1.50,2.25
2016.12.16 16:15:26.711,0.97372,0.97396,1.87,1.37
2016.12.16 16:15:27.221,0.97373,0.97396,1.00,1.37
2016.12.16 16:15:27.323,0.9737,0.97394,3.00,1.37
2016.12.16 16:15:27.868,0.97369,0.97392,1.00,1.00
2016.12.16 16:15:27.919,0.97369,0.97394,1.00,4.12
2016.12.16 16:15:28.359,0.97368,0.97394,1.50,2.25
2016.12.16 16:15:28.871,0.97369,0.97394,1.50,2.25
2016.12.16 16:15:29.420,0.97368,0.9739,1.50,1.00
2016.12.16 16:15:29.470,0.97364,0.97387,1.50,1.00
2016.12.16 16:15:29.772,0.97358,0.97381,1.87,1.75
2016.12.16 16:15:30.629,0.97362,0.97382,1.00,1.75
2016.12.16 16:15:30.780,0.97363,0.97382,1.00,1.00
2016.12.16 16:15:30.831,0.97363,0.97385,1.37,1.37
2016.12.16 16:15:30.982,0.97369,0.97388,1.00,1.00
2016.12.16 16:15:31.772,0.97369,0.97387,1.00,1.00
2016.12.16 16:15:32.074,0.97373,0.97387,1.00,1.12
2016.12.16 16:15:32.125,0.97368,0.97387,1.00,1.12
2016.12.16 16:15:32.629,0.97369,0.97387,1.00,1.00
2016.12.16 16:15:33.164,0.97368,0.97387,1.00,1.00
2016.12.16 16:15:34.114,0.97366,0.97387,1.00,1.00
2016.12.16 16:15:34.431,0.97368,0.97387,1.00,1.50
2016.12.16 16:15:34.973,0.97369,0.97387,1.00,1.50
2016.12.16 16:15:35.024,0.97365,0.97387,1.00,1.00
2016.12.16 16:15:35.075,0.97365,0.97387,1.50,1.00
2016.12.16 16:15:35.412,0.97369,0.97381,1.00,1.50
2016.12.16 16:15:35.678,0.97361,0.97382,1.00,1.00
2016.12.16 16:15:35.728,0.97363,0.97383,1.00,1.50
2016.12.16 16:15:36.245,0.97364,0.97383,1.00,1.50
2016.12.16 16:15:36.726,0.97369,0.97383,1.00,1.00
2016.12.16 16:15:36.878,0.97368,0.97385,1.00,1.50
2016.12.16 16:15:37.091,0.97368,0.97386,1.00,1.75
2016.12.16 16:15:37.429,0.97374,0.97385,1.00,1.00
2016.12.16 16:15:37.939,0.97368,0.97385,1.00,1.00
2016.12.16 16:15:38.587,0.97368,0.97385,1.00,2.25
2016.12.16 16:15:40.085,0.97364,0.97386,1.12,2.25
2016.12.16 16:15:40.186,0.97364,0.97382,1.12,1.00
2016.12.16 16:15:40.955,0.97364,0.97383,1.12,1.00
2016.12.16 16:15:41.477,0.97363,0.97382,1.37,1.00
2016.12.16 16:15:42.461,0.97361,0.97381,1.50,1.00
2016.12.16 16:15:42.512,0.9736,0.97379,1.87,1.00
2016.12.16 16:15:42.613,0.97359,0.97379,1.00,2.25
2016.12.16 16:15:42.907,0.97355,0.97378,1.12,3.00
2016.12.16 16:15:43.802,0.97359,0.97377,1.00,1.50
2016.12.16 16:15:43.852,0.97354,0.97378,2.62,1.75
2016.12.16 16:15:44.104,0.97358,0.97377,1.00,1.12
2016.12.16 16:15:44.417,0.97358,0.97377,1.00,2.25
2016.12.16 16:15:44.468,0.97355,0.97376,1.00,1.37
2016.12.16 16:15:45.013,0.97354,0.97375,1.12,1.37
2016.12.16 16:15:45.472,0.97356,0.97378,1.00,2.25
2016.12.16 16:15:45.600,0.97357,0.97378,1.00,1.50
2016.12.16 16:15:45.651,0.97359,0.97377,1.00,1.37
2016.12.16 16:15:46.369,0.97359,0.97375,1.00,1.12
2016.12.16 16:15:46.921,0.97359,0.97374,1.00,1.00
2016.12.16 16:15:47.133,0.97354,0.97374,1.00,3.00
2016.12.16 16:15:47.397,0.97353,0.97373,1.00,1.00
2016.12.16 16:15:47.899,0.97352,0.97374,1.00,1.00
2016.12.16 16:15:48.099,0.97358,0.97375,1.00,1.75
2016.12.16 16:15:48.150,0.97354,0.97373,1.00,1.12
2016.12.16 16:15:48.201,0.97354,0.97371,1.00,1.00
2016.12.16 16:15:48.504,0.97354,0.97369,1.00,1.50
2016.12.16 16:15:48.555,0.97349,0.97372,1.00,1.75
2016.12.16 16:15:49.015,0.9735,0.97373,1.00,2.25
2016.12.16 16:15:49.277,0.97353,0.97372,1.00,1.00
2016.12.16 16:15:49.556,0.9735,0.97372,1.00,1.00
2016.12.16 16:15:49.922,0.97359,0.97372,1.00,1.75
2016.12.16 16:15:50.216,0.97349,0.97372,1.50,2.25
2016.12.16 16:15:50.777,0.97349,0.97372,2.25,1.50
2016.12.16 16:15:51.029,0.97349,0.97371,1.12,1.50
2016.12.16 16:15:51.613,0.97349,0.97369,1.00,1.12
2016.12.16 16:15:51.800,0.97349,0.97371,1.00,1.50
2016.12.16 16:15:52.102,0.97349,0.9737,1.00,2.25
2016.12.16 16:15:52.505,0.97349,0.97372,1.37,1.50
2016.12.16 16:15:54.108,0.97349,0.97373,1.00,3.37
2016.12.16 16:15:56.815,0.97348,0.97369,1.00,1.50
2016.12.16 16:15:57.318,0.97349,0.97369,1.00,1.50
2016.12.16 16:15:58.745,0.97348,0.97369,1.00,2.25
2016.12.16 16:15:59.165,0.97353,0.9737,1.00,1.75
2016.12.16 16:16:00.105,0.97353,0.97369,1.00,1.12
2016.12.16 16:16:00.501,0.97353,0.97372,1.37,1.12
2016.12.16 16:16:00.552,0.97359,0.97372,1.00,1.00
2016.12.16 16:16:00.804,0.97349,0.9737,3.00,1.00
2016.12.16 16:16:01.132,0.97348,0.97369,1.00,1.00
2016.12.16 16:16:01.366,0.97348,0.97371,1.00,1.50
2016.12.16 16:16:01.417,0.97346,0.97371,2.62,1.75
2016.12.16 16:16:03.406,0.97346,0.97367,1.00,1.37
2016.12.16 16:16:03.802,0.97341,0.97365,1.37,1.50
2016.12.16 16:16:03.903,0.97344,0.97366,1.00,1.75
2016.12.16 16:16:04.426,0.97348,0.97365,1.00,1.00
2016.12.16 16:16:04.628,0.97343,0.97367,2.25,1.37
2016.12.16 16:16:04.830,0.97354,0.97366,1.00,1.50
2016.12.16 16:16:04.880,0.97348,0.97365,1.00,1.00
2016.12.16 16:16:05.033,0.97344,0.97365,1.00,1.50
2016.12.16 16:16:05.435,0.97344,0.97365,1.12,1.12
2016.12.16 16:16:05.637,0.97344,0.97365,1.00,2.25
2016.12.16 16:16:05.940,0.97343,0.97364,1.50,1.00
2016.12.16 16:16:06.091,0.97349,0.97367,1.00,1.75
2016.12.16 16:16:06.236,0.97344,0.97368,1.50,2.62
2016.12.16 16:16:06.337,0.97344,0.97366,1.50,1.00
2016.12.16 16:16:06.639,0.97349,0.97367,1.00,2.25
2016.12.16 16:16:06.790,0.97343,0.97365,1.12,1.50
2016.12.16 16:16:08.462,0.97343,0.97364,1.12,1.50
2016.12.16 16:16:08.512,0.97343,0.97363,1.00,1.50
2016.12.16 16:16:10.026,0.97343,0.97365,1.00,3.00
2016.12.16 16:16:10.442,0.97343,0.97364,1.00,1.75
2016.12.16 16:16:10.890,0.97345,0.97364,1.00,1.75
2016.12.16 16:16:11.042,0.97347,0.9737,1.00,1.75
2016.12.16 16:16:11.142,0.97349,0.97372,1.12,1.50
2016.12.16 16:16:11.445,0.97346,0.97368,1.00,1.00
2016.12.16 16:16:11.495,0.97349,0.97368,1.00,1.00
2016.12.16 16:16:11.840,0.97353,0.97368,1.00,1.00
2016.12.16 16:16:11.942,0.97348,0.97368,1.00,1.00
2016.12.16 16:16:12.352,0.97349,0.97369,1.00,1.75
2016.12.16 16:16:12.554,0.97349,0.97369,1.00,1.37
2016.12.16 16:16:13.119,0.97348,0.97368,1.00,1.00
2016.12.16 16:16:13.839,0.97348,0.97371,1.87,1.37
2016.12.16 16:16:14.041,0.97353,0.97373,1.00,1.50
2016.12.16 16:16:14.091,0.97348,0.97372,3.00,1.87
2016.12.16 16:16:14.142,0.97349,0.97372,2.25,1.12
2016.12.16 16:16:14.329,0.97353,0.97372,1.12,1.00
2016.12.16 16:16:14.841,0.97353,0.97376,1.12,2.25
2016.12.16 16:16:15.173,0.97353,0.97372,1.12,1.37
2016.12.16 16:16:15.224,0.9735,0.9737,1.00,1.00
2016.12.16 16:16:15.325,0.97348,0.9737,1.50,1.75
2016.12.16 16:16:15.667,0.97349,0.97368,1.00,1.37
2016.12.16 16:16:15.769,0.97349,0.97369,1.12,1.12
2016.12.16 16:16:15.971,0.97349,0.97369,1.00,1.75
2016.12.16 16:16:16.477,0.97349,0.9737,1.00,1.87
2016.12.16 16:16:16.527,0.97349,0.9737,1.12,1.12
2016.12.16 16:16:16.628,0.97349,0.97372,1.00,1.75
2016.12.16 16:16:17.143,0.97348,0.97372,1.87,1.75
2016.12.16 16:16:17.445,0.97359,0.97376,1.00,1.75
2016.12.16 16:16:17.957,0.97359,0.97377,1.00,1.75
2016.12.16 16:16:18.489,0.97359,0.97377,1.00,1.75
2016.12.16 16:16:19.435,0.97353,0.97378,1.87,2.25
2016.12.16 16:16:19.795,0.97358,0.97374,1.00,1.00
2016.12.16 16:16:20.148,0.97353,0.97369,1.50,1.00
2016.12.16 16:16:20.249,0.97354,0.97372,1.00,1.50
2016.12.16 16:16:20.299,0.97354,0.97373,1.00,2.25
2016.12.16 16:16:20.785,0.97354,0.97374,1.00,1.50
2016.12.16 16:16:20.886,0.97354,0.97374,1.00,1.00
2016.12.16 16:16:21.138,0.97359,0.97374,1.00,1.75
2016.12.16 16:16:21.504,0.97359,0.97375,1.00,1.50
2016.12.16 16:16:21.554,0.97359,0.97375,1.00,1.50
2016.12.16 16:16:21.657,0.97359,0.97375,1.00,1.50
2016.12.16 16:16:22.215,0.97358,0.97375,1.00,1.50
2016.12.16 16:16:22.266,0.97358,0.97371,1.00,1.00
2016.12.16 16:16:22.316,0.97353,0.9737,1.12,1.00
2016.12.16 16:16:22.367,0.97353,0.97369,1.00,1.37
2016.12.16 16:16:22.901,0.97354,0.97372,1.00,1.75
2016.12.16 16:16:22.952,0.97354,0.97374,1.00,3.37
2016.12.16 16:16:23.053,0.97354,0.97373,1.00,1.75
2016.12.16 16:16:23.394,0.97354,0.9737,1.00,1.37
2016.12.16 16:16:23.782,0.97354,0.97372,1.00,1.37
2016.12.16 16:16:23.884,0.97354,0.97372,1.00,1.12
2016.12.16 16:16:23.935,0.9735,0.97371,1.50,1.00
2016.12.16 16:16:23.985,0.97348,0.97369,1.87,1.00
2016.12.16 16:16:24.087,0.97348,0.97368,1.50,1.00
2016.12.16 16:16:24.304,0.97348,0.9737,1.00,1.12
2016.12.16 16:16:24.405,0.9735,0.97372,1.00,2.25
2016.12.16 16:16:24.759,0.97353,0.97374,1.00,1.75
2016.12.16 16:16:26.011,0.97354,0.97373,1.00,1.75
2016.12.16 16:16:26.352,0.97354,0.97371,1.00,1.75
2016.12.16 16:16:26.672,0.97359,0.97374,1.00,2.25
2016.12.16 16:16:26.773,0.97359,0.97373,1.00,1.12
2016.12.16 16:16:26.824,0.9735,0.97373,1.50,1.12
2016.12.16 16:16:27.026,0.97353,0.97375,1.00,1.75
2016.12.16 16:16:27.351,0.97351,0.97371,1.12,1.00
2016.12.16 16:16:27.653,0.97344,0.97365,1.12,1.12
2016.12.16 16:16:27.704,0.97344,0.97363,1.12,1.00
2016.12.16 16:16:27.905,0.9734,0.97361,1.50,1.12
2016.12.16 16:16:28.215,0.97344,0.97363,1.00,1.75
2016.12.16 16:16:28.526,0.97349,0.97368,1.00,3.37
2016.12.16 16:16:28.577,0.97349,0.97368,1.00,2.25
2016.12.16 16:16:28.880,0.97345,0.97366,1.00,1.30
2016.12.16 16:16:28.930,0.97349,0.97366,1.00,1.72
2016.12.16 16:16:29.256,0.97349,0.97365,1.00,1.75
2016.12.16 16:16:29.560,0.97339,0.97358,1.00,1.00
2016.12.16 16:16:29.661,0.97343,0.97358,1.00,1.00
2016.12.16 16:16:29.913,0.97341,0.97358,1.00,1.00
2016.12.16 16:16:29.964,0.97349,0.97358,1.00,1.00
2016.12.16 16:16:30.065,0.97349,0.9736,1.00,1.00
2016.12.16 16:16:30.166,0.97339,0.9736,1.00,1.87
2016.12.16 16:16:30.267,0.97344,0.97359,1.00,1.50
2016.12.16 16:16:30.814,0.97344,0.97361,1.00,2.62
2016.12.16 16:16:31.318,0.97344,0.97363,1.00,4.87
2016.12.16 16:16:31.914,0.97339,0.97361,1.00,1.75
2016.12.16 16:16:31.965,0.97349,0.97361,1.00,1.75
2016.12.16 16:16:32.015,0.97343,0.97362,1.00,1.75
2016.12.16 16:16:32.066,0.97348,0.97363,1.00,3.37
2016.12.16 16:16:32.116,0.97348,0.97366,1.00,2.25
2016.12.16 16:16:32.318,0.9735,0.97366,1.00,1.50
2016.12.16 16:16:32.489,0.97353,0.97369,1.00,1.12
2016.12.16 16:16:32.743,0.97349,0.97371,1.87,1.35
2016.12.16 16:16:32.945,0.97354,0.9737,1.00,1.50
2016.12.16 16:16:33.624,0.97349,0.9737,1.12,1.50
2016.12.16 16:16:33.775,0.97354,0.97371,1.00,1.35
2016.12.16 16:16:34.078,0.97354,0.97371,1.00,2.10
2016.12.16 16:16:34.329,0.97349,0.97372,1.00,1.75
2016.12.16 16:16:34.430,0.97351,0.97372,1.00,2.25
2016.12.16 16:16:34.839,0.97349,0.97369,1.00,2.85
2016.12.16 16:16:34.889,0.97348,0.97369,1.00,2.85
2016.12.16 16:16:35.202,0.97348,0.97367,1.00,2.25
2016.12.16 16:16:35.405,0.97348,0.97364,1.00,1.00
2016.12.16 16:16:35.657,0.97345,0.97367,1.12,1.75
2016.12.16 16:16:35.909,0.97348,0.97366,1.00,3.00
2016.12.16 16:16:36.132,0.97348,0.97366,1.00,2.25
2016.12.16 16:16:36.183,0.97354,0.97367,1.00,2.25
2016.12.16 16:16:36.687,0.97354,0.97367,1.00,3.37
2016.12.16 16:16:36.990,0.97353,0.9737,1.00,2.62
2016.12.16 16:16:37.041,0.97353,0.97372,1.00,2.62
2016.12.16 16:16:37.211,0.97359,0.97375,1.00,3.37
2016.12.16 16:16:37.844,0.97354,0.97373,1.00,2.25
2016.12.16 16:16:37.894,0.97354,0.97373,1.00,2.25
2016.12.16 16:16:37.995,0.97349,0.97367,1.00,1.00
2016.12.16 16:16:38.210,0.97349,0.97367,1.00,1.37
2016.12.16 16:16:38.361,0.97344,0.97368,2.25,2.25
2016.12.16 16:16:38.613,0.97344,0.97365,1.00,1.35
2016.12.16 16:16:39.182,0.97343,0.97364,1.12,1.50
2016.12.16 16:16:39.502,0.97345,0.97365,1.00,2.25
2016.12.16 16:16:39.910,0.97343,0.97365,1.50,1.75
2016.12.16 16:16:40.065,0.9734,0.97365,1.37,3.00
2016.12.16 16:16:40.216,0.97344,0.97364,1.00,1.75
2016.12.16 16:16:40.565,0.97349,0.97365,1.00,1.00
2016.12.16 16:16:41.069,0.97349,0.97367,1.00,1.37
2016.12.16 16:16:41.718,0.97354,0.9737,1.00,2.62
2016.12.16 16:16:41.819,0.97354,0.97369,1.00,1.12
2016.12.16 16:16:42.021,0.97353,0.9737,1.00,1.75
2016.12.16 16:16:42.121,0.97348,0.97368,1.00,1.00
2016.12.16 16:16:42.172,0.97354,0.97368,1.00,1.00
2016.12.16 16:16:42.962,0.9735,0.97368,1.00,1.00
2016.12.16 16:16:43.015,0.97359,0.97371,1.00,1.50
2016.12.16 16:16:43.116,0.97354,0.97373,1.00,1.75
2016.12.16 16:16:43.318,0.97353,0.97374,1.00,1.75
2016.12.16 16:16:43.620,0.97354,0.97368,1.00,1.00
2016.12.16 16:16:44.023,0.97348,0.97368,1.00,1.00
2016.12.16 16:16:44.182,0.97353,0.97368,1.00,1.00
2016.12.16 16:16:44.497,0.97349,0.97368,1.00,1.00
2016.12.16 16:16:44.648,0.97348,0.97366,1.00,1.00
2016.12.16 16:16:45.161,0.97345,0.97366,1.00,1.00
2016.12.16 16:16:45.699,0.97346,0.97366,1.00,1.00
2016.12.16 16:16:45.800,0.97344,0.97364,1.50,1.00
2016.12.16 16:16:45.951,0.97341,0.97363,1.00,1.50
2016.12.16 16:16:46.052,0.9734,0.97364,1.00,2.25
2016.12.16 16:16:46.355,0.97344,0.97362,1.50,1.00
2016.12.16 16:16:46.556,0.97345,0.97367,1.00,1.50
2016.12.16 16:16:47.061,0.97345,0.97367,1.00,1.00
2016.12.16 16:16:47.446,0.97345,0.97364,1.00,1.00
2016.12.16 16:16:47.749,0.97343,0.97369,2.62,3.37
2016.12.16 16:16:47.849,0.97343,0.97367,3.75,1.12
2016.12.16 16:16:48.219,0.97346,0.97367,1.37,1.00
2016.12.16 16:16:48.370,0.97344,0.97368,1.75,1.75
2016.12.16 16:16:48.421,0.97343,0.97367,1.75,1.50
2016.12.16 16:16:48.585,0.97342,0.97367,3.00,1.12
2016.12.16 16:16:48.741,0.97343,0.97366,1.87,1.75
2016.12.16 16:16:49.255,0.97344,0.97363,2.25,1.00
2016.12.16 16:16:49.557,0.97348,0.97368,1.00,1.00
2016.12.16 16:16:49.658,0.97346,0.97368,1.50,1.00
2016.12.16 16:16:49.960,0.97346,0.9737,1.00,4.12
2016.12.16 16:16:50.274,0.97346,0.97368,1.00,1.00
2016.12.16 16:16:50.758,0.97346,0.9737,1.00,3.37
2016.12.16 16:16:50.859,0.97347,0.97368,1.00,1.00
2016.12.16 16:16:51.010,0.97349,0.97371,1.50,2.25
2016.12.16 16:16:51.352,0.97358,0.97371,1.00,1.75
2016.12.16 16:16:51.569,0.97354,0.9737,1.00,1.75
2016.12.16 16:16:51.777,0.97354,0.97372,1.00,2.25
2016.12.16 16:16:51.828,0.97346,0.97369,1.75,1.00
2016.12.16 16:16:51.979,0.97346,0.97369,1.50,1.50
2016.12.16 16:16:52.031,0.97346,0.97369,1.50,1.50
2016.12.16 16:16:52.333,0.97349,0.97371,1.00,4.12
2016.12.16 16:16:52.462,0.97346,0.97371,1.12,4.12
2016.12.16 16:16:52.664,0.97349,0.97369,1.00,1.75
2016.12.16 16:16:52.798,0.97346,0.97366,1.00,1.00
2016.12.16 16:16:52.849,0.9735,0.97373,1.00,1.75
2016.12.16 16:16:53.152,0.97352,0.97369,1.00,1.12
2016.12.16 16:16:53.203,0.97349,0.9737,1.12,1.87
2016.12.16 16:16:53.253,0.9735,0.9737,1.00,1.75
2016.12.16 16:16:53.555,0.97354,0.97372,1.00,1.50
2016.12.16 16:16:54.084,0.97353,0.97373,1.00,1.75
2016.12.16 16:16:54.349,0.97353,0.97373,1.00,1.12
2016.12.16 16:16:55.015,0.97354,0.97374,1.00,1.50
2016.12.16 16:16:55.669,0.97354,0.97374,1.00,1.75
2016.12.16 16:16:56.038,0.97349,0.9737,1.50,1.00
2016.12.16 16:16:56.139,0.97353,0.97369,1.00,1.00
2016.12.16 16:16:56.240,0.97348,0.97369,1.12,1.12
2016.12.16 16:16:56.291,0.97348,0.97369,1.00,1.75
2016.12.16 16:16:56.632,0.97354,0.9737,1.00,2.25
2016.12.16 16:16:56.783,0.97354,0.97372,1.00,1.75
2016.12.16 16:16:56.884,0.97351,0.97372,1.00,2.25
2016.12.16 16:16:56.985,0.97352,0.97374,1.00,1.50
2016.12.16 16:16:57.086,0.97352,0.97373,1.00,1.75
2016.12.16 16:16:57.389,0.97359,0.97375,1.00,1.00
2016.12.16 16:16:57.695,0.97357,0.97377,1.00,1.75
2016.12.16 16:16:57.847,0.97354,0.97375,1.00,1.50
2016.12.16 16:16:57.948,0.97354,0.97375,1.00,1.50
2016.12.16 16:16:58.250,0.97357,0.97376,1.00,1.75
2016.12.16 16:16:58.351,0.97358,0.97378,1.00,1.87
2016.12.16 16:16:58.402,0.97358,0.97379,1.00,1.12
2016.12.16 16:16:58.453,0.97358,0.97379,1.00,1.75
2016.12.16 16:16:58.794,0.97359,0.97379,1.00,1.37
2016.12.16 16:16:59.619,0.97357,0.97379,1.37,1.37
2016.12.16 16:16:59.878,0.97357,0.97378,1.00,2.25
2016.12.16 16:17:00.353,0.97371,0.97375,1.00,1.00
2016.12.16 16:17:00.404,0.97367,0.97379,1.00,2.62
2016.12.16 16:17:00.455,0.97364,0.9738,1.00,4.50
2016.12.16 16:17:00.506,0.97366,0.9738,1.00,2.62
2016.12.16 16:17:00.556,0.97366,0.97382,1.00,2.62
2016.12.16 16:17:00.607,0.97368,0.97386,1.00,1.75
2016.12.16 16:17:00.708,0.97366,0.97386,1.00,1.75
2016.12.16 16:17:00.759,0.97369,0.97386,1.00,1.75
2016.12.16 16:17:00.955,0.97367,0.97386,1.00,1.75
2016.12.16 16:17:01.056,0.97365,0.97385,1.37,1.37
2016.12.16 16:17:01.157,0.97364,0.97385,1.50,2.62
2016.12.16 16:17:01.308,0.97364,0.97385,1.50,1.75
2016.12.16 16:17:01.409,0.97364,0.97384,1.50,1.00
2016.12.16 16:17:01.927,0.97364,0.97384,1.00,1.50
2016.12.16 16:17:02.028,0.97366,0.97387,1.00,3.37
2016.12.16 16:17:02.179,0.97364,0.97386,1.50,1.75
2016.12.16 16:17:02.331,0.97369,0.97385,1.00,1.75
2016.12.16 16:17:03.159,0.97362,0.97383,1.12,1.37
2016.12.16 16:17:03.260,0.97368,0.97384,1.00,1.50
2016.12.16 16:17:03.362,0.97364,0.97386,1.00,1.75
2016.12.16 16:17:03.464,0.97364,0.97387,1.00,1.75
2016.12.16 16:17:03.515,0.97366,0.97386,1.00,1.00
2016.12.16 16:17:03.820,0.97369,0.97387,1.00,2.62
2016.12.16 16:17:03.871,0.97369,0.9739,1.00,3.37
2016.12.16 16:17:03.921,0.97372,0.9739,1.00,3.37
2016.12.16 16:17:03.972,0.97372,0.9739,1.00,1.00
2016.12.16 16:17:04.023,0.97374,0.9739,1.00,1.00
2016.12.16 16:17:04.400,0.9737,0.97391,1.00,1.75
2016.12.16 16:17:04.451,0.97372,0.97391,1.00,1.75
2016.12.16 16:17:04.755,0.97376,0.97395,1.00,3.37
2016.12.16 16:17:04.805,0.97375,0.97396,1.00,2.25
2016.12.16 16:17:04.856,0.97371,0.97391,1.50,1.00
2016.12.16 16:17:04.907,0.97374,0.97395,1.00,1.75
2016.12.16 16:17:05.009,0.97372,0.97394,1.00,1.75
2016.12.16 16:17:05.112,0.97372,0.97394,1.12,1.75
2016.12.16 16:17:05.491,0.97374,0.97391,1.00,1.00
2016.12.16 16:17:05.542,0.97371,0.97391,1.00,1.00
2016.12.16 16:17:05.644,0.97373,0.97391,1.00,1.00
2016.12.16 16:17:05.997,0.97374,0.97396,1.50,1.75
2016.12.16 16:17:06.048,0.97376,0.97396,1.00,1.75
2016.12.16 16:17:06.099,0.97375,0.97398,1.00,1.50
2016.12.16 16:17:06.200,0.97377,0.97398,1.00,2.25
2016.12.16 16:17:06.520,0.97376,0.974,1.37,1.75
2016.12.16 16:17:06.571,0.97375,0.97398,1.12,1.37
2016.12.16 16:17:06.621,0.97378,0.97397,1.00,1.00
2016.12.16 16:17:06.823,0.97375,0.97399,1.50,2.25
2016.12.16 16:17:07.181,0.97379,0.974,1.00,1.75
2016.12.16 16:17:07.499,0.97385,0.97402,1.00,3.00
2016.12.16 16:17:07.550,0.97383,0.97403,1.00,1.12
2016.12.16 16:17:07.702,0.9738,0.97402,1.00,1.00
2016.12.16 16:17:07.752,0.97382,0.97402,1.00,1.00
2016.12.16 16:17:08.207,0.9738,0.974,1.00,1.00
2016.12.16 16:17:08.974,0.97379,0.974,1.50,1.00
2016.12.16 16:17:09.377,0.97377,0.97399,1.00,1.87
2016.12.16 16:17:09.680,0.97376,0.97399,1.50,2.25
2016.12.16 16:17:09.731,0.97377,0.97396,1.00,1.00
2016.12.16 16:17:10.191,0.97375,0.97399,1.00,1.75
2016.12.16 16:17:10.646,0.97373,0.97398,2.62,1.75
2016.12.16 16:17:10.697,0.97376,0.97398,1.00,1.75
2016.12.16 16:17:10.798,0.97377,0.97396,1.00,1.00
2016.12.16 16:17:11.116,0.97375,0.97396,1.00,1.50
2016.12.16 16:17:11.167,0.97378,0.97399,1.00,1.75
2016.12.16 16:17:11.318,0.97376,0.97401,1.37,1.75
2016.12.16 16:17:11.984,0.97378,0.97401,1.00,1.75
2016.12.16 16:17:12.085,0.97378,0.97399,1.12,1.00
2016.12.16 16:17:12.505,0.97376,0.97397,1.50,1.00
2016.12.16 16:17:12.707,0.97374,0.97397,1.75,1.50
2016.12.16 16:17:13.217,0.97373,0.97396,1.50,1.75
2016.12.16 16:17:14.821,0.97376,0.97398,1.00,1.75
2016.12.16 16:17:15.188,0.97374,0.97397,1.12,1.75
2016.12.16 16:17:15.289,0.97374,0.97397,1.37,1.50
2016.12.16 16:17:15.339,0.97374,0.97397,1.50,1.12
2016.12.16 16:17:16.930,0.97374,0.97396,1.50,1.00
2016.12.16 16:17:16.980,0.97372,0.97394,2.25,1.00
2016.12.16 16:17:17.131,0.97371,0.97395,1.75,1.50
2016.12.16 16:17:17.282,0.97371,0.97392,1.75,1.00
2016.12.16 16:17:17.434,0.97371,0.97392,1.50,1.12
2016.12.16 16:17:17.815,0.9737,0.97392,1.00,1.00
2016.12.16 16:17:17.868,0.97373,0.97392,1.00,1.00
2016.12.16 16:17:17.969,0.9737,0.97392,1.00,1.50
2016.12.16 16:17:18.020,0.9737,0.9739,1.00,1.00
2016.12.16 16:17:18.524,0.97371,0.97394,1.87,1.75
2016.12.16 16:17:18.726,0.97373,0.97395,1.12,1.00
2016.12.16 16:17:19.138,0.97375,0.97396,1.00,1.12
2016.12.16 16:17:19.642,0.97374,0.97395,1.00,1.50
2016.12.16 16:17:20.516,0.97374,0.97395,1.00,1.00
2016.12.16 16:17:21.412,0.97375,0.97397,1.75,1.00
2016.12.16 16:17:21.722,0.9737,0.97392,1.50,1.00
2016.12.16 16:17:21.974,0.97373,0.97392,1.00,1.00
2016.12.16 16:17:22.427,0.97374,0.97396,1.00,1.75
2016.12.16 16:17:22.629,0.97372,0.97396,1.87,1.75
2016.12.16 16:17:22.854,0.97375,0.97397,1.12,1.75
2016.12.16 16:17:27.328,0.97374,0.97396,1.50,1.75
2016.12.16 16:17:27.907,0.97378,0.97395,1.00,1.75
2016.12.16 16:17:28.058,0.97378,0.97398,1.00,1.50
2016.12.16 16:17:28.109,0.97376,0.97398,1.00,1.50
2016.12.16 16:17:28.634,0.97375,0.97396,1.12,1.12
2016.12.16 16:17:30.050,0.97376,0.97399,1.00,1.75
2016.12.16 16:17:30.365,0.97374,0.97395,1.00,1.75
2016.12.16 16:17:30.567,0.97369,0.97394,2.25,1.75
2016.12.16 16:17:30.618,0.97369,0.9739,1.50,1.00
2016.12.16 16:17:31.121,0.9737,0.97389,1.00,1.12
2016.12.16 16:17:31.429,0.97367,0.97389,1.12,1.75
2016.12.16 16:17:31.614,0.9737,0.97391,1.00,2.25
2016.12.16 16:17:32.140,0.97371,0.97391,1.00,2.25
2016.12.16 16:17:32.605,0.97368,0.97392,1.00,2.25
2016.12.16 16:17:33.066,0.97368,0.97385,1.00,1.00
2016.12.16 16:17:33.637,0.97365,0.97385,1.00,1.00
2016.12.16 16:17:33.688,0.97363,0.97385,1.50,1.00
2016.12.16 16:17:33.839,0.97365,0.97385,1.00,1.75
2016.12.16 16:17:34.041,0.97366,0.97386,1.00,1.00
2016.12.16 16:17:34.297,0.97368,0.97386,1.00,1.00
2016.12.16 16:17:34.448,0.97366,0.97386,1.00,1.00
2016.12.16 16:17:34.742,0.97364,0.97384,1.50,1.00
2016.12.16 16:17:34.944,0.97362,0.97384,1.00,1.00
2016.12.16 16:17:34.994,0.97365,0.97384,1.00,1.00
2016.12.16 16:17:35.297,0.97364,0.97387,1.00,4.12
2016.12.16 16:17:35.676,0.97367,0.97387,1.00,2.62
2016.12.16 16:17:35.777,0.97367,0.97388,1.00,1.75
2016.12.16 16:17:36.306,0.97365,0.97388,1.00,1.75
2016.12.16 16:17:36.457,0.97364,0.97386,1.00,1.75
2016.12.16 16:17:36.801,0.97366,0.97386,1.12,1.12
2016.12.16 16:17:37.059,0.97364,0.97386,1.87,1.50
2016.12.16 16:17:37.577,0.97365,0.97386,1.00,1.50
2016.12.16 16:17:37.979,0.97366,0.97388,1.12,1.50
2016.12.16 16:17:38.080,0.97366,0.97388,1.00,1.75
2016.12.16 16:17:38.620,0.97367,0.97384,1.00,1.00
2016.12.16 16:17:38.670,0.97367,0.97389,1.00,3.75
2016.12.16 16:17:38.771,0.97364,0.97388,1.50,1.75
2016.12.16 16:17:38.822,0.97363,0.97383,1.12,1.00
2016.12.16 16:17:38.873,0.97363,0.97386,1.12,1.12
2016.12.16 16:17:38.923,0.97361,0.97383,1.75,1.00
2016.12.16 16:17:39.268,0.97362,0.97381,1.00,1.00
2016.12.16 16:17:39.584,0.97366,0.97383,1.00,1.00
2016.12.16 16:17:39.736,0.97364,0.97383,1.00,1.00
2016.12.16 16:17:39.887,0.97369,0.97384,1.00,1.00
2016.12.16 16:17:39.937,0.97364,0.97385,1.00,1.00
2016.12.16 16:17:39.988,0.97363,0.97385,1.00,1.75
2016.12.16 16:17:40.290,0.97365,0.97386,1.00,1.75
2016.12.16 16:17:40.546,0.97362,0.97386,1.00,1.75
2016.12.16 16:17:40.780,0.97362,0.97386,1.00,4.87
2016.12.16 16:17:41.666,0.97362,0.97386,1.00,1.75
2016.12.16 16:17:41.716,0.97364,0.97387,1.00,2.25
2016.12.16 16:17:41.767,0.97364,0.97384,1.00,1.00
2016.12.16 16:17:42.358,0.97363,0.97384,1.00,1.00
2016.12.16 16:17:42.861,0.97363,0.97385,1.00,1.00
2016.12.16 16:17:42.962,0.97363,0.97383,1.00,1.00
2016.12.16 16:17:44.414,0.97364,0.97383,1.00,1.00
2016.12.16 16:17:44.767,0.97358,0.97384,3.00,1.12
2016.12.16 16:17:44.991,0.97358,0.97381,1.75,1.00
2016.12.16 16:17:45.092,0.97358,0.97378,1.00,1.00
2016.12.16 16:17:45.708,0.9736,0.97378,1.00,1.00
2016.12.16 16:17:46.252,0.97361,0.97382,1.00,1.75
2016.12.16 16:17:46.994,0.97361,0.97383,1.00,1.75
2016.12.16 16:17:47.506,0.97359,0.97381,1.00,2.25
2016.12.16 16:17:48.114,0.97379,0.97385,1.00,1.00
2016.12.16 16:17:48.165,0.97376,0.97383,1.00,1.00
2016.12.16 16:17:48.215,0.97375,0.97382,1.00,1.00
2016.12.16 16:17:48.418,0.97376,0.974,1.00,1.75
2016.12.16 16:17:48.519,0.97374,0.97399,1.87,1.75
2016.12.16 16:17:48.620,0.97379,0.974,1.00,1.75
2016.12.16 16:17:48.923,0.97382,0.97406,1.50,1.75
2016.12.16 16:17:49.181,0.97387,0.97405,1.00,1.75
2016.12.16 16:17:49.232,0.97383,0.97404,1.50,1.00
2016.12.16 16:17:49.434,0.97384,0.97409,1.00,1.75
2016.12.16 16:17:49.485,0.97382,0.97409,1.87,2.25
2016.12.16 16:17:49.686,0.97379,0.97402,1.37,1.37
2016.12.16 16:17:49.870,0.97378,0.97402,1.87,1.75
2016.12.16 16:17:49.921,0.97382,0.97402,1.00,1.75
2016.12.16 16:17:50.489,0.97381,0.97407,1.00,4.12
2016.12.16 16:17:50.996,0.97379,0.97404,1.87,1.75
2016.12.16 16:17:51.199,0.97379,0.97404,2.25,2.25
2016.12.16 16:17:51.743,0.97378,0.97403,1.87,1.75
2016.12.16 16:17:52.046,0.9738,0.97401,1.00,1.50
2016.12.16 16:17:53.839,0.97377,0.97399,1.00,1.00
2016.12.16 16:17:53.890,0.97384,0.97399,1.00,1.00
2016.12.16 16:17:54.041,0.9738,0.97399,1.00,1.00
2016.12.16 16:17:54.247,0.97383,0.97399,1.00,1.00
2016.12.16 16:17:54.410,0.97383,0.97406,1.50,1.75
2016.12.16 16:17:54.989,0.97385,0.97404,1.00,1.75
2016.12.16 16:17:55.089,0.97384,0.97404,1.00,1.50
2016.12.16 16:17:55.140,0.97384,0.97403,1.00,1.37
2016.12.16 16:17:55.345,0.97378,0.97401,1.50,1.00
2016.12.16 16:17:55.542,0.97384,0.97407,2.25,3.37
2016.12.16 16:17:55.643,0.97385,0.97408,1.50,2.25
2016.12.16 16:17:55.744,0.97386,0.9741,1.00,1.75
2016.12.16 16:17:55.895,0.97389,0.9741,1.50,2.25
2016.12.16 16:17:55.946,0.97387,0.9741,1.00,3.00
2016.12.16 16:17:56.147,0.97385,0.97407,1.00,1.50
2016.12.16 16:17:56.298,0.97387,0.97408,1.00,1.75
2016.12.16 16:17:56.622,0.97389,0.97409,1.00,1.75
2016.12.16 16:17:56.927,0.97386,0.97408,1.00,1.50
2016.12.16 16:17:57.182,0.97384,0.97407,1.00,1.37
2016.12.16 16:17:57.233,0.97384,0.97407,1.00,1.87
2016.12.16 16:17:57.780,0.97388,0.97406,1.00,1.37
2016.12.16 16:17:57.831,0.97388,0.97406,1.00,1.00
2016.12.16 16:17:58.354,0.97385,0.97407,1.00,1.12
2016.12.16 16:17:58.539,0.97389,0.97407,1.00,1.50
2016.12.16 16:17:58.937,0.97384,0.97407,1.50,2.25
2016.12.16 16:17:59.038,0.97388,0.97407,1.00,1.50
2016.12.16 16:18:00.423,0.97389,0.9741,1.00,1.75
2016.12.16 16:18:00.703,0.97387,0.9741,1.00,1.75
2016.12.16 16:18:00.854,0.97385,0.9741,1.00,2.25
2016.12.16 16:18:00.905,0.97389,0.9741,1.00,2.25
2016.12.16 16:18:01.736,0.97384,0.97407,1.00,1.50
2016.12.16 16:18:02.273,0.97384,0.97407,1.00,1.00
2016.12.16 16:18:03.049,0.97384,0.97406,1.00,1.37
2016.12.16 16:18:03.402,0.97394,0.97405,1.00,1.12
2016.12.16 16:18:03.453,0.97388,0.97404,1.00,1.12
2016.12.16 16:18:03.504,0.97384,0.97404,1.00,1.50
2016.12.16 16:18:03.555,0.97384,0.97402,1.00,1.12
2016.12.16 16:18:03.858,0.97388,0.97405,1.00,1.37
2016.12.16 16:18:03.959,0.97381,0.97404,1.12,1.12
2016.12.16 16:18:04.060,0.9738,0.97401,1.00,1.12
2016.12.16 16:18:04.601,0.97379,0.97398,1.00,1.00
2016.12.16 16:18:04.752,0.97374,0.97398,3.00,1.00
2016.12.16 16:18:06.286,0.97374,0.97395,2.25,1.00
2016.12.16 16:18:06.623,0.97378,0.97395,1.00,1.00
2016.12.16 16:18:07.137,0.97379,0.97395,1.00,1.00
2016.12.16 16:18:07.643,0.97378,0.97395,1.00,1.00
2016.12.16 16:18:07.977,0.97379,0.97397,1.00,1.12
2016.12.16 16:18:08.028,0.97374,0.97397,1.00,1.12
2016.12.16 16:18:08.280,0.97379,0.97397,1.00,1.00
2016.12.16 16:18:09.128,0.97379,0.97398,1.00,1.12
2016.12.16 16:18:09.660,0.97379,0.97397,1.00,1.00
2016.12.16 16:18:09.970,0.97378,0.97395,1.00,1.00
2016.12.16 16:18:10.400,0.97375,0.97397,1.00,1.50
2016.12.16 16:18:11.024,0.97374,0.97397,1.00,1.50
2016.12.16 16:18:11.382,0.97374,0.97396,1.00,1.37
2016.12.16 16:18:12.103,0.97374,0.97397,1.00,1.75
2016.12.16 16:18:12.153,0.97374,0.97396,1.00,1.12
2016.12.16 16:18:13.008,0.97375,0.97397,1.00,1.37
2016.12.16 16:18:15.013,0.97374,0.97398,1.50,1.50
2016.12.16 16:18:15.228,0.97374,0.97396,1.50,2.25
2016.12.16 16:18:17.172,0.97373,0.97395,1.50,1.75
2016.12.16 16:18:17.651,0.97375,0.97396,1.00,4.50
2016.12.16 16:18:17.954,0.97373,0.97394,1.00,1.12
2016.12.16 16:18:18.126,0.97375,0.97397,1.00,2.25
2016.12.16 16:18:18.554,0.97373,0.97395,1.00,2.25
2016.12.16 16:18:18.604,0.97379,0.97395,1.00,2.25
2016.12.16 16:18:18.705,0.97374,0.97394,1.00,1.00
2016.12.16 16:18:18.922,0.97379,0.97397,1.00,1.75
2016.12.16 16:18:19.326,0.97375,0.97396,1.00,2.25
2016.12.16 16:18:19.872,0.97375,0.97395,1.00,1.75
2016.12.16 16:18:21.053,0.97374,0.97395,1.00,2.25
2016.12.16 16:18:21.204,0.97374,0.97394,1.00,1.50
2016.12.16 16:18:21.589,0.97374,0.97395,1.00,1.50
2016.12.16 16:18:21.741,0.97374,0.97395,1.00,1.50
2016.12.16 16:18:21.842,0.97374,0.97391,1.00,1.00
2016.12.16 16:18:22.356,0.97374,0.97392,1.00,1.50
2016.12.16 16:18:22.667,0.97378,0.97391,1.00,1.00
2016.12.16 16:18:22.718,0.97378,0.97397,1.00,1.87
2016.12.16 16:18:22.970,0.97378,0.97394,1.00,1.00
2016.12.16 16:18:23.354,0.97374,0.97393,1.00,1.12
2016.12.16 16:18:25.864,0.97371,0.97395,1.12,1.75
2016.12.16 16:18:25.965,0.9737,0.97395,2.25,1.50
2016.12.16 16:18:26.016,0.9737,0.97395,2.25,1.87
2016.12.16 16:18:26.410,0.97374,0.97392,1.00,1.00
2016.12.16 16:18:26.964,0.97374,0.97391,1.00,1.00
2016.12.16 16:18:27.015,0.97369,0.9739,1.75,1.00
2016.12.16 16:18:27.117,0.97369,0.97389,1.50,1.00
2016.12.16 16:18:27.268,0.97366,0.97388,2.62,1.12
2016.12.16 16:18:27.319,0.97367,0.97388,1.00,1.50
2016.12.16 16:18:27.934,0.97365,0.97387,1.87,1.37
2016.12.16 16:18:27.985,0.97368,0.97386,1.00,1.87
2016.12.16 16:18:28.335,0.97364,0.97386,2.62,1.12
2016.12.16 16:18:28.616,0.97369,0.97385,1.00,1.00
2016.12.16 16:18:29.019,0.97366,0.97386,1.12,1.00
2016.12.16 16:18:29.220,0.97369,0.97387,1.00,1.12
2016.12.16 16:18:31.115,0.97369,0.9739,1.00,1.50
2016.12.16 16:18:31.166,0.97374,0.9739,1.00,1.37
2016.12.16 16:18:31.419,0.97368,0.9739,3.00,1.12
2016.12.16 16:18:31.520,0.97374,0.9739,1.00,1.12
2016.12.16 16:18:32.758,0.97368,0.9739,1.75,1.00
2016.12.16 16:18:32.859,0.97374,0.9739,1.00,1.00
2016.12.16 16:18:32.960,0.97367,0.9739,2.25,1.00
2016.12.16 16:18:33.162,0.97369,0.9739,1.50,1.87
2016.12.16 16:18:33.263,0.97374,0.9739,1.00,1.12
2016.12.16 16:18:33.313,0.97369,0.9739,1.37,1.12
2016.12.16 16:18:33.364,0.97369,0.9739,1.12,1.50
2016.12.16 16:18:33.465,0.97369,0.97392,2.25,1.37
2016.12.16 16:18:33.566,0.9737,0.97392,1.37,2.25
2016.12.16 16:18:33.666,0.97367,0.97391,1.75,2.62
2016.12.16 16:18:33.717,0.97366,0.97383,4.12,1.00
2016.12.16 16:18:33.931,0.97364,0.97379,1.00,1.00
2016.12.16 16:18:34.837,0.97358,0.97379,1.00,1.00
2016.12.16 16:18:35.352,0.97359,0.97382,1.50,2.62
2016.12.16 16:18:35.647,0.97359,0.97379,1.50,1.00
2016.12.16 16:18:35.801,0.97359,0.97381,1.50,3.00
2016.12.16 16:18:36.255,0.97358,0.9738,1.00,1.00
2016.12.16 16:18:36.567,0.97364,0.97381,1.00,1.87
2016.12.16 16:18:36.921,0.97357,0.9738,2.25,1.50
2016.12.16 16:18:37.285,0.97357,0.97378,1.75,1.00
2016.12.16 16:18:37.621,0.97364,0.97378,1.00,1.00
2016.12.16 16:18:37.723,0.97359,0.97377,1.00,1.00
2016.12.16 16:18:37.924,0.97364,0.97378,1.00,1.00
2016.12.16 16:18:38.263,0.97357,0.97379,1.00,1.50
2016.12.16 16:18:38.729,0.97359,0.97379,1.00,1.50
2016.12.16 16:18:39.425,0.97357,0.97376,1.00,1.00
2016.12.16 16:18:39.475,0.97357,0.97378,1.00,1.50
2016.12.16 16:18:39.526,0.97357,0.97375,1.00,1.00
2016.12.16 16:18:39.788,0.97353,0.97375,1.00,3.00
2016.12.16 16:18:39.889,0.97351,0.97373,1.37,1.37
2016.12.16 16:18:39.939,0.97351,0.97373,1.87,1.75
2016.12.16 16:18:39.990,0.97352,0.97375,1.37,1.50
2016.12.16 16:18:40.040,0.97353,0.97375,1.00,1.50
2016.12.16 16:18:40.420,0.97354,0.97373,1.00,1.00
2016.12.16 16:18:40.722,0.97349,0.97371,1.00,1.75
2016.12.16 16:18:41.048,0.97354,0.97371,1.00,1.87
2016.12.16 16:18:41.820,0.97354,0.97369,1.00,1.00
2016.12.16 16:18:41.921,0.97354,0.97371,1.00,1.87
2016.12.16 16:18:42.223,0.97353,0.97369,1.00,1.00
2016.12.16 16:18:42.823,0.97354,0.97371,1.00,1.75
2016.12.16 16:18:43.968,0.97354,0.97371,1.00,1.50
2016.12.16 16:18:44.069,0.97354,0.97368,1.00,1.00
2016.12.16 16:18:44.372,0.97342,0.97354,2.25,1.35
2016.12.16 16:18:44.423,0.97337,0.97354,1.75,1.00
2016.12.16 16:18:44.524,0.97331,0.97353,4.12,1.00
2016.12.16 16:18:44.675,0.97332,0.97353,1.00,1.00
2016.12.16 16:18:44.877,0.97332,0.97353,1.37,1.00
2016.12.16 16:18:45.490,0.97338,0.97353,1.00,1.00
2016.12.16 16:18:45.591,0.97335,0.97353,1.00,1.00
2016.12.16 16:18:46.094,0.97334,0.97356,1.12,2.25
2016.12.16 16:18:46.713,0.97334,0.97355,1.12,2.10
2016.12.16 16:18:46.915,0.97331,0.97349,1.00,1.50
2016.12.16 16:18:46.965,0.97334,0.97348,1.50,1.00
2016.12.16 16:18:47.117,0.97337,0.97358,1.00,2.25
2016.12.16 16:18:47.218,0.97335,0.97356,1.75,1.00
2016.12.16 16:18:47.269,0.97336,0.97358,1.00,1.12
2016.12.16 16:18:47.621,0.97338,0.97357,1.00,1.00
2016.12.16 16:18:47.675,0.97336,0.97357,1.12,1.00
2016.12.16 16:18:47.877,0.97335,0.97354,1.50,1.00
2016.12.16 16:18:48.033,0.97333,0.97353,1.12,2.10
2016.12.16 16:18:48.134,0.97327,0.97351,2.62,1.87
2016.12.16 16:18:48.184,0.97325,0.97349,1.75,1.12
2016.12.16 16:18:48.537,0.97338,0.97349,1.00,1.50
2016.12.16 16:18:48.638,0.97329,0.9735,1.50,1.75
2016.12.16 16:18:48.689,0.97334,0.9735,1.00,1.50
2016.12.16 16:18:48.992,0.97336,0.9735,1.00,1.00
2016.12.16 16:18:49.178,0.97336,0.97354,1.00,1.00
2016.12.16 16:18:49.330,0.97336,0.97356,1.50,1.50
2016.12.16 16:18:49.633,0.9734,0.97356,1.00,1.00
2016.12.16 16:18:49.684,0.9734,0.97358,1.50,1.00
2016.12.16 16:18:49.785,0.9734,0.97361,1.12,1.37
2016.12.16 16:18:49.836,0.97343,0.97361,1.00,1.37
2016.12.16 16:18:49.988,0.97343,0.97363,1.00,1.50
2016.12.16 16:18:50.276,0.97344,0.97363,1.00,1.75
2016.12.16 16:18:50.327,0.97339,0.97361,1.50,2.25
2016.12.16 16:18:50.841,0.97339,0.97359,1.00,1.00
2016.12.16 16:18:51.302,0.97339,0.97361,1.50,1.12
2016.12.16 16:18:51.611,0.97339,0.97364,2.25,3.00
2016.12.16 16:18:51.914,0.97343,0.97364,2.25,1.00
2016.12.16 16:18:52.216,0.97342,0.97361,4.12,1.00
2016.12.16 16:18:52.267,0.97344,0.9736,1.00,1.00
2016.12.16 16:18:52.368,0.97339,0.97359,2.25,1.00
2016.12.16 16:18:52.811,0.97342,0.97363,1.50,1.87
2016.12.16 16:18:52.962,0.97343,0.97364,1.50,1.12
2016.12.16 16:18:53.468,0.9734,0.97362,2.25,1.00
2016.12.16 16:18:53.723,0.9734,0.97361,1.00,1.00
2016.12.16 16:18:54.249,0.97339,0.97361,1.00,1.00
2016.12.16 16:18:54.690,0.97339,0.9736,1.50,1.00
2016.12.16 16:18:54.791,0.9734,0.9736,1.00,1.00
2016.12.16 16:18:54.892,0.97344,0.9736,1.00,1.00
2016.12.16 16:18:55.094,0.97344,0.97363,1.12,1.00
2016.12.16 16:18:55.531,0.97347,0.97366,1.00,1.50
2016.12.16 16:18:55.581,0.97348,0.97366,1.12,1.12
2016.12.16 16:18:55.633,0.9735,0.97366,1.00,1.00
2016.12.16 16:18:55.683,0.97349,0.97369,3.00,1.37
2016.12.16 16:18:55.785,0.97349,0.97371,1.37,1.50
2016.12.16 16:18:56.087,0.97349,0.9737,1.00,1.37
2016.12.16 16:18:56.188,0.97348,0.9737,3.00,1.00
2016.12.16 16:18:56.289,0.9735,0.9737,1.00,1.00
2016.12.16 16:18:56.696,0.97351,0.97373,1.37,1.37
2016.12.16 16:18:56.999,0.97349,0.97371,2.25,1.37
2016.12.16 16:18:57.050,0.97349,0.97371,1.12,1.37
2016.12.16 16:18:57.508,0.97349,0.97372,1.37,1.12
2016.12.16 16:18:57.773,0.97353,0.97373,1.00,1.50
2016.12.16 16:18:58.767,0.9735,0.97371,1.75,1.00
2016.12.16 16:18:58.868,0.97349,0.97373,1.75,1.50
2016.12.16 16:18:59.094,0.97347,0.97367,4.12,1.00
2016.12.16 16:18:59.246,0.97349,0.9737,1.50,3.75
2016.12.16 16:18:59.347,0.97349,0.97371,1.00,1.75
2016.12.16 16:18:59.599,0.97348,0.97371,2.25,1.50
2016.12.16 16:19:00.337,0.97359,0.97371,1.00,1.00
2016.12.16 16:19:00.488,0.97353,0.97373,1.00,1.87
2016.12.16 16:19:00.590,0.97355,0.97373,1.12,1.00
2016.12.16 16:19:00.892,0.97353,0.97375,1.00,1.75
2016.12.16 16:19:00.993,0.97353,0.97376,1.12,1.50
2016.12.16 16:19:01.043,0.97359,0.97376,1.00,1.50
2016.12.16 16:19:01.372,0.97351,0.97374,2.25,1.37
2016.12.16 16:19:01.473,0.9735,0.97371,1.75,1.00
2016.12.16 16:19:01.625,0.97351,0.9737,1.00,1.00
2016.12.16 16:19:01.776,0.9735,0.97367,1.00,1.00
2016.12.16 16:19:01.927,0.97348,0.97367,1.50,1.00
2016.12.16 16:19:02.436,0.97348,0.97369,1.00,1.75
2016.12.16 16:19:04.742,0.97345,0.97367,1.87,1.50
2016.12.16 16:19:04.793,0.97344,0.97362,1.50,1.00
2016.12.16 16:19:04.894,0.97343,0.97361,1.50,1.00
2016.12.16 16:19:05.126,0.97343,0.97361,1.00,1.37
2016.12.16 16:19:05.227,0.9734,0.97361,1.12,1.50
2016.12.16 16:19:05.429,0.97343,0.97362,1.00,1.50
2016.12.16 16:19:05.735,0.97341,0.97362,1.00,1.75
2016.12.16 16:19:05.836,0.97342,0.97362,1.00,1.50
2016.12.16 16:19:05.937,0.97342,0.9736,1.00,1.00
2016.12.16 16:19:06.038,0.9734,0.97362,1.00,2.25
2016.12.16 16:19:06.139,0.97338,0.9736,2.62,1.12
2016.12.16 16:19:06.240,0.9734,0.9736,1.00,1.50
2016.12.16 16:19:06.358,0.9734,0.9736,1.00,1.12
2016.12.16 16:19:06.863,0.97339,0.9736,1.00,1.50
2016.12.16 16:19:07.367,0.97339,0.97358,1.00,1.00
2016.12.16 16:19:07.913,0.97338,0.97359,1.00,1.12
2016.12.16 16:19:08.367,0.97336,0.97359,1.87,1.50
2016.12.16 16:19:08.849,0.97343,0.97359,1.00,1.50
2016.12.16 16:19:08.950,0.97336,0.97359,2.25,1.50
2016.12.16 16:19:09.220,0.97339,0.97359,1.00,1.50
2016.12.16 16:19:09.372,0.9734,0.9736,1.12,1.12
2016.12.16 16:19:09.574,0.97335,0.97358,1.50,1.37
2016.12.16 16:19:09.624,0.97335,0.97358,1.50,1.75
2016.12.16 16:19:09.725,0.97338,0.97357,1.00,1.50
2016.12.16 16:19:09.992,0.97334,0.97357,1.75,1.50
2016.12.16 16:19:10.093,0.97339,0.97357,1.00,1.50
2016.12.16 16:19:10.144,0.97334,0.97357,1.75,2.25
2016.12.16 16:19:10.295,0.97338,0.97359,1.00,1.75
2016.12.16 16:19:10.454,0.97336,0.97359,1.50,1.50
2016.12.16 16:19:10.555,0.97338,0.97359,1.50,1.12
2016.12.16 16:19:11.192,0.97337,0.97357,1.75,1.00
2016.12.16 16:19:11.899,0.97336,0.97358,1.75,1.50
2016.12.16 16:19:12.000,0.97335,0.97358,1.50,1.75
2016.12.16 16:19:12.101,0.97337,0.97355,1.00,1.12
2016.12.16 16:19:12.354,0.97334,0.97355,1.37,1.87
2016.12.16 16:19:12.455,0.97334,0.97355,1.00,2.25
2016.12.16 16:19:12.757,0.97333,0.97355,1.00,1.12
2016.12.16 16:19:12.973,0.97335,0.97355,1.00,1.12
2016.12.16 16:19:13.279,0.97339,0.97358,1.00,1.12
2016.12.16 16:19:15.394,0.97341,0.9736,1.00,2.25
2016.12.16 16:19:15.546,0.97339,0.97362,2.47,1.37
2016.12.16 16:19:15.647,0.97342,0.97362,1.00,1.00
2016.12.16 16:19:15.747,0.97344,0.97365,1.00,1.50
2016.12.16 16:19:16.221,0.97344,0.97364,1.00,1.37
2016.12.16 16:19:16.543,0.97339,0.97362,3.00,1.12
2016.12.16 16:19:16.795,0.97344,0.97362,1.00,1.12
2016.12.16 16:19:16.946,0.97341,0.97365,1.12,1.75
2016.12.16 16:19:17.047,0.97343,0.97365,1.87,1.37
2016.12.16 16:19:17.098,0.97345,0.97366,1.50,1.12
2016.12.16 16:19:17.148,0.9735,0.97366,1.00,1.12
2016.12.16 16:19:17.299,0.97351,0.97369,1.00,1.00
2016.12.16 16:19:17.565,0.97349,0.97369,1.00,1.50
2016.12.16 16:19:18.963,0.97347,0.97364,1.00,1.00
2016.12.16 16:19:19.079,0.97345,0.97364,1.12,1.00
2016.12.16 16:19:19.281,0.97344,0.9736,1.00,1.50
2016.12.16 16:19:19.381,0.97339,0.97358,1.00,1.00
2016.12.16 16:19:19.432,0.97339,0.97355,1.00,1.00
2016.12.16 16:19:19.533,0.97336,0.97356,1.00,1.75
2016.12.16 16:19:19.685,0.97333,0.97354,1.50,1.50
2016.12.16 16:19:19.736,0.97335,0.97355,1.00,1.75
2016.12.16 16:19:20.078,0.97334,0.97354,1.00,2.25
2016.12.16 16:19:21.663,0.97333,0.97354,1.00,2.25
2016.12.16 16:19:22.169,0.97334,0.97355,1.50,4.12
2016.12.16 16:19:22.353,0.97332,0.97355,1.00,4.87
2016.12.16 16:19:22.404,0.97329,0.97349,1.87,1.00
2016.12.16 16:19:22.505,0.97324,0.97347,6.37,1.50
2016.12.16 16:19:22.807,0.97325,0.97343,1.00,4.12
2016.12.16 16:19:22.858,0.97325,0.97339,1.00,1.00
2016.12.16 16:19:23.364,0.97324,0.97344,1.50,2.25
2016.12.16 16:19:23.842,0.97321,0.97344,2.25,1.75
2016.12.16 16:19:23.994,0.97323,0.97343,1.00,1.00
2016.12.16 16:19:24.094,0.97328,0.97343,1.00,1.00
2016.12.16 16:19:24.246,0.97323,0.97343,1.50,1.00
2016.12.16 16:19:24.346,0.97323,0.97341,1.00,1.00
2016.12.16 16:19:24.548,0.9732,0.9734,1.00,1.00
2016.12.16 16:19:24.699,0.97321,0.97343,1.00,1.00
2016.12.16 16:19:24.800,0.97324,0.97343,1.00,1.00
2016.12.16 16:19:25.218,0.97323,0.97341,1.00,1.00
2016.12.16 16:19:25.420,0.97313,0.97337,2.62,1.00
2016.12.16 16:19:25.470,0.97311,0.97335,5.25,1.00
2016.12.16 16:19:25.622,0.9731,0.97335,3.75,1.75
2016.12.16 16:19:25.773,0.9731,0.97334,2.25,1.50
2016.12.16 16:19:26.164,0.97312,0.97331,1.00,1.50
2016.12.16 16:19:26.576,0.97314,0.97332,1.00,1.75
2016.12.16 16:19:27.118,0.97314,0.97333,1.00,1.75
2016.12.16 16:19:27.609,0.97314,0.97332,1.00,1.00
2016.12.16 16:19:28.157,0.97313,0.97332,1.00,1.00
2016.12.16 16:19:28.459,0.9732,0.97336,1.00,3.37
2016.12.16 16:19:29.307,0.97321,0.97336,1.00,3.37
2016.12.16 16:19:29.510,0.97319,0.97336,1.00,1.75
2016.12.16 16:19:29.560,0.97321,0.97336,1.00,1.75
2016.12.16 16:19:29.712,0.97319,0.97336,1.00,1.75
2016.12.16 16:19:30.142,0.97315,0.97338,1.00,4.87
2016.12.16 16:19:30.193,0.97319,0.97334,1.00,1.00
2016.12.16 16:19:30.643,0.97319,0.97335,1.00,1.75
2016.12.16 16:19:30.845,0.97321,0.97335,1.00,1.00
2016.12.16 16:19:30.997,0.97323,0.97335,1.00,1.00
2016.12.16 16:19:31.149,0.97319,0.97335,1.50,1.00
2016.12.16 16:19:31.669,0.97319,0.97336,1.00,1.50
2016.12.16 16:19:32.117,0.97321,0.97337,1.00,1.75
2016.12.16 16:19:32.758,0.9732,0.97338,1.00,1.75
2016.12.16 16:19:33.888,0.97321,0.97338,1.00,2.25
2016.12.16 16:19:33.939,0.97323,0.97338,1.00,1.50
2016.12.16 16:19:34.141,0.97321,0.97338,1.00,1.50
2016.12.16 16:19:34.403,0.97319,0.97339,1.00,2.25
2016.12.16 16:19:34.822,0.97315,0.97337,1.12,1.50
2016.12.16 16:19:34.873,0.97315,0.97334,1.12,1.00
2016.12.16 16:19:35.415,0.97316,0.97333,1.00,1.50
2016.12.16 16:19:35.718,0.97318,0.97333,1.00,1.50
2016.12.16 16:19:36.020,0.97319,0.97335,1.00,1.12
2016.12.16 16:19:36.272,0.97317,0.97336,1.00,1.50
2016.12.16 16:19:36.657,0.97318,0.97333,1.50,1.00
2016.12.16 16:19:37.160,0.97317,0.97334,1.00,1.50
2016.12.16 16:19:37.957,0.97318,0.97334,1.00,1.50
2016.12.16 16:19:39.137,0.97317,0.97333,1.00,1.00
2016.12.16 16:19:39.440,0.97323,0.97339,1.00,1.75
2016.12.16 16:19:39.769,0.97325,0.97339,1.00,1.50
2016.12.16 16:19:40.121,0.97326,0.97341,1.00,1.00
2016.12.16 16:19:40.576,0.97324,0.97342,1.00,1.87
2016.12.16 16:19:41.042,0.97326,0.97342,1.00,1.87
2016.12.16 16:19:41.402,0.97324,0.97342,1.00,2.25
2016.12.16 16:19:41.704,0.97328,0.97341,1.00,1.00
2016.12.16 16:19:41.956,0.97329,0.97343,1.00,1.00
2016.12.16 16:19:42.467,0.97329,0.97344,1.00,1.12
2016.12.16 16:19:42.669,0.97329,0.97346,1.00,1.00
2016.12.16 16:19:44.081,0.97333,0.97346,1.00,1.00
2016.12.16 16:19:44.591,0.97333,0.97348,1.00,1.50
2016.12.16 16:19:45.122,0.97333,0.97348,1.00,1.00
2016.12.16 16:19:45.689,0.97333,0.97349,1.00,1.00
2016.12.16 16:19:46.037,0.97331,0.97349,1.00,1.75
2016.12.16 16:19:46.355,0.97331,0.97348,1.00,1.75
2016.12.16 16:19:46.657,0.97325,0.9734,1.12,1.00
2016.12.16 16:19:46.758,0.97321,0.97339,1.50,1.00
2016.12.16 16:19:46.809,0.97321,0.97339,1.12,1.37
2016.12.16 16:19:47.145,0.97325,0.97339,1.00,1.37
2016.12.16 16:19:47.355,0.97323,0.97342,1.00,1.00
2016.12.16 16:19:47.406,0.97325,0.97341,1.00,1.00
2016.12.16 16:19:48.067,0.97325,0.97342,1.00,1.12
2016.12.16 16:19:48.698,0.97326,0.97342,1.00,1.12
2016.12.16 16:19:49.222,0.97326,0.97341,1.00,1.00
2016.12.16 16:19:49.474,0.97327,0.97343,1.00,1.00
2016.12.16 16:19:49.977,0.97328,0.97346,1.00,1.75
2016.12.16 16:19:50.503,0.97328,0.97345,1.00,1.00
2016.12.16 16:19:50.874,0.97325,0.97345,1.00,1.50
2016.12.16 16:19:50.925,0.97325,0.97344,1.00,1.37
2016.12.16 16:19:51.293,0.97323,0.9734,1.00,1.50
2016.12.16 16:19:51.629,0.97325,0.9734,1.00,1.00
2016.12.16 16:19:52.386,0.97327,0.9734,1.00,1.00
2016.12.16 16:19:52.759,0.97334,0.9735,1.00,1.37
2016.12.16 16:19:52.810,0.97334,0.97351,1.00,1.87
2016.12.16 16:19:53.315,0.97335,0.97351,1.00,1.12
2016.12.16 16:19:53.839,0.97334,0.97351,1.00,1.87
2016.12.16 16:19:54.349,0.97333,0.97351,1.00,2.62
2016.12.16 16:19:54.601,0.97331,0.9735,1.12,1.50
2016.12.16 16:19:54.754,0.97333,0.9735,1.00,1.50
2016.12.16 16:19:55.056,0.97332,0.97348,1.00,1.00
2016.12.16 16:19:55.601,0.97332,0.97349,1.00,1.50
2016.12.16 16:19:56.115,0.97332,0.97348,1.00,1.00
2016.12.16 16:19:56.779,0.97333,0.97348,1.00,1.00
2016.12.16 16:19:57.031,0.97331,0.97348,1.00,1.00
2016.12.16 16:19:57.407,0.97333,0.97349,1.00,1.12
2016.12.16 16:19:57.508,0.97331,0.97348,1.00,1.00
2016.12.16 16:19:58.017,0.9733,0.97347,1.00,1.12
2016.12.16 16:19:58.157,0.97332,0.97347,1.00,1.12
2016.12.16 16:19:58.435,0.9733,0.97348,1.00,3.00
2016.12.16 16:19:58.638,0.97329,0.97345,1.00,1.00
2016.12.16 16:19:58.941,0.97332,0.97348,1.00,1.50
2016.12.16 16:20:00.331,0.97333,0.97348,1.00,1.50
2016.12.16 16:20:00.484,0.97333,0.9735,1.00,1.00
2016.12.16 16:20:00.987,0.97332,0.9735,1.00,1.00
2016.12.16 16:20:01.519,0.97333,0.97351,1.00,1.50
2016.12.16 16:20:01.872,0.97333,0.97348,1.00,1.00
2016.12.16 16:20:02.419,0.97333,0.97349,1.00,1.00
2016.12.16 16:20:02.982,0.97333,0.97348,1.00,1.00
2016.12.16 16:20:03.134,0.97331,0.97351,1.00,2.25
2016.12.16 16:20:03.235,0.97334,0.97351,1.00,1.50
2016.12.16 16:20:03.715,0.97334,0.97349,1.00,1.00
2016.12.16 16:20:03.954,0.97332,0.9735,1.00,1.00
2016.12.16 16:20:04.206,0.97333,0.97347,1.00,1.00
2016.12.16 16:20:04.429,0.97333,0.97351,1.00,1.50
2016.12.16 16:20:04.961,0.97332,0.9735,1.00,1.00
2016.12.16 16:20:05.062,0.9733,0.9735,1.00,1.00
2016.12.16 16:20:05.112,0.97331,0.97348,1.00,1.00
2016.12.16 16:20:05.163,0.97331,0.97351,1.00,2.81
2016.12.16 16:20:05.314,0.97333,0.9735,1.00,1.00
2016.12.16 16:20:05.994,0.97333,0.97348,1.00,1.00
2016.12.16 16:20:06.174,0.97333,0.9735,1.00,1.00
2016.12.16 16:20:06.969,0.97333,0.97349,1.00,1.00
2016.12.16 16:20:07.219,0.97332,0.97347,1.00,1.00
2016.12.16 16:20:07.320,0.97332,0.97349,1.00,1.12
2016.12.16 16:20:07.522,0.9733,0.97348,1.00,1.00
2016.12.16 16:20:07.900,0.97334,0.9735,1.00,1.75
2016.12.16 16:20:08.202,0.97341,0.9736,1.00,3.00
2016.12.16 16:20:08.354,0.97341,0.97358,1.00,1.00
2016.12.16 16:20:08.766,0.9734,0.9736,1.00,1.50
2016.12.16 16:20:09.102,0.97342,0.97357,1.00,1.50
2016.12.16 16:20:09.303,0.97346,0.97364,1.00,1.75
2016.12.16 16:20:09.354,0.97344,0.97362,1.50,1.12
2016.12.16 16:20:09.404,0.97346,0.97361,1.00,1.00
2016.12.16 16:20:09.656,0.97343,0.97364,1.00,2.25
2016.12.16 16:20:09.757,0.97342,0.9736,1.50,1.00
2016.12.16 16:20:10.281,0.97343,0.97361,1.00,1.75
2016.12.16 16:20:10.612,0.97343,0.97362,1.00,1.50
2016.12.16 16:20:10.974,0.97342,0.97359,1.00,1.00
2016.12.16 16:20:11.308,0.97342,0.97359,1.00,1.75
2016.12.16 16:20:11.663,0.9734,0.97359,1.00,1.75
2016.12.16 16:20:11.814,0.97342,0.9736,1.00,1.75
2016.12.16 16:20:11.865,0.97339,0.9736,1.00,1.75
2016.12.16 16:20:11.965,0.97341,0.97356,1.00,1.37
2016.12.16 16:20:12.268,0.97342,0.97358,1.00,1.50
2016.12.16 16:20:12.369,0.9734,0.97359,1.00,1.50
2016.12.16 16:20:12.980,0.97341,0.9736,1.00,1.75
2016.12.16 16:20:13.754,0.97342,0.9736,1.00,1.75
2016.12.16 16:20:14.006,0.97342,0.97362,1.00,1.50
2016.12.16 16:20:14.107,0.97344,0.97362,1.00,1.50
2016.12.16 16:20:14.755,0.97345,0.97361,1.00,1.37
2016.12.16 16:20:14.805,0.97342,0.97361,1.00,1.37
2016.12.16 16:20:15.309,0.97343,0.97362,1.00,3.00
2016.12.16 16:20:15.845,0.97344,0.97361,1.00,1.37
2016.12.16 16:20:16.366,0.97343,0.97362,1.00,1.50
2016.12.16 16:20:17.083,0.97342,0.97361,1.00,4.12
2016.12.16 16:20:17.184,0.97342,0.9736,1.00,1.87
2016.12.16 16:20:17.546,0.97342,0.97359,1.00,1.00
2016.12.16 16:20:18.077,0.97343,0.9736,1.00,1.50
2016.12.16 16:20:18.178,0.97341,0.9736,1.00,1.00
2016.12.16 16:20:18.329,0.97344,0.9736,1.00,1.75
2016.12.16 16:20:18.531,0.97345,0.97363,1.00,1.75
2016.12.16 16:20:18.818,0.97343,0.97363,1.00,1.75
2016.12.16 16:20:19.358,0.97342,0.97362,1.00,1.75
2016.12.16 16:20:20.469,0.97343,0.97362,1.00,1.75
2016.12.16 16:20:21.285,0.97342,0.97362,1.00,1.75
2016.12.16 16:20:21.336,0.97349,0.9736,1.00,1.50
2016.12.16 16:20:21.538,0.97349,0.9737,1.00,1.75
2016.12.16 16:20:21.589,0.97346,0.97361,1.12,1.00
2016.12.16 16:20:21.690,0.97342,0.97362,1.50,1.00
2016.12.16 16:20:21.741,0.97342,0.97362,1.12,1.00
2016.12.16 16:20:21.898,0.97342,0.97361,1.00,1.87
2016.12.16 16:20:21.999,0.9734,0.97357,1.00,1.12
2016.12.16 16:20:22.502,0.97341,0.97359,1.00,1.50
2016.12.16 16:20:23.057,0.97343,0.97359,1.00,1.50
2016.12.16 16:20:23.354,0.97342,0.97363,1.00,1.00
2016.12.16 16:20:23.405,0.97344,0.97365,1.00,2.25
2016.12.16 16:20:23.456,0.97342,0.97363,1.00,3.75
2016.12.16 16:20:23.557,0.97338,0.9736,1.00,1.00
2016.12.16 16:20:23.607,0.97339,0.97355,1.12,1.00
2016.12.16 16:20:23.709,0.97338,0.97357,1.00,1.50
2016.12.16 16:20:23.910,0.97339,0.97356,1.00,1.50
2016.12.16 16:20:24.162,0.97336,0.97355,1.00,1.37
2016.12.16 16:20:24.307,0.97336,0.97355,1.00,1.75
2016.12.16 16:20:24.408,0.97339,0.97359,1.00,3.37
2016.12.16 16:20:24.509,0.97337,0.97356,1.00,1.50
2016.12.16 16:20:24.560,0.97335,0.97356,1.00,1.75
2016.12.16 16:20:24.611,0.97335,0.97354,1.00,1.75
2016.12.16 16:20:25.453,0.97333,0.97353,1.00,2.25
2016.12.16 16:20:25.504,0.97335,0.97353,1.00,2.25
2016.12.16 16:20:25.961,0.97332,0.97351,1.00,1.50
2016.12.16 16:20:26.163,0.9733,0.9735,1.00,1.87
2016.12.16 16:20:26.214,0.97328,0.97351,1.00,3.00
2016.12.16 16:20:26.517,0.97326,0.97347,1.00,1.75
2016.12.16 16:20:26.840,0.97335,0.97353,1.00,1.75
2016.12.16 16:20:27.367,0.97336,0.97353,1.00,1.75
2016.12.16 16:20:27.418,0.97334,0.97354,1.50,1.75
2016.12.16 16:20:27.519,0.97335,0.97353,1.00,1.75
2016.12.16 16:20:27.674,0.97333,0.97353,1.00,1.75
2016.12.16 16:20:28.189,0.97334,0.97353,1.00,2.25
2016.12.16 16:20:28.341,0.97335,0.97353,1.00,1.87
2016.12.16 16:20:28.644,0.97333,0.9735,1.00,1.00
2016.12.16 16:20:28.745,0.97334,0.97354,1.00,1.50
2016.12.16 16:20:29.360,0.97334,0.97353,1.00,1.75
2016.12.16 16:20:29.882,0.97333,0.97353,1.00,1.75
2016.12.16 16:20:30.270,0.97333,0.97353,1.00,1.12
2016.12.16 16:20:30.421,0.97332,0.97353,1.00,1.37
2016.12.16 16:20:30.981,0.97333,0.97354,1.00,4.50
2016.12.16 16:20:31.333,0.97334,0.97351,1.00,1.12
2016.12.16 16:20:31.434,0.97334,0.97353,1.00,1.75
2016.12.16 16:20:32.388,0.97334,0.97352,1.00,1.50
2016.12.16 16:20:32.590,0.97331,0.97352,1.00,1.00
2016.12.16 16:20:32.743,0.97331,0.97353,1.00,1.75
2016.12.16 16:20:33.311,0.97331,0.9735,1.60,1.37
2016.12.16 16:20:33.412,0.97339,0.97357,1.00,1.00
2016.12.16 16:20:33.462,0.97339,0.97354,1.00,1.00
2016.12.16 16:20:33.513,0.97336,0.97354,1.00,1.00
2016.12.16 16:20:34.025,0.97335,0.97356,1.00,1.75
2016.12.16 16:20:34.729,0.97335,0.97356,1.00,2.25
2016.12.16 16:20:38.619,0.97334,0.97352,1.00,1.12
2016.12.16 16:20:38.720,0.97332,0.97353,1.00,2.25
2016.12.16 16:20:38.771,0.97332,0.97352,1.00,1.75
2016.12.16 16:20:41.360,0.97333,0.97349,1.00,1.00
2016.12.16 16:20:41.870,0.97332,0.9735,1.00,1.00
2016.12.16 16:20:42.374,0.97331,0.9735,1.00,1.50
2016.12.16 16:20:43.370,0.97327,0.97349,1.00,1.00
2016.12.16 16:20:43.521,0.97327,0.97347,1.12,1.00
2016.12.16 16:20:43.823,0.97328,0.97349,1.00,4.31
2016.12.16 16:20:44.176,0.97327,0.97346,1.00,1.12
2016.12.16 16:20:44.349,0.97327,0.97346,1.00,1.50
2016.12.16 16:20:44.879,0.97326,0.97347,1.00,1.75
2016.12.16 16:20:45.407,0.97326,0.97347,1.00,1.75
2016.12.16 16:20:45.941,0.97326,0.97347,1.00,1.50
2016.12.16 16:20:46.483,0.97328,0.97347,1.00,1.50
2016.12.16 16:20:46.976,0.97331,0.97347,1.00,1.00
2016.12.16 16:20:47.318,0.97339,0.97359,1.00,2.62
2016.12.16 16:20:47.369,0.97339,0.97358,1.00,1.00
2016.12.16 16:20:47.419,0.97341,0.97358,1.00,1.00
2016.12.16 16:20:47.773,0.97339,0.9736,1.00,1.50
2016.12.16 16:20:47.995,0.97339,0.9736,1.50,1.75
2016.12.16 16:20:48.250,0.9734,0.97362,1.00,1.75
2016.12.16 16:20:48.301,0.97342,0.97359,1.00,1.00
2016.12.16 16:20:48.452,0.9734,0.97359,1.00,1.00
2016.12.16 16:20:48.654,0.97338,0.97357,1.00,1.00
2016.12.16 16:20:48.805,0.97333,0.97354,1.37,1.00
2016.12.16 16:20:48.856,0.97332,0.97352,1.00,1.00
2016.12.16 16:20:49.200,0.97333,0.97353,1.00,3.00
2016.12.16 16:20:49.251,0.97331,0.97351,1.00,1.50
2016.12.16 16:20:49.800,0.97332,0.97353,1.50,2.25
2016.12.16 16:20:49.901,0.97334,0.97353,1.00,1.50
2016.12.16 16:20:50.002,0.97334,0.97354,1.00,1.75
2016.12.16 16:20:50.228,0.97336,0.97354,1.00,1.75
2016.12.16 16:20:50.383,0.97335,0.97355,1.50,1.50
2016.12.16 16:20:50.434,0.97336,0.97355,1.00,1.50
2016.12.16 16:20:50.635,0.97338,0.97355,1.00,1.00
2016.12.16 16:20:50.786,0.97338,0.97358,1.50,1.37
2016.12.16 16:20:51.118,0.97338,0.97359,1.00,1.50
2016.12.16 16:20:51.322,0.97341,0.97359,1.00,1.00
2016.12.16 16:20:51.732,0.97342,0.97362,1.00,1.12
2016.12.16 16:20:52.167,0.97343,0.9736,1.00,1.00
2016.12.16 16:20:52.217,0.97341,0.97361,1.00,1.00
2016.12.16 16:20:52.419,0.97343,0.9736,1.00,1.00
2016.12.16 16:20:52.944,0.97344,0.97364,1.00,2.25
2016.12.16 16:20:53.456,0.97343,0.97364,1.00,1.50
2016.12.16 16:20:53.560,0.97343,0.97364,1.50,1.00
2016.12.16 16:20:53.836,0.97348,0.97364,1.00,1.00
2016.12.16 16:20:53.937,0.97346,0.97364,1.00,1.00
2016.12.16 16:20:54.284,0.97346,0.97368,1.00,1.12
2016.12.16 16:20:54.334,0.97348,0.97368,1.00,1.12
2016.12.16 16:20:54.637,0.97351,0.97368,1.00,1.00
2016.12.16 16:20:54.789,0.97345,0.97365,1.00,1.00
2016.12.16 16:20:54.890,0.97347,0.97368,1.00,1.00
2016.12.16 16:20:55.275,0.97344,0.97366,2.25,1.00
2016.12.16 16:20:55.325,0.97347,0.97369,1.37,1.87
2016.12.16 16:20:55.376,0.97347,0.97367,1.00,1.00
2016.12.16 16:20:55.879,0.97344,0.97367,2.25,1.00
2016.12.16 16:20:56.411,0.97348,0.97368,1.12,1.12
2016.12.16 16:20:56.714,0.97351,0.97369,1.00,1.00
2016.12.16 16:20:57.070,0.97348,0.97371,2.25,1.12
2016.12.16 16:20:57.121,0.97354,0.97373,1.00,1.50
2016.12.16 16:20:57.222,0.9735,0.97373,2.25,1.37
2016.12.16 16:20:57.273,0.9735,0.97373,2.25,1.00
2016.12.16 16:20:57.509,0.97354,0.97376,1.12,1.37
2016.12.16 16:20:58.038,0.97354,0.97376,1.00,1.00
2016.12.16 16:20:58.138,0.97354,0.97373,1.50,1.00
2016.12.16 16:20:58.441,0.97351,0.97371,1.37,1.00
2016.12.16 16:20:58.596,0.97351,0.97371,1.12,1.12
2016.12.16 16:20:58.858,0.97351,0.97369,1.12,1.00
2016.12.16 16:20:59.160,0.97351,0.97371,1.12,1.87
2016.12.16 16:20:59.708,0.97352,0.97372,1.00,1.87
2016.12.16 16:21:00.223,0.97351,0.97371,1.50,1.12
2016.12.16 16:21:00.324,0.97351,0.97371,1.37,1.00
2016.12.16 16:21:00.883,0.97352,0.97371,1.00,1.00
2016.12.16 16:21:01.341,0.9735,0.97371,1.00,1.00
2016.12.16 16:21:01.492,0.97349,0.9737,1.37,1.37
2016.12.16 16:21:01.693,0.97348,0.97371,1.12,1.75
2016.12.16 16:21:02.193,0.97354,0.97369,1.00,1.00
2016.12.16 16:21:02.244,0.97348,0.97368,2.25,1.00
2016.12.16 16:21:02.295,0.97348,0.97367,1.50,1.00
2016.12.16 16:21:02.446,0.97347,0.97365,1.00,1.00
2016.12.16 16:21:02.651,0.97344,0.97363,1.00,1.00
2016.12.16 16:21:03.197,0.9734,0.97363,1.75,1.87
2016.12.16 16:21:03.248,0.97341,0.97363,1.50,2.25
2016.12.16 16:21:03.348,0.97346,0.97363,1.00,1.50
2016.12.16 16:21:03.500,0.9735,0.9737,1.00,1.00
2016.12.16 16:21:03.550,0.97353,0.9737,1.00,1.00
2016.12.16 16:21:03.721,0.9735,0.9737,1.00,1.00
2016.12.16 16:21:04.760,0.97349,0.9737,1.87,1.00
2016.12.16 16:21:05.118,0.97354,0.97373,1.00,1.75
2016.12.16 16:21:05.169,0.9735,0.97371,1.50,1.12
2016.12.16 16:21:05.270,0.97353,0.97372,1.00,1.50
2016.12.16 16:21:05.523,0.97353,0.97375,1.12,1.37
2016.12.16 16:21:05.674,0.97354,0.97377,2.25,1.50
2016.12.16 16:21:05.724,0.97357,0.97377,1.00,1.00
2016.12.16 16:21:05.825,0.97359,0.9738,1.50,1.12
2016.12.16 16:21:06.350,0.9736,0.97381,1.50,1.00
2016.12.16 16:21:06.552,0.9736,0.97378,1.00,1.00
2016.12.16 16:21:06.653,0.97354,0.9738,1.75,1.50
2016.12.16 16:21:06.840,0.97354,0.97378,2.25,1.50
2016.12.16 16:21:07.344,0.97358,0.97378,1.00,1.00
2016.12.16 16:21:07.756,0.97358,0.9738,1.00,1.50
2016.12.16 16:21:07.908,0.97358,0.97373,1.00,1.00
2016.12.16 16:21:07.959,0.97358,0.97375,1.00,1.00
2016.12.16 16:21:08.309,0.97353,0.97375,1.75,1.12
2016.12.16 16:21:08.829,0.97353,0.97374,1.75,1.00
2016.12.16 16:21:09.418,0.97353,0.97376,1.75,1.50
2016.12.16 16:21:10.356,0.97353,0.97376,1.12,1.75
2016.12.16 16:21:11.629,0.97354,0.97375,1.00,1.75
2016.12.16 16:21:11.958,0.97349,0.97367,1.12,1.00
2016.12.16 16:21:12.260,0.97343,0.97367,2.25,1.50
2016.12.16 16:21:12.470,0.97343,0.97364,2.25,1.00
2016.12.16 16:21:13.007,0.97343,0.97366,1.75,1.12
2016.12.16 16:21:13.057,0.97349,0.97367,1.00,1.50
2016.12.16 16:21:13.342,0.97349,0.97368,1.00,1.00
2016.12.16 16:21:13.443,0.97351,0.97373,1.00,1.50
2016.12.16 16:21:13.645,0.97354,0.97373,1.00,1.00
2016.12.16 16:21:13.695,0.97351,0.97373,1.50,1.00
2016.12.16 16:21:13.861,0.97358,0.97375,1.00,1.00
2016.12.16 16:21:14.015,0.97354,0.97374,1.00,1.00
2016.12.16 16:21:14.065,0.97354,0.97375,1.75,1.00
2016.12.16 16:21:14.367,0.97359,0.97376,1.00,1.00
2016.12.16 16:21:14.720,0.97354,0.97377,1.50,1.12
2016.12.16 16:21:14.875,0.97354,0.97377,1.00,2.25
2016.12.16 16:21:14.977,0.97358,0.97378,1.00,1.00
2016.12.16 16:21:15.027,0.97358,0.97376,1.00,1.00
2016.12.16 16:21:15.433,0.97358,0.97374,1.00,1.00
2016.12.16 16:21:15.635,0.97358,0.97376,1.00,1.12
2016.12.16 16:21:15.846,0.97354,0.97377,1.12,1.50
2016.12.16 16:21:16.052,0.97354,0.97377,3.00,1.37
2016.12.16 16:21:16.107,0.97358,0.97378,1.12,1.12
2016.12.16 16:21:16.271,0.97354,0.97376,3.00,1.00
2016.12.16 16:21:16.322,0.97354,0.97378,2.25,1.87
2016.12.16 16:21:16.373,0.97354,0.97378,1.12,2.25
2016.12.16 16:21:16.876,0.97352,0.97376,2.25,1.87
2016.12.16 16:21:17.423,0.97353,0.97376,1.75,1.00
2016.12.16 16:21:17.937,0.97357,0.97378,1.00,1.75
2016.12.16 16:21:18.259,0.97359,0.9738,1.00,3.75
2016.12.16 16:21:18.309,0.97359,0.97384,3.37,2.25
2016.12.16 16:21:18.360,0.97365,0.97384,1.00,1.75
2016.12.16 16:21:18.461,0.97361,0.97384,2.25,1.00
2016.12.16 16:21:18.964,0.97362,0.97384,1.12,1.00
2016.12.16 16:21:19.032,0.97362,0.97384,1.50,1.00
2016.12.16 16:21:19.567,0.97361,0.97386,1.50,1.50
2016.12.16 16:21:20.186,0.97362,0.97382,1.37,1.00
2016.12.16 16:21:20.388,0.97357,0.97381,2.25,1.12
2016.12.16 16:21:20.683,0.97357,0.97381,1.50,1.50
2016.12.16 16:21:21.155,0.97367,0.97385,1.00,4.12
2016.12.16 16:21:21.407,0.9737,0.97391,1.00,1.00
2016.12.16 16:21:21.920,0.97368,0.97391,1.50,1.00
2016.12.16 16:21:22.860,0.97375,0.97396,1.00,1.75
2016.12.16 16:21:22.961,0.97377,0.97397,1.00,1.00
2016.12.16 16:21:23.012,0.97373,0.97395,1.75,1.50
2016.12.16 16:21:23.062,0.97375,0.97394,1.00,1.00
2016.12.16 16:21:23.406,0.97371,0.97393,1.50,1.12
2016.12.16 16:21:23.457,0.97369,0.9739,1.75,1.00
2016.12.16 16:21:23.760,0.97365,0.97382,1.00,1.00
2016.12.16 16:21:23.862,0.97363,0.97382,1.00,1.00
2016.12.16 16:21:23.963,0.97365,0.97386,1.00,1.75
2016.12.16 16:21:24.164,0.97365,0.97389,2.25,1.75
2016.12.16 16:21:24.581,0.97363,0.97387,1.37,1.50
2016.12.16 16:21:25.085,0.97364,0.97382,1.12,1.00
2016.12.16 16:21:25.135,0.97365,0.97387,1.00,2.25
2016.12.16 16:21:25.186,0.97367,0.97387,1.00,1.50
2016.12.16 16:21:25.315,0.97367,0.97389,1.50,2.25
2016.12.16 16:21:25.835,0.97365,0.9739,1.75,1.87
2016.12.16 16:21:26.238,0.97368,0.97391,1.37,1.50
2016.12.16 16:21:26.545,0.9737,0.97391,1.37,1.37
2016.12.16 16:21:26.596,0.9737,0.9739,1.00,1.00
2016.12.16 16:21:26.797,0.97368,0.9739,1.00,1.50
2016.12.16 16:21:26.848,0.97367,0.97389,2.25,1.00
2016.12.16 16:21:26.999,0.97369,0.9739,1.12,1.12
2016.12.16 16:21:27.150,0.97368,0.97389,1.00,1.37
2016.12.16 16:21:27.477,0.97367,0.9739,1.75,1.87
2016.12.16 16:21:27.931,0.97371,0.97394,1.37,1.37
2016.12.16 16:21:27.982,0.97372,0.97394,1.75,1.00
2016.12.16 16:21:28.183,0.9737,0.97392,1.75,1.00
2016.12.16 16:21:28.348,0.9737,0.97391,1.75,1.00
2016.12.16 16:21:28.852,0.9737,0.97393,1.50,1.37
2016.12.16 16:21:29.462,0.97367,0.9739,4.87,1.00
2016.12.16 16:21:29.513,0.9737,0.9739,1.00,1.12
2016.12.16 16:21:29.894,0.97366,0.97385,2.25,1.00
2016.12.16 16:21:29.945,0.97366,0.97387,1.75,1.12
2016.12.16 16:21:30.052,0.97363,0.97387,2.25,1.12
2016.12.16 16:21:30.254,0.97366,0.97387,1.37,1.00
2016.12.16 16:21:30.659,0.97364,0.97385,2.62,1.00
2016.12.16 16:21:30.759,0.97363,0.97384,2.25,1.50
2016.12.16 16:21:30.911,0.9736,0.97383,1.75,1.00
2016.12.16 16:21:30.961,0.9736,0.97381,1.75,1.00
2016.12.16 16:21:31.012,0.9736,0.97384,1.75,1.12
2016.12.16 16:21:31.063,0.97361,0.97382,1.50,1.00
2016.12.16 16:21:31.446,0.97361,0.97384,1.75,1.00
2016.12.16 16:21:31.598,0.97368,0.97386,1.00,1.87
2016.12.16 16:21:31.906,0.97361,0.97382,2.25,1.00
2016.12.16 16:21:32.007,0.97366,0.97386,1.00,2.25
2016.12.16 16:21:32.158,0.97368,0.97386,1.37,1.00
2016.12.16 16:21:32.411,0.97368,0.97392,2.25,1.00
2016.12.16 16:21:32.461,0.97368,0.97386,1.75,1.00
2016.12.16 16:21:32.562,0.9737,0.97392,1.12,1.75
2016.12.16 16:21:32.663,0.97371,0.97394,1.37,1.50
2016.12.16 16:21:32.714,0.97371,0.97394,1.50,1.87
2016.12.16 16:21:32.844,0.97371,0.97392,1.50,1.00
2016.12.16 16:21:33.355,0.9737,0.97391,1.75,1.12
2016.12.16 16:21:33.456,0.97369,0.97387,2.25,1.00
2016.12.16 16:21:33.608,0.9737,0.9739,1.50,1.00
2016.12.16 16:21:33.658,0.97367,0.97388,3.00,1.00
2016.12.16 16:21:33.860,0.9736,0.97382,4.12,1.00
2016.12.16 16:21:34.384,0.97363,0.97384,1.12,1.50
2016.12.16 16:21:34.890,0.9736,0.97382,1.75,1.00
2016.12.16 16:21:35.290,0.9736,0.9738,1.75,1.00
2016.12.16 16:21:35.341,0.97362,0.9738,1.00,1.00
2016.12.16 16:21:35.929,0.97362,0.97383,1.00,1.00
2016.12.16 16:21:36.049,0.97364,0.97383,1.00,1.00
2016.12.16 16:21:36.251,0.97362,0.97383,1.00,1.00
2016.12.16 16:21:36.499,0.97362,0.97385,1.75,1.50
2016.12.16 16:21:36.550,0.97366,0.97388,1.12,1.00
2016.12.16 16:21:37.075,0.97368,0.97388,1.00,1.12
2016.12.16 16:21:37.559,0.97366,0.97388,1.12,1.12
2016.12.16 16:21:38.064,0.97367,0.97389,1.00,1.50
2016.12.16 16:21:38.266,0.97368,0.97389,1.37,1.12
2016.12.16 16:21:38.417,0.97367,0.97388,1.50,1.12
2016.12.16 16:21:38.569,0.97368,0.97392,1.87,1.50
2016.12.16 16:21:38.873,0.97367,0.97391,3.00,1.00
2016.12.16 16:21:39.410,0.97369,0.97394,2.25,1.50
2016.12.16 16:21:39.460,0.97371,0.97394,1.37,1.12
2016.12.16 16:21:39.965,0.97371,0.97394,1.75,1.50
2016.12.16 16:21:40.506,0.97371,0.97392,1.00,1.00
2016.12.16 16:21:41.016,0.97371,0.97392,1.50,1.00
2016.12.16 16:21:41.540,0.97369,0.97391,1.75,1.00
2016.12.16 16:21:41.892,0.97372,0.97393,1.75,1.00
2016.12.16 16:21:42.097,0.97371,0.97393,1.00,1.50
2016.12.16 16:21:42.618,0.9737,0.97392,1.50,1.00
2016.12.16 16:21:42.668,0.9737,0.97392,1.50,1.37
2016.12.16 16:21:43.703,0.97369,0.97391,1.12,1.37
2016.12.16 16:21:44.006,0.97371,0.97391,1.12,1.12
2016.12.16 16:21:45.796,0.97368,0.97391,2.25,1.87
2016.12.16 16:21:46.394,0.97368,0.9739,1.50,1.00
2016.12.16 16:21:46.596,0.9737,0.97392,1.12,1.37
2016.12.16 16:21:46.941,0.97374,0.97396,1.00,3.00
2016.12.16 16:21:46.992,0.97374,0.97395,1.37,1.50
2016.12.16 16:21:47.593,0.97372,0.97391,1.75,1.00
2016.12.16 16:21:47.745,0.97366,0.9739,3.37,1.00
2016.12.16 16:21:47.795,0.97367,0.9739,1.75,1.37
2016.12.16 16:21:47.846,0.97366,0.9739,3.75,1.50
2016.12.16 16:21:47.897,0.97367,0.9739,1.37,1.00
2016.12.16 16:21:47.947,0.97372,0.97394,1.00,3.00
2016.12.16 16:21:48.112,0.97371,0.97394,1.87,1.50
2016.12.16 16:21:48.704,0.97373,0.97395,1.00,1.75
2016.12.16 16:21:48.805,0.97374,0.97394,1.00,1.00
2016.12.16 16:21:48.856,0.97374,0.97392,1.00,1.00
2016.12.16 16:21:49.007,0.97369,0.97391,1.75,1.00
2016.12.16 16:21:49.209,0.97368,0.97388,1.00,1.12
2016.12.16 16:21:49.556,0.97369,0.97388,1.50,1.00
2016.12.16 16:21:49.607,0.97368,0.97388,1.00,1.50
2016.12.16 16:21:49.708,0.97364,0.97389,1.87,2.25
2016.12.16 16:21:49.758,0.97367,0.97389,1.00,2.25
2016.12.16 16:21:50.055,0.97363,0.97385,1.00,1.37
2016.12.16 16:21:50.572,0.97362,0.97384,1.50,1.00
2016.12.16 16:21:50.872,0.97367,0.97385,1.00,1.00
2016.12.16 16:21:51.024,0.97371,0.97391,1.00,2.25
2016.12.16 16:21:51.376,0.97373,0.97394,1.00,1.75
2016.12.16 16:21:51.994,0.97373,0.97394,1.00,2.25
2016.12.16 16:21:52.513,0.97372,0.97393,1.00,1.75
2016.12.16 16:21:52.716,0.9737,0.97392,1.12,1.75
2016.12.16 16:21:52.817,0.97372,0.97394,1.00,1.75
2016.12.16 16:21:52.918,0.9737,0.97392,1.12,1.75
2016.12.16 16:21:53.321,0.97372,0.97394,1.00,1.75
2016.12.16 16:21:53.867,0.9737,0.97392,1.50,1.12
2016.12.16 16:21:54.170,0.9737,0.97392,1.50,1.75
2016.12.16 16:21:54.220,0.9737,0.97392,1.50,1.00
2016.12.16 16:21:54.423,0.9737,0.97394,1.50,1.12
2016.12.16 16:21:54.624,0.97371,0.97394,1.12,1.75
2016.12.16 16:21:55.332,0.97372,0.97393,1.00,1.00
2016.12.16 16:21:55.534,0.97371,0.97394,1.00,1.75
2016.12.16 16:21:55.860,0.97371,0.97392,1.75,1.00
2016.12.16 16:21:56.112,0.97369,0.97392,1.00,1.75
2016.12.16 16:21:56.616,0.97368,0.97389,1.75,1.00
2016.12.16 16:21:57.313,0.97368,0.97389,1.50,1.37
2016.12.16 16:21:57.861,0.97368,0.97389,1.00,1.50
2016.12.16 16:21:58.397,0.97367,0.97388,1.00,1.00
2016.12.16 16:21:58.548,0.97364,0.97387,1.37,1.37
2016.12.16 16:21:59.536,0.97366,0.97388,1.50,2.25
2016.12.16 16:22:00.256,0.97371,0.97389,1.00,1.75
2016.12.16 16:22:00.476,0.97372,0.97391,1.00,1.00
2016.12.16 16:22:00.628,0.97369,0.97391,2.25,1.50
2016.12.16 16:22:00.930,0.9737,0.97389,1.00,1.50
2016.12.16 16:22:01.522,0.9737,0.9739,1.00,1.50
2016.12.16 16:22:01.920,0.97372,0.97394,1.00,3.37
2016.12.16 16:22:01.971,0.97372,0.97394,1.50,1.12
2016.12.16 16:22:02.274,0.97373,0.97393,1.00,1.37
2016.12.16 16:22:02.792,0.9737,0.97393,1.50,1.37
2016.12.16 16:22:03.255,0.9737,0.97391,1.00,1.75
2016.12.16 16:22:03.530,0.97367,0.97388,1.50,1.87
2016.12.16 16:22:03.631,0.97363,0.97386,1.50,1.87
2016.12.16 16:22:03.682,0.97363,0.97386,1.12,1.75
2016.12.16 16:22:03.732,0.97365,0.97386,1.00,2.25
2016.12.16 16:22:03.934,0.97365,0.97388,1.75,2.25
2016.12.16 16:22:04.435,0.97368,0.97388,1.00,2.25
2016.12.16 16:22:04.737,0.97368,0.97389,1.50,1.50
2016.12.16 16:22:04.838,0.97366,0.97388,1.12,1.12
2016.12.16 16:22:04.939,0.97366,0.9739,1.00,1.75
2016.12.16 16:22:05.242,0.97367,0.97392,1.37,1.75
2016.12.16 16:22:05.681,0.97367,0.97386,1.00,1.00
2016.12.16 16:22:05.832,0.97365,0.97386,1.00,1.00
2016.12.16 16:22:05.987,0.97365,0.97388,1.75,1.50
2016.12.16 16:22:06.292,0.97365,0.97386,1.00,1.50
2016.12.16 16:22:06.641,0.97371,0.97391,1.00,1.00
2016.12.16 16:22:06.943,0.97369,0.97393,1.12,2.25
2016.12.16 16:22:07.044,0.97371,0.97392,1.12,1.37
2016.12.16 16:22:08.136,0.97371,0.9739,1.12,1.00
2016.12.16 16:22:08.452,0.9737,0.97388,1.00,1.00
2016.12.16 16:22:08.553,0.97372,0.97394,1.00,1.75
2016.12.16 16:22:08.607,0.97374,0.97394,1.00,1.75
2016.12.16 16:22:08.658,0.97374,0.97396,1.87,1.87
2016.12.16 16:22:09.878,0.97374,0.97391,1.37,1.00
2016.12.16 16:22:10.297,0.97374,0.97395,1.37,1.12
2016.12.16 16:22:10.881,0.97375,0.97398,1.50,1.75
2016.12.16 16:22:10.982,0.97383,0.97396,1.00,1.00
2016.12.16 16:22:11.284,0.97387,0.97399,2.62,1.00
2016.12.16 16:22:11.467,0.97387,0.97408,2.62,1.12
2016.12.16 16:22:11.870,0.97388,0.97409,1.50,2.25
2016.12.16 16:22:12.397,0.97387,0.97406,1.00,1.12
2016.12.16 16:22:12.925,0.97386,0.97409,1.12,2.25
2016.12.16 16:22:12.976,0.97386,0.97409,2.25,2.25
2016.12.16 16:22:13.228,0.97387,0.97406,1.12,1.00
2016.12.16 16:22:13.279,0.97387,0.97408,1.12,1.12
2016.12.16 16:22:13.801,0.97388,0.97407,1.00,1.00
2016.12.16 16:22:14.114,0.97385,0.97407,1.50,1.75
2016.12.16 16:22:14.793,0.97386,0.97408,1.00,1.75
2016.12.16 16:22:15.045,0.97389,0.97406,1.00,1.37
2016.12.16 16:22:15.246,0.97389,0.9741,1.00,1.50
2016.12.16 16:22:15.409,0.97389,0.97409,1.00,1.75
2016.12.16 16:22:15.510,0.97389,0.97411,1.50,2.25
2016.12.16 16:22:15.612,0.97389,0.97411,1.00,2.25
2016.12.16 16:22:15.713,0.97387,0.9741,1.00,2.25
2016.12.16 16:22:16.037,0.97385,0.97407,1.00,3.37
2016.12.16 16:22:16.189,0.97386,0.97406,1.00,1.37
2016.12.16 16:22:17.038,0.97385,0.97406,1.87,1.37
2016.12.16 16:22:18.002,0.97385,0.97402,1.12,1.00
2016.12.16 16:22:18.103,0.97382,0.97402,1.00,1.00
2016.12.16 16:22:18.314,0.97378,0.97401,1.12,1.12
2016.12.16 16:22:18.414,0.97378,0.97401,1.12,2.25
2016.12.16 16:22:19.220,0.97376,0.97399,1.87,1.75
2016.12.16 16:22:19.321,0.97373,0.97395,1.87,1.12
2016.12.16 16:22:19.484,0.97375,0.97396,1.00,1.50
2016.12.16 16:22:19.617,0.97377,0.97401,1.00,1.75
2016.12.16 16:22:19.819,0.97378,0.97403,1.50,1.75
2016.12.16 16:22:19.920,0.97381,0.97403,1.00,1.00
2016.12.16 16:22:20.171,0.97381,0.97404,1.12,1.75
2016.12.16 16:22:20.563,0.97377,0.97402,1.87,4.12
2016.12.16 16:22:20.614,0.97377,0.974,1.00,1.50
2016.12.16 16:22:20.815,0.97378,0.974,1.37,1.37
2016.12.16 16:22:21.118,0.97376,0.974,1.12,3.00
2016.12.16 16:22:21.620,0.97376,0.97399,1.00,2.62
2016.12.16 16:22:21.721,0.97378,0.97401,1.00,4.12
2016.12.16 16:22:21.822,0.9738,0.97401,1.00,3.37
2016.12.16 16:22:21.923,0.97381,0.97401,1.00,1.37
2016.12.16 16:22:22.024,0.97381,0.97405,1.50,1.75
2016.12.16 16:22:22.326,0.97379,0.97403,1.00,1.75
2016.12.16 16:22:22.599,0.97379,0.97401,1.00,1.00
2016.12.16 16:22:22.701,0.97378,0.97401,1.37,1.50
2016.12.16 16:22:22.751,0.97377,0.97401,1.00,2.25
2016.12.16 16:22:23.264,0.97376,0.97399,1.12,1.50
2016.12.16 16:22:23.315,0.97376,0.97399,1.00,1.75
2016.12.16 16:22:23.730,0.97373,0.97399,1.12,4.87
2016.12.16 16:22:23.920,0.97372,0.97392,1.37,1.00
2016.12.16 16:22:24.021,0.97372,0.97396,1.37,1.50
2016.12.16 16:22:24.071,0.97376,0.97396,1.00,1.50
2016.12.16 16:22:24.223,0.97376,0.97397,1.00,1.00
2016.12.16 16:22:24.323,0.97377,0.97402,1.50,2.25
2016.12.16 16:22:24.819,0.97375,0.974,2.25,1.75
2016.12.16 16:22:25.587,0.97372,0.97399,2.62,4.12
2016.12.16 16:22:25.638,0.97372,0.97393,1.00,1.00
2016.12.16 16:22:26.212,0.97371,0.97393,1.50,1.00
2016.12.16 16:22:26.363,0.97371,0.97391,1.50,1.00
2016.12.16 16:22:26.464,0.97371,0.97393,1.50,1.00
2016.12.16 16:22:26.515,0.97371,0.97397,1.50,1.75
2016.12.16 16:22:26.915,0.97372,0.97391,1.37,1.00
2016.12.16 16:22:27.066,0.97372,0.97398,1.37,2.25
2016.12.16 16:22:27.331,0.97372,0.97396,1.75,1.00
2016.12.16 16:22:27.857,0.97376,0.97397,1.00,1.50
2016.12.16 16:22:28.260,0.97374,0.97397,1.50,1.00
2016.12.16 16:22:28.767,0.97374,0.97396,1.50,1.00
2016.12.16 16:22:28.818,0.97374,0.97391,1.50,1.00
2016.12.16 16:22:29.428,0.97375,0.97391,1.00,1.00
2016.12.16 16:22:31.144,0.97374,0.97396,1.00,1.00
2016.12.16 16:22:31.711,0.97374,0.97397,1.00,2.25
2016.12.16 16:22:32.253,0.97371,0.97395,1.75,1.37
2016.12.16 16:22:32.657,0.97371,0.97396,2.25,1.75
2016.12.16 16:22:33.317,0.97369,0.97394,1.50,1.75
2016.12.16 16:22:33.368,0.97369,0.97391,1.50,1.00
2016.12.16 16:22:33.863,0.97369,0.97387,1.00,1.00
2016.12.16 16:22:34.369,0.97369,0.97386,1.00,1.00
2016.12.16 16:22:34.420,0.97369,0.97391,1.00,1.00
2016.12.16 16:22:34.521,0.97369,0.97386,1.00,1.00
2016.12.16 16:22:34.839,0.97369,0.97391,1.50,1.00
2016.12.16 16:22:35.149,0.97369,0.97392,1.50,2.25
2016.12.16 16:22:35.871,0.97364,0.97387,2.25,1.00
2016.12.16 16:22:35.972,0.97364,0.97387,2.25,1.00
2016.12.16 16:22:36.124,0.97364,0.97387,2.25,1.12
2016.12.16 16:22:36.639,0.97366,0.97388,1.00,1.00
2016.12.16 16:22:37.084,0.97369,0.97388,1.00,1.00
2016.12.16 16:22:37.135,0.97366,0.97389,1.00,1.50
2016.12.16 16:22:37.728,0.97365,0.97388,1.50,1.37
2016.12.16 16:22:37.829,0.97369,0.97389,1.00,1.37
2016.12.16 16:22:37.981,0.97369,0.97389,1.12,1.12
2016.12.16 16:22:38.181,0.97364,0.97387,1.75,1.00
2016.12.16 16:22:38.455,0.97366,0.97386,1.00,1.00
2016.12.16 16:22:39.013,0.97366,0.97387,1.00,1.50
2016.12.16 16:22:40.106,0.97366,0.97385,1.00,1.00
2016.12.16 16:22:40.257,0.97362,0.97383,1.00,1.00
2016.12.16 16:22:40.781,0.97362,0.97382,1.00,1.00
2016.12.16 16:22:41.152,0.97364,0.97382,1.00,1.00
2016.12.16 16:22:41.253,0.97362,0.97383,1.00,1.00
2016.12.16 16:22:41.454,0.97358,0.97382,1.75,1.50
2016.12.16 16:22:41.984,0.97359,0.97381,1.50,1.50
2016.12.16 16:22:42.743,0.97357,0.97381,2.25,1.37
2016.12.16 16:22:42.944,0.9736,0.97386,2.25,1.75
2016.12.16 16:22:43.096,0.97366,0.97386,1.00,1.50
2016.12.16 16:22:43.196,0.97364,0.97389,1.75,1.87
2016.12.16 16:22:43.298,0.97363,0.97389,2.25,2.25
2016.12.16 16:22:43.745,0.97362,0.97385,3.37,1.00
2016.12.16 16:22:43.897,0.97361,0.97383,2.25,1.12
2016.12.16 16:22:44.402,0.97359,0.97382,1.75,1.12
2016.12.16 16:22:44.829,0.97361,0.97384,3.00,1.00
2016.12.16 16:22:44.880,0.97361,0.97386,3.00,1.12
2016.12.16 16:22:45.032,0.97361,0.97384,1.75,1.00
2016.12.16 16:22:45.183,0.97359,0.97382,2.25,1.00
2016.12.16 16:22:45.689,0.97359,0.97384,2.25,1.37
2016.12.16 16:22:45.890,0.97362,0.97384,1.00,1.75
2016.12.16 16:22:45.991,0.9736,0.97384,1.75,1.50
2016.12.16 16:22:46.211,0.97361,0.97381,1.50,1.00
2016.12.16 16:22:46.768,0.97359,0.97383,1.75,1.87
2016.12.16 16:22:46.919,0.97359,0.97381,2.25,1.00
2016.12.16 16:22:47.021,0.97358,0.97383,1.75,1.87
2016.12.16 16:22:47.273,0.9736,0.97382,1.75,1.00
2016.12.16 16:22:47.609,0.97357,0.9738,3.00,1.00
2016.12.16 16:22:48.122,0.97359,0.97381,2.25,1.12
2016.12.16 16:22:48.324,0.97361,0.97383,1.12,1.50
2016.12.16 16:22:48.375,0.97361,0.97383,1.75,1.00
2016.12.16 16:22:48.890,0.97364,0.97384,1.12,1.12
2016.12.16 16:22:49.350,0.97365,0.97382,1.00,1.00
2016.12.16 16:22:49.501,0.97359,0.97382,2.25,1.00
2016.12.16 16:22:49.843,0.97365,0.97385,1.12,1.37
2016.12.16 16:22:49.893,0.97364,0.97387,1.75,2.25
2016.12.16 16:22:52.377,0.97364,0.97389,2.25,2.25
2016.12.16 16:22:52.528,0.97363,0.97389,2.85,1.50
2016.12.16 16:22:53.076,0.97365,0.97388,3.37,1.12
2016.12.16 16:22:53.452,0.97366,0.9739,3.00,1.12
2016.12.16 16:22:53.502,0.97369,0.97391,1.50,1.00
2016.12.16 16:22:53.804,0.97373,0.97393,1.00,1.00
2016.12.16 16:22:54.107,0.9737,0.97393,1.50,1.50
2016.12.16 16:22:54.319,0.9737,0.97393,1.50,2.25
2016.12.16 16:22:55.616,0.97371,0.97393,1.50,1.00
2016.12.16 16:22:56.130,0.97371,0.97394,1.50,1.12
2016.12.16 16:22:56.685,0.97372,0.97394,1.50,1.12
2016.12.16 16:22:56.735,0.97374,0.97394,1.37,1.00
2016.12.16 16:22:57.124,0.97369,0.97392,3.00,1.50
2016.12.16 16:22:57.228,0.97369,0.97392,2.25,1.00
2016.12.16 16:22:57.683,0.97372,0.97395,1.75,1.50
2016.12.16 16:22:58.035,0.97376,0.97397,1.12,1.37
2016.12.16 16:22:58.901,0.97375,0.97399,2.25,1.00
2016.12.16 16:22:59.170,0.97379,0.97401,1.00,1.50
2016.12.16 16:22:59.510,0.97379,0.974,1.75,1.00
2016.12.16 16:23:00.294,0.97378,0.97405,3.00,3.00
2016.12.16 16:23:00.496,0.97381,0.97405,2.25,1.87
2016.12.16 16:23:00.546,0.97382,0.97405,1.75,1.00
2016.12.16 16:23:00.647,0.97382,0.97403,1.75,1.00
2016.12.16 16:23:00.748,0.97382,0.97403,1.00,1.00
2016.12.16 16:23:02.196,0.97382,0.97404,1.00,1.50
2016.12.16 16:23:02.652,0.9738,0.97407,2.25,2.25
2016.12.16 16:23:02.954,0.9738,0.97401,1.75,1.00
2016.12.16 16:23:03.004,0.9738,0.974,1.50,1.00
2016.12.16 16:23:03.564,0.97376,0.974,1.75,1.87
2016.12.16 16:23:03.614,0.97378,0.974,1.12,3.00
2016.12.16 16:23:04.149,0.97375,0.97399,1.75,1.12
2016.12.16 16:23:04.484,0.97376,0.97396,1.12,1.00
2016.12.16 16:23:04.955,0.97374,0.97399,1.75,2.25
2016.12.16 16:23:05.057,0.97375,0.97398,1.00,1.37
2016.12.16 16:23:05.411,0.97376,0.97397,1.00,1.00
2016.12.16 16:23:06.206,0.97374,0.97396,1.37,1.12
2016.12.16 16:23:06.736,0.97374,0.97398,2.25,2.25
2016.12.16 16:23:06.940,0.97374,0.97395,1.50,1.00
2016.12.16 16:23:07.242,0.97369,0.97392,1.37,2.25
2016.12.16 16:23:07.530,0.97371,0.97394,1.12,1.75
2016.12.16 16:23:07.630,0.97372,0.97395,1.37,1.75
2016.12.16 16:23:07.681,0.97372,0.97395,1.75,1.50
2016.12.16 16:23:08.451,0.97372,0.97392,1.75,1.50
2016.12.16 16:23:08.603,0.97368,0.97391,1.75,1.00
2016.12.16 16:23:09.494,0.97368,0.97392,2.25,1.87
2016.12.16 16:23:10.115,0.97368,0.97389,1.50,1.00
2016.12.16 16:23:10.418,0.97365,0.9739,3.37,1.00
2016.12.16 16:23:10.721,0.97365,0.97388,1.75,1.12
2016.12.16 16:23:11.041,0.97366,0.97385,1.50,1.00
2016.12.16 16:23:11.142,0.97365,0.97387,2.25,1.00
2016.12.16 16:23:11.252,0.97366,0.97387,1.50,1.00
2016.12.16 16:23:11.318,0.97367,0.97391,1.75,2.25
2016.12.16 16:23:11.521,0.97371,0.97393,1.00,1.50
2016.12.16 16:23:11.572,0.97371,0.97386,1.00,1.00
2016.12.16 16:23:11.622,0.97371,0.97389,1.00,1.00
2016.12.16 16:23:11.673,0.97368,0.97388,2.62,1.00
2016.12.16 16:23:11.824,0.97368,0.97388,1.00,1.00
2016.12.16 16:23:11.925,0.97362,0.97388,5.62,1.37
2016.12.16 16:23:12.331,0.97365,0.97388,1.37,1.50
2016.12.16 16:23:12.665,0.97369,0.97393,1.50,1.37
2016.12.16 16:23:13.173,0.9737,0.97391,1.00,1.00
2016.12.16 16:23:13.421,0.97372,0.97393,1.00,1.50
2016.12.16 16:23:13.724,0.9737,0.97394,1.75,1.12
2016.12.16 16:23:14.339,0.97373,0.97398,3.00,1.75
2016.12.16 16:23:14.440,0.97374,0.97399,1.75,1.37
2016.12.16 16:23:14.491,0.97377,0.97399,1.00,1.00
2016.12.16 16:23:14.843,0.97376,0.97399,1.75,1.00
2016.12.16 16:23:15.259,0.97374,0.97397,1.75,1.00
2016.12.16 16:23:15.561,0.97375,0.97397,1.00,1.37
2016.12.16 16:23:16.067,0.97373,0.97399,1.75,1.50
2016.12.16 16:23:16.611,0.97377,0.97398,1.00,1.00
2016.12.16 16:23:17.707,0.97377,0.97397,1.00,1.00
2016.12.16 16:23:18.213,0.97372,0.97397,2.25,1.37
2016.12.16 16:23:19.921,0.97371,0.97395,3.37,1.00
2016.12.16 16:23:20.188,0.97374,0.97395,1.00,1.37
2016.12.16 16:23:20.389,0.97372,0.97396,1.50,1.00
2016.12.16 16:23:21.361,0.97374,0.97394,1.00,1.30
2016.12.16 16:23:23.133,0.97361,0.97384,1.75,1.00
2016.12.16 16:23:23.184,0.97361,0.97384,1.75,1.87
2016.12.16 16:23:23.285,0.97361,0.97384,1.50,1.50
2016.12.16 16:23:25.643,0.97364,0.97384,1.00,1.50
2016.12.16 16:23:25.803,0.9736,0.97383,1.75,1.12
2016.12.16 16:23:26.549,0.97363,0.97387,1.50,1.75
2016.12.16 16:23:27.099,0.97362,0.97386,1.75,2.25
2016.12.16 16:23:27.613,0.97361,0.97385,2.25,1.00
2016.12.16 16:23:28.129,0.97361,0.97386,1.75,2.25
2016.12.16 16:23:28.599,0.97362,0.97385,1.00,1.37
2016.12.16 16:23:28.700,0.9736,0.97386,1.50,4.50
2016.12.16 16:23:29.053,0.97361,0.97383,1.00,1.00
2016.12.16 16:23:29.153,0.97361,0.97381,1.00,1.00
2016.12.16 16:23:29.254,0.97361,0.97383,1.00,1.00
2016.12.16 16:23:29.506,0.97363,0.97383,1.00,1.00
2016.12.16 16:23:29.830,0.97364,0.97385,1.00,1.12
2016.12.16 16:23:30.193,0.97383,0.97392,1.00,1.50
2016.12.16 16:23:30.244,0.9739,0.97416,1.00,1.00
2016.12.16 16:23:30.295,0.97392,0.97419,1.00,1.00
2016.12.16 16:23:30.346,0.97407,0.9745,1.00,5.25
2016.12.16 16:23:30.397,0.97419,0.97433,1.50,1.37
2016.12.16 16:23:30.548,0.97425,0.97438,1.00,1.00
2016.12.16 16:23:30.764,0.97419,0.97445,1.50,1.00
2016.12.16 16:23:30.814,0.97418,0.97442,1.00,1.50
2016.12.16 16:23:30.865,0.97414,0.97441,2.25,1.00
2016.12.16 16:23:30.916,0.97414,0.97443,1.00,1.00
2016.12.16 16:23:30.966,0.97414,0.97439,1.50,1.00
2016.12.16 16:23:31.269,0.97421,0.97444,1.00,1.00
2016.12.16 16:23:31.420,0.97424,0.97448,1.00,1.00
2016.12.16 16:23:31.471,0.97424,0.97451,1.00,1.00
2016.12.16 16:23:31.522,0.97429,0.97451,1.00,1.37
2016.12.16 16:23:31.825,0.97428,0.97454,1.00,1.12
2016.12.16 16:23:31.926,0.97425,0.97452,1.00,1.00
2016.12.16 16:23:32.430,0.97424,0.97451,1.00,1.00
2016.12.16 16:23:32.946,0.9742,0.97442,1.50,1.00
2016.12.16 16:23:33.047,0.97418,0.97442,1.00,1.00
2016.12.16 16:23:33.098,0.97419,0.9744,1.00,1.00
2016.12.16 16:23:33.148,0.97413,0.97439,1.00,1.00
2016.12.16 16:23:33.451,0.97413,0.97441,1.00,1.12
2016.12.16 16:23:33.653,0.97417,0.97441,1.00,1.00
2016.12.16 16:23:33.904,0.97419,0.97444,1.00,1.00
2016.12.16 16:23:34.090,0.97419,0.97446,1.00,1.00
2016.12.16 16:23:34.343,0.97421,0.97446,1.00,1.50
2016.12.16 16:23:34.746,0.97421,0.97448,1.00,1.00
2016.12.16 16:23:35.284,0.97421,0.97447,1.00,1.00
2016.12.16 16:23:35.865,0.9742,0.97446,1.00,1.00
2016.12.16 16:23:36.021,0.97416,0.97445,2.25,1.00
2016.12.16 16:23:36.526,0.97419,0.97444,1.00,1.00
2016.12.16 16:23:36.627,0.97417,0.97444,1.50,1.00
2016.12.16 16:23:36.855,0.97417,0.97442,1.00,1.00
2016.12.16 16:23:37.363,0.97416,0.97441,1.00,1.00
2016.12.16 16:23:37.727,0.97415,0.97439,1.00,1.00
2016.12.16 16:23:38.107,0.97413,0.97441,1.35,1.37
2016.12.16 16:23:38.208,0.97415,0.97441,1.00,1.00
2016.12.16 16:23:38.514,0.97419,0.97444,1.00,1.12
2016.12.16 16:23:38.766,0.97416,0.97445,2.10,1.50
2016.12.16 16:23:39.207,0.97419,0.97442,1.00,1.00
2016.12.16 16:23:39.258,0.97417,0.97441,2.10,1.00
2016.12.16 16:23:39.713,0.97414,0.9744,1.00,1.00
2016.12.16 16:23:39.814,0.97416,0.97441,1.00,1.50
2016.12.16 16:23:40.189,0.97414,0.97441,1.50,1.00
2016.12.16 16:23:40.493,0.97414,0.97439,1.00,1.00
2016.12.16 16:23:40.846,0.97414,0.97438,1.00,1.50
2016.12.16 16:23:41.047,0.9741,0.97437,1.87,1.12
2016.12.16 16:23:41.098,0.9741,0.97436,1.50,1.37
2016.12.16 16:23:41.199,0.97406,0.97433,1.00,1.00
2016.12.16 16:23:41.388,0.97405,0.97428,1.00,1.00
2016.12.16 16:23:41.489,0.97403,0.9743,1.00,1.87
2016.12.16 16:23:41.540,0.97403,0.9743,2.25,2.25
2016.12.16 16:23:41.842,0.97406,0.97432,1.35,2.25
2016.12.16 16:23:42.044,0.97405,0.9743,1.00,1.00
2016.12.16 16:23:42.195,0.97407,0.97428,1.00,1.00
2016.12.16 16:23:42.246,0.97402,0.97424,1.50,1.00
2016.12.16 16:23:42.297,0.97402,0.97422,1.00,1.00
2016.12.16 16:23:42.347,0.97399,0.97426,2.25,1.00
2016.12.16 16:23:42.514,0.97398,0.97422,1.50,1.00
2016.12.16 16:23:42.767,0.97396,0.97421,1.00,1.00
2016.12.16 16:23:43.019,0.97401,0.97424,1.00,1.75
2016.12.16 16:23:43.337,0.97401,0.97425,1.00,1.12
2016.12.16 16:23:43.538,0.974,0.97426,1.00,2.62
2016.12.16 16:23:44.067,0.97399,0.97427,1.50,3.00
2016.12.16 16:23:44.626,0.97399,0.97424,1.00,1.12
2016.12.16 16:23:45.029,0.97398,0.97422,1.00,1.00
2016.12.16 16:23:45.130,0.97394,0.9742,1.50,1.00
2016.12.16 16:23:45.382,0.97394,0.97422,1.00,2.25
2016.12.16 16:23:45.534,0.97394,0.9742,1.50,1.37
2016.12.16 16:23:45.685,0.97391,0.9742,1.50,2.25
2016.12.16 16:23:46.226,0.97392,0.97419,1.50,1.37
2016.12.16 16:23:46.582,0.9739,0.97418,1.00,1.12
2016.12.16 16:23:46.813,0.97392,0.97418,1.00,1.12
2016.12.16 16:23:47.014,0.97389,0.97418,1.50,1.37
2016.12.16 16:23:47.563,0.9739,0.97419,1.00,2.25
2016.12.16 16:23:47.714,0.97392,0.97419,1.00,1.50
2016.12.16 16:23:47.765,0.97392,0.97419,1.00,1.12
2016.12.16 16:23:47.966,0.9739,0.9742,3.75,1.12
2016.12.16 16:23:48.017,0.97393,0.9742,1.00,1.12
2016.12.16 16:23:48.536,0.97391,0.9742,1.50,3.00
2016.12.16 16:23:49.494,0.9739,0.97416,1.50,1.00
2016.12.16 16:23:49.971,0.97394,0.9742,1.50,1.00
2016.12.16 16:23:50.072,0.97394,0.97422,1.50,1.00
2016.12.16 16:23:50.123,0.97396,0.97425,1.00,2.25
2016.12.16 16:23:50.375,0.97396,0.97425,1.00,1.87
2016.12.16 16:23:50.426,0.97398,0.97425,1.00,1.87
2016.12.16 16:23:50.728,0.97398,0.97416,1.00,1.00
2016.12.16 16:23:50.879,0.97394,0.97413,1.00,1.00
2016.12.16 16:23:50.930,0.97387,0.97412,1.00,1.37
2016.12.16 16:23:51.031,0.97387,0.97411,1.00,1.50
2016.12.16 16:23:51.398,0.97388,0.97415,2.25,2.25
2016.12.16 16:23:51.449,0.9739,0.97415,1.00,1.75
2016.12.16 16:23:51.701,0.97393,0.97418,1.00,1.50
2016.12.16 16:23:51.802,0.9739,0.97416,1.00,1.50
2016.12.16 16:23:51.852,0.9739,0.97416,1.00,1.87
2016.12.16 16:23:52.188,0.9739,0.97416,1.00,1.75
2016.12.16 16:23:52.725,0.97386,0.97412,1.50,1.50
2016.12.16 16:23:52.775,0.97394,0.97413,1.00,2.10
2016.12.16 16:23:52.826,0.97391,0.97414,1.00,1.75
2016.12.16 16:23:52.927,0.97386,0.97416,1.12,4.87
2016.12.16 16:23:52.978,0.97389,0.97415,1.00,1.75
2016.12.16 16:23:53.029,0.97384,0.97414,2.85,2.25
2016.12.16 16:23:53.234,0.97385,0.97412,1.12,1.50
2016.12.16 16:23:53.435,0.97382,0.9741,1.50,1.12
2016.12.16 16:23:53.647,0.97382,0.97411,1.37,1.87
2016.12.16 16:23:53.699,0.97382,0.97407,1.50,1.00
2016.12.16 16:23:53.750,0.97382,0.97407,1.37,1.00
2016.12.16 16:23:54.052,0.97385,0.97413,2.25,2.25
2016.12.16 16:23:54.556,0.97386,0.97409,1.00,1.00
2016.12.16 16:23:55.009,0.97387,0.97411,1.00,1.50
2016.12.16 16:23:55.059,0.97385,0.97411,5.62,1.12
2016.12.16 16:23:55.372,0.97388,0.97405,1.75,1.00
2016.12.16 16:23:55.474,0.9738,0.97403,4.12,1.00
2016.12.16 16:23:55.676,0.9738,0.97404,1.37,1.37
2016.12.16 16:23:56.179,0.9738,0.97403,1.00,1.75
2016.12.16 16:23:56.410,0.9738,0.97404,1.75,1.87
2016.12.16 16:23:56.461,0.97381,0.97404,1.00,1.87
2016.12.16 16:23:56.764,0.97375,0.97398,2.25,1.00
2016.12.16 16:23:56.865,0.97375,0.97398,1.37,1.37
2016.12.16 16:23:57.016,0.97378,0.97397,1.00,1.00
2016.12.16 16:23:57.168,0.97374,0.97398,1.87,1.37
2016.12.16 16:23:57.319,0.97376,0.97401,1.37,2.25
2016.12.16 16:23:57.480,0.97376,0.97399,1.75,1.00
2016.12.16 16:23:57.531,0.97376,0.97401,1.75,1.12
2016.12.16 16:23:57.835,0.97385,0.97407,1.00,2.62
2016.12.16 16:23:57.886,0.97382,0.97409,1.35,2.25
2016.12.16 16:23:58.087,0.97385,0.9741,3.00,1.50
2016.12.16 16:23:58.239,0.97386,0.97407,1.75,1.00
2016.12.16 16:23:58.340,0.97386,0.97411,3.00,1.00
2016.12.16 16:23:58.497,0.97386,0.97408,1.75,1.50
2016.12.16 16:23:58.648,0.97384,0.97407,1.75,1.00
2016.12.16 16:23:58.800,0.97385,0.97404,1.12,1.00
2016.12.16 16:23:58.901,0.97383,0.97407,1.00,2.25
2016.12.16 16:23:59.002,0.97386,0.97409,1.00,1.75
2016.12.16 16:23:59.103,0.97384,0.97413,3.00,2.25
2016.12.16 16:23:59.153,0.97385,0.97406,2.62,1.00
2016.12.16 16:23:59.204,0.97385,0.97411,4.12,1.00
2016.12.16 16:23:59.254,0.97389,0.97406,1.00,1.00
2016.12.16 16:23:59.305,0.97386,0.9741,2.25,1.00
2016.12.16 16:23:59.406,0.97387,0.97409,1.00,1.50
2016.12.16 16:23:59.520,0.97387,0.97409,1.37,1.12
2016.12.16 16:23:59.722,0.9738,0.974,1.50,1.00
2016.12.16 16:24:00.249,0.97378,0.97401,1.50,1.12
2016.12.16 16:24:00.627,0.97377,0.97401,5.62,1.87
2016.12.16 16:24:00.728,0.97376,0.97399,1.12,1.75
2016.12.16 16:24:00.929,0.97376,0.97399,1.00,1.50
2016.12.16 16:24:01.382,0.97374,0.97399,2.25,1.00
2016.12.16 16:24:01.897,0.97374,0.97399,2.25,2.25
2016.12.16 16:24:02.472,0.97374,0.97399,2.25,1.50
2016.12.16 16:24:02.523,0.97374,0.97399,1.87,1.75
2016.12.16 16:24:02.674,0.97373,0.97399,2.25,1.75
2016.12.16 16:24:02.926,0.97372,0.97396,1.50,1.50
2016.12.16 16:24:03.286,0.97377,0.97401,1.00,5.62
2016.12.16 16:24:03.589,0.97382,0.974,1.00,1.00
2016.12.16 16:24:03.840,0.97371,0.97391,1.00,1.00
2016.12.16 16:24:03.891,0.97373,0.97394,1.00,3.37
2016.12.16 16:24:03.942,0.97369,0.97394,1.00,3.37
2016.12.16 16:24:03.992,0.97369,0.97394,1.37,1.75
2016.12.16 16:24:04.043,0.97371,0.97393,1.00,1.00
2016.12.16 16:24:04.371,0.97373,0.97398,1.37,2.62
2016.12.16 16:24:04.421,0.97376,0.97398,1.00,1.50
2016.12.16 16:24:04.472,0.97375,0.97398,2.62,1.12
2016.12.16 16:24:04.573,0.97377,0.97399,1.00,1.37
2016.12.16 16:24:04.724,0.97375,0.97397,1.00,1.00
2016.12.16 16:24:04.976,0.97376,0.97402,1.37,1.75
2016.12.16 16:24:05.278,0.97379,0.97404,1.75,1.75
2016.12.16 16:24:05.725,0.97379,0.97402,1.00,1.00
2016.12.16 16:24:05.877,0.97376,0.97402,3.37,1.00
2016.12.16 16:24:06.028,0.97376,0.97403,1.75,1.75
2016.12.16 16:24:06.383,0.97379,0.97401,1.00,1.37
2016.12.16 16:24:06.685,0.97379,0.97403,1.37,1.37
2016.12.16 16:24:06.736,0.97382,0.97405,1.00,1.50
2016.12.16 16:24:06.787,0.97381,0.97406,1.75,1.50
2016.12.16 16:24:07.290,0.97384,0.97406,1.00,1.00
2016.12.16 16:24:07.593,0.97381,0.97401,1.00,1.12
2016.12.16 16:24:07.846,0.97375,0.97402,2.25,1.50
2016.12.16 16:24:08.482,0.97376,0.974,3.37,1.00
2016.12.16 16:24:08.583,0.97377,0.97402,1.75,1.12
2016.12.16 16:24:09.113,0.97377,0.97396,1.75,1.00
2016.12.16 16:24:09.164,0.97377,0.97401,1.75,1.00
2016.12.16 16:24:09.681,0.97382,0.97405,2.25,1.87
2016.12.16 16:24:09.832,0.9738,0.97403,2.25,1.00
2016.12.16 16:24:09.883,0.97381,0.97404,1.75,1.00
2016.12.16 16:24:10.135,0.97371,0.97399,3.37,2.25
2016.12.16 16:24:10.235,0.97374,0.97399,1.75,1.50
2016.12.16 16:24:10.286,0.97373,0.97396,2.25,1.00
2016.12.16 16:24:11.453,0.97373,0.974,2.25,1.75
2016.12.16 16:24:11.655,0.97377,0.974,1.00,1.00
2016.12.16 16:24:11.882,0.97377,0.97399,1.00,1.37
2016.12.16 16:24:12.598,0.97373,0.97396,2.25,1.12
2016.12.16 16:24:12.649,0.97373,0.97395,1.50,1.00
2016.12.16 16:24:12.816,0.97372,0.97396,1.75,1.00
2016.12.16 16:24:13.320,0.97377,0.974,1.00,2.25
2016.12.16 16:24:14.024,0.97375,0.97399,1.75,1.00
2016.12.16 16:24:14.485,0.97375,0.974,1.75,1.37
2016.12.16 16:24:15.515,0.97378,0.97402,1.75,1.87
2016.12.16 16:24:15.616,0.97381,0.97405,1.37,1.50
2016.12.16 16:24:15.667,0.97381,0.97405,1.75,1.37
2016.12.16 16:24:15.717,0.97384,0.97406,1.00,2.25
2016.12.16 16:24:15.869,0.97384,0.97404,1.00,1.00
2016.12.16 16:24:16.423,0.9738,0.97404,1.75,1.50
2016.12.16 16:24:17.028,0.9738,0.974,1.75,1.00
2016.12.16 16:24:17.132,0.97375,0.97399,3.37,1.00
2016.12.16 16:24:17.233,0.97373,0.97399,5.62,1.50
2016.12.16 16:24:17.334,0.97376,0.97398,1.00,1.00
2016.12.16 16:24:18.174,0.97375,0.97403,2.25,3.75
2016.12.16 16:24:18.276,0.97377,0.97403,1.75,3.00
2016.12.16 16:24:18.326,0.97379,0.97401,1.00,1.00
2016.12.16 16:24:18.737,0.97377,0.97399,1.50,1.00
2016.12.16 16:24:19.040,0.97375,0.97397,1.37,1.00
2016.12.16 16:24:19.634,0.97375,0.97398,1.75,1.00
2016.12.16 16:24:19.836,0.97375,0.974,1.75,1.12
2016.12.16 16:24:20.037,0.97375,0.97397,1.75,1.00
2016.12.16 16:24:20.239,0.97372,0.97396,1.50,1.12
2016.12.16 16:24:20.771,0.97373,0.97396,1.50,1.12
2016.12.16 16:24:20.821,0.97375,0.97399,1.00,2.25
2016.12.16 16:24:20.872,0.97375,0.974,1.50,1.37
2016.12.16 16:24:21.402,0.97375,0.974,1.75,1.12
2016.12.16 16:24:22.368,0.97382,0.97401,1.00,1.00
2016.12.16 16:24:22.628,0.97377,0.97398,1.12,1.00
2016.12.16 16:24:22.679,0.97375,0.97398,1.37,2.62
2016.12.16 16:24:22.830,0.97372,0.97397,1.50,1.37
2016.12.16 16:24:23.173,0.97376,0.97401,1.00,4.87
2016.12.16 16:24:23.224,0.97375,0.974,2.25,1.37
2016.12.16 16:24:24.316,0.97374,0.97398,1.75,1.00
2016.12.16 16:24:24.517,0.97373,0.97397,1.87,1.37
2016.12.16 16:24:24.870,0.97376,0.97397,1.00,1.00
2016.12.16 16:24:25.140,0.97375,0.97399,1.00,1.00
2016.12.16 16:24:25.244,0.97378,0.97399,1.00,1.00
2016.12.16 16:24:25.559,0.97379,0.97406,2.62,1.75
2016.12.16 16:24:25.660,0.97382,0.97403,1.37,1.12
2016.12.16 16:24:25.761,0.97384,0.97405,1.00,1.00
2016.12.16 16:24:26.120,0.97384,0.97407,1.00,1.00
2016.12.16 16:24:26.221,0.97381,0.97407,1.50,1.50
2016.12.16 16:24:26.744,0.97381,0.97407,3.75,1.12
2016.12.16 16:24:27.268,0.97381,0.97408,1.75,1.12
2016.12.16 16:24:27.600,0.9738,0.97405,2.25,1.00
2016.12.16 16:24:27.851,0.9738,0.97407,3.00,1.00
2016.12.16 16:24:28.114,0.9738,0.97405,3.00,1.00
2016.12.16 16:24:28.433,0.97382,0.97406,1.00,1.00
2016.12.16 16:24:28.484,0.97378,0.97402,1.75,1.50
2016.12.16 16:24:28.636,0.97377,0.97402,2.25,1.00
2016.12.16 16:24:28.939,0.97379,0.97404,1.75,1.12
2016.12.16 16:24:29.241,0.97387,0.97411,1.00,1.00
2016.12.16 16:24:29.291,0.97388,0.97411,1.87,1.12
2016.12.16 16:24:29.594,0.97387,0.97411,1.75,1.00
2016.12.16 16:24:29.851,0.97389,0.97413,1.75,1.00
2016.12.16 16:24:30.002,0.97388,0.9741,1.37,1.00
2016.12.16 16:24:30.304,0.97384,0.97406,2.25,1.00
2016.12.16 16:24:30.766,0.97389,0.97411,1.00,1.00
2016.12.16 16:24:30.817,0.97389,0.97408,1.00,1.00
2016.12.16 16:24:31.120,0.9738,0.97405,1.75,1.00
2016.12.16 16:24:31.171,0.9738,0.97403,1.75,1.00
2016.12.16 16:24:31.675,0.97381,0.97405,3.00,1.00
2016.12.16 16:24:32.042,0.97382,0.97406,3.37,1.00
2016.12.16 16:24:32.344,0.9738,0.97404,1.75,1.75
2016.12.16 16:24:32.545,0.9738,0.97405,2.25,1.37
2016.12.16 16:24:33.090,0.9738,0.97403,1.75,1.00
2016.12.16 16:24:33.140,0.9738,0.97403,1.37,1.37
2016.12.16 16:24:33.727,0.97382,0.97404,1.00,1.50
2016.12.16 16:24:34.179,0.9738,0.97405,2.25,1.37
2016.12.16 16:24:35.481,0.9738,0.97404,3.37,1.00
2016.12.16 16:24:35.994,0.97382,0.97405,1.75,1.00
2016.12.16 16:24:36.581,0.97383,0.97406,1.75,1.12
2016.12.16 16:24:36.883,0.97389,0.97411,1.00,2.25
2016.12.16 16:24:36.984,0.97388,0.9741,1.75,1.00
2016.12.16 16:24:37.186,0.97391,0.97412,1.00,1.00
2016.12.16 16:24:37.337,0.97391,0.9741,1.00,1.00
2016.12.16 16:24:37.926,0.97387,0.97409,1.50,1.00
2016.12.16 16:24:37.977,0.97386,0.97407,1.75,1.00
2016.12.16 16:24:38.523,0.97385,0.97407,1.75,1.00
2016.12.16 16:24:39.073,0.97385,0.97408,1.75,1.00
2016.12.16 16:24:39.504,0.97385,0.97408,3.37,1.00
2016.12.16 16:24:39.807,0.97385,0.97404,3.37,1.00
2016.12.16 16:24:39.907,0.97385,0.97403,1.50,1.00
2016.12.16 16:24:40.008,0.97382,0.97401,1.00,1.00
2016.12.16 16:24:40.059,0.97382,0.97403,1.00,1.00
2016.12.16 16:24:40.160,0.97379,0.97403,3.37,1.50
2016.12.16 16:24:40.269,0.9738,0.97404,1.75,1.12
2016.12.16 16:24:40.774,0.97382,0.97405,2.25,1.00
2016.12.16 16:24:41.076,0.97385,0.97406,1.75,1.00
2016.12.16 16:24:41.751,0.97385,0.97409,1.75,1.87
2016.12.16 16:24:41.903,0.97388,0.97409,1.75,1.00
2016.12.16 16:24:42.102,0.97388,0.97412,3.37,3.00
2016.12.16 16:24:42.705,0.97394,0.97412,1.00,1.50
2016.12.16 16:24:43.173,0.97395,0.97414,1.00,1.00
2016.12.16 16:24:43.591,0.97389,0.97413,1.75,1.12
2016.12.16 16:24:44.137,0.9739,0.97412,1.75,1.50
2016.12.16 16:24:44.542,0.97389,0.9741,2.62,1.00
2016.12.16 16:24:44.593,0.97392,0.9741,1.00,1.00
2016.12.16 16:24:44.911,0.97388,0.97412,1.75,1.12
2016.12.16 16:24:45.552,0.9739,0.97411,1.12,1.00
2016.12.16 16:24:46.298,0.97387,0.97411,1.75,1.00
2016.12.16 16:24:47.046,0.97389,0.97411,1.75,1.00
2016.12.16 16:24:47.671,0.97388,0.97411,4.12,1.00
2016.12.16 16:24:48.632,0.97389,0.97412,1.75,1.00
2016.12.16 16:24:48.992,0.97391,0.97412,1.00,1.00
2016.12.16 16:24:51.978,0.97389,0.97412,1.75,1.00
2016.12.16 16:24:53.136,0.97393,0.97411,1.00,1.00
2016.12.16 16:24:53.438,0.97391,0.97412,1.12,1.00
2016.12.16 16:24:54.116,0.9739,0.97411,1.50,1.00
2016.12.16 16:24:54.792,0.9739,0.97411,1.75,1.00
2016.12.16 16:24:54.843,0.9739,0.97411,2.25,1.00
2016.12.16 16:24:55.207,0.97392,0.97411,1.00,1.00
2016.12.16 16:24:55.258,0.97392,0.97415,1.37,1.50
2016.12.16 16:24:55.409,0.97392,0.97417,1.75,1.87
2016.12.16 16:24:55.943,0.97394,0.97417,1.50,1.87
2016.12.16 16:24:56.457,0.97396,0.97417,1.00,1.00
2016.12.16 16:24:57.021,0.97396,0.97416,1.00,1.00
2016.12.16 16:24:57.741,0.97396,0.97417,1.00,1.50
2016.12.16 16:24:58.591,0.97396,0.97416,1.00,1.00
2016.12.16 16:24:59.096,0.97394,0.97416,1.75,1.00
2016.12.16 16:25:00.563,0.97394,0.97415,1.75,1.00
2016.12.16 16:25:00.815,0.97396,0.9742,1.75,1.50
2016.12.16 16:25:01.832,0.97396,0.9742,2.25,1.50
2016.12.16 16:25:02.095,0.97395,0.97417,1.50,1.00
2016.12.16 16:25:02.145,0.97393,0.97418,2.25,1.12
2016.12.16 16:25:02.196,0.97393,0.97415,1.37,1.37
2016.12.16 16:25:02.342,0.97388,0.97413,1.75,1.37
2016.12.16 16:25:02.393,0.9739,0.97411,1.75,1.00
2016.12.16 16:25:02.930,0.9739,0.97411,1.75,1.00
2016.12.16 16:25:03.031,0.97395,0.97416,1.50,1.75
2016.12.16 16:25:03.081,0.97395,0.97416,1.87,1.37
2016.12.16 16:25:03.132,0.97397,0.97416,1.75,1.00
2016.12.16 16:25:03.183,0.97398,0.97422,3.00,2.25
2016.12.16 16:25:03.284,0.97399,0.97422,1.50,1.37
2016.12.16 16:25:03.334,0.97399,0.97422,2.25,1.00
2016.12.16 16:25:03.435,0.974,0.97421,1.00,1.00
2016.12.16 16:25:03.570,0.974,0.97421,3.37,1.00
2016.12.16 16:25:03.675,0.97399,0.97421,1.75,1.00
2016.12.16 16:25:03.876,0.974,0.97421,1.00,1.00
2016.12.16 16:25:04.027,0.97398,0.9742,1.50,1.00
2016.12.16 16:25:04.280,0.97401,0.97422,1.12,1.37
2016.12.16 16:25:04.644,0.97399,0.97424,2.62,1.00
2016.12.16 16:25:04.707,0.97402,0.97424,1.00,1.00
2016.12.16 16:25:04.808,0.97398,0.97422,1.75,1.00
2016.12.16 16:25:04.959,0.97398,0.97422,1.37,1.50
2016.12.16 16:25:05.010,0.97398,0.97422,1.75,1.37
2016.12.16 16:25:05.060,0.97398,0.97422,1.75,1.12
2016.12.16 16:25:05.372,0.97398,0.97422,1.37,1.75
2016.12.16 16:25:06.163,0.97396,0.97421,3.00,1.75
2016.12.16 16:25:07.409,0.97396,0.9742,1.75,1.37
2016.12.16 16:25:07.460,0.97395,0.9742,3.37,1.12
2016.12.16 16:25:08.121,0.97395,0.97416,3.37,1.00
2016.12.16 16:25:08.171,0.97395,0.97414,1.50,1.00
2016.12.16 16:25:08.222,0.97397,0.97412,1.12,1.00
2016.12.16 16:25:08.273,0.9739,0.97412,1.00,1.37
2016.12.16 16:25:08.808,0.97389,0.9741,1.00,1.00
2016.12.16 16:25:09.333,0.97389,0.97411,1.00,2.25
2016.12.16 16:25:10.094,0.97386,0.97411,2.25,3.00
2016.12.16 16:25:10.195,0.97385,0.97409,1.75,1.12
2016.12.16 16:25:11.853,0.97387,0.97411,1.37,1.50
2016.12.16 16:25:12.371,0.97389,0.97412,2.25,1.50
2016.12.16 16:25:12.724,0.97388,0.97409,2.25,1.00
2016.12.16 16:25:12.774,0.97388,0.97411,1.75,1.12
2016.12.16 16:25:12.925,0.97387,0.97411,1.50,1.50
2016.12.16 16:25:13.026,0.97387,0.97407,1.50,1.00
2016.12.16 16:25:13.331,0.97382,0.97403,1.00,1.00
2016.12.16 16:25:13.432,0.97382,0.97405,1.50,1.00
2016.12.16 16:25:13.482,0.97382,0.97407,1.50,1.75
2016.12.16 16:25:13.986,0.97383,0.97406,1.75,1.50
2016.12.16 16:25:14.390,0.97386,0.9741,1.37,2.25
2016.12.16 16:25:14.797,0.97382,0.97408,1.75,1.87
2016.12.16 16:25:14.847,0.97382,0.97408,2.25,1.75
2016.12.16 16:25:14.998,0.97385,0.97408,1.50,1.00
2016.12.16 16:25:15.553,0.97386,0.97408,1.00,1.50
2016.12.16 16:25:15.805,0.97384,0.97406,1.50,1.00
2016.12.16 16:25:16.565,0.97385,0.97406,1.00,1.00
2016.12.16 16:25:16.867,0.97384,0.97408,1.75,1.12
2016.12.16 16:25:16.968,0.97385,0.9741,2.62,1.50
2016.12.16 16:25:17.069,0.97385,0.97408,1.75,1.00
2016.12.16 16:25:17.437,0.97388,0.97403,1.00,1.00
2016.12.16 16:25:17.690,0.97384,0.97402,1.00,1.37
2016.12.16 16:25:17.791,0.97384,0.97403,1.00,4.12
2016.12.16 16:25:17.943,0.97377,0.974,3.00,1.00
2016.12.16 16:25:18.144,0.97377,0.97397,2.25,1.00
2016.12.16 16:25:18.195,0.97379,0.97399,1.75,1.00
2016.12.16 16:25:18.396,0.97375,0.97399,1.75,1.12
2016.12.16 16:25:18.447,0.97376,0.97399,1.00,1.50
2016.12.16 16:25:18.497,0.97375,0.97399,1.50,1.50
2016.12.16 16:25:19.013,0.97374,0.97396,1.75,1.00
2016.12.16 16:25:19.316,0.9737,0.97392,1.75,1.00
2016.12.16 16:25:19.517,0.9737,0.97391,1.87,1.50
2016.12.16 16:25:19.618,0.97373,0.97393,1.00,1.87
2016.12.16 16:25:20.146,0.97369,0.97393,3.37,1.00
2016.12.16 16:25:20.468,0.9737,0.97393,3.37,1.00
2016.12.16 16:25:20.720,0.97373,0.97392,1.00,1.00
2016.12.16 16:25:22.400,0.97373,0.97391,1.00,1.00
2016.12.16 16:25:25.103,0.97373,0.97395,1.00,1.00
2016.12.16 16:25:25.204,0.97373,0.97396,1.50,2.25
2016.12.16 16:25:25.772,0.97373,0.97396,2.25,1.00
2016.12.16 16:25:26.547,0.97373,0.97393,2.25,1.00
2016.12.16 16:25:26.650,0.97374,0.97393,1.00,1.00
2016.12.16 16:25:26.751,0.9737,0.97392,1.50,1.00
2016.12.16 16:25:27.104,0.97373,0.97396,1.00,2.25
2016.12.16 16:25:27.255,0.97374,0.97399,1.75,1.50
2016.12.16 16:25:27.624,0.97378,0.97401,1.00,1.75
2016.12.16 16:25:27.776,0.97378,0.97401,1.00,3.00
2016.12.16 16:25:27.826,0.97378,0.97399,3.00,1.00
2016.12.16 16:25:28.021,0.97378,0.97403,4.12,1.12
2016.12.16 16:25:28.425,0.9738,0.97404,3.00,1.12
2016.12.16 16:25:28.576,0.97382,0.97404,1.00,1.50
2016.12.16 16:25:28.837,0.9738,0.97401,1.75,1.00
2016.12.16 16:25:28.887,0.9738,0.97403,1.75,1.00
2016.12.16 16:25:29.039,0.97379,0.97402,1.75,1.12
2016.12.16 16:25:29.429,0.97377,0.97399,2.25,1.00
2016.12.16 16:25:29.538,0.97371,0.97398,3.00,2.25
2016.12.16 16:25:29.739,0.97372,0.97393,1.00,1.00
2016.12.16 16:25:29.844,0.97372,0.97398,1.12,3.00
2016.12.16 16:25:30.317,0.97372,0.97397,1.37,2.25
2016.12.16 16:25:30.656,0.97373,0.97395,1.50,1.50
2016.12.16 16:25:31.277,0.97374,0.97395,1.00,1.00
2016.12.16 16:25:31.529,0.9737,0.97396,3.00,3.00
2016.12.16 16:25:31.579,0.97371,0.97393,1.00,1.00
2016.12.16 16:25:31.990,0.97373,0.97393,1.00,1.00
2016.12.16 16:25:32.569,0.97371,0.97393,1.50,1.00
2016.12.16 16:25:32.720,0.9737,0.97392,1.37,1.37
2016.12.16 16:25:32.922,0.97369,0.97393,1.12,1.75
2016.12.16 16:25:33.124,0.9737,0.97396,1.37,1.75
2016.12.16 16:25:33.625,0.97373,0.97396,1.00,1.75
2016.12.16 16:25:33.827,0.97371,0.97396,1.50,1.75
2016.12.16 16:25:34.079,0.97373,0.97393,1.00,1.00
2016.12.16 16:25:34.436,0.97376,0.97398,1.50,1.00
2016.12.16 16:25:36.815,0.97376,0.97402,2.25,1.75
2016.12.16 16:25:36.916,0.97376,0.97402,2.25,1.50
2016.12.16 16:25:37.316,0.97381,0.97405,1.75,1.50
2016.12.16 16:25:37.617,0.97383,0.97406,1.75,1.50
2016.12.16 16:25:37.719,0.97384,0.97406,1.00,1.50
2016.12.16 16:25:37.920,0.97382,0.97406,1.37,1.75
2016.12.16 16:25:38.021,0.97379,0.97406,1.75,3.37
2016.12.16 16:25:39.426,0.97378,0.97403,1.12,1.75
2016.12.16 16:25:39.528,0.97378,0.97403,1.00,4.12
2016.12.16 16:25:40.168,0.97379,0.97403,1.12,1.75
2016.12.16 16:25:41.525,0.97378,0.97396,1.37,1.00
2016.12.16 16:25:41.626,0.97377,0.97401,1.50,1.50
2016.12.16 16:25:42.606,0.97377,0.97401,1.75,1.37
2016.12.16 16:25:42.667,0.9738,0.97401,1.00,1.00
2016.12.16 16:25:42.717,0.97377,0.97401,1.37,1.37
2016.12.16 16:25:42.768,0.97377,0.97401,1.12,1.75
2016.12.16 16:25:43.434,0.97375,0.974,1.75,2.25
2016.12.16 16:25:44.133,0.97377,0.97402,2.25,2.25
2016.12.16 16:25:44.334,0.9738,0.97402,1.00,3.00
2016.12.16 16:25:44.435,0.97376,0.97399,1.75,1.00
2016.12.16 16:25:44.954,0.97375,0.97398,2.25,1.00
2016.12.16 16:25:45.930,0.97375,0.97399,1.75,1.00
2016.12.16 16:25:46.324,0.97375,0.97396,1.75,1.00
2016.12.16 16:25:46.425,0.97375,0.97398,1.75,1.00
2016.12.16 16:25:46.981,0.97375,0.97397,1.75,1.00
2016.12.16 16:25:47.082,0.97375,0.97396,1.00,1.00
2016.12.16 16:25:48.323,0.97375,0.97398,1.00,1.00
2016.12.16 16:25:48.424,0.97375,0.97396,1.00,1.00
2016.12.16 16:25:48.928,0.97374,0.97396,1.50,1.50
2016.12.16 16:25:50.226,0.97375,0.97396,1.00,1.50
2016.12.16 16:25:50.766,0.97374,0.97396,1.00,1.50
2016.12.16 16:25:51.304,0.97375,0.97396,1.50,1.00
2016.12.16 16:25:51.630,0.97375,0.97397,1.75,1.12
2016.12.16 16:25:53.111,0.97372,0.97396,3.37,1.00
2016.12.16 16:25:53.161,0.97371,0.97395,1.75,1.75
2016.12.16 16:25:53.363,0.97369,0.97394,1.87,1.75
2016.12.16 16:25:53.665,0.97369,0.97394,2.25,2.25
2016.12.16 16:25:53.973,0.97369,0.97392,3.00,1.00
2016.12.16 16:25:54.493,0.97375,0.97396,1.00,5.62
2016.12.16 16:25:54.544,0.97373,0.97392,1.12,1.12
2016.12.16 16:25:54.595,0.97374,0.97392,1.37,1.00
2016.12.16 16:25:54.797,0.97375,0.97396,1.50,1.00
2016.12.16 16:25:54.948,0.97374,0.97398,1.75,1.87
2016.12.16 16:25:55.049,0.97375,0.974,3.00,1.50
2016.12.16 16:25:55.100,0.97378,0.974,1.00,1.00
2016.12.16 16:25:55.251,0.97377,0.97401,1.75,1.37
2016.12.16 16:25:55.356,0.97377,0.97401,1.50,1.50
2016.12.16 16:25:55.659,0.97376,0.974,3.37,1.12
2016.12.16 16:25:55.810,0.97374,0.974,5.25,1.50
2016.12.16 16:25:55.861,0.97376,0.97402,1.75,3.00
2016.12.16 16:25:55.912,0.97379,0.97402,1.00,4.50
2016.12.16 16:25:55.962,0.97376,0.97401,1.50,1.37
2016.12.16 16:25:56.545,0.97378,0.97399,1.00,1.37
2016.12.16 16:25:56.595,0.97376,0.974,1.75,1.12
2016.12.16 16:25:56.697,0.97375,0.97398,1.75,1.00
2016.12.16 16:25:57.213,0.97375,0.974,1.75,2.25
2016.12.16 16:25:57.543,0.97374,0.97397,1.75,1.00
2016.12.16 16:25:57.644,0.97375,0.97399,2.25,1.12
2016.12.16 16:25:58.070,0.97375,0.97396,2.25,1.00
2016.12.16 16:25:58.707,0.97373,0.97399,3.00,1.12
2016.12.16 16:25:58.858,0.97372,0.97398,5.62,1.37
2016.12.16 16:25:59.214,0.97375,0.97397,1.00,1.00
2016.12.16 16:25:59.560,0.97373,0.97397,2.62,1.12
2016.12.16 16:25:59.610,0.97371,0.97397,1.75,2.25
2016.12.16 16:26:00.451,0.97379,0.97399,1.37,1.37
2016.12.16 16:26:00.501,0.97381,0.974,1.00,1.00
2016.12.16 16:26:00.603,0.97381,0.974,1.75,1.00
2016.12.16 16:26:00.754,0.97383,0.97406,1.75,1.00
2016.12.16 16:26:00.911,0.97383,0.97401,2.25,1.00
2016.12.16 16:26:01.535,0.97383,0.97406,2.25,1.00
2016.12.16 16:26:01.852,0.97386,0.97409,2.25,1.37
2016.12.16 16:26:01.903,0.97389,0.97409,1.00,1.00
2016.12.16 16:26:02.054,0.97392,0.9741,1.12,1.00
2016.12.16 16:26:02.393,0.97391,0.97413,1.50,1.00
2016.12.16 16:26:02.494,0.97391,0.97416,2.25,1.12
2016.12.16 16:26:02.796,0.97392,0.97416,4.12,1.00
2016.12.16 16:26:03.703,0.97392,0.97416,1.75,1.12
2016.12.16 16:26:04.122,0.97391,0.97417,2.25,1.75
2016.12.16 16:26:04.394,0.97394,0.97416,1.00,1.00
2016.12.16 16:26:04.813,0.97394,0.97415,1.00,1.37
2016.12.16 16:26:05.428,0.97387,0.97413,4.12,1.87
2016.12.16 16:26:05.479,0.9739,0.97413,1.00,3.00
2016.12.16 16:26:05.530,0.97387,0.97413,1.75,2.25
2016.12.16 16:26:05.732,0.97386,0.97411,4.87,1.50
2016.12.16 16:26:05.782,0.97387,0.97406,1.75,1.00
2016.12.16 16:26:05.934,0.97386,0.97411,4.87,1.12
2016.12.16 16:26:07.617,0.97386,0.97412,1.75,2.25
2016.12.16 16:26:07.668,0.97386,0.97412,1.75,2.25
2016.12.16 16:26:08.025,0.97387,0.97411,2.25,1.12
2016.12.16 16:26:08.327,0.97389,0.97414,2.25,1.50
2016.12.16 16:26:08.636,0.97388,0.9741,4.12,1.00
2016.12.16 16:26:08.788,0.97388,0.9741,1.00,2.25
2016.12.16 16:26:08.838,0.97385,0.9741,1.37,2.25
2016.12.16 16:26:08.889,0.97385,0.9741,1.00,1.75
2016.12.16 16:26:08.939,0.97385,0.9741,1.37,1.75
2016.12.16 16:26:09.329,0.97385,0.97412,1.75,3.00
2016.12.16 16:26:09.631,0.97389,0.9741,1.37,1.00
2016.12.16 16:26:09.732,0.97391,0.9741,1.37,1.00
2016.12.16 16:26:09.833,0.9739,0.97412,1.75,1.00
2016.12.16 16:26:10.085,0.97388,0.97411,2.25,1.12
2016.12.16 16:26:11.055,0.97391,0.97415,1.37,1.75
2016.12.16 16:26:11.729,0.97392,0.97414,1.00,1.00
2016.12.16 16:26:11.932,0.97393,0.97417,1.37,2.25
2016.12.16 16:26:11.982,0.97394,0.97417,1.00,1.00
2016.12.16 16:26:12.033,0.97397,0.97417,1.00,1.00
2016.12.16 16:26:12.285,0.97399,0.97422,1.50,1.87
2016.12.16 16:26:12.386,0.97397,0.97417,1.75,1.00
2016.12.16 16:26:12.829,0.97398,0.97416,3.37,1.00
2016.12.16 16:26:13.120,0.97396,0.97417,2.25,1.00
2016.12.16 16:26:13.305,0.97394,0.97417,3.00,1.00
2016.12.16 16:26:13.457,0.97398,0.97416,1.37,1.00
2016.12.16 16:26:13.775,0.97399,0.97416,1.75,1.00
2016.12.16 16:26:14.530,0.97399,0.97422,1.75,1.50
2016.12.16 16:26:15.462,0.97399,0.9742,1.75,1.00
2016.12.16 16:26:15.563,0.97401,0.97423,1.00,1.37
2016.12.16 16:26:15.804,0.97395,0.97421,1.75,1.75
2016.12.16 16:26:16.753,0.97392,0.97418,2.62,1.87
2016.12.16 16:26:16.843,0.97391,0.97418,1.75,2.25
2016.12.16 16:26:16.894,0.97391,0.97418,1.75,2.25
2016.12.16 16:26:16.945,0.97393,0.97418,1.00,2.25
2016.12.16 16:26:17.460,0.97393,0.9742,1.37,3.37
2016.12.16 16:26:17.510,0.97393,0.9742,1.75,1.75
2016.12.16 16:26:19.342,0.9739,0.97414,2.62,1.50
2016.12.16 16:26:19.644,0.97384,0.97402,3.00,1.00
2016.12.16 16:26:19.695,0.97384,0.974,1.00,1.00
2016.12.16 16:26:19.745,0.97384,0.97399,1.00,1.37
2016.12.16 16:26:19.839,0.97379,0.97402,1.00,3.37
2016.12.16 16:26:19.893,0.97373,0.97399,1.75,1.12
2016.12.16 16:26:19.943,0.97373,0.97397,1.37,1.37
2016.12.16 16:26:19.994,0.97372,0.97393,1.00,1.00
2016.12.16 16:26:20.199,0.97372,0.97399,1.00,3.75
2016.12.16 16:26:20.351,0.97373,0.97397,1.00,1.00
2016.12.16 16:26:20.465,0.97376,0.97397,1.00,1.12
2016.12.16 16:26:20.870,0.97374,0.97401,1.37,1.87
2016.12.16 16:26:20.921,0.97374,0.97396,1.37,1.00
2016.12.16 16:26:21.022,0.97376,0.97401,1.00,1.12
2016.12.16 16:26:21.073,0.97376,0.97401,1.00,1.37
2016.12.16 16:26:21.538,0.97378,0.97401,1.00,1.00
2016.12.16 16:26:21.690,0.97377,0.97403,3.00,1.12
2016.12.16 16:26:21.841,0.97385,0.97405,1.00,3.00
2016.12.16 16:26:21.892,0.97381,0.97405,1.50,1.75
2016.12.16 16:26:21.943,0.97385,0.97406,1.00,2.62
2016.12.16 16:26:21.994,0.97387,0.97408,1.00,1.50
2016.12.16 16:26:22.094,0.97385,0.9741,1.50,1.12
2016.12.16 16:26:22.195,0.97384,0.97411,1.12,1.75
2016.12.16 16:26:22.297,0.97386,0.97411,1.00,1.12
2016.12.16 16:26:22.347,0.97386,0.97411,1.37,1.12
2016.12.16 16:26:23.564,0.97388,0.97412,1.00,1.87
2016.12.16 16:26:23.615,0.97386,0.97412,1.00,1.75
2016.12.16 16:26:23.673,0.97389,0.97412,1.12,1.37
2016.12.16 16:26:23.724,0.97389,0.97415,1.12,2.25
2016.12.16 16:26:23.962,0.97389,0.97411,1.00,1.00
2016.12.16 16:26:24.164,0.9739,0.97414,1.00,1.37
2016.12.16 16:26:24.431,0.97388,0.97415,1.87,1.50
2016.12.16 16:26:24.481,0.9739,0.97415,1.12,2.25
2016.12.16 16:26:24.867,0.97388,0.97412,1.12,1.00
2016.12.16 16:26:25.376,0.97386,0.97411,1.37,1.87
2016.12.16 16:26:26.317,0.97385,0.9741,1.50,1.00
2016.12.16 16:26:26.567,0.97385,0.9741,1.12,1.87
2016.12.16 16:26:27.355,0.97384,0.97409,1.00,1.00
2016.12.16 16:26:28.236,0.97385,0.97409,1.00,1.00
2016.12.16 16:26:28.287,0.9739,0.9741,1.00,1.50
2016.12.16 16:26:28.525,0.97394,0.97414,1.00,1.50
2016.12.16 16:26:28.676,0.97392,0.97419,3.00,1.75
2016.12.16 16:26:29.180,0.97391,0.97416,1.37,1.37
2016.12.16 16:26:29.231,0.9739,0.97415,1.00,1.00
2016.12.16 16:26:29.281,0.9739,0.97416,1.12,2.25
2016.12.16 16:26:29.433,0.9739,0.97417,1.75,1.75
2016.12.16 16:26:29.977,0.97396,0.97417,1.00,1.37
2016.12.16 16:26:30.128,0.97397,0.97417,1.00,1.00
2016.12.16 16:26:30.279,0.97397,0.97421,1.00,2.25
2016.12.16 16:26:30.431,0.97397,0.97416,1.00,1.50
2016.12.16 16:26:30.532,0.97393,0.97416,1.00,1.00
2016.12.16 16:26:30.582,0.97392,0.97418,1.50,1.75
2016.12.16 16:26:30.683,0.9739,0.97416,1.50,2.25
2016.12.16 16:26:30.824,0.97391,0.97415,1.00,1.00
2016.12.16 16:26:31.076,0.9739,0.97416,1.00,3.75
2016.12.16 16:26:31.378,0.97392,0.97417,1.50,1.37
2016.12.16 16:26:32.137,0.97392,0.97416,1.50,1.50
2016.12.16 16:26:32.451,0.97392,0.97416,1.00,1.75
2016.12.16 16:26:32.552,0.97391,0.97417,1.75,1.50
2016.12.16 16:26:32.821,0.97396,0.97419,1.00,1.75
2016.12.16 16:26:33.211,0.97398,0.97421,1.37,1.37
2016.12.16 16:26:33.262,0.97396,0.97421,1.00,2.25
2016.12.16 16:26:33.313,0.97396,0.97421,1.37,1.75
2016.12.16 16:26:33.901,0.97397,0.97418,1.12,1.37
2016.12.16 16:26:34.203,0.97395,0.97419,1.87,1.50
2016.12.16 16:26:34.254,0.97398,0.97419,1.00,1.00
2016.12.16 16:26:34.763,0.97399,0.97424,1.50,2.62
2016.12.16 16:26:34.863,0.97399,0.97426,2.25,2.25
2016.12.16 16:26:35.017,0.97402,0.97425,1.00,1.00
2016.12.16 16:26:35.511,0.97402,0.97425,1.00,1.50
2016.12.16 16:26:36.194,0.97406,0.97424,1.00,1.50
2016.12.16 16:26:36.295,0.97402,0.97424,1.87,1.12
2016.12.16 16:26:36.345,0.97406,0.97424,1.00,1.00
2016.12.16 16:26:36.396,0.97405,0.97426,1.00,1.50
2016.12.16 16:26:36.761,0.97404,0.97424,1.00,1.00
2016.12.16 16:26:36.912,0.974,0.97425,1.00,2.25
2016.12.16 16:26:37.114,0.974,0.97425,1.37,1.75
2016.12.16 16:26:37.165,0.974,0.97426,1.50,1.50
2016.12.16 16:26:37.316,0.97401,0.97425,1.37,1.00
2016.12.16 16:26:37.367,0.97401,0.97427,2.25,2.62
2016.12.16 16:26:37.605,0.97403,0.97427,1.00,1.37
2016.12.16 16:26:37.907,0.97403,0.97428,1.37,1.50
2016.12.16 16:26:37.958,0.97406,0.97428,1.00,1.50
2016.12.16 16:26:38.109,0.97403,0.97429,4.12,1.50
2016.12.16 16:26:38.261,0.97403,0.97426,1.00,1.00
2016.12.16 16:26:38.412,0.97408,0.97432,1.12,4.12
2016.12.16 16:26:38.463,0.97407,0.97432,1.50,1.75
2016.12.16 16:26:38.631,0.97407,0.97433,1.75,1.12
2016.12.16 16:26:38.697,0.97406,0.9743,1.75,1.37
2016.12.16 16:26:38.900,0.97405,0.97431,1.75,1.37
2016.12.16 16:26:39.001,0.97406,0.97432,2.25,2.62
2016.12.16 16:26:39.051,0.97405,0.97427,1.75,1.00
2016.12.16 16:26:39.152,0.97404,0.97427,2.25,1.00
2016.12.16 16:26:39.505,0.97404,0.97426,1.00,1.37
2016.12.16 16:26:39.841,0.97402,0.97424,1.00,1.00
2016.12.16 16:26:39.891,0.97401,0.97425,1.50,1.75
2016.12.16 16:26:39.992,0.97399,0.97425,1.50,1.75
2016.12.16 16:26:40.404,0.974,0.97424,1.37,1.00
2016.12.16 16:26:40.769,0.97402,0.97425,2.25,1.12
2016.12.16 16:26:40.819,0.974,0.97424,1.75,1.37
2016.12.16 16:26:41.021,0.97399,0.97421,1.75,1.12
2016.12.16 16:26:41.524,0.97397,0.97423,2.25,1.75
2016.12.16 16:26:41.827,0.97399,0.97424,4.87,1.12
2016.12.16 16:26:42.292,0.97399,0.97421,4.12,1.00
2016.12.16 16:26:42.443,0.97399,0.9742,1.50,1.00
2016.12.16 16:26:42.544,0.97398,0.9742,1.50,1.00
2016.12.16 16:26:43.000,0.97399,0.97422,1.50,1.50
2016.12.16 16:26:43.403,0.97406,0.97427,1.00,4.87
2016.12.16 16:26:43.655,0.97414,0.97437,1.00,2.25
2016.12.16 16:26:43.806,0.97413,0.97437,1.75,1.00
2016.12.16 16:26:43.907,0.97412,0.97438,1.75,1.75
2016.12.16 16:26:44.224,0.97416,0.97438,1.00,1.00
2016.12.16 16:26:44.274,0.97414,0.97439,1.75,1.37
2016.12.16 16:26:44.728,0.97413,0.97438,1.75,1.12
2016.12.16 16:26:44.829,0.97413,0.97438,1.75,1.12
2016.12.16 16:26:45.417,0.97415,0.97437,1.75,1.00
2016.12.16 16:26:46.071,0.97414,0.97438,1.75,1.12
2016.12.16 16:26:46.377,0.97419,0.9744,1.00,1.00
2016.12.16 16:26:46.647,0.97414,0.97437,3.37,1.00
2016.12.16 16:26:46.950,0.97413,0.97434,1.75,1.00
2016.12.16 16:26:47.254,0.97413,0.97436,1.75,1.00
2016.12.16 16:26:47.455,0.97413,0.97436,3.37,1.00
2016.12.16 16:26:48.028,0.97413,0.97438,1.75,1.87
2016.12.16 16:26:49.565,0.97413,0.97438,1.50,1.75
2016.12.16 16:26:49.621,0.97413,0.97435,1.50,1.00
2016.12.16 16:26:49.923,0.97412,0.97436,1.12,1.75
2016.12.16 16:26:50.226,0.97412,0.97434,1.50,1.12
2016.12.16 16:26:50.529,0.97409,0.97435,1.75,1.75
2016.12.16 16:26:51.187,0.97407,0.97433,1.37,1.75
2016.12.16 16:26:51.238,0.97407,0.97433,1.37,1.75
2016.12.16 16:26:51.562,0.97408,0.97433,1.75,1.50
2016.12.16 16:26:51.949,0.97408,0.97432,4.12,1.00
2016.12.16 16:26:52.424,0.97411,0.97432,1.00,1.00
2016.12.16 16:26:52.828,0.9741,0.97435,1.75,1.87
2016.12.16 16:26:52.929,0.97414,0.97436,1.00,1.50
2016.12.16 16:26:53.284,0.97411,0.97438,3.00,1.50
2016.12.16 16:26:53.737,0.97418,0.9744,1.00,1.75
2016.12.16 16:26:53.939,0.97419,0.97439,1.12,1.00
2016.12.16 16:26:54.040,0.97418,0.97439,1.75,1.00
2016.12.16 16:26:54.141,0.97418,0.97441,1.75,2.25
2016.12.16 16:26:54.677,0.97419,0.97441,1.75,1.00
2016.12.16 16:26:54.929,0.97418,0.97443,1.37,2.25
2016.12.16 16:26:55.348,0.97416,0.97441,1.00,2.25
2016.12.16 16:26:55.448,0.97416,0.97441,1.75,1.75
2016.12.16 16:26:55.908,0.97414,0.97435,2.25,1.00
2016.12.16 16:26:56.059,0.9741,0.97433,1.75,1.12
2016.12.16 16:26:57.529,0.97409,0.97432,2.25,1.00
2016.12.16 16:26:57.580,0.97409,0.97434,2.25,1.37
2016.12.16 16:26:57.681,0.97411,0.97433,1.37,1.00
2016.12.16 16:26:58.200,0.97412,0.97434,1.00,1.00
2016.12.16 16:26:58.893,0.97413,0.97437,1.00,1.75
2016.12.16 16:26:59.447,0.9741,0.97436,2.25,1.50
2016.12.16 16:26:59.966,0.97411,0.97433,1.50,1.00
2016.12.16 16:27:00.320,0.9741,0.97432,1.37,1.37
2016.12.16 16:27:00.445,0.9741,0.97432,1.75,1.12
2016.12.16 16:27:00.646,0.9741,0.97435,2.25,1.50
2016.12.16 16:27:00.747,0.9741,0.97435,2.62,1.75
2016.12.16 16:27:01.251,0.97411,0.97435,1.00,1.75
2016.12.16 16:27:01.783,0.97409,0.97431,1.75,1.00
2016.12.16 16:27:01.985,0.97402,0.97428,3.37,1.00
2016.12.16 16:27:02.086,0.97404,0.97428,1.50,1.50
2016.12.16 16:27:02.137,0.97403,0.97428,2.25,1.75
2016.12.16 16:27:02.188,0.97403,0.97425,2.25,1.00
2016.12.16 16:27:02.238,0.97403,0.97431,3.75,3.37
2016.12.16 16:27:02.289,0.97403,0.97428,3.00,1.50
2016.12.16 16:27:02.547,0.97405,0.97426,1.00,1.00
2016.12.16 16:27:03.052,0.97404,0.9743,2.25,3.00
2016.12.16 16:27:03.596,0.97406,0.97428,1.00,1.00
2016.12.16 16:27:03.787,0.97407,0.97433,1.50,3.00
2016.12.16 16:27:04.190,0.97405,0.9743,1.00,1.75
2016.12.16 16:27:04.292,0.97407,0.97431,1.00,1.75
2016.12.16 16:27:04.806,0.97406,0.97432,2.25,3.75
2016.12.16 16:27:05.572,0.97407,0.97433,4.12,1.75
2016.12.16 16:27:05.623,0.97407,0.97433,4.87,1.37
2016.12.16 16:27:05.724,0.97407,0.97433,3.00,1.75
2016.12.16 16:27:06.135,0.97411,0.97435,1.00,1.75
2016.12.16 16:27:06.437,0.97416,0.97441,1.50,2.25
2016.12.16 16:27:06.691,0.97416,0.9744,1.12,1.50
2016.12.16 16:27:07.195,0.97415,0.97437,1.00,2.62
2016.12.16 16:27:07.245,0.97413,0.97434,1.00,1.50
2016.12.16 16:27:07.409,0.97413,0.97429,1.00,1.00
2016.12.16 16:27:07.712,0.97409,0.97431,1.00,1.00
2016.12.16 16:27:07.863,0.97409,0.97435,1.50,2.25
2016.12.16 16:27:07.914,0.97409,0.97435,1.75,2.25
2016.12.16 16:27:08.267,0.9741,0.97435,1.50,1.50
2016.12.16 16:27:08.368,0.97409,0.97435,1.75,1.37
2016.12.16 16:27:08.680,0.9741,0.97433,3.00,1.00
2016.12.16 16:27:09.218,0.9741,0.97436,2.25,1.50
2016.12.16 16:27:10.788,0.97408,0.97433,1.75,1.37
2016.12.16 16:27:10.838,0.97408,0.97433,1.50,1.50
2016.12.16 16:27:10.889,0.97408,0.97433,1.50,1.50
2016.12.16 16:27:11.595,0.97407,0.97433,2.25,1.75
2016.12.16 16:27:11.646,0.97409,0.97432,1.00,1.00
2016.12.16 16:27:11.880,0.97407,0.97433,2.25,2.25
2016.12.16 16:27:12.361,0.97407,0.97428,1.00,1.00
2016.12.16 16:27:12.874,0.97405,0.97431,1.75,1.75
2016.12.16 16:27:13.636,0.97413,0.97432,1.00,1.75
2016.12.16 16:27:13.787,0.97416,0.97438,1.50,2.62
2016.12.16 16:27:13.838,0.97415,0.97441,2.62,2.25
2016.12.16 16:27:13.888,0.97416,0.97441,1.37,2.62
2016.12.16 16:27:14.090,0.97417,0.97441,1.00,2.25
2016.12.16 16:27:14.291,0.97416,0.97441,1.37,2.25
2016.12.16 16:27:14.344,0.97416,0.97441,1.75,2.25
2016.12.16 16:27:14.849,0.97416,0.97438,1.00,1.00
2016.12.16 16:27:15.001,0.97416,0.97441,1.50,1.75
2016.12.16 16:27:15.514,0.97415,0.97441,1.75,1.75
2016.12.16 16:27:16.606,0.97415,0.97441,1.75,1.75
2016.12.16 16:27:16.656,0.97415,0.97441,1.50,1.75
2016.12.16 16:27:17.853,0.97417,0.97441,1.00,1.75
2016.12.16 16:27:17.903,0.97417,0.97441,1.87,1.75
2016.12.16 16:27:18.206,0.97423,0.97447,1.75,1.00
2016.12.16 16:27:18.256,0.97426,0.97448,1.00,1.00
2016.12.16 16:27:18.307,0.97422,0.97446,2.25,1.12
2016.12.16 16:27:18.815,0.97421,0.97448,3.37,1.50
2016.12.16 16:27:19.203,0.97423,0.97448,1.50,2.25
2016.12.16 16:27:19.727,0.97422,0.97447,1.75,1.37
2016.12.16 16:27:19.929,0.97422,0.97446,2.25,1.00
2016.12.16 16:27:21.112,0.97422,0.97439,1.75,1.12
2016.12.16 16:27:21.365,0.97405,0.97429,1.00,1.75
2016.12.16 16:27:21.415,0.97405,0.97424,1.00,1.37
2016.12.16 16:27:21.466,0.97403,0.97424,1.12,1.50
2016.12.16 16:27:21.567,0.97399,0.97422,2.25,1.87
2016.12.16 16:27:21.618,0.97399,0.97422,1.87,1.37
2016.12.16 16:27:21.951,0.97399,0.9742,1.00,1.75
2016.12.16 16:27:22.526,0.97399,0.97422,1.00,1.75
2016.12.16 16:27:22.577,0.97399,0.9742,1.50,1.00
2016.12.16 16:27:22.683,0.97401,0.97422,1.00,1.50
2016.12.16 16:27:22.990,0.97404,0.97422,1.50,1.37
2016.12.16 16:27:23.091,0.97402,0.97422,1.00,1.37
2016.12.16 16:27:23.142,0.97404,0.97422,1.00,1.37
2016.12.16 16:27:23.376,0.97404,0.97426,2.25,1.12
2016.12.16 16:27:23.478,0.97403,0.97426,1.12,1.12
2016.12.16 16:27:23.630,0.97404,0.97426,1.37,1.00
2016.12.16 16:27:23.933,0.97402,0.97425,1.50,1.00
2016.12.16 16:27:24.034,0.97402,0.97425,1.50,1.00
2016.12.16 16:27:24.729,0.97402,0.97428,1.50,1.75
2016.12.16 16:27:24.780,0.97402,0.97425,1.50,1.00
2016.12.16 16:27:25.391,0.97403,0.97425,1.00,1.00
2016.12.16 16:27:26.317,0.97408,0.97429,1.00,1.75
2016.12.16 16:27:26.469,0.9741,0.97431,1.50,1.12
2016.12.16 16:27:26.621,0.97414,0.97432,1.00,1.12
2016.12.16 16:27:26.722,0.97414,0.97436,1.12,1.37
2016.12.16 16:27:26.773,0.97414,0.97436,1.50,1.00
2016.12.16 16:27:27.377,0.97416,0.97437,1.00,1.50
2016.12.16 16:27:27.925,0.97414,0.97439,1.00,3.00
2016.12.16 16:27:28.177,0.97415,0.97439,1.50,1.37
2016.12.16 16:27:28.228,0.97415,0.97439,1.00,1.87
2016.12.16 16:27:28.530,0.97414,0.97437,1.00,1.50
2016.12.16 16:27:29.413,0.97415,0.97437,1.00,1.75
2016.12.16 16:27:29.615,0.97421,0.97442,1.00,1.75
2016.12.16 16:27:29.666,0.97422,0.97441,1.00,1.00
2016.12.16 16:27:29.917,0.97422,0.97446,1.37,2.25
2016.12.16 16:27:30.219,0.97421,0.97445,1.00,1.50
2016.12.16 16:27:30.452,0.97424,0.97446,1.00,4.87
2016.12.16 16:27:30.503,0.97424,0.97446,1.00,3.00
2016.12.16 16:27:31.310,0.97421,0.97446,1.50,1.75
2016.12.16 16:27:31.562,0.97421,0.97446,1.12,2.62
2016.12.16 16:27:31.664,0.97421,0.97443,1.00,1.75
2016.12.16 16:27:31.714,0.97418,0.97443,2.25,1.75
2016.12.16 16:27:32.153,0.97419,0.97441,1.00,1.75
2016.12.16 16:27:32.203,0.97416,0.97437,1.00,1.00
2016.12.16 16:27:32.355,0.97419,0.97438,1.00,1.37
2016.12.16 16:27:32.455,0.97414,0.97438,1.12,1.37
2016.12.16 16:27:32.966,0.97414,0.97437,1.37,1.37
2016.12.16 16:27:33.117,0.97419,0.97437,1.00,1.37
2016.12.16 16:27:33.445,0.97419,0.97437,1.00,1.75
2016.12.16 16:27:33.596,0.97419,0.97438,1.00,1.50
2016.12.16 16:27:33.647,0.97413,0.97438,1.50,1.50
2016.12.16 16:27:33.697,0.97417,0.97438,1.00,1.50
2016.12.16 16:27:34.154,0.97417,0.97439,1.37,1.12
2016.12.16 16:27:34.765,0.97418,0.97439,1.75,1.12
2016.12.16 16:27:35.017,0.97413,0.97435,1.00,1.00
2016.12.16 16:27:35.228,0.97418,0.97435,1.00,1.00
2016.12.16 16:27:35.605,0.97414,0.97435,1.00,1.00
2016.12.16 16:27:35.807,0.97417,0.97439,3.00,2.25
2016.12.16 16:27:35.857,0.97417,0.97438,1.37,1.37
2016.12.16 16:27:35.908,0.97418,0.9744,1.00,2.25
2016.12.16 16:27:36.059,0.97418,0.97445,1.50,4.50
2016.12.16 16:27:36.298,0.97421,0.97446,1.75,3.00
2016.12.16 16:27:36.399,0.97422,0.97445,1.00,1.00
2016.12.16 16:27:36.449,0.97421,0.97446,1.75,2.62
2016.12.16 16:27:36.965,0.97421,0.97447,3.00,1.75
2016.12.16 16:27:37.268,0.97424,0.97445,1.37,1.37
2016.12.16 16:27:37.426,0.97422,0.97444,1.00,1.00
2016.12.16 16:27:37.763,0.97419,0.97443,2.25,1.37
2016.12.16 16:27:38.072,0.97424,0.97445,1.00,1.75
2016.12.16 16:27:38.173,0.97421,0.97444,1.50,1.50
2016.12.16 16:27:38.576,0.97425,0.97443,1.00,1.00
2016.12.16 16:27:38.887,0.97429,0.9745,2.25,1.00
2016.12.16 16:27:38.988,0.97431,0.97452,1.00,1.00
2016.12.16 16:27:39.259,0.97429,0.97452,1.50,1.00
2016.12.16 16:27:39.794,0.97429,0.97451,1.50,1.00
2016.12.16 16:27:39.844,0.97428,0.97452,1.37,3.37
2016.12.16 16:27:39.895,0.97427,0.97452,1.50,4.12
2016.12.16 16:27:40.096,0.97429,0.97451,1.00,1.75
2016.12.16 16:27:40.247,0.97429,0.97451,1.87,1.75
2016.12.16 16:27:40.451,0.9743,0.97454,1.37,2.25
2016.12.16 16:27:40.501,0.9743,0.97454,1.50,3.00
2016.12.16 16:27:40.552,0.97429,0.97454,1.87,3.37
2016.12.16 16:27:40.703,0.97428,0.97451,1.87,1.75
2016.12.16 16:27:40.804,0.97428,0.97447,1.12,1.00
2016.12.16 16:27:40.905,0.97424,0.97445,1.00,1.00
2016.12.16 16:27:40.956,0.97422,0.97446,1.37,1.75
2016.12.16 16:27:41.006,0.9742,0.97446,1.50,1.75
2016.12.16 16:27:41.214,0.97417,0.97443,2.85,1.75
2016.12.16 16:27:41.316,0.9742,0.97443,1.00,1.75
2016.12.16 16:27:41.467,0.97421,0.97443,1.00,1.50
2016.12.16 16:27:41.871,0.9742,0.97445,1.12,2.25
2016.12.16 16:27:42.477,0.9742,0.97445,1.87,3.00
2016.12.16 16:27:42.902,0.97422,0.97445,1.37,1.50
2016.12.16 16:27:42.953,0.97423,0.97445,1.00,1.00
2016.12.16 16:27:43.104,0.97423,0.9745,3.00,1.75
2016.12.16 16:27:43.154,0.97423,0.97448,3.00,1.50
2016.12.16 16:27:43.305,0.97429,0.97449,1.00,1.75
2016.12.16 16:27:43.707,0.97429,0.97453,1.87,1.75
2016.12.16 16:27:44.028,0.97429,0.9745,1.00,1.50
2016.12.16 16:27:44.331,0.97429,0.9745,1.00,1.75
2016.12.16 16:27:44.567,0.97426,0.97446,1.87,1.00
2016.12.16 16:27:44.668,0.97423,0.97443,1.50,1.00
2016.12.16 16:27:44.954,0.97419,0.97439,1.00,1.00
2016.12.16 16:27:45.105,0.97416,0.97441,1.50,3.37
2016.12.16 16:27:45.471,0.97419,0.97439,1.00,1.00
2016.12.16 16:27:45.572,0.97419,0.97441,1.00,1.12
2016.12.16 16:27:45.877,0.97421,0.97441,1.00,1.00
2016.12.16 16:27:46.208,0.97422,0.97442,1.75,1.00
2016.12.16 16:27:46.948,0.97423,0.97446,1.75,1.12
2016.12.16 16:27:47.149,0.97426,0.97449,2.25,1.00
2016.12.16 16:27:47.250,0.97428,0.97451,1.12,2.25
2016.12.16 16:27:47.599,0.97434,0.97459,1.50,2.25
2016.12.16 16:27:47.903,0.97433,0.97459,1.12,4.87
2016.12.16 16:27:48.004,0.97433,0.97459,1.75,2.25
2016.12.16 16:27:49.224,0.97434,0.97459,1.75,3.00
2016.12.16 16:27:49.275,0.97434,0.97457,1.75,1.00
2016.12.16 16:27:49.476,0.97433,0.97456,2.25,1.12
2016.12.16 16:27:49.992,0.97433,0.97456,3.37,1.00
2016.12.16 16:27:50.464,0.97431,0.97452,2.62,1.00
2016.12.16 16:27:50.616,0.97425,0.97449,1.75,1.00
2016.12.16 16:27:50.818,0.97426,0.97448,1.00,1.00
2016.12.16 16:27:50.920,0.97423,0.97448,2.25,1.37
2016.12.16 16:27:51.021,0.97423,0.97446,1.50,1.50
2016.12.16 16:27:51.323,0.97423,0.97449,2.25,1.75
2016.12.16 16:27:51.424,0.97425,0.9745,1.75,1.75
2016.12.16 16:27:51.614,0.97429,0.9745,1.00,2.25
2016.12.16 16:27:51.715,0.97429,0.97454,2.25,1.75
2016.12.16 16:27:51.816,0.97429,0.97454,2.25,1.12
2016.12.16 16:27:52.073,0.97433,0.97455,1.00,1.50
2016.12.16 16:27:52.324,0.97434,0.97456,1.00,1.00
2016.12.16 16:27:52.761,0.97434,0.97451,1.00,1.00
2016.12.16 16:27:52.817,0.97434,0.97456,1.00,2.25
2016.12.16 16:27:55.174,0.97436,0.97456,1.00,1.00
2016.12.16 16:27:55.486,0.97434,0.97451,1.50,1.00
2016.12.16 16:27:55.537,0.9743,0.97451,3.37,1.00
2016.12.16 16:27:55.796,0.97428,0.97451,3.00,1.12
2016.12.16 16:27:55.948,0.97426,0.97446,4.12,1.00
2016.12.16 16:27:56.099,0.97426,0.97446,1.37,1.00
2016.12.16 16:27:56.375,0.97426,0.97446,1.75,1.00
2016.12.16 16:27:56.426,0.97429,0.9745,1.00,1.00
2016.12.16 16:27:56.476,0.97424,0.97449,4.12,1.37
2016.12.16 16:27:56.527,0.97425,0.97451,1.75,3.00
2016.12.16 16:27:56.629,0.97427,0.97451,2.25,1.37
2016.12.16 16:27:56.730,0.97429,0.97451,3.00,1.00
2016.12.16 16:27:56.831,0.97429,0.97455,3.00,1.75
2016.12.16 16:27:57.033,0.97434,0.97456,1.12,1.50
2016.12.16 16:27:57.134,0.97435,0.97456,1.37,1.87
2016.12.16 16:27:57.342,0.97435,0.9746,1.75,1.37
2016.12.16 16:27:57.443,0.97434,0.97456,3.37,1.00
2016.12.16 16:27:57.752,0.97432,0.97453,1.00,1.75
2016.12.16 16:27:57.903,0.97434,0.97456,1.00,1.75
2016.12.16 16:27:58.004,0.97431,0.97455,2.25,1.12
2016.12.16 16:27:58.155,0.97431,0.97453,2.62,1.00
2016.12.16 16:27:58.306,0.9743,0.97453,1.50,1.12
2016.12.16 16:27:58.809,0.97432,0.97453,1.50,1.12
2016.12.16 16:27:59.213,0.97432,0.97456,1.75,1.12
2016.12.16 16:27:59.264,0.97432,0.97456,1.50,1.50
2016.12.16 16:27:59.314,0.97432,0.97454,1.50,1.00
2016.12.16 16:27:59.667,0.9743,0.97456,1.87,2.25
2016.12.16 16:27:59.818,0.9743,0.97451,1.87,1.00
2016.12.16 16:28:00.020,0.9743,0.97456,1.12,2.25
2016.12.16 16:28:00.519,0.9743,0.97455,1.50,1.75
2016.12.16 16:28:01.026,0.97427,0.97451,2.62,1.00
2016.12.16 16:28:01.127,0.97426,0.97451,3.00,1.75
2016.12.16 16:28:02.304,0.9743,0.97451,1.00,1.75
2016.12.16 16:28:02.672,0.97429,0.97452,1.75,1.50
2016.12.16 16:28:03.207,0.97433,0.97453,1.00,1.50
2016.12.16 16:28:03.358,0.97428,0.97451,4.87,1.00
2016.12.16 16:28:03.560,0.97431,0.97455,1.12,1.50
2016.12.16 16:28:03.610,0.97433,0.97455,1.00,1.50
2016.12.16 16:28:03.939,0.97428,0.97453,1.75,2.25
2016.12.16 16:28:04.040,0.97428,0.97453,1.50,1.75
2016.12.16 16:28:04.242,0.97431,0.97453,1.00,1.00
2016.12.16 16:28:04.292,0.9743,0.97454,1.75,2.62
2016.12.16 16:28:04.767,0.97429,0.97449,1.75,2.25
2016.12.16 16:28:04.868,0.97428,0.97448,1.00,1.00
2016.12.16 16:28:05.075,0.97426,0.97447,1.00,1.00
2016.12.16 16:28:05.593,0.97425,0.97445,1.00,1.00
2016.12.16 16:28:05.896,0.97425,0.97447,1.00,2.62
2016.12.16 16:28:05.946,0.97425,0.97448,1.00,2.62
2016.12.16 16:28:06.450,0.97422,0.97447,3.00,1.37
2016.12.16 16:28:06.759,0.97423,0.97447,1.37,1.75
2016.12.16 16:28:07.458,0.97424,0.97446,1.37,1.00
2016.12.16 16:28:07.559,0.97426,0.97448,1.12,1.00
2016.12.16 16:28:07.760,0.97426,0.97451,1.50,1.75
2016.12.16 16:28:08.305,0.97426,0.97452,1.75,1.75
2016.12.16 16:28:09.376,0.9743,0.97452,1.00,1.00
2016.12.16 16:28:10.094,0.97425,0.97451,1.75,1.50
2016.12.16 16:28:10.613,0.97424,0.97449,1.50,1.75
2016.12.16 16:28:11.178,0.97421,0.97447,1.50,2.62
2016.12.16 16:28:11.480,0.9742,0.97445,1.12,1.75
2016.12.16 16:28:11.531,0.97434,0.97447,1.60,3.37
2016.12.16 16:28:11.752,0.97441,0.97459,1.00,3.37
2016.12.16 16:28:11.803,0.97442,0.97463,1.00,1.00
2016.12.16 16:28:12.256,0.97443,0.97465,1.37,1.50
2016.12.16 16:28:12.357,0.97443,0.97466,1.50,1.50
2016.12.16 16:28:12.660,0.97444,0.97466,1.75,1.00
2016.12.16 16:28:12.878,0.97448,0.97473,2.25,1.12
2016.12.16 16:28:13.381,0.9745,0.97472,1.00,1.00
2016.12.16 16:28:13.683,0.9745,0.97471,2.25,1.00
2016.12.16 16:28:13.886,0.97449,0.9747,1.50,1.12
2016.12.16 16:28:13.987,0.97449,0.9747,1.00,1.75
2016.12.16 16:28:14.454,0.97449,0.97466,1.00,1.75
2016.12.16 16:28:14.774,0.97442,0.97463,1.12,1.37
2016.12.16 16:28:15.122,0.97445,0.97461,1.00,1.00
2016.12.16 16:28:15.424,0.97447,0.97461,1.00,1.00
2016.12.16 16:28:15.784,0.97445,0.97466,1.00,5.62
2016.12.16 16:28:15.835,0.97447,0.97461,1.00,1.00
2016.12.16 16:28:15.987,0.97448,0.97466,1.00,1.75
2016.12.16 16:28:16.037,0.97451,0.97469,1.00,3.37
2016.12.16 16:28:16.088,0.97446,0.97468,1.00,1.75
2016.12.16 16:28:16.139,0.97449,0.97468,1.00,1.75
2016.12.16 16:28:16.652,0.97449,0.97469,1.00,1.75
2016.12.16 16:28:17.106,0.97447,0.9747,1.00,1.75
2016.12.16 16:28:17.207,0.97451,0.97471,1.00,4.12
2016.12.16 16:28:17.310,0.97448,0.9747,1.00,1.75
2016.12.16 16:28:17.626,0.97452,0.97469,1.00,2.62
2016.12.16 16:28:17.738,0.97451,0.97472,1.00,1.75
2016.12.16 16:28:17.788,0.97455,0.97472,1.00,2.62
2016.12.16 16:28:17.940,0.97455,0.97475,1.00,4.12
2016.12.16 16:28:18.040,0.97455,0.97472,1.00,1.87
2016.12.16 16:28:18.091,0.97453,0.97475,1.00,3.00
2016.12.16 16:28:18.192,0.97455,0.97474,1.00,1.50
2016.12.16 16:28:18.394,0.97452,0.9747,1.00,1.12
2016.12.16 16:28:18.505,0.9745,0.97471,1.12,1.50
2016.12.16 16:28:18.853,0.97452,0.97474,1.00,1.75
2016.12.16 16:28:19.155,0.97454,0.97475,1.00,1.75
2016.12.16 16:28:19.206,0.97452,0.97475,1.12,1.75
2016.12.16 16:28:19.308,0.97454,0.97476,1.00,2.25
2016.12.16 16:28:19.712,0.97455,0.97475,1.00,1.00
2016.12.16 16:28:19.762,0.97458,0.97475,1.00,1.00
2016.12.16 16:28:20.070,0.97464,0.9748,1.00,1.75
2016.12.16 16:28:20.120,0.97459,0.97481,1.00,2.62
2016.12.16 16:28:20.171,0.97465,0.97481,1.00,2.62
2016.12.16 16:28:20.222,0.97465,0.97484,1.00,2.62
2016.12.16 16:28:20.322,0.97465,0.97488,1.75,1.12
2016.12.16 16:28:20.373,0.97464,0.97484,1.75,1.00
2016.12.16 16:28:20.574,0.97467,0.97487,1.00,1.00
2016.12.16 16:28:20.826,0.97465,0.97486,1.00,1.00
2016.12.16 16:28:20.928,0.97463,0.97487,1.87,1.50
2016.12.16 16:28:21.098,0.97463,0.97486,2.62,1.00
2016.12.16 16:28:21.199,0.97464,0.97486,1.00,1.00
2016.12.16 16:28:21.401,0.97463,0.97486,3.00,1.00
2016.12.16 16:28:21.703,0.97464,0.97488,2.25,1.50
2016.12.16 16:28:22.024,0.97464,0.97486,1.75,1.00
2016.12.16 16:28:22.343,0.97465,0.97488,1.75,1.00
2016.12.16 16:28:22.393,0.97466,0.97487,1.50,1.00
2016.12.16 16:28:22.646,0.97465,0.97486,1.75,1.00
2016.12.16 16:28:23.215,0.97465,0.97485,2.25,1.00
2016.12.16 16:28:24.068,0.97464,0.97486,3.75,1.00
2016.12.16 16:28:24.169,0.97467,0.97488,2.10,1.00
2016.12.16 16:28:24.739,0.97468,0.97489,1.00,1.00
2016.12.16 16:28:24.789,0.97468,0.97485,1.00,1.00
2016.12.16 16:28:24.941,0.97464,0.97487,1.75,1.00
2016.12.16 16:28:24.991,0.97464,0.97485,1.75,1.00
2016.12.16 16:28:25.306,0.97462,0.97481,2.25,1.00
2016.12.16 16:28:25.876,0.97461,0.97483,2.25,1.00
2016.12.16 16:28:25.977,0.97463,0.97478,1.75,1.00
2016.12.16 16:28:26.027,0.97462,0.97478,1.00,1.00
2016.12.16 16:28:26.179,0.97458,0.97477,1.00,1.00
2016.12.16 16:28:26.229,0.97458,0.97472,1.00,1.00
2016.12.16 16:28:26.532,0.97451,0.97466,1.50,1.00
2016.12.16 16:28:26.675,0.97449,0.97465,1.00,1.00
2016.12.16 16:28:26.776,0.97447,0.97465,1.00,1.00
2016.12.16 16:28:26.994,0.97447,0.97467,1.12,1.00
2016.12.16 16:28:27.045,0.97449,0.97467,1.00,1.00
2016.12.16 16:28:27.347,0.97448,0.97464,1.00,1.00
2016.12.16 16:28:27.599,0.97448,0.97467,1.00,1.00
2016.12.16 16:28:27.700,0.97446,0.97467,2.25,1.00
2016.12.16 16:28:28.251,0.97449,0.97468,1.75,1.00
2016.12.16 16:28:28.503,0.97448,0.9747,3.00,1.00
2016.12.16 16:28:28.604,0.97448,0.97468,2.85,1.00
2016.12.16 16:28:28.907,0.97447,0.97464,1.75,1.00
2016.12.16 16:28:28.958,0.97447,0.97464,1.50,1.00
2016.12.16 16:28:29.270,0.97449,0.97468,1.00,1.00
2016.12.16 16:28:29.322,0.97452,0.97466,1.00,1.00
2016.12.16 16:28:29.423,0.97448,0.97467,2.25,1.00
2016.12.16 16:28:29.576,0.97447,0.97465,1.75,1.00
2016.12.16 16:28:29.879,0.97444,0.97462,3.00,1.00
2016.12.16 16:28:30.031,0.97441,0.97461,3.00,1.00
2016.12.16 16:28:30.437,0.97443,0.9746,1.50,1.00
2016.12.16 16:28:30.545,0.97445,0.97465,1.00,1.00
2016.12.16 16:28:30.596,0.97448,0.97465,1.00,1.00
2016.12.16 16:28:30.798,0.97452,0.97471,1.50,1.00
2016.12.16 16:28:31.000,0.97452,0.97458,1.00,1.00
2016.12.16 16:28:31.160,0.97436,0.97459,2.25,1.75
2016.12.16 16:28:31.211,0.97439,0.97458,1.37,1.37
2016.12.16 16:28:31.262,0.97439,0.97458,1.37,1.00
2016.12.16 16:28:31.522,0.97439,0.97459,3.75,1.00
2016.12.16 16:28:32.026,0.97439,0.9746,3.75,1.00
2016.12.16 16:28:32.378,0.97443,0.97462,1.00,1.00
2016.12.16 16:28:32.429,0.97441,0.97461,1.42,1.00
2016.12.16 16:28:32.479,0.97441,0.97461,1.67,1.00
2016.12.16 16:28:32.782,0.97444,0.97464,2.92,1.00
2016.12.16 16:28:33.131,0.97445,0.97461,1.75,1.00
2016.12.16 16:28:33.282,0.97444,0.97464,4.50,1.00
2016.12.16 16:28:33.434,0.9745,0.97464,1.00,1.00
2016.12.16 16:28:33.585,0.9745,0.97466,1.00,1.00
2016.12.16 16:28:33.752,0.97449,0.97466,1.75,1.00
2016.12.16 16:28:34.273,0.97449,0.97466,2.25,1.00
2016.12.16 16:28:35.530,0.97449,0.97467,1.50,1.00
2016.12.16 16:28:35.581,0.97449,0.97464,1.12,1.00
2016.12.16 16:28:35.779,0.97445,0.97465,1.00,1.00
2016.12.16 16:28:35.830,0.97444,0.97458,2.25,1.00
2016.12.16 16:28:35.931,0.97441,0.97463,1.87,1.37
2016.12.16 16:28:36.089,0.97442,0.97463,1.50,1.00
2016.12.16 16:28:36.240,0.97444,0.9746,1.12,1.00
2016.12.16 16:28:36.500,0.9744,0.97459,1.12,1.00
2016.12.16 16:28:36.859,0.97442,0.97459,1.12,1.00
2016.12.16 16:28:37.061,0.97441,0.97462,1.50,1.00
2016.12.16 16:28:37.161,0.97445,0.97468,1.00,1.50
2016.12.16 16:28:37.212,0.97445,0.97465,1.00,1.00
2016.12.16 16:28:37.263,0.97444,0.97467,1.50,1.00
2016.12.16 16:28:37.414,0.97444,0.97465,1.50,1.00
2016.12.16 16:28:37.465,0.97444,0.97465,1.00,1.00
2016.12.16 16:28:37.566,0.97444,0.97463,1.75,1.00
2016.12.16 16:28:37.818,0.97443,0.97465,1.75,1.00
2016.12.16 16:28:37.869,0.97443,0.97463,1.75,1.00
2016.12.16 16:28:38.194,0.97443,0.97461,1.50,1.00
2016.12.16 16:28:38.699,0.97441,0.97461,1.50,1.00
2016.12.16 16:28:39.017,0.97439,0.97458,1.75,1.00
2016.12.16 16:28:39.170,0.9744,0.97461,2.25,1.00
2016.12.16 16:28:39.323,0.97441,0.97459,1.50,1.00
2016.12.16 16:28:39.542,0.97441,0.97458,1.00,1.00
2016.12.16 16:28:39.593,0.97438,0.97456,2.25,1.00
2016.12.16 16:28:39.643,0.97438,0.97457,2.25,1.00
2016.12.16 16:28:39.744,0.97438,0.97455,1.00,1.00
2016.12.16 16:28:39.795,0.97436,0.97455,1.00,1.00
2016.12.16 16:28:40.156,0.97436,0.97456,1.75,1.00
2016.12.16 16:28:40.691,0.97438,0.97454,1.00,1.00
2016.12.16 16:28:41.165,0.97438,0.97456,1.00,1.00
2016.12.16 16:28:41.367,0.97436,0.97456,1.75,1.00
2016.12.16 16:28:41.670,0.97437,0.97459,1.50,1.00
2016.12.16 16:28:41.720,0.97438,0.97457,1.37,1.00
2016.12.16 16:28:41.872,0.97435,0.97461,1.75,1.00
2016.12.16 16:28:41.955,0.97437,0.97461,1.00,1.50
2016.12.16 16:28:42.112,0.97437,0.97459,1.75,1.00
2016.12.16 16:28:42.264,0.97441,0.97463,1.50,1.50
2016.12.16 16:28:42.365,0.97443,0.97464,1.50,1.00
2016.12.16 16:28:42.888,0.97443,0.97463,1.37,1.00
2016.12.16 16:28:43.526,0.97443,0.97462,1.12,1.00
2016.12.16 16:28:43.830,0.97444,0.97464,1.00,1.12
2016.12.16 16:28:44.374,0.97444,0.97464,1.75,1.00
2016.12.16 16:28:45.082,0.97445,0.97465,1.50,1.00
2016.12.16 16:28:45.485,0.97444,0.97465,1.75,1.00
2016.12.16 16:28:45.636,0.97445,0.97467,1.75,1.00
2016.12.16 16:28:45.976,0.97444,0.97466,1.75,1.00
2016.12.16 16:28:46.211,0.97444,0.97466,1.75,1.00
2016.12.16 16:28:46.262,0.97444,0.97468,3.75,1.00
2016.12.16 16:28:46.312,0.97445,0.97466,1.75,1.00
2016.12.16 16:28:46.875,0.97449,0.97465,1.00,1.00
2016.12.16 16:28:47.431,0.97444,0.97465,3.00,1.00
2016.12.16 16:28:47.597,0.97447,0.97469,1.75,1.00
2016.12.16 16:28:47.748,0.97451,0.97471,1.12,1.00
2016.12.16 16:28:48.051,0.9745,0.97471,1.75,1.00
2016.12.16 16:28:48.152,0.97452,0.97476,1.00,1.12
2016.12.16 16:28:48.202,0.97452,0.97473,1.00,1.00
2016.12.16 16:28:48.551,0.97459,0.97477,1.00,1.00
2016.12.16 16:28:49.100,0.97459,0.97476,1.50,1.00
2016.12.16 16:28:49.271,0.97459,0.9748,1.50,1.00
2016.12.16 16:28:49.473,0.9746,0.97481,1.50,1.00
2016.12.16 16:28:50.038,0.9746,0.9748,1.50,1.00
2016.12.16 16:28:50.294,0.9746,0.97479,1.12,1.00
2016.12.16 16:28:50.497,0.9746,0.97477,1.12,1.00
2016.12.16 16:28:50.598,0.97457,0.97476,1.12,1.00
2016.12.16 16:28:50.699,0.97459,0.97477,1.37,1.00
2016.12.16 16:28:50.900,0.97458,0.97477,1.00,1.00
2016.12.16 16:28:51.152,0.97458,0.97475,1.00,1.00
2016.12.16 16:28:51.970,0.97458,0.97476,1.00,1.00
2016.12.16 16:28:52.272,0.97454,0.97469,1.00,1.00
2016.12.16 16:28:52.488,0.9745,0.97467,1.50,1.00
2016.12.16 16:28:52.918,0.97448,0.97466,1.50,1.00
2016.12.16 16:28:53.220,0.97447,0.97461,1.12,1.00
2016.12.16 16:28:53.421,0.97443,0.97462,1.50,1.00
2016.12.16 16:28:53.472,0.97443,0.97464,2.25,1.00
2016.12.16 16:28:53.523,0.97445,0.97468,1.50,1.12
2016.12.16 16:28:53.630,0.9745,0.97468,1.00,1.12
2016.12.16 16:28:53.681,0.9745,0.9747,1.12,1.00
2016.12.16 16:28:53.732,0.9745,0.97467,1.12,1.00
2016.12.16 16:28:53.883,0.97448,0.97469,1.00,1.12
2016.12.16 16:28:53.933,0.97448,0.97467,1.00,1.00
2016.12.16 16:28:54.437,0.97444,0.97465,2.25,1.00
2016.12.16 16:28:55.024,0.97448,0.97466,1.00,1.00
2016.12.16 16:28:55.125,0.97446,0.97466,1.12,1.00
2016.12.16 16:28:55.226,0.97446,0.97464,1.37,1.00
2016.12.16 16:28:55.327,0.97445,0.97464,1.50,1.00
2016.12.16 16:28:55.965,0.97445,0.97465,1.00,1.00
2016.12.16 16:28:56.068,0.97444,0.97466,2.25,1.00
2016.12.16 16:28:56.728,0.97444,0.97467,3.00,1.00
2016.12.16 16:28:57.015,0.97444,0.97466,1.50,1.00
2016.12.16 16:28:57.116,0.97444,0.97466,1.75,1.00
2016.12.16 16:28:57.728,0.97445,0.97465,1.75,1.00
2016.12.16 16:28:58.268,0.97444,0.97466,3.00,1.00
2016.12.16 16:28:58.528,0.97445,0.97468,1.75,1.00
2016.12.16 16:28:58.629,0.97445,0.97469,1.00,1.50
2016.12.16 16:28:58.680,0.97444,0.97468,1.75,1.00
2016.12.16 16:28:59.220,0.97446,0.97469,1.12,1.50
2016.12.16 16:28:59.817,0.97447,0.97471,1.12,1.00
2016.12.16 16:28:59.868,0.97449,0.97471,1.00,1.00
2016.12.16 16:29:00.225,0.97446,0.97467,1.75,1.00
2016.12.16 16:29:00.427,0.97444,0.97468,2.25,1.00
2016.12.16 16:29:00.477,0.97446,0.97468,1.00,1.00
2016.12.16 16:29:00.783,0.97447,0.97467,1.75,1.00
2016.12.16 16:29:00.884,0.97446,0.97467,1.50,1.00
2016.12.16 16:29:01.426,0.97444,0.97463,2.25,1.00
2016.12.16 16:29:01.628,0.97442,0.97465,1.75,1.00
2016.12.16 16:29:01.729,0.97443,0.97467,2.25,1.12
2016.12.16 16:29:01.930,0.97445,0.97469,1.75,1.00
2016.12.16 16:29:02.283,0.97446,0.97467,1.75,1.00
2016.12.16 16:29:02.794,0.97445,0.97468,1.75,1.00
2016.12.16 16:29:03.318,0.97447,0.97467,1.75,1.00
2016.12.16 16:29:03.736,0.97445,0.97461,1.00,1.00
2016.12.16 16:29:03.837,0.97436,0.97458,1.75,1.00
2016.12.16 16:29:03.888,0.97436,0.97461,2.25,1.50
2016.12.16 16:29:03.939,0.97442,0.97462,1.00,1.75
2016.12.16 16:29:04.040,0.97439,0.97462,1.75,1.00
2016.12.16 16:29:04.091,0.97442,0.97458,1.37,1.00
2016.12.16 16:29:04.193,0.97439,0.97459,3.00,1.00
2016.12.16 16:29:04.243,0.97442,0.9746,1.00,1.00
2016.12.16 16:29:04.344,0.97437,0.97458,1.00,1.00
2016.12.16 16:29:04.395,0.97437,0.97456,1.00,1.00
2016.12.16 16:29:04.647,0.97438,0.97458,1.00,1.00
2016.12.16 16:29:04.830,0.97435,0.97455,1.75,1.00
2016.12.16 16:29:05.287,0.97436,0.97457,3.00,1.00
2016.12.16 16:29:05.489,0.97437,0.97455,1.50,1.00
2016.12.16 16:29:06.121,0.97434,0.97452,2.25,1.00
2016.12.16 16:29:06.423,0.97432,0.97449,1.75,1.00
2016.12.16 16:29:07.088,0.97431,0.9745,2.25,1.00
2016.12.16 16:29:07.685,0.97431,0.97449,2.25,1.00
2016.12.16 16:29:07.958,0.97432,0.97447,1.50,1.00
2016.12.16 16:29:08.209,0.97429,0.97446,1.00,1.00
2016.12.16 16:29:08.411,0.97429,0.97448,1.00,1.00
2016.12.16 16:29:08.512,0.97428,0.97446,2.25,1.00
2016.12.16 16:29:08.912,0.9743,0.97451,2.62,1.00
2016.12.16 16:29:09.013,0.97436,0.97458,1.87,1.00
2016.12.16 16:29:09.115,0.97437,0.97457,2.25,1.00
2016.12.16 16:29:09.417,0.97438,0.97453,1.75,1.00
2016.12.16 16:29:09.520,0.97437,0.97457,1.75,1.00
2016.12.16 16:29:09.571,0.97439,0.97455,1.75,1.00
2016.12.16 16:29:09.622,0.97439,0.97455,1.12,1.00
2016.12.16 16:29:09.723,0.97436,0.97457,3.00,1.00
2016.12.16 16:29:09.824,0.9744,0.97461,1.00,1.75
2016.12.16 16:29:10.025,0.97439,0.97461,2.25,1.00
2016.12.16 16:29:10.823,0.97443,0.97461,1.37,1.00
2016.12.16 16:29:10.975,0.97443,0.97465,1.75,1.00
2016.12.16 16:29:11.126,0.97445,0.97466,1.75,1.00
2016.12.16 16:29:11.431,0.97445,0.97464,1.75,1.00
2016.12.16 16:29:11.532,0.97444,0.97466,2.25,1.00
2016.12.16 16:29:11.633,0.97444,0.97464,2.25,1.00
2016.12.16 16:29:11.785,0.97444,0.97466,3.75,1.00
2016.12.16 16:29:12.292,0.97445,0.97468,2.25,1.00
2016.12.16 16:29:12.342,0.97449,0.97465,1.00,1.00
2016.12.16 16:29:12.670,0.97449,0.97465,1.75,1.00
2016.12.16 16:29:12.922,0.97446,0.97467,1.75,1.00
2016.12.16 16:29:13.073,0.97445,0.97467,1.75,1.00
2016.12.16 16:29:13.268,0.97444,0.9747,1.75,1.00
2016.12.16 16:29:13.319,0.97449,0.97468,1.00,1.00
2016.12.16 16:29:14.184,0.97448,0.9747,1.50,1.00
2016.12.16 16:29:14.723,0.9745,0.97471,1.00,1.00
2016.12.16 16:29:14.824,0.97451,0.97473,1.00,1.12
2016.12.16 16:29:14.925,0.97454,0.97477,1.00,1.75
2016.12.16 16:29:15.045,0.97454,0.97477,1.00,1.12
2016.12.16 16:29:15.146,0.97458,0.97476,1.37,1.00
2016.12.16 16:29:15.197,0.97458,0.97478,1.37,1.00
2016.12.16 16:29:15.247,0.97458,0.97479,3.00,1.00
2016.12.16 16:29:15.399,0.97459,0.97477,1.00,1.00
2016.12.16 16:29:15.449,0.97461,0.97477,1.00,1.00
2016.12.16 16:29:15.550,0.97459,0.97477,1.00,1.00
2016.12.16 16:29:16.154,0.97459,0.97475,1.00,1.00
2016.12.16 16:29:16.205,0.97459,0.97477,1.00,1.00
2016.12.16 16:29:16.711,0.97457,0.97477,1.50,1.00
2016.12.16 16:29:17.164,0.97458,0.97476,3.00,1.00
2016.12.16 16:29:17.663,0.97458,0.97478,1.75,1.00
2016.12.16 16:29:18.149,0.97463,0.97481,1.00,1.00
2016.12.16 16:29:18.250,0.97463,0.97483,1.00,1.00
2016.12.16 16:29:18.301,0.97462,0.9748,1.12,1.00
2016.12.16 16:29:18.649,0.97466,0.97484,1.00,1.00
2016.12.16 16:29:19.075,0.97465,0.97481,1.12,1.00
2016.12.16 16:29:19.226,0.97465,0.97483,1.12,1.00
2016.12.16 16:29:19.428,0.97464,0.97481,1.37,1.00
2016.12.16 16:29:20.051,0.97465,0.97482,1.12,1.00
2016.12.16 16:29:21.097,0.97465,0.97485,1.12,1.00
2016.12.16 16:29:21.147,0.97471,0.97491,1.00,2.25
2016.12.16 16:29:21.468,0.97472,0.97489,2.85,1.00
2016.12.16 16:29:21.569,0.97469,0.97487,3.00,1.00
2016.12.16 16:29:21.670,0.97469,0.97486,1.87,1.00
2016.12.16 16:29:21.771,0.97473,0.9749,1.00,1.00
2016.12.16 16:29:22.073,0.97471,0.97488,1.00,1.00
2016.12.16 16:29:22.578,0.97472,0.97488,1.00,1.00
2016.12.16 16:29:22.954,0.97472,0.9749,1.00,1.00
2016.12.16 16:29:23.055,0.97473,0.97492,1.00,1.00
2016.12.16 16:29:23.206,0.97474,0.97489,1.00,1.00
2016.12.16 16:29:23.463,0.97471,0.97489,1.00,1.00
2016.12.16 16:29:23.564,0.97471,0.97488,1.75,1.00
2016.12.16 16:29:23.615,0.97471,0.9749,1.75,1.00
2016.12.16 16:29:24.155,0.97473,0.97491,1.50,1.00
2016.12.16 16:29:24.699,0.97473,0.97492,1.12,1.00
2016.12.16 16:29:25.278,0.97473,0.97491,1.12,1.00
2016.12.16 16:29:25.986,0.97471,0.97489,1.50,1.00
2016.12.16 16:29:26.087,0.97471,0.97491,1.00,1.00
2016.12.16 16:29:26.625,0.97472,0.9749,1.00,1.00
2016.12.16 16:29:26.676,0.97474,0.97487,1.00,1.00
2016.12.16 16:29:26.777,0.97468,0.97486,1.50,1.00
2016.12.16 16:29:26.827,0.97468,0.97482,1.50,1.00
2016.12.16 16:29:27.080,0.97462,0.97483,1.12,1.00
2016.12.16 16:29:27.130,0.97462,0.97481,1.12,1.00
2016.12.16 16:29:27.382,0.9746,0.9748,1.12,1.00
2016.12.16 16:29:27.533,0.97459,0.97482,3.00,1.00
2016.12.16 16:29:27.584,0.97462,0.9748,1.00,1.00
2016.12.16 16:29:27.635,0.97459,0.97479,3.75,1.00
2016.12.16 16:29:27.685,0.97462,0.97481,1.00,1.00
2016.12.16 16:29:28.224,0.97459,0.9748,1.75,1.00
2016.12.16 16:29:29.334,0.97459,0.97482,2.25,1.00
2016.12.16 16:29:29.586,0.97459,0.97484,2.25,1.12
2016.12.16 16:29:29.792,0.9746,0.97484,1.75,1.00
2016.12.16 16:29:30.298,0.97464,0.97485,1.00,1.00
2016.12.16 16:29:30.820,0.97458,0.97487,3.00,1.87
2016.12.16 16:29:30.956,0.97458,0.97484,3.00,1.00
2016.12.16 16:29:31.006,0.97459,0.97486,1.75,1.00
2016.12.16 16:29:31.548,0.97458,0.97485,3.00,1.00
2016.12.16 16:29:32.011,0.97461,0.97484,1.75,1.00
2016.12.16 16:29:32.427,0.97457,0.97471,3.37,1.00
2016.12.16 16:29:32.478,0.97455,0.97469,1.50,1.00
2016.12.16 16:29:32.579,0.97448,0.97468,1.75,1.00
2016.12.16 16:29:32.781,0.97449,0.97465,1.75,1.00
2016.12.16 16:29:32.881,0.97445,0.97465,2.25,1.00
2016.12.16 16:29:32.932,0.97445,0.97468,3.75,1.00
2016.12.16 16:29:33.083,0.97446,0.97468,4.87,1.00
2016.12.16 16:29:33.184,0.97446,0.97468,3.00,1.00
2016.12.16 16:29:33.711,0.97449,0.97468,1.00,1.00
2016.12.16 16:29:34.241,0.97449,0.97469,1.00,1.00
2016.12.16 16:29:34.793,0.97449,0.97468,1.00,1.00
2016.12.16 16:29:36.182,0.97449,0.97469,1.00,1.00
2016.12.16 16:29:36.686,0.97449,0.97468,1.00,1.00
2016.12.16 16:29:37.263,0.97447,0.97469,1.75,1.00
2016.12.16 16:29:37.793,0.97446,0.9747,2.25,1.00
2016.12.16 16:29:38.326,0.97446,0.9747,1.50,1.00
2016.12.16 16:29:38.858,0.97449,0.9747,1.00,1.00
2016.12.16 16:29:39.110,0.97446,0.97468,1.75,1.00
2016.12.16 16:29:39.499,0.97446,0.97471,1.75,1.12
2016.12.16 16:29:39.600,0.97449,0.97474,1.00,1.50
2016.12.16 16:29:39.701,0.97446,0.97474,3.75,2.25
2016.12.16 16:29:40.010,0.97449,0.97471,1.75,1.00
2016.12.16 16:29:40.602,0.97449,0.97469,1.75,1.00
2016.12.16 16:29:40.848,0.97448,0.9747,1.50,1.00
2016.12.16 16:29:42.745,0.97446,0.9747,1.50,1.12
2016.12.16 16:29:45.019,0.97447,0.97469,1.37,1.00
2016.12.16 16:29:45.172,0.97445,0.97467,1.75,1.00
2016.12.16 16:29:45.222,0.97445,0.97466,1.00,1.00
2016.12.16 16:29:45.323,0.97442,0.97466,1.00,1.00
2016.12.16 16:29:45.733,0.97443,0.97466,1.00,1.75
2016.12.16 16:29:47.045,0.97443,0.97466,1.00,1.50
2016.12.16 16:29:47.246,0.97443,0.97467,1.00,2.25
2016.12.16 16:29:47.448,0.97446,0.97471,1.50,1.50
2016.12.16 16:29:47.610,0.97446,0.97472,1.50,1.50
2016.12.16 16:29:47.913,0.97438,0.97453,1.00,1.00
2016.12.16 16:29:47.963,0.97434,0.97454,1.75,1.00
2016.12.16 16:29:48.066,0.97438,0.97454,1.00,1.00
2016.12.16 16:29:48.368,0.97444,0.97456,1.00,1.00
2016.12.16 16:29:48.520,0.97444,0.97458,1.00,1.00
2016.12.16 16:29:49.077,0.97444,0.97459,1.12,1.00
2016.12.16 16:29:49.128,0.97439,0.97458,2.25,1.00
2016.12.16 16:29:49.182,0.97442,0.97458,1.00,1.00
2016.12.16 16:29:49.503,0.97444,0.97458,1.00,1.00
2016.12.16 16:29:49.604,0.9744,0.97459,1.37,1.00
2016.12.16 16:29:49.920,0.97444,0.97458,1.00,1.00
2016.12.16 16:29:50.021,0.9744,0.97456,1.00,1.00
2016.12.16 16:29:50.122,0.9744,0.97454,1.00,1.00
2016.12.16 16:29:50.223,0.97438,0.97455,1.00,1.00
2016.12.16 16:29:50.324,0.97438,0.97457,2.25,1.00
2016.12.16 16:29:50.475,0.97448,0.97457,1.00,1.00
2016.12.16 16:29:50.892,0.97448,0.97459,1.00,1.00
2016.12.16 16:29:51.044,0.9744,0.97458,1.87,1.00
2016.12.16 16:29:51.145,0.97442,0.97456,1.12,1.00
2016.12.16 16:29:51.246,0.97438,0.97456,1.50,1.00
2016.12.16 16:29:51.398,0.97439,0.9745,1.00,1.00
2016.12.16 16:29:51.997,0.97439,0.97454,1.00,1.00
2016.12.16 16:29:52.249,0.97439,0.97457,1.00,1.00
2016.12.16 16:29:52.356,0.97439,0.97461,1.75,1.00
2016.12.16 16:29:52.903,0.9744,0.97461,1.00,1.00
2016.12.16 16:29:53.256,0.97439,0.97461,2.25,1.00
2016.12.16 16:29:53.567,0.9744,0.97461,1.00,1.00
2016.12.16 16:29:53.617,0.97443,0.9746,1.00,1.00
2016.12.16 16:29:53.719,0.97438,0.97458,1.37,1.00
2016.12.16 16:29:53.770,0.97438,0.97455,1.00,1.00
2016.12.16 16:29:53.871,0.97433,0.97453,1.37,1.00
2016.12.16 16:29:54.033,0.97433,0.97448,1.37,1.00
2016.12.16 16:29:54.463,0.97431,0.97448,1.00,1.00
2016.12.16 16:29:54.614,0.97429,0.97448,1.50,1.00
2016.12.16 16:29:54.665,0.9743,0.97451,1.00,1.00
2016.12.16 16:29:54.716,0.97438,0.97451,1.00,1.00
2016.12.16 16:29:54.766,0.97431,0.97451,1.00,1.00
2016.12.16 16:29:54.875,0.9743,0.97451,3.75,1.00
2016.12.16 16:29:55.184,0.97438,0.9745,1.00,1.00
2016.12.16 16:29:55.234,0.97433,0.9745,1.12,1.00
2016.12.16 16:29:55.336,0.97439,0.97451,1.00,1.00
2016.12.16 16:29:55.437,0.97433,0.97451,1.12,1.00
2016.12.16 16:29:55.740,0.97431,0.9745,1.00,1.00
2016.12.16 16:29:55.791,0.97433,0.9745,1.00,1.00
2016.12.16 16:29:56.149,0.97429,0.97448,1.75,1.00
2016.12.16 16:29:56.270,0.97429,0.97448,1.00,1.00
2016.12.16 16:29:56.321,0.97428,0.97442,1.12,1.00
2016.12.16 16:29:56.423,0.97423,0.97443,1.37,1.00
2016.12.16 16:29:56.474,0.97421,0.97443,1.00,1.00
2016.12.16 16:29:56.524,0.97429,0.97442,1.00,1.00
2016.12.16 16:29:56.726,0.97421,0.97443,1.00,1.00
2016.12.16 16:29:57.129,0.97428,0.97442,1.00,1.00
2016.12.16 16:29:57.180,0.97419,0.97442,1.87,1.00
2016.12.16 16:29:57.231,0.97429,0.97442,1.00,1.00
2016.12.16 16:29:57.392,0.9742,0.97442,1.87,1.00
2016.12.16 16:29:57.594,0.97422,0.97442,1.00,1.00
2016.12.16 16:29:57.896,0.97428,0.97446,1.00,1.00
2016.12.16 16:29:58.199,0.97433,0.97449,1.00,1.00
2016.12.16 16:29:58.250,0.97429,0.97449,1.12,1.00
2016.12.16 16:29:58.577,0.97427,0.97449,1.12,1.00
2016.12.16 16:29:59.095,0.97428,0.9745,1.00,1.12
2016.12.16 16:29:59.246,0.97428,0.97449,1.75,1.00
2016.12.16 16:29:59.603,0.97428,0.9745,1.00,1.00
2016.12.16 16:29:59.754,0.97428,0.9745,1.50,1.00
2016.12.16 16:30:00.056,0.97428,0.9745,1.12,1.00
2016.12.16 16:30:00.582,0.97423,0.97446,4.12,1.00
2016.12.16 16:30:00.683,0.97423,0.97447,1.75,1.00
2016.12.16 16:30:00.784,0.97422,0.97443,2.62,1.00
2016.12.16 16:30:00.885,0.9742,0.97442,2.25,1.00
2016.12.16 16:30:01.154,0.97424,0.97446,1.50,1.37
2016.12.16 16:30:01.204,0.97429,0.97447,1.00,1.12
2016.12.16 16:30:01.355,0.97428,0.9745,1.00,1.00
2016.12.16 16:30:01.456,0.97428,0.97451,1.75,1.00
2016.12.16 16:30:01.657,0.97428,0.9745,1.50,1.00
2016.12.16 16:30:02.073,0.97429,0.9745,1.75,1.00
2016.12.16 16:30:02.175,0.97429,0.97451,1.12,1.00
2016.12.16 16:30:02.477,0.97429,0.97448,1.00,1.00
2016.12.16 16:30:02.528,0.97426,0.97446,1.00,1.00
2016.12.16 16:30:02.579,0.97424,0.97444,1.50,1.00
2016.12.16 16:30:02.730,0.97419,0.97443,1.50,1.12
2016.12.16 16:30:02.781,0.97419,0.97443,1.00,1.50
2016.12.16 16:30:02.933,0.97429,0.97442,1.00,1.00
2016.12.16 16:30:03.193,0.97424,0.97443,1.00,1.50
2016.12.16 16:30:03.294,0.97419,0.97442,1.00,1.00
2016.12.16 16:30:03.445,0.97424,0.97442,1.00,1.00
2016.12.16 16:30:03.919,0.97418,0.97443,1.12,2.25
2016.12.16 16:30:04.373,0.97423,0.97443,1.00,1.75
2016.12.16 16:30:04.554,0.97418,0.97439,1.12,1.00
2016.12.16 16:30:04.806,0.97419,0.97439,1.50,1.00
2016.12.16 16:30:05.333,0.97418,0.97439,1.12,1.00
2016.12.16 16:30:05.575,0.97418,0.97436,1.12,1.00
2016.12.16 16:30:05.676,0.97412,0.97433,1.00,1.00
2016.12.16 16:30:05.979,0.97414,0.97434,1.00,1.00
2016.12.16 16:30:06.181,0.97413,0.97436,2.25,1.00
2016.12.16 16:30:06.382,0.97414,0.97436,1.75,1.00
2016.12.16 16:30:06.484,0.97414,0.97436,1.50,1.00
2016.12.16 16:30:06.585,0.97416,0.97436,2.25,1.00
2016.12.16 16:30:06.787,0.97417,0.97438,1.75,1.00
2016.12.16 16:30:07.341,0.97419,0.97439,1.00,1.00
2016.12.16 16:30:07.694,0.97418,0.97442,1.50,1.50
2016.12.16 16:30:07.744,0.9742,0.97442,1.35,1.50
2016.12.16 16:30:07.980,0.97422,0.97444,1.87,1.00
2016.12.16 16:30:08.032,0.97426,0.97447,1.00,1.75
2016.12.16 16:30:08.083,0.97426,0.97447,1.12,1.00
2016.12.16 16:30:08.184,0.97426,0.97451,1.75,1.50
2016.12.16 16:30:08.386,0.97427,0.97449,1.00,1.00
2016.12.16 16:30:08.794,0.97422,0.97448,1.75,1.12
2016.12.16 16:30:09.069,0.97422,0.97449,1.37,1.75
2016.12.16 16:30:09.561,0.9742,0.97443,1.50,1.00
2016.12.16 16:30:10.016,0.97419,0.97443,1.37,1.12
2016.12.16 16:30:10.067,0.97419,0.9744,1.37,1.00
2016.12.16 16:30:10.319,0.97413,0.97435,1.50,1.00
2016.12.16 16:30:10.370,0.97414,0.97435,1.50,1.00
2016.12.16 16:30:10.495,0.97415,0.97435,1.12,1.00
2016.12.16 16:30:10.546,0.97412,0.97433,2.25,1.00
2016.12.16 16:30:10.698,0.97412,0.97434,1.12,1.00
2016.12.16 16:30:10.900,0.97414,0.97435,1.00,1.00
2016.12.16 16:30:10.950,0.97414,0.97438,1.00,1.50
2016.12.16 16:30:11.001,0.97416,0.97437,1.00,1.00
2016.12.16 16:30:11.518,0.97414,0.97437,3.75,1.00
2016.12.16 16:30:11.916,0.9742,0.97437,1.75,1.00
2016.12.16 16:30:11.966,0.9742,0.97444,1.75,1.00
2016.12.16 16:30:12.017,0.97421,0.97445,1.00,1.00
2016.12.16 16:30:12.655,0.97421,0.97446,1.00,2.25
2016.12.16 16:30:13.085,0.97421,0.97444,1.00,1.00
2016.12.16 16:30:13.396,0.97419,0.97443,1.12,1.87
2016.12.16 16:30:13.601,0.97415,0.9744,1.00,1.50
2016.12.16 16:30:13.702,0.97417,0.9744,1.00,1.00
2016.12.16 16:30:14.206,0.97416,0.97441,1.50,1.00
2016.12.16 16:30:14.512,0.97419,0.97442,1.12,1.00
2016.12.16 16:30:14.946,0.97419,0.97441,1.00,1.50
2016.12.16 16:30:15.896,0.97419,0.97444,1.12,1.75
2016.12.16 16:30:16.479,0.9742,0.97446,1.00,2.25
2016.12.16 16:30:16.732,0.9742,0.97448,1.50,3.00
2016.12.16 16:30:16.833,0.97424,0.97446,1.00,1.37
2016.12.16 16:30:17.135,0.97419,0.97441,1.00,1.00
2016.12.16 16:30:17.236,0.97419,0.97439,1.12,1.00
2016.12.16 16:30:17.567,0.97419,0.97437,1.00,1.00
2016.12.16 16:30:17.920,0.97416,0.97441,1.00,1.75
2016.12.16 16:30:18.122,0.97416,0.97442,1.50,1.75
2016.12.16 16:30:18.845,0.97419,0.97444,1.00,1.75
2016.12.16 16:30:18.946,0.97417,0.97443,2.25,1.50
2016.12.16 16:30:19.366,0.97418,0.9744,1.50,1.00
2016.12.16 16:30:19.517,0.97416,0.9744,1.00,1.50
2016.12.16 16:30:19.719,0.97413,0.9744,1.50,1.75
2016.12.16 16:30:20.348,0.97412,0.97438,1.37,1.50
2016.12.16 16:30:22.418,0.97412,0.97435,1.00,1.00
2016.12.16 16:30:22.519,0.97413,0.97437,1.50,1.00
2016.12.16 16:30:22.966,0.97413,0.9744,1.75,1.75
2016.12.16 16:30:23.284,0.97414,0.97436,1.00,1.00
2016.12.16 16:30:23.591,0.97412,0.97439,1.00,2.25
2016.12.16 16:30:23.945,0.97414,0.97439,1.00,1.75
2016.12.16 16:30:24.461,0.97413,0.97439,1.12,1.75
2016.12.16 16:30:25.093,0.97414,0.97439,1.00,1.75
2016.12.16 16:30:25.596,0.97413,0.97439,1.12,1.75
2016.12.16 16:30:26.355,0.97415,0.97439,1.00,1.75
2016.12.16 16:30:26.657,0.97414,0.97439,1.50,1.75
2016.12.16 16:30:27.122,0.97413,0.97437,1.00,1.00
2016.12.16 16:30:27.671,0.97414,0.97438,1.50,1.00
2016.12.16 16:30:28.182,0.97414,0.97439,1.00,1.75
2016.12.16 16:30:28.233,0.97412,0.97439,1.87,1.75
2016.12.16 16:30:28.375,0.97411,0.9744,2.25,1.75
2016.12.16 16:30:29.613,0.97416,0.97441,3.00,1.75
2016.12.16 16:30:29.775,0.97419,0.97443,1.00,1.50
2016.12.16 16:30:29.825,0.9742,0.97443,1.37,1.12
2016.12.16 16:30:30.229,0.97417,0.97443,1.75,1.00
2016.12.16 16:30:30.710,0.97417,0.97441,1.75,1.00
2016.12.16 16:30:30.861,0.97419,0.97445,1.12,1.50
2016.12.16 16:30:31.210,0.97421,0.97445,1.00,1.50
2016.12.16 16:30:31.312,0.97419,0.97445,1.12,1.50
2016.12.16 16:30:31.715,0.97421,0.97446,1.00,3.00
2016.12.16 16:30:32.017,0.97421,0.97446,1.00,3.00
2016.12.16 16:30:32.504,0.97419,0.97446,2.62,2.25
2016.12.16 16:30:32.746,0.9742,0.97445,1.00,1.00
2016.12.16 16:30:33.149,0.97417,0.97444,1.50,1.50
2016.12.16 16:30:33.671,0.97418,0.97441,1.37,1.00
2016.12.16 16:30:33.872,0.97415,0.9744,1.00,1.50
2016.12.16 16:30:34.031,0.97414,0.97439,1.50,1.37
2016.12.16 16:30:34.534,0.97414,0.97439,1.50,1.75
2016.12.16 16:30:35.088,0.97416,0.9744,1.00,1.75
2016.12.16 16:30:35.139,0.97416,0.9744,1.75,1.12
2016.12.16 16:30:35.964,0.97415,0.9744,1.50,1.50
2016.12.16 16:30:36.232,0.97415,0.9744,1.12,1.50
2016.12.16 16:30:36.958,0.97416,0.97441,1.37,1.87
2016.12.16 16:30:37.160,0.97415,0.97439,1.50,1.50
2016.12.16 16:30:38.267,0.97414,0.97439,1.87,1.75
2016.12.16 16:30:38.368,0.97414,0.97439,1.00,1.50
2016.12.16 16:30:38.937,0.97414,0.97438,2.25,1.00
2016.12.16 16:30:39.088,0.97413,0.97438,1.87,1.75
2016.12.16 16:30:39.390,0.97415,0.97441,1.12,2.25
2016.12.16 16:30:39.708,0.97419,0.97444,1.00,1.75
2016.12.16 16:30:39.758,0.97419,0.97444,1.12,2.25
2016.12.16 16:30:40.062,0.97417,0.97441,1.00,1.00
2016.12.16 16:30:40.857,0.97418,0.97441,1.00,1.00
2016.12.16 16:30:41.159,0.97417,0.97439,1.00,1.00
2016.12.16 16:30:41.260,0.97413,0.97439,1.50,1.12
2016.12.16 16:30:41.361,0.97413,0.97436,1.00,1.00
2016.12.16 16:30:41.700,0.97415,0.97441,1.75,1.12
2016.12.16 16:30:42.145,0.97416,0.97441,1.50,2.25
2016.12.16 16:30:42.498,0.97411,0.97438,4.50,1.12
2016.12.16 16:30:42.549,0.97412,0.97438,1.50,1.50
2016.12.16 16:30:42.599,0.97412,0.97438,1.50,1.75
2016.12.16 16:30:42.952,0.97414,0.97438,1.75,1.00
2016.12.16 16:30:43.286,0.97414,0.97436,1.00,1.00
2016.12.16 16:30:44.372,0.97415,0.97437,1.00,1.50
2016.12.16 16:30:44.706,0.97411,0.97434,1.87,1.37
2016.12.16 16:30:44.757,0.97411,0.97433,1.00,1.75
2016.12.16 16:30:45.059,0.97411,0.9743,1.00,1.37
2016.12.16 16:30:46.305,0.97411,0.97428,1.00,1.00
2016.12.16 16:30:46.819,0.97411,0.97429,1.00,1.12
2016.12.16 16:30:47.033,0.97405,0.97429,1.50,1.12
2016.12.16 16:30:47.706,0.97406,0.97429,1.00,1.50
2016.12.16 16:30:47.907,0.97405,0.9743,1.50,1.50
2016.12.16 16:30:48.064,0.97405,0.97429,1.12,1.75
2016.12.16 16:30:48.216,0.97403,0.97426,1.00,1.00
2016.12.16 16:30:48.367,0.97403,0.97426,1.00,1.75
2016.12.16 16:30:48.774,0.97403,0.97428,1.00,1.75
2016.12.16 16:30:49.076,0.97406,0.9743,1.00,1.50
2016.12.16 16:30:49.812,0.97406,0.9743,1.50,1.00
2016.12.16 16:30:49.964,0.97404,0.97431,2.25,1.75
2016.12.16 16:30:50.481,0.97406,0.9743,1.00,1.75
2016.12.16 16:30:50.784,0.97405,0.97429,1.00,1.75
2016.12.16 16:30:51.288,0.97404,0.97424,1.00,1.00
2016.12.16 16:30:51.504,0.974,0.97426,1.00,2.25
2016.12.16 16:30:51.907,0.974,0.97421,1.00,1.75
2016.12.16 16:30:52.109,0.97397,0.97421,1.00,1.75
2016.12.16 16:30:52.830,0.97396,0.97421,1.00,3.00
2016.12.16 16:30:53.082,0.97398,0.97421,1.75,1.00
2016.12.16 16:30:53.183,0.97401,0.97425,1.00,1.00
2016.12.16 16:30:53.284,0.97397,0.97425,3.00,1.75
2016.12.16 16:30:54.418,0.97403,0.97427,1.75,1.12
2016.12.16 16:30:54.907,0.97405,0.97432,2.25,2.25
2016.12.16 16:30:55.561,0.97406,0.97428,1.50,1.00
2016.12.16 16:30:55.976,0.974,0.97419,1.00,2.25
2016.12.16 16:30:56.052,0.97395,0.97419,1.00,2.25
2016.12.16 16:30:56.354,0.97399,0.9742,1.00,1.75
2016.12.16 16:30:56.455,0.97397,0.97421,1.00,1.75
2016.12.16 16:30:56.506,0.97398,0.97421,1.00,1.50
2016.12.16 16:30:56.606,0.97397,0.97421,1.50,1.12
2016.12.16 16:30:57.251,0.97397,0.9742,2.25,1.00
2016.12.16 16:30:57.405,0.97404,0.9742,1.00,1.00
2016.12.16 16:30:57.456,0.97399,0.9742,1.50,1.00
2016.12.16 16:30:57.859,0.97397,0.9742,1.00,1.00
2016.12.16 16:30:58.421,0.97399,0.97425,1.12,1.50
2016.12.16 16:30:58.471,0.97403,0.97428,1.00,1.75
2016.12.16 16:30:58.824,0.97404,0.97431,1.50,2.25
2016.12.16 16:30:59.328,0.97406,0.97427,1.00,1.00
2016.12.16 16:30:59.378,0.97404,0.97427,1.00,1.00
2016.12.16 16:30:59.787,0.97404,0.97424,1.00,1.00
2016.12.16 16:31:00.089,0.97392,0.97414,1.00,1.50
2016.12.16 16:31:00.241,0.97389,0.97414,1.12,1.50
2016.12.16 16:31:00.749,0.97391,0.97414,1.00,1.50
2016.12.16 16:31:00.799,0.97389,0.97414,1.75,1.12
2016.12.16 16:31:01.334,0.97389,0.97414,1.75,1.00
2016.12.16 16:31:01.604,0.97389,0.97416,1.75,1.12
2016.12.16 16:31:01.705,0.97389,0.97416,2.25,1.75
2016.12.16 16:31:01.907,0.97389,0.97414,1.50,1.00
2016.12.16 16:31:02.211,0.97391,0.97413,1.00,1.00
2016.12.16 16:31:02.363,0.97391,0.97415,1.00,1.50
2016.12.16 16:31:02.414,0.97391,0.97413,1.00,1.00
2016.12.16 16:31:02.667,0.97388,0.97411,1.12,1.50
2016.12.16 16:31:02.718,0.97389,0.97411,1.00,1.50
2016.12.16 16:31:02.819,0.97389,0.97412,1.00,2.25
2016.12.16 16:31:02.869,0.97394,0.97412,1.00,1.50
2016.12.16 16:31:02.970,0.97389,0.97415,1.12,2.25
2016.12.16 16:31:03.021,0.97386,0.97413,3.00,1.00
2016.12.16 16:31:03.512,0.97387,0.97415,2.62,1.12
2016.12.16 16:31:03.995,0.97387,0.97411,3.37,1.00
2016.12.16 16:31:04.628,0.97387,0.9741,3.37,1.00
2016.12.16 16:31:04.729,0.9739,0.9741,1.00,1.00
2016.12.16 16:31:05.031,0.97386,0.97408,1.50,1.00
2016.12.16 16:31:05.232,0.97383,0.97404,1.12,1.00
2016.12.16 16:31:05.585,0.97379,0.97407,1.75,1.50
2016.12.16 16:31:06.057,0.97389,0.97408,1.00,1.75
2016.12.16 16:31:06.158,0.97381,0.97405,1.50,1.00
2016.12.16 16:31:06.209,0.97379,0.97407,2.10,1.50
2016.12.16 16:31:06.310,0.97381,0.97405,1.00,1.00
2016.12.16 16:31:06.365,0.97383,0.97405,1.00,1.00
2016.12.16 16:31:07.156,0.97383,0.97403,1.00,1.00
2016.12.16 16:31:07.207,0.97381,0.97405,1.35,2.25
2016.12.16 16:31:07.571,0.97383,0.97405,1.00,1.00
2016.12.16 16:31:08.044,0.97383,0.97402,1.00,1.00
2016.12.16 16:31:08.195,0.97384,0.97404,1.00,1.12
2016.12.16 16:31:08.738,0.97388,0.97404,1.00,1.12
2016.12.16 16:31:08.889,0.97379,0.97404,1.75,1.12
2016.12.16 16:31:09.604,0.97378,0.97403,3.00,1.00
2016.12.16 16:31:09.857,0.97377,0.97401,1.75,1.00
2016.12.16 16:31:09.958,0.97377,0.97401,1.50,1.50
2016.12.16 16:31:10.109,0.97379,0.97401,1.00,1.50
2016.12.16 16:31:10.261,0.97377,0.97401,1.00,1.50
2016.12.16 16:31:10.362,0.97379,0.97401,1.00,1.00
2016.12.16 16:31:10.664,0.97382,0.97407,1.75,1.00
2016.12.16 16:31:11.203,0.9738,0.97408,3.00,1.87
2016.12.16 16:31:11.857,0.9738,0.97406,1.75,1.12
2016.12.16 16:31:12.071,0.97378,0.97406,1.75,2.25
2016.12.16 16:31:12.222,0.97379,0.97405,1.75,1.12
2016.12.16 16:31:12.525,0.9738,0.97404,1.00,1.00
2016.12.16 16:31:13.043,0.97381,0.97405,1.00,1.00
2016.12.16 16:31:13.312,0.97379,0.97403,1.00,1.00
2016.12.16 16:31:13.614,0.97382,0.97405,1.00,1.00
2016.12.16 16:31:13.665,0.97378,0.97404,1.50,1.12
2016.12.16 16:31:13.716,0.97375,0.97402,1.75,1.00
2016.12.16 16:31:14.018,0.97373,0.97397,1.75,1.00
2016.12.16 16:31:14.270,0.97372,0.97397,1.75,1.00
2016.12.16 16:31:14.537,0.97381,0.97404,1.00,1.00
2016.12.16 16:31:14.738,0.97383,0.97406,1.75,1.00
2016.12.16 16:31:15.168,0.97385,0.97407,1.75,1.00
2016.12.16 16:31:15.269,0.97387,0.97406,1.00,1.00
2016.12.16 16:31:15.370,0.97381,0.97406,1.75,1.00
2016.12.16 16:31:15.421,0.97379,0.97404,2.62,1.00
2016.12.16 16:31:15.471,0.97378,0.97404,2.25,1.00
2016.12.16 16:31:15.978,0.97378,0.97404,1.75,1.37
2016.12.16 16:31:16.513,0.97378,0.97403,1.75,1.12
2016.12.16 16:31:16.614,0.97377,0.97404,1.50,2.25
2016.12.16 16:31:18.683,0.97378,0.97402,1.12,1.00
2016.12.16 16:31:18.837,0.97374,0.97399,1.75,1.00
2016.12.16 16:31:18.989,0.97373,0.97397,1.12,1.00
2016.12.16 16:31:19.140,0.9737,0.97395,1.00,1.50
2016.12.16 16:31:19.291,0.9737,0.97392,1.00,1.00
2016.12.16 16:31:19.342,0.9737,0.97395,1.00,1.00
2016.12.16 16:31:19.443,0.97373,0.97396,1.00,1.00
2016.12.16 16:31:20.051,0.97373,0.97398,2.25,1.00
2016.12.16 16:31:20.102,0.97376,0.97402,2.25,1.75
2016.12.16 16:31:20.254,0.97377,0.97404,2.25,1.00
2016.12.16 16:31:20.556,0.97377,0.97402,1.00,2.25
2016.12.16 16:31:20.657,0.97379,0.97402,1.00,1.00
2016.12.16 16:31:20.981,0.97376,0.97402,1.75,1.00
2016.12.16 16:31:21.272,0.97379,0.97402,1.00,1.37
2016.12.16 16:31:21.564,0.97378,0.97404,2.25,1.37
2016.12.16 16:31:21.993,0.97375,0.974,3.37,1.00
2016.12.16 16:31:22.094,0.97374,0.974,1.75,1.50
2016.12.16 16:31:22.377,0.97373,0.97398,1.12,1.12
2016.12.16 16:31:22.478,0.97374,0.97395,1.00,1.00
2016.12.16 16:31:22.579,0.97374,0.97397,1.00,1.12
2016.12.16 16:31:22.996,0.97374,0.97398,1.00,1.75
2016.12.16 16:31:23.097,0.97374,0.97399,1.00,1.50
2016.12.16 16:31:23.147,0.97378,0.974,1.00,2.25
2016.12.16 16:31:23.401,0.97371,0.97399,1.75,1.00
2016.12.16 16:31:23.553,0.97372,0.97401,2.25,2.25
2016.12.16 16:31:23.981,0.97372,0.97396,1.75,1.00
2016.12.16 16:31:24.485,0.97373,0.97398,2.25,1.50
2016.12.16 16:31:25.017,0.97374,0.97401,1.12,2.25
2016.12.16 16:31:25.370,0.97374,0.97396,1.12,1.00
2016.12.16 16:31:25.471,0.9737,0.97394,1.00,1.50
2016.12.16 16:31:25.572,0.97369,0.97393,1.75,1.00
2016.12.16 16:31:25.673,0.97368,0.97392,1.50,1.00
2016.12.16 16:31:25.723,0.97373,0.97392,1.00,1.00
2016.12.16 16:31:26.233,0.97368,0.97392,1.50,1.00
2016.12.16 16:31:26.365,0.97368,0.97396,1.75,1.75
2016.12.16 16:31:27.300,0.97369,0.97395,1.12,2.25
2016.12.16 16:31:27.735,0.97364,0.97386,1.00,1.00
2016.12.16 16:31:27.807,0.97364,0.97388,1.00,3.00
2016.12.16 16:31:27.908,0.97358,0.97387,1.75,1.75
2016.12.16 16:31:28.217,0.97359,0.97386,1.50,3.00
2016.12.16 16:31:28.520,0.97364,0.97389,1.00,1.75
2016.12.16 16:31:28.573,0.97364,0.97388,2.25,1.00
2016.12.16 16:31:29.159,0.97365,0.97389,1.12,1.12
2016.12.16 16:31:29.613,0.97365,0.97387,1.00,1.00
2016.12.16 16:31:29.664,0.97363,0.97387,1.50,1.00
2016.12.16 16:31:30.009,0.97367,0.97387,1.00,1.00
2016.12.16 16:31:30.111,0.97367,0.97389,1.00,1.00
2016.12.16 16:31:30.530,0.97367,0.9739,1.00,1.75
2016.12.16 16:31:30.581,0.97365,0.97391,1.12,3.00
2016.12.16 16:31:30.732,0.97363,0.97385,1.75,1.00
2016.12.16 16:31:30.783,0.97363,0.97386,1.00,1.50
2016.12.16 16:31:30.984,0.97363,0.97387,1.00,1.50
2016.12.16 16:31:31.085,0.97366,0.97386,1.00,1.00
2016.12.16 16:31:31.186,0.97366,0.97389,1.00,1.00
2016.12.16 16:31:32.696,0.97368,0.97389,1.00,1.00
2016.12.16 16:31:32.897,0.97369,0.97394,1.00,1.75
2016.12.16 16:31:32.998,0.97367,0.97391,1.00,1.50
2016.12.16 16:31:33.302,0.97366,0.97386,1.12,1.00
2016.12.16 16:31:33.814,0.97364,0.97387,1.50,1.00
2016.12.16 16:31:34.335,0.97365,0.97386,1.37,1.00
2016.12.16 16:31:34.845,0.97367,0.97386,1.00,1.00
2016.12.16 16:31:35.377,0.97367,0.9739,1.00,1.75
2016.12.16 16:31:35.907,0.97364,0.97391,1.00,4.87
2016.12.16 16:31:36.746,0.97366,0.9739,1.00,1.75
2016.12.16 16:31:36.964,0.97363,0.97387,1.12,1.75
2016.12.16 16:31:37.139,0.97363,0.97387,1.50,1.00
2016.12.16 16:31:37.895,0.97364,0.97388,1.00,1.00
2016.12.16 16:31:38.423,0.97368,0.97391,1.00,3.00
2016.12.16 16:31:38.524,0.97367,0.97392,1.75,1.12
2016.12.16 16:31:38.625,0.97367,0.97392,1.00,1.50
2016.12.16 16:31:38.726,0.97366,0.97392,1.87,1.75
2016.12.16 16:31:39.039,0.97369,0.97392,1.00,1.75
2016.12.16 16:31:39.190,0.97364,0.97391,1.75,1.75
2016.12.16 16:31:39.642,0.97365,0.97392,1.75,2.25
2016.12.16 16:31:40.045,0.97364,0.97392,1.75,2.25
2016.12.16 16:31:40.576,0.97367,0.97391,1.00,1.50
2016.12.16 16:31:40.730,0.97369,0.97391,1.00,1.00
2016.12.16 16:31:41.129,0.97365,0.97391,1.35,1.50
2016.12.16 16:31:43.222,0.97369,0.97391,1.00,1.50
2016.12.16 16:31:43.625,0.97368,0.97394,1.75,2.25
2016.12.16 16:31:43.727,0.97368,0.97394,1.75,1.12
2016.12.16 16:31:44.044,0.97369,0.97396,1.12,2.25
2016.12.16 16:31:44.627,0.97368,0.97394,2.25,1.00
2016.12.16 16:31:45.136,0.9737,0.97394,1.50,1.00
2016.12.16 16:31:45.483,0.97367,0.97392,1.75,1.00
2016.12.16 16:31:45.994,0.97366,0.97392,1.75,1.12
2016.12.16 16:31:46.558,0.97368,0.97393,1.00,1.75
2016.12.16 16:31:47.079,0.97365,0.97391,1.75,1.12
2016.12.16 16:31:47.568,0.97365,0.97392,1.00,2.25
2016.12.16 16:31:47.982,0.97367,0.97393,1.00,2.25
2016.12.16 16:31:48.033,0.97363,0.97393,1.50,2.25
2016.12.16 16:31:48.285,0.97361,0.97386,1.75,1.00
2016.12.16 16:31:48.335,0.97361,0.97386,1.12,1.50
2016.12.16 16:31:48.637,0.97359,0.97382,1.00,1.50
2016.12.16 16:31:48.997,0.97361,0.97382,1.00,1.00
2016.12.16 16:31:49.047,0.97359,0.97382,1.00,1.00
2016.12.16 16:31:49.660,0.9736,0.97384,1.00,1.50
2016.12.16 16:31:50.203,0.9736,0.97383,1.00,1.00
2016.12.16 16:31:50.724,0.97358,0.97383,1.00,1.00
2016.12.16 16:31:50.876,0.97359,0.97385,1.00,3.00
2016.12.16 16:31:50.977,0.97359,0.97382,1.00,1.00
2016.12.16 16:31:51.482,0.97361,0.97382,1.00,1.00
2016.12.16 16:31:51.532,0.97359,0.97388,1.87,3.37
2016.12.16 16:31:51.583,0.9736,0.97389,1.37,3.37
2016.12.16 16:31:51.684,0.97361,0.97387,1.75,1.00
2016.12.16 16:31:51.892,0.97362,0.97387,1.50,1.00
2016.12.16 16:31:52.592,0.97363,0.9739,2.85,1.75
2016.12.16 16:31:53.040,0.97361,0.97388,1.75,1.12
2016.12.16 16:31:53.141,0.97361,0.97385,1.00,1.00
2016.12.16 16:31:53.642,0.97361,0.97386,2.25,1.00
2016.12.16 16:31:53.945,0.97363,0.97386,1.50,1.00
2016.12.16 16:31:54.350,0.97361,0.97386,1.00,1.00
2016.12.16 16:31:54.502,0.97363,0.97386,1.00,1.00
2016.12.16 16:31:55.016,0.97364,0.97386,1.00,1.00
2016.12.16 16:31:55.527,0.97367,0.97386,1.00,1.00
2016.12.16 16:31:55.578,0.97367,0.97391,1.00,1.75
2016.12.16 16:31:55.679,0.97367,0.97393,1.12,2.25
2016.12.16 16:31:56.523,0.97365,0.97386,1.75,1.00
2016.12.16 16:31:56.675,0.97363,0.97386,1.00,2.25
2016.12.16 16:31:56.725,0.97363,0.97384,1.00,2.25
2016.12.16 16:31:56.883,0.97356,0.9738,1.50,1.00
2016.12.16 16:31:56.985,0.97356,0.97381,1.50,1.37
2016.12.16 16:31:57.086,0.97354,0.97381,2.25,1.75
2016.12.16 16:31:57.188,0.97354,0.97381,2.25,2.62
2016.12.16 16:31:57.288,0.97355,0.9738,1.12,1.12
2016.12.16 16:31:57.339,0.97355,0.9738,1.12,1.50
2016.12.16 16:31:57.642,0.97359,0.97385,1.37,1.50
2016.12.16 16:31:58.213,0.97363,0.97387,1.00,3.00
2016.12.16 16:31:58.264,0.9736,0.97387,1.12,3.00
2016.12.16 16:31:58.314,0.97362,0.97387,1.00,3.00
2016.12.16 16:31:58.569,0.9736,0.97385,1.75,1.87
2016.12.16 16:31:58.670,0.97358,0.97385,1.75,1.75
2016.12.16 16:31:58.972,0.97357,0.97382,1.00,1.75
2016.12.16 16:31:59.508,0.97356,0.97382,1.12,1.75
2016.12.16 16:31:59.849,0.97358,0.97383,1.00,1.50
2016.12.16 16:31:59.899,0.97358,0.97383,1.00,1.50
2016.12.16 16:32:00.051,0.97356,0.97382,1.37,1.50
2016.12.16 16:32:00.403,0.97357,0.97384,1.75,2.25
2016.12.16 16:32:00.555,0.97357,0.97383,1.50,1.75
2016.12.16 16:32:01.288,0.9736,0.97382,1.00,1.50
2016.12.16 16:32:01.606,0.97368,0.97386,1.00,1.00
2016.12.16 16:32:01.657,0.97365,0.97388,1.12,1.50
2016.12.16 16:32:01.959,0.97363,0.97387,1.00,1.50
2016.12.16 16:32:02.495,0.97364,0.97387,1.00,1.50
2016.12.16 16:32:02.797,0.97362,0.97386,1.00,1.12
2016.12.16 16:32:02.949,0.97359,0.97386,1.37,4.35
2016.12.16 16:32:02.999,0.97359,0.97384,1.12,2.25
2016.12.16 16:32:03.302,0.97362,0.97385,1.00,1.75
2016.12.16 16:32:03.363,0.9736,0.97385,1.12,1.75
2016.12.16 16:32:03.748,0.97362,0.97384,1.00,1.75
2016.12.16 16:32:04.000,0.97363,0.97386,1.00,1.75
2016.12.16 16:32:04.202,0.9736,0.97386,1.12,1.75
2016.12.16 16:32:04.741,0.97361,0.97386,1.00,2.25
2016.12.16 16:32:05.076,0.97361,0.97386,1.12,2.25
2016.12.16 16:32:05.581,0.97361,0.97384,1.00,1.00
2016.12.16 16:32:05.835,0.97363,0.97386,1.00,1.50
2016.12.16 16:32:05.936,0.9736,0.97385,1.12,1.37
2016.12.16 16:32:06.441,0.97359,0.97383,1.12,1.37
2016.12.16 16:32:06.693,0.9736,0.97385,1.12,1.12
2016.12.16 16:32:06.794,0.97359,0.97386,1.50,3.00
2016.12.16 16:32:07.096,0.97362,0.97384,1.00,1.75
2016.12.16 16:32:07.407,0.9736,0.97386,1.37,2.25
2016.12.16 16:32:07.933,0.9736,0.97382,1.37,1.00
2016.12.16 16:32:08.610,0.9736,0.97384,1.37,1.37
2016.12.16 16:32:08.673,0.9736,0.97381,1.37,1.00
2016.12.16 16:32:08.724,0.9736,0.97384,1.37,1.37
2016.12.16 16:32:10.199,0.97362,0.97386,1.00,1.75
2016.12.16 16:32:10.724,0.97362,0.97386,1.00,2.25
2016.12.16 16:32:11.463,0.9736,0.97381,1.37,1.00
2016.12.16 16:32:11.664,0.9736,0.97387,1.37,1.75
2016.12.16 16:32:11.715,0.97362,0.97385,1.12,1.00
2016.12.16 16:32:11.816,0.97364,0.97387,1.00,1.75
2016.12.16 16:32:12.347,0.97363,0.97386,1.00,1.50
2016.12.16 16:32:12.738,0.97365,0.97389,1.00,1.75
2016.12.16 16:32:13.202,0.97365,0.97391,1.00,1.75
2016.12.16 16:32:13.827,0.97365,0.97386,1.00,1.00
2016.12.16 16:32:14.180,0.97368,0.97389,1.00,1.75
2016.12.16 16:32:14.230,0.97365,0.97387,1.00,1.50
2016.12.16 16:32:14.331,0.97364,0.97387,1.37,1.12
2016.12.16 16:32:14.633,0.97367,0.97392,1.37,1.75
2016.12.16 16:32:14.785,0.97367,0.97391,1.37,1.00
2016.12.16 16:32:14.987,0.97367,0.97391,1.75,1.87
2016.12.16 16:32:15.101,0.97367,0.97389,1.00,1.00
2016.12.16 16:32:15.454,0.97366,0.97391,1.37,2.25
2016.12.16 16:32:15.964,0.97368,0.9739,1.00,1.00
2016.12.16 16:32:16.216,0.97366,0.97391,1.00,1.75
2016.12.16 16:32:16.266,0.97371,0.97391,1.00,1.75
2016.12.16 16:32:16.522,0.9737,0.97391,1.37,1.50
2016.12.16 16:32:17.027,0.9737,0.97391,1.00,1.50
2016.12.16 16:32:17.224,0.97368,0.97391,1.87,1.50
2016.12.16 16:32:17.843,0.97371,0.97391,1.00,1.00
2016.12.16 16:32:17.944,0.97369,0.97396,1.50,3.00
2016.12.16 16:32:18.096,0.97368,0.97392,1.00,1.75
2016.12.16 16:32:18.413,0.97364,0.97386,1.00,1.00
2016.12.16 16:32:18.822,0.97364,0.97386,1.00,1.50
2016.12.16 16:32:19.066,0.97362,0.97386,1.00,1.50
2016.12.16 16:32:19.116,0.97364,0.97388,1.00,2.25
2016.12.16 16:32:19.663,0.97365,0.97388,1.00,1.75
2016.12.16 16:32:19.714,0.97365,0.97386,1.00,1.00
2016.12.16 16:32:20.398,0.97364,0.97386,1.00,1.00
2016.12.16 16:32:20.553,0.97368,0.97386,1.00,1.00
2016.12.16 16:32:20.604,0.97369,0.97393,1.50,1.75
2016.12.16 16:32:20.807,0.9737,0.97386,1.00,1.00
2016.12.16 16:32:20.858,0.9737,0.97389,1.00,1.00
2016.12.16 16:32:21.059,0.97368,0.97386,1.00,1.00
2016.12.16 16:32:21.259,0.9737,0.97392,1.00,1.75
2016.12.16 16:32:21.360,0.97368,0.97391,1.00,1.50
2016.12.16 16:32:21.461,0.97366,0.9739,1.00,1.00
2016.12.16 16:32:21.511,0.97366,0.97387,1.00,1.00
2016.12.16 16:32:21.562,0.97366,0.97389,1.00,1.00
2016.12.16 16:32:21.890,0.97366,0.97387,1.00,1.00
2016.12.16 16:32:21.940,0.97366,0.9739,1.00,1.00
2016.12.16 16:32:22.042,0.97367,0.97391,1.00,2.25
2016.12.16 16:32:22.092,0.97365,0.97391,1.12,2.25
2016.12.16 16:32:22.648,0.97366,0.97387,1.00,1.50
2016.12.16 16:32:22.831,0.97367,0.97391,1.50,1.00
2016.12.16 16:32:23.032,0.97367,0.97391,1.00,1.75
2016.12.16 16:32:23.416,0.97369,0.97392,1.00,1.75
2016.12.16 16:32:23.517,0.97369,0.97392,1.00,1.50
2016.12.16 16:32:23.921,0.97366,0.97388,1.00,1.00
2016.12.16 16:32:24.444,0.97367,0.97391,1.00,1.50
2016.12.16 16:32:24.962,0.97367,0.97391,1.50,2.25
2016.12.16 16:32:25.304,0.97372,0.97396,1.00,3.37
2016.12.16 16:32:25.355,0.9737,0.97393,1.00,1.00
2016.12.16 16:32:25.557,0.97371,0.97397,1.37,2.25
2016.12.16 16:32:25.809,0.97369,0.97393,1.12,1.00
2016.12.16 16:32:25.859,0.97369,0.97396,1.00,2.25
2016.12.16 16:32:26.162,0.97372,0.97396,1.00,1.75
2016.12.16 16:32:26.263,0.97367,0.97393,1.75,1.12
2016.12.16 16:32:26.313,0.97367,0.97393,1.50,3.00
2016.12.16 16:32:26.626,0.9736,0.97384,1.00,1.75
2016.12.16 16:32:26.730,0.97359,0.97383,1.00,1.50
2016.12.16 16:32:26.831,0.97358,0.97378,1.00,1.00
2016.12.16 16:32:26.932,0.97356,0.97382,1.12,2.25
2016.12.16 16:32:27.134,0.97358,0.97381,1.00,1.75
2016.12.16 16:32:27.436,0.97361,0.97381,1.00,1.37
2016.12.16 16:32:29.067,0.97361,0.97386,1.00,1.75
2016.12.16 16:32:29.989,0.97362,0.97387,1.00,4.50
2016.12.16 16:32:30.040,0.97359,0.97381,1.50,1.00
2016.12.16 16:32:30.241,0.97355,0.97381,1.50,1.75
2016.12.16 16:32:30.342,0.97354,0.97379,1.00,1.75
2016.12.16 16:32:30.443,0.97353,0.9738,2.25,1.75
2016.12.16 16:32:30.648,0.9735,0.97376,1.00,1.75
2016.12.16 16:32:30.850,0.9735,0.97374,1.00,1.75
2016.12.16 16:32:31.368,0.97351,0.97376,1.00,4.12
2016.12.16 16:32:31.469,0.9735,0.97376,1.12,2.25
2016.12.16 16:32:31.569,0.9735,0.97376,1.50,2.25
2016.12.16 16:32:32.166,0.97348,0.97373,1.50,1.00
2016.12.16 16:32:32.569,0.9735,0.97375,1.00,1.75
2016.12.16 16:32:32.671,0.97352,0.97376,1.50,1.00
2016.12.16 16:32:32.834,0.97354,0.97379,1.50,1.50
2016.12.16 16:32:32.935,0.97354,0.97381,1.75,1.87
2016.12.16 16:32:33.464,0.97352,0.97379,1.75,1.50
2016.12.16 16:32:33.766,0.9735,0.97377,1.75,1.50
2016.12.16 16:32:34.069,0.97349,0.97376,3.00,3.00
2016.12.16 16:32:34.441,0.97349,0.97376,2.25,2.25
2016.12.16 16:32:34.542,0.97349,0.97376,1.75,2.25
2016.12.16 16:32:34.774,0.97352,0.97376,1.00,2.25
2016.12.16 16:32:35.316,0.97352,0.97375,1.00,1.00
2016.12.16 16:32:35.468,0.97352,0.97372,1.00,1.00
2016.12.16 16:32:35.678,0.97344,0.97369,1.75,1.12
2016.12.16 16:32:35.728,0.97341,0.97366,2.62,2.25
2016.12.16 16:32:35.779,0.9734,0.97364,1.75,1.00
2016.12.16 16:32:35.880,0.97335,0.97362,1.75,1.37
2016.12.16 16:32:35.981,0.97335,0.97358,1.00,1.00
2016.12.16 16:32:36.082,0.97335,0.9736,1.00,1.00
2016.12.16 16:32:36.132,0.97335,0.97361,1.50,3.37
2016.12.16 16:32:36.438,0.97335,0.97358,1.75,1.00
2016.12.16 16:32:36.539,0.97336,0.97363,1.75,2.25
2016.12.16 16:32:38.281,0.97343,0.97365,1.00,1.75
2016.12.16 16:32:38.382,0.97345,0.97371,1.12,2.25
2016.12.16 16:32:38.483,0.97345,0.97371,1.75,1.37
2016.12.16 16:32:38.685,0.97345,0.97369,1.50,1.00
2016.12.16 16:32:39.238,0.97344,0.97368,2.25,1.00
2016.12.16 16:32:40.367,0.97341,0.97366,3.00,1.00
2016.12.16 16:32:40.417,0.97341,0.9737,2.25,1.37
2016.12.16 16:32:40.578,0.97344,0.97368,1.00,1.00
2016.12.16 16:32:40.779,0.97342,0.9737,2.25,2.25
2016.12.16 16:32:41.116,0.97336,0.97365,4.12,1.12
2016.12.16 16:32:41.419,0.97331,0.97357,2.25,1.75
2016.12.16 16:32:41.750,0.97332,0.97357,1.50,1.75
2016.12.16 16:32:41.901,0.97333,0.9736,1.00,1.80
2016.12.16 16:32:42.002,0.97339,0.9736,1.00,1.05
2016.12.16 16:32:42.543,0.97338,0.9736,1.00,1.05
2016.12.16 16:32:42.695,0.97334,0.9736,1.00,1.80
2016.12.16 16:32:42.846,0.97331,0.97359,1.50,1.80
2016.12.16 16:32:43.551,0.97328,0.97356,1.37,3.00
2016.12.16 16:32:43.602,0.97329,0.97356,1.00,3.00
2016.12.16 16:32:43.991,0.97329,0.97355,1.75,1.42
2016.12.16 16:32:44.041,0.97329,0.97355,1.50,1.80
2016.12.16 16:32:44.556,0.97329,0.97355,1.50,1.75
2016.12.16 16:32:45.954,0.97331,0.97356,1.00,1.75
2016.12.16 16:32:46.105,0.97331,0.97356,1.37,1.50
2016.12.16 16:32:47.691,0.97331,0.97358,1.75,2.25
2016.12.16 16:32:48.065,0.97334,0.97358,1.00,1.75
2016.12.16 16:32:48.417,0.97333,0.97359,1.12,1.75
2016.12.16 16:32:49.014,0.97334,0.9736,1.00,1.75
2016.12.16 16:32:49.064,0.97338,0.9736,1.00,1.50
2016.12.16 16:32:49.115,0.97338,0.97362,1.00,3.00
2016.12.16 16:32:49.216,0.97334,0.97361,2.47,1.75
2016.12.16 16:32:49.832,0.97336,0.97362,2.10,1.75
2016.12.16 16:32:49.933,0.97337,0.97364,1.12,1.75
2016.12.16 16:32:49.984,0.97337,0.97364,1.50,1.37
2016.12.16 16:32:50.435,0.97336,0.97356,1.75,1.00
2016.12.16 16:32:50.536,0.97336,0.97356,1.37,1.00
2016.12.16 16:32:50.788,0.97338,0.97363,1.00,1.75
2016.12.16 16:32:50.995,0.97341,0.97361,1.00,1.37
2016.12.16 16:32:51.098,0.97345,0.97369,1.00,1.00
2016.12.16 16:32:51.299,0.97343,0.9737,1.75,1.12
2016.12.16 16:32:51.602,0.97342,0.97369,2.25,1.37
2016.12.16 16:32:52.309,0.97347,0.97371,1.00,2.25
2016.12.16 16:32:52.360,0.97368,0.97373,1.00,1.00
2016.12.16 16:32:52.411,0.97368,0.97385,1.00,1.75
2016.12.16 16:32:52.462,0.97366,0.97387,1.00,2.62
2016.12.16 16:32:52.563,0.97369,0.97389,1.00,2.62
2016.12.16 16:32:52.613,0.97369,0.97391,1.00,1.12
2016.12.16 16:32:52.664,0.97364,0.97391,1.75,1.12
2016.12.16 16:32:52.715,0.97362,0.97391,2.25,1.75
2016.12.16 16:32:52.816,0.97364,0.97391,1.50,2.25
2016.12.16 16:32:52.867,0.97364,0.97386,1.00,1.00
2016.12.16 16:32:53.018,0.9736,0.97386,1.50,1.00
2016.12.16 16:32:53.666,0.97364,0.97386,1.00,1.50
2016.12.16 16:32:53.836,0.9736,0.97386,1.50,2.25
2016.12.16 16:32:53.983,0.97362,0.97386,1.00,2.25
2016.12.16 16:32:54.169,0.9736,0.97386,1.50,2.25
2016.12.16 16:32:54.270,0.97362,0.97386,1.00,1.50
2016.12.16 16:32:54.572,0.97359,0.97381,1.00,1.50
2016.12.16 16:32:55.015,0.9736,0.97386,1.00,1.75
2016.12.16 16:32:55.066,0.9736,0.97381,1.00,1.00
2016.12.16 16:32:55.529,0.9736,0.97385,1.00,1.75
2016.12.16 16:32:55.580,0.97356,0.97382,1.00,3.00
2016.12.16 16:32:55.681,0.97355,0.97376,1.12,1.00
2016.12.16 16:32:55.782,0.9735,0.97374,2.25,1.00
2016.12.16 16:32:55.883,0.97352,0.97375,1.12,1.37
2016.12.16 16:32:56.034,0.97352,0.97377,1.00,1.75
2016.12.16 16:32:56.315,0.97349,0.97374,2.25,1.75
2016.12.16 16:32:56.416,0.97349,0.97376,2.25,2.25
2016.12.16 16:32:56.517,0.9735,0.97375,1.12,1.87
2016.12.16 16:32:56.618,0.97349,0.97376,1.87,2.25
2016.12.16 16:32:56.920,0.97352,0.97377,1.00,1.75
2016.12.16 16:32:56.971,0.9735,0.97377,1.00,2.25
2016.12.16 16:32:57.122,0.97349,0.97375,1.75,1.12
2016.12.16 16:32:57.224,0.97349,0.97374,1.00,1.00
2016.12.16 16:32:57.500,0.97349,0.97375,1.00,3.00
2016.12.16 16:32:58.004,0.9735,0.97372,1.00,1.00
2016.12.16 16:32:58.155,0.97345,0.97371,1.75,1.12
2016.12.16 16:32:58.205,0.97348,0.97371,1.00,1.50
2016.12.16 16:32:58.256,0.97343,0.9737,1.75,1.75
2016.12.16 16:32:58.357,0.97343,0.97368,1.00,1.75
2016.12.16 16:32:58.687,0.97344,0.97365,1.00,1.50
2016.12.16 16:32:58.753,0.97344,0.97367,1.00,1.00
2016.12.16 16:32:59.332,0.97344,0.97366,1.50,1.00
2016.12.16 16:32:59.433,0.97346,0.97366,1.00,1.00
2016.12.16 16:32:59.484,0.97344,0.97366,1.00,1.00
2016.12.16 16:32:59.534,0.97341,0.97367,4.87,1.50
2016.12.16 16:32:59.732,0.97344,0.97365,1.12,1.00
2016.12.16 16:32:59.834,0.97344,0.97366,1.00,1.75
2016.12.16 16:33:00.035,0.97341,0.97367,1.50,2.25
2016.12.16 16:33:00.136,0.97341,0.97367,1.12,2.25
2016.12.16 16:33:00.237,0.97341,0.97367,1.50,1.50
2016.12.16 16:33:00.337,0.97341,0.97367,1.75,1.00
2016.12.16 16:33:00.643,0.97344,0.97364,1.00,1.00
2016.12.16 16:33:00.979,0.97338,0.97361,2.25,1.00
2016.12.16 16:33:01.275,0.97346,0.97366,1.00,1.12
2016.12.16 16:33:01.432,0.97347,0.97371,1.00,1.00
2016.12.16 16:33:01.533,0.97346,0.97372,1.75,1.12
2016.12.16 16:33:01.835,0.97349,0.97372,1.75,1.00
2016.12.16 16:33:02.259,0.97347,0.97366,1.50,1.00
2016.12.16 16:33:02.537,0.97347,0.97371,2.25,1.00
2016.12.16 16:33:02.840,0.9735,0.97376,1.50,1.75
2016.12.16 16:33:03.142,0.9735,0.97376,2.25,1.12
2016.12.16 16:33:03.453,0.97349,0.97374,2.25,1.00
2016.12.16 16:33:03.769,0.97349,0.97371,1.75,1.00
2016.12.16 16:33:03.948,0.97348,0.97376,4.50,1.75
2016.12.16 16:33:04.250,0.97348,0.97375,1.87,1.75
2016.12.16 16:33:04.351,0.97349,0.97376,1.50,2.25
2016.12.16 16:33:04.835,0.9735,0.97377,2.25,2.25
2016.12.16 16:33:05.154,0.9735,0.97377,1.37,2.25
2016.12.16 16:33:06.064,0.97348,0.97372,2.25,1.00
2016.12.16 16:33:06.366,0.97346,0.97371,1.30,1.50
2016.12.16 16:33:06.417,0.97346,0.97371,1.67,1.37
2016.12.16 16:33:06.468,0.97346,0.97371,1.35,1.00
2016.12.16 16:33:07.027,0.97351,0.97374,2.10,1.50
2016.12.16 16:33:07.279,0.97358,0.97385,1.50,1.75
2016.12.16 16:33:07.329,0.97361,0.97386,1.30,1.50
2016.12.16 16:33:07.380,0.97362,0.97386,1.12,1.50
2016.12.16 16:33:07.532,0.97362,0.97388,2.25,1.37
2016.12.16 16:33:07.582,0.97365,0.97388,1.00,1.50
2016.12.16 16:33:08.110,0.97365,0.97387,1.00,1.00
2016.12.16 16:33:09.867,0.97362,0.97388,1.50,1.50
2016.12.16 16:33:10.052,0.97362,0.97385,1.50,1.00
2016.12.16 16:33:10.355,0.97359,0.9738,1.12,1.00
2016.12.16 16:33:10.617,0.97355,0.97382,1.75,2.62
2016.12.16 16:33:10.919,0.97359,0.97382,3.00,1.12
2016.12.16 16:33:11.172,0.97367,0.9739,1.75,1.00
2016.12.16 16:33:11.545,0.97365,0.97385,1.75,1.00
2016.12.16 16:33:11.696,0.97362,0.97384,1.75,1.00
2016.12.16 16:33:11.747,0.97361,0.97381,1.37,1.00
2016.12.16 16:33:11.798,0.9736,0.9738,1.50,1.00
2016.12.16 16:33:11.899,0.97357,0.97379,1.75,1.00
2016.12.16 16:33:12.000,0.97356,0.97378,1.00,1.12
2016.12.16 16:33:12.100,0.97357,0.97376,1.00,1.00
2016.12.16 16:33:12.235,0.97353,0.97376,1.75,1.50
2016.12.16 16:33:12.336,0.97352,0.97374,1.37,1.00
2016.12.16 16:33:12.386,0.97352,0.97373,1.37,1.00
2016.12.16 16:33:12.901,0.97352,0.97374,1.00,1.00
2016.12.16 16:33:12.951,0.97354,0.97375,1.00,1.00
2016.12.16 16:33:13.258,0.97354,0.97378,1.37,1.87
2016.12.16 16:33:13.309,0.97357,0.97377,1.12,1.00
2016.12.16 16:33:13.667,0.97356,0.97379,1.50,1.12
2016.12.16 16:33:13.899,0.97356,0.97379,1.75,1.00
2016.12.16 16:33:14.467,0.97357,0.97377,1.75,1.00
2016.12.16 16:33:15.940,0.97357,0.97376,1.75,1.00
2016.12.16 16:33:16.041,0.9736,0.97381,1.00,2.62
2016.12.16 16:33:16.304,0.97358,0.9738,1.50,2.25
2016.12.16 16:33:16.401,0.97358,0.97377,1.00,1.00
2016.12.16 16:33:16.553,0.9735,0.97372,1.37,1.00
2016.12.16 16:33:16.606,0.9735,0.97374,1.12,2.25
2016.12.16 16:33:16.657,0.97352,0.97376,1.00,1.37
2016.12.16 16:33:16.707,0.97352,0.9738,1.12,2.25
2016.12.16 16:33:16.758,0.97355,0.97379,1.00,1.50
2016.12.16 16:33:16.910,0.97351,0.97375,1.12,1.37
2016.12.16 16:33:17.011,0.97353,0.97375,1.00,1.37
2016.12.16 16:33:17.061,0.9735,0.97373,1.37,1.00
2016.12.16 16:33:17.112,0.97349,0.97371,1.87,1.00
2016.12.16 16:33:17.526,0.9735,0.97376,1.50,1.75
2016.12.16 16:33:18.180,0.97349,0.97372,2.25,1.00
2016.12.16 16:33:18.482,0.97349,0.97371,1.12,1.50
2016.12.16 16:33:18.785,0.97349,0.97371,1.50,1.00
2016.12.16 16:33:19.043,0.97349,0.9737,1.00,1.00
2016.12.16 16:33:19.216,0.97348,0.97373,1.12,2.25
2016.12.16 16:33:19.367,0.97349,0.9737,1.00,1.00
2016.12.16 16:33:19.669,0.97348,0.97366,1.00,1.12
2016.12.16 16:33:19.770,0.97342,0.97366,1.00,1.12
2016.12.16 16:33:20.089,0.97342,0.97365,1.75,1.00
2016.12.16 16:33:20.319,0.97347,0.9737,1.50,1.12
2016.12.16 16:33:20.571,0.97347,0.9737,1.00,2.25
2016.12.16 16:33:20.873,0.9735,0.97372,1.50,1.50
2016.12.16 16:33:20.924,0.9735,0.97374,1.00,1.75
2016.12.16 16:33:21.025,0.9735,0.97374,1.00,1.00
2016.12.16 16:33:21.722,0.9735,0.97373,1.50,1.00
2016.12.16 16:33:21.873,0.9735,0.97371,1.50,1.00
2016.12.16 16:33:22.025,0.9735,0.97375,1.00,2.25
2016.12.16 16:33:22.227,0.97352,0.97375,1.00,1.00
2016.12.16 16:33:22.752,0.97352,0.97376,1.50,1.50
2016.12.16 16:33:23.524,0.97355,0.97376,1.00,1.50
2016.12.16 16:33:23.729,0.97355,0.97378,1.12,1.12
2016.12.16 16:33:23.931,0.97355,0.97376,1.12,1.00
2016.12.16 16:33:24.032,0.97353,0.97375,1.12,1.12
2016.12.16 16:33:24.345,0.97356,0.9738,1.37,1.50
2016.12.16 16:33:24.648,0.97356,0.97377,1.37,1.00
2016.12.16 16:33:24.749,0.97357,0.97381,1.00,2.62
2016.12.16 16:33:24.850,0.97357,0.97379,1.00,1.37
2016.12.16 16:33:24.901,0.97353,0.97377,1.50,1.00
2016.12.16 16:33:24.951,0.97354,0.97377,1.00,1.37
2016.12.16 16:33:25.491,0.97354,0.97375,1.00,1.50
2016.12.16 16:33:25.613,0.97354,0.97375,1.00,1.12
2016.12.16 16:33:25.664,0.97353,0.97378,1.50,1.50
2016.12.16 16:33:26.585,0.97354,0.97378,1.00,1.00
2016.12.16 16:33:26.686,0.97354,0.97376,1.00,1.37
2016.12.16 16:33:26.837,0.97356,0.97378,1.00,1.12
2016.12.16 16:33:27.233,0.97352,0.97376,1.50,1.50
2016.12.16 16:33:27.284,0.97351,0.97376,1.37,1.37
2016.12.16 16:33:27.536,0.97351,0.97376,1.12,1.75
2016.12.16 16:33:27.587,0.97353,0.97379,1.00,2.25
2016.12.16 16:33:27.738,0.97356,0.97378,1.00,1.00
2016.12.16 16:33:27.839,0.97355,0.97381,1.75,1.50
2016.12.16 16:33:28.204,0.97358,0.97382,1.00,2.25
2016.12.16 16:33:28.255,0.97357,0.97382,1.00,2.25
2016.12.16 16:33:28.756,0.97355,0.97377,1.12,2.25
2016.12.16 16:33:29.059,0.97349,0.97371,1.00,2.25
2016.12.16 16:33:29.369,0.97348,0.9737,1.00,1.75
2016.12.16 16:33:29.639,0.97349,0.97371,1.00,2.25
2016.12.16 16:33:29.740,0.97348,0.97371,1.12,1.12
2016.12.16 16:33:29.841,0.97349,0.97371,1.37,1.50
2016.12.16 16:33:30.294,0.97349,0.9737,1.00,1.50
2016.12.16 16:33:30.596,0.97348,0.97369,1.00,1.50
2016.12.16 16:33:31.146,0.97346,0.9737,1.00,3.75
2016.12.16 16:33:31.706,0.97347,0.97368,1.00,1.75
2016.12.16 16:33:32.066,0.97346,0.97362,1.00,1.00
2016.12.16 16:33:32.117,0.97342,0.97364,1.50,1.00
2016.12.16 16:33:32.168,0.97343,0.97362,1.12,1.37
2016.12.16 16:33:33.074,0.97345,0.97361,1.00,1.00
2016.12.16 16:33:33.400,0.97345,0.97365,1.00,1.75
2016.12.16 16:33:33.502,0.97344,0.97365,1.00,1.00
2016.12.16 16:33:33.804,0.97345,0.97363,1.00,1.00
2016.12.16 16:33:34.157,0.97345,0.97364,1.00,1.75
2016.12.16 16:33:34.671,0.97345,0.97364,1.00,1.50
2016.12.16 16:33:35.395,0.97344,0.97364,1.00,1.50
2016.12.16 16:33:35.446,0.97344,0.97361,1.00,1.00
2016.12.16 16:33:35.950,0.97345,0.97362,1.00,1.87
2016.12.16 16:33:36.473,0.97344,0.97362,1.00,1.00
2016.12.16 16:33:36.877,0.97345,0.97365,1.00,1.87
2016.12.16 16:33:37.029,0.97344,0.97367,1.12,3.00
2016.12.16 16:33:37.079,0.97344,0.97367,1.00,3.75
2016.12.16 16:33:37.734,0.97345,0.97364,1.00,1.12
2016.12.16 16:33:38.528,0.97342,0.97364,1.12,2.62
2016.12.16 16:33:38.578,0.97341,0.97362,1.50,1.00
2016.12.16 16:33:38.881,0.97347,0.97368,1.00,1.12
2016.12.16 16:33:38.982,0.97348,0.97372,1.50,1.87
2016.12.16 16:33:39.270,0.9735,0.97371,1.00,1.00
2016.12.16 16:33:39.572,0.97355,0.97372,1.00,1.00
2016.12.16 16:33:39.876,0.97358,0.97376,1.00,1.00
2016.12.16 16:33:39.977,0.97358,0.9738,1.00,2.25
2016.12.16 16:33:40.511,0.97359,0.9738,1.00,1.50
2016.12.16 16:33:41.012,0.97359,0.9738,1.00,1.00
2016.12.16 16:33:41.163,0.97357,0.97381,1.12,1.12
2016.12.16 16:33:41.366,0.97356,0.9738,1.87,1.37
2016.12.16 16:33:41.907,0.97357,0.97381,1.00,2.25
2016.12.16 16:33:42.209,0.97355,0.9738,1.12,1.50
2016.12.16 16:33:42.260,0.97354,0.97379,1.50,1.87
2016.12.16 16:33:42.562,0.97353,0.97376,1.00,1.50
2016.12.16 16:33:43.144,0.97354,0.97377,1.00,1.75
2016.12.16 16:33:44.038,0.97353,0.97377,1.12,2.25
2016.12.16 16:33:45.222,0.97354,0.97376,1.00,1.87
2016.12.16 16:33:45.758,0.97353,0.97376,1.50,1.50
2016.12.16 16:33:46.308,0.97354,0.97376,1.00,1.87
2016.12.16 16:33:46.954,0.97353,0.97376,1.12,1.37
2016.12.16 16:33:47.571,0.97354,0.97376,1.50,1.00
2016.12.16 16:33:47.915,0.97362,0.97383,1.00,1.00
2016.12.16 16:33:48.454,0.97362,0.97382,1.00,1.00
2016.12.16 16:33:49.086,0.97361,0.97382,1.00,1.00
2016.12.16 16:33:49.434,0.9736,0.97379,1.00,1.00
2016.12.16 16:33:49.636,0.97357,0.97378,1.00,1.12
2016.12.16 16:33:50.219,0.97358,0.97379,1.00,1.50
2016.12.16 16:33:50.769,0.97357,0.9738,1.00,2.25
2016.12.16 16:33:51.270,0.97358,0.97377,1.00,1.00
2016.12.16 16:33:51.361,0.97358,0.97379,1.00,1.75
2016.12.16 16:33:51.412,0.97358,0.97379,1.00,1.12
2016.12.16 16:33:51.513,0.97357,0.97379,1.00,2.25
2016.12.16 16:33:51.614,0.97358,0.97379,1.00,1.00
2016.12.16 16:33:51.715,0.97358,0.97377,1.00,1.00
2016.12.16 16:33:52.136,0.97358,0.9738,1.00,1.50
2016.12.16 16:33:52.795,0.97357,0.97379,1.00,1.00
2016.12.16 16:33:52.946,0.97358,0.97381,1.50,1.00
2016.12.16 16:33:53.075,0.9736,0.97381,1.00,1.00
2016.12.16 16:33:53.608,0.9736,0.97381,1.37,1.00
2016.12.16 16:33:54.726,0.9736,0.97381,1.75,1.00
2016.12.16 16:33:54.939,0.9736,0.97383,1.75,1.00
2016.12.16 16:33:55.040,0.9736,0.97383,1.00,1.00
2016.12.16 16:33:55.141,0.97358,0.97376,1.50,1.00
2016.12.16 16:33:55.343,0.97355,0.97375,1.00,1.12
2016.12.16 16:33:55.847,0.97355,0.9738,1.00,2.25
2016.12.16 16:33:55.948,0.97356,0.97376,1.00,1.00
2016.12.16 16:33:56.266,0.97355,0.9738,2.25,1.50
2016.12.16 16:33:57.485,0.97357,0.97381,1.00,1.75
2016.12.16 16:33:57.536,0.97357,0.97376,1.50,1.00
2016.12.16 16:33:57.587,0.97358,0.97381,1.50,2.25
2016.12.16 16:33:57.744,0.9736,0.97385,1.00,4.12
2016.12.16 16:33:57.926,0.97361,0.97385,1.00,2.25
2016.12.16 16:33:58.429,0.9736,0.97381,1.00,1.00
2016.12.16 16:33:58.972,0.97361,0.97381,1.00,1.50
2016.12.16 16:33:59.495,0.9736,0.97381,1.00,1.00
2016.12.16 16:33:59.646,0.9736,0.97384,1.87,1.12
2016.12.16 16:33:59.949,0.97361,0.97382,1.12,1.50
2016.12.16 16:34:00.465,0.9736,0.97381,1.12,1.00
2016.12.16 16:34:00.966,0.9736,0.97382,1.12,1.12
2016.12.16 16:34:01.509,0.97361,0.97382,1.12,1.00
2016.12.16 16:34:01.777,0.9736,0.97384,1.37,1.87
2016.12.16 16:34:02.714,0.97362,0.97384,1.37,1.00
2016.12.16 16:34:02.765,0.97362,0.97386,1.50,1.12
2016.12.16 16:34:02.815,0.97363,0.97383,1.00,1.00
2016.12.16 16:34:03.168,0.97363,0.97381,1.00,1.00
2016.12.16 16:34:03.219,0.97363,0.97383,1.00,1.12
2016.12.16 16:34:03.421,0.97363,0.97382,1.00,1.37
2016.12.16 16:34:04.136,0.97362,0.97381,1.00,1.00
2016.12.16 16:34:04.187,0.97362,0.97385,1.00,2.25
2016.12.16 16:34:04.237,0.97363,0.97385,1.50,1.00
2016.12.16 16:34:04.338,0.97364,0.97387,1.12,1.50
2016.12.16 16:34:04.439,0.97366,0.97386,1.00,1.00
2016.12.16 16:34:04.490,0.97365,0.97389,1.00,1.87
2016.12.16 16:34:04.540,0.97365,0.97389,1.00,2.25
2016.12.16 16:34:04.843,0.97368,0.97386,1.00,1.00
2016.12.16 16:34:05.189,0.97366,0.97385,1.00,1.00
2016.12.16 16:34:05.291,0.97363,0.97383,1.12,1.00
2016.12.16 16:34:05.703,0.97361,0.97383,1.00,1.37
2016.12.16 16:34:05.804,0.97359,0.97381,1.12,1.50
2016.12.16 16:34:05.854,0.97359,0.97379,1.00,1.00
2016.12.16 16:34:06.056,0.97355,0.97376,1.00,1.12
2016.12.16 16:34:06.258,0.97354,0.97376,1.00,3.00
2016.12.16 16:34:06.358,0.97354,0.97376,1.00,2.62
2016.12.16 16:34:06.909,0.97354,0.97375,1.00,1.00
2016.12.16 16:34:07.451,0.97353,0.97376,1.75,1.50
2016.12.16 16:34:08.111,0.97354,0.97375,1.50,1.00
2016.12.16 16:34:08.846,0.97354,0.97376,1.50,1.00
2016.12.16 16:34:09.454,0.97354,0.97375,1.50,1.00
2016.12.16 16:34:10.156,0.97354,0.97376,1.50,1.50
2016.12.16 16:34:10.663,0.97354,0.97375,1.00,1.00
2016.12.16 16:34:11.511,0.97353,0.97375,1.00,1.00
2016.12.16 16:34:12.575,0.97354,0.97375,1.00,1.50
2016.12.16 16:34:12.947,0.97353,0.97373,1.00,1.00
2016.12.16 16:34:13.420,0.97351,0.97374,1.12,1.12
2016.12.16 16:34:13.921,0.97351,0.97372,1.12,1.00
2016.12.16 16:34:14.173,0.97348,0.9737,1.00,1.50
2016.12.16 16:34:14.324,0.97349,0.97366,1.00,1.00
2016.12.16 16:34:14.576,0.97336,0.97359,1.50,1.87
2016.12.16 16:34:15.082,0.97337,0.97358,1.12,1.00
2016.12.16 16:34:15.622,0.97336,0.9736,1.50,1.50
2016.12.16 16:34:16.248,0.97337,0.97356,1.00,1.00
2016.12.16 16:34:17.999,0.97337,0.97357,1.00,1.00
2016.12.16 16:34:18.352,0.97331,0.97355,2.25,1.00
2016.12.16 16:34:18.402,0.97334,0.97355,1.00,1.00
2016.12.16 16:34:18.640,0.97334,0.97353,1.00,1.00
2016.12.16 16:34:19.206,0.97334,0.97351,1.00,1.00
2016.12.16 16:34:19.618,0.97331,0.97354,1.75,1.00
2016.12.16 16:34:19.718,0.97335,0.97356,1.00,1.87
2016.12.16 16:34:19.920,0.97338,0.97361,1.00,1.12
2016.12.16 16:34:19.972,0.9734,0.9736,1.00,1.00
2016.12.16 16:34:20.130,0.97342,0.97364,1.00,1.50
2016.12.16 16:34:20.180,0.97342,0.97362,1.00,1.00
2016.12.16 16:34:20.332,0.97344,0.97366,1.00,1.87
2016.12.16 16:34:20.862,0.97344,0.97366,1.12,1.50
2016.12.16 16:34:21.641,0.97344,0.97367,1.87,1.12
2016.12.16 16:34:23.846,0.97344,0.97366,1.12,1.00
2016.12.16 16:34:23.997,0.97342,0.97364,1.50,1.00
2016.12.16 16:34:24.302,0.97341,0.97362,1.00,1.37
2016.12.16 16:34:24.826,0.97342,0.97363,1.00,2.25
2016.12.16 16:34:25.503,0.97342,0.97363,1.00,1.12
2016.12.16 16:34:25.755,0.97339,0.97363,2.25,1.12
2016.12.16 16:34:26.514,0.97339,0.97364,1.75,2.62
2016.12.16 16:34:26.615,0.97339,0.97363,1.50,1.50
2016.12.16 16:34:27.353,0.97339,0.97362,1.50,1.00
2016.12.16 16:34:27.605,0.97339,0.97362,1.00,1.50
2016.12.16 16:34:27.907,0.97334,0.97357,1.75,1.00
2016.12.16 16:34:28.008,0.97333,0.97357,2.25,1.00
2016.12.16 16:34:28.316,0.97336,0.9736,1.37,1.87
2016.12.16 16:34:28.858,0.97338,0.97361,1.00,1.37
2016.12.16 16:34:28.909,0.97338,0.97361,1.50,1.00
2016.12.16 16:34:29.344,0.97335,0.97361,3.00,2.25
2016.12.16 16:34:30.034,0.97335,0.97359,3.00,1.00
2016.12.16 16:34:30.554,0.97335,0.97358,1.75,1.00
2016.12.16 16:34:31.070,0.97335,0.97359,3.00,1.00
2016.12.16 16:34:31.422,0.97334,0.97359,1.75,3.00
2016.12.16 16:34:31.574,0.97336,0.97356,1.00,1.50
2016.12.16 16:34:31.725,0.97332,0.97356,1.50,1.00
2016.12.16 16:34:32.028,0.97336,0.97357,1.00,1.00
2016.12.16 16:34:32.230,0.97339,0.97361,1.00,1.50
2016.12.16 16:34:32.331,0.97339,0.97361,1.50,1.00
2016.12.16 16:34:32.536,0.97337,0.97361,2.25,1.00
2016.12.16 16:34:32.839,0.97336,0.97357,1.75,1.00
2016.12.16 16:34:33.040,0.97336,0.97357,1.50,1.00
2016.12.16 16:34:33.242,0.97336,0.97359,1.50,1.50
2016.12.16 16:34:33.343,0.97337,0.97356,1.50,1.00
2016.12.16 16:34:33.646,0.97334,0.97352,1.50,1.00
2016.12.16 16:34:33.943,0.97334,0.97355,1.50,1.00
2016.12.16 16:34:34.245,0.97331,0.97354,1.50,1.12
2016.12.16 16:34:34.547,0.97331,0.9735,1.50,1.00
2016.12.16 16:34:34.849,0.97326,0.97349,4.35,1.00
2016.12.16 16:34:34.900,0.97329,0.97349,1.00,1.00
2016.12.16 16:34:34.951,0.97329,0.97355,1.50,2.25
2016.12.16 16:34:35.206,0.97331,0.97355,1.37,1.87
2016.12.16 16:34:35.977,0.97332,0.97353,1.00,1.00
2016.12.16 16:34:36.283,0.9733,0.97349,1.50,1.00
2016.12.16 16:34:36.384,0.97327,0.97348,1.50,1.00
2016.12.16 16:34:36.435,0.97327,0.97347,1.75,1.00
2016.12.16 16:34:36.536,0.97326,0.97347,1.87,1.00
2016.12.16 16:34:37.054,0.97324,0.97346,3.00,1.00
2016.12.16 16:34:37.566,0.97324,0.97343,1.75,1.00
2016.12.16 16:34:37.818,0.97324,0.97343,1.12,1.00
2016.12.16 16:34:37.869,0.97324,0.97345,1.12,1.00
2016.12.16 16:34:39.260,0.97322,0.97343,3.00,1.00
2016.12.16 16:34:39.562,0.97315,0.97336,1.12,1.00
2016.12.16 16:34:39.965,0.97311,0.97336,1.75,2.62
2016.12.16 16:34:40.540,0.97314,0.97336,1.00,1.50
2016.12.16 16:34:41.041,0.97314,0.97337,1.00,1.50
2016.12.16 16:34:41.549,0.97314,0.97337,1.75,1.00
2016.12.16 16:34:42.196,0.97317,0.97338,1.12,1.00
2016.12.16 16:34:42.349,0.97317,0.97342,3.75,1.50
2016.12.16 16:34:42.450,0.97319,0.97342,1.75,1.50
2016.12.16 16:34:42.752,0.9731,0.97326,1.50,1.00
2016.12.16 16:34:42.803,0.9731,0.97335,1.50,2.25
2016.12.16 16:34:43.004,0.9731,0.97331,1.50,1.00
2016.12.16 16:34:43.055,0.9731,0.97335,1.50,1.75
2016.12.16 16:34:43.195,0.9731,0.97335,1.75,1.00
2016.12.16 16:34:43.700,0.97313,0.97336,1.12,1.12
2016.12.16 16:34:44.015,0.9731,0.97333,2.85,1.00
2016.12.16 16:34:44.714,0.9731,0.97336,1.35,1.87
2016.12.16 16:34:45.062,0.97309,0.97336,1.75,2.25
2016.12.16 16:34:45.364,0.9731,0.97336,2.25,1.12
2016.12.16 16:34:45.465,0.97311,0.97337,1.75,2.62
2016.12.16 16:34:46.109,0.9731,0.97335,3.00,1.00
2016.12.16 16:34:46.376,0.9731,0.97337,1.75,3.37
2016.12.16 16:34:46.463,0.9731,0.97337,1.75,3.75
2016.12.16 16:34:47.012,0.97309,0.97335,3.75,1.00
2016.12.16 16:34:47.263,0.9731,0.97335,1.50,1.87
2016.12.16 16:34:49.075,0.97312,0.97335,1.00,1.00
2016.12.16 16:34:49.378,0.9731,0.97335,2.25,2.25
2016.12.16 16:34:49.581,0.9731,0.97336,1.75,1.87
2016.12.16 16:34:49.783,0.97309,0.97334,1.75,1.00
2016.12.16 16:34:50.320,0.97309,0.97334,1.50,1.37
2016.12.16 16:34:51.567,0.97314,0.97337,1.00,2.25
2016.12.16 16:34:51.668,0.97308,0.97335,3.00,1.87
2016.12.16 16:34:51.769,0.97308,0.97335,1.75,1.50
2016.12.16 16:34:53.312,0.97309,0.97336,1.75,1.50
2016.12.16 16:34:53.464,0.97308,0.97336,2.62,2.25
2016.12.16 16:34:53.515,0.97311,0.97335,1.00,1.75
2016.12.16 16:34:53.817,0.97309,0.97335,1.00,4.87
2016.12.16 16:34:54.471,0.97309,0.97331,1.12,1.12
2016.12.16 16:34:54.842,0.97311,0.97332,1.00,1.50
2016.12.16 16:34:55.144,0.9731,0.97332,1.75,1.00
2016.12.16 16:34:56.133,0.97308,0.97332,1.37,1.37
2016.12.16 16:34:56.284,0.97306,0.97332,1.37,3.37
2016.12.16 16:34:56.386,0.97306,0.9733,1.00,1.50
2016.12.16 16:34:56.493,0.97306,0.97327,1.00,1.00
2016.12.16 16:34:56.947,0.97305,0.97329,1.50,1.00
2016.12.16 16:34:57.098,0.97308,0.97331,1.12,1.37
2016.12.16 16:34:57.410,0.97309,0.97332,2.25,1.00
2016.12.16 16:34:57.644,0.97309,0.97336,2.25,1.37
2016.12.16 16:34:58.120,0.97309,0.97336,2.25,1.87
2016.12.16 16:34:58.820,0.9731,0.97335,1.00,1.50
2016.12.16 16:34:59.022,0.97311,0.97331,1.37,1.00
2016.12.16 16:34:59.285,0.97312,0.97337,1.50,1.75
2016.12.16 16:34:59.386,0.97311,0.97337,2.25,1.50
2016.12.16 16:34:59.587,0.97311,0.97335,1.00,1.00
2016.12.16 16:35:00.096,0.97311,0.97334,1.00,1.00
2016.12.16 16:35:00.357,0.97315,0.97335,1.00,1.00
2016.12.16 16:35:00.408,0.97315,0.97343,1.12,3.37
2016.12.16 16:35:00.509,0.97316,0.9734,1.00,1.00
2016.12.16 16:35:00.711,0.97316,0.97336,1.00,1.00
2016.12.16 16:35:00.812,0.97311,0.97336,1.50,1.87
2016.12.16 16:35:00.913,0.9731,0.97336,1.75,1.75
2016.12.16 16:35:01.115,0.97309,0.97336,2.25,1.12
2016.12.16 16:35:01.216,0.97309,0.97335,2.25,1.37
2016.12.16 16:35:02.487,0.97309,0.97333,2.25,1.00
2016.12.16 16:35:02.994,0.97309,0.97335,2.25,1.87
2016.12.16 16:35:03.495,0.97308,0.97333,1.75,1.00
2016.12.16 16:35:03.697,0.9731,0.97332,1.12,1.12
2016.12.16 16:35:03.798,0.9731,0.97335,1.75,1.87
2016.12.16 16:35:04.100,0.97313,0.97336,1.75,1.00
2016.12.16 16:35:04.636,0.97311,0.97335,1.75,1.00
2016.12.16 16:35:04.687,0.97309,0.97335,3.75,1.50
2016.12.16 16:35:04.989,0.97312,0.97336,2.25,1.00
2016.12.16 16:35:05.532,0.97312,0.97337,1.75,1.87
2016.12.16 16:35:07.687,0.97313,0.97337,1.87,1.50
2016.12.16 16:35:07.737,0.97313,0.97337,1.50,1.75
2016.12.16 16:35:10.268,0.97312,0.97336,2.62,1.50
2016.12.16 16:35:10.319,0.97316,0.9734,1.00,1.75
2016.12.16 16:35:10.420,0.97317,0.97341,2.25,1.50
2016.12.16 16:35:10.470,0.97319,0.97341,1.00,1.50
2016.12.16 16:35:10.784,0.97319,0.97343,2.25,1.12
2016.12.16 16:35:11.036,0.97318,0.97342,1.00,1.50
2016.12.16 16:35:11.726,0.97318,0.97341,1.50,1.00
2016.12.16 16:35:13.322,0.97318,0.97339,1.00,1.00
2016.12.16 16:35:13.447,0.97318,0.97341,1.00,1.50
2016.12.16 16:35:13.498,0.97318,0.97341,1.00,2.25
2016.12.16 16:35:13.951,0.97314,0.97337,1.75,1.00
2016.12.16 16:35:14.152,0.97315,0.97336,1.00,1.50
2016.12.16 16:35:14.253,0.97314,0.97337,4.35,1.75
2016.12.16 16:35:14.304,0.97316,0.97337,1.00,1.00
2016.12.16 16:35:14.405,0.97314,0.97338,4.12,2.25
2016.12.16 16:35:14.919,0.97315,0.97337,1.00,1.37
2016.12.16 16:35:15.221,0.97318,0.97338,1.00,1.00
2016.12.16 16:35:15.272,0.97318,0.97341,1.00,2.25
2016.12.16 16:35:15.423,0.97322,0.97341,1.00,1.00
2016.12.16 16:35:15.524,0.97322,0.97345,1.00,2.25
2016.12.16 16:35:15.725,0.97321,0.97345,1.75,1.00
2016.12.16 16:35:15.927,0.9732,0.97345,1.50,1.12
2016.12.16 16:35:16.217,0.97322,0.97341,1.75,1.00
2016.12.16 16:35:16.318,0.97324,0.97347,1.50,1.87
2016.12.16 16:35:17.001,0.97325,0.97346,1.12,1.50
2016.12.16 16:35:17.361,0.97327,0.97346,1.00,1.50
2016.12.16 16:35:17.575,0.97325,0.97347,1.30,1.12
2016.12.16 16:35:17.727,0.97323,0.97344,1.50,1.00
2016.12.16 16:35:18.249,0.97322,0.97344,1.00,1.00
2016.12.16 16:35:18.859,0.97321,0.97344,2.25,1.00
2016.12.16 16:35:19.462,0.9732,0.97344,1.50,1.00
2016.12.16 16:35:19.766,0.97317,0.97341,1.75,1.50
2016.12.16 16:35:19.968,0.97315,0.97337,1.50,1.50
2016.12.16 16:35:20.019,0.97313,0.97335,1.37,1.12
2016.12.16 16:35:20.069,0.97311,0.97335,1.12,1.50
2016.12.16 16:35:20.221,0.9731,0.97334,1.50,1.75
2016.12.16 16:35:20.480,0.97312,0.97336,1.50,1.50
2016.12.16 16:35:20.984,0.97314,0.97337,1.00,1.12
2016.12.16 16:35:21.236,0.97318,0.9734,1.00,1.75
2016.12.16 16:35:21.479,0.97319,0.97343,1.12,1.37
2016.12.16 16:35:21.538,0.97321,0.97345,1.00,2.25
2016.12.16 16:35:22.030,0.97317,0.97342,2.62,1.37
2016.12.16 16:35:22.182,0.9732,0.9734,1.00,1.00
2016.12.16 16:35:22.333,0.97321,0.97345,1.12,1.37
2016.12.16 16:35:23.193,0.97322,0.97345,1.00,1.37
2016.12.16 16:35:23.399,0.97324,0.97345,1.00,1.37
2016.12.16 16:35:23.550,0.97323,0.97347,1.50,1.12
2016.12.16 16:35:25.242,0.97323,0.97346,1.50,1.00
2016.12.16 16:35:25.444,0.9732,0.97344,1.12,1.12
2016.12.16 16:35:25.702,0.97318,0.97343,1.00,1.50
2016.12.16 16:35:25.753,0.97318,0.9734,1.00,1.00
2016.12.16 16:35:26.055,0.97319,0.97342,1.00,1.00
2016.12.16 16:35:26.814,0.97322,0.97342,1.00,1.12
2016.12.16 16:35:27.334,0.97323,0.97346,1.00,1.87
2016.12.16 16:35:28.152,0.9732,0.97346,1.50,1.87
2016.12.16 16:35:28.509,0.97324,0.97346,1.00,2.62
2016.12.16 16:35:28.969,0.9732,0.97343,1.00,1.00
2016.12.16 16:35:29.020,0.97323,0.97343,1.00,1.00
2016.12.16 16:35:29.171,0.97322,0.97345,1.50,1.00
2016.12.16 16:35:29.272,0.97322,0.97347,1.75,1.87
2016.12.16 16:35:29.574,0.97323,0.97344,1.50,1.00
2016.12.16 16:35:29.938,0.97324,0.97348,1.75,1.00
2016.12.16 16:35:30.241,0.97324,0.97349,1.87,1.50
2016.12.16 16:35:30.292,0.97325,0.97349,1.12,1.50
2016.12.16 16:35:30.846,0.97322,0.97348,1.12,1.50
2016.12.16 16:35:31.048,0.97324,0.97347,1.00,1.00
2016.12.16 16:35:31.363,0.97322,0.97347,1.50,1.50
2016.12.16 16:35:31.503,0.97322,0.97347,1.00,1.75
2016.12.16 16:35:31.795,0.97324,0.97348,2.25,2.25
2016.12.16 16:35:32.001,0.97324,0.97346,1.50,1.00
2016.12.16 16:35:32.051,0.97322,0.97346,1.50,1.00
2016.12.16 16:35:32.455,0.97324,0.97346,1.00,1.00
2016.12.16 16:35:32.923,0.97322,0.97346,1.50,1.00
2016.12.16 16:35:33.395,0.97322,0.97346,1.12,1.50
2016.12.16 16:35:34.781,0.97323,0.97346,1.00,1.50
2016.12.16 16:35:35.073,0.97324,0.97348,1.12,2.25
2016.12.16 16:35:35.161,0.97329,0.9735,1.00,1.50
2016.12.16 16:35:35.363,0.97329,0.97351,1.00,1.00
2016.12.16 16:35:35.883,0.97329,0.9735,1.00,1.00
2016.12.16 16:35:35.934,0.97329,0.97352,1.50,1.50
2016.12.16 16:35:36.155,0.97331,0.97352,1.00,1.50
2016.12.16 16:35:36.462,0.97331,0.97354,1.00,1.00
2016.12.16 16:35:37.052,0.97332,0.97355,1.12,1.37
2016.12.16 16:35:37.560,0.97333,0.97356,1.00,2.25
2016.12.16 16:35:38.076,0.97336,0.97358,1.00,2.25
2016.12.16 16:35:38.176,0.97335,0.97358,1.50,1.87
2016.12.16 16:35:38.330,0.97338,0.97357,1.00,1.00
2016.12.16 16:35:38.482,0.97335,0.97361,1.12,2.25
2016.12.16 16:35:38.861,0.97335,0.97357,1.12,1.37
2016.12.16 16:35:39.417,0.97335,0.97357,1.00,1.00
2016.12.16 16:35:39.869,0.97338,0.97356,1.00,1.00
2016.12.16 16:35:40.172,0.9734,0.97357,1.00,1.00
2016.12.16 16:35:40.273,0.97338,0.97361,1.00,1.75
2016.12.16 16:35:40.323,0.97341,0.97361,1.00,1.75
2016.12.16 16:35:40.475,0.97345,0.97367,1.00,1.50
2016.12.16 16:35:40.696,0.97344,0.97367,1.00,1.75
2016.12.16 16:35:40.750,0.97342,0.97365,1.00,1.75
2016.12.16 16:35:40.852,0.97344,0.97365,1.00,1.75
2016.12.16 16:35:40.953,0.97342,0.97366,1.00,2.25
2016.12.16 16:35:41.256,0.97341,0.97365,1.12,2.25
2016.12.16 16:35:41.776,0.97339,0.97362,1.50,1.50
2016.12.16 16:35:41.877,0.9734,0.97359,1.00,1.00
2016.12.16 16:35:41.992,0.9734,0.97364,1.00,1.75
2016.12.16 16:35:42.093,0.97342,0.97362,1.00,1.00
2016.12.16 16:35:42.597,0.97343,0.97363,1.00,1.12
2016.12.16 16:35:43.011,0.97344,0.97365,1.00,1.00
2016.12.16 16:35:43.768,0.97344,0.97366,1.00,1.87
2016.12.16 16:35:44.477,0.97344,0.97366,1.00,2.25
2016.12.16 16:35:45.505,0.97341,0.97363,1.50,1.00
2016.12.16 16:35:45.680,0.97336,0.97363,1.75,2.62
2016.12.16 16:35:45.781,0.97338,0.97362,1.12,3.75
2016.12.16 16:35:46.083,0.97338,0.9736,1.00,1.75
2016.12.16 16:35:46.184,0.97338,0.9736,1.00,1.50
2016.12.16 16:35:46.511,0.97335,0.97357,1.12,1.00
2016.12.16 16:35:47.020,0.97335,0.97358,1.12,1.00
2016.12.16 16:35:47.528,0.97335,0.97359,1.12,1.12
2016.12.16 16:35:48.081,0.97337,0.9736,1.12,1.37
2016.12.16 16:35:48.535,0.97335,0.97358,1.00,1.00
2016.12.16 16:35:49.148,0.97335,0.97359,1.00,1.00
2016.12.16 16:35:49.693,0.97335,0.9736,1.50,1.50
2016.12.16 16:35:50.096,0.97336,0.97358,1.00,1.00
2016.12.16 16:35:50.654,0.97336,0.97357,1.00,1.00
2016.12.16 16:35:50.850,0.97336,0.97359,1.00,1.00
2016.12.16 16:35:51.184,0.97337,0.97361,1.37,1.87
2016.12.16 16:35:51.973,0.97336,0.97359,1.75,1.00
2016.12.16 16:35:52.504,0.97335,0.9736,1.75,1.00
2016.12.16 16:35:53.013,0.97338,0.97362,1.50,1.50
2016.12.16 16:35:54.987,0.97334,0.9736,1.75,1.00
2016.12.16 16:35:55.492,0.97333,0.97359,4.12,1.50
2016.12.16 16:35:55.542,0.97335,0.97358,1.00,1.00
2016.12.16 16:35:55.593,0.97333,0.97358,1.37,1.37
2016.12.16 16:35:56.263,0.97334,0.97358,1.00,2.25
2016.12.16 16:35:57.255,0.97337,0.97362,1.00,2.25
2016.12.16 16:35:57.356,0.97336,0.97362,1.37,1.50
2016.12.16 16:35:57.507,0.97333,0.97359,2.25,1.12
2016.12.16 16:35:58.018,0.97335,0.97361,1.00,1.75
2016.12.16 16:35:58.545,0.97336,0.97361,1.00,2.25
2016.12.16 16:35:58.595,0.97334,0.97361,3.00,3.00
2016.12.16 16:35:59.103,0.97336,0.97359,1.00,1.75
2016.12.16 16:35:59.742,0.97335,0.97358,1.50,1.12
2016.12.16 16:36:00.598,0.97334,0.97357,1.37,1.00
2016.12.16 16:36:00.649,0.97334,0.97357,1.12,1.12
2016.12.16 16:36:00.954,0.97335,0.97357,1.37,1.00
2016.12.16 16:36:01.426,0.97334,0.97357,1.00,1.00
2016.12.16 16:36:01.955,0.97333,0.97358,2.25,1.50
2016.12.16 16:36:02.533,0.97333,0.97357,2.25,1.00
2016.12.16 16:36:03.249,0.97334,0.97358,1.00,2.25
2016.12.16 16:36:03.782,0.97333,0.97358,2.25,1.50
2016.12.16 16:36:04.012,0.97333,0.97357,1.12,1.37
2016.12.16 16:36:04.853,0.97333,0.97357,1.50,1.50
2016.12.16 16:36:05.361,0.97335,0.97357,1.00,1.00
2016.12.16 16:36:05.663,0.97339,0.97357,1.00,1.00
2016.12.16 16:36:05.941,0.9734,0.9736,1.00,1.00
2016.12.16 16:36:06.508,0.97341,0.97365,1.00,1.75
2016.12.16 16:36:06.911,0.97339,0.97361,1.12,1.12
2016.12.16 16:36:07.428,0.97341,0.97363,1.00,1.37
2016.12.16 16:36:07.931,0.97342,0.97365,1.00,1.75
2016.12.16 16:36:08.524,0.97343,0.97363,1.00,1.37
2016.12.16 16:36:08.625,0.97341,0.97364,1.00,1.50
2016.12.16 16:36:09.006,0.97344,0.97363,1.00,1.37
2016.12.16 16:36:09.509,0.97342,0.97364,1.00,1.50
2016.12.16 16:36:11.865,0.97343,0.97364,1.00,1.50
2016.12.16 16:36:12.017,0.97341,0.97364,1.12,1.50
2016.12.16 16:36:12.784,0.97342,0.97364,1.00,1.50
2016.12.16 16:36:13.375,0.97344,0.97365,1.00,2.25
2016.12.16 16:36:13.761,0.97345,0.97366,1.00,1.50
2016.12.16 16:36:14.013,0.97345,0.97368,1.00,1.50
2016.12.16 16:36:14.964,0.97345,0.97369,1.00,1.12
2016.12.16 16:36:15.316,0.97347,0.9737,1.00,2.25
2016.12.16 16:36:15.366,0.97344,0.97367,1.50,1.00
2016.12.16 16:36:15.417,0.97346,0.97369,1.00,1.50
2016.12.16 16:36:15.982,0.97347,0.97367,1.00,1.50
2016.12.16 16:36:16.769,0.97345,0.97367,1.00,2.25
2016.12.16 16:36:17.021,0.97342,0.9736,1.37,1.00
2016.12.16 16:36:17.072,0.97342,0.9736,1.00,1.00
2016.12.16 16:36:17.246,0.9734,0.9736,1.12,1.00
2016.12.16 16:36:17.297,0.9734,0.97363,1.00,1.50
2016.12.16 16:36:17.416,0.97343,0.97363,1.00,1.50
2016.12.16 16:36:17.930,0.97341,0.97363,1.00,1.37
2016.12.16 16:36:18.031,0.97343,0.97363,1.00,1.00
2016.12.16 16:36:18.334,0.97345,0.97363,1.00,1.00
2016.12.16 16:36:18.567,0.97344,0.97366,1.00,2.25
2016.12.16 16:36:18.769,0.97343,0.97362,1.00,1.00
2016.12.16 16:36:18.870,0.97341,0.97362,1.00,1.00
2016.12.16 16:36:19.021,0.97343,0.97363,1.00,1.00
2016.12.16 16:36:19.363,0.9734,0.97363,1.00,1.37
2016.12.16 16:36:19.877,0.97344,0.97363,1.00,1.37
2016.12.16 16:36:20.115,0.97337,0.97363,2.25,1.69
2016.12.16 16:36:20.215,0.97337,0.97359,1.50,1.00
2016.12.16 16:36:20.367,0.97336,0.97359,1.50,1.00
2016.12.16 16:36:21.114,0.97338,0.97359,1.00,1.00
2016.12.16 16:36:22.472,0.97339,0.97359,1.00,1.00
2016.12.16 16:36:22.724,0.97341,0.97364,1.00,1.75
2016.12.16 16:36:23.081,0.97338,0.97363,1.50,1.75
2016.12.16 16:36:23.131,0.97342,0.97363,1.00,1.75
2016.12.16 16:36:23.233,0.9734,0.97365,1.00,3.00
2016.12.16 16:36:23.737,0.97339,0.97362,1.12,1.50
2016.12.16 16:36:23.838,0.97341,0.97364,1.00,1.75
2016.12.16 16:36:23.989,0.97341,0.97366,1.50,3.00
2016.12.16 16:36:24.194,0.97341,0.97366,2.25,1.50
2016.12.16 16:36:24.747,0.97341,0.97365,1.75,1.00
2016.12.16 16:36:24.999,0.9734,0.97365,1.50,1.50
2016.12.16 16:36:25.297,0.9734,0.97363,1.50,1.00
2016.12.16 16:36:25.348,0.9734,0.97365,1.50,1.50
2016.12.16 16:36:25.779,0.9734,0.97362,1.12,1.00
2016.12.16 16:36:26.466,0.97339,0.97362,1.12,1.00
2016.12.16 16:36:26.967,0.97339,0.97363,1.37,1.37
2016.12.16 16:36:27.468,0.97339,0.97361,1.87,1.00
2016.12.16 16:36:27.620,0.97337,0.97362,1.50,1.50
2016.12.16 16:36:28.127,0.97339,0.97362,1.50,1.12
2016.12.16 16:36:31.081,0.97341,0.97366,1.50,3.75
2016.12.16 16:36:31.333,0.97342,0.97366,1.12,2.25
2016.12.16 16:36:31.636,0.97339,0.97363,1.87,1.37
2016.12.16 16:36:31.837,0.97341,0.97365,1.00,1.75
2016.12.16 16:36:32.180,0.97347,0.9737,1.00,3.00
2016.12.16 16:36:32.231,0.97349,0.9737,1.00,1.37
2016.12.16 16:36:32.282,0.97351,0.97372,1.00,1.50
2016.12.16 16:36:32.332,0.97352,0.97372,1.00,1.50
2016.12.16 16:36:32.383,0.97354,0.97372,1.00,1.00
2016.12.16 16:36:32.534,0.97353,0.97374,1.00,1.00
2016.12.16 16:36:33.035,0.97352,0.97374,1.00,1.00
2016.12.16 16:36:33.186,0.97354,0.97374,1.00,1.00
2016.12.16 16:36:33.726,0.97354,0.97377,1.00,2.25
2016.12.16 16:36:34.028,0.97359,0.97379,1.00,2.25
2016.12.16 16:36:34.230,0.97361,0.97382,1.00,1.87
2016.12.16 16:36:34.564,0.9736,0.97384,2.10,1.87
2016.12.16 16:36:34.665,0.97369,0.97384,1.00,1.12
2016.12.16 16:36:34.716,0.97364,0.97385,1.00,1.50
2016.12.16 16:36:34.917,0.97361,0.97382,1.50,1.00
2016.12.16 16:36:35.018,0.9736,0.97384,2.85,1.12
2016.12.16 16:36:35.462,0.97368,0.97386,1.00,1.75
2016.12.16 16:36:35.513,0.97363,0.97386,1.00,1.75
2016.12.16 16:36:35.665,0.97363,0.97386,1.50,1.12
2016.12.16 16:36:35.888,0.97369,0.97387,1.00,1.50
2016.12.16 16:36:36.191,0.9737,0.97388,1.00,2.25
2016.12.16 16:36:36.527,0.9737,0.97387,1.00,1.50
2016.12.16 16:36:36.729,0.97366,0.97391,1.37,2.25
2016.12.16 16:36:36.780,0.97367,0.97391,1.12,1.37
2016.12.16 16:36:36.830,0.97369,0.97391,1.00,1.37
2016.12.16 16:36:37.263,0.97368,0.97389,1.00,1.50
2016.12.16 16:36:37.533,0.97364,0.97389,1.87,1.00
2016.12.16 16:36:37.634,0.97364,0.97387,1.50,1.50
2016.12.16 16:36:37.937,0.97359,0.97381,1.00,1.50
2016.12.16 16:36:38.252,0.97362,0.97385,1.12,1.50
2016.12.16 16:36:38.354,0.97364,0.97388,1.00,1.75
2016.12.16 16:36:38.455,0.97366,0.97389,1.00,1.50
2016.12.16 16:36:38.758,0.97364,0.97387,2.25,1.00
2016.12.16 16:36:39.111,0.97364,0.97389,2.25,1.12
2016.12.16 16:36:39.162,0.97368,0.97386,1.00,1.00
2016.12.16 16:36:39.313,0.97368,0.9739,1.00,2.25
2016.12.16 16:36:39.477,0.97364,0.97387,1.50,1.00
2016.12.16 16:36:39.679,0.97358,0.97381,1.12,1.12
2016.12.16 16:36:39.931,0.97358,0.97379,1.00,1.00
2016.12.16 16:36:40.032,0.97356,0.97379,1.50,1.00
2016.12.16 16:36:40.083,0.97356,0.97381,1.50,3.00
2016.12.16 16:36:40.133,0.97356,0.97381,1.00,1.50
2016.12.16 16:36:40.284,0.97354,0.9738,1.00,3.00
2016.12.16 16:36:40.651,0.97354,0.97377,1.00,1.37
2016.12.16 16:36:41.169,0.97354,0.97379,1.87,1.75
2016.12.16 16:36:41.673,0.97353,0.97377,1.12,2.25
2016.12.16 16:36:42.047,0.9735,0.97374,1.75,1.00
2016.12.16 16:36:42.350,0.97348,0.97369,1.00,1.50
2016.12.16 16:36:42.451,0.97344,0.97368,1.50,1.00
2016.12.16 16:36:42.552,0.97343,0.97364,1.75,1.00
2016.12.16 16:36:42.653,0.97346,0.97367,1.00,1.00
2016.12.16 16:36:42.719,0.97349,0.97366,1.00,1.12
2016.12.16 16:36:42.967,0.97349,0.9737,1.00,1.00
2016.12.16 16:36:43.018,0.97349,0.97368,1.00,1.00
2016.12.16 16:36:43.361,0.97349,0.97365,1.00,1.00
2016.12.16 16:36:43.663,0.97348,0.97363,1.00,1.00
2016.12.16 16:36:43.813,0.97345,0.97363,1.00,1.00
2016.12.16 16:36:44.025,0.97345,0.97365,1.00,1.00
2016.12.16 16:36:44.278,0.97344,0.97362,1.00,1.00
2016.12.16 16:36:44.429,0.97343,0.97364,1.00,1.00
2016.12.16 16:36:44.580,0.97344,0.97356,1.12,1.00
2016.12.16 16:36:44.631,0.97344,0.97359,1.12,1.00
2016.12.16 16:36:44.732,0.97338,0.97359,2.10,1.00
2016.12.16 16:36:44.883,0.97338,0.9736,1.72,1.00
2016.12.16 16:36:45.387,0.97339,0.97359,1.12,1.00
2016.12.16 16:36:45.940,0.97339,0.97361,1.12,1.00
2016.12.16 16:36:47.530,0.97339,0.97359,1.00,1.00
2016.12.16 16:36:47.855,0.97338,0.97357,1.00,1.00
2016.12.16 16:36:47.956,0.97334,0.97356,1.50,1.00
2016.12.16 16:36:48.217,0.97338,0.97356,1.00,1.00
2016.12.16 16:36:48.459,0.97338,0.97358,1.00,1.00
2016.12.16 16:36:48.561,0.97339,0.9736,1.50,1.00
2016.12.16 16:36:49.077,0.97339,0.97359,1.00,1.00
2016.12.16 16:36:49.535,0.97339,0.97361,1.00,1.00
2016.12.16 16:36:50.043,0.97339,0.97361,1.50,1.00
2016.12.16 16:36:50.419,0.97339,0.97359,1.50,1.00
2016.12.16 16:36:50.469,0.97339,0.97362,1.50,1.00
2016.12.16 16:36:50.796,0.97343,0.97362,1.00,1.00
2016.12.16 16:36:51.503,0.97344,0.97362,1.00,1.00
2016.12.16 16:36:52.574,0.97344,0.9736,1.00,1.00
2016.12.16 16:36:52.934,0.97339,0.97362,1.50,1.00
2016.12.16 16:36:53.035,0.97339,0.97359,1.50,1.00
2016.12.16 16:36:53.547,0.97339,0.97358,1.00,1.00
2016.12.16 16:36:54.368,0.97339,0.97359,1.00,1.00
2016.12.16 16:36:55.230,0.97334,0.97359,3.00,1.00
2016.12.16 16:36:55.534,0.97343,0.9736,1.00,1.00
2016.12.16 16:36:57.530,0.97339,0.9736,1.50,1.00
2016.12.16 16:36:58.060,0.97339,0.97359,1.12,1.00
2016.12.16 16:36:58.481,0.97338,0.97361,1.00,1.00
2016.12.16 16:36:58.684,0.97338,0.9736,1.50,1.00
2016.12.16 16:36:58.935,0.97337,0.97362,1.35,1.00
2016.12.16 16:36:59.087,0.97344,0.97361,1.00,1.00
2016.12.16 16:36:59.137,0.97337,0.9736,1.35,1.00
2016.12.16 16:36:59.188,0.97335,0.97355,1.75,1.00
2016.12.16 16:36:59.390,0.97329,0.9735,1.00,1.00
2016.12.16 16:36:59.441,0.97328,0.97352,1.00,2.25
2016.12.16 16:36:59.491,0.97328,0.9735,1.00,1.00
2016.12.16 16:36:59.914,0.97327,0.97353,2.25,1.87
2016.12.16 16:37:00.216,0.97333,0.97355,1.12,1.00
2016.12.16 16:37:00.521,0.97332,0.97356,1.75,1.00
2016.12.16 16:37:01.138,0.97333,0.97356,2.25,1.00
2016.12.16 16:37:01.390,0.97333,0.97357,1.75,1.00
2016.12.16 16:37:01.441,0.97334,0.97359,1.75,1.50
2016.12.16 16:37:01.642,0.97338,0.97361,1.00,1.87
2016.12.16 16:37:01.975,0.97336,0.97361,1.12,1.75
2016.12.16 16:37:02.076,0.97336,0.97361,2.25,1.12
2016.12.16 16:37:02.277,0.97339,0.97364,1.37,2.25
2016.12.16 16:37:02.377,0.97339,0.97364,1.37,2.25
2016.12.16 16:37:02.428,0.97337,0.97362,2.25,1.00
2016.12.16 16:37:02.653,0.97337,0.97364,2.25,1.87
2016.12.16 16:37:02.855,0.97339,0.97354,1.75,1.00
2016.12.16 16:37:02.905,0.97337,0.97358,1.50,1.00
2016.12.16 16:37:03.006,0.97335,0.97358,1.75,1.00
2016.12.16 16:37:03.208,0.97335,0.97361,1.50,1.50
2016.12.16 16:37:03.309,0.97335,0.97361,3.00,1.37
2016.12.16 16:37:03.460,0.97338,0.97362,1.00,1.50
2016.12.16 16:37:03.510,0.97335,0.97359,2.25,1.00
2016.12.16 16:37:03.861,0.97331,0.97357,3.00,1.00
2016.12.16 16:37:03.912,0.97334,0.97356,1.00,1.00
2016.12.16 16:37:04.319,0.97332,0.97356,1.00,1.00
2016.12.16 16:37:04.821,0.97332,0.97355,1.00,1.00
2016.12.16 16:37:05.023,0.97332,0.97353,1.00,1.00
2016.12.16 16:37:05.528,0.97327,0.97352,1.75,1.00
2016.12.16 16:37:05.629,0.97329,0.97352,1.50,1.12
2016.12.16 16:37:05.938,0.97329,0.9735,1.00,1.00
2016.12.16 16:37:06.312,0.97324,0.9735,1.75,1.50
2016.12.16 16:37:06.413,0.97324,0.9735,1.12,1.50
2016.12.16 16:37:06.630,0.97329,0.9735,1.00,1.50
2016.12.16 16:37:07.176,0.97325,0.97352,1.75,2.25
2016.12.16 16:37:07.427,0.97329,0.97353,1.50,1.50
2016.12.16 16:37:08.093,0.97329,0.97352,1.50,1.00
2016.12.16 16:37:08.631,0.97326,0.97351,1.00,1.00
2016.12.16 16:37:09.290,0.97326,0.9735,1.00,1.00
2016.12.16 16:37:09.810,0.97324,0.97348,1.75,1.00
2016.12.16 16:37:09.961,0.97324,0.97346,1.00,1.00
2016.12.16 16:37:10.113,0.97319,0.97346,1.75,1.87
2016.12.16 16:37:10.415,0.97323,0.97343,1.00,1.00
2016.12.16 16:37:12.232,0.97324,0.97344,1.00,1.12
2016.12.16 16:37:12.817,0.97323,0.97343,1.37,1.00
2016.12.16 16:37:13.337,0.97323,0.97342,1.00,1.50
2016.12.16 16:37:13.438,0.97318,0.97341,1.75,1.00
2016.12.16 16:37:13.813,0.97317,0.97338,1.50,1.00
2016.12.16 16:37:13.864,0.97317,0.97337,1.12,1.00
2016.12.16 16:37:14.149,0.97318,0.97338,1.00,1.75
2016.12.16 16:37:14.250,0.97314,0.97334,1.00,1.87
2016.12.16 16:37:14.452,0.97308,0.97335,3.00,1.50
2016.12.16 16:37:14.553,0.97314,0.97338,1.50,1.50
2016.12.16 16:37:14.705,0.97318,0.97339,1.00,1.00
2016.12.16 16:37:15.319,0.97319,0.97339,1.00,1.00
2016.12.16 16:37:15.822,0.97319,0.9734,1.00,1.12
2016.12.16 16:37:19.304,0.97324,0.9734,1.00,1.87
2016.12.16 16:37:19.354,0.97319,0.97338,1.12,1.00
2016.12.16 16:37:19.455,0.97318,0.97343,1.50,2.25
2016.12.16 16:37:19.556,0.97323,0.97343,1.00,1.00
2016.12.16 16:37:19.808,0.9732,0.97343,1.00,1.50
2016.12.16 16:37:19.859,0.97315,0.97341,1.75,1.50
2016.12.16 16:37:20.181,0.97319,0.97341,1.00,1.50
2016.12.16 16:37:21.141,0.97319,0.97339,1.00,1.00
2016.12.16 16:37:21.908,0.97318,0.97339,1.00,1.00
2016.12.16 16:37:21.980,0.9732,0.97342,1.00,1.00
2016.12.16 16:37:22.031,0.9732,0.97346,1.37,1.37
2016.12.16 16:37:22.227,0.97329,0.97348,1.00,1.12
2016.12.16 16:37:22.479,0.97328,0.97346,1.00,1.00
2016.12.16 16:37:22.933,0.97328,0.97348,1.00,1.87
2016.12.16 16:37:23.494,0.97328,0.9735,1.00,1.50
2016.12.16 16:37:24.089,0.97328,0.97348,1.00,1.00
2016.12.16 16:37:24.139,0.97329,0.97349,1.00,2.62
2016.12.16 16:37:24.240,0.97322,0.97345,1.50,1.00
2016.12.16 16:37:24.341,0.97322,0.97348,1.50,1.37
2016.12.16 16:37:24.543,0.97321,0.97346,1.12,1.75
2016.12.16 16:37:24.895,0.97321,0.97345,1.00,1.00
2016.12.16 16:37:25.164,0.97321,0.97346,1.50,1.37
2016.12.16 16:37:25.710,0.97325,0.9735,1.00,2.62
2016.12.16 16:37:25.761,0.97326,0.97353,1.12,1.75
2016.12.16 16:37:25.912,0.97328,0.97353,1.00,3.75
2016.12.16 16:37:25.963,0.97326,0.97353,1.87,3.75
2016.12.16 16:37:26.063,0.97325,0.97347,1.00,1.00
2016.12.16 16:37:26.416,0.97327,0.97353,1.00,2.25
2016.12.16 16:37:26.466,0.97327,0.97353,1.75,1.75
2016.12.16 16:37:26.567,0.9733,0.97354,1.00,1.00
2016.12.16 16:37:26.668,0.97329,0.97354,1.75,1.00
2016.12.16 16:37:27.443,0.97329,0.97354,1.50,1.12
2016.12.16 16:37:27.494,0.97329,0.97354,1.50,1.50
2016.12.16 16:37:27.948,0.97329,0.97354,1.50,1.50
2016.12.16 16:37:28.399,0.97327,0.97352,1.87,1.50
2016.12.16 16:37:28.450,0.97327,0.97353,1.75,1.37
2016.12.16 16:37:28.551,0.97327,0.97353,1.50,2.62
2016.12.16 16:37:28.804,0.97333,0.97355,1.00,1.00
2016.12.16 16:37:29.281,0.97329,0.97356,1.75,2.62
2016.12.16 16:37:29.331,0.97328,0.97354,2.25,1.00
2016.12.16 16:37:29.590,0.97329,0.97354,1.12,1.50
2016.12.16 16:37:30.970,0.97332,0.97354,1.00,1.00
2016.12.16 16:37:31.277,0.97329,0.97354,1.00,1.50
2016.12.16 16:37:34.176,0.97329,0.97356,1.75,3.00
2016.12.16 16:37:34.486,0.97337,0.97359,1.00,1.00
2016.12.16 16:37:34.846,0.97332,0.97356,1.50,1.00
2016.12.16 16:37:35.199,0.97332,0.97357,1.75,1.00
2016.12.16 16:37:35.781,0.97329,0.97357,1.75,1.50
2016.12.16 16:37:36.370,0.97331,0.97357,1.75,1.00
2016.12.16 16:37:36.610,0.97333,0.9736,1.75,2.25
2016.12.16 16:37:36.711,0.97338,0.97359,1.00,1.50
2016.12.16 16:37:36.902,0.97339,0.9736,1.00,1.12
2016.12.16 16:37:36.953,0.97334,0.97359,1.50,1.00
2016.12.16 16:37:37.003,0.97334,0.97359,1.12,2.25
2016.12.16 16:37:37.212,0.97332,0.97359,1.75,1.87
2016.12.16 16:37:37.465,0.97333,0.97359,1.00,1.87
2016.12.16 16:37:38.146,0.97336,0.9736,1.00,1.75
2016.12.16 16:37:38.196,0.97336,0.9736,1.37,1.37
2016.12.16 16:37:38.298,0.97338,0.9736,1.75,1.00
2016.12.16 16:37:38.626,0.97338,0.97365,1.75,1.50
2016.12.16 16:37:38.934,0.97339,0.9736,1.75,1.00
2016.12.16 16:37:38.985,0.97339,0.9736,1.00,1.00
2016.12.16 16:37:39.454,0.97341,0.97359,1.00,1.00
2016.12.16 16:37:39.606,0.97336,0.97359,1.00,1.00
2016.12.16 16:37:40.085,0.97335,0.97359,1.12,1.75
2016.12.16 16:37:40.186,0.97335,0.97359,1.37,1.12
2016.12.16 16:37:40.594,0.97334,0.97358,1.00,1.00
2016.12.16 16:37:41.268,0.97335,0.97358,1.00,1.00
2016.12.16 16:37:41.847,0.97334,0.97358,1.00,1.50
2016.12.16 16:37:41.898,0.97338,0.97357,1.00,1.75
2016.12.16 16:37:42.150,0.97334,0.97355,1.00,1.00
2016.12.16 16:37:42.201,0.97334,0.97359,1.87,1.50
2016.12.16 16:37:42.251,0.97338,0.97359,1.00,1.50
2016.12.16 16:37:42.522,0.97338,0.97359,1.00,1.87
2016.12.16 16:37:42.626,0.97335,0.9736,1.50,1.50
2016.12.16 16:37:43.310,0.97336,0.97359,1.00,1.75
2016.12.16 16:37:43.411,0.97338,0.9736,1.00,1.12
2016.12.16 16:37:43.713,0.97336,0.97359,1.00,1.00
2016.12.16 16:37:44.248,0.97337,0.97359,1.00,1.50
2016.12.16 16:37:44.898,0.97337,0.97359,1.00,1.00
2016.12.16 16:37:45.430,0.97335,0.97359,1.75,1.50
2016.12.16 16:37:45.531,0.97335,0.97359,1.37,1.12
2016.12.16 16:37:45.995,0.97338,0.9736,1.75,1.00
2016.12.16 16:37:46.863,0.97339,0.97359,1.37,1.00
2016.12.16 16:37:47.324,0.97334,0.97359,1.37,1.50
2016.12.16 16:37:47.525,0.97334,0.97359,1.00,2.25
2016.12.16 16:37:47.815,0.97334,0.97359,1.75,1.50
2016.12.16 16:37:47.916,0.97334,0.97358,1.00,1.00
2016.12.16 16:37:48.117,0.97333,0.97356,1.00,1.00
2016.12.16 16:37:48.748,0.9733,0.97356,2.25,1.87
2016.12.16 16:37:49.361,0.97333,0.97357,1.00,1.50
2016.12.16 16:37:49.863,0.97331,0.97357,1.50,2.25
2016.12.16 16:37:50.411,0.97331,0.97352,1.00,1.00
2016.12.16 16:37:50.462,0.97327,0.97353,1.50,1.12
2016.12.16 16:37:50.929,0.97328,0.97355,1.75,1.50
2016.12.16 16:37:51.231,0.97325,0.97351,2.25,1.12
2016.12.16 16:37:51.533,0.97324,0.9735,1.50,1.50
2016.12.16 16:37:51.735,0.97322,0.97347,1.50,1.00
2016.12.16 16:37:51.899,0.97324,0.97347,1.00,1.00
2016.12.16 16:37:52.071,0.97326,0.9735,3.75,1.00
2016.12.16 16:37:52.122,0.97327,0.97354,2.25,1.87
2016.12.16 16:37:52.723,0.97331,0.97355,1.00,1.00
2016.12.16 16:37:53.240,0.97331,0.97353,1.00,1.00
2016.12.16 16:37:53.291,0.97326,0.97353,3.00,1.50
2016.12.16 16:37:53.745,0.97329,0.97355,1.75,1.37
2016.12.16 16:37:54.128,0.97329,0.97352,3.00,1.00
2016.12.16 16:37:54.331,0.97325,0.9735,1.75,1.12
2016.12.16 16:37:54.382,0.97324,0.97348,1.75,1.00
2016.12.16 16:37:54.433,0.97321,0.97346,2.25,1.00
2016.12.16 16:37:54.588,0.97321,0.97346,1.12,1.75
2016.12.16 16:37:54.941,0.9732,0.97345,1.50,1.50
2016.12.16 16:37:55.143,0.9732,0.97346,1.50,3.00
2016.12.16 16:37:55.244,0.97323,0.97348,1.00,1.75
2016.12.16 16:37:55.345,0.97321,0.97348,3.00,1.87
2016.12.16 16:37:55.446,0.97324,0.97349,1.00,1.00
2016.12.16 16:37:55.821,0.97323,0.9735,3.00,1.50
2016.12.16 16:37:56.022,0.97323,0.97349,1.12,1.12
2016.12.16 16:37:56.335,0.97325,0.9735,1.00,1.50
2016.12.16 16:37:56.637,0.97329,0.97349,1.00,1.50
2016.12.16 16:37:57.515,0.97324,0.97349,1.00,1.00
2016.12.16 16:37:57.779,0.97326,0.97349,1.00,1.00
2016.12.16 16:37:58.283,0.97325,0.97353,1.87,3.75
2016.12.16 16:37:58.926,0.97328,0.97352,1.00,2.62
2016.12.16 16:37:59.178,0.97324,0.97352,2.25,2.25
2016.12.16 16:37:59.681,0.97325,0.97352,1.00,1.75
2016.12.16 16:37:59.836,0.97329,0.97352,1.00,2.25
2016.12.16 16:38:00.138,0.97329,0.97353,1.00,1.75
2016.12.16 16:38:00.239,0.97329,0.97353,1.12,1.12
2016.12.16 16:38:00.340,0.97329,0.97353,1.00,2.25
2016.12.16 16:38:00.762,0.97329,0.97353,1.00,3.00
2016.12.16 16:38:00.963,0.97329,0.97353,1.00,2.25
2016.12.16 16:38:01.316,0.97329,0.97352,1.00,1.75
2016.12.16 16:38:01.568,0.97329,0.97351,1.00,1.12
2016.12.16 16:38:02.149,0.97329,0.9735,1.00,1.37
2016.12.16 16:38:02.459,0.97323,0.97349,1.50,1.12
2016.12.16 16:38:02.940,0.97322,0.97349,1.50,1.75
2016.12.16 16:38:04.094,0.97318,0.97345,1.75,1.00
2016.12.16 16:38:04.145,0.97318,0.97345,2.62,1.50
2016.12.16 16:38:04.346,0.97321,0.97346,1.00,1.75
2016.12.16 16:38:04.661,0.97323,0.97347,1.00,2.25
2016.12.16 16:38:04.867,0.9732,0.97347,1.00,1.75
2016.12.16 16:38:05.263,0.97324,0.97347,1.00,1.75
2016.12.16 16:38:05.538,0.9732,0.97346,1.75,1.00
2016.12.16 16:38:05.941,0.97324,0.97347,1.00,1.12
2016.12.16 16:38:06.163,0.97321,0.97347,2.25,1.12
2016.12.16 16:38:06.531,0.97324,0.97348,1.00,1.50
2016.12.16 16:38:06.784,0.97322,0.97349,1.12,2.25
2016.12.16 16:38:07.119,0.97324,0.97349,1.00,2.25
2016.12.16 16:38:07.466,0.97322,0.97348,1.12,1.50
2016.12.16 16:38:07.732,0.97324,0.97348,1.00,1.50
2016.12.16 16:38:07.964,0.97322,0.97348,1.12,1.50
2016.12.16 16:38:08.334,0.97321,0.9734,1.50,1.00
2016.12.16 16:38:08.485,0.97319,0.97338,1.00,1.00
2016.12.16 16:38:08.586,0.97319,0.97341,1.00,1.50
2016.12.16 16:38:08.711,0.97319,0.97339,1.00,1.00
2016.12.16 16:38:08.762,0.97315,0.9734,1.50,1.50
2016.12.16 16:38:08.963,0.97316,0.9734,1.50,1.12
2016.12.16 16:38:09.064,0.97315,0.9734,1.50,1.00
2016.12.16 16:38:09.176,0.97318,0.9734,1.00,1.00
2016.12.16 16:38:09.479,0.97321,0.97344,1.00,1.00
2016.12.16 16:38:09.936,0.97319,0.97342,2.25,1.00
2016.12.16 16:38:10.188,0.97314,0.97338,2.25,1.00
2016.12.16 16:38:10.490,0.97316,0.97338,1.00,1.00
2016.12.16 16:38:11.206,0.97317,0.97338,1.00,1.00
2016.12.16 16:38:11.357,0.97315,0.97338,1.00,1.00
2016.12.16 16:38:11.935,0.97316,0.97338,1.00,1.00
2016.12.16 16:38:12.439,0.97315,0.97338,1.00,1.00
2016.12.16 16:38:13.212,0.97316,0.97338,1.00,1.00
2016.12.16 16:38:13.262,0.97318,0.97338,1.00,1.00
2016.12.16 16:38:13.313,0.97316,0.97338,1.00,1.00
2016.12.16 16:38:13.514,0.97314,0.97338,3.75,1.00
2016.12.16 16:38:13.565,0.97316,0.97338,1.00,1.00
2016.12.16 16:38:14.681,0.97315,0.97338,1.00,1.00
2016.12.16 16:38:15.226,0.97316,0.97338,1.00,1.00
2016.12.16 16:38:15.528,0.97317,0.9734,1.00,1.00
2016.12.16 16:38:15.629,0.97319,0.97339,1.00,1.12
2016.12.16 16:38:15.832,0.97314,0.97335,1.00,1.12
2016.12.16 16:38:16.652,0.97316,0.97338,1.00,1.75
2016.12.16 16:38:16.803,0.97315,0.97339,1.00,1.75
2016.12.16 16:38:17.344,0.97315,0.97336,1.00,1.00
2016.12.16 16:38:17.495,0.97317,0.97336,1.00,1.00
2016.12.16 16:38:17.596,0.97317,0.9734,1.00,2.25
2016.12.16 16:38:17.697,0.97319,0.97341,1.00,2.25
2016.12.16 16:38:18.201,0.97318,0.97342,1.50,3.00
2016.12.16 16:38:18.621,0.9732,0.97344,1.00,6.37
2016.12.16 16:38:18.704,0.97318,0.97338,1.50,1.12
2016.12.16 16:38:18.906,0.97318,0.9734,1.50,1.50
2016.12.16 16:38:19.007,0.97316,0.9734,1.00,1.75
2016.12.16 16:38:19.108,0.97316,0.9734,2.25,1.50
2016.12.16 16:38:19.610,0.97318,0.9734,1.00,1.50
2016.12.16 16:38:20.115,0.97314,0.9734,2.25,1.50
2016.12.16 16:38:20.217,0.97314,0.97337,1.75,1.00
2016.12.16 16:38:20.319,0.97314,0.97337,1.12,1.50
2016.12.16 16:38:20.836,0.97313,0.97338,1.87,1.50
2016.12.16 16:38:21.389,0.97314,0.97339,1.00,2.25
2016.12.16 16:38:21.893,0.97314,0.97341,1.50,5.62
2016.12.16 16:38:22.113,0.97317,0.9734,1.00,1.00
2016.12.16 16:38:22.365,0.97319,0.9734,1.00,1.50
2016.12.16 16:38:22.621,0.97319,0.97342,1.00,2.25
2016.12.16 16:38:22.873,0.97317,0.97341,1.50,1.00
2016.12.16 16:38:23.447,0.97317,0.9734,1.00,1.00
2016.12.16 16:38:23.985,0.97317,0.97341,1.50,1.00
2016.12.16 16:38:24.086,0.97317,0.97341,1.12,1.50
2016.12.16 16:38:25.976,0.97314,0.97338,1.75,1.00
2016.12.16 16:38:26.483,0.97313,0.97338,2.25,1.12
2016.12.16 16:38:28.741,0.97316,0.97338,1.00,1.12
2016.12.16 16:38:29.339,0.97315,0.9734,1.00,1.75
2016.12.16 16:38:29.937,0.97314,0.97341,1.87,3.00
2016.12.16 16:38:30.555,0.97315,0.97341,1.00,3.00
2016.12.16 16:38:31.071,0.97314,0.97341,1.87,2.25
2016.12.16 16:38:31.606,0.97315,0.97341,1.00,2.25
2016.12.16 16:38:32.266,0.97314,0.9734,1.87,1.75
2016.12.16 16:38:32.775,0.97315,0.9734,1.00,1.75
2016.12.16 16:38:33.301,0.97317,0.97338,1.00,1.12
2016.12.16 16:38:33.621,0.97312,0.97338,1.75,1.12
2016.12.16 16:38:33.724,0.97312,0.97336,2.25,1.12
2016.12.16 16:38:34.128,0.97311,0.97333,2.25,1.00
2016.12.16 16:38:34.459,0.97312,0.97331,1.50,1.00
2016.12.16 16:38:35.387,0.97311,0.97333,1.75,1.50
2016.12.16 16:38:35.936,0.97314,0.97332,1.00,1.50
2016.12.16 16:38:36.266,0.97311,0.97332,1.12,1.50
2016.12.16 16:38:36.780,0.97312,0.97332,1.00,1.00
2016.12.16 16:38:36.832,0.97314,0.97332,1.00,1.00
2016.12.16 16:38:37.200,0.9731,0.9733,1.50,1.00
2016.12.16 16:38:37.562,0.97308,0.97327,1.75,1.00
2016.12.16 16:38:37.814,0.97306,0.97326,2.25,1.00
2016.12.16 16:38:38.437,0.97306,0.97327,1.75,1.00
2016.12.16 16:38:38.905,0.97309,0.97328,1.37,1.00
2016.12.16 16:38:40.916,0.97309,0.97328,1.12,1.00
2016.12.16 16:38:41.439,0.97307,0.97329,1.50,1.50
2016.12.16 16:38:41.913,0.97307,0.97328,1.00,1.50
2016.12.16 16:38:42.146,0.97306,0.97326,1.50,1.00
2016.12.16 16:38:42.747,0.97306,0.97327,1.50,1.50
2016.12.16 16:38:43.100,0.97304,0.97325,3.00,1.00
2016.12.16 16:38:43.150,0.97304,0.97327,3.00,1.50
2016.12.16 16:38:43.425,0.97308,0.97325,1.00,1.00
2016.12.16 16:38:43.811,0.97307,0.97323,1.12,1.00
2016.12.16 16:38:43.862,0.97307,0.97325,1.12,1.00
2016.12.16 16:38:43.912,0.97307,0.97323,1.12,1.00
2016.12.16 16:38:44.225,0.97304,0.97325,2.25,1.00
2016.12.16 16:38:45.084,0.97305,0.97324,1.50,1.00
2016.12.16 16:38:45.336,0.97305,0.97323,1.00,1.00
2016.12.16 16:38:45.871,0.97304,0.97324,1.50,1.00
2016.12.16 16:38:46.093,0.97304,0.97322,1.00,1.00
2016.12.16 16:38:46.882,0.97303,0.97321,1.12,1.00
2016.12.16 16:38:46.932,0.97302,0.97324,1.50,1.00
2016.12.16 16:38:47.431,0.97304,0.97324,1.50,1.00
2016.12.16 16:38:47.784,0.97304,0.97322,1.75,1.00
2016.12.16 16:38:47.834,0.97304,0.97321,1.00,1.00
2016.12.16 16:38:48.439,0.97303,0.97323,1.50,1.00
2016.12.16 16:38:48.930,0.97303,0.97321,1.00,1.00
2016.12.16 16:38:49.452,0.97304,0.97322,1.00,1.00
2016.12.16 16:38:49.603,0.97298,0.97322,2.25,1.00
2016.12.16 16:38:49.704,0.97297,0.97318,3.00,1.00
2016.12.16 16:38:50.006,0.97297,0.97316,2.25,1.00
2016.12.16 16:38:50.057,0.97298,0.97317,1.12,1.00
2016.12.16 16:38:50.605,0.97297,0.97317,1.12,1.00
2016.12.16 16:38:51.063,0.97295,0.97317,1.12,1.50
2016.12.16 16:38:51.315,0.97298,0.97316,1.00,1.00
2016.12.16 16:38:51.892,0.97297,0.97317,1.50,1.00
2016.12.16 16:38:52.226,0.97299,0.97317,1.37,1.00
2016.12.16 16:38:52.277,0.97299,0.97317,1.00,1.00
2016.12.16 16:38:53.213,0.97299,0.97316,1.50,1.00
2016.12.16 16:38:53.737,0.97299,0.97317,1.00,1.00
2016.12.16 16:38:54.063,0.97297,0.97316,1.00,1.00
2016.12.16 16:38:54.610,0.97297,0.97317,1.00,1.50
2016.12.16 16:38:54.660,0.97299,0.97316,1.00,1.00
2016.12.16 16:38:54.862,0.97297,0.97316,1.00,1.00
2016.12.16 16:38:55.215,0.97295,0.97316,1.00,1.00
2016.12.16 16:38:55.319,0.97295,0.97314,1.50,1.00
2016.12.16 16:38:55.638,0.97297,0.97314,1.00,1.00
2016.12.16 16:38:55.940,0.973,0.97314,1.00,1.00
2016.12.16 16:38:56.582,0.973,0.97316,1.00,1.00
2016.12.16 16:38:57.272,0.973,0.97317,1.00,1.00
2016.12.16 16:38:57.912,0.97299,0.97317,1.00,1.00
2016.12.16 16:38:58.443,0.97301,0.97317,1.50,1.00
2016.12.16 16:38:58.544,0.97302,0.97323,1.00,1.00
2016.12.16 16:38:58.645,0.97301,0.97321,1.12,1.00
2016.12.16 16:38:59.148,0.97299,0.97319,1.50,1.00
2016.12.16 16:38:59.199,0.973,0.97322,1.00,1.00
2016.12.16 16:38:59.249,0.97299,0.9732,1.00,1.00
2016.12.16 16:38:59.553,0.97298,0.97322,3.37,1.12
2016.12.16 16:38:59.603,0.97298,0.9732,3.37,1.00
2016.12.16 16:39:00.139,0.97299,0.97321,1.00,1.00
2016.12.16 16:39:00.692,0.97299,0.9732,1.00,1.00
2016.12.16 16:39:01.388,0.97299,0.97319,1.00,1.00
2016.12.16 16:39:01.904,0.97299,0.9732,1.50,1.00
2016.12.16 16:39:02.213,0.973,0.97322,1.50,1.00
2016.12.16 16:39:02.364,0.97304,0.97323,1.00,1.12
2016.12.16 16:39:03.143,0.97304,0.97324,1.00,1.50
2016.12.16 16:39:03.725,0.97303,0.97324,1.12,1.00
2016.12.16 16:39:04.744,0.97304,0.97325,1.50,1.12
2016.12.16 16:39:04.996,0.97304,0.97327,1.50,1.00
2016.12.16 16:39:05.097,0.97306,0.97327,1.00,1.00
2016.12.16 16:39:05.399,0.97309,0.97326,1.00,1.00
2016.12.16 16:39:05.450,0.97309,0.97328,1.00,1.00
2016.12.16 16:39:05.556,0.97309,0.97324,1.00,1.00
2016.12.16 16:39:06.120,0.97309,0.97323,1.00,1.00
2016.12.16 16:39:06.750,0.97309,0.97325,1.00,1.12
2016.12.16 16:39:06.943,0.97309,0.97323,1.00,1.00
2016.12.16 16:39:07.447,0.97309,0.97324,1.00,1.00
2016.12.16 16:39:07.498,0.97304,0.97328,1.60,2.25
2016.12.16 16:39:07.694,0.97307,0.97329,1.00,1.00
2016.12.16 16:39:07.745,0.97309,0.97329,1.00,1.00
2016.12.16 16:39:08.016,0.9731,0.97331,1.00,1.00
2016.12.16 16:39:08.117,0.97314,0.9733,1.00,1.00
2016.12.16 16:39:08.432,0.97314,0.97328,1.00,1.00
2016.12.16 16:39:08.482,0.97314,0.97331,1.00,1.00
2016.12.16 16:39:08.533,0.97314,0.97329,1.00,1.00
2016.12.16 16:39:09.358,0.97309,0.97329,1.00,1.00
2016.12.16 16:39:10.156,0.97314,0.97329,1.00,1.12
2016.12.16 16:39:10.987,0.97308,0.97327,1.00,1.00
2016.12.16 16:39:11.038,0.97308,0.97325,1.00,1.00
2016.12.16 16:39:11.607,0.97308,0.97326,1.00,1.00
2016.12.16 16:39:12.177,0.97308,0.97327,1.00,1.50
2016.12.16 16:39:12.227,0.97304,0.97327,2.10,1.50
2016.12.16 16:39:12.328,0.97309,0.97327,1.00,1.50
2016.12.16 16:39:12.792,0.97309,0.97326,1.00,1.37
2016.12.16 16:39:14.616,0.97309,0.97326,1.00,1.00
2016.12.16 16:39:15.637,0.97309,0.97325,1.00,1.00
2016.12.16 16:39:16.151,0.97308,0.97328,1.00,1.12
2016.12.16 16:39:16.202,0.97314,0.97328,1.00,1.00
2016.12.16 16:39:16.353,0.97309,0.97327,1.00,1.00
2016.12.16 16:39:17.220,0.97313,0.9733,1.00,1.12
2016.12.16 16:39:17.425,0.97307,0.9733,2.25,1.00
2016.12.16 16:39:17.943,0.97309,0.9733,1.12,1.00
2016.12.16 16:39:18.462,0.97306,0.97328,1.75,1.00
2016.12.16 16:39:18.811,0.97304,0.97326,1.75,1.00
2016.12.16 16:39:19.573,0.97304,0.97325,1.75,1.00
2016.12.16 16:39:19.774,0.97303,0.97323,1.50,1.00
2016.12.16 16:39:20.622,0.97301,0.97322,2.10,1.00
2016.12.16 16:39:20.982,0.97299,0.97322,1.50,1.00
2016.12.16 16:39:21.034,0.97299,0.97319,1.50,1.00
2016.12.16 16:39:21.486,0.97303,0.97321,1.00,1.00
2016.12.16 16:39:21.911,0.97303,0.97319,1.00,1.00
2016.12.16 16:39:22.440,0.97304,0.97319,1.00,1.00
2016.12.16 16:39:22.927,0.97299,0.97319,1.00,1.00
2016.12.16 16:39:23.433,0.97299,0.9732,1.12,1.00
2016.12.16 16:39:24.472,0.97299,0.97319,1.12,1.00
2016.12.16 16:39:24.596,0.97298,0.97323,1.50,1.12
2016.12.16 16:39:24.848,0.973,0.9732,1.00,1.00
2016.12.16 16:39:25.117,0.97298,0.97322,1.00,1.50
2016.12.16 16:39:25.167,0.973,0.97322,1.00,1.00
2016.12.16 16:39:25.484,0.97303,0.97319,1.00,1.00
2016.12.16 16:39:25.535,0.97299,0.97319,1.00,1.00
2016.12.16 16:39:26.195,0.97299,0.97322,1.00,1.00
2016.12.16 16:39:26.717,0.97299,0.9732,1.00,1.00
2016.12.16 16:39:26.768,0.97299,0.97322,1.00,1.50
2016.12.16 16:39:26.818,0.97299,0.9732,1.00,1.00
2016.12.16 16:39:27.413,0.97298,0.97321,1.50,1.00
2016.12.16 16:39:27.846,0.97298,0.97319,1.50,1.00
2016.12.16 16:39:28.663,0.97298,0.97317,1.50,1.00
2016.12.16 16:39:28.819,0.97299,0.9732,1.00,1.00
2016.12.16 16:39:29.259,0.97298,0.97322,1.50,1.00
2016.12.16 16:39:29.360,0.97299,0.97319,1.00,1.00
2016.12.16 16:39:29.617,0.97299,0.97322,1.00,1.00
2016.12.16 16:39:30.814,0.97298,0.97321,1.00,1.00
2016.12.16 16:39:31.315,0.97299,0.97322,1.00,1.50
2016.12.16 16:39:32.094,0.97299,0.9732,1.00,1.00
2016.12.16 16:39:32.351,0.97299,0.97322,1.00,1.50
2016.12.16 16:39:32.530,0.97299,0.97322,1.00,1.50
2016.12.16 16:39:33.816,0.97299,0.97322,1.00,1.50
2016.12.16 16:39:33.924,0.97299,0.97322,1.00,1.12
2016.12.16 16:39:34.185,0.97299,0.9732,1.00,1.00
2016.12.16 16:39:34.717,0.97299,0.9732,1.00,1.50
2016.12.16 16:39:35.227,0.97303,0.9732,1.00,1.50
2016.12.16 16:39:35.958,0.97299,0.97317,1.00,1.00
2016.12.16 16:39:36.010,0.97299,0.97319,1.00,1.12
2016.12.16 16:39:36.111,0.97303,0.97322,1.00,4.50
2016.12.16 16:39:36.234,0.97298,0.97322,1.00,4.50
2016.12.16 16:39:36.768,0.97298,0.97322,1.37,2.25
2016.12.16 16:39:37.322,0.97298,0.97322,1.50,1.50
2016.12.16 16:39:37.863,0.97298,0.9732,1.50,1.00
2016.12.16 16:39:39.044,0.97298,0.97321,1.50,1.12
2016.12.16 16:39:39.956,0.97299,0.97321,1.00,1.37
2016.12.16 16:39:40.057,0.97299,0.97321,1.00,1.50
2016.12.16 16:39:41.076,0.97299,0.97321,1.00,1.37
2016.12.16 16:39:46.680,0.97298,0.97321,1.00,2.25
2016.12.16 16:39:47.677,0.97295,0.97318,1.37,1.00
2016.12.16 16:39:47.727,0.97297,0.97321,1.00,1.00
2016.12.16 16:39:47.792,0.97296,0.97322,1.50,1.75
2016.12.16 16:39:47.943,0.97298,0.97324,1.75,2.25
2016.12.16 16:39:48.457,0.97301,0.97321,1.00,1.00
2016.12.16 16:39:48.860,0.97299,0.97321,2.25,1.00
2016.12.16 16:39:49.056,0.973,0.97323,1.50,1.12
2016.12.16 16:39:49.563,0.973,0.97323,1.12,1.12
2016.12.16 16:39:49.796,0.97302,0.97324,1.50,1.37
2016.12.16 16:39:49.998,0.97302,0.97328,1.87,2.25
2016.12.16 16:39:50.049,0.97303,0.97327,1.87,1.12
2016.12.16 16:39:50.150,0.97305,0.97327,1.00,1.12
2016.12.16 16:39:50.351,0.97302,0.97326,2.25,1.37
2016.12.16 16:39:51.023,0.97304,0.97326,1.00,1.37
2016.12.16 16:39:51.376,0.97309,0.97325,1.00,1.37
2016.12.16 16:39:51.528,0.9731,0.97329,1.00,1.00
2016.12.16 16:39:51.629,0.9731,0.97332,1.00,1.37
2016.12.16 16:39:51.679,0.97314,0.97333,1.00,1.50
2016.12.16 16:39:52.220,0.97313,0.97334,1.00,1.75
2016.12.16 16:39:52.270,0.97314,0.97333,1.00,1.00
2016.12.16 16:39:52.371,0.97314,0.97339,1.50,1.75
2016.12.16 16:39:52.422,0.97314,0.97337,1.50,1.00
2016.12.16 16:39:52.961,0.97314,0.97338,2.25,1.00
2016.12.16 16:39:53.293,0.97314,0.97337,1.00,1.50
2016.12.16 16:39:54.124,0.97311,0.97337,2.25,1.50
2016.12.16 16:39:54.427,0.97313,0.97338,1.00,1.75
2016.12.16 16:39:54.691,0.97315,0.9734,1.87,1.75
2016.12.16 16:39:54.741,0.97317,0.97343,1.00,2.25
2016.12.16 16:39:55.044,0.97329,0.9735,1.00,1.75
2016.12.16 16:39:55.145,0.97328,0.9735,1.00,1.50
2016.12.16 16:39:55.649,0.97329,0.9735,1.00,1.00
2016.12.16 16:39:56.081,0.97326,0.97351,1.00,2.25
2016.12.16 16:39:56.131,0.97328,0.97352,5.25,1.75
2016.12.16 16:39:56.334,0.9733,0.97355,2.25,1.12
2016.12.16 16:39:56.485,0.9733,0.97352,1.50,1.00
2016.12.16 16:39:56.788,0.97324,0.97349,1.75,1.12
2016.12.16 16:39:56.839,0.97325,0.97349,1.00,1.50
2016.12.16 16:39:56.890,0.97325,0.97347,1.00,1.00
2016.12.16 16:39:57.401,0.97324,0.97346,1.00,1.00
2016.12.16 16:39:57.502,0.97322,0.97346,1.50,1.00
2016.12.16 16:39:57.553,0.97326,0.97346,1.00,1.00
2016.12.16 16:39:57.603,0.97324,0.97348,1.12,1.37
2016.12.16 16:39:57.805,0.97318,0.97346,2.25,1.87
2016.12.16 16:39:57.856,0.97319,0.97345,1.50,2.25
2016.12.16 16:39:57.907,0.97319,0.97342,1.12,1.37
2016.12.16 16:39:57.957,0.97317,0.97342,1.50,1.87
2016.12.16 16:39:58.109,0.97317,0.97342,1.00,3.00
2016.12.16 16:39:58.423,0.97321,0.9734,1.00,1.00
2016.12.16 16:39:58.473,0.97319,0.97344,1.00,2.25
2016.12.16 16:39:58.574,0.97321,0.97346,1.00,3.37
2016.12.16 16:39:58.639,0.97321,0.97346,1.00,1.12
2016.12.16 16:39:58.744,0.97319,0.97345,2.25,1.12
2016.12.16 16:39:58.845,0.97319,0.97343,2.25,1.00
2016.12.16 16:39:59.148,0.97318,0.97341,1.00,1.00
2016.12.16 16:39:59.249,0.97314,0.9734,2.25,1.00
2016.12.16 16:39:59.351,0.97314,0.97339,1.50,1.00
2016.12.16 16:39:59.402,0.97314,0.97337,1.00,1.00
2016.12.16 16:39:59.946,0.97314,0.97339,1.50,1.75
2016.12.16 16:40:00.376,0.97314,0.97341,1.50,2.25
2016.12.16 16:40:00.734,0.97314,0.9734,2.62,1.12
2016.12.16 16:40:01.301,0.97314,0.9734,1.50,1.00
2016.12.16 16:40:01.452,0.97318,0.9734,1.00,1.00
2016.12.16 16:40:01.652,0.97316,0.97343,1.00,1.75
2016.12.16 16:40:02.248,0.97319,0.97345,1.00,2.25
2016.12.16 16:40:02.399,0.97319,0.97344,1.37,1.75
2016.12.16 16:40:02.550,0.97322,0.97347,1.00,1.75
2016.12.16 16:40:02.751,0.97325,0.97349,1.00,1.12
2016.12.16 16:40:02.802,0.97326,0.97351,1.37,1.87
2016.12.16 16:40:03.230,0.97327,0.97344,1.00,1.00
2016.12.16 16:40:03.280,0.97327,0.97347,1.00,1.00
2016.12.16 16:40:03.381,0.97324,0.97343,1.00,1.00
2016.12.16 16:40:03.432,0.97321,0.97346,1.75,1.37
2016.12.16 16:40:03.533,0.9732,0.97344,1.75,1.12
2016.12.16 16:40:04.037,0.97319,0.97346,2.25,2.25
2016.12.16 16:40:04.715,0.9732,0.97347,1.50,2.25
2016.12.16 16:40:04.766,0.97322,0.97347,1.00,1.50
2016.12.16 16:40:05.052,0.97322,0.97344,1.00,1.00
2016.12.16 16:40:05.348,0.97322,0.97347,1.50,1.50
2016.12.16 16:40:05.399,0.97324,0.97347,1.00,1.50
2016.12.16 16:40:05.701,0.97324,0.97347,1.75,1.00
2016.12.16 16:40:05.803,0.97325,0.97351,1.50,2.25
2016.12.16 16:40:05.954,0.97328,0.97352,1.00,1.50
2016.12.16 16:40:06.257,0.97333,0.97354,1.75,1.00
2016.12.16 16:40:06.620,0.97333,0.97356,1.12,1.12
2016.12.16 16:40:06.822,0.97334,0.97358,1.37,1.00
2016.12.16 16:40:07.074,0.97334,0.97359,1.12,1.12
2016.12.16 16:40:07.125,0.97333,0.97359,2.25,1.00
2016.12.16 16:40:07.427,0.97334,0.97357,1.75,1.00
2016.12.16 16:40:07.753,0.97333,0.97354,1.75,1.00
2016.12.16 16:40:07.854,0.97331,0.9735,1.00,1.00
2016.12.16 16:40:08.056,0.97327,0.9735,1.50,1.00
2016.12.16 16:40:08.174,0.97327,0.97351,1.50,1.00
2016.12.16 16:40:08.477,0.97326,0.97348,1.00,1.00
2016.12.16 16:40:08.578,0.97324,0.97349,1.00,1.00
2016.12.16 16:40:09.253,0.97324,0.97349,1.50,1.00
2016.12.16 16:40:10.910,0.97329,0.97353,1.00,2.25
2016.12.16 16:40:11.112,0.97334,0.9736,1.00,2.25
2016.12.16 16:40:11.464,0.97334,0.97359,1.00,1.75
2016.12.16 16:40:11.984,0.97334,0.9736,1.50,2.25
2016.12.16 16:40:12.884,0.97337,0.9736,1.00,1.75
2016.12.16 16:40:13.223,0.97342,0.9736,1.00,1.00
2016.12.16 16:40:13.326,0.97342,0.97365,1.00,1.00
2016.12.16 16:40:13.858,0.97341,0.97363,1.00,1.00
2016.12.16 16:40:14.174,0.97339,0.97361,1.00,1.50
2016.12.16 16:40:14.579,0.97337,0.97361,1.00,1.75
2016.12.16 16:40:14.731,0.97339,0.97361,1.00,1.75
2016.12.16 16:40:15.214,0.9734,0.97361,1.00,1.50
2016.12.16 16:40:15.400,0.97343,0.97361,1.00,1.00
2016.12.16 16:40:15.500,0.97338,0.97361,1.00,1.75
2016.12.16 16:40:15.551,0.97335,0.97361,1.12,2.25
2016.12.16 16:40:15.753,0.97335,0.97359,1.00,2.25
2016.12.16 16:40:16.002,0.97335,0.97359,1.00,1.75
2016.12.16 16:40:16.053,0.97337,0.97359,1.00,1.75
2016.12.16 16:40:16.562,0.97339,0.9736,1.00,1.75
2016.12.16 16:40:16.713,0.9734,0.97363,1.00,1.75
2016.12.16 16:40:17.270,0.97339,0.9736,1.50,1.12
2016.12.16 16:40:17.650,0.97336,0.97365,1.12,3.75
2016.12.16 16:40:17.737,0.97338,0.9736,1.00,1.50
2016.12.16 16:40:18.394,0.9734,0.97362,1.00,2.25
2016.12.16 16:40:18.909,0.97339,0.97359,1.00,1.12
2016.12.16 16:40:19.523,0.97336,0.97359,1.00,1.12
2016.12.16 16:40:19.573,0.97339,0.97359,1.00,1.12
2016.12.16 16:40:19.624,0.97334,0.97359,1.12,1.12
2016.12.16 16:40:19.675,0.97333,0.97357,1.50,1.00
2016.12.16 16:40:19.977,0.97338,0.97359,1.00,1.75
2016.12.16 16:40:20.134,0.97339,0.97363,1.00,1.75
2016.12.16 16:40:20.185,0.97341,0.97363,1.00,1.75
2016.12.16 16:40:20.235,0.97339,0.97363,1.00,1.75
2016.12.16 16:40:20.286,0.97341,0.97364,1.00,2.25
2016.12.16 16:40:20.689,0.97342,0.97363,1.00,1.00
2016.12.16 16:40:20.890,0.97343,0.97365,1.00,1.00
2016.12.16 16:40:20.991,0.97345,0.97368,1.00,1.00
2016.12.16 16:40:21.882,0.97344,0.97368,1.00,1.00
2016.12.16 16:40:23.183,0.97343,0.97368,2.25,1.50
2016.12.16 16:40:23.284,0.97343,0.97366,1.00,1.00
2016.12.16 16:40:23.586,0.97337,0.97362,1.12,1.50
2016.12.16 16:40:23.836,0.97339,0.9736,1.00,1.00
2016.12.16 16:40:24.151,0.97341,0.97366,1.00,3.37
2016.12.16 16:40:24.404,0.97346,0.97371,1.00,1.75
2016.12.16 16:40:24.505,0.97346,0.97373,1.37,3.00
2016.12.16 16:40:24.606,0.97349,0.97373,1.00,1.75
2016.12.16 16:40:26.631,0.97347,0.97371,1.12,1.50
2016.12.16 16:40:27.206,0.97348,0.97372,1.00,1.75
2016.12.16 16:40:27.720,0.97349,0.97372,1.00,1.75
2016.12.16 16:40:28.235,0.97349,0.97373,1.00,2.25
2016.12.16 16:40:29.505,0.97348,0.97374,1.50,2.25
2016.12.16 16:40:29.556,0.9735,0.97376,1.00,3.37
2016.12.16 16:40:29.607,0.9735,0.97375,1.50,1.75
2016.12.16 16:40:31.955,0.97353,0.97375,1.00,1.75
2016.12.16 16:40:32.097,0.9735,0.97374,2.25,1.50
2016.12.16 16:40:32.336,0.97348,0.97369,1.75,1.50
2016.12.16 16:40:32.387,0.97348,0.97371,1.75,1.50
2016.12.16 16:40:32.437,0.97345,0.97367,1.75,1.00
2016.12.16 16:40:32.538,0.97345,0.97367,1.00,1.00
2016.12.16 16:40:33.118,0.97344,0.97367,2.25,1.00
2016.12.16 16:40:33.421,0.97348,0.97367,1.00,1.00
2016.12.16 16:40:33.723,0.97349,0.97375,2.25,1.12
2016.12.16 16:40:33.824,0.97348,0.97373,1.50,1.50
2016.12.16 16:40:33.975,0.97348,0.97371,1.50,1.00
2016.12.16 16:40:34.419,0.97351,0.97374,1.50,1.00
2016.12.16 16:40:34.726,0.97355,0.97379,1.12,1.75
2016.12.16 16:40:35.430,0.97355,0.97379,1.00,1.75
2016.12.16 16:40:35.632,0.97355,0.97378,1.00,1.00
2016.12.16 16:40:35.941,0.97357,0.97378,1.00,1.00
2016.12.16 16:40:36.144,0.97354,0.97377,2.25,1.00
2016.12.16 16:40:36.346,0.97354,0.97378,1.50,1.75
2016.12.16 16:40:36.548,0.97349,0.97376,1.87,3.75
2016.12.16 16:40:37.819,0.97349,0.97371,1.12,1.00
2016.12.16 16:40:38.402,0.97351,0.97371,1.00,1.00
2016.12.16 16:40:38.812,0.97354,0.97371,1.50,1.00
2016.12.16 16:40:38.863,0.97354,0.97379,1.50,2.25
2016.12.16 16:40:39.555,0.97355,0.97377,1.00,1.75
2016.12.16 16:40:39.657,0.97353,0.97377,1.12,1.75
2016.12.16 16:40:39.707,0.97353,0.97377,1.37,1.50
2016.12.16 16:40:40.333,0.97356,0.97378,1.00,1.37
2016.12.16 16:40:40.636,0.97353,0.97378,1.37,1.50
2016.12.16 16:40:40.837,0.97351,0.97378,1.00,2.25
2016.12.16 16:40:41.365,0.97352,0.97377,1.00,2.25
2016.12.16 16:40:41.537,0.97354,0.97376,1.00,1.00
2016.12.16 16:40:41.738,0.97352,0.97375,1.00,1.00
2016.12.16 16:40:42.022,0.97354,0.97377,1.00,1.00
2016.12.16 16:40:42.525,0.97352,0.97377,1.75,2.25
2016.12.16 16:40:43.658,0.9735,0.97377,2.25,1.75
2016.12.16 16:40:44.174,0.97352,0.97377,1.00,1.75
2016.12.16 16:40:44.249,0.97352,0.97377,1.12,1.75
2016.12.16 16:40:44.761,0.97353,0.97377,1.00,1.75
2016.12.16 16:40:45.164,0.97354,0.9738,1.50,1.75
2016.12.16 16:40:45.265,0.97354,0.9738,2.25,1.12
2016.12.16 16:40:45.316,0.97354,0.97379,2.25,1.37
2016.12.16 16:40:45.857,0.97357,0.97378,1.00,1.50
2016.12.16 16:40:45.908,0.97357,0.9738,1.50,1.00
2016.12.16 16:40:46.009,0.9736,0.9738,1.00,1.00
2016.12.16 16:40:46.513,0.9736,0.97384,1.00,1.75
2016.12.16 16:40:47.020,0.97359,0.97382,1.12,1.37
2016.12.16 16:40:47.380,0.97355,0.97379,3.00,1.00
2016.12.16 16:40:47.431,0.97355,0.97379,1.87,1.50
2016.12.16 16:40:47.481,0.97357,0.97379,1.00,1.50
2016.12.16 16:40:47.737,0.97359,0.97381,1.12,1.12
2016.12.16 16:40:47.838,0.97358,0.97383,1.75,1.00
2016.12.16 16:40:48.090,0.97359,0.97382,1.00,1.50
2016.12.16 16:40:48.242,0.97358,0.9738,1.00,1.50
2016.12.16 16:40:48.784,0.97357,0.9738,1.50,2.25
2016.12.16 16:40:49.326,0.97356,0.9738,2.25,1.50
2016.12.16 16:40:49.873,0.97357,0.9738,1.00,1.00
2016.12.16 16:40:50.228,0.97359,0.9738,1.00,1.12
2016.12.16 16:40:50.789,0.97357,0.9738,1.37,1.00
2016.12.16 16:40:51.248,0.97363,0.97386,1.00,2.25
2016.12.16 16:40:51.299,0.97361,0.97386,1.00,1.75
2016.12.16 16:40:51.400,0.97364,0.97387,1.00,1.75
2016.12.16 16:40:51.451,0.97359,0.97385,1.75,1.00
2016.12.16 16:40:51.502,0.97358,0.97382,1.75,1.00
2016.12.16 16:40:51.552,0.97356,0.97381,3.75,1.00
2016.12.16 16:40:51.766,0.97355,0.97381,1.50,1.75
2016.12.16 16:40:52.170,0.97353,0.97381,4.50,1.50
2016.12.16 16:40:52.472,0.97354,0.97376,1.50,1.00
2016.12.16 16:40:52.523,0.97354,0.97378,1.50,1.12
2016.12.16 16:40:52.771,0.97349,0.97373,1.00,1.12
2016.12.16 16:40:52.853,0.97347,0.9737,1.50,1.00
2016.12.16 16:40:53.155,0.97353,0.97378,1.00,2.62
2016.12.16 16:40:53.256,0.97351,0.97376,1.35,1.00
2016.12.16 16:40:53.408,0.97348,0.97374,3.37,1.00
2016.12.16 16:40:53.509,0.97348,0.97375,1.75,1.00
2016.12.16 16:40:53.559,0.97349,0.97373,1.00,1.00
2016.12.16 16:40:53.766,0.97348,0.97375,1.75,1.12
2016.12.16 16:40:54.436,0.97347,0.97368,1.75,1.12
2016.12.16 16:40:54.588,0.97343,0.97366,1.00,1.00
2016.12.16 16:40:54.689,0.9734,0.97366,1.00,3.00
2016.12.16 16:40:54.890,0.97342,0.97367,1.00,2.62
2016.12.16 16:40:54.941,0.97341,0.97367,1.37,1.50
2016.12.16 16:40:55.295,0.97346,0.97368,1.00,1.50
2016.12.16 16:40:55.648,0.97345,0.97372,1.50,1.50
2016.12.16 16:40:56.482,0.97349,0.97372,1.00,2.25
2016.12.16 16:40:56.532,0.97343,0.97371,1.75,2.62
2016.12.16 16:40:56.676,0.97343,0.9737,1.12,1.75
2016.12.16 16:40:57.182,0.97345,0.97365,1.00,1.00
2016.12.16 16:40:57.283,0.97346,0.97372,1.87,1.75
2016.12.16 16:40:57.384,0.97345,0.97371,2.25,1.37
2016.12.16 16:40:57.535,0.97345,0.9737,1.50,1.00
2016.12.16 16:40:57.687,0.97344,0.97371,1.12,1.75
2016.12.16 16:40:58.047,0.97346,0.97371,1.00,1.75
2016.12.16 16:40:58.097,0.97345,0.97371,2.25,1.50
2016.12.16 16:40:58.299,0.97348,0.97376,1.75,2.25
2016.12.16 16:40:58.603,0.97347,0.97376,2.25,1.50
2016.12.16 16:40:58.925,0.97349,0.97373,1.00,1.75
2016.12.16 16:40:59.077,0.97349,0.97373,1.50,1.12
2016.12.16 16:40:59.178,0.97349,0.97376,2.25,1.87
2016.12.16 16:40:59.380,0.97349,0.97375,1.50,1.75
2016.12.16 16:40:59.920,0.97351,0.97374,1.00,1.00
2016.12.16 16:41:00.260,0.97346,0.97373,2.25,1.37
2016.12.16 16:41:00.462,0.97349,0.97375,1.75,1.12
2016.12.16 16:41:00.764,0.97349,0.97376,1.12,1.75
2016.12.16 16:41:00.865,0.97349,0.97376,1.75,1.87
2016.12.16 16:41:00.966,0.97348,0.97374,1.75,1.00
2016.12.16 16:41:01.146,0.97349,0.97377,1.75,2.25
2016.12.16 16:41:01.197,0.97349,0.97378,3.00,2.25
2016.12.16 16:41:01.379,0.97352,0.97378,1.12,1.75
2016.12.16 16:41:01.935,0.97353,0.97378,1.00,1.75
2016.12.16 16:41:02.562,0.97354,0.97379,1.50,1.00
2016.12.16 16:41:02.934,0.97356,0.97379,1.00,1.00
2016.12.16 16:41:03.213,0.97354,0.97379,1.50,1.00
2016.12.16 16:41:03.263,0.97354,0.97382,3.75,1.75
2016.12.16 16:41:03.415,0.97355,0.97383,1.87,1.75
2016.12.16 16:41:03.465,0.97356,0.97383,1.50,2.25
2016.12.16 16:41:03.968,0.97357,0.97382,1.00,1.50
2016.12.16 16:41:04.323,0.97356,0.97383,1.75,1.50
2016.12.16 16:41:05.697,0.97359,0.97383,1.00,1.00
2016.12.16 16:41:05.899,0.97356,0.97383,1.75,1.75
2016.12.16 16:41:06.441,0.97359,0.97383,1.00,1.75
2016.12.16 16:41:07.887,0.97359,0.97385,1.87,2.25
2016.12.16 16:41:08.475,0.97357,0.97383,1.37,1.75
2016.12.16 16:41:08.626,0.97356,0.97382,1.00,1.75
2016.12.16 16:41:08.715,0.97358,0.97385,1.12,2.25
2016.12.16 16:41:08.943,0.97358,0.97383,1.50,2.25
2016.12.16 16:41:09.096,0.9736,0.97384,1.00,1.00
2016.12.16 16:41:09.600,0.97358,0.97385,3.00,1.75
2016.12.16 16:41:09.903,0.97355,0.97383,1.75,2.25
2016.12.16 16:41:10.792,0.97357,0.97381,1.75,1.00
2016.12.16 16:41:10.893,0.97358,0.97382,1.00,1.00
2016.12.16 16:41:11.682,0.97358,0.97384,2.25,1.12
2016.12.16 16:41:11.895,0.97359,0.97384,1.37,1.37
2016.12.16 16:41:12.480,0.97359,0.97384,1.75,1.87
2016.12.16 16:41:13.179,0.9736,0.97385,1.75,1.50
2016.12.16 16:41:16.178,0.97363,0.97386,1.00,1.75
2016.12.16 16:41:16.329,0.97364,0.97388,3.00,1.00
2016.12.16 16:41:16.430,0.97365,0.97391,2.25,1.12
2016.12.16 16:41:16.771,0.97365,0.97389,1.00,1.00
2016.12.16 16:41:16.923,0.97367,0.97392,1.50,1.50
2016.12.16 16:41:17.024,0.97368,0.97392,1.75,1.00
2016.12.16 16:41:17.074,0.97369,0.97395,1.75,2.25
2016.12.16 16:41:17.377,0.97368,0.97391,1.75,1.00
2016.12.16 16:41:17.428,0.97368,0.97391,1.00,1.00
2016.12.16 16:41:17.528,0.97366,0.9739,1.50,1.00
2016.12.16 16:41:18.217,0.97367,0.9739,1.00,1.00
2016.12.16 16:41:18.761,0.97367,0.97393,2.25,2.25
2016.12.16 16:41:19.136,0.9737,0.97392,1.00,1.50
2016.12.16 16:41:19.685,0.97369,0.97393,1.00,2.25
2016.12.16 16:41:20.047,0.97369,0.97395,2.25,1.75
2016.12.16 16:41:20.912,0.97371,0.97391,1.87,1.00
2016.12.16 16:41:21.225,0.97369,0.9739,1.00,1.00
2016.12.16 16:41:21.755,0.9737,0.97392,1.00,1.50
2016.12.16 16:41:22.113,0.9737,0.97393,1.00,1.00
2016.12.16 16:41:22.735,0.97369,0.97393,1.50,1.50
2016.12.16 16:41:22.834,0.97371,0.97393,1.00,1.00
2016.12.16 16:41:23.473,0.9737,0.97393,1.00,1.00
2016.12.16 16:41:25.054,0.97369,0.97393,3.00,1.00
2016.12.16 16:41:25.356,0.97369,0.9739,1.00,1.00
2016.12.16 16:41:25.407,0.97365,0.97389,1.00,1.00
2016.12.16 16:41:25.508,0.97364,0.9739,1.12,1.75
2016.12.16 16:41:26.207,0.97362,0.97386,1.37,1.50
2016.12.16 16:41:26.258,0.97362,0.97385,1.00,1.00
2016.12.16 16:41:26.460,0.97364,0.97387,1.00,1.50
2016.12.16 16:41:26.765,0.97359,0.97385,3.75,1.75
2016.12.16 16:41:27.349,0.97362,0.97385,1.00,1.75
2016.12.16 16:41:27.877,0.97361,0.97385,1.12,1.75
2016.12.16 16:41:28.675,0.97362,0.97387,1.00,2.25
2016.12.16 16:41:29.323,0.9736,0.97387,2.25,3.00
2016.12.16 16:41:29.526,0.97356,0.97382,1.50,1.50
2016.12.16 16:41:29.627,0.97357,0.97378,1.00,1.00
2016.12.16 16:41:29.930,0.97359,0.97385,1.00,4.50
2016.12.16 16:41:30.182,0.97357,0.97384,1.12,2.25
2016.12.16 16:41:30.233,0.97357,0.97382,1.00,1.00
2016.12.16 16:41:30.334,0.97359,0.97383,1.00,1.50
2016.12.16 16:41:30.914,0.9736,0.97383,1.00,1.00
2016.12.16 16:41:31.960,0.97368,0.97383,1.00,1.00
2016.12.16 16:41:32.061,0.97368,0.97387,1.50,1.00
2016.12.16 16:41:32.163,0.97369,0.97392,1.00,1.50
2016.12.16 16:41:32.252,0.97369,0.97389,1.00,1.00
2016.12.16 16:41:32.303,0.97369,0.97391,1.00,1.50
2016.12.16 16:41:32.404,0.97363,0.97387,2.25,1.00
2016.12.16 16:41:32.454,0.97364,0.97386,1.00,1.00
2016.12.16 16:41:32.505,0.97366,0.97386,1.00,1.00
2016.12.16 16:41:32.626,0.97366,0.97389,1.00,1.00
2016.12.16 16:41:32.720,0.97368,0.97395,1.75,2.25
2016.12.16 16:41:32.821,0.97368,0.97396,1.12,2.25
2016.12.16 16:41:32.922,0.97368,0.97395,2.25,1.50
2016.12.16 16:41:33.225,0.97369,0.97395,1.00,1.75
2016.12.16 16:41:33.783,0.9737,0.9739,1.00,1.00
2016.12.16 16:41:33.833,0.97368,0.9739,1.50,1.00
2016.12.16 16:41:34.288,0.97375,0.9739,1.00,1.00
2016.12.16 16:41:34.439,0.97376,0.97402,1.00,1.75
2016.12.16 16:41:34.490,0.97374,0.97402,1.87,2.25
2016.12.16 16:41:34.842,0.97373,0.974,1.12,2.25
2016.12.16 16:41:35.158,0.97369,0.97397,1.75,1.75
2016.12.16 16:41:35.259,0.97373,0.97399,1.00,2.25
2016.12.16 16:41:35.740,0.97374,0.97396,1.50,1.00
2016.12.16 16:41:36.287,0.97374,0.97399,3.00,1.75
2016.12.16 16:41:37.268,0.97379,0.97401,1.00,2.25
2016.12.16 16:41:37.369,0.97374,0.97398,1.50,1.50
2016.12.16 16:41:37.666,0.97373,0.97398,1.12,1.75
2016.12.16 16:41:38.088,0.97375,0.974,1.00,1.75
2016.12.16 16:41:38.139,0.97375,0.97401,1.00,3.00
2016.12.16 16:41:38.474,0.97375,0.974,1.00,1.75
2016.12.16 16:41:39.087,0.97374,0.97398,1.00,1.75
2016.12.16 16:41:39.576,0.97374,0.97398,1.37,1.37
2016.12.16 16:41:39.677,0.97374,0.97399,1.50,1.12
2016.12.16 16:41:40.334,0.97376,0.97402,2.25,1.37
2016.12.16 16:41:40.385,0.97379,0.97402,1.00,1.00
2016.12.16 16:41:40.637,0.97376,0.974,1.50,1.12
2016.12.16 16:41:41.330,0.97376,0.97399,1.50,1.00
2016.12.16 16:41:41.583,0.97378,0.97401,1.50,1.00
2016.12.16 16:41:41.784,0.97377,0.97401,1.12,1.50
2016.12.16 16:41:42.144,0.97379,0.97402,1.00,1.50
2016.12.16 16:41:42.246,0.97377,0.97403,1.00,1.75
2016.12.16 16:41:42.461,0.97377,0.97399,1.50,1.00
2016.12.16 16:41:42.764,0.97374,0.97399,1.00,1.75
2016.12.16 16:41:43.270,0.97375,0.974,1.00,2.25
2016.12.16 16:41:43.634,0.97377,0.974,1.00,1.75
2016.12.16 16:41:43.856,0.97377,0.97401,1.00,1.50
2016.12.16 16:41:43.957,0.97377,0.97401,1.00,1.75
2016.12.16 16:41:44.446,0.97378,0.97402,1.00,1.75
2016.12.16 16:41:44.647,0.97378,0.97401,1.00,1.75
2016.12.16 16:41:45.721,0.9738,0.97403,1.00,2.25
2016.12.16 16:41:45.772,0.9738,0.97403,1.00,2.25
2016.12.16 16:41:46.075,0.9738,0.97404,1.00,1.50
2016.12.16 16:41:46.585,0.97381,0.97404,1.00,1.50
2016.12.16 16:41:47.060,0.97382,0.97409,1.37,1.75
2016.12.16 16:41:47.363,0.9738,0.97406,2.25,1.75
2016.12.16 16:41:47.566,0.97382,0.97406,2.25,1.00
2016.12.16 16:41:47.767,0.97381,0.97406,1.50,1.75
2016.12.16 16:41:47.868,0.97382,0.97408,1.00,1.75
2016.12.16 16:41:47.969,0.97381,0.97406,1.00,2.25
2016.12.16 16:41:48.476,0.97382,0.97408,1.12,2.25
2016.12.16 16:41:50.691,0.97383,0.97406,1.00,1.37
2016.12.16 16:41:51.224,0.97383,0.97406,2.62,1.12
2016.12.16 16:41:51.965,0.97382,0.9741,1.50,3.00
2016.12.16 16:41:52.734,0.97381,0.97409,1.12,1.75
2016.12.16 16:41:53.141,0.97383,0.97409,1.00,1.75
2016.12.16 16:41:53.674,0.97382,0.97409,1.75,1.75
2016.12.16 16:41:53.790,0.97381,0.97409,1.50,1.75
2016.12.16 16:41:56.492,0.9738,0.97407,1.50,2.25
2016.12.16 16:41:56.593,0.97379,0.97403,1.00,1.00
2016.12.16 16:41:56.694,0.97378,0.97401,1.50,1.00
2016.12.16 16:41:56.745,0.97379,0.97403,1.00,1.00
2016.12.16 16:41:56.897,0.97377,0.97403,1.75,1.12
2016.12.16 16:41:57.211,0.9738,0.97406,1.50,2.62
2016.12.16 16:41:57.284,0.97379,0.97406,1.87,1.75
2016.12.16 16:41:57.385,0.97379,0.97405,1.37,1.00
2016.12.16 16:41:57.486,0.9738,0.97404,1.00,1.37
2016.12.16 16:41:57.989,0.97377,0.97404,2.25,1.75
2016.12.16 16:41:58.210,0.97377,0.97404,1.87,2.25
2016.12.16 16:41:58.284,0.97378,0.97404,1.37,1.50
2016.12.16 16:41:58.385,0.97379,0.97407,3.00,2.25
2016.12.16 16:41:58.696,0.97384,0.97408,1.12,1.75
2016.12.16 16:41:58.948,0.97382,0.97406,1.50,1.00
2016.12.16 16:41:59.150,0.97384,0.97406,1.00,1.00
2016.12.16 16:41:59.201,0.97383,0.97412,2.25,4.50
2016.12.16 16:42:00.386,0.97385,0.97411,1.00,2.25
2016.12.16 16:42:00.980,0.97384,0.9741,1.12,1.75
2016.12.16 16:42:02.219,0.97385,0.97411,1.00,3.00
2016.12.16 16:42:02.769,0.97386,0.97411,1.12,2.25
2016.12.16 16:42:03.281,0.97386,0.97411,1.50,1.75
2016.12.16 16:42:03.704,0.97387,0.97412,1.50,1.50
2016.12.16 16:42:03.805,0.97386,0.97409,1.00,1.00
2016.12.16 16:42:04.117,0.97388,0.97415,1.50,1.75
2016.12.16 16:42:04.420,0.97394,0.97412,1.00,1.00
2016.12.16 16:42:04.621,0.97394,0.97414,1.00,1.00
2016.12.16 16:42:04.772,0.97392,0.97414,1.50,1.00
2016.12.16 16:42:05.015,0.97394,0.97416,1.00,1.00
2016.12.16 16:42:05.534,0.97394,0.97419,1.00,1.75
2016.12.16 16:42:05.836,0.97394,0.97412,1.00,1.00
2016.12.16 16:42:06.143,0.97398,0.97417,1.00,1.75
2016.12.16 16:42:07.152,0.97394,0.97417,1.00,1.75
2016.12.16 16:42:07.514,0.97388,0.97415,2.62,2.10
2016.12.16 16:42:08.018,0.9739,0.97416,1.50,1.75
2016.12.16 16:42:08.647,0.97393,0.97416,1.00,2.25
2016.12.16 16:42:08.698,0.97391,0.97416,1.12,1.75
2016.12.16 16:42:08.748,0.97393,0.97417,1.00,2.25
2016.12.16 16:42:09.000,0.97393,0.97416,1.50,1.00
2016.12.16 16:42:09.644,0.97394,0.97416,1.00,1.00
2016.12.16 16:42:10.148,0.97395,0.97416,1.00,1.75
2016.12.16 16:42:10.685,0.97394,0.97419,1.00,1.75
2016.12.16 16:42:10.735,0.97394,0.9742,1.00,5.25
2016.12.16 16:42:10.940,0.97392,0.97414,1.00,1.00
2016.12.16 16:42:11.547,0.97393,0.97414,1.00,1.00
2016.12.16 16:42:12.082,0.97394,0.97414,1.00,1.00
2016.12.16 16:42:12.557,0.97391,0.97414,1.00,1.00
2016.12.16 16:42:12.608,0.97389,0.97414,2.25,1.50
2016.12.16 16:42:12.810,0.97389,0.97414,1.00,3.75
2016.12.16 16:42:13.145,0.97398,0.97417,1.00,1.37
2016.12.16 16:42:13.196,0.97399,0.97423,1.00,4.12
2016.12.16 16:42:13.247,0.97399,0.97423,1.50,2.25
2016.12.16 16:42:13.450,0.97399,0.97421,1.00,2.25
2016.12.16 16:42:14.519,0.97399,0.97423,1.00,1.75
2016.12.16 16:42:14.721,0.97395,0.97422,1.87,1.75
2016.12.16 16:42:14.822,0.97394,0.97417,1.50,1.00
2016.12.16 16:42:15.129,0.97394,0.97419,1.00,4.87
2016.12.16 16:42:16.956,0.97394,0.97417,1.00,1.00
2016.12.16 16:42:17.258,0.97396,0.97421,1.00,2.25
2016.12.16 16:42:17.661,0.97398,0.97423,1.00,4.50
2016.12.16 16:42:18.543,0.97395,0.97422,1.12,2.25
2016.12.16 16:42:19.030,0.97394,0.97417,1.00,1.00
2016.12.16 16:42:19.544,0.97395,0.9742,1.00,1.75
2016.12.16 16:42:20.040,0.97398,0.97421,1.00,1.75
2016.12.16 16:42:20.141,0.97399,0.97421,1.00,1.75
2016.12.16 16:42:20.242,0.97399,0.97423,1.00,1.75
2016.12.16 16:42:20.494,0.97395,0.97421,1.50,1.87
2016.12.16 16:42:20.595,0.97397,0.97416,1.12,1.00
2016.12.16 16:42:21.103,0.97398,0.97417,1.00,1.75
2016.12.16 16:42:21.618,0.97397,0.97414,1.00,1.12
2016.12.16 16:42:22.145,0.97398,0.97416,1.00,1.50
2016.12.16 16:42:22.447,0.97396,0.97415,1.00,1.37
2016.12.16 16:42:23.194,0.97396,0.97413,1.00,1.00
2016.12.16 16:42:23.744,0.97396,0.97414,1.00,1.12
2016.12.16 16:42:24.247,0.97396,0.97413,1.00,1.12
2016.12.16 16:42:25.545,0.97395,0.97414,1.00,1.50
2016.12.16 16:42:26.561,0.97391,0.97414,1.00,1.00
2016.12.16 16:42:26.662,0.97392,0.97414,1.00,1.75
2016.12.16 16:42:26.763,0.9739,0.97412,1.50,1.50
2016.12.16 16:42:26.965,0.97395,0.97415,1.00,2.25
2016.12.16 16:42:27.066,0.97394,0.97414,1.00,1.50
2016.12.16 16:42:27.586,0.97394,0.97415,1.00,1.50
2016.12.16 16:42:28.098,0.97395,0.97415,1.00,1.50
2016.12.16 16:42:29.384,0.97395,0.97414,1.12,1.00
2016.12.16 16:42:29.585,0.97395,0.97416,1.00,1.12
2016.12.16 16:42:30.107,0.97394,0.97417,1.12,1.37
2016.12.16 16:42:30.259,0.97399,0.97419,1.00,1.37
2016.12.16 16:42:30.414,0.97399,0.97419,1.50,1.37
2016.12.16 16:42:30.515,0.97399,0.97416,1.50,1.00
2016.12.16 16:42:30.565,0.97397,0.97417,1.00,1.00
2016.12.16 16:42:30.717,0.97395,0.97415,1.50,1.00
2016.12.16 16:42:30.767,0.97395,0.97415,1.00,1.50
2016.12.16 16:42:31.282,0.97394,0.97417,1.87,1.12
2016.12.16 16:42:31.333,0.97395,0.97418,1.00,1.75
2016.12.16 16:42:32.495,0.97394,0.97415,1.50,1.50
2016.12.16 16:42:32.747,0.97395,0.97417,1.87,1.12
2016.12.16 16:42:32.848,0.97398,0.9742,1.00,2.25
2016.12.16 16:42:33.028,0.97394,0.97416,2.25,1.00
2016.12.16 16:42:33.180,0.97394,0.97416,1.12,1.37
2016.12.16 16:42:33.710,0.97393,0.97416,1.87,1.75
2016.12.16 16:42:34.834,0.97394,0.97416,1.00,1.75
2016.12.16 16:42:35.164,0.97395,0.97417,1.12,1.50
2016.12.16 16:42:35.265,0.97396,0.97418,1.00,1.50
2016.12.16 16:42:39.273,0.97399,0.97418,1.00,1.00
2016.12.16 16:42:39.856,0.97396,0.97418,1.00,1.50
2016.12.16 16:42:40.124,0.97398,0.97418,1.00,1.00
2016.12.16 16:42:40.444,0.974,0.97424,1.50,2.25
2016.12.16 16:42:40.545,0.97399,0.97421,1.50,1.00
2016.12.16 16:42:42.715,0.97397,0.97424,2.25,1.50
2016.12.16 16:42:42.766,0.974,0.97424,1.50,1.12
2016.12.16 16:42:42.816,0.974,0.97424,1.50,1.87
2016.12.16 16:42:44.162,0.97396,0.97421,1.75,1.00
2016.12.16 16:42:44.480,0.97396,0.97419,1.37,1.50
2016.12.16 16:42:44.883,0.97395,0.97416,1.00,1.00
2016.12.16 16:42:46.215,0.97396,0.97416,1.00,1.00
2016.12.16 16:42:46.316,0.97398,0.97421,1.72,4.12
2016.12.16 16:42:46.367,0.97398,0.97421,1.72,1.75
2016.12.16 16:42:46.417,0.97397,0.97421,2.85,1.50
2016.12.16 16:42:46.468,0.97398,0.97421,1.35,1.12
2016.12.16 16:42:47.071,0.97394,0.97421,2.25,1.87
2016.12.16 16:42:47.122,0.97394,0.9742,2.25,1.87
2016.12.16 16:42:47.424,0.97395,0.97419,2.25,1.00
2016.12.16 16:42:49.017,0.97398,0.97419,1.12,1.37
2016.12.16 16:42:49.068,0.97393,0.97419,1.75,1.75
2016.12.16 16:42:50.534,0.97391,0.97417,1.75,1.75
2016.12.16 16:42:51.150,0.97392,0.97419,1.50,4.12
2016.12.16 16:42:51.791,0.97393,0.97419,1.50,3.37
2016.12.16 16:42:52.579,0.97392,0.97414,1.75,1.00
2016.12.16 16:42:53.088,0.97391,0.97418,1.75,1.75
2016.12.16 16:42:53.649,0.97395,0.97417,1.12,1.50
2016.12.16 16:42:54.236,0.97395,0.97416,1.12,1.50
2016.12.16 16:42:54.387,0.97388,0.97413,3.37,1.12
2016.12.16 16:42:54.437,0.97388,0.97411,1.37,1.37
2016.12.16 16:42:54.488,0.97389,0.97412,1.00,2.62
2016.12.16 16:42:54.589,0.97388,0.97411,1.00,1.00
2016.12.16 16:42:54.740,0.9739,0.97416,1.12,4.12
2016.12.16 16:42:55.271,0.97389,0.97416,2.25,3.00
2016.12.16 16:42:55.623,0.97392,0.97416,1.00,2.25
2016.12.16 16:42:55.925,0.97391,0.97418,1.87,2.25
2016.12.16 16:42:56.227,0.97388,0.97416,2.25,3.00
2016.12.16 16:42:56.623,0.97388,0.97413,1.75,1.75
2016.12.16 16:42:57.249,0.97387,0.97413,3.00,1.75
2016.12.16 16:42:57.450,0.97385,0.97409,1.37,1.00
2016.12.16 16:42:57.759,0.97386,0.9741,1.50,1.50
2016.12.16 16:42:58.079,0.97388,0.9741,1.00,1.75
2016.12.16 16:42:58.843,0.97389,0.9741,1.00,1.75
2016.12.16 16:42:58.994,0.9739,0.97412,1.00,1.75
2016.12.16 16:42:59.095,0.97389,0.97416,2.25,4.87
2016.12.16 16:42:59.939,0.97386,0.97414,2.25,2.25
2016.12.16 16:43:00.467,0.97389,0.97414,1.12,2.25
2016.12.16 16:43:00.963,0.97389,0.97413,1.00,3.37
2016.12.16 16:43:01.344,0.97392,0.97412,1.00,1.00
2016.12.16 16:43:01.862,0.97391,0.97412,1.00,1.00
2016.12.16 16:43:02.146,0.97394,0.97417,1.00,4.87
2016.12.16 16:43:02.196,0.97394,0.97414,1.00,1.00
2016.12.16 16:43:02.247,0.97394,0.97415,1.00,1.75
2016.12.16 16:43:03.623,0.97389,0.97414,2.25,1.75
2016.12.16 16:43:03.873,0.97388,0.97415,1.87,1.37
2016.12.16 16:43:03.924,0.97388,0.97415,3.00,1.00
2016.12.16 16:43:03.974,0.97389,0.97415,1.12,1.37
2016.12.16 16:43:04.364,0.97389,0.97414,1.75,1.50
2016.12.16 16:43:04.415,0.97389,0.97413,1.50,1.75
2016.12.16 16:43:04.567,0.97389,0.9741,1.12,1.37
2016.12.16 16:43:05.072,0.97389,0.97412,1.00,1.75
2016.12.16 16:43:05.224,0.97389,0.97412,1.37,1.37
2016.12.16 16:43:05.275,0.97389,0.97412,1.12,1.37
2016.12.16 16:43:05.577,0.97389,0.97415,1.87,2.62
2016.12.16 16:43:05.743,0.97393,0.97415,1.00,1.00
2016.12.16 16:43:06.312,0.97394,0.97415,1.00,1.00
2016.12.16 16:43:06.578,0.97394,0.97417,1.37,2.25
2016.12.16 16:43:06.629,0.97394,0.97417,1.50,1.87
2016.12.16 16:43:06.780,0.97391,0.97416,2.25,1.37
2016.12.16 16:43:06.931,0.97389,0.97415,2.25,1.50
2016.12.16 16:43:07.230,0.97389,0.97416,2.25,1.75
2016.12.16 16:43:07.489,0.97388,0.97413,1.50,1.37
2016.12.16 16:43:07.540,0.97387,0.97413,3.00,1.75
2016.12.16 16:43:07.590,0.9739,0.97415,1.37,1.75
2016.12.16 16:43:08.100,0.97392,0.97414,1.00,1.50
2016.12.16 16:43:08.495,0.97386,0.97412,2.25,1.75
2016.12.16 16:43:12.133,0.97385,0.97408,1.75,1.00
2016.12.16 16:43:12.234,0.97385,0.97406,1.00,1.00
2016.12.16 16:43:12.336,0.97383,0.97405,1.00,1.00
2016.12.16 16:43:13.259,0.97383,0.97408,1.50,1.75
2016.12.16 16:43:13.593,0.9739,0.97412,1.00,1.00
2016.12.16 16:43:14.195,0.97389,0.97412,1.37,1.50
2016.12.16 16:43:14.451,0.97388,0.9741,1.00,1.00
2016.12.16 16:43:14.803,0.97387,0.97411,1.50,1.75
2016.12.16 16:43:14.954,0.97386,0.97411,1.75,1.75
2016.12.16 16:43:15.265,0.97386,0.97409,1.00,1.00
2016.12.16 16:43:15.469,0.97386,0.97411,1.00,3.00
2016.12.16 16:43:15.801,0.97382,0.97408,2.62,2.62
2016.12.16 16:43:15.952,0.97386,0.97407,1.00,1.00
2016.12.16 16:43:16.003,0.97386,0.97412,1.37,1.75
2016.12.16 16:43:16.054,0.97388,0.9741,1.00,1.00
2016.12.16 16:43:16.205,0.97386,0.97412,2.25,2.25
2016.12.16 16:43:16.846,0.97387,0.97408,1.00,1.00
2016.12.16 16:43:17.377,0.97386,0.97408,1.00,1.00
2016.12.16 16:43:17.681,0.97379,0.97405,1.75,2.25
2016.12.16 16:43:18.046,0.9738,0.97406,1.75,1.75
2016.12.16 16:43:19.987,0.97379,0.97402,1.75,1.00
2016.12.16 16:43:20.139,0.97379,0.97402,1.50,1.12
2016.12.16 16:43:21.409,0.97379,0.97401,1.50,1.00
2016.12.16 16:43:22.664,0.97384,0.97403,1.00,1.50
2016.12.16 16:43:22.781,0.97379,0.97403,1.50,1.50
2016.12.16 16:43:23.886,0.97378,0.97403,1.50,1.75
2016.12.16 16:43:23.937,0.9738,0.97402,1.00,1.00
2016.12.16 16:43:25.138,0.97383,0.97402,1.00,1.00
2016.12.16 16:43:25.239,0.97379,0.97404,1.75,1.00
2016.12.16 16:43:25.491,0.97381,0.97406,2.25,1.00
2016.12.16 16:43:26.848,0.97381,0.97405,2.25,1.00
2016.12.16 16:43:27.267,0.97381,0.97406,1.50,1.50
2016.12.16 16:43:28.229,0.97382,0.97406,1.87,1.00
2016.12.16 16:43:28.380,0.97382,0.97408,4.87,1.12
2016.12.16 16:43:28.632,0.97383,0.97408,2.25,1.87
2016.12.16 16:43:28.857,0.97385,0.97408,1.00,1.00
2016.12.16 16:43:28.907,0.97384,0.97411,5.25,4.12
2016.12.16 16:43:29.059,0.97388,0.9741,1.50,1.50
2016.12.16 16:43:29.109,0.97388,0.9741,1.12,1.50
2016.12.16 16:43:29.513,0.97383,0.97404,1.75,1.00
2016.12.16 16:43:29.815,0.97383,0.97403,1.00,2.25
2016.12.16 16:43:29.866,0.97378,0.97403,1.12,2.25
2016.12.16 16:43:30.120,0.97379,0.97402,1.50,1.75
2016.12.16 16:43:31.775,0.97383,0.97404,1.00,2.25
2016.12.16 16:43:31.825,0.9738,0.97404,1.12,1.75
2016.12.16 16:43:32.077,0.97384,0.97403,1.00,2.25
2016.12.16 16:43:32.178,0.9738,0.97403,1.12,1.75
2016.12.16 16:43:33.165,0.97384,0.97404,1.00,2.25
2016.12.16 16:43:33.724,0.97383,0.97404,1.00,2.25
2016.12.16 16:43:33.775,0.97379,0.97404,1.50,1.75
2016.12.16 16:43:33.926,0.97379,0.97405,2.25,1.50
2016.12.16 16:43:34.430,0.97377,0.97404,4.12,1.50
2016.12.16 16:43:35.704,0.97381,0.97405,1.00,2.62
2016.12.16 16:43:35.805,0.97382,0.97404,1.00,1.00
2016.12.16 16:43:35.906,0.97379,0.97406,5.62,1.12
2016.12.16 16:43:36.266,0.97382,0.97409,2.25,2.25
2016.12.16 16:43:36.803,0.97382,0.97404,1.00,1.00
2016.12.16 16:43:38.041,0.97383,0.97404,1.00,1.00
2016.12.16 16:43:38.229,0.97384,0.97406,1.00,1.00
2016.12.16 16:43:38.280,0.97388,0.97406,1.00,1.00
2016.12.16 16:43:38.431,0.97388,0.97411,1.12,2.25
2016.12.16 16:43:38.532,0.97388,0.97409,1.00,1.37
2016.12.16 16:43:39.329,0.97384,0.97409,1.75,1.37
2016.12.16 16:43:39.674,0.97384,0.97409,1.50,1.75
2016.12.16 16:43:39.977,0.97389,0.97409,1.00,1.75
2016.12.16 16:43:40.078,0.97383,0.97406,1.75,1.12
2016.12.16 16:43:40.129,0.97388,0.9741,1.00,3.75
2016.12.16 16:43:40.451,0.97389,0.97413,1.00,2.62
2016.12.16 16:43:40.552,0.9739,0.97415,1.87,1.75
2016.12.16 16:43:40.603,0.97394,0.97416,1.00,2.62
2016.12.16 16:43:40.653,0.97394,0.97417,1.00,3.00
2016.12.16 16:43:41.649,0.97389,0.97415,3.00,1.50
2016.12.16 16:43:41.749,0.97394,0.97414,1.00,1.12
2016.12.16 16:43:42.052,0.97394,0.97415,1.00,4.12
2016.12.16 16:43:42.153,0.97389,0.97415,1.75,1.75
2016.12.16 16:43:42.254,0.97392,0.97417,1.12,2.62
2016.12.16 16:43:42.373,0.97393,0.97415,1.00,1.00
2016.12.16 16:43:42.525,0.97399,0.97415,1.00,1.00
2016.12.16 16:43:42.727,0.97393,0.97415,2.25,1.00
2016.12.16 16:43:42.878,0.97393,0.97413,1.00,1.00
2016.12.16 16:43:43.130,0.97389,0.97412,1.12,3.00
2016.12.16 16:43:43.642,0.97389,0.97409,1.00,1.12
2016.12.16 16:43:43.749,0.97385,0.97409,1.50,1.12
2016.12.16 16:43:43.951,0.97384,0.97408,1.87,1.50
2016.12.16 16:43:44.315,0.97389,0.97409,1.00,1.75
2016.12.16 16:43:44.416,0.97386,0.9741,1.00,2.62
2016.12.16 16:43:44.735,0.97388,0.97412,1.12,2.25
2016.12.16 16:43:45.389,0.97389,0.97412,1.00,1.75
2016.12.16 16:43:45.541,0.97389,0.97413,1.37,1.75
2016.12.16 16:43:46.430,0.97389,0.97412,1.00,1.75
2016.12.16 16:43:46.953,0.97386,0.97412,1.50,2.25
2016.12.16 16:43:47.155,0.97386,0.97407,1.00,1.00
2016.12.16 16:43:47.256,0.97384,0.97411,1.75,1.50
2016.12.16 16:43:47.898,0.97387,0.97411,2.25,1.37
2016.12.16 16:43:48.426,0.97388,0.9741,1.00,1.50
2016.12.16 16:43:49.147,0.97386,0.97408,1.00,1.00
2016.12.16 16:43:49.449,0.97385,0.97411,2.25,1.75
2016.12.16 16:43:50.338,0.97383,0.97409,2.25,2.25
2016.12.16 16:43:50.869,0.97386,0.97409,1.00,1.50
2016.12.16 16:43:51.516,0.97388,0.97408,1.00,1.50
2016.12.16 16:43:51.567,0.97386,0.97407,1.00,1.00
2016.12.16 16:43:51.668,0.97379,0.97405,4.87,1.37
2016.12.16 16:43:52.186,0.97381,0.97405,1.75,1.12
2016.12.16 16:43:52.992,0.97382,0.97403,1.50,1.00
2016.12.16 16:43:53.043,0.97382,0.97405,1.50,1.12
2016.12.16 16:43:53.194,0.97384,0.97404,1.00,1.50
2016.12.16 16:43:53.726,0.97382,0.97406,1.00,1.75
2016.12.16 16:43:53.777,0.97384,0.97406,1.00,1.75
2016.12.16 16:43:53.979,0.97384,0.97411,2.25,1.75
2016.12.16 16:43:54.180,0.97385,0.9741,1.75,1.50
2016.12.16 16:43:54.912,0.97384,0.97408,1.75,1.00
2016.12.16 16:43:55.411,0.97384,0.97406,2.25,1.00
2016.12.16 16:43:55.883,0.97386,0.97407,1.00,1.00
2016.12.16 16:43:56.419,0.97386,0.97408,1.00,1.00
2016.12.16 16:43:56.997,0.97384,0.97408,1.75,1.00
2016.12.16 16:43:57.366,0.97384,0.97406,2.25,1.00
2016.12.16 16:43:57.903,0.97384,0.97408,1.75,1.50
2016.12.16 16:43:58.525,0.97383,0.97406,1.75,1.00
2016.12.16 16:43:58.676,0.97384,0.97406,1.00,1.50
2016.12.16 16:43:59.203,0.97383,0.97406,1.50,1.00
2016.12.16 16:43:59.786,0.97384,0.97407,1.12,2.62
2016.12.16 16:44:00.287,0.97384,0.97406,1.12,1.00
2016.12.16 16:44:00.337,0.97389,0.97406,1.00,1.00
2016.12.16 16:44:00.438,0.97386,0.97406,1.00,1.37
2016.12.16 16:44:00.691,0.97388,0.97407,1.00,2.25
2016.12.16 16:44:01.133,0.97381,0.97406,4.12,1.87
2016.12.16 16:44:01.184,0.97386,0.97406,1.00,3.00
2016.12.16 16:44:01.234,0.97381,0.97405,2.62,1.37
2016.12.16 16:44:01.285,0.97379,0.97405,2.25,2.25
2016.12.16 16:44:01.638,0.97378,0.97404,1.75,1.75
2016.12.16 16:44:02.070,0.97379,0.97405,1.50,4.12
2016.12.16 16:44:02.386,0.97381,0.97404,1.00,1.00
2016.12.16 16:44:02.588,0.97381,0.97401,1.00,1.00
2016.12.16 16:44:02.789,0.97383,0.97405,1.00,1.00
2016.12.16 16:44:02.890,0.97389,0.97405,1.00,1.00
2016.12.16 16:44:02.941,0.97383,0.97407,2.25,1.75
2016.12.16 16:44:03.093,0.97383,0.97409,2.25,2.25
2016.12.16 16:44:03.417,0.97393,0.97407,1.00,1.12
2016.12.16 16:44:03.800,0.97384,0.97407,1.75,1.12
2016.12.16 16:44:03.850,0.97389,0.97407,1.50,1.12
2016.12.16 16:44:04.102,0.97389,0.97412,1.12,1.75
2016.12.16 16:44:04.203,0.9739,0.97412,1.00,1.50
2016.12.16 16:44:04.647,0.9739,0.9741,1.00,1.50
2016.12.16 16:44:04.992,0.97378,0.97398,1.00,1.12
2016.12.16 16:44:05.302,0.97379,0.97397,1.00,1.50
2016.12.16 16:44:05.585,0.97378,0.97398,1.00,1.00
2016.12.16 16:44:05.686,0.97379,0.97399,1.00,1.75
2016.12.16 16:44:05.888,0.97373,0.97399,1.50,1.75
2016.12.16 16:44:06.089,0.97378,0.97397,1.00,1.50
2016.12.16 16:44:06.635,0.97378,0.97394,1.00,1.00
2016.12.16 16:44:07.261,0.97379,0.97394,1.00,1.00
2016.12.16 16:44:07.413,0.97379,0.97398,1.00,1.75
2016.12.16 16:44:07.514,0.97379,0.97398,1.00,1.12
2016.12.16 16:44:07.916,0.97379,0.97397,1.00,1.50
2016.12.16 16:44:08.834,0.97378,0.97396,1.00,1.12
2016.12.16 16:44:09.335,0.97379,0.97396,1.00,1.12
2016.12.16 16:44:10.165,0.97378,0.97396,1.00,1.12
2016.12.16 16:44:10.428,0.97374,0.97398,1.87,2.25
2016.12.16 16:44:10.990,0.97374,0.97394,1.12,1.00
2016.12.16 16:44:11.091,0.97374,0.97397,1.12,1.50
2016.12.16 16:44:12.386,0.97373,0.97395,3.00,1.00
2016.12.16 16:44:12.436,0.97373,0.97395,2.25,1.00
2016.12.16 16:44:12.638,0.97373,0.97394,1.50,1.00
2016.12.16 16:44:12.946,0.97373,0.97392,1.50,1.00
2016.12.16 16:44:13.452,0.97373,0.97394,1.00,1.12
2016.12.16 16:44:13.756,0.97371,0.97394,1.37,1.50
2016.12.16 16:44:13.829,0.9737,0.97392,1.50,1.00
2016.12.16 16:44:14.236,0.97372,0.97392,1.00,1.00
2016.12.16 16:44:14.337,0.97373,0.97395,1.00,1.00
2016.12.16 16:44:14.645,0.97373,0.97393,1.00,1.00
2016.12.16 16:44:14.695,0.97373,0.97395,1.00,1.00
2016.12.16 16:44:17.466,0.97374,0.97398,1.87,1.75
2016.12.16 16:44:17.845,0.97378,0.97398,1.00,1.00
2016.12.16 16:44:18.209,0.97378,0.97401,1.00,1.50
2016.12.16 16:44:18.259,0.97378,0.974,1.50,1.00
2016.12.16 16:44:18.568,0.97375,0.97398,4.87,1.00
2016.12.16 16:44:18.619,0.97375,0.97398,2.25,1.12
2016.12.16 16:44:19.418,0.97379,0.97398,1.00,1.12
2016.12.16 16:44:19.619,0.97379,0.97401,1.00,1.50
2016.12.16 16:44:19.864,0.97379,0.974,1.37,1.37
2016.12.16 16:44:19.968,0.9738,0.97403,1.75,1.12
2016.12.16 16:44:20.522,0.97377,0.97402,1.75,1.12
2016.12.16 16:44:20.724,0.97376,0.974,1.75,1.37
2016.12.16 16:44:21.325,0.97376,0.974,3.37,1.00
2016.12.16 16:44:21.834,0.97376,0.97403,4.12,1.75
2016.12.16 16:44:21.935,0.9738,0.97403,1.00,1.50
2016.12.16 16:44:21.986,0.97379,0.97404,1.50,1.75
2016.12.16 16:44:22.497,0.97378,0.97401,1.75,1.12
2016.12.16 16:44:23.042,0.97376,0.974,4.87,1.00
2016.12.16 16:44:23.563,0.97379,0.97405,2.25,1.75
2016.12.16 16:44:23.866,0.97373,0.97399,3.37,1.12
2016.12.16 16:44:24.177,0.97376,0.974,1.75,1.87
2016.12.16 16:44:24.681,0.9738,0.974,1.00,1.50
2016.12.16 16:44:24.882,0.9738,0.97402,1.00,3.00
2016.12.16 16:44:24.983,0.97383,0.97402,1.00,2.25
2016.12.16 16:44:25.273,0.97379,0.974,1.50,1.12
2016.12.16 16:44:26.515,0.97379,0.97401,1.75,1.87
2016.12.16 16:44:26.566,0.97378,0.97402,1.75,1.87
2016.12.16 16:44:27.123,0.97384,0.97404,1.00,1.87
2016.12.16 16:44:27.173,0.97384,0.97404,1.37,1.12
2016.12.16 16:44:27.375,0.97389,0.97405,1.00,1.50
2016.12.16 16:44:27.626,0.97385,0.97403,1.00,1.00
2016.12.16 16:44:28.063,0.97383,0.97404,1.00,1.00
2016.12.16 16:44:28.316,0.97381,0.97404,2.25,1.00
2016.12.16 16:44:28.702,0.97381,0.97406,3.37,1.87
2016.12.16 16:44:30.248,0.97384,0.97405,1.75,1.00
2016.12.16 16:44:30.668,0.97389,0.97409,1.00,1.75
2016.12.16 16:44:30.869,0.97391,0.97414,1.00,1.50
2016.12.16 16:44:30.920,0.97388,0.97414,4.12,1.12
2016.12.16 16:44:31.222,0.97389,0.97412,2.62,1.00
2016.12.16 16:44:31.474,0.97386,0.97411,1.75,1.87
2016.12.16 16:44:32.007,0.97389,0.97411,1.12,1.00
2016.12.16 16:44:32.217,0.97385,0.97409,3.37,1.00
2016.12.16 16:44:32.410,0.97383,0.97409,4.50,1.12
2016.12.16 16:44:32.511,0.97383,0.97409,1.75,1.50
2016.12.16 16:44:32.562,0.97384,0.97406,1.50,1.00
2016.12.16 16:44:35.431,0.97383,0.97408,1.75,2.25
2016.12.16 16:44:35.583,0.97383,0.97408,1.50,1.75
2016.12.16 16:44:39.604,0.97383,0.9741,1.75,2.25
2016.12.16 16:44:39.868,0.97389,0.97409,1.00,1.12
2016.12.16 16:44:39.919,0.97384,0.9741,2.25,2.25
2016.12.16 16:44:40.020,0.97388,0.9741,1.00,1.00
2016.12.16 16:44:40.372,0.97388,0.97408,1.00,1.00
2016.12.16 16:44:40.423,0.97384,0.97407,1.50,1.00
2016.12.16 16:44:41.303,0.97383,0.97406,2.25,1.00
2016.12.16 16:44:41.504,0.97383,0.97408,3.00,1.12
2016.12.16 16:44:41.605,0.97384,0.97406,1.75,1.00
2016.12.16 16:44:42.136,0.97383,0.97407,2.25,1.00
2016.12.16 16:44:42.237,0.97385,0.97408,1.50,1.00
2016.12.16 16:44:42.391,0.97389,0.97408,1.00,1.00
2016.12.16 16:44:42.442,0.9739,0.97415,1.75,1.75
2016.12.16 16:44:42.493,0.97391,0.97415,1.75,1.12
2016.12.16 16:44:42.846,0.97399,0.97417,1.00,1.50
2016.12.16 16:44:42.947,0.97394,0.97415,1.87,1.12
2016.12.16 16:44:42.998,0.97395,0.97416,2.62,1.00
2016.12.16 16:44:43.199,0.97391,0.97415,1.75,1.50
2016.12.16 16:44:44.416,0.9739,0.9741,1.75,1.00
2016.12.16 16:44:44.517,0.97389,0.97412,2.25,1.12
2016.12.16 16:44:44.618,0.97386,0.97413,1.75,1.75
2016.12.16 16:44:45.150,0.97389,0.97412,1.00,1.75
2016.12.16 16:44:45.200,0.9739,0.97412,1.75,1.00
2016.12.16 16:44:45.251,0.9739,0.97414,1.75,1.87
2016.12.16 16:44:45.301,0.97389,0.97414,1.75,2.25
2016.12.16 16:44:49.241,0.97388,0.97416,4.72,1.75
2016.12.16 16:44:49.342,0.97389,0.97416,2.62,1.75
2016.12.16 16:44:49.706,0.97394,0.97415,1.50,1.37
2016.12.16 16:44:49.928,0.97393,0.97417,2.25,1.00
2016.12.16 16:44:50.029,0.97399,0.97422,1.00,1.75
2016.12.16 16:44:50.231,0.97399,0.97424,6.00,1.12
2016.12.16 16:44:50.432,0.97402,0.97425,1.00,1.50
2016.12.16 16:44:50.483,0.97402,0.97423,1.00,1.00
2016.12.16 16:44:51.224,0.97403,0.97424,1.00,1.00
2016.12.16 16:44:51.763,0.97404,0.97425,1.00,1.50
2016.12.16 16:44:51.863,0.97402,0.97425,1.00,1.50
2016.12.16 16:44:52.242,0.97404,0.97425,1.00,1.00
2016.12.16 16:44:52.550,0.97399,0.97423,1.75,1.12
2016.12.16 16:44:53.246,0.97403,0.97424,1.00,1.50
2016.12.16 16:44:53.549,0.97402,0.97426,1.35,1.37
2016.12.16 16:44:53.649,0.97405,0.97427,1.00,2.25
2016.12.16 16:44:53.789,0.97409,0.97427,1.00,1.50
2016.12.16 16:44:54.267,0.97405,0.97426,1.00,1.00
2016.12.16 16:44:54.792,0.97404,0.97427,1.75,1.00
2016.12.16 16:44:55.506,0.97404,0.97426,1.75,1.00
2016.12.16 16:44:56.649,0.97404,0.97428,2.25,1.00
2016.12.16 16:44:57.076,0.97405,0.97429,1.35,1.12
2016.12.16 16:44:57.428,0.97404,0.97427,1.75,1.00
2016.12.16 16:44:57.743,0.97409,0.97427,1.00,1.00
2016.12.16 16:44:57.844,0.97408,0.97429,1.00,1.00
2016.12.16 16:44:58.146,0.9741,0.97429,1.00,1.00
2016.12.16 16:44:58.735,0.97409,0.97429,1.00,1.50
2016.12.16 16:45:00.152,0.97409,0.9743,2.25,1.00
2016.12.16 16:45:00.203,0.97409,0.97432,4.50,1.12
2016.12.16 16:45:00.254,0.97414,0.97435,1.00,1.00
2016.12.16 16:45:00.558,0.97418,0.97438,1.00,1.50
2016.12.16 16:45:00.982,0.97419,0.97436,1.00,1.00
2016.12.16 16:45:01.392,0.97419,0.97439,1.00,2.25
2016.12.16 16:45:01.969,0.97416,0.9744,1.75,1.12
2016.12.16 16:45:02.322,0.97419,0.97438,1.12,1.00
2016.12.16 16:45:02.853,0.97419,0.97439,1.12,1.00
2016.12.16 16:45:03.461,0.97418,0.9744,1.12,1.75
2016.12.16 16:45:05.276,0.97418,0.9744,1.37,1.37
2016.12.16 16:45:05.377,0.9742,0.97441,1.00,1.00
2016.12.16 16:45:05.570,0.97419,0.97441,1.37,1.37
2016.12.16 16:45:05.985,0.97419,0.97437,1.00,1.00
2016.12.16 16:45:06.496,0.97418,0.97437,1.00,1.00
2016.12.16 16:45:07.022,0.97419,0.97436,1.00,1.00
2016.12.16 16:45:07.798,0.97419,0.97438,1.00,1.87
2016.12.16 16:45:08.302,0.97424,0.97439,1.00,1.50
2016.12.16 16:45:08.454,0.97418,0.97438,1.00,1.12
2016.12.16 16:45:09.070,0.97414,0.97436,2.85,1.00
2016.12.16 16:45:09.121,0.97418,0.97439,1.12,2.62
2016.12.16 16:45:09.171,0.97414,0.97435,2.85,1.00
2016.12.16 16:45:09.474,0.97413,0.97428,1.00,1.00
2016.12.16 16:45:09.676,0.97409,0.9743,1.00,2.25
2016.12.16 16:45:09.978,0.97405,0.97426,1.00,1.00
2016.12.16 16:45:10.079,0.97404,0.97428,1.75,1.87
2016.12.16 16:45:10.386,0.97403,0.97425,1.00,1.75
2016.12.16 16:45:10.754,0.97402,0.97424,1.00,2.25
2016.12.16 16:45:10.804,0.97399,0.97424,1.87,2.25
2016.12.16 16:45:11.334,0.97399,0.9742,1.00,1.00
2016.12.16 16:45:11.593,0.97398,0.97423,2.25,1.75
2016.12.16 16:45:11.966,0.97399,0.97421,1.00,1.50
2016.12.16 16:45:12.558,0.97399,0.97419,1.00,1.00
2016.12.16 16:45:12.628,0.97398,0.97417,1.00,1.00
2016.12.16 16:45:13.015,0.97397,0.9742,1.00,3.00
2016.12.16 16:45:13.065,0.97394,0.97418,1.37,1.75
2016.12.16 16:45:13.484,0.97395,0.97419,2.25,1.12
2016.12.16 16:45:14.001,0.97398,0.97422,1.00,2.25
2016.12.16 16:45:14.482,0.97398,0.97417,1.00,1.00
2016.12.16 16:45:14.684,0.97395,0.97415,1.00,1.12
2016.12.16 16:45:14.785,0.97395,0.97415,1.00,2.25
2016.12.16 16:45:14.987,0.97397,0.97415,1.00,1.50
2016.12.16 16:45:15.037,0.97399,0.97415,1.00,1.50
2016.12.16 16:45:15.221,0.97395,0.97413,1.87,1.00
2016.12.16 16:45:15.272,0.97395,0.97412,1.00,1.87
2016.12.16 16:45:15.556,0.97394,0.97412,1.00,1.50
2016.12.16 16:45:15.808,0.97394,0.9741,1.00,1.37
2016.12.16 16:45:16.876,0.97389,0.97411,1.00,1.75
2016.12.16 16:45:17.078,0.97389,0.9741,1.00,3.37
2016.12.16 16:45:17.129,0.97386,0.9741,1.37,3.37
2016.12.16 16:45:17.179,0.97389,0.97409,1.00,1.75
2016.12.16 16:45:17.280,0.97385,0.97409,1.87,1.75
2016.12.16 16:45:17.331,0.9739,0.97409,1.00,1.75
2016.12.16 16:45:17.698,0.97388,0.97414,1.87,1.75
2016.12.16 16:45:17.749,0.97389,0.97416,3.37,4.12
2016.12.16 16:45:18.339,0.97391,0.97414,1.12,1.50
2016.12.16 16:45:18.641,0.97394,0.97415,1.00,2.25
2016.12.16 16:45:18.864,0.97394,0.97415,1.12,1.37
2016.12.16 16:45:19.394,0.9739,0.97415,2.25,1.75
2016.12.16 16:45:19.898,0.9739,0.97412,1.12,2.25
2016.12.16 16:45:20.200,0.97389,0.97413,2.25,2.62
2016.12.16 16:45:20.301,0.97389,0.97415,2.25,1.75
2016.12.16 16:45:20.502,0.97394,0.97414,1.00,1.75
2016.12.16 16:45:20.704,0.97393,0.97414,1.00,1.50
2016.12.16 16:45:21.257,0.97393,0.97415,1.12,1.50
2016.12.16 16:45:21.801,0.97393,0.97415,1.00,2.25
2016.12.16 16:45:22.314,0.97393,0.97413,1.00,1.50
2016.12.16 16:45:22.414,0.97393,0.97414,1.00,1.75
2016.12.16 16:45:22.465,0.97391,0.97414,1.00,1.75
2016.12.16 16:45:22.516,0.97391,0.97415,1.50,1.50
2016.12.16 16:45:23.268,0.97399,0.97418,1.00,2.25
2016.12.16 16:45:23.318,0.97394,0.97414,2.25,1.00
2016.12.16 16:45:23.621,0.97395,0.97418,1.60,4.12
2016.12.16 16:45:23.777,0.97396,0.97418,1.00,3.37
2016.12.16 16:45:24.030,0.97393,0.97412,1.00,1.12
2016.12.16 16:45:24.131,0.97388,0.97412,1.75,1.12
2016.12.16 16:45:24.181,0.97387,0.97413,2.25,1.75
2016.12.16 16:45:24.627,0.97389,0.9741,1.00,1.75
2016.12.16 16:45:25.169,0.97389,0.97409,1.00,1.00
2016.12.16 16:45:25.371,0.97387,0.97409,1.00,1.00
2016.12.16 16:45:25.561,0.97385,0.9741,2.25,2.25
2016.12.16 16:45:25.961,0.97389,0.9741,1.00,2.25
2016.12.16 16:45:26.812,0.97389,0.97409,1.00,3.00
2016.12.16 16:45:27.542,0.97384,0.97407,1.00,1.75
2016.12.16 16:45:27.744,0.97386,0.97408,1.12,1.50
2016.12.16 16:45:28.271,0.97385,0.9741,2.25,1.75
2016.12.16 16:45:28.604,0.97389,0.9741,1.00,1.75
2016.12.16 16:45:29.641,0.97389,0.97407,1.00,1.00
2016.12.16 16:45:30.144,0.97389,0.97409,1.00,1.50
2016.12.16 16:45:30.195,0.97384,0.97408,3.00,1.12
2016.12.16 16:45:30.524,0.97384,0.97407,1.50,1.50
2016.12.16 16:45:31.204,0.97383,0.97411,3.75,1.75
2016.12.16 16:45:31.255,0.97386,0.97409,1.00,1.00
2016.12.16 16:45:31.799,0.97386,0.97408,1.00,1.00
2016.12.16 16:45:32.764,0.97389,0.97408,1.00,1.00
2016.12.16 16:45:33.263,0.97387,0.97411,1.75,1.12
2016.12.16 16:45:33.438,0.97387,0.97412,1.75,1.75
2016.12.16 16:45:33.639,0.97385,0.97408,1.12,1.50
2016.12.16 16:45:33.840,0.97384,0.97408,2.25,1.50
2016.12.16 16:45:35.067,0.97385,0.97409,1.50,1.50
2016.12.16 16:45:35.269,0.97381,0.97405,2.25,1.37
2016.12.16 16:45:35.370,0.97381,0.97404,1.00,1.37
2016.12.16 16:45:35.421,0.97384,0.97403,1.00,1.00
2016.12.16 16:45:38.145,0.97381,0.97403,1.00,1.00
2016.12.16 16:45:38.276,0.97379,0.97405,2.25,3.37
2016.12.16 16:45:38.579,0.97382,0.97405,1.00,4.12
2016.12.16 16:45:38.881,0.97389,0.97405,1.00,1.50
2016.12.16 16:45:38.932,0.97383,0.97405,1.50,1.50
2016.12.16 16:45:39.290,0.97383,0.97405,1.12,2.25
2016.12.16 16:45:39.834,0.97388,0.97406,1.00,1.75
2016.12.16 16:45:39.885,0.97388,0.97407,1.00,2.25
2016.12.16 16:45:39.986,0.97384,0.97403,1.00,1.00
2016.12.16 16:45:40.036,0.97384,0.97399,1.00,1.00
2016.12.16 16:45:40.087,0.97384,0.97404,1.50,1.00
2016.12.16 16:45:40.189,0.97383,0.97404,1.37,1.37
2016.12.16 16:45:40.341,0.97382,0.97402,1.00,1.87
2016.12.16 16:45:40.392,0.97382,0.97402,1.00,1.87
2016.12.16 16:45:40.715,0.9738,0.97402,1.00,1.00
2016.12.16 16:45:40.767,0.97378,0.97402,5.62,1.12
2016.12.16 16:45:40.968,0.97378,0.97403,3.00,1.50
2016.12.16 16:45:41.069,0.97384,0.97405,1.00,1.75
2016.12.16 16:45:41.372,0.97386,0.97412,1.50,1.75
2016.12.16 16:45:41.473,0.97387,0.97411,1.00,1.50
2016.12.16 16:45:41.523,0.97389,0.97411,1.00,1.50
2016.12.16 16:45:42.063,0.97393,0.97412,1.00,3.00
2016.12.16 16:45:42.164,0.97389,0.97412,1.12,1.75
2016.12.16 16:45:43.692,0.97394,0.97412,1.00,2.25
2016.12.16 16:45:43.793,0.97388,0.97413,1.00,2.25
2016.12.16 16:45:44.146,0.97386,0.9741,1.12,1.50
2016.12.16 16:45:44.298,0.97384,0.9741,1.50,2.25
2016.12.16 16:45:44.600,0.97386,0.97409,1.37,1.50
2016.12.16 16:45:46.545,0.97389,0.97409,1.00,1.50
2016.12.16 16:45:46.746,0.97385,0.97409,1.00,2.25
2016.12.16 16:45:47.287,0.97381,0.97405,2.25,1.37
2016.12.16 16:45:47.338,0.97389,0.97402,1.00,1.00
2016.12.16 16:45:47.869,0.97389,0.97403,1.00,1.00
2016.12.16 16:45:48.020,0.97382,0.97404,1.00,1.50
2016.12.16 16:45:48.374,0.97383,0.97401,1.12,1.00
2016.12.16 16:45:48.425,0.97378,0.97403,2.25,1.00
2016.12.16 16:45:48.475,0.97378,0.97403,2.25,1.37
2016.12.16 16:45:49.036,0.97379,0.97401,2.25,1.00
2016.12.16 16:45:49.462,0.97384,0.97401,1.00,1.00
2016.12.16 16:45:49.614,0.97379,0.97401,1.50,1.00
2016.12.16 16:45:49.720,0.97383,0.97401,1.00,1.00
2016.12.16 16:45:50.064,0.97381,0.97403,1.00,1.00
2016.12.16 16:45:50.115,0.9738,0.97403,1.50,1.37
2016.12.16 16:45:50.467,0.97381,0.97403,1.50,1.12
2016.12.16 16:45:50.691,0.9738,0.97401,1.75,1.00
2016.12.16 16:45:50.994,0.97387,0.97404,1.00,1.00
2016.12.16 16:45:51.533,0.97386,0.97403,1.00,1.00
2016.12.16 16:45:52.075,0.97386,0.97404,1.00,1.00
2016.12.16 16:45:52.535,0.97386,0.97408,1.00,1.00
2016.12.16 16:45:53.723,0.97381,0.97407,2.62,1.37
2016.12.16 16:45:53.774,0.9738,0.97407,2.25,1.75
2016.12.16 16:45:54.595,0.97383,0.97408,1.37,2.25
2016.12.16 16:45:54.696,0.97382,0.97409,2.25,1.75
2016.12.16 16:45:55.614,0.97383,0.97408,2.25,1.00
2016.12.16 16:45:55.917,0.97384,0.97409,1.50,2.25
2016.12.16 16:45:56.857,0.97388,0.97407,1.00,1.87
2016.12.16 16:45:56.929,0.97381,0.97407,4.12,1.87
2016.12.16 16:45:56.979,0.97381,0.97407,3.37,2.25
2016.12.16 16:45:57.030,0.97381,0.97407,2.25,2.25
2016.12.16 16:45:57.232,0.97384,0.9741,1.12,5.25
2016.12.16 16:45:57.734,0.97384,0.9741,1.37,2.25
2016.12.16 16:45:58.235,0.97384,0.97411,2.25,1.75
2016.12.16 16:45:58.437,0.97388,0.9741,1.00,1.00
2016.12.16 16:45:59.220,0.97388,0.97411,1.00,1.75
2016.12.16 16:45:59.533,0.97388,0.97411,1.37,1.50
2016.12.16 16:46:00.413,0.97388,0.97414,2.25,2.25
2016.12.16 16:46:01.325,0.97395,0.97414,1.00,1.75
2016.12.16 16:46:01.563,0.97396,0.97417,1.75,1.00
2016.12.16 16:46:01.614,0.97396,0.97417,1.50,1.00
2016.12.16 16:46:02.137,0.97396,0.97418,1.00,1.00
2016.12.16 16:46:02.188,0.97394,0.97419,1.50,3.75
2016.12.16 16:46:02.238,0.97394,0.97416,1.50,1.00
2016.12.16 16:46:02.440,0.97395,0.97419,1.50,2.25
2016.12.16 16:46:02.826,0.97394,0.9742,2.25,2.25
2016.12.16 16:46:03.028,0.97396,0.97418,1.00,1.00
2016.12.16 16:46:03.896,0.97396,0.97421,1.50,2.25
2016.12.16 16:46:03.947,0.97401,0.97421,1.00,1.50
2016.12.16 16:46:04.189,0.97406,0.97429,1.00,2.62
2016.12.16 16:46:04.305,0.97405,0.97427,1.50,1.12
2016.12.16 16:46:08.609,0.97403,0.97424,1.50,1.00
2016.12.16 16:46:08.711,0.974,0.97422,1.75,1.00
2016.12.16 16:46:08.862,0.97398,0.97422,1.75,1.75
2016.12.16 16:46:09.077,0.97395,0.97422,2.25,3.75
2016.12.16 16:46:09.229,0.97397,0.97423,1.75,1.75
2016.12.16 16:46:10.603,0.97398,0.97423,1.75,1.37
2016.12.16 16:46:10.729,0.97399,0.97419,1.00,1.00
2016.12.16 16:46:10.882,0.97396,0.97421,2.62,6.00
2016.12.16 16:46:10.932,0.97394,0.97418,1.00,1.75
2016.12.16 16:46:11.084,0.97394,0.97417,1.00,1.50
2016.12.16 16:46:11.134,0.9739,0.97415,1.37,1.75
2016.12.16 16:46:11.437,0.97393,0.97417,1.87,1.75
2016.12.16 16:46:11.538,0.97393,0.97416,3.00,1.00
2016.12.16 16:46:11.987,0.97394,0.97418,2.85,1.50
2016.12.16 16:46:12.295,0.97399,0.97425,1.75,1.75
2016.12.16 16:46:12.446,0.97398,0.9742,1.00,1.00
2016.12.16 16:46:12.547,0.97395,0.97417,1.00,1.00
2016.12.16 16:46:12.901,0.97397,0.97417,1.00,1.00
2016.12.16 16:46:13.225,0.974,0.97419,1.00,1.00
2016.12.16 16:46:13.275,0.97398,0.97419,1.00,1.00
2016.12.16 16:46:13.742,0.97396,0.9742,1.12,1.75
2016.12.16 16:46:13.944,0.97399,0.97421,1.00,1.50
2016.12.16 16:46:14.437,0.97398,0.97421,1.75,1.12
2016.12.16 16:46:14.941,0.97397,0.97421,2.25,1.00
2016.12.16 16:46:15.344,0.974,0.97421,1.12,1.37
2016.12.16 16:46:16.549,0.97397,0.97423,1.75,1.50
2016.12.16 16:46:16.750,0.97398,0.97425,2.25,2.25
2016.12.16 16:46:17.079,0.97398,0.97422,1.00,1.75
2016.12.16 16:46:17.582,0.97398,0.97421,2.25,1.12
2016.12.16 16:46:18.466,0.97396,0.97423,1.75,4.12
2016.12.16 16:46:18.768,0.97395,0.97417,1.50,1.00
2016.12.16 16:46:18.818,0.97394,0.97419,1.37,1.75
2016.12.16 16:46:18.970,0.97394,0.9742,2.62,2.25
2016.12.16 16:46:19.071,0.97395,0.97417,1.75,1.00
2016.12.16 16:46:19.373,0.97379,0.97402,1.50,1.12
2016.12.16 16:46:19.425,0.97374,0.974,3.37,1.37
2016.12.16 16:46:19.478,0.97374,0.974,1.50,1.75
2016.12.16 16:46:19.813,0.97377,0.974,1.00,1.75
2016.12.16 16:46:19.964,0.97376,0.97401,2.25,1.75
2016.12.16 16:46:20.619,0.97379,0.97403,1.00,4.50
2016.12.16 16:46:21.231,0.97374,0.974,2.25,1.75
2016.12.16 16:46:21.281,0.97373,0.974,3.75,1.75
2016.12.16 16:46:22.223,0.97376,0.974,1.00,1.75
2016.12.16 16:46:22.695,0.97378,0.974,1.00,1.75
2016.12.16 16:46:22.795,0.97379,0.97402,1.00,1.75
2016.12.16 16:46:23.269,0.97378,0.974,1.00,1.75
2016.12.16 16:46:23.606,0.9738,0.974,1.00,1.75
2016.12.16 16:46:23.866,0.97382,0.97408,1.75,2.25
2016.12.16 16:46:24.068,0.97387,0.97409,1.00,2.62
2016.12.16 16:46:24.220,0.97389,0.97408,2.25,1.00
2016.12.16 16:46:24.271,0.9739,0.97412,1.00,1.00
2016.12.16 16:46:24.372,0.97391,0.97416,1.50,1.75
2016.12.16 16:46:24.933,0.97394,0.97418,1.00,1.75
2016.12.16 16:46:25.246,0.97399,0.97423,1.50,4.12
2016.12.16 16:46:25.548,0.97393,0.97409,2.25,1.00
2016.12.16 16:46:25.599,0.97385,0.97408,1.75,1.50
2016.12.16 16:46:25.649,0.97382,0.97407,3.75,1.87
2016.12.16 16:46:25.700,0.97382,0.97407,1.87,1.75
2016.12.16 16:46:25.902,0.97382,0.97404,1.00,1.75
2016.12.16 16:46:26.368,0.97379,0.97399,1.37,1.00
2016.12.16 16:46:26.419,0.97378,0.97398,1.00,1.50
2016.12.16 16:46:26.469,0.97378,0.97396,1.00,1.50
2016.12.16 16:46:26.621,0.97374,0.97396,1.00,1.12
2016.12.16 16:46:26.772,0.97372,0.97396,1.37,3.00
2016.12.16 16:46:27.075,0.97375,0.97396,1.00,1.50
2016.12.16 16:46:27.176,0.97375,0.97396,1.00,1.50
2016.12.16 16:46:27.386,0.97377,0.97397,1.00,1.75
2016.12.16 16:46:27.487,0.97373,0.97398,3.00,1.75
2016.12.16 16:46:27.588,0.97372,0.97396,1.75,1.50
2016.12.16 16:46:27.689,0.97372,0.97396,1.87,1.75
2016.12.16 16:46:27.996,0.97384,0.97399,1.00,1.75
2016.12.16 16:46:28.046,0.97376,0.97398,1.87,1.50
2016.12.16 16:46:28.199,0.97379,0.97395,1.00,1.12
2016.12.16 16:46:28.249,0.97376,0.97394,1.00,1.00
2016.12.16 16:46:28.300,0.97377,0.97398,1.00,1.50
2016.12.16 16:46:28.351,0.97374,0.97398,1.37,1.50
2016.12.16 16:46:28.662,0.97372,0.97395,2.25,1.75
2016.12.16 16:46:28.717,0.97375,0.97396,1.00,1.75
2016.12.16 16:46:29.019,0.97377,0.97397,1.00,1.00
2016.12.16 16:46:29.322,0.97379,0.97399,1.00,1.75
2016.12.16 16:46:29.524,0.97379,0.97398,1.50,1.00
2016.12.16 16:46:29.767,0.97378,0.97396,1.00,1.00
2016.12.16 16:46:30.070,0.97378,0.97397,1.00,1.75
2016.12.16 16:46:30.121,0.97375,0.97398,1.00,2.62
2016.12.16 16:46:30.272,0.97374,0.97389,1.00,1.00
2016.12.16 16:46:30.373,0.97369,0.97391,1.37,1.50
2016.12.16 16:46:30.424,0.97369,0.97391,1.12,1.87
2016.12.16 16:46:30.474,0.97368,0.9739,1.37,1.37
2016.12.16 16:46:30.525,0.97366,0.9739,1.00,1.75
2016.12.16 16:46:30.677,0.97374,0.97391,1.00,2.62
2016.12.16 16:46:30.822,0.97374,0.97391,1.00,1.75
2016.12.16 16:46:30.928,0.97374,0.97391,1.00,1.00
2016.12.16 16:46:31.029,0.9737,0.97394,1.00,1.75
2016.12.16 16:46:31.181,0.97372,0.97395,1.00,1.50
2016.12.16 16:46:31.483,0.9738,0.97401,1.00,2.25
2016.12.16 16:46:31.534,0.97378,0.97404,1.12,2.25
2016.12.16 16:46:31.635,0.97378,0.97404,2.25,1.50
2016.12.16 16:46:31.685,0.97378,0.97404,1.87,1.75
2016.12.16 16:46:32.051,0.97383,0.97401,1.00,1.50
2016.12.16 16:46:32.153,0.9738,0.97401,1.00,1.50
2016.12.16 16:46:32.253,0.97384,0.97401,1.00,1.00
2016.12.16 16:46:32.556,0.97379,0.97405,1.00,1.75
2016.12.16 16:46:32.707,0.97384,0.97402,1.00,1.00
2016.12.16 16:46:33.019,0.97383,0.97405,1.00,2.62
2016.12.16 16:46:33.120,0.97383,0.97407,1.00,3.00
2016.12.16 16:46:33.221,0.97384,0.97407,1.50,1.50
2016.12.16 16:46:33.322,0.97384,0.97407,1.50,1.75
2016.12.16 16:46:33.474,0.9738,0.97405,1.12,1.50
2016.12.16 16:46:33.524,0.97384,0.97404,1.00,2.47
2016.12.16 16:46:33.934,0.97381,0.97403,1.00,2.25
2016.12.16 16:46:34.037,0.97377,0.974,1.00,1.35
2016.12.16 16:46:34.188,0.97377,0.97397,1.00,1.50
2016.12.16 16:46:34.239,0.97373,0.97393,1.50,1.00
2016.12.16 16:46:34.289,0.97378,0.97393,1.00,1.00
2016.12.16 16:46:34.642,0.97374,0.97399,1.00,4.87
2016.12.16 16:46:34.743,0.97379,0.97399,1.00,3.37
2016.12.16 16:46:35.051,0.97379,0.97399,1.00,1.75
2016.12.16 16:46:35.303,0.97376,0.974,1.00,1.75
2016.12.16 16:46:35.354,0.97378,0.97397,1.00,1.00
2016.12.16 16:46:35.455,0.97377,0.97399,1.00,1.00
2016.12.16 16:46:35.606,0.97379,0.97399,1.00,1.00
2016.12.16 16:46:36.354,0.97377,0.97397,1.00,1.00
2016.12.16 16:46:36.405,0.97374,0.97397,1.00,1.87
2016.12.16 16:46:36.506,0.97374,0.97397,1.00,1.50
2016.12.16 16:46:36.606,0.97371,0.97397,1.00,2.25
2016.12.16 16:46:36.763,0.97373,0.97397,1.00,3.00
2016.12.16 16:46:37.065,0.97372,0.97399,1.50,1.75
2016.12.16 16:46:37.267,0.97383,0.97397,1.00,1.75
2016.12.16 16:46:37.317,0.97379,0.97399,1.00,2.62
2016.12.16 16:46:37.531,0.97379,0.97397,1.00,1.00
2016.12.16 16:46:37.632,0.97372,0.97397,2.25,1.00
2016.12.16 16:46:37.683,0.97372,0.97399,2.25,1.12
2016.12.16 16:46:37.754,0.97374,0.97397,1.00,1.50
2016.12.16 16:46:38.207,0.97376,0.974,1.00,1.75
2016.12.16 16:46:38.359,0.97374,0.97397,1.50,1.00
2016.12.16 16:46:38.876,0.97375,0.97397,1.00,1.00
2016.12.16 16:46:39.581,0.97374,0.97397,2.25,1.00
2016.12.16 16:46:39.740,0.97376,0.97397,1.00,1.00
2016.12.16 16:46:39.841,0.97376,0.97401,1.12,1.50
2016.12.16 16:46:39.943,0.97375,0.97401,1.00,1.75
2016.12.16 16:46:40.691,0.97377,0.97401,1.00,1.75
2016.12.16 16:46:40.845,0.97375,0.974,1.00,1.75
2016.12.16 16:46:40.946,0.97375,0.97401,1.00,2.62
2016.12.16 16:46:41.050,0.97376,0.97402,1.00,2.25
2016.12.16 16:46:41.508,0.97373,0.97398,1.87,1.75
2016.12.16 16:46:41.935,0.97373,0.97398,2.25,1.75
2016.12.16 16:46:42.126,0.97379,0.97398,1.00,4.50
2016.12.16 16:46:42.176,0.97374,0.97398,1.00,2.25
2016.12.16 16:46:42.227,0.9737,0.97395,1.12,1.75
2016.12.16 16:46:42.378,0.97369,0.97394,1.50,1.37
2016.12.16 16:46:42.479,0.9737,0.97395,1.00,2.25
2016.12.16 16:46:42.992,0.97368,0.9739,1.00,1.00
2016.12.16 16:46:43.174,0.97373,0.97392,1.00,1.50
2016.12.16 16:46:43.477,0.97373,0.97392,1.00,1.75
2016.12.16 16:46:43.945,0.97369,0.97394,1.00,2.25
2016.12.16 16:46:44.555,0.97369,0.97393,1.50,1.75
2016.12.16 16:46:44.657,0.97369,0.97393,1.00,1.75
2016.12.16 16:46:44.960,0.97368,0.97394,1.75,1.75
2016.12.16 16:46:45.151,0.97374,0.97395,1.00,3.37
2016.12.16 16:46:45.252,0.97374,0.97395,1.00,1.00
2016.12.16 16:46:45.303,0.97379,0.97395,1.00,1.00
2016.12.16 16:46:45.718,0.97376,0.97395,1.00,1.00
2016.12.16 16:46:45.821,0.97374,0.97395,1.00,1.00
2016.12.16 16:46:46.028,0.97376,0.97399,1.00,2.25
2016.12.16 16:46:46.330,0.97379,0.974,1.00,3.00
2016.12.16 16:46:46.632,0.97383,0.97399,1.00,1.75
2016.12.16 16:46:46.935,0.97378,0.97398,1.00,1.75
2016.12.16 16:46:47.036,0.97378,0.97396,1.00,2.25
2016.12.16 16:46:47.357,0.97384,0.97398,1.00,1.50
2016.12.16 16:46:47.458,0.97384,0.97401,1.00,1.75
2016.12.16 16:46:47.559,0.97384,0.97401,1.00,1.50
2016.12.16 16:46:48.029,0.97384,0.97401,1.00,1.75
2016.12.16 16:46:48.564,0.97384,0.97402,1.00,2.25
2016.12.16 16:46:48.929,0.97388,0.97404,1.00,2.62
2016.12.16 16:46:49.030,0.97384,0.97405,1.00,2.62
2016.12.16 16:46:49.081,0.97384,0.97407,1.00,2.62
2016.12.16 16:46:49.182,0.97388,0.97409,1.00,3.37
2016.12.16 16:46:49.283,0.97384,0.97406,1.50,1.00
2016.12.16 16:46:49.535,0.97384,0.97408,1.12,1.75
2016.12.16 16:46:49.940,0.97388,0.97406,1.00,1.00
2016.12.16 16:46:50.476,0.97389,0.97411,1.50,1.00
2016.12.16 16:46:50.969,0.97389,0.97414,2.25,1.37
2016.12.16 16:46:51.284,0.97399,0.97416,1.00,1.12
2016.12.16 16:46:51.536,0.9739,0.97417,4.87,1.50
2016.12.16 16:46:51.889,0.97392,0.97416,1.37,1.35
2016.12.16 16:46:52.493,0.97395,0.97417,1.50,2.25
2016.12.16 16:46:52.796,0.97399,0.97422,1.50,1.75
2016.12.16 16:46:53.354,0.97394,0.97418,2.62,2.10
2016.12.16 16:46:53.405,0.97393,0.97418,3.37,2.47
2016.12.16 16:46:53.472,0.97395,0.97417,1.00,2.10
2016.12.16 16:46:53.523,0.97398,0.97417,1.00,1.60
2016.12.16 16:46:53.783,0.97393,0.97414,1.00,1.35
2016.12.16 16:46:53.950,0.97388,0.97414,1.75,2.10
2016.12.16 16:46:54.202,0.97394,0.97414,1.00,2.10
2016.12.16 16:46:54.598,0.97394,0.97412,1.00,1.35
2016.12.16 16:46:54.699,0.97387,0.97411,3.00,1.50
2016.12.16 16:46:54.929,0.97389,0.97416,3.37,2.25
2016.12.16 16:46:54.981,0.97393,0.97417,2.25,1.35
2016.12.16 16:46:55.082,0.97394,0.9742,1.75,2.25
2016.12.16 16:46:55.573,0.97399,0.9742,1.50,1.12
2016.12.16 16:46:55.725,0.974,0.97425,1.75,2.25
2016.12.16 16:46:55.876,0.974,0.97425,4.87,1.00
2016.12.16 16:46:56.205,0.974,0.97426,1.75,1.75
2016.12.16 16:46:56.371,0.97405,0.97426,1.00,1.50
2016.12.16 16:46:56.472,0.97402,0.97424,1.00,1.00
2016.12.16 16:46:56.841,0.97399,0.97425,1.37,1.75
2016.12.16 16:46:57.143,0.97399,0.97419,1.37,1.00
2016.12.16 16:46:57.479,0.97395,0.97417,3.37,1.00
2016.12.16 16:46:57.529,0.97398,0.9742,1.00,1.00
2016.12.16 16:46:57.687,0.97398,0.97423,2.25,1.87
2016.12.16 16:46:59.164,0.97398,0.97421,2.25,1.00
2016.12.16 16:46:59.315,0.97398,0.97422,1.75,1.87
2016.12.16 16:46:59.416,0.97397,0.97423,1.75,1.75
2016.12.16 16:46:59.920,0.97399,0.9742,1.75,1.00
2016.12.16 16:47:00.020,0.97399,0.97423,1.75,2.25
2016.12.16 16:47:00.071,0.97403,0.97423,1.00,1.50
2016.12.16 16:47:00.269,0.97404,0.97426,1.00,2.25
2016.12.16 16:47:00.491,0.97404,0.97426,1.50,2.85
2016.12.16 16:47:00.592,0.974,0.97422,1.00,1.00
2016.12.16 16:47:00.793,0.97399,0.97422,1.00,1.75
2016.12.16 16:47:01.045,0.97399,0.9742,1.12,1.00
2016.12.16 16:47:01.096,0.97399,0.9742,1.00,2.25
2016.12.16 16:47:01.147,0.97395,0.97416,1.50,1.12
2016.12.16 16:47:01.371,0.97393,0.97416,1.50,1.50
2016.12.16 16:47:01.674,0.97393,0.97416,1.50,1.87
2016.12.16 16:47:01.977,0.97398,0.97416,1.00,1.12
2016.12.16 16:47:02.028,0.97394,0.97415,1.75,1.00
2016.12.16 16:47:02.129,0.97394,0.97415,1.12,1.12
2016.12.16 16:47:02.281,0.97399,0.97417,1.00,1.50
2016.12.16 16:47:02.432,0.97401,0.97423,1.00,2.62
2016.12.16 16:47:02.533,0.974,0.97426,1.12,3.37
2016.12.16 16:47:02.634,0.974,0.97427,5.25,1.75
2016.12.16 16:47:02.762,0.97402,0.97427,1.50,1.75
2016.12.16 16:47:02.813,0.97404,0.97429,1.50,1.75
2016.12.16 16:47:02.932,0.97404,0.9743,3.00,1.75
2016.12.16 16:47:03.234,0.97405,0.9743,1.12,3.37
2016.12.16 16:47:03.436,0.97406,0.97432,3.75,3.00
2016.12.16 16:47:03.537,0.9741,0.97432,1.00,2.25
2016.12.16 16:47:04.039,0.97406,0.97432,1.75,3.00
2016.12.16 16:47:04.392,0.97408,0.9743,1.00,1.75
2016.12.16 16:47:04.443,0.97406,0.97431,1.50,1.75
2016.12.16 16:47:04.493,0.97407,0.97431,1.75,1.00
2016.12.16 16:47:04.940,0.97415,0.97439,1.00,2.62
2016.12.16 16:47:05.041,0.97416,0.9744,1.50,2.25
2016.12.16 16:47:05.092,0.97416,0.9744,1.37,1.37
2016.12.16 16:47:05.143,0.97419,0.97441,1.00,1.00
2016.12.16 16:47:05.394,0.97414,0.9744,4.12,1.37
2016.12.16 16:47:05.445,0.97414,0.97439,2.25,1.75
2016.12.16 16:47:06.194,0.97412,0.97438,3.00,1.75
2016.12.16 16:47:06.446,0.97411,0.97433,1.00,1.00
2016.12.16 16:47:06.709,0.97413,0.97436,1.00,1.00
2016.12.16 16:47:07.247,0.97416,0.97436,1.00,1.00
2016.12.16 16:47:07.590,0.97418,0.97443,2.25,1.50
2016.12.16 16:47:07.893,0.97417,0.97441,1.75,1.50
2016.12.16 16:47:08.195,0.97414,0.9744,1.75,4.50
2016.12.16 16:47:08.649,0.97414,0.97439,3.00,1.37
2016.12.16 16:47:09.159,0.97413,0.97437,3.00,1.00
2016.12.16 16:47:09.210,0.97413,0.97436,2.25,1.00
2016.12.16 16:47:09.714,0.97414,0.97438,3.37,1.00
2016.12.16 16:47:09.940,0.97415,0.97438,1.00,1.50
2016.12.16 16:47:10.454,0.97417,0.97438,1.00,1.00
2016.12.16 16:47:10.504,0.97415,0.97438,1.00,1.00
2016.12.16 16:47:10.555,0.97417,0.97438,1.00,1.00
2016.12.16 16:47:10.857,0.97419,0.97442,1.75,1.12
2016.12.16 16:47:11.160,0.97416,0.97436,1.00,1.00
2016.12.16 16:47:11.361,0.97414,0.97436,1.12,1.00
2016.12.16 16:47:11.682,0.97413,0.97436,1.37,1.37
2016.12.16 16:47:12.162,0.97411,0.97434,1.50,1.00
2016.12.16 16:47:12.213,0.9741,0.97437,4.50,1.75
2016.12.16 16:47:12.728,0.97409,0.97436,3.00,1.75
2016.12.16 16:47:13.177,0.97408,0.97433,2.62,2.25
2016.12.16 16:47:13.229,0.97409,0.9743,1.00,1.00
2016.12.16 16:47:13.279,0.97409,0.97432,1.37,2.62
2016.12.16 16:47:13.330,0.97407,0.97432,2.62,1.50
2016.12.16 16:47:13.431,0.97406,0.9743,1.75,1.12
2016.12.16 16:47:13.633,0.97403,0.9743,2.25,2.25
2016.12.16 16:47:13.936,0.97405,0.97429,1.75,1.12
2016.12.16 16:47:14.137,0.97406,0.97428,1.00,1.00
2016.12.16 16:47:15.425,0.97406,0.97426,1.00,1.00
2016.12.16 16:47:15.822,0.974,0.97426,3.00,1.37
2016.12.16 16:47:16.415,0.97403,0.97429,2.25,3.00
2016.12.16 16:47:16.918,0.97401,0.97427,1.37,1.75
2016.12.16 16:47:16.969,0.97401,0.97423,1.00,1.00
2016.12.16 16:47:17.228,0.974,0.97427,1.50,3.00
2016.12.16 16:47:17.581,0.97402,0.97428,1.75,1.75
2016.12.16 16:47:18.713,0.97401,0.97426,2.62,1.50
2016.12.16 16:47:18.764,0.974,0.97426,2.25,1.75
2016.12.16 16:47:18.915,0.97404,0.97422,1.00,1.00
2016.12.16 16:47:19.016,0.97399,0.97425,2.25,2.62
2016.12.16 16:47:19.067,0.974,0.97426,1.50,2.25
2016.12.16 16:47:19.168,0.97399,0.97426,2.25,4.87
2016.12.16 16:47:19.218,0.97402,0.97426,1.00,4.87
2016.12.16 16:47:19.370,0.97404,0.97424,1.50,1.00
2016.12.16 16:47:19.490,0.97405,0.97427,1.12,1.50
2016.12.16 16:47:19.541,0.97407,0.97428,1.00,1.75
2016.12.16 16:47:19.642,0.97407,0.97432,1.50,3.00
2016.12.16 16:47:19.894,0.97409,0.97431,1.37,1.12
2016.12.16 16:47:20.046,0.97405,0.97431,2.25,1.50
2016.12.16 16:47:20.247,0.97408,0.97435,2.25,1.75
2016.12.16 16:47:20.449,0.97413,0.97435,1.00,1.00
2016.12.16 16:47:20.549,0.97409,0.97436,1.75,1.75
2016.12.16 16:47:20.993,0.97409,0.97431,1.37,1.12
2016.12.16 16:47:21.094,0.97409,0.97431,1.12,1.50
2016.12.16 16:47:23.992,0.97404,0.97432,1.50,4.87
2016.12.16 16:47:24.386,0.97404,0.9743,2.25,1.67
2016.12.16 16:47:24.487,0.97406,0.97427,1.00,1.00
2016.12.16 16:47:24.538,0.97406,0.97426,1.00,1.37
2016.12.16 16:47:25.080,0.97406,0.9743,1.00,3.97
2016.12.16 16:47:25.587,0.97401,0.97427,1.75,3.00
2016.12.16 16:47:25.890,0.97402,0.97427,1.87,1.75
2016.12.16 16:47:25.991,0.97403,0.97427,1.50,1.37
2016.12.16 16:47:26.091,0.97403,0.97425,1.50,1.00
2016.12.16 16:47:26.716,0.974,0.97426,1.50,2.25
2016.12.16 16:47:26.766,0.974,0.97425,1.50,3.00
2016.12.16 16:47:26.867,0.97399,0.97424,1.87,2.62
2016.12.16 16:47:27.177,0.97404,0.97424,1.00,3.37
2016.12.16 16:47:27.227,0.97399,0.97424,1.00,4.12
2016.12.16 16:47:27.278,0.97398,0.97424,1.75,1.75
2016.12.16 16:47:28.438,0.97396,0.97421,3.00,1.00
2016.12.16 16:47:28.539,0.97399,0.97422,1.37,2.10
2016.12.16 16:47:28.796,0.97398,0.97421,1.00,1.35
2016.12.16 16:47:29.309,0.97398,0.97421,1.12,1.67
2016.12.16 16:47:29.716,0.97397,0.97416,1.50,1.00
2016.12.16 16:47:29.938,0.97399,0.97422,1.37,1.37
2016.12.16 16:47:29.988,0.97399,0.97422,1.75,1.12
2016.12.16 16:47:30.832,0.97399,0.97419,1.12,1.00
2016.12.16 16:47:33.023,0.97396,0.97421,1.37,3.00
2016.12.16 16:47:33.073,0.97396,0.9742,1.00,1.75
2016.12.16 16:47:33.621,0.97394,0.97418,1.12,2.25
2016.12.16 16:47:33.974,0.97394,0.97411,1.00,1.00
2016.12.16 16:47:34.668,0.9739,0.97415,1.50,1.75
2016.12.16 16:47:34.819,0.97392,0.97416,1.50,1.50
2016.12.16 16:47:35.401,0.97394,0.97418,1.50,1.75
2016.12.16 16:47:35.704,0.97391,0.97413,1.00,1.00
2016.12.16 16:47:36.338,0.97388,0.97414,3.00,1.75
2016.12.16 16:47:36.388,0.97389,0.97411,1.00,1.00
2016.12.16 16:47:36.962,0.9739,0.97411,1.00,1.00
2016.12.16 16:47:37.164,0.9739,0.97416,1.37,5.47
2016.12.16 16:47:37.215,0.97394,0.97415,1.00,1.00
2016.12.16 16:47:37.366,0.97396,0.97415,1.00,1.00
2016.12.16 16:47:37.725,0.97393,0.97402,2.25,1.00
2016.12.16 16:47:37.776,0.97392,0.97404,1.00,1.35
2016.12.16 16:47:37.846,0.97383,0.97399,1.00,1.00
2016.12.16 16:47:37.947,0.97379,0.97402,2.25,1.75
2016.12.16 16:47:38.256,0.97379,0.97403,2.25,1.50
2016.12.16 16:47:38.508,0.9738,0.97403,1.00,1.50
2016.12.16 16:47:38.811,0.97379,0.97396,1.50,1.00
2016.12.16 16:47:39.063,0.97373,0.97393,1.00,1.00
2016.12.16 16:47:39.113,0.97373,0.97393,1.00,1.50
2016.12.16 16:47:39.617,0.97373,0.97394,1.00,1.75
2016.12.16 16:47:40.129,0.97373,0.97394,1.12,1.50
2016.12.16 16:47:40.431,0.97375,0.97396,1.00,1.75
2016.12.16 16:47:40.582,0.97375,0.97401,1.75,2.25
2016.12.16 16:47:41.815,0.97374,0.97391,1.75,1.00
2016.12.16 16:47:41.866,0.97374,0.97394,1.75,1.60
2016.12.16 16:47:41.967,0.97369,0.97392,3.37,1.00
2016.12.16 16:47:42.068,0.97366,0.97392,3.37,1.12
2016.12.16 16:47:42.119,0.97365,0.97392,3.00,1.37
2016.12.16 16:47:42.169,0.97367,0.97389,1.00,1.00
2016.12.16 16:47:42.421,0.97365,0.9739,1.75,1.75
2016.12.16 16:47:42.835,0.97364,0.97387,1.00,1.75
2016.12.16 16:47:43.339,0.97369,0.97387,1.00,1.75
2016.12.16 16:47:43.676,0.97374,0.97387,1.00,1.00
2016.12.16 16:47:43.788,0.97374,0.97391,1.00,1.50
2016.12.16 16:47:43.939,0.97369,0.97391,1.00,1.50
2016.12.16 16:47:44.191,0.97374,0.97392,1.00,1.00
2016.12.16 16:47:44.635,0.9737,0.97391,1.50,1.00
2016.12.16 16:47:45.314,0.9737,0.97392,1.50,1.00
2016.12.16 16:47:45.820,0.97373,0.97397,1.37,2.62
2016.12.16 16:47:45.870,0.97374,0.97394,1.00,1.00
2016.12.16 16:47:46.213,0.97374,0.97396,1.00,2.25
2016.12.16 16:47:46.264,0.9737,0.97393,1.00,1.00
2016.12.16 16:47:46.742,0.97369,0.97393,3.75,1.50
2016.12.16 16:47:46.843,0.97369,0.97393,2.25,1.12
2016.12.16 16:47:46.944,0.97369,0.97392,1.12,1.37
2016.12.16 16:47:47.246,0.97365,0.97382,1.75,1.00
2016.12.16 16:47:47.297,0.97366,0.97381,1.00,1.00
2016.12.16 16:47:47.347,0.97365,0.97381,1.37,1.37
2016.12.16 16:47:47.448,0.97365,0.9738,1.00,1.37
2016.12.16 16:47:47.764,0.97359,0.97381,1.00,1.50
2016.12.16 16:47:48.159,0.97358,0.97383,1.75,1.75
2016.12.16 16:47:48.467,0.97358,0.97383,1.12,1.75
2016.12.16 16:47:48.971,0.97358,0.97384,1.75,3.75
2016.12.16 16:47:49.173,0.97356,0.97378,1.00,1.00
2016.12.16 16:47:49.274,0.97359,0.97378,1.00,1.00
2016.12.16 16:47:49.777,0.97359,0.97382,1.00,1.75
2016.12.16 16:47:50.191,0.97359,0.97382,1.00,1.00
2016.12.16 16:47:52.945,0.97369,0.97382,1.00,1.00
2016.12.16 16:47:53.038,0.97359,0.97382,2.25,1.00
2016.12.16 16:47:53.240,0.97364,0.97386,1.37,1.75
2016.12.16 16:47:53.290,0.97364,0.97386,1.50,1.50
2016.12.16 16:47:53.529,0.97361,0.97386,1.50,2.25
2016.12.16 16:47:53.832,0.97362,0.97389,1.37,2.25
2016.12.16 16:47:54.135,0.97364,0.97387,2.62,1.37
2016.12.16 16:47:54.185,0.97361,0.97387,1.75,1.75
2016.12.16 16:47:54.236,0.97362,0.97386,1.75,1.00
2016.12.16 16:47:57.196,0.97362,0.97382,1.75,1.00
2016.12.16 16:47:57.247,0.97362,0.97385,1.75,1.87
2016.12.16 16:47:57.298,0.97362,0.97385,1.37,1.37
2016.12.16 16:47:57.349,0.97362,0.97385,1.00,1.37
2016.12.16 16:47:57.550,0.97359,0.9738,1.00,1.00
2016.12.16 16:47:57.652,0.97359,0.97385,1.37,3.37
2016.12.16 16:47:57.702,0.97359,0.97385,1.75,1.75
2016.12.16 16:47:57.753,0.9736,0.97385,1.00,2.25
2016.12.16 16:47:57.976,0.97359,0.97381,1.00,2.10
2016.12.16 16:47:58.477,0.97356,0.97381,1.50,2.85
2016.12.16 16:47:58.968,0.97358,0.97382,1.37,1.50
2016.12.16 16:47:59.169,0.97359,0.9738,1.37,1.00
2016.12.16 16:47:59.472,0.97356,0.97377,1.00,1.00
2016.12.16 16:47:59.633,0.97356,0.97379,1.00,1.00
2016.12.16 16:47:59.835,0.97359,0.97379,1.00,1.50
2016.12.16 16:48:00.087,0.97358,0.97383,3.00,1.50
2016.12.16 16:48:00.288,0.97363,0.97385,1.50,1.12
2016.12.16 16:48:00.591,0.97363,0.97385,1.75,1.00
2016.12.16 16:48:00.641,0.97363,0.97388,3.75,2.25
2016.12.16 16:48:01.151,0.97363,0.97386,1.75,1.00
2016.12.16 16:48:01.302,0.9736,0.97383,3.37,1.00
2016.12.16 16:48:01.403,0.9736,0.97383,1.00,1.00
2016.12.16 16:48:01.454,0.97359,0.97384,1.50,1.75
2016.12.16 16:48:01.756,0.97357,0.97385,1.75,3.00
2016.12.16 16:48:02.394,0.97361,0.97383,1.00,1.50
2016.12.16 16:48:02.910,0.97359,0.97383,1.50,1.50
2016.12.16 16:48:03.924,0.97361,0.97386,1.00,3.00
2016.12.16 16:48:04.083,0.97361,0.97385,1.50,1.00
2016.12.16 16:48:06.118,0.97361,0.97382,1.00,1.00
2016.12.16 16:48:06.219,0.97357,0.97381,1.50,1.00
2016.12.16 16:48:06.568,0.97358,0.97386,1.37,3.75
2016.12.16 16:48:06.619,0.97359,0.97383,1.00,1.00
2016.12.16 16:48:06.720,0.9736,0.97386,1.12,2.25
2016.12.16 16:48:07.301,0.97359,0.97386,1.50,2.25
2016.12.16 16:48:08.792,0.97361,0.97386,1.00,1.75
2016.12.16 16:48:08.892,0.97361,0.97388,1.00,1.75
2016.12.16 16:48:09.044,0.97363,0.97388,1.00,2.25
2016.12.16 16:48:09.610,0.97363,0.97384,1.00,1.00
2016.12.16 16:48:09.996,0.97369,0.97384,1.00,1.00
2016.12.16 16:48:10.047,0.97363,0.97384,1.00,1.00
2016.12.16 16:48:10.097,0.97365,0.97384,1.00,1.00
2016.12.16 16:48:10.299,0.9737,0.97396,1.00,1.75
2016.12.16 16:48:10.400,0.97374,0.97396,1.00,1.75
2016.12.16 16:48:10.502,0.97374,0.97396,1.00,1.00
2016.12.16 16:48:11.043,0.97379,0.97395,1.00,1.00
2016.12.16 16:48:12.115,0.97373,0.97395,1.00,1.00
2016.12.16 16:48:12.392,0.97373,0.97393,1.00,1.37
2016.12.16 16:48:12.443,0.9737,0.97394,1.12,2.25
2016.12.16 16:48:12.594,0.97367,0.97388,1.75,1.00
2016.12.16 16:48:12.746,0.97364,0.97388,1.00,1.75
2016.12.16 16:48:13.141,0.97366,0.9739,1.00,1.75
2016.12.16 16:48:13.291,0.97364,0.97388,1.50,1.12
2016.12.16 16:48:13.393,0.97364,0.97389,1.12,2.25
2016.12.16 16:48:13.695,0.97362,0.97385,1.12,1.12
2016.12.16 16:48:14.217,0.97364,0.97388,1.00,2.25
2016.12.16 16:48:14.440,0.97366,0.97388,1.00,1.00
2016.12.16 16:48:14.822,0.97366,0.9739,1.00,1.50
2016.12.16 16:48:15.332,0.97364,0.97391,2.25,2.25
2016.12.16 16:48:18.063,0.97368,0.97394,1.00,2.85
2016.12.16 16:48:18.574,0.97369,0.97393,1.00,1.75
2016.12.16 16:48:18.789,0.97369,0.97391,1.12,1.00
2016.12.16 16:48:19.298,0.97367,0.97391,1.37,1.12
2016.12.16 16:48:19.348,0.97367,0.97388,1.50,1.00
2016.12.16 16:48:19.449,0.97364,0.97388,2.25,1.00
2016.12.16 16:48:19.500,0.97367,0.97388,1.00,1.00
2016.12.16 16:48:19.651,0.97367,0.97391,1.50,1.00
2016.12.16 16:48:20.164,0.97368,0.97395,1.87,1.75
2016.12.16 16:48:20.215,0.97368,0.97395,1.87,1.50
2016.12.16 16:48:20.316,0.9737,0.97395,1.75,1.12
2016.12.16 16:48:20.566,0.9737,0.97395,1.50,1.00
2016.12.16 16:48:20.716,0.9737,0.97395,1.50,1.50
2016.12.16 16:48:21.462,0.97379,0.97395,1.00,1.12
2016.12.16 16:48:21.882,0.9737,0.97395,1.75,1.12
2016.12.16 16:48:23.750,0.9737,0.97395,1.75,1.72
2016.12.16 16:48:23.801,0.97378,0.97396,1.00,2.85
2016.12.16 16:48:23.953,0.97369,0.97393,1.50,1.60
2016.12.16 16:48:24.054,0.97368,0.97391,1.12,1.67
2016.12.16 16:48:24.205,0.97373,0.97391,1.00,1.67
2016.12.16 16:48:24.407,0.97369,0.97387,1.00,1.00
2016.12.16 16:48:24.520,0.97369,0.97385,1.00,1.37
2016.12.16 16:48:24.881,0.97369,0.97384,1.00,1.50
2016.12.16 16:48:25.429,0.97369,0.97387,1.00,1.75
2016.12.16 16:48:25.681,0.97373,0.97391,1.00,1.00
2016.12.16 16:48:25.933,0.97374,0.97391,1.00,1.50
2016.12.16 16:48:26.457,0.97374,0.9739,1.00,2.25
2016.12.16 16:48:26.558,0.97368,0.97385,1.00,1.00
2016.12.16 16:48:26.810,0.97368,0.97383,1.00,1.00
2016.12.16 16:48:26.911,0.97363,0.97382,1.00,1.00
2016.12.16 16:48:27.062,0.97368,0.97381,1.00,1.00
2016.12.16 16:48:27.371,0.97368,0.97384,1.00,1.12
2016.12.16 16:48:27.524,0.97363,0.97384,1.00,1.87
2016.12.16 16:48:27.821,0.97363,0.97381,1.00,1.00
2016.12.16 16:48:28.254,0.97359,0.97381,1.50,1.00
2016.12.16 16:48:28.462,0.97364,0.97381,1.00,1.00
2016.12.16 16:48:28.970,0.97363,0.97385,1.00,1.75
2016.12.16 16:48:29.172,0.97363,0.97385,1.00,1.00
2016.12.16 16:48:29.273,0.97361,0.97385,1.00,1.00
2016.12.16 16:48:29.576,0.97363,0.97385,1.00,1.50
2016.12.16 16:48:29.908,0.97369,0.97384,1.00,1.00
2016.12.16 16:48:30.415,0.97369,0.97385,1.00,1.50
2016.12.16 16:48:31.101,0.97369,0.97384,1.00,1.00
2016.12.16 16:48:31.631,0.97369,0.97385,1.00,1.50
2016.12.16 16:48:31.682,0.9736,0.97384,1.00,1.00
2016.12.16 16:48:31.732,0.97368,0.97385,1.00,1.50
2016.12.16 16:48:32.880,0.97363,0.97383,1.00,1.00
2016.12.16 16:48:33.106,0.97363,0.97381,1.00,1.00
2016.12.16 16:48:33.172,0.97359,0.97382,1.50,1.00
2016.12.16 16:48:33.273,0.97364,0.97383,1.00,1.00
2016.12.16 16:48:33.374,0.97363,0.97386,1.00,1.00
2016.12.16 16:48:33.525,0.97364,0.97387,1.37,1.12
2016.12.16 16:48:34.065,0.97364,0.97387,2.25,1.00
2016.12.16 16:48:34.487,0.97369,0.97388,1.00,2.25
2016.12.16 16:48:35.032,0.97369,0.97387,1.00,1.00
2016.12.16 16:48:35.556,0.97369,0.97388,1.00,1.00
2016.12.16 16:48:36.070,0.97369,0.97389,1.00,1.00
2016.12.16 16:48:36.373,0.97373,0.97391,1.00,1.87
2016.12.16 16:48:37.166,0.97373,0.9739,1.00,1.00
2016.12.16 16:48:37.576,0.97366,0.97391,2.25,1.12
2016.12.16 16:48:37.840,0.97366,0.97391,2.25,1.00
2016.12.16 16:48:38.058,0.97369,0.97391,1.00,1.00
2016.12.16 16:48:38.127,0.97378,0.97391,1.00,1.00
2016.12.16 16:48:38.653,0.97378,0.97397,1.00,1.50
2016.12.16 16:48:38.861,0.97378,0.97399,1.00,1.12
2016.12.16 16:48:39.030,0.97378,0.97396,1.00,1.00
2016.12.16 16:48:39.111,0.97378,0.97399,1.00,1.12
2016.12.16 16:48:39.367,0.97376,0.97395,1.00,1.00
2016.12.16 16:48:39.569,0.97378,0.97399,1.12,1.00
2016.12.16 16:48:39.670,0.97383,0.97402,1.00,2.25
2016.12.16 16:48:39.771,0.97384,0.97402,1.00,1.12
2016.12.16 16:48:39.872,0.97384,0.97405,1.00,1.37
2016.12.16 16:48:40.662,0.97384,0.97405,1.00,1.50
2016.12.16 16:48:41.513,0.97384,0.97406,1.00,2.62
2016.12.16 16:48:41.614,0.97378,0.97404,2.25,1.00
2016.12.16 16:48:41.715,0.97379,0.97403,1.00,1.00
2016.12.16 16:48:43.370,0.97379,0.97405,1.50,1.50
2016.12.16 16:48:43.421,0.9738,0.97405,1.00,2.25
2016.12.16 16:48:43.734,0.97384,0.97405,1.00,1.50
2016.12.16 16:48:43.935,0.9738,0.97405,1.00,1.50
2016.12.16 16:48:44.697,0.97384,0.97405,1.00,1.50
2016.12.16 16:48:45.916,0.9738,0.97405,1.00,2.25
2016.12.16 16:48:46.355,0.97382,0.97405,1.00,1.50
2016.12.16 16:48:46.506,0.97382,0.97407,1.00,2.25
2016.12.16 16:48:46.556,0.97385,0.97407,1.00,2.25
2016.12.16 16:48:46.864,0.97398,0.97415,1.00,2.62
2016.12.16 16:48:46.915,0.97394,0.97415,1.50,1.00
2016.12.16 16:48:46.965,0.97394,0.97416,1.37,1.87
2016.12.16 16:48:47.217,0.9739,0.97416,1.75,1.50
2016.12.16 16:48:47.419,0.97389,0.97413,1.75,1.00
2016.12.16 16:48:47.621,0.97385,0.97413,1.75,1.35
2016.12.16 16:48:47.883,0.9739,0.97415,1.00,1.50
2016.12.16 16:48:47.984,0.9739,0.97415,1.75,1.00
2016.12.16 16:48:48.300,0.9739,0.97417,2.25,1.00
2016.12.16 16:48:48.842,0.97394,0.97416,1.37,1.00
2016.12.16 16:48:48.942,0.9739,0.97418,2.25,1.87
2016.12.16 16:48:49.472,0.9739,0.97417,3.00,1.50
2016.12.16 16:48:50.205,0.97393,0.97418,1.50,1.12
2016.12.16 16:48:50.256,0.97398,0.97418,1.87,1.00
2016.12.16 16:48:50.558,0.97394,0.9742,3.37,1.00
2016.12.16 16:48:50.740,0.97396,0.9742,1.50,1.50
2016.12.16 16:48:50.791,0.97396,0.9742,2.25,1.00
2016.12.16 16:48:51.099,0.97396,0.97422,2.25,1.12
2016.12.16 16:48:51.503,0.97399,0.97422,1.75,1.00
2016.12.16 16:48:51.937,0.97399,0.97422,1.12,1.72
2016.12.16 16:48:52.111,0.97399,0.9742,1.12,1.00
2016.12.16 16:48:52.612,0.97399,0.97421,1.12,1.00
2016.12.16 16:48:52.927,0.974,0.97424,1.75,1.60
2016.12.16 16:48:53.220,0.97398,0.97422,2.25,1.30
2016.12.16 16:48:53.340,0.97403,0.97424,1.00,1.75
2016.12.16 16:48:53.390,0.97398,0.97425,1.87,3.75
2016.12.16 16:48:53.592,0.974,0.97424,1.75,1.00
2016.12.16 16:48:53.867,0.974,0.97426,1.75,1.00
2016.12.16 16:48:54.393,0.97401,0.97425,1.00,1.00
2016.12.16 16:48:54.660,0.97404,0.97425,1.00,1.50
2016.12.16 16:48:55.064,0.974,0.97424,1.50,1.00
2016.12.16 16:48:55.114,0.97401,0.97426,1.50,2.85
2016.12.16 16:48:55.416,0.97404,0.97426,1.00,5.10
2016.12.16 16:48:55.943,0.97401,0.97425,1.75,1.00
2016.12.16 16:48:56.440,0.97399,0.97421,1.75,1.00
2016.12.16 16:48:56.491,0.97399,0.97425,1.50,1.37
2016.12.16 16:48:56.592,0.97399,0.97423,2.25,1.00
2016.12.16 16:48:56.989,0.974,0.97426,1.37,2.85
2016.12.16 16:48:57.493,0.97402,0.97426,2.62,1.12
2016.12.16 16:48:57.588,0.97402,0.97426,1.75,1.00
2016.12.16 16:48:57.639,0.97403,0.97426,1.12,1.35
2016.12.16 16:48:57.690,0.97403,0.97427,1.37,2.85
2016.12.16 16:48:58.025,0.97399,0.97422,1.12,1.30
2016.12.16 16:48:58.294,0.97396,0.9742,1.75,1.00
2016.12.16 16:48:58.445,0.97396,0.9742,1.00,1.00
2016.12.16 16:48:58.797,0.97396,0.97418,1.00,1.00
2016.12.16 16:48:59.141,0.9739,0.97416,1.75,1.87
2016.12.16 16:48:59.443,0.97389,0.97411,1.75,1.00
2016.12.16 16:48:59.494,0.97392,0.97411,1.00,1.00
2016.12.16 16:48:59.645,0.97389,0.97413,1.50,1.00
2016.12.16 16:48:59.847,0.97394,0.97414,1.00,1.50
2016.12.16 16:49:00.116,0.9739,0.97414,1.00,1.50
2016.12.16 16:49:00.312,0.97399,0.97414,1.00,1.50
2016.12.16 16:49:00.363,0.97394,0.97414,1.00,1.50
2016.12.16 16:49:00.514,0.97394,0.97412,1.00,1.00
2016.12.16 16:49:00.565,0.97391,0.97412,1.00,1.00
2016.12.16 16:49:00.716,0.97393,0.97414,1.00,1.50
2016.12.16 16:49:01.036,0.97393,0.97415,1.00,2.25
2016.12.16 16:49:01.137,0.97388,0.97411,2.62,1.50
2016.12.16 16:49:01.238,0.97388,0.97412,1.87,1.50
2016.12.16 16:49:01.440,0.97387,0.97413,1.00,2.25
2016.12.16 16:49:01.743,0.97387,0.97407,1.00,1.50
2016.12.16 16:49:01.794,0.97385,0.97408,1.00,1.75
2016.12.16 16:49:01.895,0.97382,0.97404,1.75,1.50
2016.12.16 16:49:02.200,0.97384,0.97406,1.00,3.00
2016.12.16 16:49:02.352,0.97384,0.97404,1.00,1.00
2016.12.16 16:49:02.865,0.97388,0.97404,1.00,1.00
2016.12.16 16:49:03.138,0.97383,0.97405,1.00,1.75
2016.12.16 16:49:03.492,0.97378,0.97402,1.12,1.50
2016.12.16 16:49:03.542,0.97374,0.97401,2.25,2.10
2016.12.16 16:49:03.845,0.97374,0.97395,1.00,1.67
2016.12.16 16:49:04.365,0.97374,0.97397,1.00,1.75
2016.12.16 16:49:04.869,0.97378,0.97397,1.00,2.25
2016.12.16 16:49:05.373,0.97379,0.97398,1.00,2.25
2016.12.16 16:49:05.431,0.97383,0.97398,1.00,1.75
2016.12.16 16:49:05.532,0.97383,0.97398,1.00,1.75
2016.12.16 16:49:05.633,0.97378,0.97396,1.00,1.12
2016.12.16 16:49:05.734,0.97372,0.97392,1.00,1.00
2016.12.16 16:49:05.885,0.97369,0.9739,1.00,1.00
2016.12.16 16:49:06.036,0.97369,0.97392,1.00,2.25
2016.12.16 16:49:06.339,0.97369,0.97393,1.00,1.50
2016.12.16 16:49:06.440,0.97369,0.97393,1.50,1.00
2016.12.16 16:49:06.574,0.97374,0.97394,1.00,1.00
2016.12.16 16:49:06.725,0.97374,0.97397,1.00,1.00
2016.12.16 16:49:06.877,0.97379,0.97397,1.00,1.00
2016.12.16 16:49:06.928,0.97374,0.97397,1.00,1.00
2016.12.16 16:49:07.029,0.97374,0.97395,1.00,1.37
2016.12.16 16:49:07.332,0.97379,0.974,1.00,2.25
2016.12.16 16:49:07.533,0.97374,0.97398,1.00,1.75
2016.12.16 16:49:07.843,0.97374,0.97397,1.00,3.75
2016.12.16 16:49:08.049,0.97373,0.97399,1.12,1.75
2016.12.16 16:49:08.352,0.97371,0.97397,1.50,2.62
2016.12.16 16:49:08.655,0.97374,0.9739,1.00,1.00
2016.12.16 16:49:08.756,0.97368,0.9739,1.00,1.00
2016.12.16 16:49:09.097,0.9737,0.97394,1.00,2.25
2016.12.16 16:49:09.248,0.97372,0.97394,1.12,1.12
2016.12.16 16:49:09.349,0.97374,0.97399,1.00,3.00
2016.12.16 16:49:09.450,0.97374,0.97399,1.37,3.75
2016.12.16 16:49:09.501,0.97379,0.97399,1.00,2.25
2016.12.16 16:49:09.803,0.97384,0.97399,1.00,1.00
2016.12.16 16:49:09.912,0.97379,0.97399,1.00,1.12
2016.12.16 16:49:10.178,0.97379,0.97397,1.00,1.00
2016.12.16 16:49:10.330,0.97374,0.97396,1.00,1.60
2016.12.16 16:49:10.915,0.97374,0.97394,1.00,1.00
2016.12.16 16:49:11.441,0.97369,0.97391,1.87,1.00
2016.12.16 16:49:11.491,0.97368,0.97391,1.87,1.00
2016.12.16 16:49:11.642,0.97374,0.97391,1.00,1.00
2016.12.16 16:49:11.861,0.97369,0.97392,1.00,2.25
2016.12.16 16:49:12.113,0.97373,0.9739,1.00,1.00
2016.12.16 16:49:12.215,0.97369,0.97391,1.00,1.50
2016.12.16 16:49:12.443,0.97378,0.97391,1.00,1.50
2016.12.16 16:49:12.817,0.97373,0.97392,1.00,1.75
2016.12.16 16:49:13.261,0.97378,0.97391,1.00,1.12
2016.12.16 16:49:13.441,0.97378,0.97396,1.00,1.75
2016.12.16 16:49:14.016,0.97374,0.97395,1.00,1.75
2016.12.16 16:49:15.020,0.97379,0.97395,1.00,1.75
2016.12.16 16:49:15.121,0.97373,0.97395,1.00,1.75
2016.12.16 16:49:15.272,0.97373,0.97395,1.12,1.12
2016.12.16 16:49:15.373,0.97373,0.97395,1.00,1.50
2016.12.16 16:49:15.524,0.97368,0.97392,3.00,2.10
2016.12.16 16:49:15.776,0.97368,0.9739,1.00,1.75
2016.12.16 16:49:16.105,0.97373,0.97387,1.00,1.00
2016.12.16 16:49:16.175,0.97373,0.97393,1.00,1.75
2016.12.16 16:49:16.276,0.97373,0.97394,1.00,1.00
2016.12.16 16:49:16.798,0.97374,0.97395,1.00,1.12
2016.12.16 16:49:16.949,0.97374,0.97395,1.00,1.50
2016.12.16 16:49:17.150,0.97368,0.97393,1.12,3.00
2016.12.16 16:49:17.385,0.97368,0.9739,1.00,1.75
2016.12.16 16:49:17.587,0.97368,0.97392,1.00,1.75
2016.12.16 16:49:17.839,0.97374,0.97391,1.00,1.75
2016.12.16 16:49:18.191,0.97373,0.9739,1.00,1.00
2016.12.16 16:49:19.167,0.97374,0.97393,1.00,2.25
2016.12.16 16:49:19.564,0.97368,0.97391,1.12,1.50
2016.12.16 16:49:19.766,0.97368,0.9739,1.00,1.75
2016.12.16 16:49:20.306,0.97369,0.9739,1.00,1.75
2016.12.16 16:49:20.608,0.97369,0.97391,1.00,1.00
2016.12.16 16:49:20.759,0.97366,0.97387,1.00,1.00
2016.12.16 16:49:20.810,0.97366,0.97389,1.00,1.00
2016.12.16 16:49:20.911,0.97364,0.97387,1.12,1.12
2016.12.16 16:49:21.241,0.97369,0.97387,1.00,1.75
2016.12.16 16:49:21.463,0.97361,0.97387,1.75,1.75
2016.12.16 16:49:21.715,0.97364,0.9739,1.12,1.75
2016.12.16 16:49:21.883,0.97368,0.97389,1.00,1.00
2016.12.16 16:49:22.240,0.97365,0.97389,1.00,1.00
2016.12.16 16:49:22.411,0.97366,0.97391,1.50,1.67
2016.12.16 16:49:22.764,0.97369,0.97392,1.00,3.75
2016.12.16 16:49:23.126,0.97362,0.97373,1.00,1.37
2016.12.16 16:49:23.233,0.97363,0.9738,1.00,2.10
2016.12.16 16:49:23.284,0.97363,0.9738,1.00,1.50
2016.12.16 16:49:23.385,0.97359,0.9738,1.00,1.00
2016.12.16 16:49:23.737,0.97356,0.9738,1.00,1.50
2016.12.16 16:49:23.838,0.97359,0.97379,1.00,1.00
2016.12.16 16:49:23.889,0.97359,0.97381,1.00,1.12
2016.12.16 16:49:23.990,0.97358,0.9738,1.00,1.75
2016.12.16 16:49:24.779,0.97358,0.9738,1.00,1.50
2016.12.16 16:49:24.881,0.97356,0.9738,1.00,1.00
2016.12.16 16:49:25.427,0.97357,0.97377,1.00,1.00
2016.12.16 16:49:25.628,0.97345,0.97372,1.12,4.50
2016.12.16 16:49:25.782,0.97348,0.97372,1.00,2.25
2016.12.16 16:49:25.941,0.97349,0.97372,1.00,3.00
2016.12.16 16:49:25.998,0.97349,0.97373,1.50,1.12
2016.12.16 16:49:26.517,0.97348,0.97375,2.25,1.75
2016.12.16 16:49:26.820,0.97344,0.97371,3.00,1.75
2016.12.16 16:49:27.127,0.97347,0.97374,1.50,3.75
2016.12.16 16:49:27.297,0.97347,0.97374,1.75,2.25
2016.12.16 16:49:27.837,0.97349,0.9737,1.12,1.00
2016.12.16 16:49:27.887,0.97348,0.97372,1.50,1.87
2016.12.16 16:49:27.988,0.97348,0.9737,1.00,1.50
2016.12.16 16:49:28.494,0.97348,0.97369,1.50,1.50
2016.12.16 16:49:29.238,0.97344,0.97366,1.37,1.00
2016.12.16 16:49:29.339,0.9734,0.97367,1.50,1.75
2016.12.16 16:49:31.031,0.97344,0.97366,1.00,2.85
2016.12.16 16:49:31.333,0.97339,0.97365,1.12,3.00
2016.12.16 16:49:31.856,0.97339,0.97363,1.00,1.00
2016.12.16 16:49:31.907,0.97339,0.97361,1.00,1.00
2016.12.16 16:49:32.432,0.97338,0.97364,1.12,2.25
2016.12.16 16:49:32.634,0.97338,0.97366,3.00,1.75
2016.12.16 16:49:32.684,0.97338,0.97366,3.00,2.25
2016.12.16 16:49:32.735,0.97339,0.97366,1.75,1.75
2016.12.16 16:49:32.826,0.97342,0.97366,1.00,1.00
2016.12.16 16:49:33.036,0.9734,0.97366,1.50,2.25
2016.12.16 16:49:33.341,0.97338,0.97361,1.12,1.00
2016.12.16 16:49:33.391,0.97338,0.97362,1.50,1.12
2016.12.16 16:49:33.694,0.97336,0.97364,3.00,1.75
2016.12.16 16:49:33.946,0.9734,0.97366,1.12,3.75
2016.12.16 16:49:34.827,0.97344,0.97366,1.00,2.25
2016.12.16 16:49:35.021,0.9734,0.97366,1.12,1.75
2016.12.16 16:49:35.072,0.9734,0.97359,1.12,1.00
2016.12.16 16:49:35.122,0.9734,0.97361,1.00,1.35
2016.12.16 16:49:35.425,0.97337,0.97361,1.87,1.12
2016.12.16 16:49:35.526,0.97338,0.97362,1.75,1.00
2016.12.16 16:49:35.828,0.9734,0.97359,1.75,1.00
2016.12.16 16:49:35.929,0.97337,0.97357,1.00,1.00
2016.12.16 16:49:36.064,0.97334,0.97357,1.50,1.00
2016.12.16 16:49:36.414,0.97335,0.97359,1.00,1.00
2016.12.16 16:49:36.515,0.97339,0.97359,1.00,1.00
2016.12.16 16:49:36.754,0.97339,0.97362,1.00,1.50
2016.12.16 16:49:37.118,0.97339,0.9736,1.00,1.00
2016.12.16 16:49:37.420,0.97338,0.97358,1.00,1.00
2016.12.16 16:49:37.957,0.97338,0.97361,1.00,1.50
2016.12.16 16:49:38.830,0.97338,0.97362,1.12,1.37
2016.12.16 16:49:39.214,0.97338,0.97358,1.12,2.10
2016.12.16 16:49:39.335,0.97334,0.97355,1.50,1.35
2016.12.16 16:49:39.436,0.97334,0.97356,1.50,1.60
2016.12.16 16:49:39.537,0.97333,0.97356,1.00,2.10
2016.12.16 16:49:39.952,0.97333,0.97353,1.12,1.00
2016.12.16 16:49:40.604,0.97333,0.97354,1.12,1.00
2016.12.16 16:49:40.856,0.97333,0.97356,1.12,1.12
2016.12.16 16:49:41.058,0.97334,0.97357,1.37,1.00
2016.12.16 16:49:41.423,0.97338,0.9736,1.50,1.00
2016.12.16 16:49:41.675,0.97348,0.97371,1.37,1.87
2016.12.16 16:49:41.826,0.97348,0.97373,1.75,3.37
2016.12.16 16:49:41.981,0.97348,0.97369,1.75,1.00
2016.12.16 16:49:42.132,0.97348,0.97369,1.12,1.00
2016.12.16 16:49:42.618,0.97344,0.97367,1.75,1.00
2016.12.16 16:49:42.719,0.97344,0.97367,1.00,1.75
2016.12.16 16:49:43.265,0.97343,0.97367,1.00,1.75
2016.12.16 16:49:43.366,0.97344,0.9737,1.00,2.25
2016.12.16 16:49:43.417,0.97347,0.97371,1.00,3.00
2016.12.16 16:49:43.568,0.97348,0.97372,1.00,1.00
2016.12.16 16:49:43.720,0.97348,0.97372,2.25,1.00
2016.12.16 16:49:44.164,0.97346,0.9737,1.00,1.00
2016.12.16 16:49:44.215,0.97349,0.9737,1.00,1.00
2016.12.16 16:49:44.467,0.97347,0.97373,2.25,1.87
2016.12.16 16:49:44.568,0.97349,0.97373,1.75,1.50
2016.12.16 16:49:44.668,0.97349,0.97373,1.50,2.25
2016.12.16 16:49:44.719,0.97349,0.97371,1.50,1.50
2016.12.16 16:49:45.269,0.97349,0.97372,1.00,3.00
2016.12.16 16:49:45.633,0.97351,0.97372,1.00,1.50
2016.12.16 16:49:45.935,0.97349,0.97368,1.00,1.67
2016.12.16 16:49:46.137,0.97344,0.97368,1.12,2.10
2016.12.16 16:49:46.540,0.97343,0.97368,1.12,1.75
2016.12.16 16:49:46.780,0.97344,0.97369,1.50,1.50
2016.12.16 16:49:46.831,0.97346,0.97369,1.00,1.50
2016.12.16 16:49:47.133,0.9735,0.97368,1.00,1.00
2016.12.16 16:49:47.234,0.97353,0.97376,1.00,2.25
2016.12.16 16:49:47.335,0.97354,0.97377,1.00,1.75
2016.12.16 16:49:47.861,0.97353,0.97376,1.00,1.50
2016.12.16 16:49:47.912,0.97351,0.97372,1.50,1.00
2016.12.16 16:49:48.064,0.97348,0.97371,1.75,1.50
2016.12.16 16:49:48.165,0.97345,0.9737,1.50,1.37
2016.12.16 16:49:48.777,0.97345,0.97371,1.75,1.50
2016.12.16 16:49:49.379,0.97346,0.97372,1.75,1.87
2016.12.16 16:49:49.830,0.97345,0.97369,2.25,1.00
2016.12.16 16:49:50.132,0.97351,0.97371,1.12,1.37
2016.12.16 16:49:50.561,0.97353,0.97369,1.00,1.00
2016.12.16 16:49:50.612,0.97353,0.97375,1.00,1.00
2016.12.16 16:49:51.018,0.97351,0.97375,1.00,1.00
2016.12.16 16:49:51.119,0.97353,0.97375,1.00,1.00
2016.12.16 16:49:51.421,0.97351,0.97372,1.00,1.50
2016.12.16 16:49:51.616,0.97344,0.97367,1.00,1.00
2016.12.16 16:49:51.667,0.97349,0.97366,1.00,1.75
2016.12.16 16:49:51.717,0.97344,0.97365,1.00,1.50
2016.12.16 16:49:51.819,0.97341,0.97364,1.00,1.00
2016.12.16 16:49:51.869,0.97343,0.97364,1.00,1.00
2016.12.16 16:49:52.071,0.97343,0.97367,1.50,1.60
2016.12.16 16:49:52.172,0.97343,0.97364,1.00,1.00
2016.12.16 16:49:52.489,0.97338,0.97366,2.62,1.75
2016.12.16 16:49:52.540,0.97343,0.97361,1.00,1.00
2016.12.16 16:49:52.641,0.97339,0.97365,1.50,3.00
2016.12.16 16:49:52.742,0.97344,0.97365,1.00,2.25
2016.12.16 16:49:52.894,0.97345,0.97371,1.00,2.25
2016.12.16 16:49:52.948,0.97344,0.97364,1.00,1.50
2016.12.16 16:49:53.101,0.97341,0.97366,1.12,1.75
2016.12.16 16:49:53.278,0.97344,0.97367,1.00,2.25
2016.12.16 16:49:53.389,0.97344,0.97364,1.00,1.00
2016.12.16 16:49:53.440,0.97349,0.97363,1.00,1.00
2016.12.16 16:49:53.541,0.97344,0.97367,1.12,1.37
2016.12.16 16:49:53.592,0.97344,0.97367,1.50,1.00
2016.12.16 16:49:53.794,0.97349,0.9737,1.00,1.50
2016.12.16 16:49:54.252,0.97344,0.97373,2.25,2.25
2016.12.16 16:49:54.353,0.97345,0.97371,1.50,1.37
2016.12.16 16:49:54.404,0.97347,0.97371,1.00,1.00
2016.12.16 16:49:54.455,0.97349,0.97371,1.00,1.00
2016.12.16 16:49:54.807,0.9735,0.97374,1.00,1.00
2016.12.16 16:49:55.009,0.97353,0.97374,1.00,1.00
2016.12.16 16:49:55.060,0.9735,0.97374,1.00,1.00
2016.12.16 16:49:55.324,0.97349,0.97375,1.00,2.25
2016.12.16 16:49:55.476,0.97349,0.97376,1.12,3.00
2016.12.16 16:49:55.687,0.97349,0.97376,1.00,4.87
2016.12.16 16:49:55.788,0.97349,0.97373,1.50,1.00
2016.12.16 16:49:56.090,0.97353,0.97373,1.00,1.00
2016.12.16 16:49:56.141,0.97349,0.97374,1.12,1.75
2016.12.16 16:49:56.192,0.97354,0.97374,1.00,1.75
2016.12.16 16:49:56.243,0.97349,0.97372,1.00,1.37
2016.12.16 16:49:56.344,0.97348,0.97373,1.50,1.50
2016.12.16 16:49:56.488,0.97348,0.97372,1.00,1.50
2016.12.16 16:49:56.589,0.97344,0.97368,1.12,1.00
2016.12.16 16:49:56.639,0.97344,0.97367,1.12,1.37
2016.12.16 16:49:57.143,0.97342,0.97365,1.00,1.00
2016.12.16 16:49:57.243,0.97344,0.97368,1.00,1.75
2016.12.16 16:49:57.596,0.97349,0.97369,1.00,1.75
2016.12.16 16:49:57.760,0.97346,0.97366,1.00,1.00
2016.12.16 16:49:57.988,0.97346,0.97373,1.87,2.25
2016.12.16 16:49:58.291,0.97346,0.97371,1.50,1.75
2016.12.16 16:49:58.796,0.97349,0.97371,1.00,1.75
2016.12.16 16:49:59.161,0.97346,0.97371,1.50,2.25
2016.12.16 16:49:59.662,0.97346,0.9737,1.00,1.75
2016.12.16 16:49:59.813,0.97349,0.9737,1.00,1.75
2016.12.16 16:50:00.015,0.97346,0.97371,1.00,1.75
2016.12.16 16:50:00.065,0.97348,0.97372,1.00,2.25
2016.12.16 16:50:00.116,0.97347,0.97371,1.00,1.00
2016.12.16 16:50:00.321,0.97349,0.97371,1.00,1.00
2016.12.16 16:50:00.624,0.97346,0.97368,1.00,1.00
2016.12.16 16:50:00.725,0.97343,0.97369,1.87,1.75
2016.12.16 16:50:00.876,0.97344,0.97369,1.35,1.00
2016.12.16 16:50:01.078,0.97343,0.97368,1.00,1.75
2016.12.16 16:50:01.611,0.97344,0.97366,1.00,1.75
2016.12.16 16:50:01.712,0.97344,0.97366,1.00,1.50
2016.12.16 16:50:02.008,0.97349,0.97366,1.00,1.00
2016.12.16 16:50:02.109,0.97343,0.97365,1.50,1.00
2016.12.16 16:50:02.160,0.97341,0.97363,1.37,1.00
2016.12.16 16:50:02.211,0.97339,0.97363,1.12,1.37
2016.12.16 16:50:02.311,0.97337,0.97361,1.50,1.00
2016.12.16 16:50:02.362,0.97339,0.97361,1.00,1.00
2016.12.16 16:50:02.618,0.97342,0.97365,1.00,1.00
2016.12.16 16:50:02.719,0.97343,0.9737,1.12,1.75
2016.12.16 16:50:02.770,0.97344,0.97369,1.37,1.37
2016.12.16 16:50:02.921,0.97348,0.97371,1.00,1.50
2016.12.16 16:50:03.123,0.97349,0.97376,3.00,2.25
2016.12.16 16:50:03.224,0.97351,0.97376,1.00,2.25
2016.12.16 16:50:03.288,0.9735,0.97376,3.00,1.87
2016.12.16 16:50:03.934,0.97353,0.97376,1.50,1.00
2016.12.16 16:50:04.237,0.97364,0.9738,1.00,1.00
2016.12.16 16:50:04.288,0.97364,0.97389,1.50,1.50
2016.12.16 16:50:04.389,0.97364,0.97391,3.00,1.00
2016.12.16 16:50:04.692,0.97364,0.97391,1.75,2.25
2016.12.16 16:50:05.811,0.97368,0.9739,1.00,1.37
2016.12.16 16:50:06.114,0.97374,0.974,1.00,2.62
2016.12.16 16:50:06.416,0.97363,0.97383,1.50,2.62
2016.12.16 16:50:06.517,0.97369,0.97393,1.00,2.62
2016.12.16 16:50:06.639,0.97369,0.97393,1.00,1.50
2016.12.16 16:50:06.691,0.9737,0.97393,1.00,1.00
2016.12.16 16:50:06.742,0.9737,0.97391,1.00,1.00
2016.12.16 16:50:06.995,0.97359,0.97385,2.25,1.37
2016.12.16 16:50:07.046,0.97364,0.97387,1.00,1.75
2016.12.16 16:50:07.097,0.97364,0.97389,1.00,3.75
2016.12.16 16:50:07.248,0.97359,0.97383,2.25,1.00
2016.12.16 16:50:07.299,0.97359,0.97382,1.37,1.00
2016.12.16 16:50:07.451,0.97359,0.97378,1.00,1.00
2016.12.16 16:50:08.095,0.97358,0.97378,1.00,1.12
2016.12.16 16:50:08.146,0.97354,0.97378,1.75,2.62
2016.12.16 16:50:08.196,0.97354,0.97375,1.00,1.00
2016.12.16 16:50:08.650,0.97353,0.97371,1.00,1.00
2016.12.16 16:50:08.741,0.97348,0.97371,1.00,1.00
2016.12.16 16:50:08.791,0.97346,0.97372,1.12,1.75
2016.12.16 16:50:08.893,0.97345,0.97372,2.25,1.87
2016.12.16 16:50:09.258,0.97344,0.9737,2.25,1.12
2016.12.16 16:50:09.309,0.97344,0.97369,2.25,1.00
2016.12.16 16:50:09.461,0.97348,0.97369,1.00,1.00
2016.12.16 16:50:09.864,0.97354,0.9737,1.00,1.37
2016.12.16 16:50:09.915,0.97349,0.9737,1.00,1.87
2016.12.16 16:50:10.067,0.97354,0.97373,1.00,3.75
2016.12.16 16:50:10.118,0.97346,0.97373,2.25,3.00
2016.12.16 16:50:11.296,0.97348,0.97372,2.25,1.00
2016.12.16 16:50:11.397,0.97348,0.97374,1.50,1.12
2016.12.16 16:50:11.498,0.97355,0.97378,1.00,2.25
2016.12.16 16:50:11.714,0.97353,0.97377,1.50,1.00
2016.12.16 16:50:11.815,0.97353,0.97375,1.50,1.00
2016.12.16 16:50:11.866,0.97353,0.97377,1.50,1.00
2016.12.16 16:50:12.369,0.97353,0.97375,1.50,1.00
2016.12.16 16:50:12.718,0.97349,0.97372,1.12,1.37
2016.12.16 16:50:13.035,0.97348,0.97366,1.00,3.60
2016.12.16 16:50:13.440,0.97349,0.97369,1.00,1.12
2016.12.16 16:50:13.541,0.97349,0.9737,1.00,1.50
2016.12.16 16:50:13.642,0.97349,0.9737,1.00,1.12
2016.12.16 16:50:14.109,0.97349,0.9737,1.00,1.75
2016.12.16 16:50:14.562,0.97344,0.97364,1.12,1.00
2016.12.16 16:50:14.613,0.97344,0.97365,1.00,1.37
2016.12.16 16:50:14.714,0.97338,0.97364,1.50,2.25
2016.12.16 16:50:14.916,0.97335,0.97362,2.25,1.50
2016.12.16 16:50:15.123,0.97339,0.97362,1.00,2.25
2016.12.16 16:50:15.174,0.97335,0.97361,1.12,1.75
2016.12.16 16:50:15.224,0.97339,0.97359,1.00,1.00
2016.12.16 16:50:15.527,0.97338,0.97361,1.00,1.75
2016.12.16 16:50:15.678,0.97338,0.97363,1.50,2.25
2016.12.16 16:50:16.081,0.97344,0.97359,1.00,1.00
2016.12.16 16:50:16.430,0.97344,0.9736,1.00,1.75
2016.12.16 16:50:16.531,0.97339,0.9736,1.00,1.75
2016.12.16 16:50:16.682,0.97339,0.97363,1.00,1.75
2016.12.16 16:50:16.733,0.97341,0.97363,1.00,1.50
2016.12.16 16:50:16.783,0.97341,0.97363,1.00,1.50
2016.12.16 16:50:16.934,0.97342,0.97366,1.37,1.50
2016.12.16 16:50:17.236,0.97349,0.97366,1.00,1.75
2016.12.16 16:50:17.761,0.97348,0.97368,1.00,1.75
2016.12.16 16:50:17.922,0.97348,0.97369,1.00,1.50
2016.12.16 16:50:18.023,0.97341,0.97357,1.75,1.00
2016.12.16 16:50:18.225,0.97333,0.97356,1.75,1.12
2016.12.16 16:50:18.317,0.97344,0.97357,1.00,1.00
2016.12.16 16:50:18.418,0.97344,0.97359,1.00,1.50
2016.12.16 16:50:18.468,0.97343,0.97356,1.00,1.00
2016.12.16 16:50:18.519,0.97343,0.97358,1.00,1.00
2016.12.16 16:50:18.570,0.97338,0.97358,1.37,1.00
2016.12.16 16:50:18.621,0.97338,0.97359,1.50,1.00
2016.12.16 16:50:18.934,0.97344,0.97358,1.00,1.50
2016.12.16 16:50:19.145,0.97344,0.9736,1.00,1.87
2016.12.16 16:50:19.525,0.97338,0.97357,1.00,1.00
2016.12.16 16:50:19.626,0.97343,0.9736,1.00,1.75
2016.12.16 16:50:19.828,0.97341,0.97363,1.37,1.00
2016.12.16 16:50:19.929,0.9734,0.97368,1.75,1.50
2016.12.16 16:50:19.979,0.97349,0.97365,1.00,1.50
2016.12.16 16:50:20.274,0.97343,0.97361,1.00,1.50
2016.12.16 16:50:20.425,0.97343,0.97363,1.00,1.00
2016.12.16 16:50:20.526,0.97343,0.97361,1.00,1.00
2016.12.16 16:50:20.929,0.97339,0.97361,1.12,1.60
2016.12.16 16:50:20.980,0.97339,0.97357,1.12,1.00
2016.12.16 16:50:21.031,0.97339,0.97359,1.12,1.00
2016.12.16 16:50:21.434,0.97339,0.97358,1.00,1.37
2016.12.16 16:50:21.736,0.97344,0.97361,1.00,1.00
2016.12.16 16:50:21.787,0.97344,0.97363,1.00,1.12
2016.12.16 16:50:21.838,0.97344,0.9736,1.00,1.00
2016.12.16 16:50:21.989,0.97344,0.97362,1.00,1.00
2016.12.16 16:50:22.291,0.97344,0.97364,1.00,2.25
2016.12.16 16:50:22.342,0.97344,0.97361,1.00,1.00
2016.12.16 16:50:22.578,0.97338,0.97361,1.37,1.00
2016.12.16 16:50:22.629,0.97337,0.97356,1.00,1.00
2016.12.16 16:50:22.841,0.97334,0.97354,1.00,1.00
2016.12.16 16:50:22.942,0.97338,0.97355,1.00,1.37
2016.12.16 16:50:23.244,0.97338,0.97358,1.00,1.50
2016.12.16 16:50:23.612,0.97334,0.97353,1.50,1.00
2016.12.16 16:50:23.914,0.97334,0.97349,1.00,1.00
2016.12.16 16:50:24.857,0.97334,0.97352,1.00,1.75
2016.12.16 16:50:25.424,0.97333,0.97353,1.00,1.75
2016.12.16 16:50:25.525,0.97333,0.97353,1.00,1.12
2016.12.16 16:50:25.878,0.97334,0.9735,1.00,1.00
2016.12.16 16:50:26.528,0.97334,0.97351,1.00,1.00
2016.12.16 16:50:27.130,0.97333,0.9735,1.00,1.00
2016.12.16 16:50:27.231,0.97333,0.97352,1.00,1.00
2016.12.16 16:50:27.753,0.97333,0.97354,1.00,1.50
2016.12.16 16:50:28.543,0.97333,0.97352,1.00,1.37
2016.12.16 16:50:28.861,0.97329,0.9735,1.50,1.00
2016.12.16 16:50:28.945,0.9733,0.9735,1.37,1.00
2016.12.16 16:50:29.046,0.97332,0.9735,1.00,1.00
2016.12.16 16:50:29.630,0.97328,0.97351,1.75,1.50
2016.12.16 16:50:29.731,0.97328,0.97351,1.50,1.50
2016.12.16 16:50:29.781,0.97333,0.97351,1.00,1.50
2016.12.16 16:50:30.159,0.97326,0.97352,1.75,1.00
2016.12.16 16:50:30.356,0.97333,0.97352,1.00,1.00
2016.12.16 16:50:30.559,0.97328,0.97354,3.00,1.00
2016.12.16 16:50:30.660,0.9733,0.97355,1.75,1.00
2016.12.16 16:50:31.815,0.97334,0.97353,1.12,1.35
2016.12.16 16:50:32.163,0.97334,0.9735,1.00,1.00
2016.12.16 16:50:32.265,0.97329,0.97351,1.12,1.00
2016.12.16 16:50:32.315,0.97333,0.97351,1.00,1.00
2016.12.16 16:50:32.570,0.97333,0.97353,1.00,1.00
2016.12.16 16:50:32.671,0.97333,0.97354,1.00,2.25
2016.12.16 16:50:32.822,0.97329,0.97354,1.75,1.12
2016.12.16 16:50:33.024,0.97333,0.97356,1.00,1.00
2016.12.16 16:50:33.075,0.9733,0.97356,3.00,1.50
2016.12.16 16:50:33.326,0.97339,0.97361,1.00,1.87
2016.12.16 16:50:34.361,0.97335,0.97358,1.75,1.00
2016.12.16 16:50:34.462,0.97333,0.97357,1.37,1.87
2016.12.16 16:50:34.662,0.97337,0.97362,1.37,2.62
2016.12.16 16:50:34.763,0.97339,0.97365,1.50,1.75
2016.12.16 16:50:34.863,0.97339,0.97363,1.50,1.00
2016.12.16 16:50:35.166,0.97339,0.97359,1.37,1.00
2016.12.16 16:50:35.518,0.97344,0.97359,1.00,1.00
2016.12.16 16:50:35.569,0.97344,0.97362,1.00,2.62
2016.12.16 16:50:35.922,0.97344,0.97363,1.00,1.12
2016.12.16 16:50:36.592,0.97344,0.97364,1.00,2.25
2016.12.16 16:50:36.880,0.97339,0.97362,2.25,1.00
2016.12.16 16:50:37.282,0.97338,0.97364,2.25,1.35
2016.12.16 16:50:37.456,0.97338,0.97361,2.25,1.00
2016.12.16 16:50:37.715,0.97338,0.97364,1.75,1.00
2016.12.16 16:50:37.884,0.97344,0.97367,1.00,1.50
2016.12.16 16:50:38.287,0.97339,0.97364,1.75,1.37
2016.12.16 16:50:38.614,0.97339,0.97366,1.50,1.87
2016.12.16 16:50:38.879,0.97339,0.97359,1.75,1.00
2016.12.16 16:50:38.930,0.9734,0.97362,1.00,1.00
2016.12.16 16:50:39.032,0.97349,0.97363,1.00,1.00
2016.12.16 16:50:39.284,0.97344,0.97361,1.00,1.00
2016.12.16 16:50:39.641,0.97349,0.97361,1.00,1.00
2016.12.16 16:50:39.742,0.97349,0.97364,1.00,1.12
2016.12.16 16:50:39.952,0.97353,0.97364,1.00,1.00
2016.12.16 16:50:40.053,0.97353,0.97374,1.00,1.87
2016.12.16 16:50:40.205,0.9735,0.97372,1.50,1.00
2016.12.16 16:50:40.306,0.97349,0.97376,2.25,3.97
2016.12.16 16:50:40.357,0.97349,0.97371,2.25,1.50
2016.12.16 16:50:40.407,0.97349,0.97373,2.25,1.50
2016.12.16 16:50:41.035,0.97348,0.97373,1.12,3.75
2016.12.16 16:50:41.086,0.97348,0.97372,1.37,2.25
2016.12.16 16:50:41.412,0.97348,0.9737,2.25,1.00
2016.12.16 16:50:41.947,0.97348,0.97371,2.25,1.00
2016.12.16 16:50:42.249,0.97353,0.97372,1.00,1.00
2016.12.16 16:50:42.350,0.9735,0.97372,1.00,1.00
2016.12.16 16:50:42.734,0.97358,0.97373,1.00,1.00
2016.12.16 16:50:42.835,0.97354,0.97372,1.00,1.00
2016.12.16 16:50:43.037,0.97358,0.97373,1.00,1.00
2016.12.16 16:50:43.440,0.97352,0.97373,1.00,1.00
2016.12.16 16:50:43.541,0.97359,0.97376,1.00,1.12
2016.12.16 16:50:43.800,0.97353,0.97376,1.12,3.00
2016.12.16 16:50:43.867,0.97353,0.97372,1.00,1.12
2016.12.16 16:50:44.550,0.97354,0.97373,1.00,1.37
2016.12.16 16:50:44.820,0.97348,0.97371,1.50,1.00
2016.12.16 16:50:45.122,0.9735,0.97373,1.75,1.00
2016.12.16 16:50:45.223,0.9735,0.97373,1.50,1.00
2016.12.16 16:50:45.777,0.9735,0.97374,1.00,1.50
2016.12.16 16:50:46.395,0.97353,0.97374,1.00,1.50
2016.12.16 16:50:46.915,0.97354,0.97376,1.00,1.37
2016.12.16 16:50:48.305,0.97354,0.97376,1.12,1.50
2016.12.16 16:50:48.879,0.97353,0.97375,1.50,1.00
2016.12.16 16:50:48.980,0.97353,0.97377,1.50,1.00
2016.12.16 16:50:49.081,0.97359,0.97376,1.00,1.00
2016.12.16 16:50:49.587,0.97359,0.97377,1.00,1.50
2016.12.16 16:50:50.132,0.97359,0.97378,1.00,1.00
2016.12.16 16:50:50.326,0.97354,0.97378,1.50,1.00
2016.12.16 16:50:50.513,0.97359,0.97378,1.00,1.00
2016.12.16 16:50:51.499,0.97358,0.97377,1.00,1.00
2016.12.16 16:50:51.550,0.97353,0.97381,1.75,1.50
2016.12.16 16:50:51.751,0.97355,0.97377,1.12,1.00
2016.12.16 16:50:52.073,0.97354,0.97379,2.25,1.12
2016.12.16 16:50:52.512,0.97359,0.97378,1.00,1.00
2016.12.16 16:50:52.961,0.97362,0.9738,1.00,1.37
2016.12.16 16:50:53.011,0.97362,0.97387,1.12,1.75
2016.12.16 16:50:53.112,0.97363,0.97387,1.00,1.00
2016.12.16 16:50:53.641,0.97363,0.97384,1.00,1.00
2016.12.16 16:50:53.923,0.97355,0.97381,1.50,1.75
2016.12.16 16:50:54.226,0.97354,0.97379,1.12,2.25
2016.12.16 16:50:55.885,0.97353,0.97374,2.25,1.00
2016.12.16 16:50:56.238,0.97354,0.97377,1.67,1.00
2016.12.16 16:50:56.439,0.97354,0.9738,2.25,1.75
2016.12.16 16:50:56.516,0.97354,0.9738,2.62,1.37
2016.12.16 16:50:56.668,0.97359,0.97382,1.00,1.12
2016.12.16 16:50:56.820,0.97359,0.9738,1.00,1.00
2016.12.16 16:50:57.360,0.97359,0.97381,1.00,1.00
2016.12.16 16:50:57.662,0.97363,0.97383,1.00,1.50
2016.12.16 16:50:57.713,0.97359,0.97384,1.00,3.00
2016.12.16 16:50:57.804,0.97364,0.97384,1.00,3.37
2016.12.16 16:50:57.855,0.97364,0.97384,1.00,3.37
2016.12.16 16:50:58.377,0.97363,0.97383,1.00,1.00
2016.12.16 16:50:58.922,0.97363,0.97384,1.00,3.00
2016.12.16 16:50:59.124,0.97358,0.97383,1.00,1.35
2016.12.16 16:50:59.426,0.97359,0.97376,1.00,1.12
2016.12.16 16:51:00.025,0.97359,0.97378,1.00,1.12
2016.12.16 16:51:00.579,0.97359,0.97377,1.00,1.12
2016.12.16 16:51:00.630,0.97359,0.97377,1.00,1.50
2016.12.16 16:51:01.269,0.97359,0.97376,1.00,1.00
2016.12.16 16:51:01.818,0.97359,0.97378,1.00,1.12
2016.12.16 16:51:01.919,0.97359,0.97378,1.00,1.50
2016.12.16 16:51:02.171,0.97359,0.97382,1.00,3.00
2016.12.16 16:51:02.271,0.97364,0.97382,1.00,2.25
2016.12.16 16:51:02.552,0.97359,0.97382,1.00,2.25
2016.12.16 16:51:02.814,0.97359,0.9738,1.00,1.75
2016.12.16 16:51:02.928,0.97355,0.97382,1.87,3.00
2016.12.16 16:51:02.979,0.97357,0.9738,1.00,2.25
2016.12.16 16:51:03.030,0.97356,0.97379,1.50,1.00
2016.12.16 16:51:03.131,0.97358,0.9738,1.00,1.00
2016.12.16 16:51:03.332,0.9736,0.97383,1.00,1.00
2016.12.16 16:51:03.411,0.97359,0.97381,1.50,1.00
2016.12.16 16:51:03.512,0.97359,0.97383,1.50,1.50
2016.12.16 16:51:03.563,0.97359,0.9738,1.50,1.00
2016.12.16 16:51:03.865,0.97353,0.97373,2.25,1.00
2016.12.16 16:51:03.966,0.97353,0.97374,1.00,1.50
2016.12.16 16:51:04.463,0.97349,0.97373,1.12,1.87
2016.12.16 16:51:04.614,0.97349,0.97371,1.12,1.00
2016.12.16 16:51:04.967,0.97349,0.97373,1.12,1.12
2016.12.16 16:51:05.516,0.97348,0.97372,1.00,1.00
2016.12.16 16:51:05.881,0.97348,0.9737,1.00,1.12
2016.12.16 16:51:06.183,0.97348,0.97372,1.00,1.37
2016.12.16 16:51:06.284,0.97348,0.97372,1.00,1.87
2016.12.16 16:51:06.838,0.97348,0.9737,1.00,1.00
2016.12.16 16:51:07.352,0.97349,0.97371,1.00,1.00
2016.12.16 16:51:08.127,0.97348,0.97371,1.12,1.00
2016.12.16 16:51:08.429,0.97353,0.97372,1.00,1.12
2016.12.16 16:51:08.834,0.97347,0.97373,2.25,1.87
2016.12.16 16:51:08.900,0.97347,0.97373,1.87,2.25
2016.12.16 16:51:09.062,0.97353,0.97373,1.00,2.25
2016.12.16 16:51:09.969,0.97353,0.97372,1.00,1.12
2016.12.16 16:51:10.299,0.97353,0.9737,1.00,1.00
2016.12.16 16:51:10.461,0.97348,0.9737,1.50,1.00
2016.12.16 16:51:10.980,0.97349,0.9737,1.75,1.00
2016.12.16 16:51:11.081,0.97349,0.97373,1.75,1.00
2016.12.16 16:51:11.283,0.97349,0.97375,2.25,1.87
2016.12.16 16:51:11.807,0.97351,0.97374,1.00,1.00
2016.12.16 16:51:12.470,0.97351,0.97375,1.00,2.25
2016.12.16 16:51:14.031,0.97354,0.97375,1.00,1.50
2016.12.16 16:51:16.151,0.97352,0.97375,1.00,1.00
2016.12.16 16:51:16.302,0.97354,0.97377,1.00,1.00
2016.12.16 16:51:16.632,0.97359,0.97378,1.00,1.00
2016.12.16 16:51:17.403,0.97364,0.97384,1.00,1.75
2016.12.16 16:51:17.504,0.97364,0.97384,1.00,1.00
2016.12.16 16:51:17.555,0.97362,0.97384,1.00,1.00
2016.12.16 16:51:17.606,0.9736,0.97384,1.50,1.50
2016.12.16 16:51:17.808,0.97358,0.97382,1.00,1.00
2016.12.16 16:51:18.124,0.97359,0.9738,1.00,1.37
2016.12.16 16:51:18.376,0.97356,0.97379,1.37,1.00
2016.12.16 16:51:18.497,0.97355,0.9738,1.50,1.50
2016.12.16 16:51:18.649,0.97356,0.97383,1.87,2.25
2016.12.16 16:51:18.798,0.97355,0.9738,3.00,1.00
2016.12.16 16:51:19.106,0.97358,0.97377,1.00,1.00
2016.12.16 16:51:19.333,0.97359,0.97381,1.00,1.00
2016.12.16 16:51:19.836,0.97359,0.97382,1.50,1.12
2016.12.16 16:51:20.252,0.97361,0.97384,1.12,1.00
2016.12.16 16:51:20.303,0.97361,0.97384,1.37,1.00
2016.12.16 16:51:20.815,0.97359,0.97384,2.25,1.00
2016.12.16 16:51:21.968,0.97359,0.97384,1.75,1.00
2016.12.16 16:51:22.491,0.97358,0.97381,1.75,1.00
2016.12.16 16:51:22.542,0.97358,0.9738,1.75,1.50
2016.12.16 16:51:22.744,0.97356,0.97381,1.50,2.25
2016.12.16 16:51:22.812,0.97354,0.97381,6.37,1.00
2016.12.16 16:51:23.014,0.9736,0.97384,1.50,1.00
2016.12.16 16:51:23.115,0.9736,0.97386,2.25,1.50
2016.12.16 16:51:23.447,0.97361,0.97388,1.75,2.25
2016.12.16 16:51:23.859,0.97361,0.97385,1.75,1.00
2016.12.16 16:51:23.963,0.9736,0.97387,3.75,1.12
2016.12.16 16:51:24.317,0.97364,0.97389,2.25,1.00
2016.12.16 16:51:24.989,0.97365,0.9739,1.75,1.12
2016.12.16 16:51:25.487,0.97369,0.97393,1.00,1.75
2016.12.16 16:51:25.638,0.97366,0.97393,2.25,1.00
2016.12.16 16:51:25.689,0.97367,0.97393,1.75,1.37
2016.12.16 16:51:26.195,0.97367,0.97393,2.25,1.75
2016.12.16 16:51:27.232,0.97365,0.97388,1.75,1.00
2016.12.16 16:51:27.333,0.97366,0.97387,1.00,1.00
2016.12.16 16:51:27.915,0.97364,0.97389,1.50,1.37
2016.12.16 16:51:28.135,0.97364,0.97388,1.00,1.00
2016.12.16 16:51:28.515,0.97363,0.97389,2.25,1.37
2016.12.16 16:51:28.840,0.9736,0.97387,1.75,1.50
2016.12.16 16:51:29.294,0.97362,0.97388,1.37,1.75
2016.12.16 16:51:29.448,0.97365,0.97388,1.37,1.12
2016.12.16 16:51:29.499,0.97365,0.97391,1.00,4.12
2016.12.16 16:51:29.600,0.97365,0.97391,1.12,2.25
2016.12.16 16:51:29.701,0.97366,0.97391,1.37,1.50
2016.12.16 16:51:29.751,0.97367,0.97391,1.00,1.50
2016.12.16 16:51:30.787,0.97366,0.97392,1.75,2.25
2016.12.16 16:51:31.303,0.97368,0.97392,1.37,1.12
2016.12.16 16:51:32.772,0.97366,0.97391,1.75,1.00
2016.12.16 16:51:32.932,0.97365,0.97391,1.12,1.50
2016.12.16 16:51:33.244,0.97366,0.97392,1.50,2.25
2016.12.16 16:51:33.554,0.97366,0.97392,1.75,1.12
2016.12.16 16:51:34.120,0.97365,0.97385,1.75,1.00
2016.12.16 16:51:34.333,0.97363,0.97387,1.75,1.00
2016.12.16 16:51:34.384,0.97365,0.97387,1.00,1.00
2016.12.16 16:51:34.435,0.97364,0.97387,1.00,1.50
2016.12.16 16:51:34.636,0.97365,0.9739,1.75,1.87
2016.12.16 16:51:35.303,0.97364,0.97389,3.00,1.00
2016.12.16 16:51:35.750,0.97366,0.97391,1.75,1.00
2016.12.16 16:51:36.115,0.97369,0.97391,1.37,1.00
2016.12.16 16:51:36.449,0.97367,0.9739,1.00,1.75
2016.12.16 16:51:36.500,0.97365,0.9739,1.12,1.75
2016.12.16 16:51:36.551,0.97367,0.9739,1.50,1.75
2016.12.16 16:51:36.652,0.97368,0.97391,1.12,1.12
2016.12.16 16:51:37.597,0.97367,0.9739,1.87,1.00
2016.12.16 16:51:37.837,0.97364,0.9739,1.75,1.37
2016.12.16 16:51:38.358,0.97363,0.97389,2.25,1.37
2016.12.16 16:51:38.660,0.97363,0.97386,1.50,1.00
2016.12.16 16:51:39.780,0.97369,0.97388,1.00,1.12
2016.12.16 16:51:40.064,0.97364,0.97386,1.37,1.00
2016.12.16 16:51:40.165,0.97369,0.9739,1.00,1.50
2016.12.16 16:51:40.266,0.97368,0.9739,1.00,1.00
2016.12.16 16:51:40.517,0.97371,0.97394,1.00,1.75
2016.12.16 16:51:40.715,0.97371,0.97396,1.50,1.75
2016.12.16 16:51:40.766,0.97371,0.97396,1.50,1.50
2016.12.16 16:51:40.866,0.97371,0.97396,1.12,2.25
2016.12.16 16:51:41.370,0.97371,0.97394,1.00,1.75
2016.12.16 16:51:41.420,0.97368,0.97394,1.50,1.75
2016.12.16 16:51:41.471,0.97368,0.97394,1.75,1.50
2016.12.16 16:51:41.572,0.97369,0.97393,1.00,1.00
2016.12.16 16:51:42.639,0.97368,0.97375,1.00,1.00
2016.12.16 16:51:42.790,0.97362,0.97378,2.62,1.00
2016.12.16 16:51:42.841,0.9736,0.97377,2.25,1.00
2016.12.16 16:51:42.941,0.97354,0.97377,1.00,1.37
2016.12.16 16:51:43.468,0.97354,0.97376,1.37,1.00
2016.12.16 16:51:44.013,0.97354,0.97377,1.37,1.00
2016.12.16 16:51:44.214,0.97351,0.97375,2.85,1.00
2016.12.16 16:51:44.768,0.97351,0.97376,2.85,1.00
2016.12.16 16:51:45.288,0.97353,0.97377,2.25,1.50
2016.12.16 16:51:45.775,0.97351,0.97375,2.25,1.00
2016.12.16 16:51:46.077,0.97348,0.97367,1.00,1.00
2016.12.16 16:51:46.329,0.97342,0.97367,1.50,1.50
2016.12.16 16:51:46.531,0.97345,0.97368,1.00,1.75
2016.12.16 16:51:46.582,0.97344,0.97369,3.00,1.50
2016.12.16 16:51:46.690,0.97344,0.97369,3.00,1.37
2016.12.16 16:51:46.741,0.97348,0.97372,1.00,1.00
2016.12.16 16:51:46.842,0.97349,0.97371,1.37,1.00
2016.12.16 16:51:47.450,0.97346,0.97372,1.75,1.00
2016.12.16 16:51:47.601,0.97347,0.9737,1.00,1.50
2016.12.16 16:51:47.652,0.97342,0.97367,1.75,1.00
2016.12.16 16:51:47.703,0.97344,0.97366,1.12,1.00
2016.12.16 16:51:47.937,0.97344,0.97368,1.12,1.12
2016.12.16 16:51:48.478,0.97345,0.97369,1.50,1.00
2016.12.16 16:51:48.983,0.97344,0.97368,1.75,1.00
2016.12.16 16:51:49.385,0.97344,0.97371,2.25,2.62
2016.12.16 16:51:49.594,0.97344,0.97368,1.50,1.00
2016.12.16 16:51:50.152,0.97344,0.97367,1.50,1.50
2016.12.16 16:51:50.404,0.97343,0.97367,1.50,1.00
2016.12.16 16:51:50.606,0.97346,0.97369,1.00,1.75
2016.12.16 16:51:50.917,0.97347,0.97371,1.50,1.12
2016.12.16 16:51:51.068,0.97344,0.97371,2.10,1.37
2016.12.16 16:51:51.575,0.97346,0.97371,1.12,1.75
2016.12.16 16:51:54.322,0.97342,0.97366,1.50,1.00
2016.12.16 16:51:54.423,0.9734,0.97366,2.25,1.50
2016.12.16 16:51:54.575,0.97349,0.97368,1.00,2.25
2016.12.16 16:51:54.676,0.97344,0.97366,1.00,2.25
2016.12.16 16:51:54.777,0.9734,0.97365,1.75,1.12
2016.12.16 16:51:54.928,0.9734,0.97366,1.00,1.75
2016.12.16 16:51:55.029,0.97339,0.97365,2.25,1.50
2016.12.16 16:51:55.079,0.97344,0.97365,1.00,2.25
2016.12.16 16:51:56.404,0.97344,0.97367,1.00,2.25
2016.12.16 16:51:57.743,0.97344,0.9737,1.75,2.25
2016.12.16 16:51:59.258,0.97341,0.97368,1.75,1.00
2016.12.16 16:51:59.308,0.97341,0.97368,2.25,1.50
2016.12.16 16:51:59.869,0.97343,0.97367,1.00,1.12
2016.12.16 16:52:00.026,0.97344,0.97366,1.00,1.37
2016.12.16 16:52:00.723,0.97344,0.97365,1.00,1.50
2016.12.16 16:52:01.226,0.97344,0.97365,1.00,1.37
2016.12.16 16:52:01.327,0.9734,0.97366,1.37,1.00
2016.12.16 16:52:01.529,0.97343,0.97369,1.37,2.25
2016.12.16 16:52:02.078,0.97344,0.9737,1.12,3.00
2016.12.16 16:52:02.554,0.97344,0.97365,1.00,1.00
2016.12.16 16:52:03.185,0.97344,0.97364,1.00,1.00
2016.12.16 16:52:03.337,0.97338,0.97363,1.75,1.12
2016.12.16 16:52:03.611,0.97338,0.97364,1.50,1.75
2016.12.16 16:52:03.712,0.97338,0.97362,2.25,1.00
2016.12.16 16:52:04.240,0.97339,0.97361,1.00,1.00
2016.12.16 16:52:04.889,0.97338,0.97361,1.50,1.00
2016.12.16 16:52:05.040,0.97338,0.97361,1.00,1.75
2016.12.16 16:52:05.247,0.97338,0.97361,1.00,1.50
2016.12.16 16:52:06.019,0.97338,0.97361,1.50,1.12
2016.12.16 16:52:06.552,0.9734,0.97365,1.00,2.25
2016.12.16 16:52:06.653,0.97343,0.97364,1.00,1.00
2016.12.16 16:52:07.180,0.97343,0.97366,1.50,1.50
2016.12.16 16:52:07.728,0.97343,0.97365,1.00,1.50
2016.12.16 16:52:08.330,0.9734,0.97365,1.00,1.50
2016.12.16 16:52:08.571,0.97339,0.97363,1.37,2.25
2016.12.16 16:52:08.794,0.97335,0.97361,1.50,1.37
2016.12.16 16:52:08.895,0.97339,0.9736,1.00,1.12
2016.12.16 16:52:09.350,0.97334,0.9736,3.00,1.87
2016.12.16 16:52:09.842,0.97338,0.97361,1.37,1.12
2016.12.16 16:52:10.369,0.97338,0.97362,1.00,1.37
2016.12.16 16:52:10.621,0.97339,0.97365,1.50,1.75
2016.12.16 16:52:10.672,0.97339,0.97365,1.50,1.37
2016.12.16 16:52:10.981,0.97339,0.9736,1.00,1.87
2016.12.16 16:52:11.183,0.97334,0.97358,1.00,1.87
2016.12.16 16:52:11.284,0.9733,0.97355,1.75,1.37
2016.12.16 16:52:11.334,0.9733,0.97355,1.50,1.50
2016.12.16 16:52:11.486,0.97329,0.97356,2.25,1.12
2016.12.16 16:52:12.303,0.97339,0.97356,1.00,2.62
2016.12.16 16:52:12.405,0.97334,0.97358,1.00,1.75
2016.12.16 16:52:12.455,0.97337,0.97358,1.00,1.12
2016.12.16 16:52:12.557,0.97338,0.97361,1.50,1.12
2016.12.16 16:52:12.658,0.97343,0.97361,1.00,1.12
2016.12.16 16:52:12.759,0.97342,0.97364,1.00,1.00
2016.12.16 16:52:12.861,0.97343,0.97366,1.12,1.12
2016.12.16 16:52:12.912,0.97341,0.97363,2.25,1.00
2016.12.16 16:52:13.528,0.97344,0.97365,1.00,1.87
2016.12.16 16:52:13.706,0.97342,0.97365,1.00,1.12
2016.12.16 16:52:14.002,0.97342,0.97363,1.00,1.00
2016.12.16 16:52:14.537,0.97341,0.97364,1.00,1.00
2016.12.16 16:52:14.688,0.97341,0.97366,1.12,1.00
2016.12.16 16:52:15.385,0.9734,0.97365,1.50,1.00
2016.12.16 16:52:15.486,0.9734,0.97367,1.50,1.00
2016.12.16 16:52:15.956,0.97343,0.97366,1.00,1.00
2016.12.16 16:52:16.056,0.97339,0.97366,1.87,1.50
2016.12.16 16:52:16.633,0.97338,0.97362,2.25,1.00
2016.12.16 16:52:17.159,0.97337,0.97358,1.50,1.00
2016.12.16 16:52:17.209,0.97336,0.97361,1.75,2.85
2016.12.16 16:52:17.562,0.97335,0.97359,1.50,1.35
2016.12.16 16:52:17.613,0.97339,0.97359,1.00,1.35
2016.12.16 16:52:18.034,0.97335,0.97359,1.50,2.10
2016.12.16 16:52:18.475,0.97333,0.97357,2.25,1.00
2016.12.16 16:52:18.896,0.97333,0.97357,1.50,1.00
2016.12.16 16:52:19.149,0.97331,0.97353,1.75,1.00
2016.12.16 16:52:19.396,0.97329,0.9735,1.12,1.35
2016.12.16 16:52:19.916,0.97326,0.9735,1.87,1.00
2016.12.16 16:52:20.017,0.97328,0.9735,1.00,1.00
2016.12.16 16:52:20.319,0.97334,0.97354,1.00,3.00
2016.12.16 16:52:20.865,0.97334,0.97353,1.00,1.00
2016.12.16 16:52:21.370,0.97334,0.97354,1.00,2.25
2016.12.16 16:52:21.947,0.97334,0.97353,1.00,1.00
2016.12.16 16:52:22.733,0.97329,0.97353,1.50,1.50
2016.12.16 16:52:22.783,0.97329,0.97351,1.50,1.35
2016.12.16 16:52:23.086,0.97324,0.97345,1.00,1.60
2016.12.16 16:52:23.609,0.97323,0.97345,1.00,1.12
2016.12.16 16:52:24.504,0.97323,0.97346,1.50,1.50
2016.12.16 16:52:24.605,0.97323,0.97346,1.00,1.50
2016.12.16 16:52:24.857,0.97323,0.97343,1.00,1.00
2016.12.16 16:52:25.216,0.97318,0.97342,1.00,1.00
2016.12.16 16:52:26.203,0.97319,0.97341,1.00,1.35
2016.12.16 16:52:26.304,0.97316,0.97336,1.00,1.00
2016.12.16 16:52:26.354,0.97316,0.97341,1.00,1.50
2016.12.16 16:52:26.607,0.97319,0.9734,1.00,2.25
2016.12.16 16:52:26.708,0.97319,0.97339,1.00,1.00
2016.12.16 16:52:26.961,0.97314,0.97338,1.00,2.25
2016.12.16 16:52:27.012,0.97314,0.97336,1.00,1.00
2016.12.16 16:52:27.214,0.97309,0.97337,2.25,1.50
2016.12.16 16:52:27.466,0.97314,0.97336,1.00,1.00
2016.12.16 16:52:28.143,0.97314,0.97337,1.00,2.25
2016.12.16 16:52:28.493,0.97314,0.97335,1.00,1.00
2016.12.16 16:52:29.240,0.97314,0.97333,1.00,1.00
2016.12.16 16:52:29.441,0.97308,0.97333,1.00,1.00
2016.12.16 16:52:29.744,0.97314,0.97333,1.00,1.00
2016.12.16 16:52:30.291,0.97314,0.97332,1.00,1.00
2016.12.16 16:52:30.442,0.97307,0.97331,1.00,1.00
2016.12.16 16:52:30.543,0.97307,0.97328,1.00,1.00
2016.12.16 16:52:30.594,0.97304,0.9733,1.50,1.00
2016.12.16 16:52:30.645,0.97304,0.97328,1.00,1.00
2016.12.16 16:52:30.947,0.97303,0.97326,1.12,1.00
2016.12.16 16:52:31.113,0.97302,0.97328,1.50,1.12
2016.12.16 16:52:31.529,0.97304,0.97331,1.87,1.12
2016.12.16 16:52:31.630,0.97306,0.97331,1.00,1.12
2016.12.16 16:52:32.127,0.97308,0.97332,1.50,1.50
2016.12.16 16:52:32.228,0.97309,0.97334,1.87,1.87
2016.12.16 16:52:32.429,0.97309,0.97331,1.12,1.00
2016.12.16 16:52:32.840,0.97307,0.97331,1.00,1.00
2016.12.16 16:52:33.111,0.97305,0.9733,1.00,1.00
2016.12.16 16:52:33.313,0.97304,0.97327,1.00,1.00
2016.12.16 16:52:33.615,0.97304,0.97324,1.00,1.00
2016.12.16 16:52:33.666,0.97304,0.97327,1.00,1.50
2016.12.16 16:52:34.283,0.97304,0.97328,1.00,2.25
2016.12.16 16:52:34.859,0.97303,0.97327,1.00,1.50
2016.12.16 16:52:34.910,0.97303,0.97329,1.00,4.87
2016.12.16 16:52:35.011,0.97301,0.9733,1.12,3.00
2016.12.16 16:52:35.063,0.97304,0.9733,1.00,3.00
2016.12.16 16:52:35.314,0.97304,0.9733,1.00,3.75
2016.12.16 16:52:36.992,0.97304,0.97329,1.50,1.75
2016.12.16 16:52:37.294,0.97302,0.97328,1.00,2.62
2016.12.16 16:52:37.345,0.97304,0.97328,1.00,1.00
2016.12.16 16:52:37.885,0.97303,0.9733,1.00,2.25
2016.12.16 16:52:38.262,0.97301,0.9733,1.00,1.75
2016.12.16 16:52:38.514,0.97305,0.97329,1.00,1.75
2016.12.16 16:52:38.607,0.97303,0.97331,1.00,2.25
2016.12.16 16:52:38.708,0.97309,0.97332,1.00,1.75
2016.12.16 16:52:38.758,0.97309,0.97329,1.00,1.00
2016.12.16 16:52:38.960,0.97304,0.97329,1.00,1.00
2016.12.16 16:52:39.061,0.97304,0.97327,1.50,1.00
2016.12.16 16:52:39.492,0.97304,0.97328,1.00,2.25
2016.12.16 16:52:39.996,0.97304,0.97327,1.00,1.50
2016.12.16 16:52:40.046,0.97301,0.97327,1.00,2.25
2016.12.16 16:52:40.550,0.97299,0.97326,1.50,2.25
2016.12.16 16:52:40.865,0.97301,0.97326,1.00,1.75
2016.12.16 16:52:41.118,0.97301,0.97326,1.00,1.37
2016.12.16 16:52:41.431,0.97304,0.97326,1.00,1.37
2016.12.16 16:52:42.599,0.97304,0.97327,1.00,1.75
2016.12.16 16:52:42.804,0.97304,0.97326,1.00,1.50
2016.12.16 16:52:42.865,0.97304,0.97323,1.00,1.00
2016.12.16 16:52:42.915,0.97299,0.97322,1.00,1.00
2016.12.16 16:52:43.265,0.97304,0.97323,1.00,2.10
2016.12.16 16:52:43.485,0.97295,0.97321,1.37,1.12
2016.12.16 16:52:43.536,0.97298,0.97321,1.00,1.12
2016.12.16 16:52:43.615,0.97296,0.97321,1.12,1.50
2016.12.16 16:52:43.772,0.97303,0.97321,1.00,1.00
2016.12.16 16:52:44.413,0.97298,0.97322,1.50,2.25
2016.12.16 16:52:44.882,0.97303,0.97322,1.00,1.50
2016.12.16 16:52:45.033,0.97304,0.97327,1.00,1.75
2016.12.16 16:52:45.336,0.97307,0.97328,1.00,1.50
2016.12.16 16:52:45.487,0.97306,0.97331,1.00,1.00
2016.12.16 16:52:45.588,0.97306,0.97326,1.00,1.00
2016.12.16 16:52:45.638,0.97304,0.97326,1.00,1.00
2016.12.16 16:52:45.739,0.97304,0.97326,1.00,1.50
2016.12.16 16:52:45.877,0.97305,0.97329,1.00,1.75
2016.12.16 16:52:45.978,0.97307,0.97332,1.00,1.87
2016.12.16 16:52:46.521,0.97306,0.97331,1.50,1.50
2016.12.16 16:52:47.059,0.97305,0.97331,1.87,2.25
2016.12.16 16:52:47.272,0.97307,0.97331,1.00,1.00
2016.12.16 16:52:47.660,0.97309,0.9733,1.00,1.00
2016.12.16 16:52:48.052,0.97309,0.97328,1.00,1.00
2016.12.16 16:52:48.152,0.97304,0.97329,1.12,1.50
2016.12.16 16:52:48.203,0.97304,0.97326,1.12,3.37
2016.12.16 16:52:48.405,0.97298,0.97323,1.87,1.00
2016.12.16 16:52:48.505,0.97298,0.97324,1.87,3.00
2016.12.16 16:52:48.606,0.97303,0.97323,1.00,1.50
2016.12.16 16:52:48.837,0.97303,0.97326,1.00,3.00
2016.12.16 16:52:49.153,0.97303,0.97323,1.00,1.00
2016.12.16 16:52:49.557,0.97303,0.97326,1.00,1.50
2016.12.16 16:52:50.060,0.97304,0.97326,1.00,1.00
2016.12.16 16:52:50.111,0.97299,0.97327,1.50,2.25
2016.12.16 16:52:50.255,0.97301,0.97326,1.00,1.75
2016.12.16 16:52:50.558,0.97299,0.97323,1.00,2.47
2016.12.16 16:52:50.861,0.97296,0.97321,1.00,1.60
2016.12.16 16:52:51.063,0.97298,0.97319,1.00,1.00
2016.12.16 16:52:51.164,0.97296,0.97319,1.50,1.00
2016.12.16 16:52:51.215,0.97298,0.97321,1.00,1.50
2016.12.16 16:52:51.524,0.97299,0.9732,1.37,1.00
2016.12.16 16:52:51.625,0.97299,0.97323,1.00,2.25
2016.12.16 16:52:51.726,0.97299,0.97321,1.00,1.00
2016.12.16 16:52:52.066,0.97303,0.97323,1.00,1.50
2016.12.16 16:52:52.320,0.97298,0.97322,1.37,1.00
2016.12.16 16:52:52.371,0.97298,0.97323,1.12,3.00
2016.12.16 16:52:52.472,0.97298,0.9732,1.12,1.00
2016.12.16 16:52:53.002,0.97299,0.97319,1.12,1.00
2016.12.16 16:52:53.103,0.97299,0.97324,1.12,1.75
2016.12.16 16:52:53.305,0.97304,0.97321,1.00,1.12
2016.12.16 16:52:53.960,0.97303,0.97323,1.00,3.00
2016.12.16 16:52:54.061,0.97303,0.97323,1.00,1.50
2016.12.16 16:52:54.165,0.97303,0.97323,1.00,1.87
2016.12.16 16:52:54.216,0.97296,0.97318,1.37,2.10
2016.12.16 16:52:54.267,0.97294,0.97317,1.75,1.00
2016.12.16 16:52:54.368,0.97294,0.97321,1.87,1.75
2016.12.16 16:52:54.468,0.97298,0.97321,1.00,1.75
2016.12.16 16:52:55.016,0.97298,0.97322,1.00,2.25
2016.12.16 16:52:55.597,0.97298,0.97322,1.00,1.87
2016.12.16 16:52:55.648,0.97304,0.97322,1.00,2.62
2016.12.16 16:52:55.850,0.97295,0.9732,1.75,1.00
2016.12.16 16:52:56.165,0.97296,0.97322,1.75,1.00
2016.12.16 16:52:56.518,0.97299,0.97324,1.50,1.37
2016.12.16 16:52:56.870,0.97299,0.97325,2.25,1.12
2016.12.16 16:52:56.921,0.97304,0.97324,1.00,1.00
2016.12.16 16:52:57.323,0.97298,0.97323,1.75,1.00
2016.12.16 16:52:57.827,0.97299,0.97325,1.75,2.62
2016.12.16 16:52:58.028,0.97298,0.97319,1.75,1.00
2016.12.16 16:52:58.179,0.97299,0.9732,1.00,1.00
2016.12.16 16:52:58.381,0.97303,0.97321,1.00,1.00
2016.12.16 16:52:58.496,0.97303,0.97324,1.00,2.47
2016.12.16 16:52:58.546,0.97299,0.97321,1.75,1.00
2016.12.16 16:52:58.643,0.97303,0.97324,1.00,1.72
2016.12.16 16:52:58.794,0.97304,0.97319,1.00,1.00
2016.12.16 16:52:58.845,0.97298,0.97319,3.00,1.00
2016.12.16 16:52:58.996,0.97298,0.97321,1.50,1.00
2016.12.16 16:52:59.350,0.97304,0.97321,1.00,1.12
2016.12.16 16:52:59.636,0.97297,0.97319,1.37,1.00
2016.12.16 16:52:59.687,0.97296,0.9732,1.50,1.00
2016.12.16 16:53:00.201,0.97298,0.9732,1.00,1.00
2016.12.16 16:53:00.503,0.97296,0.9732,1.75,1.00
2016.12.16 16:53:01.021,0.97296,0.97321,2.25,1.00
2016.12.16 16:53:01.537,0.97297,0.9732,1.75,1.00
2016.12.16 16:53:01.940,0.97299,0.97317,1.00,1.00
2016.12.16 16:53:01.991,0.97298,0.97321,1.00,2.25
2016.12.16 16:53:02.041,0.97298,0.97321,1.00,2.62
2016.12.16 16:53:02.436,0.97296,0.9732,1.00,1.50
2016.12.16 16:53:02.487,0.97298,0.9732,1.00,1.00
2016.12.16 16:53:02.789,0.97304,0.97328,1.00,2.25
2016.12.16 16:53:03.327,0.97305,0.97328,1.00,1.00
2016.12.16 16:53:03.887,0.97305,0.9733,1.00,2.25
2016.12.16 16:53:04.415,0.97305,0.97329,1.00,1.00
2016.12.16 16:53:04.516,0.97305,0.97325,1.00,1.00
2016.12.16 16:53:04.668,0.97299,0.97326,1.12,1.75
2016.12.16 16:53:04.769,0.97305,0.9733,1.00,1.75
2016.12.16 16:53:05.318,0.97302,0.97328,1.75,1.12
2016.12.16 16:53:05.470,0.97304,0.97327,1.00,1.00
2016.12.16 16:53:05.706,0.97304,0.97328,1.50,1.12
2016.12.16 16:53:06.242,0.97309,0.97328,1.00,1.12
2016.12.16 16:53:06.292,0.97304,0.97329,1.50,1.37
2016.12.16 16:53:07.826,0.97307,0.97333,1.00,1.75
2016.12.16 16:53:07.877,0.97309,0.97333,1.00,1.00
2016.12.16 16:53:07.978,0.97309,0.97334,1.50,1.12
2016.12.16 16:53:08.139,0.97309,0.97333,1.50,1.00
2016.12.16 16:53:09.119,0.97311,0.97333,1.00,1.00
2016.12.16 16:53:09.428,0.97314,0.97337,1.50,1.00
2016.12.16 16:53:10.162,0.97313,0.97339,2.25,1.50
2016.12.16 16:53:10.639,0.97314,0.97336,1.50,1.00
2016.12.16 16:53:10.875,0.97314,0.97338,1.50,1.12
2016.12.16 16:53:10.926,0.97312,0.97336,1.75,1.00
2016.12.16 16:53:11.178,0.97309,0.97336,2.25,2.25
2016.12.16 16:53:13.177,0.97312,0.97335,1.50,1.37
2016.12.16 16:53:13.228,0.97314,0.97335,1.37,1.00
2016.12.16 16:53:13.329,0.97314,0.97341,1.87,3.00
2016.12.16 16:53:13.851,0.97314,0.9734,1.75,1.37
2016.12.16 16:53:14.141,0.97314,0.97337,1.00,1.00
2016.12.16 16:53:14.343,0.97313,0.97335,1.00,1.00
2016.12.16 16:53:14.394,0.9731,0.97333,1.00,1.00
2016.12.16 16:53:14.595,0.9731,0.97331,1.00,1.00
2016.12.16 16:53:14.897,0.97313,0.97331,1.00,1.35
2016.12.16 16:53:14.998,0.9731,0.9733,1.00,1.00
2016.12.16 16:53:15.585,0.9731,0.97331,1.00,1.35
2016.12.16 16:53:16.088,0.97306,0.97329,1.50,1.00
2016.12.16 16:53:16.139,0.97307,0.97329,1.00,1.00
2016.12.16 16:53:16.240,0.97307,0.97332,1.50,1.37
2016.12.16 16:53:16.542,0.97307,0.9733,1.00,1.00
2016.12.16 16:53:17.057,0.97306,0.9733,1.00,1.00
2016.12.16 16:53:17.795,0.97306,0.97328,1.00,1.00
2016.12.16 16:53:18.098,0.973,0.97326,1.12,2.25
2016.12.16 16:53:18.349,0.97303,0.97326,1.00,1.00
2016.12.16 16:53:18.599,0.97304,0.97326,1.00,1.50
2016.12.16 16:53:18.910,0.97299,0.97317,1.00,2.25
2016.12.16 16:53:19.116,0.97299,0.97317,1.00,1.50
2016.12.16 16:53:20.053,0.97299,0.97321,1.00,1.75
2016.12.16 16:53:20.154,0.97301,0.97326,1.00,1.75
2016.12.16 16:53:20.205,0.97301,0.97326,1.50,1.37
2016.12.16 16:53:20.908,0.973,0.97326,1.50,2.25
2016.12.16 16:53:21.244,0.97304,0.97327,1.50,1.75
2016.12.16 16:53:21.445,0.97304,0.97329,1.75,1.50
2016.12.16 16:53:21.496,0.97304,0.97329,1.37,2.62
2016.12.16 16:53:21.547,0.97302,0.97326,1.00,2.25
2016.12.16 16:53:21.597,0.97301,0.97326,1.37,2.25
2016.12.16 16:53:22.303,0.97303,0.97323,1.00,1.00
2016.12.16 16:53:22.454,0.97305,0.97326,1.00,1.50
2016.12.16 16:53:22.555,0.97304,0.9733,1.50,2.25
2016.12.16 16:53:22.656,0.97304,0.97329,1.75,1.12
2016.12.16 16:53:22.727,0.97302,0.97326,1.00,2.25
2016.12.16 16:53:22.777,0.973,0.97326,1.37,2.25
2016.12.16 16:53:22.828,0.97299,0.97324,1.87,1.75
2016.12.16 16:53:22.929,0.973,0.97324,1.00,1.75
2016.12.16 16:53:23.803,0.97298,0.97324,2.62,1.75
2016.12.16 16:53:23.904,0.97304,0.97322,1.00,1.37
2016.12.16 16:53:23.954,0.97304,0.97322,1.00,1.00
2016.12.16 16:53:24.106,0.97299,0.97321,1.00,1.00
2016.12.16 16:53:24.157,0.97296,0.97321,1.50,1.00
2016.12.16 16:53:24.308,0.97296,0.97321,1.87,2.25
2016.12.16 16:53:24.612,0.97299,0.97319,1.00,1.00
2016.12.16 16:53:25.133,0.97298,0.97319,1.00,1.00
2016.12.16 16:53:25.234,0.97298,0.97324,1.00,3.00
2016.12.16 16:53:26.095,0.97299,0.97323,1.00,1.75
2016.12.16 16:53:27.614,0.97298,0.97323,1.00,1.75
2016.12.16 16:53:28.239,0.97297,0.97324,1.00,4.50
2016.12.16 16:53:28.440,0.97296,0.97322,1.12,1.75
2016.12.16 16:53:28.642,0.97297,0.97321,1.00,1.00
2016.12.16 16:53:28.708,0.97304,0.97322,1.00,1.37
2016.12.16 16:53:28.810,0.97304,0.97324,1.00,1.50
2016.12.16 16:53:28.861,0.97299,0.97324,2.25,2.25
2016.12.16 16:53:29.093,0.97303,0.97324,1.00,1.50
2016.12.16 16:53:29.625,0.97304,0.97322,1.00,1.00
2016.12.16 16:53:30.162,0.97298,0.97322,2.25,1.00
2016.12.16 16:53:30.263,0.973,0.97322,1.00,1.00
2016.12.16 16:53:30.716,0.97303,0.97326,1.00,1.75
2016.12.16 16:53:31.128,0.97301,0.97326,1.12,1.75
2016.12.16 16:53:31.552,0.97302,0.97325,1.12,1.00
2016.12.16 16:53:32.063,0.97301,0.97325,1.00,1.50
2016.12.16 16:53:32.779,0.97304,0.97325,1.00,2.25
2016.12.16 16:53:33.019,0.97301,0.97325,1.50,1.50
2016.12.16 16:53:33.317,0.97303,0.97325,1.00,1.50
2016.12.16 16:53:33.418,0.97301,0.97326,1.00,2.25
2016.12.16 16:53:33.620,0.97298,0.97323,2.25,1.00
2016.12.16 16:53:33.714,0.97304,0.97325,1.00,1.50
2016.12.16 16:53:34.174,0.97304,0.97326,1.00,1.75
2016.12.16 16:53:34.326,0.97304,0.97324,1.00,1.00
2016.12.16 16:53:34.427,0.97304,0.97326,1.00,1.12
2016.12.16 16:53:34.948,0.97304,0.97328,1.50,1.50
2016.12.16 16:53:35.166,0.97305,0.97327,1.37,1.00
2016.12.16 16:53:35.217,0.97307,0.97329,1.00,1.00
2016.12.16 16:53:35.335,0.97307,0.97331,1.00,1.00
2016.12.16 16:53:36.220,0.97308,0.97329,1.00,1.00
2016.12.16 16:53:36.572,0.97311,0.97328,1.00,1.00
2016.12.16 16:53:36.926,0.9731,0.97331,1.00,1.00
2016.12.16 16:53:36.977,0.9731,0.97333,1.00,1.75
2016.12.16 16:53:37.129,0.97311,0.97335,1.50,1.75
2016.12.16 16:53:37.179,0.97311,0.97335,1.50,1.75
2016.12.16 16:53:37.482,0.97311,0.97326,1.00,1.00
2016.12.16 16:53:37.985,0.97311,0.97327,1.00,1.00
2016.12.16 16:53:38.290,0.97311,0.97328,1.00,1.75
2016.12.16 16:53:38.441,0.97311,0.97327,1.00,1.00
2016.12.16 16:53:38.542,0.97311,0.97328,1.00,1.75
2016.12.16 16:53:38.593,0.97303,0.97326,1.12,1.37
2016.12.16 16:53:39.046,0.97301,0.97328,1.00,3.00
2016.12.16 16:53:39.282,0.97303,0.97328,1.00,1.75
2016.12.16 16:53:39.981,0.97303,0.97327,2.25,1.50
2016.12.16 16:53:40.303,0.97309,0.9733,1.00,1.75
2016.12.16 16:53:40.555,0.97313,0.97337,1.12,1.50
2016.12.16 16:53:40.656,0.97313,0.97337,1.37,1.00
2016.12.16 16:53:40.959,0.97313,0.97338,1.50,1.37
2016.12.16 16:53:41.466,0.97313,0.97338,1.37,2.25
2016.12.16 16:53:41.567,0.97314,0.97338,1.00,1.87
2016.12.16 16:53:42.089,0.97314,0.97339,1.87,1.75
2016.12.16 16:53:42.638,0.97314,0.97339,1.50,1.75
2016.12.16 16:53:45.734,0.97314,0.97338,1.37,1.75
2016.12.16 16:53:45.988,0.97313,0.97338,1.50,1.12
2016.12.16 16:53:46.242,0.97313,0.97337,2.25,1.00
2016.12.16 16:53:46.293,0.97313,0.97338,2.25,1.50
2016.12.16 16:53:46.912,0.97313,0.97338,1.75,1.12
2016.12.16 16:53:47.228,0.97319,0.97343,1.00,1.75
2016.12.16 16:53:47.329,0.97321,0.97347,1.12,3.00
2016.12.16 16:53:47.430,0.97319,0.97346,1.75,1.50
2016.12.16 16:53:47.480,0.97319,0.97346,1.50,1.87
2016.12.16 16:53:47.531,0.97319,0.97346,1.12,2.25
2016.12.16 16:53:48.422,0.97319,0.97341,1.87,1.00
2016.12.16 16:53:48.525,0.97319,0.97341,1.50,1.00
2016.12.16 16:53:48.628,0.97318,0.97341,2.25,1.00
2016.12.16 16:53:48.715,0.97318,0.97341,1.12,1.37
2016.12.16 16:53:48.867,0.97318,0.97341,1.00,1.50
2016.12.16 16:53:51.508,0.97325,0.97341,1.00,1.87
2016.12.16 16:53:51.609,0.97326,0.97346,1.00,1.75
2016.12.16 16:53:51.710,0.97321,0.97347,1.37,1.50
2016.12.16 16:53:51.872,0.97322,0.97346,1.75,1.00
2016.12.16 16:53:51.973,0.97322,0.97346,1.12,1.87
2016.12.16 16:53:52.086,0.97324,0.97346,1.00,1.87
2016.12.16 16:53:52.611,0.97324,0.97345,1.00,1.00
2016.12.16 16:53:52.913,0.97326,0.97346,1.00,1.00
2016.12.16 16:53:53.416,0.97325,0.97349,1.00,2.25
2016.12.16 16:53:53.938,0.97326,0.97348,1.00,1.00
2016.12.16 16:53:54.505,0.97326,0.9735,1.00,1.75
2016.12.16 16:53:55.187,0.97325,0.97346,1.00,1.00
2016.12.16 16:53:55.288,0.97323,0.97346,1.12,1.12
2016.12.16 16:53:55.802,0.97324,0.97346,1.00,1.00
2016.12.16 16:53:56.117,0.97326,0.97346,1.00,1.50
2016.12.16 16:53:56.268,0.97329,0.9735,1.00,1.87
2016.12.16 16:53:56.769,0.97327,0.9735,1.50,1.00
2016.12.16 16:53:57.347,0.97327,0.9735,1.00,1.00
2016.12.16 16:53:57.661,0.97325,0.97349,1.00,1.00
2016.12.16 16:53:57.829,0.97325,0.97346,1.00,1.00
2016.12.16 16:53:58.255,0.97326,0.97349,1.00,1.00
2016.12.16 16:53:58.796,0.97326,0.97351,1.12,1.50
2016.12.16 16:53:59.048,0.97328,0.97351,1.00,1.00
2016.12.16 16:53:59.585,0.97327,0.97352,1.00,1.75
2016.12.16 16:54:00.337,0.97326,0.97351,1.12,2.25
2016.12.16 16:54:00.639,0.97328,0.97351,1.12,1.00
2016.12.16 16:54:00.941,0.97331,0.97351,1.00,1.00
2016.12.16 16:54:00.992,0.97331,0.97353,1.00,1.50
2016.12.16 16:54:01.141,0.97331,0.97356,1.37,1.37
2016.12.16 16:54:01.243,0.97334,0.9736,1.37,2.25
2016.12.16 16:54:01.394,0.97332,0.97359,1.37,3.37
2016.12.16 16:54:01.495,0.97331,0.97357,1.12,1.75
2016.12.16 16:54:01.545,0.97333,0.97357,1.00,1.75
2016.12.16 16:54:01.848,0.97331,0.97355,1.50,1.75
2016.12.16 16:54:02.353,0.97332,0.97352,1.00,1.37
2016.12.16 16:54:02.823,0.97331,0.97353,1.50,1.00
2016.12.16 16:54:02.874,0.97333,0.97353,1.00,1.00
2016.12.16 16:54:02.975,0.97334,0.97355,1.00,1.50
2016.12.16 16:54:03.026,0.97334,0.97353,1.50,1.00
2016.12.16 16:54:03.077,0.97334,0.97355,1.50,1.12
2016.12.16 16:54:03.583,0.97334,0.97355,1.50,1.50
2016.12.16 16:54:03.634,0.97331,0.97351,1.87,1.00
2016.12.16 16:54:03.785,0.97331,0.97353,1.50,1.75
2016.12.16 16:54:04.131,0.97329,0.97352,1.87,1.50
2016.12.16 16:54:04.434,0.97328,0.97351,1.50,1.75
2016.12.16 16:54:04.586,0.97331,0.97353,1.00,1.00
2016.12.16 16:54:05.525,0.97331,0.97354,1.00,1.12
2016.12.16 16:54:06.363,0.9733,0.97354,1.00,1.12
2016.12.16 16:54:06.716,0.97331,0.97354,1.37,1.00
2016.12.16 16:54:07.313,0.97331,0.97354,1.12,1.12
2016.12.16 16:54:07.639,0.97334,0.97354,1.00,1.50
2016.12.16 16:54:07.850,0.97334,0.97356,1.00,1.50
2016.12.16 16:54:08.305,0.97334,0.97357,1.50,1.72
2016.12.16 16:54:08.821,0.97334,0.97357,1.00,1.67
2016.12.16 16:54:09.414,0.97331,0.97356,3.00,1.87
2016.12.16 16:54:09.952,0.97335,0.97357,1.00,1.12
2016.12.16 16:54:11.144,0.97335,0.97359,1.37,1.00
2016.12.16 16:54:11.296,0.97339,0.9736,1.00,1.50
2016.12.16 16:54:11.596,0.97341,0.97366,1.50,1.87
2016.12.16 16:54:11.647,0.9734,0.97366,1.37,1.87
2016.12.16 16:54:11.950,0.97336,0.9736,1.00,2.25
2016.12.16 16:54:12.101,0.97334,0.97357,1.00,1.00
2016.12.16 16:54:12.202,0.97335,0.97359,1.00,1.00
2016.12.16 16:54:12.754,0.97335,0.97358,1.00,1.00
2016.12.16 16:54:12.906,0.97336,0.97361,1.87,1.50
2016.12.16 16:54:13.158,0.97334,0.97359,2.25,2.25
2016.12.16 16:54:13.259,0.97334,0.97358,1.87,1.37
2016.12.16 16:54:16.045,0.97334,0.97358,2.25,2.25
2016.12.16 16:54:16.096,0.97334,0.97358,2.25,2.25
2016.12.16 16:54:16.680,0.97333,0.97358,1.50,2.25
2016.12.16 16:54:16.937,0.97334,0.97356,1.00,1.00
2016.12.16 16:54:17.088,0.97329,0.97356,3.00,1.50
2016.12.16 16:54:18.326,0.97333,0.97357,1.12,1.50
2016.12.16 16:54:18.830,0.97331,0.97355,1.50,1.12
2016.12.16 16:54:19.333,0.97331,0.97354,1.00,1.00
2016.12.16 16:54:19.585,0.97329,0.97348,1.00,1.00
2016.12.16 16:54:19.859,0.97318,0.97343,2.25,1.37
2016.12.16 16:54:20.011,0.97319,0.97344,1.50,2.25
2016.12.16 16:54:20.705,0.97319,0.97343,2.25,1.00
2016.12.16 16:54:21.456,0.97319,0.97342,2.25,1.00
2016.12.16 16:54:21.658,0.97319,0.97342,1.00,2.25
2016.12.16 16:54:22.256,0.97319,0.97343,1.87,3.00
2016.12.16 16:54:22.838,0.97319,0.97342,1.37,1.00
2016.12.16 16:54:23.366,0.97319,0.97342,1.00,1.87
2016.12.16 16:54:23.881,0.97318,0.97343,2.25,1.12
2016.12.16 16:54:24.561,0.97319,0.97342,1.50,1.00
2016.12.16 16:54:25.070,0.97318,0.97343,3.00,1.12
2016.12.16 16:54:25.372,0.97318,0.97343,1.50,1.75
2016.12.16 16:54:25.675,0.97313,0.97332,1.75,1.00
2016.12.16 16:54:25.826,0.97309,0.97332,1.00,1.50
2016.12.16 16:54:26.033,0.9731,0.97335,1.50,2.25
2016.12.16 16:54:26.285,0.9731,0.97333,1.50,1.00
2016.12.16 16:54:26.792,0.97309,0.97332,2.25,1.12
2016.12.16 16:54:27.924,0.97314,0.97336,2.25,1.75
2016.12.16 16:54:28.127,0.97318,0.97345,1.75,1.12
2016.12.16 16:54:28.177,0.97319,0.97344,1.50,2.62
2016.12.16 16:54:28.496,0.97314,0.97339,1.87,1.75
2016.12.16 16:54:28.697,0.97312,0.97336,1.12,1.37
2016.12.16 16:54:28.845,0.97313,0.97337,1.12,2.25
2016.12.16 16:54:28.946,0.97313,0.97336,1.00,1.37
2016.12.16 16:54:29.485,0.97314,0.97336,1.00,1.75
2016.12.16 16:54:30.011,0.97313,0.97336,1.00,1.75
2016.12.16 16:54:30.577,0.97312,0.97336,1.00,1.75
2016.12.16 16:54:31.106,0.97309,0.97335,1.75,1.50
2016.12.16 16:54:31.308,0.97313,0.97337,2.25,1.00
2016.12.16 16:54:31.839,0.97314,0.97337,1.00,1.00
2016.12.16 16:54:33.195,0.97318,0.97341,1.00,1.75
2016.12.16 16:54:33.246,0.97318,0.97339,1.00,1.00
2016.12.16 16:54:33.347,0.97315,0.97336,1.00,1.00
2016.12.16 16:54:33.651,0.97313,0.97336,1.00,1.00
2016.12.16 16:54:37.367,0.97309,0.97334,2.25,1.12
2016.12.16 16:54:37.568,0.97304,0.97328,1.50,1.00
2016.12.16 16:54:37.770,0.97303,0.97326,2.25,1.00
2016.12.16 16:54:37.821,0.97305,0.97328,1.12,1.00
2016.12.16 16:54:38.004,0.97304,0.97334,1.87,5.62
2016.12.16 16:54:38.383,0.97309,0.97333,1.00,1.75
2016.12.16 16:54:40.755,0.97306,0.97332,1.37,1.75
2016.12.16 16:54:41.007,0.97305,0.97331,1.75,1.00
2016.12.16 16:54:41.547,0.97305,0.9733,1.50,1.12
2016.12.16 16:54:42.058,0.97308,0.97329,1.00,1.00
2016.12.16 16:54:42.503,0.97306,0.97331,1.87,1.00
2016.12.16 16:54:42.604,0.97307,0.97331,1.50,1.00
2016.12.16 16:54:42.705,0.97307,0.97333,1.75,1.12
2016.12.16 16:54:42.755,0.97306,0.9733,1.75,1.00
2016.12.16 16:54:42.806,0.97306,0.9733,1.75,1.00
2016.12.16 16:54:42.857,0.97306,0.9733,1.50,1.00
2016.12.16 16:54:42.908,0.97305,0.97332,1.75,1.87
2016.12.16 16:54:43.054,0.97304,0.9733,2.25,1.37
2016.12.16 16:54:43.714,0.97307,0.97334,1.37,2.25
2016.12.16 16:54:43.805,0.97309,0.97334,1.12,2.25
2016.12.16 16:54:44.309,0.97305,0.97331,1.75,1.37
2016.12.16 16:54:44.360,0.97305,0.97331,1.50,3.00
2016.12.16 16:54:44.752,0.97304,0.97328,1.00,1.00
2016.12.16 16:54:45.351,0.97305,0.97328,1.00,1.00
2016.12.16 16:54:45.553,0.97302,0.97325,1.75,1.00
2016.12.16 16:54:45.655,0.97298,0.97325,3.00,2.25
2016.12.16 16:54:45.705,0.97298,0.97323,1.87,1.37
2016.12.16 16:54:45.756,0.97298,0.97322,1.50,1.50
2016.12.16 16:54:45.857,0.97298,0.9732,1.00,1.00
2016.12.16 16:54:45.958,0.97297,0.97322,1.00,1.50
2016.12.16 16:54:47.073,0.97295,0.97323,2.25,1.50
2016.12.16 16:54:47.640,0.97299,0.97323,1.00,1.50
2016.12.16 16:54:47.976,0.97299,0.97324,1.00,5.62
2016.12.16 16:54:48.127,0.97299,0.97325,1.12,1.75
2016.12.16 16:54:48.279,0.97301,0.97327,1.00,2.25
2016.12.16 16:54:48.329,0.97302,0.97327,1.00,1.75
2016.12.16 16:54:48.430,0.97301,0.97329,1.87,1.50
2016.12.16 16:54:48.481,0.97301,0.97329,3.00,1.50
2016.12.16 16:54:49.057,0.97301,0.97326,1.50,1.00
2016.12.16 16:54:50.126,0.97302,0.97326,1.00,1.00
2016.12.16 16:54:50.177,0.97302,0.97324,1.00,1.00
2016.12.16 16:54:50.227,0.97302,0.97326,1.00,1.00
2016.12.16 16:54:50.794,0.97302,0.97325,1.00,1.00
2016.12.16 16:54:52.211,0.97302,0.97325,1.00,1.60
2016.12.16 16:54:52.326,0.973,0.97325,1.00,2.10
2016.12.16 16:54:52.428,0.97299,0.97323,1.75,3.00
2016.12.16 16:54:52.630,0.97299,0.97323,1.00,3.75
2016.12.16 16:54:54.055,0.97296,0.97322,1.50,1.87
2016.12.16 16:54:54.156,0.97294,0.97314,2.25,1.00
2016.12.16 16:54:54.426,0.97294,0.97315,1.00,1.35
2016.12.16 16:54:54.994,0.97294,0.97313,1.00,1.67
2016.12.16 16:54:56.911,0.97294,0.97306,1.00,2.10
2016.12.16 16:54:56.962,0.97283,0.97305,1.75,1.60
2016.12.16 16:54:57.063,0.97284,0.97303,1.00,2.10
2016.12.16 16:54:57.214,0.97276,0.97301,3.37,1.72
2016.12.16 16:54:57.265,0.97276,0.973,1.00,1.00
2016.12.16 16:54:57.443,0.97283,0.973,1.00,1.00
2016.12.16 16:54:57.796,0.97279,0.97301,1.00,1.75
2016.12.16 16:54:57.847,0.97284,0.973,1.00,1.50
2016.12.16 16:54:59.150,0.97278,0.973,1.00,1.50
2016.12.16 16:54:59.388,0.97283,0.973,1.00,1.50
2016.12.16 16:54:59.438,0.97276,0.973,1.50,1.50
2016.12.16 16:54:59.489,0.97284,0.973,1.00,1.37
2016.12.16 16:54:59.540,0.97278,0.973,1.00,1.12
2016.12.16 16:54:59.847,0.9728,0.97302,1.00,1.50
2016.12.16 16:55:00.843,0.9728,0.97305,1.37,1.75
2016.12.16 16:55:01.372,0.97282,0.97306,1.12,1.75
2016.12.16 16:55:01.830,0.97282,0.97304,2.25,1.00
2016.12.16 16:55:01.881,0.97282,0.97306,2.25,1.00
2016.12.16 16:55:02.782,0.97284,0.97307,2.25,1.00
2016.12.16 16:55:03.215,0.97285,0.97307,1.87,1.00
2016.12.16 16:55:03.366,0.97292,0.97317,1.87,2.25
2016.12.16 16:55:03.417,0.97294,0.97316,1.37,1.37
2016.12.16 16:55:03.618,0.97295,0.97319,1.00,1.00
2016.12.16 16:55:03.820,0.97294,0.97318,1.75,1.00
2016.12.16 16:55:03.871,0.97297,0.9732,1.00,1.00
2016.12.16 16:55:04.141,0.97297,0.97316,1.00,1.00
2016.12.16 16:55:04.444,0.97294,0.97321,4.12,1.50
2016.12.16 16:55:04.545,0.97294,0.9732,2.25,1.50
2016.12.16 16:55:05.073,0.97298,0.9732,1.00,1.50
2016.12.16 16:55:06.351,0.97293,0.97312,2.25,1.00
2016.12.16 16:55:06.502,0.97294,0.97315,1.37,1.72
2016.12.16 16:55:06.603,0.97298,0.97317,1.00,1.00
2016.12.16 16:55:06.704,0.97296,0.97318,1.00,1.00
2016.12.16 16:55:06.805,0.97301,0.97319,1.00,1.00
2016.12.16 16:55:06.906,0.97299,0.97319,1.50,1.00
2016.12.16 16:55:06.957,0.97302,0.97324,1.00,1.75
2016.12.16 16:55:07.007,0.97303,0.97323,1.00,1.37
2016.12.16 16:55:07.058,0.97303,0.97327,1.37,1.50
2016.12.16 16:55:07.109,0.97304,0.97328,1.37,1.37
2016.12.16 16:55:07.260,0.97306,0.97331,1.00,1.50
2016.12.16 16:55:07.587,0.97308,0.97332,1.12,1.37
2016.12.16 16:55:07.840,0.97309,0.97334,1.37,1.50
2016.12.16 16:55:08.620,0.97308,0.97329,1.75,2.10
2016.12.16 16:55:08.721,0.97306,0.97327,1.00,1.87
2016.12.16 16:55:08.919,0.97303,0.97327,1.00,1.50
2016.12.16 16:55:09.343,0.97304,0.97328,1.50,1.12
2016.12.16 16:55:09.444,0.97306,0.97328,1.00,1.12
2016.12.16 16:55:09.796,0.97302,0.97329,2.62,1.12
2016.12.16 16:55:10.098,0.97299,0.97322,4.12,1.00
2016.12.16 16:55:10.149,0.97298,0.97322,2.25,1.00
2016.12.16 16:55:10.667,0.97298,0.97321,3.00,1.00
2016.12.16 16:55:10.959,0.97304,0.97323,1.00,1.00
2016.12.16 16:55:11.415,0.97299,0.97323,1.75,2.85
2016.12.16 16:55:11.516,0.97292,0.97316,1.75,1.72
2016.12.16 16:55:11.567,0.97294,0.97311,1.37,1.35
2016.12.16 16:55:11.718,0.97289,0.97311,1.87,1.72
2016.12.16 16:55:12.617,0.97289,0.9731,1.87,1.00
2016.12.16 16:55:13.537,0.97286,0.97311,1.75,1.72
2016.12.16 16:55:13.587,0.97285,0.97311,1.75,3.22
2016.12.16 16:55:13.880,0.97276,0.973,2.25,1.00
2016.12.16 16:55:14.031,0.97276,0.97298,2.25,1.00
2016.12.16 16:55:14.384,0.97278,0.973,1.50,1.50
2016.12.16 16:55:14.883,0.97279,0.97303,1.37,1.12
2016.12.16 16:55:14.983,0.97278,0.97301,2.25,1.50
2016.12.16 16:55:15.302,0.97279,0.97298,1.50,1.00
2016.12.16 16:55:15.353,0.97279,0.97301,1.50,1.00
2016.12.16 16:55:15.706,0.97283,0.97302,1.00,1.00
2016.12.16 16:55:16.008,0.97285,0.97304,1.75,1.00
2016.12.16 16:55:16.059,0.97286,0.97307,1.50,1.00
2016.12.16 16:55:16.598,0.97286,0.97308,1.00,1.12
2016.12.16 16:55:17.111,0.97283,0.9731,2.25,2.85
2016.12.16 16:55:18.164,0.97283,0.97304,1.75,1.50
2016.12.16 16:55:18.466,0.97288,0.97304,1.00,1.50
2016.12.16 16:55:18.668,0.97288,0.97305,1.00,1.00
2016.12.16 16:55:18.755,0.97287,0.97311,1.00,1.00
2016.12.16 16:55:18.856,0.97289,0.97313,1.12,1.50
2016.12.16 16:55:19.195,0.97288,0.97315,1.75,1.37
2016.12.16 16:55:19.718,0.97286,0.97314,2.62,2.25
2016.12.16 16:55:19.769,0.97285,0.9731,1.75,1.00
2016.12.16 16:55:20.172,0.97289,0.97316,1.87,4.87
2016.12.16 16:55:20.223,0.97289,0.97316,3.00,3.00
2016.12.16 16:55:20.273,0.97289,0.97316,3.00,3.00
2016.12.16 16:55:21.684,0.97289,0.97316,1.87,4.50
2016.12.16 16:55:21.835,0.97289,0.97316,1.50,5.25
2016.12.16 16:55:22.238,0.97294,0.97312,1.00,1.00
2016.12.16 16:55:22.288,0.97291,0.97312,1.00,1.00
2016.12.16 16:55:22.494,0.97295,0.97316,1.12,1.37
2016.12.16 16:55:22.547,0.97295,0.97317,1.50,1.00
2016.12.16 16:55:22.648,0.97295,0.97319,1.37,1.12
2016.12.16 16:55:22.799,0.97296,0.97317,1.00,1.00
2016.12.16 16:55:22.952,0.97294,0.97319,1.12,3.00
2016.12.16 16:55:23.053,0.97292,0.97315,1.00,1.00
2016.12.16 16:55:23.585,0.97289,0.97314,1.50,1.12
2016.12.16 16:55:24.351,0.97289,0.97313,1.50,1.00
2016.12.16 16:55:24.855,0.97292,0.97316,1.00,1.50
2016.12.16 16:55:25.164,0.97294,0.97317,1.00,1.75
2016.12.16 16:55:25.315,0.9729,0.97314,1.75,1.30
2016.12.16 16:55:25.564,0.97289,0.97314,1.12,2.10
2016.12.16 16:55:26.164,0.97289,0.97312,1.50,1.00
2016.12.16 16:55:26.744,0.97289,0.97311,1.50,1.00
2016.12.16 16:55:27.490,0.97298,0.97311,1.00,1.12
2016.12.16 16:55:27.692,0.97301,0.97324,1.87,2.25
2016.12.16 16:55:27.756,0.97306,0.97327,1.00,1.00
2016.12.16 16:55:27.806,0.97311,0.97329,1.00,1.00
2016.12.16 16:55:28.009,0.97315,0.97337,1.12,1.00
2016.12.16 16:55:28.218,0.97314,0.97336,1.00,1.50
2016.12.16 16:55:28.520,0.97318,0.97341,1.00,1.50
2016.12.16 16:55:28.572,0.97318,0.97342,1.12,2.25
2016.12.16 16:55:29.228,0.9732,0.97341,1.00,1.50
2016.12.16 16:55:29.507,0.97324,0.97352,1.75,2.25
2016.12.16 16:55:30.571,0.97326,0.97351,1.00,1.87
2016.12.16 16:55:31.242,0.97328,0.97353,1.00,1.35
2016.12.16 16:55:31.394,0.97327,0.97352,1.12,1.50
2016.12.16 16:55:31.495,0.97328,0.97352,1.00,1.50
2016.12.16 16:55:31.776,0.97331,0.97352,1.00,1.50
2016.12.16 16:55:31.927,0.97331,0.97354,1.00,1.00
2016.12.16 16:55:32.430,0.97333,0.97354,1.00,1.00
2016.12.16 16:55:32.786,0.9733,0.97354,1.50,1.00
2016.12.16 16:55:32.951,0.97332,0.97354,1.00,1.00
2016.12.16 16:55:33.514,0.97332,0.97356,1.50,1.50
2016.12.16 16:55:34.432,0.97334,0.97359,1.00,2.25
2016.12.16 16:55:34.685,0.97339,0.97366,1.87,1.75
2016.12.16 16:55:34.736,0.97339,0.97364,2.25,1.37
2016.12.16 16:55:34.988,0.97335,0.97361,1.75,1.00
2016.12.16 16:55:35.039,0.97335,0.9736,1.75,1.60
2016.12.16 16:55:35.584,0.97336,0.9736,1.50,1.72
2016.12.16 16:55:36.122,0.97334,0.97361,1.75,1.72
2016.12.16 16:55:36.484,0.97332,0.97356,2.62,1.00
2016.12.16 16:55:36.786,0.97329,0.97354,1.50,1.60
2016.12.16 16:55:37.117,0.97329,0.97354,1.75,1.72
2016.12.16 16:55:37.218,0.97328,0.97354,1.50,1.75
2016.12.16 16:55:37.369,0.97329,0.97351,1.50,1.00
2016.12.16 16:55:37.722,0.97327,0.97352,1.75,3.00
2016.12.16 16:55:38.449,0.97326,0.97349,1.75,1.00
2016.12.16 16:55:38.756,0.97328,0.97349,1.00,1.72
2016.12.16 16:55:38.861,0.97322,0.97346,1.75,1.00
2016.12.16 16:55:40.146,0.97324,0.97348,1.50,1.60
2016.12.16 16:55:40.694,0.97322,0.97346,1.75,1.00
2016.12.16 16:55:42.417,0.97322,0.97349,1.75,2.47
2016.12.16 16:55:42.662,0.97322,0.97342,1.75,1.00
2016.12.16 16:55:42.892,0.97324,0.97349,1.50,1.72
2016.12.16 16:55:43.144,0.97322,0.97347,2.25,1.00
2016.12.16 16:55:43.296,0.97322,0.97349,1.37,1.75
2016.12.16 16:55:43.497,0.97324,0.97346,1.37,1.00
2016.12.16 16:55:43.648,0.97318,0.97344,1.75,1.00
2016.12.16 16:55:43.761,0.97319,0.97343,1.00,1.00
2016.12.16 16:55:43.862,0.97319,0.97341,1.00,1.00
2016.12.16 16:55:44.119,0.97319,0.97344,1.50,1.00
2016.12.16 16:55:44.271,0.97322,0.97342,1.00,1.00
2016.12.16 16:55:44.372,0.9732,0.97346,3.00,1.87
2016.12.16 16:55:44.574,0.97326,0.97351,1.37,1.37
2016.12.16 16:55:44.625,0.97326,0.97351,1.75,1.12
2016.12.16 16:55:44.827,0.97323,0.9735,2.25,1.37
2016.12.16 16:55:45.029,0.97321,0.97344,1.00,1.00
2016.12.16 16:55:45.379,0.97324,0.97347,1.50,1.75
2016.12.16 16:55:45.531,0.97327,0.97351,1.37,1.37
2016.12.16 16:55:45.631,0.97328,0.97354,2.25,1.50
2016.12.16 16:55:45.732,0.97331,0.97354,1.00,1.00
2016.12.16 16:55:45.934,0.97332,0.9735,1.00,1.00
2016.12.16 16:55:46.236,0.97323,0.97346,4.12,1.00
2016.12.16 16:55:46.287,0.97326,0.97345,1.00,1.00
2016.12.16 16:55:46.337,0.97326,0.97341,1.00,1.00
2016.12.16 16:55:46.549,0.97319,0.97344,2.25,1.00
2016.12.16 16:55:46.651,0.97321,0.97347,1.75,3.37
2016.12.16 16:55:46.964,0.97321,0.97342,1.75,1.00
2016.12.16 16:55:47.015,0.97321,0.97342,1.75,1.00
2016.12.16 16:55:47.116,0.97322,0.9734,1.00,1.60
2016.12.16 16:55:47.267,0.97318,0.97336,1.00,2.10
2016.12.16 16:55:47.318,0.97312,0.97336,1.00,1.87
2016.12.16 16:55:47.419,0.9731,0.97336,1.75,1.87
2016.12.16 16:55:47.778,0.97318,0.97337,1.00,1.00
2016.12.16 16:55:48.018,0.97313,0.97339,1.50,1.12
2016.12.16 16:55:48.219,0.97316,0.97341,1.37,1.50
2016.12.16 16:55:48.521,0.97319,0.97342,1.75,1.00
2016.12.16 16:55:49.196,0.97321,0.97346,1.75,1.00
2016.12.16 16:55:49.461,0.9732,0.97346,3.00,1.00
2016.12.16 16:55:49.809,0.9732,0.97346,3.00,1.60
2016.12.16 16:55:50.011,0.97316,0.97342,1.75,1.12
2016.12.16 16:55:50.162,0.97324,0.97344,1.00,1.00
2016.12.16 16:55:50.313,0.97322,0.97347,1.37,1.00
2016.12.16 16:55:50.566,0.97324,0.97351,1.50,2.25
2016.12.16 16:55:50.767,0.97327,0.97354,1.00,1.75
2016.12.16 16:55:51.002,0.97329,0.97356,1.12,3.00
2016.12.16 16:55:51.053,0.97331,0.97356,1.00,4.87
2016.12.16 16:55:51.204,0.9733,0.97355,3.00,1.00
2016.12.16 16:55:51.360,0.97329,0.97356,1.75,1.75
2016.12.16 16:55:56.194,0.9733,0.97356,1.75,1.50
2016.12.16 16:55:56.700,0.97332,0.97355,1.37,1.00
2016.12.16 16:55:56.831,0.9733,0.97357,1.50,1.75
2016.12.16 16:55:56.932,0.97332,0.97357,1.50,1.12
2016.12.16 16:55:57.235,0.97334,0.97358,2.25,1.12
2016.12.16 16:55:58.790,0.97337,0.97361,1.00,2.25
2016.12.16 16:55:58.942,0.97339,0.97366,1.12,1.75
2016.12.16 16:55:59.153,0.97337,0.97364,1.75,1.12
2016.12.16 16:55:59.456,0.97344,0.97365,1.00,1.00
2016.12.16 16:55:59.657,0.97342,0.97365,1.00,1.00
2016.12.16 16:56:00.167,0.9734,0.97368,1.50,1.75
2016.12.16 16:56:00.268,0.97342,0.97369,1.50,2.25
2016.12.16 16:56:00.369,0.97342,0.97369,1.75,1.87
2016.12.16 16:56:00.822,0.97347,0.97374,1.00,2.62
2016.12.16 16:56:00.873,0.97348,0.97374,1.00,1.87
2016.12.16 16:56:01.024,0.97351,0.97376,1.12,2.25
2016.12.16 16:56:01.075,0.97351,0.97375,1.00,1.00
2016.12.16 16:56:01.340,0.97351,0.97378,1.75,1.50
2016.12.16 16:56:02.309,0.97354,0.97378,1.00,2.25
2016.12.16 16:56:02.660,0.9735,0.97379,1.50,3.37
2016.12.16 16:56:02.862,0.97353,0.97379,1.12,2.25
2016.12.16 16:56:03.912,0.97349,0.97378,1.75,1.75
2016.12.16 16:56:04.009,0.97351,0.97375,1.00,1.00
2016.12.16 16:56:04.552,0.97349,0.97376,1.37,2.25
2016.12.16 16:56:04.653,0.9735,0.97376,1.50,1.75
2016.12.16 16:56:04.754,0.97356,0.97376,1.00,1.75
2016.12.16 16:56:05.057,0.97359,0.97384,1.00,1.00
2016.12.16 16:56:05.107,0.97358,0.97384,1.87,1.50
2016.12.16 16:56:05.208,0.97357,0.97384,1.12,2.25
2016.12.16 16:56:05.359,0.97359,0.97387,1.87,1.75
2016.12.16 16:56:05.604,0.97363,0.97387,1.00,2.25
2016.12.16 16:56:05.764,0.97363,0.97383,1.00,1.00
2016.12.16 16:56:05.966,0.97355,0.97382,1.75,2.25
2016.12.16 16:56:06.369,0.97357,0.97382,1.00,2.25
2016.12.16 16:56:06.909,0.97358,0.97382,1.00,2.25
2016.12.16 16:56:07.060,0.97358,0.97382,1.50,1.87
2016.12.16 16:56:07.631,0.97357,0.97382,1.37,1.50
2016.12.16 16:56:07.682,0.97357,0.97381,1.00,1.00
2016.12.16 16:56:08.273,0.97356,0.97381,1.00,1.00
2016.12.16 16:56:08.709,0.97358,0.97381,1.00,1.50
2016.12.16 16:56:09.241,0.97358,0.97382,1.00,1.00
2016.12.16 16:56:09.844,0.97358,0.97381,1.00,1.00
2016.12.16 16:56:11.964,0.97358,0.97377,1.00,1.00
2016.12.16 16:56:12.015,0.97358,0.97382,1.00,2.25
2016.12.16 16:56:12.601,0.97358,0.97381,1.00,1.50
2016.12.16 16:56:13.514,0.97358,0.97382,1.00,1.50
2016.12.16 16:56:15.213,0.97358,0.97383,1.00,1.00
2016.12.16 16:56:15.264,0.97356,0.97381,4.12,1.00
2016.12.16 16:56:15.365,0.97354,0.9738,4.12,1.00
2016.12.16 16:56:15.465,0.97355,0.97379,1.00,1.00
2016.12.16 16:56:15.667,0.97355,0.97377,1.00,1.00
2016.12.16 16:56:16.213,0.9735,0.97376,2.25,1.12
2016.12.16 16:56:18.414,0.97354,0.97378,1.12,1.00
2016.12.16 16:56:19.126,0.97354,0.97379,1.87,1.30
2016.12.16 16:56:19.758,0.97354,0.97379,2.25,1.30
2016.12.16 16:56:20.150,0.97354,0.97377,1.75,1.00
2016.12.16 16:56:20.553,0.97354,0.97381,1.75,2.25
2016.12.16 16:56:20.704,0.97358,0.97381,1.00,2.25
2016.12.16 16:56:21.100,0.97359,0.97384,1.50,1.00
2016.12.16 16:56:21.601,0.97359,0.97385,1.50,1.12
2016.12.16 16:56:21.747,0.97364,0.97385,1.00,1.12
2016.12.16 16:56:21.849,0.9736,0.97386,1.12,1.50
2016.12.16 16:56:21.900,0.97362,0.97386,1.00,1.50
2016.12.16 16:56:22.102,0.97363,0.9739,1.00,1.75
2016.12.16 16:56:22.210,0.97363,0.9739,1.37,1.75
2016.12.16 16:56:22.514,0.97364,0.97388,1.00,1.75
2016.12.16 16:56:22.827,0.97374,0.97387,1.00,1.00
2016.12.16 16:56:23.415,0.97374,0.97388,1.00,1.00
2016.12.16 16:56:23.563,0.97369,0.97388,1.00,1.00
2016.12.16 16:56:23.613,0.97373,0.97388,1.00,1.00
2016.12.16 16:56:23.743,0.97373,0.97394,1.00,1.75
2016.12.16 16:56:23.794,0.97379,0.97392,1.00,1.00
2016.12.16 16:56:24.113,0.97371,0.97392,1.00,1.00
2016.12.16 16:56:24.214,0.97372,0.97396,1.00,1.75
2016.12.16 16:56:24.314,0.97369,0.97395,1.87,1.75
2016.12.16 16:56:24.366,0.97369,0.97395,2.25,1.50
2016.12.16 16:56:24.417,0.97371,0.97394,1.00,1.00
2016.12.16 16:56:24.737,0.97373,0.97394,1.00,1.00
2016.12.16 16:56:24.839,0.97373,0.97396,1.00,1.00
2016.12.16 16:56:25.344,0.97371,0.97396,1.50,1.00
2016.12.16 16:56:25.746,0.97372,0.97396,2.25,1.00
2016.12.16 16:56:26.268,0.97373,0.97396,1.00,1.00
2016.12.16 16:56:26.577,0.97379,0.97396,1.00,1.00
2016.12.16 16:56:26.628,0.97374,0.97398,1.00,1.00
2016.12.16 16:56:26.931,0.97373,0.97396,1.75,1.00
2016.12.16 16:56:27.235,0.97371,0.97396,1.75,1.00
2016.12.16 16:56:27.780,0.97372,0.97395,1.00,1.00
2016.12.16 16:56:27.964,0.97373,0.97396,1.50,1.00
2016.12.16 16:56:28.239,0.97374,0.97398,1.75,1.00
2016.12.16 16:56:28.290,0.97376,0.97403,1.50,2.25
2016.12.16 16:56:28.390,0.97378,0.97404,1.37,1.37
2016.12.16 16:56:28.442,0.97378,0.97403,1.75,1.00
2016.12.16 16:56:28.694,0.97379,0.97405,3.00,1.12
2016.12.16 16:56:29.327,0.97379,0.97405,2.25,1.12
2016.12.16 16:56:29.737,0.97379,0.97405,3.00,1.75
2016.12.16 16:56:30.697,0.97379,0.97405,3.00,1.37
2016.12.16 16:56:30.747,0.97379,0.97405,3.00,1.00
2016.12.16 16:56:31.248,0.97381,0.97408,1.75,1.75
2016.12.16 16:56:32.927,0.97384,0.97409,1.37,2.25
2016.12.16 16:56:33.389,0.97387,0.97411,1.00,3.00
2016.12.16 16:56:33.658,0.97386,0.9741,1.00,1.50
2016.12.16 16:56:33.759,0.97383,0.97409,1.37,1.37
2016.12.16 16:56:33.810,0.97382,0.97406,1.12,1.00
2016.12.16 16:56:34.011,0.9738,0.97407,1.37,3.00
2016.12.16 16:56:34.323,0.97379,0.97404,1.00,1.00
2016.12.16 16:56:34.575,0.97378,0.97406,1.75,2.25
2016.12.16 16:56:34.914,0.97384,0.97406,1.00,1.75
2016.12.16 16:56:35.417,0.97384,0.97408,1.00,1.75
2016.12.16 16:56:35.719,0.97388,0.97409,1.00,1.75
2016.12.16 16:56:35.820,0.97388,0.97412,1.00,1.75
2016.12.16 16:56:35.921,0.97388,0.97412,1.12,1.12
2016.12.16 16:56:36.022,0.97388,0.97412,1.75,1.00
2016.12.16 16:56:36.325,0.97386,0.97409,1.75,1.00
2016.12.16 16:56:36.552,0.97383,0.97408,1.00,1.75
2016.12.16 16:56:36.754,0.97389,0.97411,1.00,1.50
2016.12.16 16:56:36.956,0.97389,0.97412,1.00,1.00
2016.12.16 16:56:37.489,0.97388,0.97412,1.00,1.50
2016.12.16 16:56:37.852,0.97388,0.97412,1.00,1.75
2016.12.16 16:56:38.156,0.97385,0.97412,1.50,2.25
2016.12.16 16:56:38.331,0.97385,0.97412,1.75,1.50
2016.12.16 16:56:38.533,0.97385,0.9741,1.50,1.00
2016.12.16 16:56:38.701,0.97385,0.97407,1.00,1.00
2016.12.16 16:56:39.042,0.97383,0.97405,1.00,2.25
2016.12.16 16:56:39.410,0.97379,0.97402,1.37,1.12
2016.12.16 16:56:39.617,0.97379,0.97403,1.00,1.75
2016.12.16 16:56:40.071,0.97375,0.97404,1.75,1.75
2016.12.16 16:56:40.525,0.97375,0.974,1.75,1.00
2016.12.16 16:56:40.626,0.97377,0.97402,1.12,1.75
2016.12.16 16:56:40.791,0.97379,0.97402,2.25,1.00
2016.12.16 16:56:40.943,0.97375,0.97401,1.75,1.12
2016.12.16 16:56:41.044,0.97375,0.97401,1.75,1.00
2016.12.16 16:56:41.349,0.97378,0.97399,1.37,1.00
2016.12.16 16:56:41.551,0.97375,0.974,1.75,1.12
2016.12.16 16:56:41.853,0.97375,0.97398,1.75,1.00
2016.12.16 16:56:41.954,0.97375,0.97398,1.00,1.12
2016.12.16 16:56:42.365,0.97372,0.97397,2.25,1.00
2016.12.16 16:56:42.416,0.97373,0.97395,1.37,1.00
2016.12.16 16:56:42.919,0.97373,0.974,1.50,2.25
2016.12.16 16:56:44.039,0.9737,0.97398,1.50,1.75
2016.12.16 16:56:44.090,0.97373,0.97398,1.00,1.75
2016.12.16 16:56:44.247,0.97371,0.97396,1.12,1.50
2016.12.16 16:56:44.348,0.97374,0.97397,1.00,1.50
2016.12.16 16:56:44.651,0.97374,0.97398,1.00,1.75
2016.12.16 16:56:47.545,0.97372,0.97397,1.50,1.50
2016.12.16 16:56:47.696,0.97374,0.97401,1.37,1.75
2016.12.16 16:56:47.747,0.97375,0.97399,1.00,1.00
2016.12.16 16:56:47.819,0.97375,0.97402,1.50,2.62
2016.12.16 16:56:47.871,0.97379,0.97401,1.00,1.50
2016.12.16 16:56:48.033,0.97375,0.97399,1.00,1.00
2016.12.16 16:56:48.348,0.97375,0.97396,1.50,1.00
2016.12.16 16:56:48.449,0.97376,0.97399,1.00,1.00
2016.12.16 16:56:48.600,0.97379,0.97401,1.00,1.37
2016.12.16 16:56:48.651,0.97379,0.97401,1.12,1.12
2016.12.16 16:56:49.201,0.97379,0.97407,1.87,2.25
2016.12.16 16:56:49.251,0.97381,0.97407,1.00,2.25
2016.12.16 16:56:49.554,0.97384,0.97406,1.00,1.50
2016.12.16 16:56:49.655,0.97384,0.97406,1.00,1.12
2016.12.16 16:56:50.365,0.97381,0.97406,1.75,1.12
2016.12.16 16:56:51.640,0.97384,0.97406,1.00,1.00
2016.12.16 16:56:51.691,0.97386,0.97411,1.00,2.25
2016.12.16 16:56:52.391,0.97384,0.97411,2.25,2.25
2016.12.16 16:56:52.492,0.97384,0.97406,1.50,1.00
2016.12.16 16:56:52.543,0.97384,0.97409,1.50,1.87
2016.12.16 16:56:52.593,0.97383,0.97409,1.12,1.75
2016.12.16 16:56:52.843,0.97384,0.97411,1.12,2.25
2016.12.16 16:56:52.965,0.97384,0.97409,1.00,1.75
2016.12.16 16:56:53.104,0.9738,0.97408,2.25,1.50
2016.12.16 16:56:53.406,0.97381,0.97406,1.50,1.50
2016.12.16 16:56:54.556,0.97384,0.97406,1.00,1.00
2016.12.16 16:56:55.091,0.97382,0.97407,1.35,1.12
2016.12.16 16:56:55.422,0.9738,0.97407,1.50,2.10
2016.12.16 16:56:55.752,0.97384,0.9741,1.50,1.75
2016.12.16 16:56:56.003,0.97385,0.9741,1.00,1.00
2016.12.16 16:56:56.711,0.97384,0.9741,1.00,1.75
2016.12.16 16:56:58.246,0.97385,0.97411,1.00,1.75
2016.12.16 16:56:58.590,0.97389,0.97413,1.00,1.75
2016.12.16 16:56:58.741,0.97385,0.97412,1.75,1.75
2016.12.16 16:56:58.792,0.97385,0.97411,1.75,1.00
2016.12.16 16:56:59.187,0.97389,0.97414,1.00,1.75
2016.12.16 16:56:59.339,0.97389,0.97416,1.50,1.75
2016.12.16 16:56:59.406,0.97394,0.97414,1.00,1.00
2016.12.16 16:56:59.828,0.97388,0.97416,2.25,1.50
2016.12.16 16:57:00.030,0.97389,0.97412,1.00,1.00
2016.12.16 16:57:00.349,0.97389,0.97413,1.00,1.75
2016.12.16 16:57:00.527,0.97389,0.97412,1.00,1.00
2016.12.16 16:57:01.311,0.97389,0.97414,1.75,1.35
2016.12.16 16:57:01.613,0.97399,0.97416,1.00,1.50
2016.12.16 16:57:02.150,0.974,0.97421,1.00,1.00
2016.12.16 16:57:02.200,0.97399,0.97421,1.50,1.50
2016.12.16 16:57:02.301,0.97401,0.97426,1.87,1.12
2016.12.16 16:57:02.603,0.97399,0.97428,1.75,2.25
2016.12.16 16:57:02.805,0.97399,0.97427,1.50,3.00
2016.12.16 16:57:03.387,0.97398,0.97423,2.25,1.50
2016.12.16 16:57:03.437,0.97398,0.97422,1.00,1.50
2016.12.16 16:57:04.485,0.97398,0.97419,1.00,1.00
2016.12.16 16:57:04.995,0.97393,0.9742,2.85,1.12
2016.12.16 16:57:05.297,0.97398,0.97422,1.50,1.12
2016.12.16 16:57:05.448,0.974,0.97424,1.00,1.00
2016.12.16 16:57:05.549,0.97401,0.97426,1.00,1.50
2016.12.16 16:57:05.650,0.97402,0.97426,1.67,3.00
2016.12.16 16:57:06.246,0.97402,0.97425,1.30,1.12
2016.12.16 16:57:06.644,0.97402,0.97422,1.30,1.00
2016.12.16 16:57:06.946,0.97404,0.97426,1.00,1.87
2016.12.16 16:57:07.509,0.97402,0.97422,1.30,1.00
2016.12.16 16:57:07.913,0.974,0.97422,1.00,1.50
2016.12.16 16:57:08.014,0.97399,0.9742,1.37,1.00
2016.12.16 16:57:08.335,0.97396,0.9742,1.00,1.50
2016.12.16 16:57:09.441,0.97399,0.9742,1.00,1.50
2016.12.16 16:57:10.060,0.97396,0.97416,1.00,1.00
2016.12.16 16:57:10.161,0.97399,0.9742,1.00,1.50
2016.12.16 16:57:10.428,0.97396,0.97417,1.00,1.00
2016.12.16 16:57:11.974,0.97396,0.97416,1.00,1.00
2016.12.16 16:57:12.183,0.97394,0.97417,1.00,1.00
2016.12.16 16:57:12.234,0.97394,0.97417,1.00,1.37
2016.12.16 16:57:12.637,0.97389,0.97411,1.75,1.00
2016.12.16 16:57:12.688,0.97389,0.97416,1.75,2.25
2016.12.16 16:57:12.739,0.97393,0.97412,1.00,1.00
2016.12.16 16:57:12.840,0.97393,0.97418,1.50,1.37
2016.12.16 16:57:13.041,0.97393,0.97419,1.75,1.00
2016.12.16 16:57:13.552,0.97394,0.97421,1.50,1.50
2016.12.16 16:57:13.741,0.97392,0.97418,1.75,1.72
2016.12.16 16:57:14.067,0.97389,0.97414,2.25,1.00
2016.12.16 16:57:14.578,0.97389,0.97414,1.75,1.12
2016.12.16 16:57:15.645,0.97387,0.97412,1.75,1.00
2016.12.16 16:57:15.850,0.97386,0.97412,2.25,1.12
2016.12.16 16:57:16.424,0.97387,0.97411,1.75,1.00
2016.12.16 16:57:16.525,0.97393,0.97411,1.00,1.00
2016.12.16 16:57:16.927,0.97391,0.97416,1.12,3.00
2016.12.16 16:57:17.433,0.9739,0.97412,1.00,1.12
2016.12.16 16:57:17.957,0.97389,0.97412,1.12,1.12
2016.12.16 16:57:18.400,0.97393,0.97411,1.00,1.00
2016.12.16 16:57:18.652,0.974,0.97421,1.12,1.12
2016.12.16 16:57:18.817,0.97404,0.97424,1.00,1.75
2016.12.16 16:57:18.993,0.97404,0.97426,1.00,1.50
2016.12.16 16:57:19.094,0.97402,0.97426,1.12,2.25
2016.12.16 16:57:19.154,0.97405,0.97426,1.00,3.00
2016.12.16 16:57:19.659,0.97406,0.97429,1.00,2.25
2016.12.16 16:57:19.962,0.97403,0.97425,1.00,1.00
2016.12.16 16:57:21.253,0.97404,0.97425,1.00,1.00
2016.12.16 16:57:21.789,0.97403,0.97429,1.50,1.75
2016.12.16 16:57:23.818,0.97415,0.97432,1.00,3.37
2016.12.16 16:57:23.894,0.97416,0.97433,1.00,1.75
2016.12.16 16:57:23.995,0.97414,0.97433,1.00,1.00
2016.12.16 16:57:24.146,0.97416,0.97434,1.00,1.12
2016.12.16 16:57:24.893,0.97415,0.97435,1.00,1.37
2016.12.16 16:57:25.423,0.97414,0.97435,1.00,1.37
2016.12.16 16:57:27.376,0.97411,0.97433,1.37,1.00
2016.12.16 16:57:27.976,0.97413,0.97434,1.00,1.37
2016.12.16 16:57:28.027,0.97415,0.97436,1.00,1.75
2016.12.16 16:57:28.228,0.97415,0.97436,1.00,1.00
2016.12.16 16:57:28.330,0.97417,0.97436,1.00,1.00
2016.12.16 16:57:28.430,0.97416,0.97441,1.12,1.75
2016.12.16 16:57:29.411,0.97417,0.97441,1.00,1.00
2016.12.16 16:57:29.867,0.97416,0.97441,1.50,2.25
2016.12.16 16:57:30.119,0.97413,0.97436,1.12,1.12
2016.12.16 16:57:30.404,0.97414,0.97439,1.50,1.00
2016.12.16 16:57:30.612,0.97418,0.9744,1.00,1.50
2016.12.16 16:57:30.713,0.97416,0.9744,1.50,1.00
2016.12.16 16:57:30.973,0.97416,0.97441,1.75,1.00
2016.12.16 16:57:31.600,0.97419,0.97441,1.00,1.00
2016.12.16 16:57:31.913,0.97419,0.97442,1.37,1.00
2016.12.16 16:57:31.963,0.97419,0.97445,1.37,1.50
2016.12.16 16:57:32.014,0.97419,0.97445,1.12,2.10
2016.12.16 16:57:32.115,0.97416,0.97445,1.75,1.35
2016.12.16 16:57:32.623,0.97415,0.97436,1.75,1.00
2016.12.16 16:57:32.875,0.97411,0.97435,1.00,1.00
2016.12.16 16:57:33.098,0.97409,0.97431,2.25,1.00
2016.12.16 16:57:33.408,0.97409,0.97431,4.87,1.00
2016.12.16 16:57:33.538,0.97409,0.97436,5.62,1.50
2016.12.16 16:57:34.844,0.97409,0.97436,2.25,3.60
2016.12.16 16:57:40.331,0.97409,0.97437,1.75,2.47
2016.12.16 16:57:40.542,0.9741,0.97437,1.35,1.50
2016.12.16 16:57:40.945,0.97414,0.97436,1.37,1.00
2016.12.16 16:57:41.046,0.97414,0.9744,1.75,1.00
2016.12.16 16:57:41.097,0.97416,0.9744,1.00,1.00
2016.12.16 16:57:41.198,0.97413,0.9744,1.75,2.25
2016.12.16 16:57:41.510,0.97415,0.97436,1.75,1.00
2016.12.16 16:57:41.817,0.97414,0.9744,1.75,1.12
2016.12.16 16:57:41.868,0.97413,0.9744,1.75,1.50
2016.12.16 16:57:41.919,0.97414,0.97438,1.00,1.00
2016.12.16 16:57:42.768,0.97414,0.97436,1.00,1.00
2016.12.16 16:57:42.919,0.97411,0.97436,1.50,1.00
2016.12.16 16:57:43.122,0.97414,0.9744,1.37,1.75
2016.12.16 16:57:43.628,0.97414,0.97441,1.75,3.00
2016.12.16 16:57:44.087,0.97418,0.97441,1.00,1.75
2016.12.16 16:57:44.396,0.97418,0.97442,1.00,2.85
2016.12.16 16:57:45.480,0.97414,0.9744,1.75,1.12
2016.12.16 16:57:45.832,0.97414,0.97439,1.50,1.37
2016.12.16 16:57:46.725,0.97414,0.97438,1.37,1.50
2016.12.16 16:57:46.846,0.97414,0.97437,1.00,1.00
2016.12.16 16:57:47.438,0.97414,0.97439,1.00,1.00
2016.12.16 16:57:47.722,0.97414,0.97442,1.50,3.75
2016.12.16 16:57:48.264,0.97416,0.9744,1.00,1.00
2016.12.16 16:57:48.938,0.97418,0.97442,1.75,1.12
2016.12.16 16:57:49.363,0.97415,0.9744,1.75,1.50
2016.12.16 16:57:49.666,0.97409,0.97435,2.62,1.12
2016.12.16 16:57:49.717,0.97408,0.97436,3.00,1.75
2016.12.16 16:57:49.818,0.97413,0.97436,1.00,1.00
2016.12.16 16:57:49.920,0.97407,0.97434,3.00,1.00
2016.12.16 16:57:50.228,0.97406,0.97432,1.75,1.50
2016.12.16 16:57:50.821,0.97405,0.97431,2.25,1.00
2016.12.16 16:57:51.562,0.97406,0.97431,1.75,1.12
2016.12.16 16:57:52.083,0.97406,0.97431,1.75,1.00
2016.12.16 16:57:54.839,0.97404,0.97431,3.75,1.12
2016.12.16 16:57:55.162,0.97404,0.97429,1.75,1.00
2016.12.16 16:57:55.212,0.97404,0.97431,2.25,1.87
2016.12.16 16:57:55.263,0.97404,0.97431,2.25,2.25
2016.12.16 16:57:55.432,0.97404,0.9743,2.25,1.00
2016.12.16 16:57:56.750,0.97408,0.97431,1.50,1.00
2016.12.16 16:57:57.052,0.97409,0.97432,1.50,1.00
2016.12.16 16:57:57.457,0.97409,0.97433,1.00,1.50
2016.12.16 16:57:58.007,0.97409,0.97432,1.37,1.12
2016.12.16 16:57:58.498,0.97409,0.9743,1.37,1.00
2016.12.16 16:57:58.999,0.97409,0.97431,1.00,2.25
2016.12.16 16:57:59.250,0.97404,0.97429,1.75,1.00
2016.12.16 16:57:59.452,0.97406,0.97431,1.00,1.50
2016.12.16 16:58:00.171,0.97404,0.97431,2.25,1.00
2016.12.16 16:58:00.878,0.97404,0.97432,2.25,2.62
2016.12.16 16:58:01.388,0.97404,0.97431,1.75,1.00
2016.12.16 16:58:02.198,0.97404,0.9743,1.75,1.00
2016.12.16 16:58:03.292,0.97404,0.97431,1.75,1.00
2016.12.16 16:58:03.694,0.97404,0.97432,1.75,2.25
2016.12.16 16:58:04.280,0.97404,0.97424,1.75,1.00
2016.12.16 16:58:04.482,0.97399,0.97423,1.00,1.50
2016.12.16 16:58:04.583,0.97399,0.97425,2.25,1.67
2016.12.16 16:58:04.684,0.97401,0.97429,1.75,2.25
2016.12.16 16:58:05.389,0.97403,0.97423,1.50,1.00
2016.12.16 16:58:05.490,0.97399,0.97422,1.75,1.00
2016.12.16 16:58:05.591,0.97399,0.97423,1.00,2.10
2016.12.16 16:58:06.013,0.97399,0.97422,1.12,1.12
2016.12.16 16:58:07.002,0.97398,0.97422,1.00,1.75
2016.12.16 16:58:07.315,0.97405,0.97426,1.00,2.62
2016.12.16 16:58:07.366,0.97402,0.97426,1.50,3.37
2016.12.16 16:58:07.417,0.974,0.97427,1.67,1.75
2016.12.16 16:58:07.468,0.974,0.97427,1.75,1.37
2016.12.16 16:58:07.518,0.97403,0.97428,1.50,1.50
2016.12.16 16:58:07.569,0.97405,0.97426,1.00,1.12
2016.12.16 16:58:07.771,0.97407,0.97431,1.00,1.75
2016.12.16 16:58:07.886,0.9741,0.97431,1.50,1.50
2016.12.16 16:58:08.037,0.9741,0.97434,1.00,1.50
2016.12.16 16:58:08.389,0.97408,0.97434,1.50,1.75
2016.12.16 16:58:08.692,0.97411,0.97436,3.75,2.25
2016.12.16 16:58:08.876,0.97411,0.97438,3.00,1.12
2016.12.16 16:58:09.329,0.97414,0.97436,1.37,2.10
2016.12.16 16:58:09.600,0.97409,0.97432,1.75,1.00
2016.12.16 16:58:10.103,0.97409,0.97433,1.75,1.00
2016.12.16 16:58:10.429,0.97408,0.97426,2.25,1.00
2016.12.16 16:58:10.581,0.97401,0.97424,2.62,1.00
2016.12.16 16:58:10.632,0.97401,0.97419,2.62,1.00
2016.12.16 16:58:10.682,0.97399,0.97419,1.12,1.00
2016.12.16 16:58:10.733,0.97399,0.97422,1.12,1.00
2016.12.16 16:58:10.783,0.97398,0.9742,1.50,1.00
2016.12.16 16:58:10.985,0.97397,0.9742,1.00,1.12
2016.12.16 16:58:11.157,0.97394,0.97419,1.50,1.00
2016.12.16 16:58:11.207,0.97399,0.97419,1.00,1.00
2016.12.16 16:58:11.359,0.97393,0.97418,1.75,1.50
2016.12.16 16:58:11.409,0.97393,0.97415,1.50,1.00
2016.12.16 16:58:11.925,0.97394,0.97417,1.50,1.00
2016.12.16 16:58:13.203,0.97394,0.97415,1.00,1.00
2016.12.16 16:58:13.720,0.97394,0.97417,1.00,1.50
2016.12.16 16:58:14.274,0.97394,0.97416,1.00,1.00
2016.12.16 16:58:14.435,0.97391,0.97415,1.00,1.50
2016.12.16 16:58:14.535,0.97391,0.97413,1.00,1.00
2016.12.16 16:58:16.511,0.97393,0.9741,1.00,1.00
2016.12.16 16:58:16.562,0.97391,0.9741,1.00,1.00
2016.12.16 16:58:16.613,0.97389,0.9741,1.00,1.00
2016.12.16 16:58:16.714,0.97389,0.97408,1.00,1.12
2016.12.16 16:58:17.039,0.97389,0.97409,1.00,1.75
2016.12.16 16:58:17.561,0.97384,0.97407,1.12,1.50
2016.12.16 16:58:17.813,0.97389,0.9741,1.00,2.25
2016.12.16 16:58:17.864,0.97384,0.97409,1.87,1.75
2016.12.16 16:58:18.023,0.97386,0.9741,1.37,1.37
2016.12.16 16:58:18.176,0.97389,0.97412,3.00,1.00
2016.12.16 16:58:18.277,0.97389,0.97414,1.50,1.37
2016.12.16 16:58:18.594,0.97389,0.97415,2.25,1.87
2016.12.16 16:58:18.957,0.97389,0.97413,3.00,1.50
2016.12.16 16:58:19.215,0.97391,0.97416,1.50,1.87
2016.12.16 16:58:19.723,0.97394,0.97416,1.00,1.87
2016.12.16 16:58:20.213,0.97394,0.97418,1.00,2.25
2016.12.16 16:58:20.662,0.97399,0.97417,1.00,1.00
2016.12.16 16:58:21.232,0.97399,0.97418,1.00,1.00
2016.12.16 16:58:21.743,0.97398,0.97421,1.00,1.72
2016.12.16 16:58:22.237,0.97404,0.97423,1.00,1.75
2016.12.16 16:58:22.338,0.97403,0.97424,1.00,1.00
2016.12.16 16:58:22.502,0.97399,0.97426,1.50,2.25
2016.12.16 16:58:22.604,0.97399,0.97425,1.12,1.75
2016.12.16 16:58:22.906,0.97404,0.97426,1.00,1.00
2016.12.16 16:58:23.208,0.97399,0.97418,1.50,1.00
2016.12.16 16:58:23.309,0.97394,0.97417,1.75,1.50
2016.12.16 16:58:23.410,0.97394,0.97417,1.12,1.87
2016.12.16 16:58:24.106,0.97393,0.97417,1.75,1.00
2016.12.16 16:58:24.207,0.97393,0.97414,1.50,1.50
2016.12.16 16:58:24.541,0.97387,0.9741,3.00,1.50
2016.12.16 16:58:24.592,0.97387,0.97409,3.00,1.50
2016.12.16 16:58:24.642,0.97385,0.97407,1.00,1.00
2016.12.16 16:58:24.944,0.97385,0.97412,1.50,3.60
2016.12.16 16:58:25.457,0.97388,0.9741,1.00,2.25
2016.12.16 16:58:26.048,0.97389,0.9741,1.00,1.50
2016.12.16 16:58:27.262,0.97385,0.97409,1.00,1.50
2016.12.16 16:58:27.777,0.97384,0.97409,2.25,1.00
2016.12.16 16:58:28.312,0.97385,0.97409,1.50,1.50
2016.12.16 16:58:29.552,0.97388,0.97411,1.00,2.25
2016.12.16 16:58:29.653,0.97385,0.97411,3.60,1.12
2016.12.16 16:58:30.164,0.97386,0.9741,1.75,1.00
2016.12.16 16:58:30.315,0.97384,0.9741,1.75,1.72
2016.12.16 16:58:30.466,0.97389,0.97412,1.00,1.75
2016.12.16 16:58:30.517,0.97389,0.97412,2.85,1.12
2016.12.16 16:58:30.568,0.97394,0.97412,1.00,1.12
2016.12.16 16:58:30.770,0.97394,0.97418,1.12,1.87
2016.12.16 16:58:30.821,0.97394,0.97417,1.00,2.25
2016.12.16 16:58:31.329,0.97391,0.97415,1.12,1.37
2016.12.16 16:58:31.430,0.9739,0.97415,1.75,1.87
2016.12.16 16:58:31.748,0.9739,0.97411,1.75,1.00
2016.12.16 16:58:31.950,0.9739,0.97415,1.75,1.12
2016.12.16 16:58:32.051,0.9739,0.97414,1.00,1.00
2016.12.16 16:58:32.548,0.97389,0.97416,3.00,1.50
2016.12.16 16:58:33.713,0.97389,0.97412,1.37,1.00
2016.12.16 16:58:34.020,0.97389,0.97407,1.00,1.50
2016.12.16 16:58:34.335,0.97384,0.97409,1.37,1.50
2016.12.16 16:58:34.849,0.97385,0.97409,1.50,1.00
2016.12.16 16:58:35.384,0.97388,0.9741,1.00,1.12
2016.12.16 16:58:35.912,0.97389,0.97411,1.00,1.37
2016.12.16 16:58:36.244,0.97384,0.97407,2.25,1.00
2016.12.16 16:58:36.767,0.97384,0.97409,1.75,1.50
2016.12.16 16:58:37.281,0.97384,0.97407,1.75,1.00
2016.12.16 16:58:37.787,0.97384,0.97408,1.50,1.12
2016.12.16 16:58:38.292,0.97387,0.97409,1.00,1.00
2016.12.16 16:58:38.594,0.97389,0.97411,1.00,1.00
2016.12.16 16:58:39.098,0.97388,0.97412,2.25,1.50
2016.12.16 16:58:39.407,0.97388,0.97413,1.00,2.25
2016.12.16 16:58:39.920,0.97389,0.97408,1.00,1.00
2016.12.16 16:58:40.172,0.97385,0.97405,1.00,1.00
2016.12.16 16:58:40.324,0.97383,0.97405,1.00,1.00
2016.12.16 16:58:40.475,0.97388,0.97405,1.00,1.00
2016.12.16 16:58:40.526,0.97384,0.97406,1.00,1.37
2016.12.16 16:58:40.627,0.97384,0.97408,1.50,2.25
2016.12.16 16:58:41.142,0.97384,0.97402,1.00,1.00
2016.12.16 16:58:41.382,0.97382,0.97403,1.50,1.00
2016.12.16 16:58:41.886,0.97382,0.97406,1.12,2.25
2016.12.16 16:58:42.611,0.97383,0.97406,1.00,1.75
2016.12.16 16:58:42.662,0.97383,0.97406,1.50,1.00
2016.12.16 16:58:43.207,0.97382,0.97403,1.50,1.00
2016.12.16 16:58:43.746,0.97381,0.97402,1.00,1.00
2016.12.16 16:58:44.048,0.9738,0.974,1.00,1.37
2016.12.16 16:58:44.379,0.97377,0.97397,1.00,1.00
2016.12.16 16:58:44.807,0.97378,0.97399,1.00,1.00
2016.12.16 16:58:45.268,0.97374,0.97398,1.50,1.00
2016.12.16 16:58:45.319,0.97374,0.97396,1.50,1.00
2016.12.16 16:58:45.369,0.97373,0.97396,1.50,1.12
2016.12.16 16:58:45.520,0.9737,0.97394,1.75,1.00
2016.12.16 16:58:45.807,0.9737,0.97393,1.00,1.12
2016.12.16 16:58:45.858,0.97369,0.9739,1.12,1.00
2016.12.16 16:58:45.908,0.97369,0.97392,1.12,1.12
2016.12.16 16:58:45.959,0.97374,0.97396,1.00,1.75
2016.12.16 16:58:46.161,0.97374,0.97398,1.87,1.37
2016.12.16 16:58:46.262,0.97375,0.97399,1.75,1.00
2016.12.16 16:58:46.312,0.97376,0.97401,1.50,2.25
2016.12.16 16:58:46.463,0.97377,0.97399,1.00,1.00
2016.12.16 16:58:46.765,0.97375,0.97401,2.25,1.12
2016.12.16 16:58:46.960,0.97378,0.97399,1.00,1.00
2016.12.16 16:58:47.010,0.97378,0.97401,1.00,1.00
2016.12.16 16:58:47.377,0.97379,0.97399,1.00,1.00
2016.12.16 16:58:47.528,0.97379,0.97402,1.00,1.00
2016.12.16 16:58:48.089,0.97379,0.97399,1.00,1.00
2016.12.16 16:58:48.190,0.97378,0.97401,1.00,1.00
2016.12.16 16:58:48.241,0.97378,0.97399,1.00,1.00
2016.12.16 16:58:48.548,0.97371,0.97397,1.75,1.00
2016.12.16 16:58:48.648,0.9737,0.97397,2.25,1.75
2016.12.16 16:58:48.749,0.97373,0.97397,1.50,1.50
2016.12.16 16:58:48.951,0.97378,0.97401,1.00,1.75
2016.12.16 16:58:49.052,0.97375,0.97401,1.50,1.50
2016.12.16 16:58:49.102,0.97374,0.97398,2.25,1.00
2016.12.16 16:58:49.254,0.97375,0.97398,1.50,1.37
2016.12.16 16:58:49.355,0.97374,0.97398,1.50,1.50
2016.12.16 16:58:50.308,0.97374,0.97396,1.50,1.00
2016.12.16 16:58:50.843,0.97374,0.97397,1.50,1.12
2016.12.16 16:58:52.192,0.97374,0.97396,1.50,1.00
2016.12.16 16:58:52.847,0.97373,0.97397,1.75,1.12
2016.12.16 16:58:53.118,0.97373,0.97395,1.75,1.00
2016.12.16 16:58:53.420,0.97373,0.97393,1.12,1.00
2016.12.16 16:58:53.576,0.97373,0.97398,1.00,1.50
2016.12.16 16:58:53.778,0.97373,0.97398,1.75,1.50
2016.12.16 16:58:54.770,0.97373,0.97396,1.75,1.00
2016.12.16 16:58:55.272,0.97369,0.97395,2.25,1.00
2016.12.16 16:58:55.373,0.97369,0.97394,1.75,1.12
2016.12.16 16:58:55.474,0.97371,0.97396,1.00,1.75
2016.12.16 16:58:55.676,0.97373,0.97395,1.50,1.00
2016.12.16 16:58:56.198,0.97373,0.97396,1.00,1.00
2016.12.16 16:58:56.249,0.97373,0.97391,1.00,1.00
2016.12.16 16:58:56.299,0.97373,0.97393,1.00,1.50
2016.12.16 16:58:56.350,0.97373,0.97391,1.00,1.00
2016.12.16 16:58:56.401,0.97373,0.97393,1.00,1.00
2016.12.16 16:58:56.619,0.97369,0.97391,1.00,1.00
2016.12.16 16:58:57.123,0.97369,0.97387,1.00,1.00
2016.12.16 16:58:57.627,0.97367,0.97383,1.00,1.00
2016.12.16 16:58:57.678,0.97367,0.97385,1.00,1.00
2016.12.16 16:58:57.729,0.97367,0.97383,1.00,1.00
2016.12.16 16:58:57.813,0.97364,0.97384,1.00,1.00
2016.12.16 16:58:58.229,0.9736,0.97384,1.12,1.50
2016.12.16 16:58:58.431,0.97362,0.97384,1.50,1.50
2016.12.16 16:58:58.739,0.97368,0.97387,1.00,1.12
2016.12.16 16:58:59.179,0.97367,0.9739,1.12,1.12
2016.12.16 16:58:59.714,0.97367,0.97389,1.87,1.00
2016.12.16 16:59:00.117,0.97366,0.97386,1.37,1.00
2016.12.16 16:59:00.168,0.97365,0.97388,1.50,1.00
2016.12.16 16:59:00.269,0.97364,0.97385,1.50,1.00
2016.12.16 16:59:00.319,0.97365,0.97385,1.12,1.00
2016.12.16 16:59:00.420,0.97362,0.97383,1.75,1.00
2016.12.16 16:59:00.521,0.97363,0.97384,1.00,1.12
2016.12.16 16:59:00.622,0.97362,0.97381,1.12,1.00
2016.12.16 16:59:01.135,0.97361,0.97382,1.37,1.00
2016.12.16 16:59:01.286,0.9736,0.97383,1.00,1.12
2016.12.16 16:59:01.689,0.97359,0.97383,1.50,1.75
2016.12.16 16:59:02.094,0.97359,0.97383,1.50,1.50
2016.12.16 16:59:02.195,0.97359,0.97383,2.25,1.12
2016.12.16 16:59:02.497,0.97358,0.9738,1.37,1.60
2016.12.16 16:59:02.737,0.97356,0.97381,1.50,1.75
2016.12.16 16:59:04.434,0.97358,0.97381,1.00,2.25
2016.12.16 16:59:04.837,0.97358,0.97373,1.00,1.00
2016.12.16 16:59:05.039,0.97352,0.97376,1.75,2.25
2016.12.16 16:59:05.139,0.97352,0.97375,1.12,1.75
2016.12.16 16:59:05.190,0.97354,0.97375,1.12,1.12
2016.12.16 16:59:05.413,0.97354,0.97377,1.87,1.12
2016.12.16 16:59:05.929,0.97354,0.97375,1.75,1.00
2016.12.16 16:59:05.979,0.97354,0.97379,2.25,1.50
2016.12.16 16:59:06.333,0.97356,0.9738,1.50,1.12
2016.12.16 16:59:06.790,0.97356,0.97378,1.50,1.00
2016.12.16 16:59:07.165,0.97355,0.97375,1.37,1.00
2016.12.16 16:59:07.216,0.97355,0.97377,1.37,1.00
2016.12.16 16:59:07.465,0.97354,0.97378,1.12,1.37
2016.12.16 16:59:07.686,0.97354,0.97379,1.50,1.50
2016.12.16 16:59:07.736,0.97354,0.9738,1.50,1.50
2016.12.16 16:59:08.046,0.97356,0.97377,1.00,1.00
2016.12.16 16:59:08.348,0.97353,0.97377,1.37,1.75
2016.12.16 16:59:08.399,0.97353,0.9738,1.50,2.25
2016.12.16 16:59:08.921,0.97355,0.97376,1.12,1.00
2016.12.16 16:59:09.508,0.97356,0.97376,1.00,1.00
2016.12.16 16:59:10.080,0.97356,0.97377,1.00,1.50
2016.12.16 16:59:11.195,0.97356,0.97376,1.00,1.00
2016.12.16 16:59:11.510,0.97359,0.97376,1.00,1.00
2016.12.16 16:59:11.560,0.97356,0.97377,1.00,1.00
2016.12.16 16:59:11.712,0.97354,0.97378,1.50,1.75
2016.12.16 16:59:12.052,0.97354,0.97377,1.37,1.12
2016.12.16 16:59:12.355,0.97354,0.9737,1.37,1.00
2016.12.16 16:59:12.406,0.97354,0.97372,1.37,1.00
2016.12.16 16:59:12.457,0.9735,0.97369,1.75,1.00
2016.12.16 16:59:12.508,0.97348,0.97369,1.37,1.00
2016.12.16 16:59:12.609,0.97344,0.97368,1.75,1.37
2016.12.16 16:59:13.380,0.97348,0.9737,1.00,1.75
2016.12.16 16:59:13.549,0.97348,0.97371,1.00,2.25
2016.12.16 16:59:13.651,0.97348,0.97371,1.12,1.12
2016.12.16 16:59:14.217,0.97348,0.97372,1.75,1.50
2016.12.16 16:59:14.368,0.97349,0.97374,1.75,1.50
2016.12.16 16:59:14.917,0.97349,0.97373,1.75,1.00
2016.12.16 16:59:15.432,0.97348,0.97372,1.75,1.00
2016.12.16 16:59:15.610,0.9735,0.97373,1.00,1.50
2016.12.16 16:59:15.954,0.9735,0.97371,1.00,1.00
2016.12.16 16:59:16.105,0.9735,0.97373,1.00,1.00
2016.12.16 16:59:16.682,0.9735,0.97374,1.50,1.00
2016.12.16 16:59:16.833,0.97352,0.97375,1.12,1.37
2016.12.16 16:59:16.984,0.97352,0.97376,1.00,2.25
2016.12.16 16:59:17.392,0.97352,0.97374,1.00,1.00
2016.12.16 16:59:17.971,0.97352,0.97375,1.00,1.50
2016.12.16 16:59:18.491,0.97352,0.97376,1.50,1.50
2016.12.16 16:59:18.812,0.97352,0.97374,1.00,1.00
2016.12.16 16:59:19.393,0.97352,0.97375,1.00,1.00
2016.12.16 16:59:19.711,0.97347,0.9737,1.00,1.00
2016.12.16 16:59:20.215,0.97348,0.97373,1.00,1.75
2016.12.16 16:59:20.799,0.97346,0.97373,1.50,1.75
2016.12.16 16:59:21.101,0.97348,0.97374,1.75,1.00
2016.12.16 16:59:21.562,0.9735,0.97376,2.25,1.50
2016.12.16 16:59:23.830,0.97351,0.97376,1.75,2.62
2016.12.16 16:59:24.344,0.97351,0.97375,1.75,1.00
2016.12.16 16:59:25.157,0.97351,0.97376,1.75,1.12
2016.12.16 16:59:25.486,0.97349,0.97374,1.75,1.00
2016.12.16 16:59:25.536,0.97349,0.97374,1.50,1.37
2016.12.16 16:59:25.738,0.97354,0.97373,1.00,1.00
2016.12.16 16:59:25.839,0.97349,0.9737,1.12,1.30
2016.12.16 16:59:25.940,0.97345,0.9737,1.00,1.35
2016.12.16 16:59:26.040,0.97343,0.9737,3.75,1.50
2016.12.16 16:59:26.428,0.97346,0.97372,1.12,3.00
2016.12.16 16:59:26.579,0.97347,0.97371,1.00,2.25
2016.12.16 16:59:26.935,0.97349,0.97371,1.00,1.00
2016.12.16 16:59:27.220,0.97347,0.97371,1.50,1.50
2016.12.16 16:59:27.725,0.97349,0.97371,1.00,1.50
2016.12.16 16:59:28.948,0.97347,0.9737,1.50,1.00
2016.12.16 16:59:29.467,0.97347,0.97371,1.50,1.50
2016.12.16 16:59:30.157,0.97348,0.97371,1.00,2.25
2016.12.16 16:59:31.994,0.97347,0.97371,1.50,1.00
2016.12.16 16:59:32.146,0.97349,0.97371,1.00,1.50
2016.12.16 16:59:32.672,0.97349,0.9737,1.00,1.00
2016.12.16 16:59:33.069,0.97347,0.97372,1.75,1.12
2016.12.16 16:59:33.515,0.97349,0.97366,1.37,1.00
2016.12.16 16:59:33.566,0.97349,0.97368,1.37,1.00
2016.12.16 16:59:33.656,0.97349,0.97366,1.37,1.50
2016.12.16 16:59:33.706,0.9734,0.97365,2.62,1.87
2016.12.16 16:59:33.790,0.9734,0.97366,1.12,3.00
2016.12.16 16:59:33.891,0.97341,0.97364,1.37,1.12
2016.12.16 16:59:34.042,0.97341,0.97363,1.00,1.00
2016.12.16 16:59:34.584,0.97342,0.97363,1.50,1.00
2016.12.16 16:59:35.111,0.97342,0.97362,1.00,1.00
2016.12.16 16:59:35.514,0.97344,0.97366,1.00,2.25
2016.12.16 16:59:36.018,0.97344,0.97365,1.50,1.87
2016.12.16 16:59:36.437,0.97344,0.97362,1.00,1.00
2016.12.16 16:59:36.589,0.97341,0.97364,1.12,2.25
2016.12.16 16:59:36.741,0.97341,0.97363,1.00,1.75
2016.12.16 16:59:36.892,0.97341,0.97365,1.12,2.25
2016.12.16 16:59:37.345,0.97339,0.97357,1.12,1.00
2016.12.16 16:59:37.396,0.9734,0.97361,1.00,1.00
2016.12.16 16:59:37.447,0.97336,0.97359,1.50,1.00
2016.12.16 16:59:37.548,0.97337,0.9736,1.00,1.00
2016.12.16 16:59:37.650,0.97337,0.9736,1.87,1.37
2016.12.16 16:59:37.866,0.97338,0.9736,1.12,1.00
2016.12.16 16:59:37.967,0.97338,0.97358,1.00,1.00
2016.12.16 16:59:38.119,0.97334,0.97358,2.25,1.50
2016.12.16 16:59:38.321,0.97334,0.97357,1.00,1.50
2016.12.16 16:59:38.422,0.97333,0.97354,1.50,1.00
2016.12.16 16:59:38.473,0.97334,0.97356,1.00,1.00
2016.12.16 16:59:38.524,0.97334,0.97355,1.00,1.37
2016.12.16 16:59:38.876,0.97333,0.97356,1.00,1.50
2016.12.16 16:59:39.028,0.97333,0.97353,1.00,1.00
2016.12.16 16:59:39.078,0.97331,0.97353,1.12,1.00
2016.12.16 16:59:39.584,0.97332,0.97354,1.00,1.12
2016.12.16 16:59:40.104,0.97332,0.97353,1.00,1.00
2016.12.16 16:59:40.154,0.97331,0.9735,1.12,1.00
2016.12.16 16:59:40.205,0.97331,0.97352,1.12,1.00
2016.12.16 16:59:40.754,0.9733,0.97352,1.00,1.12
2016.12.16 16:59:41.270,0.97334,0.97354,1.00,1.50
2016.12.16 16:59:41.572,0.9733,0.97354,3.37,1.00
2016.12.16 16:59:41.623,0.97333,0.97354,1.00,1.00
2016.12.16 16:59:41.724,0.97328,0.97353,1.50,1.00
2016.12.16 16:59:41.774,0.97327,0.97353,1.75,1.12
2016.12.16 16:59:42.278,0.97327,0.97353,2.25,1.12
2016.12.16 16:59:44.922,0.97328,0.97351,1.75,1.00
2016.12.16 16:59:45.023,0.97329,0.97352,1.00,1.50
2016.12.16 16:59:45.225,0.97326,0.97351,2.25,1.00
2016.12.16 16:59:45.731,0.97325,0.9735,1.75,1.00
2016.12.16 16:59:45.932,0.97325,0.9735,1.12,1.50
2016.12.16 16:59:46.134,0.97325,0.9735,1.00,1.75
2016.12.16 16:59:46.640,0.97326,0.9735,1.12,1.37
2016.12.16 16:59:47.167,0.97324,0.9735,2.25,1.50
2016.12.16 16:59:47.218,0.97325,0.97349,1.00,1.00
2016.12.16 16:59:47.748,0.97325,0.97348,1.00,1.00
2016.12.16 16:59:48.279,0.97325,0.97349,1.00,1.00
2016.12.16 16:59:49.576,0.97325,0.97348,1.00,1.00
2016.12.16 16:59:49.627,0.97325,0.97342,1.00,1.00
2016.12.16 16:59:49.728,0.97322,0.97348,1.12,1.75
2016.12.16 16:59:50.030,0.97318,0.97344,2.25,1.00
2016.12.16 16:59:50.133,0.97323,0.97347,1.35,1.50
2016.12.16 16:59:50.234,0.97323,0.97349,2.10,1.75
2016.12.16 16:59:50.336,0.97324,0.97348,1.75,1.00
2016.12.16 16:59:50.487,0.97322,0.97347,1.75,1.60
2016.12.16 16:59:50.639,0.9732,0.97346,2.25,1.50
2016.12.16 16:59:50.741,0.9732,0.97344,1.00,1.50
2016.12.16 16:59:51.149,0.97319,0.97341,1.50,1.00
2016.12.16 16:59:51.401,0.97316,0.97341,2.25,1.00
2016.12.16 16:59:51.845,0.9732,0.97346,1.50,2.25
2016.12.16 16:59:52.233,0.97323,0.97347,1.12,1.37
2016.12.16 16:59:52.763,0.97323,0.97347,1.50,1.50
2016.12.16 16:59:53.304,0.97325,0.97347,1.35,1.00
2016.12.16 16:59:53.607,0.97326,0.97351,1.87,1.50
2016.12.16 16:59:53.945,0.97329,0.97353,1.00,1.00
2016.12.16 16:59:54.046,0.97329,0.9735,1.00,1.00
2016.12.16 16:59:54.147,0.97327,0.9735,1.50,1.12
2016.12.16 16:59:54.702,0.97328,0.97352,1.00,1.75
2016.12.16 16:59:54.753,0.9733,0.97353,1.00,1.75
2016.12.16 16:59:54.854,0.97329,0.97352,1.12,1.12
2016.12.16 16:59:55.156,0.97331,0.97356,1.37,1.50
2016.12.16 16:59:55.257,0.97332,0.97356,1.50,1.50
2016.12.16 16:59:55.663,0.97335,0.97357,1.00,1.50
2016.12.16 16:59:55.714,0.97334,0.97357,1.35,1.50
2016.12.16 16:59:55.966,0.97331,0.97356,1.50,1.37
2016.12.16 16:59:56.016,0.97331,0.97356,1.50,1.75
2016.12.16 16:59:56.117,0.97333,0.97356,1.72,1.12
2016.12.16 16:59:56.419,0.97332,0.97356,1.12,1.75
2016.12.16 16:59:56.767,0.97327,0.97351,2.25,2.62
2016.12.16 16:59:56.818,0.97326,0.97351,1.00,3.00
2016.12.16 16:59:57.389,0.97325,0.97349,1.00,1.67
2016.12.16 16:59:57.771,0.97323,0.97346,1.37,1.37
2016.12.16 16:59:57.821,0.97322,0.97346,1.00,1.75
2016.12.16 16:59:57.992,0.97321,0.97341,1.37,1.00
2016.12.16 16:59:58.042,0.9732,0.97341,1.12,1.00
2016.12.16 16:59:58.294,0.97317,0.97341,1.12,1.50
2016.12.16 16:59:58.345,0.97319,0.97341,1.00,1.50
2016.12.16 16:59:58.647,0.97324,0.9735,1.12,1.35
2016.12.16 16:59:58.848,0.97324,0.97346,1.00,1.50
2016.12.16 16:59:58.899,0.97322,0.97346,1.12,1.50
2016.12.16 16:59:58.949,0.97318,0.97344,3.00,3.22
2016.12.16 16:59:59.215,0.97313,0.97337,1.00,2.10
2016.12.16 16:59:59.266,0.97316,0.97337,1.00,2.10
2016.12.16 16:59:59.317,0.97315,0.97337,1.00,1.60
2016.12.16 16:59:59.368,0.97314,0.97337,1.00,1.97
2016.12.16 16:59:59.657,0.97315,0.97336,1.00,1.72
2016.12.16 16:59:59.759,0.97311,0.97336,1.87,1.72
2016.12.16 16:59:59.809,0.97314,0.97336,1.00,1.30
