2016.12.02 15:00:00.030,0.9896,0.98985,1.00,1.00
2016.12.02 15:00:00.315,0.9896,0.98991,1.50,4.87
2016.12.02 15:00:00.366,0.9896,0.98991,1.75,2.25
2016.12.02 15:00:00.748,0.9896,0.98985,1.00,1.00
2016.12.02 15:00:01.254,0.98959,0.98985,1.37,3.22
2016.12.02 15:00:01.559,0.98958,0.98982,1.00,1.75
2016.12.02 15:00:02.330,0.98959,0.98982,1.00,1.75
2016.12.02 15:00:03.089,0.98958,0.98983,1.00,2.62
2016.12.02 15:00:03.140,0.98958,0.98988,1.75,1.75
2016.12.02 15:00:03.468,0.98959,0.98988,1.75,1.75
2016.12.02 15:00:03.727,0.98959,0.98984,1.37,3.00
2016.12.02 15:00:04.029,0.98959,0.9898,1.00,1.75
2016.12.02 15:00:04.200,0.98948,0.98979,1.75,1.75
2016.12.02 15:00:04.251,0.98948,0.98979,1.75,1.75
2016.12.02 15:00:04.765,0.98949,0.9898,1.75,1.75
2016.12.02 15:00:04.866,0.98949,0.98977,1.37,1.37
2016.12.02 15:00:04.967,0.98949,0.98973,1.00,1.00
2016.12.02 15:00:06.009,0.98948,0.98973,1.00,1.00
2016.12.02 15:00:06.361,0.98945,0.98977,3.22,2.25
2016.12.02 15:00:06.562,0.98949,0.98976,1.00,1.50
2016.12.02 15:00:06.909,0.98951,0.98977,1.37,1.37
2016.12.02 15:00:06.960,0.98951,0.98977,1.75,1.00
2016.12.02 15:00:07.010,0.98951,0.98971,1.75,1.00
2016.12.02 15:00:07.111,0.98948,0.98977,2.62,1.37
2016.12.02 15:00:07.614,0.98949,0.98977,1.75,1.50
2016.12.02 15:00:07.931,0.98944,0.98975,4.12,1.12
2016.12.02 15:00:07.982,0.98944,0.98975,2.25,1.37
2016.12.02 15:00:08.032,0.98947,0.98972,1.00,1.50
2016.12.02 15:00:08.150,0.98943,0.98972,1.75,1.75
2016.12.02 15:00:08.653,0.98941,0.98971,1.75,1.75
2016.12.02 15:00:09.193,0.98944,0.98975,1.37,3.37
2016.12.02 15:00:09.243,0.98947,0.98971,1.00,1.00
2016.12.02 15:00:09.294,0.98947,0.98976,1.37,1.75
2016.12.02 15:00:09.344,0.98945,0.98976,3.37,2.25
2016.12.02 15:00:09.395,0.98945,0.98976,1.75,3.00
2016.12.02 15:00:09.569,0.98944,0.98972,1.37,2.25
2016.12.02 15:00:09.681,0.98941,0.98972,1.75,3.00
2016.12.02 15:00:09.958,0.98943,0.98972,1.37,1.75
2016.12.02 15:00:10.059,0.98943,0.98975,2.25,1.75
2016.12.02 15:00:10.160,0.98943,0.98972,1.75,1.50
2016.12.02 15:00:10.361,0.98943,0.98974,2.25,1.75
2016.12.02 15:00:10.562,0.98944,0.98971,1.12,1.75
2016.12.02 15:00:10.846,0.9894,0.98971,2.10,2.25
2016.12.02 15:00:10.896,0.9894,0.98971,2.10,2.25
2016.12.02 15:00:10.997,0.98941,0.98966,1.00,1.00
2016.12.02 15:00:11.761,0.98941,0.98972,1.50,4.12
2016.12.02 15:00:11.862,0.98943,0.98972,1.75,1.50
2016.12.02 15:00:11.985,0.98945,0.98974,2.62,1.12
2016.12.02 15:00:12.087,0.98949,0.98973,1.00,1.00
2016.12.02 15:00:12.188,0.98943,0.98974,1.75,1.75
2016.12.02 15:00:12.490,0.9894,0.98971,2.10,3.00
2016.12.02 15:00:13.179,0.98943,0.98973,2.25,1.75
2016.12.02 15:00:13.687,0.98943,0.98971,1.50,1.75
2016.12.02 15:00:13.889,0.98953,0.98977,1.00,1.00
2016.12.02 15:00:14.093,0.98954,0.98979,1.00,1.00
2016.12.02 15:00:14.194,0.98949,0.98981,1.75,3.00
2016.12.02 15:00:15.001,0.98953,0.98979,1.00,2.25
2016.12.02 15:00:15.152,0.98948,0.98977,1.50,1.75
2016.12.02 15:00:15.304,0.98949,0.98979,1.37,2.25
2016.12.02 15:00:15.405,0.98949,0.98977,2.25,1.00
2016.12.02 15:00:15.674,0.98954,0.98975,1.00,1.00
2016.12.02 15:00:15.876,0.98949,0.98976,1.37,1.75
2016.12.02 15:00:15.978,0.98953,0.98977,1.00,1.75
2016.12.02 15:00:16.202,0.98953,0.98977,1.12,1.37
2016.12.02 15:00:16.303,0.98953,0.98978,1.00,1.75
2016.12.02 15:00:16.664,0.98954,0.98978,1.00,1.50
2016.12.02 15:00:16.866,0.98954,0.98983,1.50,1.75
2016.12.02 15:00:17.891,0.98954,0.98981,1.12,1.50
2016.12.02 15:00:19.604,0.98954,0.98978,1.37,1.00
2016.12.02 15:00:20.107,0.98954,0.98985,1.50,2.62
2016.12.02 15:00:20.158,0.98957,0.98982,1.00,1.00
2016.12.02 15:00:20.630,0.98959,0.98982,1.00,1.00
2016.12.02 15:00:20.933,0.98963,0.98986,1.00,1.75
2016.12.02 15:00:20.984,0.98963,0.98988,1.00,1.75
2016.12.02 15:00:21.034,0.98965,0.98988,1.00,1.75
2016.12.02 15:00:21.235,0.98962,0.98988,1.00,1.75
2016.12.02 15:00:22.162,0.98962,0.98981,1.00,1.00
2016.12.02 15:00:22.998,0.98961,0.98981,1.12,1.00
2016.12.02 15:00:23.665,0.98961,0.98986,1.12,1.12
2016.12.02 15:00:23.766,0.98961,0.98982,1.12,1.00
2016.12.02 15:00:24.107,0.98957,0.98982,1.50,1.37
2016.12.02 15:00:24.705,0.98959,0.98986,1.00,1.75
2016.12.02 15:00:24.806,0.98961,0.98986,1.00,1.75
2016.12.02 15:00:25.120,0.98968,0.98991,1.00,1.75
2016.12.02 15:00:25.171,0.98968,0.98993,1.00,2.10
2016.12.02 15:00:25.322,0.98971,0.98995,1.00,3.37
2016.12.02 15:00:25.373,0.98971,0.98995,1.00,1.75
2016.12.02 15:00:25.524,0.9897,0.98994,1.00,1.75
2016.12.02 15:00:25.929,0.98967,0.98993,1.00,1.35
2016.12.02 15:00:26.353,0.98971,0.98988,1.00,1.00
2016.12.02 15:00:26.403,0.98971,0.98992,1.00,1.00
2016.12.02 15:00:26.504,0.98967,0.98992,1.50,1.00
2016.12.02 15:00:26.706,0.98967,0.98992,1.12,1.50
2016.12.02 15:00:27.252,0.98966,0.98992,1.00,1.75
2016.12.02 15:00:27.769,0.98967,0.98991,1.00,1.75
2016.12.02 15:00:28.328,0.98966,0.98987,1.00,1.00
2016.12.02 15:00:28.429,0.98964,0.98987,1.00,1.00
2016.12.02 15:00:29.643,0.98962,0.98987,1.00,1.00
2016.12.02 15:00:30.336,0.98964,0.98992,1.12,3.00
2016.12.02 15:00:30.849,0.98964,0.98988,1.50,1.00
2016.12.02 15:00:31.180,0.98964,0.9899,1.00,1.75
2016.12.02 15:00:31.545,0.98966,0.98991,1.12,1.75
2016.12.02 15:00:31.595,0.98966,0.98993,1.12,1.75
2016.12.02 15:00:31.646,0.98966,0.98991,1.00,1.75
2016.12.02 15:00:31.747,0.98964,0.98991,1.00,1.75
2016.12.02 15:00:31.948,0.98966,0.98991,1.00,2.25
2016.12.02 15:00:32.049,0.98964,0.98992,1.12,1.75
2016.12.02 15:00:32.582,0.98964,0.9899,1.00,1.75
2016.12.02 15:00:33.520,0.98962,0.9899,1.37,2.25
2016.12.02 15:00:34.626,0.98961,0.98988,1.12,1.50
2016.12.02 15:00:34.785,0.98961,0.9899,1.75,1.75
2016.12.02 15:00:34.836,0.98966,0.98991,1.00,4.12
2016.12.02 15:00:34.937,0.98963,0.9899,1.00,4.12
2016.12.02 15:00:35.142,0.98966,0.98989,1.00,1.37
2016.12.02 15:00:35.193,0.98966,0.9899,1.00,1.00
2016.12.02 15:00:35.244,0.98966,0.98991,1.00,2.25
2016.12.02 15:00:35.345,0.98964,0.9899,1.50,1.75
2016.12.02 15:00:35.546,0.98966,0.9899,1.00,1.75
2016.12.02 15:00:36.127,0.98967,0.98987,1.00,1.00
2016.12.02 15:00:36.670,0.98966,0.98992,1.00,2.25
2016.12.02 15:00:36.872,0.98967,0.98992,1.00,2.10
2016.12.02 15:00:37.073,0.98968,0.98992,1.50,1.75
2016.12.02 15:00:37.275,0.98967,0.98992,1.00,1.50
2016.12.02 15:00:37.325,0.98965,0.98991,1.37,1.50
2016.12.02 15:00:37.770,0.98963,0.98988,1.00,1.75
2016.12.02 15:00:37.821,0.98963,0.98986,1.00,1.50
2016.12.02 15:00:37.871,0.98959,0.98983,1.50,1.00
2016.12.02 15:00:38.106,0.98959,0.98987,1.87,1.75
2016.12.02 15:00:38.156,0.9896,0.98987,1.75,1.75
2016.12.02 15:00:38.307,0.9896,0.98986,1.37,2.25
2016.12.02 15:00:38.358,0.98958,0.98983,1.50,1.00
2016.12.02 15:00:38.859,0.98958,0.98985,1.75,1.12
2016.12.02 15:00:39.161,0.98962,0.98986,1.00,1.00
2016.12.02 15:00:39.683,0.98963,0.98988,1.50,1.00
2016.12.02 15:00:40.625,0.98961,0.98988,1.37,2.10
2016.12.02 15:00:40.675,0.9896,0.98987,1.12,1.35
2016.12.02 15:00:40.826,0.98959,0.98986,1.37,1.75
2016.12.02 15:00:41.383,0.9896,0.98984,1.00,1.00
2016.12.02 15:00:44.284,0.9896,0.98986,1.00,2.25
2016.12.02 15:00:44.832,0.98959,0.98986,1.75,2.25
2016.12.02 15:00:45.768,0.98959,0.98986,1.12,2.25
2016.12.02 15:00:46.840,0.98954,0.98981,1.75,1.12
2016.12.02 15:00:46.891,0.98954,0.98981,1.75,2.10
2016.12.02 15:00:46.992,0.98954,0.98981,1.50,2.85
2016.12.02 15:00:47.315,0.98953,0.9898,1.12,1.75
2016.12.02 15:00:47.672,0.98953,0.98978,1.00,1.75
2016.12.02 15:00:48.059,0.98953,0.98977,1.12,1.50
2016.12.02 15:00:48.160,0.98953,0.98977,1.00,1.75
2016.12.02 15:00:48.944,0.98954,0.98977,1.00,1.75
2016.12.02 15:00:49.095,0.98955,0.98982,1.00,1.75
2016.12.02 15:00:49.346,0.98957,0.98982,1.00,3.37
2016.12.02 15:00:49.588,0.98954,0.98981,1.87,1.75
2016.12.02 15:00:49.940,0.98959,0.98983,1.00,2.62
2016.12.02 15:00:49.990,0.98959,0.98984,1.00,1.75
2016.12.02 15:00:50.522,0.98958,0.98983,1.12,1.35
2016.12.02 15:00:51.121,0.98958,0.98983,1.00,1.35
2016.12.02 15:00:51.629,0.98959,0.98986,1.12,2.25
2016.12.02 15:00:53.878,0.98958,0.98982,1.50,1.00
2016.12.02 15:00:54.615,0.98959,0.98984,1.50,2.10
2016.12.02 15:00:54.929,0.98957,0.98984,1.12,2.10
2016.12.02 15:00:55.670,0.98958,0.98984,1.00,2.10
2016.12.02 15:00:56.535,0.98959,0.98984,1.00,2.10
2016.12.02 15:00:58.107,0.98958,0.98986,2.25,1.35
2016.12.02 15:00:59.136,0.98964,0.98986,1.00,1.35
2016.12.02 15:01:00.040,0.98968,0.98986,1.00,1.35
2016.12.02 15:01:00.138,0.98963,0.98986,1.00,1.35
2016.12.02 15:01:01.340,0.98964,0.98986,1.00,1.35
2016.12.02 15:01:01.879,0.98963,0.98988,1.00,2.10
2016.12.02 15:01:02.030,0.98963,0.98986,1.00,1.00
2016.12.02 15:01:02.081,0.98963,0.98988,1.00,2.10
2016.12.02 15:01:02.282,0.98961,0.98988,1.00,1.75
2016.12.02 15:01:02.383,0.98963,0.98989,1.00,3.22
2016.12.02 15:01:02.434,0.98963,0.9899,1.12,1.75
2016.12.02 15:01:02.484,0.98965,0.98991,1.00,1.75
2016.12.02 15:01:02.803,0.9897,0.98994,1.00,1.35
2016.12.02 15:01:02.854,0.98973,0.98994,1.00,1.35
2016.12.02 15:01:03.357,0.98972,0.98995,1.00,1.67
2016.12.02 15:01:03.877,0.98973,0.98995,1.00,1.67
2016.12.02 15:01:04.445,0.98972,0.98994,1.00,1.00
2016.12.02 15:01:05.046,0.98972,0.98996,1.12,1.50
2016.12.02 15:01:05.592,0.98973,0.98997,1.00,1.35
2016.12.02 15:01:06.251,0.98974,0.98997,1.00,1.35
2016.12.02 15:01:06.565,0.98966,0.98993,2.62,1.60
2016.12.02 15:01:06.615,0.98965,0.98993,1.75,2.10
2016.12.02 15:01:06.716,0.98966,0.9899,1.00,1.00
2016.12.02 15:01:07.221,0.98965,0.98991,1.75,1.12
2016.12.02 15:01:10.128,0.98965,0.98992,1.75,2.10
2016.12.02 15:01:10.228,0.98966,0.9899,1.00,1.60
2016.12.02 15:01:10.329,0.98966,0.9899,1.00,1.35
2016.12.02 15:01:10.430,0.98961,0.9899,1.75,1.35
2016.12.02 15:01:11.577,0.98964,0.98991,2.25,2.10
2016.12.02 15:01:12.080,0.98961,0.98989,1.75,1.37
2016.12.02 15:01:12.332,0.98961,0.98991,1.75,1.75
2016.12.02 15:01:12.382,0.98963,0.98993,2.25,1.75
2016.12.02 15:01:12.433,0.98963,0.98993,2.25,1.75
2016.12.02 15:01:12.605,0.98966,0.98995,1.75,1.35
2016.12.02 15:01:12.806,0.98966,0.98991,1.00,1.00
2016.12.02 15:01:13.845,0.98969,0.98991,1.00,1.00
2016.12.02 15:01:14.504,0.98969,0.98995,1.12,1.35
2016.12.02 15:01:14.806,0.98968,0.98992,1.00,1.35
2016.12.02 15:01:15.309,0.9897,0.98994,1.00,1.60
2016.12.02 15:01:16.600,0.98973,0.98994,1.00,1.35
2016.12.02 15:01:16.801,0.98969,0.98994,1.50,1.60
2016.12.02 15:01:17.121,0.98969,0.98994,1.00,1.60
2016.12.02 15:01:17.222,0.98968,0.98993,1.12,1.35
2016.12.02 15:01:17.374,0.98967,0.98997,1.75,1.35
2016.12.02 15:01:17.484,0.98973,0.98997,1.00,1.35
2016.12.02 15:01:17.535,0.98973,0.98999,1.75,1.35
2016.12.02 15:01:17.586,0.98979,0.98999,1.00,1.35
2016.12.02 15:01:17.838,0.98979,0.99001,1.00,1.60
2016.12.02 15:01:17.989,0.98984,0.99001,1.00,1.60
2016.12.02 15:01:18.291,0.98978,0.99001,1.00,1.60
2016.12.02 15:01:18.392,0.98976,0.99001,1.00,1.60
2016.12.02 15:01:18.599,0.98978,0.99003,1.37,1.35
2016.12.02 15:01:18.901,0.98974,0.98999,3.37,2.10
2016.12.02 15:01:19.053,0.98974,0.98998,1.12,1.35
2016.12.02 15:01:20.209,0.98973,0.98996,1.50,2.10
2016.12.02 15:01:20.511,0.98969,0.98994,1.37,1.35
2016.12.02 15:01:20.562,0.98969,0.98997,1.12,3.75
2016.12.02 15:01:20.763,0.98965,0.98994,1.50,1.75
2016.12.02 15:01:21.284,0.98968,0.98994,1.00,1.75
2016.12.02 15:01:22.626,0.98968,0.98994,1.00,1.75
2016.12.02 15:01:22.928,0.98969,0.9899,1.00,1.35
2016.12.02 15:01:23.131,0.98963,0.98988,1.50,1.35
2016.12.02 15:01:23.643,0.98963,0.9899,1.75,1.35
2016.12.02 15:01:24.956,0.98964,0.98988,1.12,1.35
2016.12.02 15:01:25.220,0.98969,0.98992,1.00,2.85
2016.12.02 15:01:25.424,0.98964,0.98991,1.75,1.97
2016.12.02 15:01:25.526,0.98961,0.98986,2.62,2.10
2016.12.02 15:01:25.576,0.98959,0.98986,2.62,2.10
2016.12.02 15:01:25.677,0.98959,0.98984,1.00,1.60
2016.12.02 15:01:25.929,0.98958,0.98983,1.12,1.35
2016.12.02 15:01:26.080,0.98955,0.98983,1.12,1.35
2016.12.02 15:01:26.181,0.98955,0.98982,1.75,1.50
2016.12.02 15:01:26.506,0.98954,0.98981,1.00,1.35
2016.12.02 15:01:26.556,0.98954,0.98981,1.37,1.35
2016.12.02 15:01:26.657,0.98958,0.98982,1.00,1.60
2016.12.02 15:01:27.162,0.98958,0.98983,1.00,1.60
2016.12.02 15:01:27.829,0.98959,0.98983,1.00,1.60
2016.12.02 15:01:28.181,0.98959,0.98988,1.12,2.25
2016.12.02 15:01:28.332,0.98964,0.98988,1.00,2.25
2016.12.02 15:01:28.950,0.98959,0.98988,1.87,1.75
2016.12.02 15:01:29.253,0.98958,0.98986,1.12,1.75
2016.12.02 15:01:29.778,0.98959,0.98986,1.00,1.75
2016.12.02 15:01:30.321,0.98958,0.98987,1.37,1.75
2016.12.02 15:01:32.549,0.98955,0.98981,1.00,1.75
2016.12.02 15:01:32.934,0.98958,0.98981,1.00,1.75
2016.12.02 15:01:33.035,0.98955,0.98983,1.00,1.75
2016.12.02 15:01:33.086,0.98955,0.98983,1.37,1.75
2016.12.02 15:01:35.216,0.98957,0.98983,1.00,1.75
2016.12.02 15:01:35.963,0.98953,0.98983,2.25,1.75
2016.12.02 15:01:36.339,0.98954,0.98979,1.87,1.35
2016.12.02 15:01:36.740,0.98958,0.98978,1.00,1.35
2016.12.02 15:01:36.790,0.98954,0.98978,1.00,2.10
2016.12.02 15:01:36.891,0.98951,0.98978,1.12,1.75
2016.12.02 15:01:37.042,0.98954,0.98978,1.00,1.75
2016.12.02 15:01:37.243,0.98951,0.98978,1.12,1.75
2016.12.02 15:01:37.394,0.98951,0.98977,1.75,1.35
2016.12.02 15:01:37.495,0.98951,0.98977,1.00,1.35
2016.12.02 15:01:37.546,0.98954,0.98977,1.00,1.35
2016.12.02 15:01:37.839,0.98948,0.98975,1.50,1.75
2016.12.02 15:01:38.343,0.98949,0.98976,1.50,3.37
2016.12.02 15:01:38.444,0.98954,0.98976,1.12,1.37
2016.12.02 15:01:38.494,0.98954,0.98978,1.50,1.30
2016.12.02 15:01:38.797,0.98953,0.9898,1.12,1.75
2016.12.02 15:01:39.371,0.98953,0.9898,2.25,1.30
2016.12.02 15:01:39.773,0.98958,0.98986,1.75,2.10
2016.12.02 15:01:39.874,0.98957,0.98986,1.75,2.10
2016.12.02 15:01:40.386,0.98954,0.98982,2.25,1.75
2016.12.02 15:01:40.487,0.98948,0.98979,1.75,1.75
2016.12.02 15:01:41.050,0.98951,0.98979,1.00,1.75
2016.12.02 15:01:41.462,0.98953,0.98979,1.00,1.75
2016.12.02 15:01:41.613,0.98953,0.98984,2.25,1.75
2016.12.02 15:01:41.915,0.98956,0.98981,1.00,1.75
2016.12.02 15:01:42.016,0.98959,0.98984,1.00,1.00
2016.12.02 15:01:44.251,0.9896,0.98984,1.00,1.00
2016.12.02 15:01:45.234,0.98959,0.98984,1.00,1.00
2016.12.02 15:01:45.385,0.9896,0.98985,1.00,1.75
2016.12.02 15:01:45.436,0.98957,0.98985,1.37,1.75
2016.12.02 15:01:46.155,0.98959,0.98985,1.00,1.75
2016.12.02 15:01:46.872,0.98959,0.98987,1.87,2.62
2016.12.02 15:01:46.923,0.9896,0.98984,1.00,1.00
2016.12.02 15:01:47.283,0.98962,0.98984,1.00,1.00
2016.12.02 15:01:47.410,0.98962,0.98986,1.00,1.00
2016.12.02 15:01:48.865,0.98963,0.98986,1.00,1.00
2016.12.02 15:01:49.991,0.98963,0.98987,1.00,1.75
2016.12.02 15:01:50.142,0.9896,0.98987,1.00,1.35
2016.12.02 15:01:50.243,0.98964,0.98987,1.00,1.35
2016.12.02 15:01:50.893,0.98964,0.98987,1.00,1.35
2016.12.02 15:01:51.260,0.98961,0.98985,1.12,1.67
2016.12.02 15:01:51.412,0.98959,0.98982,1.50,1.00
2016.12.02 15:01:52.044,0.98958,0.98982,1.50,1.00
2016.12.02 15:01:52.585,0.98959,0.98982,1.50,1.00
2016.12.02 15:01:53.138,0.9896,0.98984,1.00,1.00
2016.12.02 15:01:53.239,0.98959,0.98987,1.12,1.75
2016.12.02 15:01:53.701,0.98956,0.98984,1.50,1.75
2016.12.02 15:01:53.802,0.98956,0.98985,1.75,1.75
2016.12.02 15:01:53.852,0.9896,0.98985,1.00,1.75
2016.12.02 15:01:53.903,0.9896,0.98987,1.37,1.75
2016.12.02 15:01:54.150,0.9896,0.98987,1.37,1.75
2016.12.02 15:01:54.673,0.98959,0.98984,1.50,1.00
2016.12.02 15:01:55.327,0.98959,0.98982,1.50,1.00
2016.12.02 15:01:56.236,0.98959,0.98983,1.50,1.00
2016.12.02 15:01:56.826,0.98959,0.98982,1.50,1.00
2016.12.02 15:01:59.612,0.98959,0.98982,1.00,1.60
2016.12.02 15:02:00.628,0.98959,0.98979,1.00,1.67
2016.12.02 15:02:00.937,0.98959,0.98979,1.00,1.35
2016.12.02 15:02:01.714,0.98953,0.98979,2.25,1.35
2016.12.02 15:02:02.038,0.98959,0.9898,1.00,2.10
2016.12.02 15:02:03.338,0.98954,0.98979,1.87,1.35
2016.12.02 15:02:03.822,0.98954,0.9898,1.87,1.35
2016.12.02 15:02:04.385,0.98955,0.9898,1.50,1.60
2016.12.02 15:02:04.536,0.98959,0.9898,1.00,1.60
2016.12.02 15:02:05.211,0.98954,0.98978,1.50,1.35
2016.12.02 15:02:05.610,0.98953,0.98976,1.37,1.97
2016.12.02 15:02:05.661,0.98953,0.98975,1.00,1.35
2016.12.02 15:02:06.249,0.98953,0.98976,1.00,1.60
2016.12.02 15:02:06.524,0.98953,0.98977,1.00,1.30
2016.12.02 15:02:06.724,0.98949,0.98976,1.37,1.37
2016.12.02 15:02:06.775,0.98949,0.98972,1.00,1.00
2016.12.02 15:02:06.825,0.98949,0.98971,1.00,2.47
2016.12.02 15:02:07.077,0.98943,0.98967,1.87,2.47
2016.12.02 15:02:07.379,0.9894,0.98967,1.75,2.47
2016.12.02 15:02:07.580,0.9894,0.98964,1.12,1.35
2016.12.02 15:02:07.838,0.98943,0.98967,1.00,1.60
2016.12.02 15:02:08.034,0.98942,0.98967,1.50,1.00
2016.12.02 15:02:08.554,0.98943,0.98966,1.00,1.60
2016.12.02 15:02:09.090,0.98942,0.98966,1.50,1.60
2016.12.02 15:02:09.392,0.98942,0.98966,1.75,1.00
2016.12.02 15:02:09.561,0.98944,0.98969,1.50,1.67
2016.12.02 15:02:09.759,0.98944,0.98969,2.25,2.85
2016.12.02 15:02:09.860,0.98938,0.98967,3.00,2.10
2016.12.02 15:02:09.911,0.9894,0.98964,1.75,2.10
2016.12.02 15:02:09.961,0.9894,0.98961,1.00,1.35
2016.12.02 15:02:10.063,0.9894,0.98966,1.00,1.75
2016.12.02 15:02:10.113,0.98942,0.98968,1.00,2.62
2016.12.02 15:02:10.164,0.98942,0.98966,1.00,1.00
2016.12.02 15:02:10.214,0.98944,0.98966,1.00,1.00
2016.12.02 15:02:10.516,0.98945,0.98972,1.75,2.10
2016.12.02 15:02:11.037,0.98945,0.98971,1.37,1.75
2016.12.02 15:02:11.138,0.98946,0.98972,1.12,1.75
2016.12.02 15:02:11.189,0.98943,0.9897,1.75,1.35
2016.12.02 15:02:11.491,0.98944,0.98967,1.50,1.67
2016.12.02 15:02:11.592,0.98941,0.98966,1.37,1.37
2016.12.02 15:02:12.158,0.98943,0.98966,1.00,1.37
2016.12.02 15:02:12.659,0.98944,0.98969,1.00,1.75
2016.12.02 15:02:12.810,0.98948,0.98969,1.00,1.75
2016.12.02 15:02:12.861,0.98948,0.98971,1.00,1.75
2016.12.02 15:02:12.962,0.98948,0.98973,1.12,1.35
2016.12.02 15:02:13.149,0.98947,0.98972,1.00,1.75
2016.12.02 15:02:13.655,0.98946,0.98969,1.50,1.30
2016.12.02 15:02:13.806,0.98944,0.98967,1.00,1.35
2016.12.02 15:02:14.018,0.98949,0.98967,1.00,1.35
2016.12.02 15:02:14.532,0.98948,0.98967,1.00,1.35
2016.12.02 15:02:15.139,0.98949,0.98967,1.00,1.35
2016.12.02 15:02:15.644,0.98948,0.98967,1.00,1.35
2016.12.02 15:02:16.250,0.98949,0.98967,1.00,1.35
2016.12.02 15:02:18.557,0.98944,0.98967,1.00,1.60
2016.12.02 15:02:19.076,0.98943,0.98968,1.00,2.10
2016.12.02 15:02:19.579,0.98943,0.98968,2.25,1.60
2016.12.02 15:02:19.629,0.98945,0.98968,1.00,1.60
2016.12.02 15:02:20.382,0.98949,0.98968,1.00,1.60
2016.12.02 15:02:20.785,0.98948,0.98968,1.00,1.75
2016.12.02 15:02:21.288,0.98949,0.98968,1.00,1.75
2016.12.02 15:02:21.997,0.98949,0.98969,1.00,1.67
2016.12.02 15:02:22.273,0.98949,0.98966,1.00,1.60
2016.12.02 15:02:22.983,0.98948,0.98968,1.00,2.47
2016.12.02 15:02:23.711,0.98948,0.98967,1.00,1.30
2016.12.02 15:02:23.812,0.98943,0.98967,1.87,1.30
2016.12.02 15:02:23.913,0.98943,0.98967,1.00,1.35
2016.12.02 15:02:24.558,0.98941,0.98964,1.37,2.47
2016.12.02 15:02:24.608,0.98942,0.98966,1.12,1.50
2016.12.02 15:02:24.783,0.98944,0.98969,1.00,2.10
2016.12.02 15:02:25.234,0.98942,0.98967,1.12,1.75
2016.12.02 15:02:25.285,0.98944,0.98969,1.00,2.10
2016.12.02 15:02:25.970,0.98942,0.98966,1.50,1.37
2016.12.02 15:02:26.021,0.98946,0.98966,1.00,1.12
2016.12.02 15:02:26.273,0.98944,0.98969,1.87,1.60
2016.12.02 15:02:26.971,0.98944,0.98969,1.37,1.35
2016.12.02 15:02:27.564,0.98943,0.98966,1.50,1.00
2016.12.02 15:02:27.876,0.98944,0.98971,1.75,1.50
2016.12.02 15:02:27.927,0.98947,0.98971,1.00,1.50
2016.12.02 15:02:27.977,0.98944,0.98971,1.50,1.50
2016.12.02 15:02:28.028,0.98944,0.98968,1.50,1.30
2016.12.02 15:02:28.079,0.98944,0.98969,1.00,1.75
2016.12.02 15:02:28.129,0.98941,0.98969,1.37,1.75
2016.12.02 15:02:28.393,0.9894,0.98966,1.00,1.75
2016.12.02 15:02:28.896,0.98937,0.98963,1.00,1.75
2016.12.02 15:02:29.307,0.98935,0.98963,1.12,1.75
2016.12.02 15:02:30.320,0.98937,0.98963,1.00,1.75
2016.12.02 15:02:30.810,0.98935,0.98963,1.12,1.75
2016.12.02 15:02:30.961,0.98938,0.98964,1.37,2.62
2016.12.02 15:02:31.011,0.98941,0.98967,1.00,1.75
2016.12.02 15:02:31.112,0.98941,0.98967,1.12,1.50
2016.12.02 15:02:31.235,0.98943,0.98969,1.00,1.75
2016.12.02 15:02:31.754,0.98944,0.98971,1.12,1.75
2016.12.02 15:02:32.063,0.98943,0.98971,1.75,1.75
2016.12.02 15:02:33.811,0.98944,0.98972,1.12,1.75
2016.12.02 15:02:34.113,0.98945,0.98969,1.00,1.00
2016.12.02 15:02:35.498,0.98945,0.98974,1.12,4.12
2016.12.02 15:02:36.345,0.98944,0.98968,1.00,1.00
2016.12.02 15:02:37.271,0.98944,0.98972,1.37,1.35
2016.12.02 15:02:37.322,0.98945,0.9897,1.00,1.00
2016.12.02 15:02:37.473,0.98943,0.98972,1.50,1.75
2016.12.02 15:02:37.825,0.98941,0.98971,2.25,1.35
2016.12.02 15:02:38.046,0.98944,0.9897,1.00,1.97
2016.12.02 15:02:38.617,0.98941,0.98967,1.00,1.75
2016.12.02 15:02:40.263,0.98941,0.98965,1.00,1.00
2016.12.02 15:02:41.366,0.9894,0.98965,1.00,1.00
2016.12.02 15:02:44.138,0.98942,0.98965,1.00,1.00
2016.12.02 15:02:44.245,0.98942,0.98969,1.12,1.75
2016.12.02 15:02:44.396,0.98944,0.98969,1.00,1.75
2016.12.02 15:02:44.902,0.98943,0.98971,1.00,2.10
2016.12.02 15:02:46.873,0.98941,0.98969,1.50,1.75
2016.12.02 15:02:47.175,0.98939,0.98965,1.75,1.50
2016.12.02 15:02:47.482,0.98943,0.98969,1.37,1.50
2016.12.02 15:02:47.994,0.98944,0.98966,1.00,1.00
2016.12.02 15:02:48.628,0.98944,0.98967,1.00,1.75
2016.12.02 15:02:49.409,0.98943,0.98963,1.00,1.00
2016.12.02 15:02:49.460,0.9894,0.98963,1.00,1.00
2016.12.02 15:02:49.863,0.98944,0.98963,1.00,1.00
2016.12.02 15:02:50.170,0.98944,0.98963,1.00,1.75
2016.12.02 15:02:51.658,0.98939,0.98963,1.00,1.75
2016.12.02 15:02:52.228,0.9894,0.98963,1.00,1.75
2016.12.02 15:02:52.481,0.98939,0.98963,1.12,1.35
2016.12.02 15:02:52.581,0.98939,0.98962,1.00,1.35
2016.12.02 15:02:52.733,0.98937,0.98962,1.00,1.35
2016.12.02 15:02:52.984,0.98938,0.98962,1.00,1.35
2016.12.02 15:02:54.039,0.98938,0.98962,1.12,1.67
2016.12.02 15:02:55.760,0.98939,0.98961,1.00,1.00
2016.12.02 15:02:55.861,0.98939,0.98967,1.50,1.75
2016.12.02 15:02:56.012,0.98939,0.98963,1.37,1.35
2016.12.02 15:02:56.560,0.98939,0.98965,1.00,1.35
2016.12.02 15:02:56.661,0.98938,0.98965,1.50,1.67
2016.12.02 15:02:56.899,0.98939,0.98965,1.50,2.10
2016.12.02 15:02:57.203,0.98944,0.98965,1.00,1.75
2016.12.02 15:02:57.505,0.98949,0.98963,1.00,1.30
2016.12.02 15:02:57.555,0.98944,0.98965,1.00,1.75
2016.12.02 15:02:57.656,0.98944,0.98967,1.00,3.97
2016.12.02 15:02:57.807,0.98944,0.98967,1.00,1.35
2016.12.02 15:02:58.056,0.98944,0.98965,1.00,1.35
2016.12.02 15:02:58.570,0.98944,0.98963,1.00,1.35
2016.12.02 15:02:59.053,0.98939,0.98962,1.00,1.35
2016.12.02 15:02:59.588,0.98939,0.98962,1.00,1.35
2016.12.02 15:02:59.825,0.98939,0.98961,1.00,1.75
2016.12.02 15:03:00.260,0.98944,0.98962,1.00,3.97
2016.12.02 15:03:00.717,0.98944,0.98962,1.00,2.10
2016.12.02 15:03:00.768,0.98939,0.98962,1.00,2.10
2016.12.02 15:03:01.962,0.98943,0.98962,1.00,2.10
2016.12.02 15:03:02.626,0.98943,0.98962,1.00,1.35
2016.12.02 15:03:03.355,0.98939,0.98962,1.00,1.00
2016.12.02 15:03:03.991,0.98943,0.98962,1.00,1.00
2016.12.02 15:03:04.092,0.98944,0.98968,1.00,2.10
2016.12.02 15:03:05.178,0.98943,0.98968,1.00,2.10
2016.12.02 15:03:05.279,0.98943,0.98964,1.00,1.50
2016.12.02 15:03:05.586,0.98943,0.98963,1.00,1.35
2016.12.02 15:03:06.477,0.98944,0.98966,1.00,2.25
2016.12.02 15:03:06.528,0.98944,0.98968,1.00,1.35
2016.12.02 15:03:06.729,0.98944,0.98966,1.00,1.35
2016.12.02 15:03:07.031,0.98944,0.98964,1.00,2.10
2016.12.02 15:03:07.491,0.9894,0.98965,1.00,1.35
2016.12.02 15:03:07.542,0.9894,0.98964,1.00,1.30
2016.12.02 15:03:08.180,0.98941,0.98967,1.00,1.50
2016.12.02 15:03:08.331,0.9894,0.98966,1.00,1.75
2016.12.02 15:03:08.785,0.98937,0.98961,1.37,1.12
2016.12.02 15:03:08.936,0.98938,0.98962,1.00,1.75
2016.12.02 15:03:09.037,0.98938,0.98965,1.00,1.75
2016.12.02 15:03:09.509,0.98937,0.98966,1.50,1.75
2016.12.02 15:03:09.765,0.98936,0.98961,1.75,1.00
2016.12.02 15:03:10.330,0.98939,0.98966,1.00,2.25
2016.12.02 15:03:10.783,0.9894,0.98966,1.37,1.50
2016.12.02 15:03:10.833,0.9894,0.98966,1.75,1.50
2016.12.02 15:03:10.934,0.9894,0.98964,1.50,1.00
2016.12.02 15:03:11.035,0.9894,0.98966,1.50,1.37
2016.12.02 15:03:11.236,0.98939,0.98964,1.50,1.00
2016.12.02 15:03:12.575,0.9894,0.98964,1.00,1.00
2016.12.02 15:03:13.097,0.98939,0.98964,1.50,1.00
2016.12.02 15:03:13.739,0.98938,0.98965,1.12,1.75
2016.12.02 15:03:14.718,0.98944,0.98965,1.00,1.75
2016.12.02 15:03:14.871,0.98939,0.98965,1.00,1.75
2016.12.02 15:03:15.326,0.98939,0.98962,1.00,1.75
2016.12.02 15:03:15.879,0.98939,0.98964,1.00,1.75
2016.12.02 15:03:17.473,0.98938,0.9896,1.00,1.30
2016.12.02 15:03:17.996,0.98938,0.98962,1.00,1.35
2016.12.02 15:03:18.500,0.98938,0.9896,1.00,1.30
2016.12.02 15:03:19.608,0.98938,0.9896,1.00,1.67
2016.12.02 15:03:20.112,0.98938,0.9896,1.00,1.35
2016.12.02 15:03:21.476,0.98938,0.98961,1.00,1.35
2016.12.02 15:03:21.628,0.98939,0.98961,1.00,1.00
2016.12.02 15:03:22.144,0.98939,0.98964,1.12,1.35
2016.12.02 15:03:22.547,0.98939,0.98965,1.50,2.62
2016.12.02 15:03:22.849,0.98944,0.98962,1.00,1.37
2016.12.02 15:03:23.001,0.98939,0.98959,1.00,1.00
2016.12.02 15:03:24.951,0.98939,0.98958,1.00,1.37
2016.12.02 15:03:25.635,0.98938,0.98958,1.00,1.75
2016.12.02 15:03:26.541,0.98934,0.98958,1.00,1.75
2016.12.02 15:03:26.742,0.98938,0.98961,1.00,3.97
2016.12.02 15:03:27.044,0.98944,0.98964,1.00,2.10
2016.12.02 15:03:27.246,0.98944,0.98967,1.00,1.75
2016.12.02 15:03:27.347,0.98939,0.98967,1.00,1.75
2016.12.02 15:03:27.498,0.98943,0.98968,1.00,1.75
2016.12.02 15:03:27.842,0.98967,0.98985,1.00,1.00
2016.12.02 15:03:27.893,0.98967,0.98987,1.12,1.00
2016.12.02 15:03:27.943,0.9897,0.98987,1.00,1.00
2016.12.02 15:03:28.044,0.98979,0.99001,1.00,1.75
2016.12.02 15:03:28.145,0.98976,0.99005,1.75,1.75
2016.12.02 15:03:28.427,0.98984,0.99003,1.00,1.37
2016.12.02 15:03:28.477,0.98978,0.99003,1.00,1.37
2016.12.02 15:03:28.528,0.98976,0.99003,1.12,1.75
2016.12.02 15:03:28.783,0.98977,0.99006,1.37,1.75
2016.12.02 15:03:29.085,0.98977,0.99004,1.37,1.00
2016.12.02 15:03:29.186,0.98977,0.99005,1.50,1.50
2016.12.02 15:03:29.237,0.98977,0.99005,1.12,1.75
2016.12.02 15:03:29.805,0.98977,0.99004,1.00,1.75
2016.12.02 15:03:30.312,0.98977,0.99006,1.12,3.37
2016.12.02 15:03:30.846,0.9898,0.99006,1.00,3.37
2016.12.02 15:03:31.156,0.98983,0.99006,1.00,3.37
2016.12.02 15:03:31.365,0.98979,0.98998,1.00,1.00
2016.12.02 15:03:31.912,0.98978,0.99004,1.00,1.75
2016.12.02 15:03:32.266,0.98979,0.99005,1.00,1.75
2016.12.02 15:03:32.600,0.98979,0.99002,1.00,1.00
2016.12.02 15:03:33.053,0.98979,0.99005,1.00,1.00
2016.12.02 15:03:33.914,0.98979,0.99005,1.00,1.50
2016.12.02 15:03:34.761,0.98976,0.99003,1.12,2.10
2016.12.02 15:03:34.812,0.98976,0.99003,1.00,1.50
2016.12.02 15:03:35.031,0.98971,0.99,1.00,2.62
2016.12.02 15:03:35.132,0.98979,0.98998,1.00,1.37
2016.12.02 15:03:35.234,0.98976,0.99003,2.25,1.35
2016.12.02 15:03:35.284,0.98976,0.99001,1.75,1.12
2016.12.02 15:03:35.335,0.98973,0.99002,1.75,2.10
2016.12.02 15:03:35.386,0.98973,0.99001,1.37,1.97
2016.12.02 15:03:35.436,0.98972,0.98996,1.12,1.12
2016.12.02 15:03:35.487,0.98972,0.98996,1.00,1.37
2016.12.02 15:03:35.740,0.9897,0.98996,1.12,1.50
2016.12.02 15:03:35.791,0.9897,0.98996,1.37,1.50
2016.12.02 15:03:36.003,0.98974,0.99001,2.25,1.37
2016.12.02 15:03:36.155,0.98974,0.98997,1.50,1.00
2016.12.02 15:03:36.814,0.98972,0.98997,1.50,1.50
2016.12.02 15:03:37.130,0.98972,0.98997,1.00,1.75
2016.12.02 15:03:37.332,0.98968,0.98995,1.12,1.75
2016.12.02 15:03:37.500,0.98968,0.98994,1.75,1.50
2016.12.02 15:03:37.820,0.98968,0.98993,1.00,1.75
2016.12.02 15:03:38.295,0.98968,0.98994,1.00,1.75
2016.12.02 15:03:38.396,0.98968,0.98993,1.00,1.75
2016.12.02 15:03:38.547,0.98968,0.98994,1.00,1.75
2016.12.02 15:03:38.648,0.98966,0.98994,1.00,1.75
2016.12.02 15:03:39.109,0.98967,0.98997,1.37,3.22
2016.12.02 15:03:39.160,0.9897,0.98998,1.50,1.75
2016.12.02 15:03:39.260,0.98971,0.99,1.50,1.75
2016.12.02 15:03:39.311,0.98971,0.98999,1.50,1.75
2016.12.02 15:03:39.762,0.98974,0.99,1.00,2.62
2016.12.02 15:03:39.964,0.98981,0.99006,1.50,1.12
2016.12.02 15:03:40.115,0.98981,0.99006,1.50,1.37
2016.12.02 15:03:40.556,0.98977,0.99005,1.75,3.22
2016.12.02 15:03:40.757,0.98959,0.98985,1.75,1.00
2016.12.02 15:03:40.808,0.98959,0.98985,1.37,1.37
2016.12.02 15:03:40.858,0.98957,0.98982,1.50,1.00
2016.12.02 15:03:40.962,0.98962,0.98982,1.00,1.00
2016.12.02 15:03:41.064,0.98962,0.9899,1.50,1.75
2016.12.02 15:03:41.597,0.98963,0.98987,1.00,1.50
2016.12.02 15:03:41.748,0.98963,0.9899,1.87,1.75
2016.12.02 15:03:42.232,0.98964,0.98991,1.87,1.75
2016.12.02 15:03:42.282,0.98964,0.9899,2.25,1.37
2016.12.02 15:03:42.333,0.98966,0.9899,1.00,1.37
2016.12.02 15:03:42.577,0.98964,0.9899,1.00,1.75
2016.12.02 15:03:42.779,0.98966,0.9899,1.00,1.75
2016.12.02 15:03:43.113,0.98965,0.98993,1.37,1.35
2016.12.02 15:03:43.164,0.98966,0.98991,1.00,1.00
2016.12.02 15:03:43.215,0.98963,0.98992,1.75,1.75
2016.12.02 15:03:43.265,0.98964,0.98991,1.12,1.75
2016.12.02 15:03:43.316,0.98964,0.98991,1.37,1.50
2016.12.02 15:03:43.367,0.98967,0.98991,1.37,1.12
2016.12.02 15:03:43.619,0.98967,0.98994,1.00,1.75
2016.12.02 15:03:43.820,0.98964,0.9899,1.50,1.37
2016.12.02 15:03:43.921,0.98966,0.9899,1.12,1.12
2016.12.02 15:03:44.022,0.98966,0.98992,1.37,1.50
2016.12.02 15:03:44.648,0.98969,0.98992,1.00,1.00
2016.12.02 15:03:45.163,0.98969,0.98993,1.50,1.00
2016.12.02 15:03:45.738,0.98969,0.98992,1.00,1.00
2016.12.02 15:03:46.665,0.98971,0.98992,1.00,1.00
2016.12.02 15:03:46.766,0.98974,0.98999,1.50,1.67
2016.12.02 15:03:46.816,0.98974,0.98999,1.12,1.67
2016.12.02 15:03:46.867,0.98968,0.98997,2.25,1.50
2016.12.02 15:03:47.143,0.9897,0.98997,1.00,1.50
2016.12.02 15:03:47.446,0.98968,0.98995,1.50,1.35
2016.12.02 15:03:47.547,0.98968,0.9899,1.12,1.30
2016.12.02 15:03:47.799,0.98968,0.98993,1.00,1.60
2016.12.02 15:03:48.304,0.98969,0.98993,1.00,1.00
2016.12.02 15:03:48.882,0.98968,0.98993,2.25,1.00
2016.12.02 15:03:49.399,0.98969,0.98993,1.00,1.00
2016.12.02 15:03:50.274,0.98968,0.98993,1.00,1.00
2016.12.02 15:03:50.651,0.98974,0.98993,1.00,1.00
2016.12.02 15:03:50.753,0.98968,0.98993,1.50,1.00
2016.12.02 15:03:50.954,0.98968,0.98998,2.25,1.75
2016.12.02 15:03:51.004,0.9897,0.98995,1.00,1.00
2016.12.02 15:03:51.155,0.98974,0.98995,1.00,1.00
2016.12.02 15:03:51.697,0.98973,0.98995,1.00,1.00
2016.12.02 15:03:53.198,0.98974,0.98995,1.00,1.00
2016.12.02 15:03:53.471,0.9897,0.98995,1.00,1.00
2016.12.02 15:03:54.294,0.98974,0.98995,1.00,1.00
2016.12.02 15:03:54.741,0.98974,0.98996,1.00,2.25
2016.12.02 15:03:54.996,0.98969,0.98994,1.00,2.10
2016.12.02 15:03:55.362,0.98974,0.98994,1.00,2.10
2016.12.02 15:03:55.862,0.98969,0.98994,1.00,2.10
2016.12.02 15:03:57.164,0.98968,0.98994,1.00,2.10
2016.12.02 15:03:57.894,0.98969,0.98994,1.00,2.10
2016.12.02 15:03:58.314,0.98973,0.98998,1.00,2.10
2016.12.02 15:04:00.069,0.98968,0.98997,1.75,1.75
2016.12.02 15:04:03.587,0.98969,0.98992,1.12,1.37
2016.12.02 15:04:03.738,0.98969,0.98995,1.12,1.35
2016.12.02 15:04:04.360,0.98967,0.98991,1.50,1.00
2016.12.02 15:04:04.411,0.98964,0.98991,1.87,1.75
2016.12.02 15:04:04.512,0.98965,0.98992,1.50,1.35
2016.12.02 15:04:04.817,0.98968,0.98991,1.50,1.00
2016.12.02 15:04:05.723,0.98969,0.98997,1.00,3.37
2016.12.02 15:04:05.824,0.98969,0.98995,1.37,1.35
2016.12.02 15:04:06.831,0.98968,0.98995,1.87,1.75
2016.12.02 15:04:07.133,0.98966,0.98991,1.00,2.62
2016.12.02 15:04:07.234,0.98966,0.98992,1.12,1.50
2016.12.02 15:04:07.713,0.98968,0.98995,1.00,2.85
2016.12.02 15:04:07.814,0.98965,0.98994,1.50,1.75
2016.12.02 15:04:08.015,0.98969,0.98992,1.00,1.75
2016.12.02 15:04:08.419,0.98963,0.9899,2.25,1.75
2016.12.02 15:04:09.903,0.98963,0.98988,1.00,2.25
2016.12.02 15:04:10.702,0.98963,0.98985,1.00,1.00
2016.12.02 15:04:10.934,0.9896,0.98986,1.50,1.50
2016.12.02 15:04:11.035,0.98961,0.9899,1.50,2.85
2016.12.02 15:04:11.236,0.98963,0.98987,1.00,1.75
2016.12.02 15:04:11.337,0.98963,0.98986,1.00,1.00
2016.12.02 15:04:11.438,0.98963,0.98987,1.00,1.75
2016.12.02 15:04:11.539,0.98964,0.9899,1.00,2.85
2016.12.02 15:04:12.060,0.98963,0.9899,1.00,2.10
2016.12.02 15:04:12.563,0.98964,0.98989,1.00,1.35
2016.12.02 15:04:13.196,0.98964,0.98984,1.00,1.00
2016.12.02 15:04:13.661,0.98963,0.98992,2.25,3.00
2016.12.02 15:04:14.151,0.98964,0.98988,1.00,1.35
2016.12.02 15:04:14.425,0.98964,0.98988,1.50,1.35
2016.12.02 15:04:14.928,0.98964,0.98988,1.12,1.67
2016.12.02 15:04:15.761,0.98962,0.98983,1.00,1.00
2016.12.02 15:04:15.861,0.98963,0.98988,1.00,1.67
2016.12.02 15:04:16.825,0.98963,0.98983,1.00,1.00
2016.12.02 15:04:17.546,0.98963,0.98986,1.00,3.37
2016.12.02 15:04:17.647,0.98959,0.98986,1.87,2.25
2016.12.02 15:04:17.868,0.98959,0.98985,1.87,1.35
2016.12.02 15:04:17.964,0.98964,0.98985,1.00,1.35
2016.12.02 15:04:18.490,0.98964,0.98989,1.00,2.10
2016.12.02 15:04:19.333,0.9896,0.98988,1.00,1.75
2016.12.02 15:04:19.383,0.98966,0.98988,1.00,1.75
2016.12.02 15:04:19.434,0.98966,0.98993,1.12,2.10
2016.12.02 15:04:19.635,0.98964,0.98992,1.12,2.25
2016.12.02 15:04:20.146,0.98964,0.98985,1.00,1.00
2016.12.02 15:04:20.673,0.98966,0.98991,1.00,2.10
2016.12.02 15:04:21.035,0.98968,0.98991,1.00,2.10
2016.12.02 15:04:22.336,0.98969,0.98991,1.00,2.10
2016.12.02 15:04:24.059,0.98965,0.9899,1.00,1.35
2016.12.02 15:04:24.160,0.98962,0.9899,1.37,1.35
2016.12.02 15:04:24.361,0.98962,0.98986,1.00,1.35
2016.12.02 15:04:24.462,0.98959,0.98986,1.00,1.35
2016.12.02 15:04:24.563,0.98959,0.98983,1.00,1.75
2016.12.02 15:04:24.663,0.98956,0.98982,1.12,1.75
2016.12.02 15:04:24.865,0.98959,0.98983,1.00,1.75
2016.12.02 15:04:25.194,0.98958,0.98981,1.00,1.75
2016.12.02 15:04:25.295,0.98957,0.9898,1.00,1.00
2016.12.02 15:04:25.346,0.98959,0.9898,1.00,1.00
2016.12.02 15:04:25.743,0.98963,0.9898,1.00,1.00
2016.12.02 15:04:26.271,0.98961,0.98985,1.00,1.35
2016.12.02 15:04:26.371,0.98961,0.9898,1.00,1.00
2016.12.02 15:04:26.476,0.98961,0.98984,1.00,1.75
2016.12.02 15:04:26.627,0.98963,0.98984,1.00,1.75
2016.12.02 15:04:26.928,0.98958,0.98984,1.00,1.75
2016.12.02 15:04:26.979,0.98963,0.98984,1.00,1.75
2016.12.02 15:04:27.180,0.98964,0.98991,1.12,1.75
2016.12.02 15:04:27.231,0.98969,0.98993,1.00,2.62
2016.12.02 15:04:27.281,0.98969,0.98994,1.00,1.75
2016.12.02 15:04:27.722,0.98964,0.9899,1.00,1.75
2016.12.02 15:04:27.874,0.98964,0.98989,1.50,1.00
2016.12.02 15:04:27.975,0.98966,0.98989,1.00,1.00
2016.12.02 15:04:28.277,0.9897,0.98995,1.00,2.10
2016.12.02 15:04:28.478,0.98972,0.98998,1.00,1.75
2016.12.02 15:04:28.579,0.98974,0.98998,1.00,1.75
2016.12.02 15:04:28.780,0.98974,0.98999,1.12,1.35
2016.12.02 15:04:29.323,0.98974,0.98999,1.00,2.10
2016.12.02 15:04:30.366,0.98978,0.98999,1.00,2.10
2016.12.02 15:04:30.668,0.98978,0.98998,1.00,1.75
2016.12.02 15:04:30.908,0.98978,0.98999,1.50,1.35
2016.12.02 15:04:31.629,0.98979,0.99002,1.00,2.47
2016.12.02 15:04:32.168,0.9898,0.99002,1.00,2.47
2016.12.02 15:04:32.621,0.98984,0.99002,1.00,2.47
2016.12.02 15:04:33.077,0.98979,0.99003,1.00,1.35
2016.12.02 15:04:33.580,0.98979,0.99003,1.50,1.35
2016.12.02 15:04:33.781,0.98976,0.99003,1.12,1.75
2016.12.02 15:04:33.968,0.98978,0.99003,1.00,1.75
2016.12.02 15:04:34.390,0.98975,0.99,1.00,1.75
2016.12.02 15:04:34.901,0.98974,0.99,1.00,1.75
2016.12.02 15:04:35.304,0.98974,0.98999,1.00,1.00
2016.12.02 15:04:35.681,0.98975,0.99,1.00,1.75
2016.12.02 15:04:35.832,0.98974,0.99005,1.50,2.62
2016.12.02 15:04:35.933,0.98974,0.99006,1.75,3.00
2016.12.02 15:04:36.210,0.98975,0.99,1.50,1.00
2016.12.02 15:04:36.310,0.98972,0.99001,1.75,2.25
2016.12.02 15:04:37.204,0.98972,0.98995,1.00,1.00
2016.12.02 15:04:37.914,0.98971,0.98995,1.00,1.00
2016.12.02 15:04:38.420,0.98972,0.99001,1.37,1.75
2016.12.02 15:04:39.054,0.98975,0.98997,1.00,1.37
2016.12.02 15:04:39.255,0.98976,0.99001,1.12,1.35
2016.12.02 15:04:40.174,0.98975,0.99002,1.75,1.50
2016.12.02 15:04:40.274,0.98975,0.99002,1.75,1.50
2016.12.02 15:04:40.731,0.9898,0.99002,1.00,1.50
2016.12.02 15:04:40.832,0.98977,0.99002,1.50,1.50
2016.12.02 15:04:41.046,0.98977,0.99002,1.75,1.60
2016.12.02 15:04:41.147,0.98976,0.99002,1.12,2.10
2016.12.02 15:04:41.349,0.98973,0.99002,2.25,1.67
2016.12.02 15:04:41.399,0.98973,0.99001,1.50,1.50
2016.12.02 15:04:41.450,0.98974,0.99001,1.12,1.75
2016.12.02 15:04:41.802,0.98974,0.98996,1.12,1.37
2016.12.02 15:04:41.953,0.9897,0.98995,1.50,1.00
2016.12.02 15:04:42.155,0.98972,0.98995,1.00,1.00
2016.12.02 15:04:42.667,0.98971,0.98995,1.00,1.00
2016.12.02 15:04:42.970,0.98979,0.99007,1.00,2.62
2016.12.02 15:04:43.121,0.98979,0.99008,2.25,1.75
2016.12.02 15:04:43.222,0.98981,0.99006,1.00,1.75
2016.12.02 15:04:43.764,0.98979,0.99006,2.25,1.75
2016.12.02 15:04:44.101,0.98971,0.98999,1.37,1.75
2016.12.02 15:04:44.151,0.9897,0.98999,1.37,1.75
2016.12.02 15:04:46.319,0.98969,0.98996,1.87,2.25
2016.12.02 15:04:46.370,0.98969,0.98996,1.50,2.25
2016.12.02 15:04:46.963,0.98972,0.98996,1.00,1.75
2016.12.02 15:04:47.520,0.98972,0.98996,1.00,2.25
2016.12.02 15:04:48.050,0.98972,0.98996,1.00,2.25
2016.12.02 15:04:49.849,0.98971,0.98996,1.00,1.75
2016.12.02 15:04:50.140,0.98974,0.99001,1.00,1.75
2016.12.02 15:04:50.241,0.98975,0.99002,1.12,1.75
2016.12.02 15:04:50.342,0.98978,0.99002,1.00,1.75
2016.12.02 15:04:51.718,0.98979,0.99003,1.00,1.75
2016.12.02 15:04:52.470,0.98977,0.99001,1.50,1.12
2016.12.02 15:04:52.823,0.98979,0.99007,1.37,3.37
2016.12.02 15:04:52.873,0.98984,0.99006,1.00,1.00
2016.12.02 15:04:52.924,0.98984,0.99006,1.00,1.50
2016.12.02 15:04:52.974,0.98981,0.99004,1.00,1.00
2016.12.02 15:04:53.262,0.98984,0.99004,1.00,1.00
2016.12.02 15:04:53.363,0.98984,0.99011,1.87,1.75
2016.12.02 15:04:53.891,0.98984,0.99006,1.12,1.00
2016.12.02 15:04:54.093,0.98984,0.99001,1.12,1.00
2016.12.02 15:04:54.244,0.98981,0.99001,1.12,1.00
2016.12.02 15:04:54.395,0.9898,0.99007,1.37,1.75
2016.12.02 15:04:54.963,0.9898,0.99006,1.00,1.75
2016.12.02 15:04:55.230,0.98976,0.99003,1.37,1.75
2016.12.02 15:04:55.280,0.98976,0.99003,1.00,1.75
2016.12.02 15:04:55.482,0.98976,0.99,1.50,1.00
2016.12.02 15:04:55.533,0.98973,0.99001,1.50,1.75
2016.12.02 15:04:55.583,0.98973,0.98998,1.50,1.50
2016.12.02 15:04:55.634,0.98975,0.98998,1.00,1.75
2016.12.02 15:04:56.150,0.98975,0.98997,1.00,1.00
2016.12.02 15:04:56.826,0.98975,0.98996,1.12,1.00
2016.12.02 15:04:57.195,0.98974,0.99001,1.50,1.75
2016.12.02 15:04:57.365,0.98977,0.99001,1.37,1.12
2016.12.02 15:04:57.681,0.98981,0.99006,1.00,1.75
2016.12.02 15:04:57.984,0.9898,0.99007,1.75,1.75
2016.12.02 15:04:59.336,0.98979,0.99005,1.37,1.50
2016.12.02 15:04:59.387,0.98979,0.99005,1.00,1.75
2016.12.02 15:04:59.797,0.98984,0.99007,1.00,2.62
2016.12.02 15:04:59.899,0.98983,0.99006,1.00,1.50
2016.12.02 15:04:59.950,0.98985,0.99006,1.00,1.50
2016.12.02 15:05:01.462,0.98985,0.99011,1.00,2.25
2016.12.02 15:05:01.976,0.98986,0.99011,1.00,2.25
2016.12.02 15:05:02.445,0.98988,0.99011,1.00,1.37
2016.12.02 15:05:02.496,0.98988,0.99011,1.37,1.12
2016.12.02 15:05:02.546,0.98993,0.99016,1.00,1.75
2016.12.02 15:05:02.698,0.98993,0.99017,1.00,1.50
2016.12.02 15:05:03.328,0.98992,0.99016,1.37,1.00
2016.12.02 15:05:04.212,0.98992,0.99017,1.67,1.00
2016.12.02 15:05:04.652,0.98992,0.99017,1.67,1.00
2016.12.02 15:05:04.904,0.98995,0.99021,1.00,1.75
2016.12.02 15:05:04.955,0.98994,0.99021,1.50,1.37
2016.12.02 15:05:05.005,0.98994,0.99021,1.75,1.12
2016.12.02 15:05:05.056,0.98993,0.99022,2.25,1.75
2016.12.02 15:05:05.107,0.98993,0.99022,1.75,1.75
2016.12.02 15:05:05.308,0.9899,0.99017,1.50,1.50
2016.12.02 15:05:05.543,0.98988,0.99016,2.10,1.75
2016.12.02 15:05:05.644,0.98988,0.99011,2.47,1.00
2016.12.02 15:05:05.845,0.99,0.99025,1.50,1.00
2016.12.02 15:05:06.779,0.99001,0.99025,1.00,1.00
2016.12.02 15:05:06.980,0.98998,0.99027,1.50,2.25
2016.12.02 15:05:07.283,0.98999,0.99024,1.00,1.75
2016.12.02 15:05:07.434,0.98996,0.99024,1.37,1.75
2016.12.02 15:05:07.623,0.99004,0.99026,1.00,2.25
2016.12.02 15:05:07.675,0.99006,0.99031,1.37,2.25
2016.12.02 15:05:07.727,0.99009,0.99036,1.12,2.10
2016.12.02 15:05:08.486,0.99008,0.99031,1.50,1.00
2016.12.02 15:05:09.371,0.99009,0.99031,1.00,1.00
2016.12.02 15:05:09.572,0.99009,0.99032,1.00,1.75
2016.12.02 15:05:10.121,0.99008,0.99031,1.12,1.37
2016.12.02 15:05:10.420,0.99008,0.99036,1.75,1.75
2016.12.02 15:05:10.678,0.99013,0.99037,1.00,1.75
2016.12.02 15:05:10.852,0.99008,0.99033,1.00,1.75
2016.12.02 15:05:11.534,0.99009,0.99032,1.00,1.35
2016.12.02 15:05:11.937,0.99009,0.99032,1.12,1.30
2016.12.02 15:05:12.451,0.99011,0.99036,1.00,2.10
2016.12.02 15:05:12.602,0.99011,0.99036,1.12,2.10
2016.12.02 15:05:12.854,0.99014,0.99038,1.00,1.75
2016.12.02 15:05:13.106,0.99016,0.99041,1.00,2.25
2016.12.02 15:05:13.410,0.99016,0.99041,1.00,1.35
2016.12.02 15:05:13.476,0.9902,0.99041,1.00,1.35
2016.12.02 15:05:13.986,0.99019,0.99041,1.00,1.75
2016.12.02 15:05:14.353,0.99017,0.99041,1.00,1.35
2016.12.02 15:05:14.454,0.99015,0.99041,1.00,1.35
2016.12.02 15:05:14.778,0.99014,0.99038,1.87,1.37
2016.12.02 15:05:15.305,0.99014,0.99042,1.87,2.10
2016.12.02 15:05:15.406,0.99014,0.9904,1.75,1.30
2016.12.02 15:05:15.607,0.99014,0.99037,1.00,1.50
2016.12.02 15:05:15.658,0.99012,0.99037,1.12,2.25
2016.12.02 15:05:15.959,0.99013,0.99037,1.00,1.97
2016.12.02 15:05:16.010,0.99013,0.99037,1.12,1.37
2016.12.02 15:05:16.061,0.99016,0.99042,1.00,3.37
2016.12.02 15:05:16.111,0.99016,0.99039,1.00,1.00
2016.12.02 15:05:16.323,0.99017,0.99045,1.37,3.22
2016.12.02 15:05:16.434,0.99011,0.99037,1.12,1.75
2016.12.02 15:05:16.938,0.99011,0.99034,1.00,1.35
2016.12.02 15:05:17.240,0.99009,0.99034,1.87,1.35
2016.12.02 15:05:17.715,0.9901,0.99034,1.37,1.30
2016.12.02 15:05:18.539,0.99011,0.99041,1.50,1.75
2016.12.02 15:05:18.589,0.99015,0.99043,1.37,2.62
2016.12.02 15:05:18.640,0.99015,0.99044,1.75,1.87
2016.12.02 15:05:18.745,0.99019,0.99044,1.00,1.87
2016.12.02 15:05:19.853,0.9902,0.99046,1.00,4.72
2016.12.02 15:05:19.954,0.99019,0.99046,1.87,2.10
2016.12.02 15:05:20.055,0.99019,0.99046,2.25,2.10
2016.12.02 15:05:20.357,0.99018,0.9904,1.50,1.35
2016.12.02 15:05:20.508,0.99018,0.99044,1.12,2.10
2016.12.02 15:05:20.558,0.99021,0.99045,1.00,1.35
2016.12.02 15:05:20.609,0.99021,0.99046,1.12,1.35
2016.12.02 15:05:21.044,0.99019,0.99045,1.12,1.35
2016.12.02 15:05:21.844,0.9902,0.99045,1.00,1.35
2016.12.02 15:05:22.293,0.99021,0.99045,1.50,1.30
2016.12.02 15:05:22.624,0.99021,0.99051,1.75,1.75
2016.12.02 15:05:22.927,0.99026,0.99051,1.50,1.50
2016.12.02 15:05:22.977,0.99026,0.99051,1.12,1.50
2016.12.02 15:05:23.450,0.99024,0.99049,2.25,1.00
2016.12.02 15:05:24.106,0.99024,0.9905,1.87,1.75
2016.12.02 15:05:26.233,0.99024,0.99045,1.00,1.00
2016.12.02 15:05:27.510,0.99023,0.99045,1.50,1.00
2016.12.02 15:05:28.020,0.99024,0.99051,1.50,2.25
2016.12.02 15:05:28.438,0.99024,0.99051,1.50,2.25
2016.12.02 15:05:28.891,0.99023,0.99048,1.87,1.35
2016.12.02 15:05:29.191,0.99009,0.99037,1.75,1.75
2016.12.02 15:05:29.343,0.99013,0.99041,1.37,1.75
2016.12.02 15:05:29.494,0.99019,0.99046,1.75,1.30
2016.12.02 15:05:29.595,0.99017,0.99042,1.75,1.00
2016.12.02 15:05:29.645,0.99017,0.99039,1.00,1.00
2016.12.02 15:05:29.796,0.99014,0.99039,1.50,1.00
2016.12.02 15:05:29.847,0.99014,0.99041,1.12,1.75
2016.12.02 15:05:30.043,0.99015,0.99043,1.37,1.75
2016.12.02 15:05:30.093,0.99018,0.99043,1.00,1.75
2016.12.02 15:05:30.144,0.99018,0.99043,1.12,1.50
2016.12.02 15:05:30.245,0.99018,0.99047,1.75,2.25
2016.12.02 15:05:30.571,0.99013,0.99037,1.00,1.75
2016.12.02 15:05:30.972,0.99013,0.99036,1.12,1.72
2016.12.02 15:05:31.073,0.99013,0.99036,1.00,1.75
2016.12.02 15:05:31.576,0.99013,0.99036,1.00,1.37
2016.12.02 15:05:31.978,0.9901,0.99036,1.00,1.75
2016.12.02 15:05:32.353,0.99011,0.99036,1.50,1.00
2016.12.02 15:05:32.712,0.99012,0.99037,1.00,2.10
2016.12.02 15:05:32.965,0.9901,0.99036,1.12,2.25
2016.12.02 15:05:33.175,0.99012,0.99036,1.00,1.75
2016.12.02 15:05:33.477,0.99014,0.99031,1.00,1.00
2016.12.02 15:05:33.599,0.99009,0.99032,1.75,1.00
2016.12.02 15:05:33.700,0.99008,0.99035,2.62,1.00
2016.12.02 15:05:33.953,0.99004,0.99026,1.12,1.12
2016.12.02 15:05:34.154,0.99004,0.99031,1.50,1.50
2016.12.02 15:05:34.356,0.99009,0.99031,1.00,1.00
2016.12.02 15:05:34.507,0.99011,0.99041,1.75,1.75
2016.12.02 15:05:34.622,0.99014,0.99043,2.25,2.62
2016.12.02 15:05:34.674,0.99014,0.99045,2.25,1.75
2016.12.02 15:05:34.928,0.99016,0.99041,1.37,1.37
2016.12.02 15:05:34.978,0.99015,0.99038,1.00,1.00
2016.12.02 15:05:35.029,0.99015,0.99041,1.37,1.37
2016.12.02 15:05:35.080,0.99018,0.99043,1.00,1.00
2016.12.02 15:05:35.585,0.99019,0.99043,1.00,1.00
2016.12.02 15:05:36.016,0.99019,0.99042,1.00,2.10
2016.12.02 15:05:36.167,0.99014,0.99036,1.00,1.12
2016.12.02 15:05:36.268,0.99011,0.99038,1.12,1.75
2016.12.02 15:05:36.815,0.99019,0.99041,1.00,2.62
2016.12.02 15:05:36.865,0.99019,0.99046,1.00,1.75
2016.12.02 15:05:36.966,0.99017,0.99046,1.00,2.25
2016.12.02 15:05:37.067,0.99017,0.99046,1.75,2.25
2016.12.02 15:05:37.414,0.99017,0.99033,1.00,1.00
2016.12.02 15:05:37.465,0.99017,0.99039,1.50,1.50
2016.12.02 15:05:37.515,0.99012,0.99037,2.62,1.00
2016.12.02 15:05:37.681,0.99007,0.99037,1.75,2.25
2016.12.02 15:05:38.297,0.99007,0.99035,1.50,1.75
2016.12.02 15:05:38.845,0.99005,0.99035,1.75,1.75
2016.12.02 15:05:39.180,0.99007,0.99035,1.75,1.75
2016.12.02 15:05:39.683,0.99009,0.99035,1.50,1.75
2016.12.02 15:05:40.186,0.99008,0.99036,1.12,1.75
2016.12.02 15:05:40.533,0.9901,0.99034,1.00,1.00
2016.12.02 15:05:40.835,0.9901,0.99036,1.00,2.25
2016.12.02 15:05:41.503,0.99007,0.99036,1.75,2.25
2016.12.02 15:05:45.707,0.99009,0.99036,1.00,2.25
2016.12.02 15:05:46.344,0.99007,0.99031,1.50,1.00
2016.12.02 15:05:47.235,0.99005,0.99031,2.25,1.30
2016.12.02 15:05:50.655,0.99008,0.99034,1.50,1.35
2016.12.02 15:05:51.402,0.99009,0.99033,1.12,1.35
2016.12.02 15:05:51.943,0.99006,0.99036,1.75,2.25
2016.12.02 15:05:52.445,0.99006,0.99031,1.50,1.00
2016.12.02 15:05:52.747,0.99003,0.99026,1.75,1.00
2016.12.02 15:05:52.797,0.99002,0.99026,2.85,1.00
2016.12.02 15:05:52.849,0.99005,0.99032,1.75,1.12
2016.12.02 15:05:52.949,0.99003,0.99032,2.25,1.75
2016.12.02 15:05:53.638,0.99005,0.99032,2.25,1.37
2016.12.02 15:05:53.983,0.99007,0.99035,1.75,1.35
2016.12.02 15:05:54.134,0.99009,0.99037,1.50,1.75
2016.12.02 15:05:54.185,0.99009,0.99037,1.75,1.50
2016.12.02 15:05:54.487,0.9901,0.99035,1.00,1.00
2016.12.02 15:05:54.952,0.99009,0.99036,2.25,1.12
2016.12.02 15:05:55.836,0.99011,0.99037,2.25,1.12
2016.12.02 15:05:56.767,0.99011,0.99037,2.25,1.37
2016.12.02 15:05:56.818,0.99011,0.99037,2.25,1.00
2016.12.02 15:05:59.046,0.99014,0.99042,1.37,2.25
2016.12.02 15:06:00.565,0.99016,0.99041,1.00,1.00
2016.12.02 15:06:03.149,0.99014,0.99041,1.50,1.50
2016.12.02 15:06:03.200,0.99014,0.99039,1.50,1.00
2016.12.02 15:06:03.888,0.99014,0.99037,1.00,1.00
2016.12.02 15:06:04.200,0.9901,0.99037,1.75,1.75
2016.12.02 15:06:04.560,0.9901,0.99036,1.75,1.00
2016.12.02 15:06:04.862,0.99012,0.99038,1.50,1.00
2016.12.02 15:06:06.284,0.99012,0.99039,1.50,1.75
2016.12.02 15:06:06.385,0.99013,0.99042,1.50,2.25
2016.12.02 15:06:06.435,0.99018,0.99042,1.00,1.75
2016.12.02 15:06:06.486,0.99018,0.99042,1.50,1.00
2016.12.02 15:06:06.587,0.99018,0.99042,2.25,1.00
2016.12.02 15:06:07.069,0.99015,0.99037,4.12,1.00
2016.12.02 15:06:07.119,0.99018,0.99037,1.00,1.00
2016.12.02 15:06:07.220,0.99013,0.99037,1.00,1.00
2016.12.02 15:06:07.371,0.99008,0.9904,1.75,2.25
2016.12.02 15:06:07.674,0.99009,0.99032,1.75,1.00
2016.12.02 15:06:07.932,0.99007,0.99032,1.75,1.00
2016.12.02 15:06:08.191,0.99007,0.99032,1.75,1.00
2016.12.02 15:06:08.242,0.99006,0.99037,3.37,3.60
2016.12.02 15:06:08.292,0.99006,0.99037,1.75,3.60
2016.12.02 15:06:08.906,0.99007,0.99032,1.00,1.00
2016.12.02 15:06:09.407,0.99008,0.99036,2.25,1.50
2016.12.02 15:06:09.710,0.99006,0.99032,1.50,1.37
2016.12.02 15:06:10.012,0.99006,0.99032,1.75,1.00
2016.12.02 15:06:10.177,0.99008,0.99032,1.00,1.37
2016.12.02 15:06:11.887,0.99004,0.99032,1.50,1.50
2016.12.02 15:06:12.103,0.99001,0.99032,1.75,2.25
2016.12.02 15:06:12.304,0.99002,0.99026,1.75,1.00
2016.12.02 15:06:12.405,0.99004,0.99031,1.87,1.75
2016.12.02 15:06:12.506,0.99007,0.99031,1.00,1.00
2016.12.02 15:06:13.287,0.99004,0.99031,1.75,1.37
2016.12.02 15:06:13.875,0.99004,0.99031,1.50,1.50
2016.12.02 15:06:14.774,0.99001,0.99026,1.75,1.00
2016.12.02 15:06:14.990,0.99003,0.99032,1.75,1.75
2016.12.02 15:06:15.621,0.99005,0.99032,1.75,1.00
2016.12.02 15:06:15.723,0.99004,0.99032,1.75,1.75
2016.12.02 15:06:15.925,0.99004,0.99036,1.75,3.00
2016.12.02 15:06:16.126,0.99002,0.99035,1.75,2.25
2016.12.02 15:06:16.381,0.99004,0.99035,1.75,1.75
2016.12.02 15:06:16.994,0.99008,0.99033,1.00,1.00
2016.12.02 15:06:18.216,0.99009,0.99033,1.00,1.00
2016.12.02 15:06:18.704,0.99003,0.99035,1.75,1.75
2016.12.02 15:06:19.157,0.99005,0.99036,1.75,2.25
2016.12.02 15:06:19.409,0.99004,0.99033,1.75,1.37
2016.12.02 15:06:19.459,0.99005,0.9903,1.00,1.00
2016.12.02 15:06:19.606,0.99004,0.99035,3.00,2.10
2016.12.02 15:06:20.111,0.99004,0.99032,1.75,1.37
2016.12.02 15:06:22.563,0.99004,0.99026,1.75,1.00
2016.12.02 15:06:23.039,0.99004,0.99031,2.25,1.12
2016.12.02 15:06:24.772,0.99002,0.9903,2.62,1.00
2016.12.02 15:06:24.823,0.99,0.99029,2.62,1.37
2016.12.02 15:06:24.873,0.99003,0.99028,1.00,1.00
2016.12.02 15:06:24.924,0.98998,0.99029,1.75,1.75
2016.12.02 15:06:24.974,0.99,0.99025,1.00,1.00
2016.12.02 15:06:25.075,0.99,0.99022,1.00,1.00
2016.12.02 15:06:25.955,0.99001,0.99025,1.00,1.00
2016.12.02 15:06:26.006,0.99001,0.99031,1.37,3.37
2016.12.02 15:06:26.057,0.99004,0.99031,1.37,1.75
2016.12.02 15:06:26.108,0.99004,0.9903,1.37,1.00
2016.12.02 15:06:26.413,0.99004,0.99027,1.75,1.00
2016.12.02 15:06:26.463,0.99004,0.99032,1.75,1.12
2016.12.02 15:06:27.071,0.99004,0.99031,2.25,1.00
2016.12.02 15:06:30.050,0.99006,0.99032,1.75,1.12
2016.12.02 15:06:30.559,0.99006,0.99032,1.75,1.00
2016.12.02 15:06:32.418,0.99004,0.99032,4.12,1.37
2016.12.02 15:06:32.469,0.99004,0.99032,2.25,1.50
2016.12.02 15:06:32.719,0.99006,0.99032,1.75,1.12
2016.12.02 15:06:33.348,0.99009,0.99036,1.50,1.75
2016.12.02 15:06:33.919,0.99011,0.99036,1.00,1.75
2016.12.02 15:06:34.071,0.9901,0.99041,4.12,1.50
2016.12.02 15:06:34.171,0.99013,0.99038,1.00,1.00
2016.12.02 15:06:35.010,0.99013,0.99037,1.00,1.00
2016.12.02 15:06:35.288,0.99012,0.99041,1.75,1.75
2016.12.02 15:06:35.540,0.99009,0.99039,3.00,1.37
2016.12.02 15:06:35.591,0.99012,0.99037,1.00,1.00
2016.12.02 15:06:35.848,0.99008,0.99037,2.25,2.25
2016.12.02 15:06:36.150,0.99011,0.99031,1.00,1.00
2016.12.02 15:06:36.700,0.99013,0.99037,1.00,2.62
2016.12.02 15:06:36.800,0.99013,0.99041,2.25,1.75
2016.12.02 15:06:36.851,0.99013,0.99041,2.25,1.75
2016.12.02 15:06:37.304,0.99011,0.99042,2.25,1.75
2016.12.02 15:06:37.455,0.99018,0.99044,1.00,2.10
2016.12.02 15:06:37.506,0.99018,0.99042,1.00,1.00
2016.12.02 15:06:37.556,0.99017,0.99036,1.00,1.00
2016.12.02 15:06:37.657,0.99011,0.99041,2.62,1.37
2016.12.02 15:06:37.805,0.99011,0.99041,1.50,2.25
2016.12.02 15:06:38.057,0.99014,0.99041,1.50,2.10
2016.12.02 15:06:38.108,0.99016,0.99041,1.00,2.85
2016.12.02 15:06:38.159,0.99014,0.99041,1.37,2.85
2016.12.02 15:06:38.210,0.99014,0.99041,1.00,2.85
2016.12.02 15:06:38.361,0.99014,0.99041,1.37,1.75
2016.12.02 15:06:38.412,0.99014,0.99041,1.75,1.50
2016.12.02 15:06:38.915,0.99016,0.99041,1.00,2.10
2016.12.02 15:06:39.067,0.99011,0.99039,1.75,1.35
2016.12.02 15:06:39.369,0.99013,0.99041,2.10,1.75
2016.12.02 15:06:39.420,0.99013,0.99041,2.10,1.75
2016.12.02 15:06:39.810,0.99017,0.99041,1.00,1.00
2016.12.02 15:06:41.373,0.99014,0.99041,1.75,1.37
2016.12.02 15:06:41.915,0.99014,0.99041,1.50,1.50
2016.12.02 15:06:42.206,0.99017,0.99041,1.00,1.00
2016.12.02 15:06:42.459,0.99014,0.99041,2.25,1.37
2016.12.02 15:06:42.510,0.99013,0.99042,2.85,1.75
2016.12.02 15:06:42.611,0.99015,0.99039,1.00,1.00
2016.12.02 15:06:42.661,0.99015,0.99042,2.62,1.37
2016.12.02 15:06:42.712,0.99021,0.99046,1.00,2.85
2016.12.02 15:06:42.763,0.99019,0.99046,1.75,1.30
2016.12.02 15:06:43.115,0.99021,0.99046,1.00,1.00
2016.12.02 15:06:43.591,0.99023,0.99047,1.00,1.00
2016.12.02 15:06:43.894,0.99021,0.99049,1.75,1.30
2016.12.02 15:06:44.196,0.9902,0.99051,1.75,1.75
2016.12.02 15:06:44.599,0.99018,0.99043,1.00,1.00
2016.12.02 15:06:44.700,0.99017,0.99046,1.75,1.50
2016.12.02 15:06:45.237,0.99017,0.99046,1.75,1.50
2016.12.02 15:06:45.775,0.99019,0.99046,1.00,1.50
2016.12.02 15:06:46.176,0.99013,0.99042,2.62,1.37
2016.12.02 15:06:46.227,0.99009,0.9904,2.62,1.75
2016.12.02 15:06:46.278,0.99008,0.99036,3.37,1.37
2016.12.02 15:06:46.328,0.99008,0.99036,1.75,1.50
2016.12.02 15:06:46.984,0.99013,0.99042,1.12,4.87
2016.12.02 15:06:47.035,0.99013,0.99038,1.50,1.00
2016.12.02 15:06:47.371,0.99013,0.99039,1.12,1.75
2016.12.02 15:06:47.926,0.99014,0.99041,1.12,3.00
2016.12.02 15:06:48.186,0.99014,0.99041,1.37,1.75
2016.12.02 15:06:48.287,0.99015,0.99045,1.37,1.75
2016.12.02 15:06:48.589,0.99014,0.99039,1.37,1.37
2016.12.02 15:06:48.640,0.99014,0.9904,1.00,1.35
2016.12.02 15:06:48.741,0.99013,0.99038,1.50,1.00
2016.12.02 15:06:49.192,0.99014,0.99042,1.37,1.75
2016.12.02 15:06:49.330,0.99014,0.99044,1.75,1.75
2016.12.02 15:06:49.381,0.99016,0.99044,1.00,1.75
2016.12.02 15:06:50.727,0.99013,0.99043,3.00,1.67
2016.12.02 15:06:51.050,0.99009,0.99035,1.12,1.50
2016.12.02 15:06:51.101,0.99007,0.99035,1.75,1.50
2016.12.02 15:06:51.403,0.99005,0.99031,1.00,1.75
2016.12.02 15:06:51.608,0.99007,0.99037,1.75,1.75
2016.12.02 15:06:51.917,0.99008,0.99033,1.00,1.00
2016.12.02 15:06:52.126,0.99005,0.99036,2.62,1.75
2016.12.02 15:06:52.530,0.9901,0.99037,1.75,1.12
2016.12.02 15:06:52.833,0.99009,0.9904,3.00,2.62
2016.12.02 15:06:52.939,0.99009,0.99041,3.00,1.75
2016.12.02 15:06:53.516,0.9901,0.99038,1.50,2.10
2016.12.02 15:06:54.220,0.99011,0.9904,1.75,1.35
2016.12.02 15:06:55.616,0.99012,0.99036,1.75,1.35
2016.12.02 15:06:55.717,0.99008,0.99033,1.00,1.00
2016.12.02 15:06:55.818,0.99005,0.99033,1.50,2.10
2016.12.02 15:06:56.424,0.99004,0.99028,1.50,1.00
2016.12.02 15:06:56.690,0.99006,0.99028,1.00,1.00
2016.12.02 15:06:56.993,0.99006,0.99031,1.75,1.12
2016.12.02 15:06:57.328,0.99006,0.99031,1.00,1.50
2016.12.02 15:06:57.429,0.99005,0.99031,1.00,2.25
2016.12.02 15:06:58.019,0.99005,0.99031,1.50,1.75
2016.12.02 15:06:58.738,0.99007,0.99032,1.00,1.00
2016.12.02 15:07:00.704,0.99002,0.9903,1.75,1.72
2016.12.02 15:07:00.755,0.99002,0.9903,1.75,1.72
2016.12.02 15:07:00.805,0.99004,0.99033,1.12,3.37
2016.12.02 15:07:01.108,0.99011,0.99034,1.00,1.75
2016.12.02 15:07:01.159,0.99011,0.99036,1.00,3.37
2016.12.02 15:07:01.347,0.99011,0.99037,1.00,1.75
2016.12.02 15:07:01.405,0.99011,0.99035,1.37,1.00
2016.12.02 15:07:01.607,0.99006,0.99035,1.75,1.37
2016.12.02 15:07:01.859,0.99001,0.99025,1.00,1.00
2016.12.02 15:07:01.909,0.98998,0.99022,1.50,1.37
2016.12.02 15:07:01.960,0.98998,0.99022,1.12,1.37
2016.12.02 15:07:02.509,0.98999,0.99024,1.00,1.35
2016.12.02 15:07:02.811,0.98998,0.99022,1.00,1.37
2016.12.02 15:07:02.912,0.98996,0.99022,1.12,1.75
2016.12.02 15:07:03.193,0.98998,0.99022,1.00,1.75
2016.12.02 15:07:03.487,0.98998,0.99022,1.50,1.00
2016.12.02 15:07:03.821,0.98997,0.99021,1.37,1.37
2016.12.02 15:07:04.125,0.98998,0.99021,1.12,1.00
2016.12.02 15:07:05.264,0.98998,0.99025,2.25,1.75
2016.12.02 15:07:05.365,0.98998,0.99026,1.50,1.35
2016.12.02 15:07:05.466,0.98999,0.99025,1.37,1.50
2016.12.02 15:07:05.989,0.99,0.99024,1.00,1.50
2016.12.02 15:07:06.329,0.98995,0.99023,1.37,2.62
2016.12.02 15:07:06.380,0.98995,0.99024,1.75,1.75
2016.12.02 15:07:06.631,0.98999,0.99026,1.12,1.75
2016.12.02 15:07:07.403,0.98995,0.99022,1.75,1.00
2016.12.02 15:07:07.550,0.98995,0.99018,1.00,1.00
2016.12.02 15:07:07.671,0.98996,0.99021,1.00,1.00
2016.12.02 15:07:07.915,0.98998,0.99021,1.00,1.00
2016.12.02 15:07:08.128,0.98996,0.99021,1.00,1.00
2016.12.02 15:07:08.536,0.98995,0.99018,1.00,1.00
2016.12.02 15:07:09.077,0.98994,0.99022,1.50,1.75
2016.12.02 15:07:10.139,0.98996,0.99022,1.00,3.37
2016.12.02 15:07:10.288,0.98992,0.99022,1.00,3.37
2016.12.02 15:07:10.338,0.98994,0.99022,1.37,1.75
2016.12.02 15:07:10.540,0.98996,0.9902,1.00,1.00
2016.12.02 15:07:10.646,0.98994,0.99025,2.25,1.75
2016.12.02 15:07:14.671,0.98995,0.9902,1.50,1.00
2016.12.02 15:07:15.023,0.98997,0.9902,1.00,1.00
2016.12.02 15:07:15.124,0.98995,0.9902,1.50,1.00
2016.12.02 15:07:16.047,0.98996,0.9902,1.00,1.00
2016.12.02 15:07:16.587,0.98995,0.99023,1.00,3.37
2016.12.02 15:07:16.890,0.98997,0.99023,1.00,1.75
2016.12.02 15:07:17.544,0.98995,0.99023,1.12,1.75
2016.12.02 15:07:18.214,0.98997,0.99023,1.00,1.75
2016.12.02 15:07:19.316,0.98998,0.99023,1.00,1.75
2016.12.02 15:07:19.843,0.98999,0.99023,1.00,1.75
2016.12.02 15:07:19.894,0.98999,0.99023,1.00,1.75
2016.12.02 15:07:19.995,0.99,0.99023,1.00,1.00
2016.12.02 15:07:20.096,0.99003,0.99027,1.00,1.75
2016.12.02 15:07:20.457,0.99003,0.99027,1.00,1.75
2016.12.02 15:07:21.298,0.99003,0.99026,1.00,1.00
2016.12.02 15:07:21.852,0.99003,0.99026,1.00,1.75
2016.12.02 15:07:22.305,0.99004,0.99023,1.00,1.75
2016.12.02 15:07:22.776,0.98999,0.99026,1.12,1.75
2016.12.02 15:07:23.129,0.99001,0.99026,1.00,1.75
2016.12.02 15:07:23.652,0.99,0.99026,1.00,1.75
2016.12.02 15:07:24.180,0.99001,0.99026,1.00,1.75
2016.12.02 15:07:24.861,0.98999,0.99026,1.12,1.75
2016.12.02 15:07:25.097,0.98998,0.99024,1.50,1.75
2016.12.02 15:07:25.308,0.98998,0.99023,2.25,1.00
2016.12.02 15:07:25.409,0.98998,0.99021,1.00,1.00
2016.12.02 15:07:25.933,0.98998,0.99026,1.50,2.10
2016.12.02 15:07:27.000,0.98998,0.99021,1.00,1.00
2016.12.02 15:07:27.522,0.98999,0.99021,1.00,1.00
2016.12.02 15:07:27.770,0.98999,0.99026,1.00,1.35
2016.12.02 15:07:28.873,0.98998,0.99027,1.12,2.25
2016.12.02 15:07:29.730,0.98999,0.99027,1.00,1.75
2016.12.02 15:07:29.931,0.98999,0.99027,1.50,1.75
2016.12.02 15:07:30.082,0.98999,0.99026,1.00,1.75
2016.12.02 15:07:31.078,0.98999,0.99023,1.00,1.75
2016.12.02 15:07:31.795,0.98999,0.99025,1.00,1.75
2016.12.02 15:07:31.997,0.98999,0.99023,1.00,1.75
2016.12.02 15:07:32.568,0.98998,0.99023,1.12,1.75
2016.12.02 15:07:33.007,0.98998,0.99026,1.50,1.75
2016.12.02 15:07:33.208,0.98998,0.99024,1.00,1.75
2016.12.02 15:07:33.887,0.98995,0.99022,1.37,1.75
2016.12.02 15:07:34.189,0.98999,0.99021,1.00,1.75
2016.12.02 15:07:34.290,0.98999,0.99022,1.00,1.35
2016.12.02 15:07:34.835,0.98999,0.99022,1.00,1.67
2016.12.02 15:07:34.986,0.98996,0.99022,1.37,1.75
2016.12.02 15:07:35.037,0.98996,0.99019,1.00,1.00
2016.12.02 15:07:35.782,0.98994,0.99019,1.00,1.00
2016.12.02 15:07:36.287,0.98999,0.99019,1.00,1.35
2016.12.02 15:07:37.090,0.98994,0.99019,1.50,1.00
2016.12.02 15:07:39.014,0.98994,0.99019,1.00,1.60
2016.12.02 15:07:39.461,0.98994,0.99019,1.00,1.35
2016.12.02 15:07:39.634,0.98991,0.99019,2.25,1.35
2016.12.02 15:07:39.685,0.98994,0.99019,1.00,1.35
2016.12.02 15:07:39.735,0.98994,0.99019,1.12,1.30
2016.12.02 15:07:42.677,0.98995,0.99021,1.00,1.75
2016.12.02 15:07:42.828,0.98996,0.99016,1.37,1.00
2016.12.02 15:07:42.929,0.98989,0.99012,1.00,1.00
2016.12.02 15:07:43.516,0.98989,0.99016,2.25,1.75
2016.12.02 15:07:44.715,0.98989,0.99012,1.00,1.00
2016.12.02 15:07:45.652,0.98991,0.99012,1.00,1.00
2016.12.02 15:07:45.853,0.98993,0.99016,1.00,1.00
2016.12.02 15:07:45.904,0.98993,0.99018,1.00,1.00
2016.12.02 15:07:45.954,0.98991,0.99013,1.00,1.00
2016.12.02 15:07:46.055,0.98991,0.99021,1.75,1.75
2016.12.02 15:07:46.461,0.98993,0.99022,1.75,2.10
2016.12.02 15:07:47.457,0.98994,0.9902,1.00,1.75
2016.12.02 15:07:50.192,0.98995,0.99022,1.00,1.75
2016.12.02 15:07:50.743,0.98994,0.99022,1.12,1.75
2016.12.02 15:07:51.151,0.98996,0.99021,1.00,1.00
2016.12.02 15:07:54.766,0.98998,0.99021,1.00,1.00
2016.12.02 15:07:54.867,0.98996,0.99021,1.00,1.00
2016.12.02 15:07:54.968,0.98998,0.99023,1.00,1.00
2016.12.02 15:07:55.431,0.98997,0.99021,1.00,1.00
2016.12.02 15:07:56.678,0.98997,0.99026,1.75,2.25
2016.12.02 15:07:58.466,0.98999,0.99024,1.00,1.75
2016.12.02 15:07:58.516,0.98997,0.99024,1.12,1.75
2016.12.02 15:07:59.052,0.98999,0.99024,1.00,1.00
2016.12.02 15:07:59.161,0.98997,0.99026,1.37,2.25
2016.12.02 15:08:01.961,0.98997,0.99023,1.87,1.00
2016.12.02 15:08:02.264,0.99003,0.9903,1.12,2.10
2016.12.02 15:08:02.566,0.98999,0.99025,1.00,1.75
2016.12.02 15:08:02.868,0.98995,0.99025,1.50,3.00
2016.12.02 15:08:03.418,0.98995,0.9902,1.50,1.00
2016.12.02 15:08:03.469,0.98995,0.99021,1.12,1.75
2016.12.02 15:08:03.972,0.98994,0.99024,2.25,2.25
2016.12.02 15:08:04.173,0.98993,0.99022,1.50,2.62
2016.12.02 15:08:04.274,0.98993,0.9902,1.12,1.75
2016.12.02 15:08:04.821,0.98994,0.9902,1.00,1.75
2016.12.02 15:08:06.265,0.98993,0.9902,1.12,1.75
2016.12.02 15:08:06.316,0.98995,0.9902,1.00,1.75
2016.12.02 15:08:06.467,0.98996,0.99021,1.50,1.12
2016.12.02 15:08:06.568,0.98996,0.99021,1.12,1.37
2016.12.02 15:08:06.668,0.98998,0.99024,1.00,1.75
2016.12.02 15:08:06.972,0.98998,0.99027,1.37,2.25
2016.12.02 15:08:07.073,0.98999,0.99024,1.00,1.00
2016.12.02 15:08:07.374,0.98998,0.99024,1.00,1.75
2016.12.02 15:08:07.676,0.98999,0.99027,1.37,3.37
2016.12.02 15:08:07.777,0.98999,0.99027,1.75,1.75
2016.12.02 15:08:07.878,0.98999,0.99025,1.37,1.50
2016.12.02 15:08:08.609,0.98999,0.99025,1.00,1.75
2016.12.02 15:08:09.375,0.98999,0.99026,2.25,1.75
2016.12.02 15:08:10.770,0.98999,0.99027,1.75,1.75
2016.12.02 15:08:10.921,0.98999,0.99024,1.12,1.30
2016.12.02 15:08:11.401,0.98998,0.99025,1.50,1.35
2016.12.02 15:08:11.768,0.98994,0.99023,1.50,1.75
2016.12.02 15:08:11.819,0.98994,0.99023,1.50,1.75
2016.12.02 15:08:13.088,0.98996,0.99021,2.25,1.00
2016.12.02 15:08:13.139,0.98996,0.99026,2.25,2.10
2016.12.02 15:08:13.353,0.99,0.99021,1.00,1.00
2016.12.02 15:08:13.670,0.98995,0.99021,2.85,1.37
2016.12.02 15:08:13.721,0.98994,0.99019,2.85,1.00
2016.12.02 15:08:13.813,0.98994,0.99019,2.85,1.00
2016.12.02 15:08:14.015,0.98994,0.9902,1.30,1.75
2016.12.02 15:08:15.017,0.98993,0.99016,1.12,1.12
2016.12.02 15:08:15.319,0.98996,0.99021,1.00,1.75
2016.12.02 15:08:15.904,0.98994,0.99016,1.50,1.00
2016.12.02 15:08:16.888,0.98994,0.99022,1.50,1.75
2016.12.02 15:08:17.551,0.98996,0.99022,1.00,1.75
2016.12.02 15:08:18.054,0.98997,0.99022,1.00,1.75
2016.12.02 15:08:18.105,0.98997,0.99021,1.00,1.00
2016.12.02 15:08:18.717,0.99002,0.99026,1.30,1.37
2016.12.02 15:08:20.009,0.99,0.99026,1.75,1.00
2016.12.02 15:08:20.164,0.99001,0.99026,1.00,1.50
2016.12.02 15:08:20.344,0.99001,0.99021,1.00,1.00
2016.12.02 15:08:20.696,0.98998,0.99021,1.50,1.00
2016.12.02 15:08:20.898,0.98998,0.99022,1.00,1.75
2016.12.02 15:08:20.949,0.98992,0.99022,1.75,1.75
2016.12.02 15:08:21.049,0.98991,0.9902,2.10,1.75
2016.12.02 15:08:21.100,0.98992,0.99017,1.00,1.00
2016.12.02 15:08:21.536,0.98995,0.99017,1.00,1.00
2016.12.02 15:08:21.637,0.98995,0.99019,1.00,1.00
2016.12.02 15:08:21.889,0.98995,0.99026,2.25,4.12
2016.12.02 15:08:22.191,0.99001,0.99026,1.00,1.50
2016.12.02 15:08:22.706,0.98999,0.99024,1.00,1.00
2016.12.02 15:08:22.806,0.98998,0.99028,1.75,1.75
2016.12.02 15:08:22.907,0.99,0.99024,1.00,1.00
2016.12.02 15:08:23.109,0.98998,0.99026,1.37,1.75
2016.12.02 15:08:23.210,0.98998,0.99022,1.00,1.00
2016.12.02 15:08:23.819,0.98997,0.99022,1.00,1.50
2016.12.02 15:08:24.408,0.98997,0.99022,1.60,1.50
2016.12.02 15:08:25.138,0.98996,0.99022,1.35,1.50
2016.12.02 15:08:25.656,0.99,0.99022,1.00,1.75
2016.12.02 15:08:25.807,0.98999,0.99026,2.25,1.00
2016.12.02 15:08:26.009,0.98999,0.99026,1.75,1.12
2016.12.02 15:08:26.160,0.99003,0.9903,1.00,1.75
2016.12.02 15:08:26.311,0.99003,0.99032,1.75,1.75
2016.12.02 15:08:26.831,0.99003,0.99032,1.75,1.50
2016.12.02 15:08:26.932,0.99003,0.99032,1.75,1.50
2016.12.02 15:08:27.133,0.99007,0.99032,1.00,1.37
2016.12.02 15:08:27.407,0.99003,0.99032,1.75,1.12
2016.12.02 15:08:27.457,0.99003,0.99032,1.75,1.37
2016.12.02 15:08:27.608,0.99003,0.99031,1.50,1.75
2016.12.02 15:08:27.709,0.99003,0.99031,1.12,1.75
2016.12.02 15:08:27.810,0.99003,0.99031,1.37,1.50
2016.12.02 15:08:27.911,0.99006,0.99031,1.00,1.00
2016.12.02 15:08:28.461,0.99003,0.99032,1.75,1.50
2016.12.02 15:08:29.428,0.99004,0.99031,1.50,1.75
2016.12.02 15:08:29.833,0.99003,0.99032,1.75,1.50
2016.12.02 15:08:30.066,0.99003,0.99032,1.50,2.25
2016.12.02 15:08:31.371,0.99008,0.99033,1.00,2.62
2016.12.02 15:08:31.550,0.99008,0.99034,1.00,1.75
2016.12.02 15:08:32.070,0.99004,0.99031,2.25,1.37
2016.12.02 15:08:33.146,0.99006,0.99038,1.87,2.62
2016.12.02 15:08:33.247,0.99006,0.99037,1.75,1.75
2016.12.02 15:08:33.548,0.99009,0.9904,1.75,1.75
2016.12.02 15:08:33.649,0.99009,0.9904,1.75,1.75
2016.12.02 15:08:34.917,0.99008,0.99038,1.75,1.75
2016.12.02 15:08:34.967,0.99008,0.99038,1.75,1.75
2016.12.02 15:08:35.479,0.99005,0.99031,1.75,1.00
2016.12.02 15:08:35.630,0.99007,0.99031,1.00,1.00
2016.12.02 15:08:35.758,0.99004,0.99031,1.75,1.00
2016.12.02 15:08:36.537,0.99006,0.99032,1.75,1.00
2016.12.02 15:08:37.064,0.99008,0.99032,1.00,1.00
2016.12.02 15:08:37.278,0.99004,0.99032,1.75,1.75
2016.12.02 15:08:38.083,0.99001,0.99032,1.75,1.75
2016.12.02 15:08:41.135,0.99004,0.99034,1.75,2.25
2016.12.02 15:08:41.186,0.99007,0.99031,1.00,1.00
2016.12.02 15:08:41.437,0.99009,0.99032,1.00,1.75
2016.12.02 15:08:41.941,0.99008,0.99032,1.00,1.75
2016.12.02 15:08:42.092,0.99003,0.9903,1.12,1.75
2016.12.02 15:08:42.594,0.99009,0.99032,1.00,2.62
2016.12.02 15:08:42.644,0.99009,0.99035,1.00,3.97
2016.12.02 15:08:42.846,0.99004,0.99033,1.75,1.75
2016.12.02 15:08:42.997,0.99008,0.99033,1.00,1.75
2016.12.02 15:08:45.392,0.99008,0.99034,1.50,1.75
2016.12.02 15:08:45.845,0.99004,0.99031,1.87,2.25
2016.12.02 15:08:45.905,0.99003,0.99028,1.35,1.00
2016.12.02 15:08:46.156,0.99002,0.99031,1.75,1.50
2016.12.02 15:08:46.366,0.99003,0.99028,1.00,1.00
2016.12.02 15:08:47.743,0.99002,0.99032,1.75,1.75
2016.12.02 15:08:47.793,0.99005,0.9903,1.00,1.00
2016.12.02 15:08:48.765,0.99007,0.9903,1.00,1.00
2016.12.02 15:08:49.067,0.99009,0.9904,2.25,1.75
2016.12.02 15:08:49.959,0.99008,0.99037,1.50,2.25
2016.12.02 15:08:50.009,0.99008,0.99037,1.50,2.25
2016.12.02 15:08:50.261,0.99009,0.99037,1.75,1.75
2016.12.02 15:08:50.568,0.99009,0.99039,1.75,1.75
2016.12.02 15:08:51.144,0.99009,0.99038,1.75,1.75
2016.12.02 15:08:51.693,0.99009,0.99038,1.75,1.75
2016.12.02 15:08:53.668,0.99014,0.99038,1.00,1.75
2016.12.02 15:08:54.293,0.99014,0.99042,1.72,1.75
2016.12.02 15:08:54.394,0.99016,0.99046,1.37,3.37
2016.12.02 15:08:54.596,0.99013,0.99045,2.25,1.75
2016.12.02 15:08:54.747,0.99015,0.99046,1.75,1.75
2016.12.02 15:08:55.251,0.99014,0.99045,2.25,2.25
2016.12.02 15:08:56.082,0.99018,0.99046,1.50,1.75
2016.12.02 15:08:56.183,0.99021,0.99047,1.00,2.62
2016.12.02 15:08:56.284,0.99021,0.99052,1.75,1.75
2016.12.02 15:08:56.586,0.99019,0.9905,2.25,1.75
2016.12.02 15:08:57.380,0.99021,0.99046,1.00,1.00
2016.12.02 15:08:57.654,0.99015,0.99047,2.62,1.75
2016.12.02 15:08:57.817,0.99013,0.99044,2.10,1.75
2016.12.02 15:08:57.968,0.99015,0.99046,1.50,3.37
2016.12.02 15:08:58.019,0.99015,0.99046,1.75,1.75
2016.12.02 15:08:58.310,0.99019,0.99049,1.75,1.75
2016.12.02 15:09:00.313,0.99022,0.9905,3.97,1.75
2016.12.02 15:09:00.414,0.99024,0.99048,2.10,1.00
2016.12.02 15:09:00.465,0.99024,0.99048,1.75,1.00
2016.12.02 15:09:00.515,0.99026,0.99057,1.75,1.75
2016.12.02 15:09:01.058,0.99029,0.99058,1.37,1.75
2016.12.02 15:09:01.108,0.99029,0.99058,1.12,4.12
2016.12.02 15:09:01.209,0.99029,0.99057,1.75,1.75
2016.12.02 15:09:02.518,0.99027,0.99053,1.50,1.75
2016.12.02 15:09:02.821,0.9902,0.99046,1.75,1.00
2016.12.02 15:09:03.023,0.99017,0.99047,2.10,1.50
2016.12.02 15:09:03.124,0.99017,0.99047,2.10,1.75
2016.12.02 15:09:03.426,0.99017,0.99047,1.35,3.00
2016.12.02 15:09:05.588,0.99017,0.99047,2.10,1.75
2016.12.02 15:09:05.638,0.99019,0.99047,1.75,1.75
2016.12.02 15:09:05.739,0.99019,0.99047,1.75,1.37
2016.12.02 15:09:06.108,0.99022,0.99046,1.35,1.00
2016.12.02 15:09:06.158,0.99024,0.99054,1.75,1.75
2016.12.02 15:09:06.209,0.99024,0.99054,1.75,1.75
2016.12.02 15:09:06.310,0.99027,0.99056,1.75,1.12
2016.12.02 15:09:08.510,0.99025,0.99054,1.75,1.75
2016.12.02 15:09:09.347,0.99025,0.99051,1.75,1.00
2016.12.02 15:09:10.155,0.99026,0.99051,1.00,1.50
2016.12.02 15:09:16.598,0.99026,0.99056,1.50,1.75
2016.12.02 15:09:16.649,0.99026,0.99057,1.75,3.00
2016.12.02 15:09:18.537,0.99024,0.99055,1.75,2.25
2016.12.02 15:09:18.838,0.99026,0.99057,1.75,3.00
2016.12.02 15:09:19.917,0.99024,0.99054,2.62,2.25
2016.12.02 15:09:20.224,0.99021,0.99047,1.75,1.00
2016.12.02 15:09:21.177,0.99024,0.99051,1.50,1.50
2016.12.02 15:09:21.373,0.99024,0.99051,1.37,1.75
2016.12.02 15:09:21.652,0.99021,0.99054,1.75,2.25
2016.12.02 15:09:23.638,0.99025,0.99054,1.75,1.50
2016.12.02 15:09:23.739,0.99021,0.99052,1.75,1.75
2016.12.02 15:09:23.789,0.99021,0.99046,1.75,1.00
2016.12.02 15:09:24.091,0.99022,0.99054,3.00,2.62
2016.12.02 15:09:24.142,0.99022,0.99055,2.25,1.75
2016.12.02 15:09:26.028,0.99023,0.99054,2.25,1.75
2016.12.02 15:09:26.179,0.99026,0.99051,1.00,1.00
2016.12.02 15:09:26.813,0.99025,0.99056,1.75,1.75
2016.12.02 15:09:26.864,0.99025,0.99056,1.75,1.75
2016.12.02 15:09:27.514,0.99026,0.99056,2.62,1.37
2016.12.02 15:09:27.565,0.99029,0.99056,1.75,1.12
2016.12.02 15:09:29.020,0.99029,0.99058,1.75,2.25
2016.12.02 15:09:29.071,0.99029,0.99058,1.75,2.25
2016.12.02 15:09:30.944,0.99025,0.99055,2.62,1.75
2016.12.02 15:09:31.044,0.99024,0.99055,2.25,1.75
2016.12.02 15:09:31.817,0.99026,0.99057,1.75,3.37
2016.12.02 15:09:31.867,0.99026,0.99057,1.75,1.75
2016.12.02 15:09:34.207,0.99026,0.99057,3.37,1.75
2016.12.02 15:09:34.408,0.99028,0.99057,2.62,1.37
2016.12.02 15:09:34.713,0.99026,0.99056,1.75,1.50
2016.12.02 15:09:35.621,0.99026,0.99056,1.50,1.75
2016.12.02 15:09:35.722,0.99024,0.99055,2.25,1.75
2016.12.02 15:09:36.538,0.99022,0.99054,2.62,1.75
2016.12.02 15:09:36.589,0.99025,0.99055,1.50,2.62
2016.12.02 15:09:36.774,0.99025,0.99056,1.75,2.25
2016.12.02 15:09:37.462,0.99029,0.99058,1.50,2.62
2016.12.02 15:09:37.512,0.99029,0.99061,1.75,3.37
2016.12.02 15:09:37.614,0.99034,0.99062,1.37,1.75
2016.12.02 15:09:37.715,0.99031,0.99063,1.75,1.75
2016.12.02 15:09:38.541,0.9903,0.99059,2.62,1.50
2016.12.02 15:09:38.592,0.99028,0.99059,2.25,1.75
2016.12.02 15:09:38.794,0.9903,0.99061,1.75,1.75
2016.12.02 15:09:39.741,0.99027,0.99058,3.37,1.75
2016.12.02 15:09:39.792,0.99027,0.99058,1.75,1.75
2016.12.02 15:09:40.986,0.99032,0.99056,1.00,1.00
2016.12.02 15:09:41.514,0.99032,0.99057,1.00,1.00
2016.12.02 15:09:42.050,0.99032,0.99056,1.00,1.00
2016.12.02 15:09:43.405,0.99032,0.99057,1.00,1.00
2016.12.02 15:09:43.999,0.99032,0.99056,1.00,1.00
2016.12.02 15:09:49.973,0.99026,0.99056,2.62,1.87
2016.12.02 15:09:50.024,0.99027,0.99052,1.00,1.00
2016.12.02 15:09:51.580,0.99027,0.99056,2.10,1.75
2016.12.02 15:09:51.631,0.99028,0.99058,2.10,1.75
2016.12.02 15:09:51.686,0.99029,0.9906,1.75,2.62
2016.12.02 15:09:51.737,0.99034,0.99058,1.00,1.00
2016.12.02 15:09:51.788,0.99033,0.99064,1.75,3.37
2016.12.02 15:09:51.838,0.99037,0.99062,1.00,1.00
2016.12.02 15:09:51.989,0.99033,0.99063,1.75,1.75
2016.12.02 15:09:52.505,0.99033,0.99062,1.75,1.75
2016.12.02 15:09:53.735,0.99033,0.99062,1.75,1.50
2016.12.02 15:09:55.167,0.99035,0.99065,1.75,1.75
2016.12.02 15:09:55.217,0.99039,0.99064,1.00,1.00
2016.12.02 15:09:55.469,0.99034,0.99065,1.75,1.75
2016.12.02 15:09:56.147,0.99038,0.99062,1.00,1.50
2016.12.02 15:09:58.015,0.99038,0.99061,1.00,1.00
2016.12.02 15:10:02.326,0.99034,0.99061,3.37,1.00
2016.12.02 15:10:02.841,0.99035,0.99062,1.75,1.00
2016.12.02 15:10:03.331,0.99037,0.99061,1.00,1.00
2016.12.02 15:10:04.636,0.99034,0.99062,1.75,1.00
2016.12.02 15:10:04.737,0.99033,0.9906,1.75,1.12
2016.12.02 15:10:05.066,0.99038,0.99068,1.35,1.75
2016.12.02 15:10:05.368,0.99043,0.99072,1.50,2.25
2016.12.02 15:10:06.942,0.99042,0.99071,1.75,1.50
2016.12.02 15:10:09.028,0.99046,0.99076,1.75,2.62
2016.12.02 15:10:09.330,0.99049,0.99072,1.75,1.00
2016.12.02 15:10:09.481,0.99045,0.99072,1.75,1.00
2016.12.02 15:10:09.532,0.99045,0.99072,1.75,1.00
2016.12.02 15:10:09.834,0.99054,0.99071,1.00,1.00
2016.12.02 15:10:09.985,0.9905,0.9908,1.35,1.75
2016.12.02 15:10:10.036,0.99053,0.99082,2.25,3.00
2016.12.02 15:10:10.086,0.99053,0.99082,2.25,1.00
2016.12.02 15:10:10.326,0.99053,0.99074,1.75,1.00
2016.12.02 15:10:10.376,0.99054,0.99074,1.00,1.00
2016.12.02 15:10:10.427,0.99051,0.99076,1.37,1.50
2016.12.02 15:10:10.478,0.99048,0.99076,1.75,1.50
2016.12.02 15:10:10.529,0.99048,0.99074,1.75,1.00
2016.12.02 15:10:10.933,0.99048,0.99076,1.75,1.50
2016.12.02 15:10:11.105,0.99048,0.99076,4.12,1.00
2016.12.02 15:10:11.396,0.9905,0.99078,1.75,1.00
2016.12.02 15:10:11.547,0.99054,0.9908,1.75,1.00
2016.12.02 15:10:11.883,0.99056,0.99077,1.75,1.00
2016.12.02 15:10:12.085,0.99053,0.99077,1.75,1.00
2016.12.02 15:10:12.287,0.99049,0.99076,1.75,1.00
2016.12.02 15:10:12.721,0.9905,0.99078,1.75,1.00
2016.12.02 15:10:13.026,0.99057,0.99079,1.00,1.00
2016.12.02 15:10:13.077,0.99053,0.99079,1.75,1.00
2016.12.02 15:10:13.284,0.99053,0.9908,1.75,1.00
2016.12.02 15:10:13.623,0.99054,0.99077,2.62,1.00
2016.12.02 15:10:13.674,0.99051,0.99077,1.75,1.00
2016.12.02 15:10:14.121,0.99051,0.99071,1.75,1.00
2016.12.02 15:10:14.171,0.99047,0.99071,1.75,1.00
2016.12.02 15:10:14.222,0.99047,0.99075,1.75,1.00
2016.12.02 15:10:14.273,0.99047,0.99072,1.75,1.00
2016.12.02 15:10:14.373,0.99044,0.99071,1.75,1.00
2016.12.02 15:10:14.474,0.99044,0.99074,1.75,1.00
2016.12.02 15:10:14.945,0.99044,0.9907,1.75,1.00
2016.12.02 15:10:15.247,0.9904,0.99061,1.50,1.00
2016.12.02 15:10:15.348,0.9904,0.99067,1.50,1.50
2016.12.02 15:10:15.398,0.99038,0.99067,4.87,1.50
2016.12.02 15:10:15.901,0.99047,0.99067,1.00,1.00
2016.12.02 15:10:16.123,0.99069,0.99098,2.62,1.00
2016.12.02 15:10:16.173,0.99076,0.99099,1.75,1.00
2016.12.02 15:10:16.224,0.99076,0.99106,1.75,1.00
2016.12.02 15:10:16.275,0.99078,0.99101,2.62,1.00
2016.12.02 15:10:16.376,0.99077,0.99102,1.00,1.50
2016.12.02 15:10:16.426,0.9908,0.99102,1.00,1.50
2016.12.02 15:10:16.477,0.99079,0.99106,2.25,1.00
2016.12.02 15:10:16.779,0.99081,0.99106,1.00,1.00
2016.12.02 15:10:17.139,0.99079,0.99103,1.50,1.00
2016.12.02 15:10:17.189,0.99077,0.99103,1.50,1.00
2016.12.02 15:10:17.341,0.99074,0.99101,1.75,1.00
2016.12.02 15:10:17.856,0.99076,0.99101,2.62,1.00
2016.12.02 15:10:18.113,0.99077,0.99102,1.00,1.00
2016.12.02 15:10:18.365,0.99073,0.99101,4.12,1.00
2016.12.02 15:10:18.872,0.99073,0.99101,2.25,1.00
2016.12.02 15:10:19.207,0.99076,0.99101,1.75,1.00
2016.12.02 15:10:19.610,0.99078,0.99101,1.75,1.00
2016.12.02 15:10:19.711,0.99078,0.99102,1.75,1.00
2016.12.02 15:10:20.227,0.99079,0.99101,1.00,1.00
2016.12.02 15:10:20.428,0.99073,0.991,1.75,1.00
2016.12.02 15:10:20.579,0.99073,0.99099,1.75,1.00
2016.12.02 15:10:20.731,0.99074,0.99099,1.75,1.00
2016.12.02 15:10:20.924,0.99074,0.99102,1.75,1.00
2016.12.02 15:10:21.025,0.99074,0.99102,1.75,1.37
2016.12.02 15:10:21.806,0.99071,0.99101,1.75,1.50
2016.12.02 15:10:22.011,0.99076,0.99102,1.00,1.00
2016.12.02 15:10:22.080,0.99079,0.99108,1.75,1.37
2016.12.02 15:10:22.279,0.99075,0.99106,1.75,2.25
2016.12.02 15:10:22.566,0.99076,0.99101,1.75,1.00
2016.12.02 15:10:22.900,0.99076,0.99101,1.75,1.00
2016.12.02 15:10:24.061,0.99077,0.99102,1.75,1.00
2016.12.02 15:10:24.603,0.99077,0.99101,1.75,1.00
2016.12.02 15:10:24.970,0.99077,0.99106,1.75,1.50
2016.12.02 15:10:25.021,0.99076,0.99106,1.75,2.25
2016.12.02 15:10:25.071,0.99076,0.99106,1.50,2.25
2016.12.02 15:10:25.122,0.99077,0.99106,1.37,1.50
2016.12.02 15:10:25.172,0.99077,0.99106,1.75,1.12
2016.12.02 15:10:25.426,0.99083,0.99106,1.00,1.00
2016.12.02 15:10:25.478,0.99083,0.99108,1.00,1.00
2016.12.02 15:10:25.579,0.99082,0.99106,1.50,1.00
2016.12.02 15:10:26.083,0.9908,0.99107,1.50,1.75
2016.12.02 15:10:26.284,0.99084,0.99111,1.50,1.50
2016.12.02 15:10:26.334,0.99087,0.99111,1.00,1.50
2016.12.02 15:10:26.523,0.99084,0.99111,1.50,1.50
2016.12.02 15:10:26.573,0.99084,0.99101,1.50,1.00
2016.12.02 15:10:26.755,0.99084,0.99111,1.50,1.50
2016.12.02 15:10:26.856,0.99086,0.99111,1.00,2.10
2016.12.02 15:10:27.161,0.99088,0.99111,1.00,2.10
2016.12.02 15:10:27.524,0.99088,0.99112,1.00,1.75
2016.12.02 15:10:27.887,0.99089,0.99112,1.00,1.12
2016.12.02 15:10:28.204,0.99088,0.99114,1.00,2.10
2016.12.02 15:10:28.255,0.99086,0.9911,1.00,1.00
2016.12.02 15:10:28.728,0.99086,0.99113,1.00,2.62
2016.12.02 15:10:28.882,0.99088,0.99114,1.00,2.10
2016.12.02 15:10:29.062,0.9909,0.99113,1.00,1.50
2016.12.02 15:10:29.112,0.9909,0.99113,1.00,1.12
2016.12.02 15:10:29.163,0.99087,0.99113,1.00,1.37
2016.12.02 15:10:29.498,0.99089,0.99113,1.00,1.75
2016.12.02 15:10:29.832,0.99084,0.99111,1.00,2.62
2016.12.02 15:10:29.933,0.99086,0.99106,1.00,1.00
2016.12.02 15:10:30.092,0.99082,0.99106,1.12,1.12
2016.12.02 15:10:30.143,0.99082,0.99106,1.00,1.37
2016.12.02 15:10:30.446,0.99078,0.99101,1.00,1.12
2016.12.02 15:10:30.547,0.99075,0.99102,1.50,2.10
2016.12.02 15:10:30.698,0.99074,0.99097,1.75,1.00
2016.12.02 15:10:30.844,0.99078,0.99101,1.12,1.60
2016.12.02 15:10:30.945,0.99079,0.99102,1.37,1.00
2016.12.02 15:10:31.199,0.99077,0.99106,1.50,1.75
2016.12.02 15:10:32.246,0.99079,0.99106,1.37,1.50
2016.12.02 15:10:32.297,0.99084,0.99109,1.00,1.75
2016.12.02 15:10:32.347,0.99084,0.99106,1.00,2.47
2016.12.02 15:10:32.398,0.99078,0.99105,1.75,1.37
2016.12.02 15:10:32.448,0.99078,0.99103,1.37,1.37
2016.12.02 15:10:33.009,0.99078,0.99103,1.00,1.75
2016.12.02 15:10:33.062,0.99078,0.99105,1.37,1.75
2016.12.02 15:10:33.575,0.99078,0.99105,1.50,1.75
2016.12.02 15:10:33.779,0.99074,0.99104,1.75,2.25
2016.12.02 15:10:34.044,0.99076,0.99102,1.37,1.00
2016.12.02 15:10:34.144,0.99077,0.99104,1.00,1.50
2016.12.02 15:10:35.439,0.99078,0.99106,1.00,3.37
2016.12.02 15:10:35.588,0.99078,0.99106,1.75,1.75
2016.12.02 15:10:37.064,0.99076,0.99105,1.75,1.75
2016.12.02 15:10:37.316,0.99075,0.99105,1.75,1.75
2016.12.02 15:10:38.285,0.99077,0.99102,1.00,1.37
2016.12.02 15:10:39.360,0.99077,0.99102,1.37,1.00
2016.12.02 15:10:40.292,0.99075,0.99102,1.75,1.37
2016.12.02 15:10:40.443,0.99069,0.991,2.25,3.00
2016.12.02 15:10:40.683,0.99074,0.99101,1.37,1.50
2016.12.02 15:10:40.735,0.99076,0.99101,1.50,1.12
2016.12.02 15:10:40.786,0.99076,0.99101,2.25,1.00
2016.12.02 15:10:41.038,0.99076,0.99105,1.75,2.10
2016.12.02 15:10:41.197,0.99076,0.99101,2.25,1.00
2016.12.02 15:10:41.348,0.99076,0.99101,1.50,1.12
2016.12.02 15:10:41.499,0.99076,0.99102,1.50,1.00
2016.12.02 15:10:41.816,0.99078,0.99107,1.50,1.75
2016.12.02 15:10:42.270,0.99075,0.991,1.75,1.12
2016.12.02 15:10:42.422,0.99069,0.991,1.75,2.25
2016.12.02 15:10:42.573,0.99068,0.99095,1.37,1.87
2016.12.02 15:10:42.623,0.99068,0.99095,1.00,1.75
2016.12.02 15:10:42.724,0.99068,0.99093,1.00,1.00
2016.12.02 15:10:42.775,0.99067,0.99096,1.75,1.75
2016.12.02 15:10:43.034,0.9907,0.99101,1.75,3.75
2016.12.02 15:10:43.600,0.99072,0.99099,1.50,1.00
2016.12.02 15:10:43.751,0.99074,0.99099,1.00,1.00
2016.12.02 15:10:44.683,0.99074,0.99097,1.00,1.00
2016.12.02 15:10:44.885,0.99067,0.99094,1.50,1.00
2016.12.02 15:10:44.986,0.99069,0.99097,2.25,2.25
2016.12.02 15:10:45.037,0.99072,0.99097,1.00,1.00
2016.12.02 15:10:45.087,0.99072,0.99102,1.50,1.75
2016.12.02 15:10:45.596,0.99069,0.99096,2.25,1.00
2016.12.02 15:10:45.646,0.99069,0.99096,1.75,1.00
2016.12.02 15:10:45.798,0.99073,0.99096,2.25,1.00
2016.12.02 15:10:45.848,0.99076,0.991,1.75,1.00
2016.12.02 15:10:45.954,0.99076,0.99102,1.75,1.00
2016.12.02 15:10:46.005,0.99072,0.99098,2.62,1.37
2016.12.02 15:10:46.056,0.99069,0.99099,3.00,1.75
2016.12.02 15:10:46.561,0.99069,0.99096,1.75,1.00
2016.12.02 15:10:46.611,0.99069,0.99096,1.75,1.00
2016.12.02 15:10:46.762,0.99072,0.99096,1.00,1.00
2016.12.02 15:10:47.114,0.9907,0.99096,1.75,1.00
2016.12.02 15:10:47.333,0.99074,0.99101,1.37,1.75
2016.12.02 15:10:47.696,0.99073,0.991,1.50,1.00
2016.12.02 15:10:47.999,0.99075,0.99102,1.75,1.12
2016.12.02 15:10:48.150,0.99076,0.99101,1.00,1.00
2016.12.02 15:10:48.201,0.99074,0.99102,2.62,1.37
2016.12.02 15:10:48.252,0.9908,0.99104,1.00,1.35
2016.12.02 15:10:48.399,0.99075,0.99097,1.37,1.30
2016.12.02 15:10:48.449,0.99075,0.99097,1.00,1.35
2016.12.02 15:10:48.500,0.99075,0.991,1.00,2.25
2016.12.02 15:10:48.651,0.9907,0.99101,1.75,2.25
2016.12.02 15:10:49.114,0.99069,0.991,1.75,2.25
2016.12.02 15:10:49.165,0.99069,0.991,1.75,2.25
2016.12.02 15:10:49.792,0.9907,0.991,2.62,1.75
2016.12.02 15:10:49.842,0.99071,0.99101,1.75,2.25
2016.12.02 15:10:50.025,0.99071,0.99097,1.75,1.00
2016.12.02 15:10:50.176,0.99071,0.99101,1.50,1.75
2016.12.02 15:10:50.226,0.99071,0.99098,1.50,1.00
2016.12.02 15:10:50.327,0.99073,0.99102,1.50,3.75
2016.12.02 15:10:50.627,0.99071,0.99096,1.75,1.00
2016.12.02 15:10:50.726,0.99073,0.99101,1.12,1.75
2016.12.02 15:10:51.234,0.99071,0.99099,1.75,1.30
2016.12.02 15:10:51.766,0.99075,0.991,1.00,1.00
2016.12.02 15:10:52.618,0.99074,0.991,1.37,2.25
2016.12.02 15:10:52.958,0.99072,0.99096,1.00,1.00
2016.12.02 15:10:53.175,0.99074,0.99097,1.00,1.00
2016.12.02 15:10:53.651,0.99069,0.99099,1.75,3.00
2016.12.02 15:10:53.702,0.99069,0.99098,1.75,1.75
2016.12.02 15:10:53.937,0.99068,0.99092,1.75,1.00
2016.12.02 15:10:54.040,0.99068,0.99097,2.25,1.50
2016.12.02 15:10:54.241,0.99068,0.99092,1.75,1.00
2016.12.02 15:10:54.393,0.99068,0.99091,1.00,1.50
2016.12.02 15:10:54.544,0.99062,0.9909,2.62,1.37
2016.12.02 15:10:54.594,0.99061,0.9909,1.75,1.37
2016.12.02 15:10:54.645,0.99063,0.9909,1.50,1.37
2016.12.02 15:10:55.207,0.99063,0.9909,1.12,1.75
2016.12.02 15:10:55.358,0.99069,0.9909,1.00,1.50
2016.12.02 15:10:55.772,0.99063,0.99091,2.25,1.37
2016.12.02 15:10:55.923,0.99061,0.9909,1.75,1.87
2016.12.02 15:10:56.256,0.99064,0.99087,1.00,1.00
2016.12.02 15:10:56.653,0.99064,0.99089,1.50,1.50
2016.12.02 15:10:56.754,0.99064,0.9909,1.50,1.37
2016.12.02 15:10:56.805,0.99066,0.99095,1.75,1.75
2016.12.02 15:10:56.855,0.99066,0.99095,1.75,2.25
2016.12.02 15:10:57.157,0.99064,0.9909,1.75,1.75
2016.12.02 15:10:57.491,0.99059,0.99088,2.25,1.50
2016.12.02 15:10:57.642,0.99057,0.99086,1.75,1.37
2016.12.02 15:10:57.794,0.99061,0.99088,1.75,1.00
2016.12.02 15:10:57.844,0.99062,0.99088,1.75,1.00
2016.12.02 15:10:57.996,0.99059,0.99088,2.25,1.50
2016.12.02 15:10:58.147,0.99064,0.99088,1.00,1.50
2016.12.02 15:10:58.822,0.99064,0.99088,1.37,1.50
2016.12.02 15:10:59.510,0.99061,0.99087,1.75,1.00
2016.12.02 15:10:59.910,0.99056,0.99084,1.75,1.50
2016.12.02 15:11:00.011,0.99061,0.99084,1.00,1.00
2016.12.02 15:11:00.347,0.99064,0.99084,1.00,1.00
2016.12.02 15:11:00.649,0.99068,0.99087,1.00,1.87
2016.12.02 15:11:01.123,0.99068,0.99085,1.00,1.00
2016.12.02 15:11:01.411,0.99068,0.99091,1.00,1.00
2016.12.02 15:11:01.461,0.99074,0.99091,1.00,1.00
2016.12.02 15:11:01.562,0.99066,0.99091,1.00,1.00
2016.12.02 15:11:01.663,0.99067,0.99091,1.37,1.12
2016.12.02 15:11:01.714,0.99067,0.99095,1.75,1.50
2016.12.02 15:11:01.850,0.99074,0.99095,1.00,1.50
2016.12.02 15:11:02.179,0.99074,0.99095,1.00,1.50
2016.12.02 15:11:02.330,0.99074,0.99094,1.00,1.50
2016.12.02 15:11:02.783,0.99074,0.99092,1.00,1.37
2016.12.02 15:11:03.393,0.99074,0.99095,1.00,1.75
2016.12.02 15:11:03.445,0.99074,0.99094,1.00,1.00
2016.12.02 15:11:03.933,0.99074,0.9909,1.00,1.00
2016.12.02 15:11:04.185,0.99068,0.99089,1.12,1.00
2016.12.02 15:11:04.235,0.99068,0.99087,1.12,1.00
2016.12.02 15:11:04.336,0.99063,0.99088,1.37,1.37
2016.12.02 15:11:04.387,0.99069,0.99088,1.00,1.37
2016.12.02 15:11:04.488,0.99064,0.99094,1.87,1.75
2016.12.02 15:11:04.639,0.99064,0.99093,1.50,1.75
2016.12.02 15:11:04.761,0.99068,0.99093,1.00,1.75
2016.12.02 15:11:05.105,0.99068,0.99088,1.00,1.50
2016.12.02 15:11:05.723,0.99068,0.99085,1.00,1.00
2016.12.02 15:11:05.874,0.99064,0.99085,1.00,1.37
2016.12.02 15:11:06.025,0.99064,0.99088,1.00,1.75
2016.12.02 15:11:06.656,0.99064,0.99087,1.00,2.25
2016.12.02 15:11:06.958,0.99064,0.9909,1.37,1.75
2016.12.02 15:11:07.058,0.99065,0.99089,1.00,1.00
2016.12.02 15:11:07.159,0.99062,0.99093,1.75,4.12
2016.12.02 15:11:08.101,0.99064,0.9909,1.12,1.75
2016.12.02 15:11:08.403,0.99064,0.99087,1.00,1.75
2016.12.02 15:11:08.710,0.99063,0.99086,1.00,1.50
2016.12.02 15:11:09.282,0.99059,0.99088,1.50,1.75
2016.12.02 15:11:09.470,0.99064,0.99086,1.00,1.75
2016.12.02 15:11:10.268,0.99063,0.99086,1.00,1.75
2016.12.02 15:11:10.869,0.99064,0.99087,1.00,2.25
2016.12.02 15:11:10.969,0.99058,0.99087,1.75,2.25
2016.12.02 15:11:11.020,0.99059,0.99087,1.75,1.50
2016.12.02 15:11:11.168,0.99059,0.99087,2.25,1.50
2016.12.02 15:11:11.269,0.99061,0.99086,1.00,1.00
2016.12.02 15:11:11.471,0.99059,0.99088,1.75,2.25
2016.12.02 15:11:12.015,0.99059,0.99088,1.75,2.25
2016.12.02 15:11:12.496,0.99059,0.99088,1.75,1.75
2016.12.02 15:11:12.947,0.99059,0.99086,1.50,1.50
2016.12.02 15:11:12.997,0.99059,0.99085,1.50,3.00
2016.12.02 15:11:13.048,0.99059,0.9908,1.50,1.00
2016.12.02 15:11:13.098,0.99058,0.99082,1.75,1.00
2016.12.02 15:11:13.197,0.99058,0.99082,1.37,1.87
2016.12.02 15:11:13.319,0.99054,0.99082,1.37,1.75
2016.12.02 15:11:13.663,0.99053,0.99082,1.37,3.00
2016.12.02 15:11:14.167,0.99053,0.9908,1.12,1.75
2016.12.02 15:11:14.809,0.99054,0.9908,1.00,1.75
2016.12.02 15:11:15.135,0.99054,0.99081,1.37,1.75
2016.12.02 15:11:15.185,0.99054,0.99081,1.75,1.75
2016.12.02 15:11:15.286,0.99054,0.99082,1.12,1.75
2016.12.02 15:11:15.387,0.99059,0.99084,1.00,2.25
2016.12.02 15:11:15.890,0.99059,0.99081,1.00,1.75
2016.12.02 15:11:16.988,0.99054,0.99081,1.00,1.75
2016.12.02 15:11:17.515,0.99058,0.99081,1.00,1.75
2016.12.02 15:11:17.803,0.99053,0.99078,1.12,1.12
2016.12.02 15:11:17.904,0.99054,0.9908,1.00,1.75
2016.12.02 15:11:18.408,0.99054,0.99075,1.00,1.00
2016.12.02 15:11:18.729,0.99054,0.99078,1.00,1.75
2016.12.02 15:11:19.330,0.99054,0.99078,1.00,1.75
2016.12.02 15:11:19.534,0.99054,0.9908,1.50,1.75
2016.12.02 15:11:19.887,0.99059,0.99081,1.00,1.75
2016.12.02 15:11:20.189,0.99064,0.99086,1.00,1.75
2016.12.02 15:11:20.813,0.99059,0.99086,1.75,1.12
2016.12.02 15:11:21.015,0.99069,0.9909,1.00,1.75
2016.12.02 15:11:21.197,0.99064,0.99088,1.00,1.75
2016.12.02 15:11:21.828,0.99069,0.99088,1.00,1.12
2016.12.02 15:11:22.337,0.99064,0.99088,1.37,1.50
2016.12.02 15:11:22.438,0.99064,0.99087,1.00,1.50
2016.12.02 15:11:23.021,0.99061,0.9909,1.75,1.75
2016.12.02 15:11:23.500,0.99058,0.99087,1.75,1.75
2016.12.02 15:11:23.601,0.99064,0.99087,1.00,1.75
2016.12.02 15:11:24.004,0.99059,0.99089,3.37,1.87
2016.12.02 15:11:24.505,0.99064,0.99091,1.75,2.62
2016.12.02 15:11:24.556,0.99064,0.99088,1.37,1.00
2016.12.02 15:11:25.024,0.99064,0.99086,1.00,1.00
2016.12.02 15:11:25.527,0.99058,0.99085,2.25,1.00
2016.12.02 15:11:25.931,0.99058,0.99086,1.75,1.75
2016.12.02 15:11:26.347,0.99058,0.99087,2.25,1.37
2016.12.02 15:11:26.448,0.99063,0.99087,1.75,1.12
2016.12.02 15:11:26.775,0.99066,0.99091,1.00,1.00
2016.12.02 15:11:28.534,0.99063,0.9909,1.75,1.37
2016.12.02 15:11:28.635,0.99064,0.9909,1.12,1.75
2016.12.02 15:11:29.172,0.99063,0.9909,1.50,1.50
2016.12.02 15:11:29.323,0.99064,0.99093,1.37,1.75
2016.12.02 15:11:29.373,0.99064,0.99093,1.75,1.50
2016.12.02 15:11:30.909,0.99063,0.99091,1.75,1.00
2016.12.02 15:11:31.009,0.99065,0.9909,1.00,1.00
2016.12.02 15:11:31.060,0.99064,0.99088,1.00,1.00
2016.12.02 15:11:31.161,0.99063,0.99091,1.75,1.50
2016.12.02 15:11:31.888,0.9906,0.99091,1.75,2.25
2016.12.02 15:11:32.364,0.99064,0.99094,1.75,1.75
2016.12.02 15:11:32.867,0.99065,0.99096,1.75,4.35
2016.12.02 15:11:33.235,0.99065,0.99096,3.37,2.25
2016.12.02 15:11:33.928,0.99064,0.99094,3.37,1.37
2016.12.02 15:11:33.979,0.99068,0.99092,1.00,1.00
2016.12.02 15:11:34.375,0.99066,0.99091,1.00,1.00
2016.12.02 15:11:34.627,0.9906,0.9909,2.62,1.37
2016.12.02 15:11:34.780,0.9906,0.99092,1.75,3.97
2016.12.02 15:11:34.881,0.99064,0.99089,1.00,1.00
2016.12.02 15:11:35.567,0.99059,0.9909,1.75,1.75
2016.12.02 15:11:35.956,0.99062,0.99092,1.37,1.75
2016.12.02 15:11:36.625,0.99062,0.99092,1.75,2.25
2016.12.02 15:11:39.033,0.99059,0.99092,2.25,1.75
2016.12.02 15:11:39.185,0.99057,0.99085,2.62,1.50
2016.12.02 15:11:39.285,0.99052,0.99085,1.75,1.75
2016.12.02 15:11:39.336,0.99058,0.99087,1.37,2.62
2016.12.02 15:11:39.387,0.99058,0.99089,1.75,1.75
2016.12.02 15:11:39.437,0.99064,0.99089,1.00,1.75
2016.12.02 15:11:39.689,0.99059,0.99091,1.75,2.85
2016.12.02 15:11:39.840,0.99059,0.99089,1.75,1.00
2016.12.02 15:11:40.458,0.99063,0.99092,1.75,1.20
2016.12.02 15:11:40.847,0.9906,0.99091,1.75,1.75
2016.12.02 15:11:41.364,0.99058,0.99086,1.75,1.12
2016.12.02 15:11:41.566,0.99058,0.99086,1.75,1.50
2016.12.02 15:11:41.616,0.99059,0.99084,1.00,1.00
2016.12.02 15:11:41.667,0.99059,0.99084,1.50,1.00
2016.12.02 15:11:42.381,0.9906,0.99086,1.00,1.50
2016.12.02 15:11:42.482,0.99059,0.99086,1.50,1.37
2016.12.02 15:11:42.533,0.99062,0.99086,1.00,1.00
2016.12.02 15:11:43.191,0.99062,0.99086,1.75,1.00
2016.12.02 15:11:43.443,0.99059,0.99086,2.25,1.12
2016.12.02 15:11:43.946,0.99063,0.99091,1.75,1.00
2016.12.02 15:11:44.046,0.99063,0.99092,1.75,1.37
2016.12.02 15:11:44.097,0.99063,0.99092,1.50,1.75
2016.12.02 15:11:44.572,0.99062,0.99091,1.75,1.75
2016.12.02 15:11:44.622,0.99062,0.99091,1.75,1.50
2016.12.02 15:11:45.160,0.99062,0.99091,3.37,1.00
2016.12.02 15:11:45.262,0.99062,0.99092,1.75,1.37
2016.12.02 15:11:45.831,0.99067,0.99091,1.75,1.00
2016.12.02 15:11:45.932,0.99068,0.99092,1.00,1.00
2016.12.02 15:11:45.983,0.99063,0.99092,1.75,1.37
2016.12.02 15:11:46.487,0.99067,0.99092,1.37,1.12
2016.12.02 15:11:46.588,0.99067,0.99092,1.50,1.00
2016.12.02 15:11:46.840,0.99064,0.99094,3.37,1.12
2016.12.02 15:11:46.890,0.99064,0.99092,1.75,1.37
2016.12.02 15:11:46.941,0.99064,0.99092,1.75,1.75
2016.12.02 15:11:48.898,0.99064,0.99088,1.50,1.00
2016.12.02 15:11:49.100,0.99063,0.99094,2.25,1.75
2016.12.02 15:11:50.555,0.99063,0.99093,2.25,1.75
2016.12.02 15:11:51.116,0.99063,0.99088,1.00,1.75
2016.12.02 15:11:51.167,0.99059,0.99089,1.75,1.75
2016.12.02 15:11:52.398,0.9906,0.99086,1.50,1.00
2016.12.02 15:11:52.715,0.9906,0.99092,1.75,1.75
2016.12.02 15:11:52.816,0.99066,0.99091,1.00,1.00
2016.12.02 15:11:52.967,0.99063,0.99094,2.25,2.25
2016.12.02 15:11:53.118,0.99063,0.99093,2.25,1.75
2016.12.02 15:11:54.083,0.99065,0.99091,1.00,1.37
2016.12.02 15:11:54.688,0.99063,0.99091,1.75,1.50
2016.12.02 15:11:54.738,0.99063,0.99092,1.75,1.50
2016.12.02 15:11:56.350,0.99068,0.99093,1.00,1.75
2016.12.02 15:11:57.153,0.99063,0.99094,2.25,1.75
2016.12.02 15:11:58.049,0.99069,0.99094,1.12,1.50
2016.12.02 15:11:58.100,0.99069,0.99095,1.50,2.25
2016.12.02 15:11:58.200,0.99069,0.99095,1.00,2.25
2016.12.02 15:11:59.253,0.99067,0.99091,1.00,1.00
2016.12.02 15:11:59.354,0.99069,0.99095,1.00,1.75
2016.12.02 15:11:59.404,0.99069,0.99093,1.00,1.00
2016.12.02 15:11:59.555,0.99068,0.99094,1.12,1.75
2016.12.02 15:12:00.065,0.99069,0.99096,1.00,1.75
2016.12.02 15:12:00.216,0.99069,0.99099,1.75,1.75
2016.12.02 15:12:00.828,0.99068,0.99096,1.37,2.25
2016.12.02 15:12:00.879,0.99068,0.99096,1.12,2.25
2016.12.02 15:12:00.929,0.99068,0.99094,1.12,1.75
2016.12.02 15:12:00.980,0.99066,0.9909,1.00,1.00
2016.12.02 15:12:01.031,0.99065,0.99094,2.62,1.37
2016.12.02 15:12:01.081,0.99066,0.99097,3.37,1.12
2016.12.02 15:12:01.278,0.99069,0.991,1.75,1.75
2016.12.02 15:12:01.381,0.99072,0.99097,1.00,1.00
2016.12.02 15:12:01.532,0.99071,0.99101,1.75,1.75
2016.12.02 15:12:01.911,0.99071,0.99101,1.75,1.75
2016.12.02 15:12:02.927,0.99073,0.99098,1.00,1.00
2016.12.02 15:12:03.222,0.99069,0.99101,1.75,1.75
2016.12.02 15:12:03.524,0.99073,0.99101,1.75,1.37
2016.12.02 15:12:03.625,0.99074,0.99104,2.62,1.37
2016.12.02 15:12:03.736,0.9908,0.99104,1.00,1.00
2016.12.02 15:12:03.787,0.9908,0.99101,1.00,1.00
2016.12.02 15:12:04.038,0.99069,0.99101,1.75,1.75
2016.12.02 15:12:04.240,0.99073,0.99105,3.00,1.75
2016.12.02 15:12:04.593,0.99076,0.99107,1.75,2.25
2016.12.02 15:12:04.643,0.99076,0.99107,1.75,2.25
2016.12.02 15:12:05.295,0.99079,0.99106,1.00,1.50
2016.12.02 15:12:05.597,0.99072,0.99092,2.25,1.37
2016.12.02 15:12:05.648,0.99061,0.99092,3.00,1.75
2016.12.02 15:12:05.698,0.99063,0.99094,1.75,1.75
2016.12.02 15:12:05.749,0.99068,0.99093,1.00,1.00
2016.12.02 15:12:05.900,0.99065,0.99095,2.62,1.75
2016.12.02 15:12:06.098,0.99068,0.99093,1.00,1.00
2016.12.02 15:12:06.199,0.99068,0.99095,1.00,1.75
2016.12.02 15:12:06.632,0.99065,0.9909,1.00,1.00
2016.12.02 15:12:07.136,0.99064,0.99094,1.75,1.75
2016.12.02 15:12:07.236,0.99064,0.99094,1.75,1.75
2016.12.02 15:12:08.246,0.99065,0.99096,1.75,1.75
2016.12.02 15:12:09.039,0.99073,0.99098,1.00,1.00
2016.12.02 15:12:09.241,0.99068,0.99099,1.75,1.75
2016.12.02 15:12:11.198,0.9907,0.99101,1.75,2.25
2016.12.02 15:12:11.551,0.99075,0.991,1.00,1.00
2016.12.02 15:12:11.702,0.99078,0.991,1.00,1.00
2016.12.02 15:12:11.963,0.99074,0.99104,3.37,1.37
2016.12.02 15:12:12.205,0.99081,0.99106,1.00,1.00
2016.12.02 15:12:12.357,0.99079,0.99101,1.00,1.00
2016.12.02 15:12:12.408,0.99076,0.99101,1.00,1.00
2016.12.02 15:12:12.458,0.99079,0.99103,1.00,1.00
2016.12.02 15:12:12.762,0.99074,0.99098,1.00,1.00
2016.12.02 15:12:13.105,0.99073,0.99104,2.25,1.75
2016.12.02 15:12:13.155,0.99073,0.99098,2.25,1.00
2016.12.02 15:12:13.257,0.99071,0.99097,2.62,1.00
2016.12.02 15:12:13.360,0.99068,0.99097,1.50,1.75
2016.12.02 15:12:13.461,0.99068,0.99096,1.87,1.75
2016.12.02 15:12:13.663,0.99068,0.99097,1.75,2.25
2016.12.02 15:12:13.763,0.99068,0.99096,1.12,1.75
2016.12.02 15:12:14.066,0.99069,0.99097,1.50,1.75
2016.12.02 15:12:14.368,0.99073,0.99103,1.50,3.37
2016.12.02 15:12:14.720,0.99073,0.99101,1.50,1.75
2016.12.02 15:12:14.866,0.99068,0.99097,1.12,2.62
2016.12.02 15:12:16.431,0.99068,0.99095,1.37,1.35
2016.12.02 15:12:16.482,0.99068,0.99095,1.75,1.67
2016.12.02 15:12:16.851,0.99068,0.99095,1.50,1.67
2016.12.02 15:12:16.902,0.99068,0.99095,1.12,1.35
2016.12.02 15:12:17.526,0.99068,0.99095,1.37,1.35
2016.12.02 15:12:18.033,0.99068,0.99095,1.75,1.35
2016.12.02 15:12:18.603,0.99065,0.99091,1.75,1.00
2016.12.02 15:12:18.717,0.99069,0.99095,1.50,1.35
2016.12.02 15:12:18.868,0.99069,0.99096,1.75,1.50
2016.12.02 15:12:19.372,0.99069,0.99096,1.75,1.75
2016.12.02 15:12:19.958,0.99064,0.99095,3.37,1.67
2016.12.02 15:12:20.012,0.99068,0.99091,1.00,1.00
2016.12.02 15:12:20.062,0.99061,0.99091,1.35,1.75
2016.12.02 15:12:20.614,0.99061,0.99086,1.75,1.00
2016.12.02 15:12:20.916,0.99059,0.9909,3.37,1.75
2016.12.02 15:12:21.017,0.99059,0.99086,3.37,1.00
2016.12.02 15:12:21.549,0.99059,0.99086,2.25,1.00
2016.12.02 15:12:22.053,0.99059,0.99087,1.75,1.12
2016.12.02 15:12:22.355,0.99059,0.99081,1.00,2.47
2016.12.02 15:12:22.489,0.9905,0.99074,1.00,1.00
2016.12.02 15:12:22.741,0.99049,0.99079,2.25,1.75
2016.12.02 15:12:22.791,0.99049,0.9908,3.00,2.25
2016.12.02 15:12:22.842,0.9905,0.99078,1.75,1.00
2016.12.02 15:12:23.043,0.99054,0.99083,1.37,1.75
2016.12.02 15:12:23.094,0.99056,0.99081,1.00,1.00
2016.12.02 15:12:23.199,0.99059,0.99081,1.00,1.00
2016.12.02 15:12:23.904,0.99054,0.99078,1.00,1.00
2016.12.02 15:12:24.157,0.99053,0.99082,1.50,2.25
2016.12.02 15:12:24.208,0.99053,0.99082,1.75,1.50
2016.12.02 15:12:24.471,0.99055,0.99081,1.00,1.37
2016.12.02 15:12:24.774,0.99059,0.9908,1.00,1.00
2016.12.02 15:12:24.824,0.99057,0.99084,1.12,1.75
2016.12.02 15:12:24.875,0.9906,0.99084,1.00,1.00
2016.12.02 15:12:25.051,0.9906,0.99085,1.50,1.00
2016.12.02 15:12:25.256,0.99058,0.99087,2.25,2.25
2016.12.02 15:12:25.559,0.99058,0.99083,1.37,1.37
2016.12.02 15:12:25.610,0.99058,0.99084,1.00,1.75
2016.12.02 15:12:25.661,0.99058,0.99081,1.12,1.00
2016.12.02 15:12:25.762,0.99059,0.99083,1.12,1.00
2016.12.02 15:12:25.813,0.99063,0.99086,1.00,1.75
2016.12.02 15:12:25.914,0.99064,0.99086,1.00,1.00
2016.12.02 15:12:26.419,0.99063,0.99087,1.00,1.00
2016.12.02 15:12:26.924,0.99064,0.99087,1.00,1.00
2016.12.02 15:12:27.251,0.99064,0.99086,1.00,1.37
2016.12.02 15:12:27.485,0.99063,0.99086,1.00,1.37
2016.12.02 15:12:27.586,0.99059,0.99083,1.00,1.75
2016.12.02 15:12:28.678,0.99059,0.99083,1.00,1.75
2016.12.02 15:12:29.131,0.99054,0.99081,2.25,1.75
2016.12.02 15:12:30.124,0.99059,0.99083,1.00,1.75
2016.12.02 15:12:30.422,0.99054,0.99081,1.75,1.75
2016.12.02 15:12:30.523,0.99054,0.99081,1.75,1.00
2016.12.02 15:12:30.724,0.99055,0.9908,1.00,1.00
2016.12.02 15:12:30.775,0.99057,0.99082,1.37,1.37
2016.12.02 15:12:30.826,0.99057,0.99085,1.75,1.72
2016.12.02 15:12:31.077,0.99059,0.99086,1.00,1.50
2016.12.02 15:12:31.369,0.99054,0.99084,1.75,1.75
2016.12.02 15:12:31.870,0.99054,0.99082,2.25,1.50
2016.12.02 15:12:32.387,0.99056,0.99086,1.75,1.75
2016.12.02 15:12:32.913,0.99056,0.99086,1.75,1.75
2016.12.02 15:12:33.779,0.99058,0.99086,1.75,1.50
2016.12.02 15:12:33.830,0.99061,0.99086,1.00,1.50
2016.12.02 15:12:34.776,0.99059,0.99087,1.75,2.25
2016.12.02 15:12:35.180,0.99061,0.99089,1.50,1.75
2016.12.02 15:12:35.231,0.99061,0.99089,1.75,1.50
2016.12.02 15:12:35.445,0.99062,0.99087,1.00,1.00
2016.12.02 15:12:35.711,0.99061,0.99085,1.00,1.00
2016.12.02 15:12:36.040,0.99064,0.99089,1.00,1.75
2016.12.02 15:12:36.141,0.99068,0.99092,1.00,1.75
2016.12.02 15:12:36.191,0.99068,0.99096,1.37,1.75
2016.12.02 15:12:36.242,0.99073,0.99095,1.00,1.00
2016.12.02 15:12:37.633,0.9907,0.99095,1.00,1.00
2016.12.02 15:12:38.587,0.99074,0.99095,1.00,1.00
2016.12.02 15:12:39.839,0.9907,0.99095,1.00,1.00
2016.12.02 15:12:40.053,0.99073,0.99095,1.00,1.00
2016.12.02 15:12:40.422,0.99073,0.99091,1.00,1.00
2016.12.02 15:12:40.472,0.99068,0.99091,1.00,1.00
2016.12.02 15:12:40.523,0.99068,0.99095,1.00,3.37
2016.12.02 15:12:40.624,0.99074,0.99099,1.00,2.10
2016.12.02 15:12:40.825,0.99075,0.99099,1.00,1.00
2016.12.02 15:12:40.926,0.99074,0.99104,1.75,1.50
2016.12.02 15:12:41.471,0.99078,0.99101,1.00,1.00
2016.12.02 15:12:41.992,0.99079,0.99101,1.00,1.00
2016.12.02 15:12:42.043,0.99076,0.99101,1.00,1.00
2016.12.02 15:12:42.186,0.99079,0.99103,3.37,1.00
2016.12.02 15:12:42.243,0.99081,0.99112,2.25,1.75
2016.12.02 15:12:42.394,0.99081,0.9911,3.37,1.00
2016.12.02 15:12:42.545,0.99084,0.99108,1.00,1.00
2016.12.02 15:12:43.606,0.99084,0.99115,1.50,4.12
2016.12.02 15:12:43.656,0.99086,0.99111,1.00,1.00
2016.12.02 15:12:43.927,0.99084,0.99111,1.37,1.50
2016.12.02 15:12:43.978,0.99083,0.99108,1.00,1.00
2016.12.02 15:12:44.029,0.99078,0.99108,2.25,1.50
2016.12.02 15:12:44.180,0.99079,0.99108,1.50,1.75
2016.12.02 15:12:44.230,0.99082,0.99111,1.37,2.62
2016.12.02 15:12:44.331,0.99082,0.99113,1.75,2.85
2016.12.02 15:12:45.935,0.99084,0.99113,1.37,3.37
2016.12.02 15:12:46.128,0.99084,0.9911,1.50,1.75
2016.12.02 15:12:46.229,0.99079,0.9911,1.75,3.37
2016.12.02 15:12:47.167,0.99075,0.99105,3.37,1.75
2016.12.02 15:12:47.316,0.99076,0.99101,1.00,1.00
2016.12.02 15:12:47.367,0.99083,0.99105,1.00,1.75
2016.12.02 15:12:47.895,0.99083,0.99105,1.00,1.75
2016.12.02 15:12:48.673,0.99078,0.99105,1.37,1.75
2016.12.02 15:12:48.775,0.99084,0.99105,1.00,1.75
2016.12.02 15:12:48.977,0.99079,0.99105,1.12,2.25
2016.12.02 15:12:49.128,0.99074,0.99105,2.25,1.75
2016.12.02 15:12:49.430,0.99079,0.99105,1.00,1.75
2016.12.02 15:12:49.581,0.99073,0.991,2.25,1.00
2016.12.02 15:12:49.632,0.99073,0.99101,1.50,1.75
2016.12.02 15:12:50.137,0.99069,0.99096,1.75,1.00
2016.12.02 15:12:50.442,0.99069,0.99099,1.75,1.75
2016.12.02 15:12:51.261,0.99068,0.99099,2.25,1.75
2016.12.02 15:12:51.312,0.99068,0.99099,2.25,1.75
2016.12.02 15:12:51.614,0.99073,0.99097,1.00,1.75
2016.12.02 15:12:51.716,0.99073,0.991,1.12,1.75
2016.12.02 15:12:51.817,0.99074,0.99101,1.12,1.35
2016.12.02 15:12:51.867,0.99073,0.99101,1.75,1.35
2016.12.02 15:12:51.918,0.99076,0.991,1.00,1.00
2016.12.02 15:12:52.131,0.99079,0.99103,1.00,1.67
2016.12.02 15:12:52.182,0.99074,0.99103,1.35,1.67
2016.12.02 15:12:52.233,0.99074,0.991,1.35,1.00
2016.12.02 15:12:52.554,0.99078,0.99102,1.00,1.75
2016.12.02 15:12:52.655,0.99074,0.99102,1.12,1.75
2016.12.02 15:12:53.058,0.99074,0.99101,1.50,1.50
2016.12.02 15:12:53.108,0.99074,0.99101,1.37,1.75
2016.12.02 15:12:53.571,0.99074,0.991,1.00,2.62
2016.12.02 15:12:53.823,0.99074,0.991,1.37,1.75
2016.12.02 15:12:54.519,0.99074,0.99099,1.00,3.37
2016.12.02 15:12:54.570,0.99069,0.99096,1.50,1.75
2016.12.02 15:12:54.671,0.99069,0.99096,2.25,1.50
2016.12.02 15:12:55.830,0.99068,0.99097,1.50,3.00
2016.12.02 15:12:55.930,0.99068,0.99096,1.75,1.50
2016.12.02 15:12:56.563,0.99074,0.99097,1.00,1.75
2016.12.02 15:12:56.664,0.99071,0.991,1.50,2.25
2016.12.02 15:12:56.714,0.99073,0.991,1.37,1.37
2016.12.02 15:12:56.765,0.99076,0.991,1.00,1.00
2016.12.02 15:12:57.016,0.99074,0.991,1.37,1.37
2016.12.02 15:12:57.067,0.99074,0.991,1.00,2.25
2016.12.02 15:12:57.218,0.99075,0.99101,1.37,1.37
2016.12.02 15:12:57.269,0.99078,0.99105,1.50,1.75
2016.12.02 15:12:57.370,0.99076,0.99101,1.00,1.00
2016.12.02 15:12:57.458,0.99074,0.99105,1.75,2.25
2016.12.02 15:12:57.559,0.99077,0.99101,1.00,1.00
2016.12.02 15:12:57.660,0.99078,0.99103,1.00,1.00
2016.12.02 15:12:57.992,0.99078,0.99103,1.12,1.50
2016.12.02 15:12:58.093,0.99074,0.99103,2.25,1.75
2016.12.02 15:12:58.244,0.99075,0.99105,1.75,1.75
2016.12.02 15:12:58.778,0.99078,0.99103,1.00,1.00
2016.12.02 15:12:59.736,0.99074,0.99102,2.25,1.75
2016.12.02 15:13:00.039,0.99078,0.99102,1.00,1.75
2016.12.02 15:13:00.237,0.99078,0.99099,1.00,1.00
2016.12.02 15:13:00.438,0.99078,0.991,1.00,1.75
2016.12.02 15:13:00.690,0.99073,0.991,1.12,1.75
2016.12.02 15:13:01.093,0.99074,0.991,1.60,1.75
2016.12.02 15:13:01.144,0.99074,0.991,1.00,1.75
2016.12.02 15:13:01.194,0.99079,0.991,1.00,1.75
2016.12.02 15:13:01.346,0.99079,0.99105,1.00,1.35
2016.12.02 15:13:01.491,0.99079,0.99106,1.12,1.75
2016.12.02 15:13:01.793,0.99079,0.99106,1.75,2.10
2016.12.02 15:13:01.894,0.99078,0.99106,1.00,2.10
2016.12.02 15:13:02.096,0.99084,0.99105,1.00,1.35
2016.12.02 15:13:02.197,0.99076,0.99105,1.75,2.85
2016.12.02 15:13:02.248,0.99075,0.99104,1.75,1.75
2016.12.02 15:13:02.349,0.99074,0.99105,1.75,2.25
2016.12.02 15:13:02.856,0.99078,0.991,1.00,1.35
2016.12.02 15:13:03.983,0.99078,0.991,1.00,1.35
2016.12.02 15:13:04.084,0.99074,0.991,1.00,1.35
2016.12.02 15:13:04.235,0.99074,0.99097,1.00,1.75
2016.12.02 15:13:04.453,0.99072,0.99098,1.50,1.75
2016.12.02 15:13:04.505,0.99072,0.99097,1.50,1.00
2016.12.02 15:13:05.172,0.99071,0.99098,1.00,1.75
2016.12.02 15:13:05.492,0.99073,0.99098,1.00,1.75
2016.12.02 15:13:05.838,0.99074,0.99098,1.00,3.37
2016.12.02 15:13:05.889,0.99074,0.99098,1.00,1.75
2016.12.02 15:13:06.191,0.99073,0.99096,1.00,2.25
2016.12.02 15:13:06.493,0.99084,0.99096,1.00,1.75
2016.12.02 15:13:06.594,0.99076,0.99104,1.50,1.75
2016.12.02 15:13:06.645,0.99076,0.99105,2.25,2.62
2016.12.02 15:13:06.695,0.99076,0.99108,2.25,1.75
2016.12.02 15:13:06.803,0.99076,0.99107,2.25,2.62
2016.12.02 15:13:07.004,0.99079,0.99104,1.50,1.00
2016.12.02 15:13:07.307,0.99077,0.99105,1.12,1.75
2016.12.02 15:13:07.609,0.99075,0.99099,1.00,1.00
2016.12.02 15:13:07.992,0.99073,0.99101,1.12,1.75
2016.12.02 15:13:08.917,0.99074,0.99101,1.00,2.25
2016.12.02 15:13:09.533,0.99074,0.99095,1.00,1.00
2016.12.02 15:13:09.821,0.99069,0.99094,1.00,1.35
2016.12.02 15:13:10.123,0.9907,0.99095,1.00,1.00
2016.12.02 15:13:12.694,0.99069,0.99096,1.12,1.75
2016.12.02 15:13:13.097,0.99067,0.99096,1.75,1.75
2016.12.02 15:13:13.983,0.99069,0.99095,1.87,1.75
2016.12.02 15:13:14.134,0.99068,0.99095,1.87,1.75
2016.12.02 15:13:14.536,0.99067,0.99092,1.75,1.00
2016.12.02 15:13:14.889,0.99064,0.99091,2.62,1.87
2016.12.02 15:13:14.939,0.99065,0.9909,1.00,1.00
2016.12.02 15:13:15.180,0.99061,0.99091,2.25,2.85
2016.12.02 15:13:15.490,0.99059,0.99086,3.00,1.12
2016.12.02 15:13:15.792,0.99058,0.99087,1.75,1.75
2016.12.02 15:13:15.843,0.99058,0.99088,1.75,1.75
2016.12.02 15:13:16.044,0.99062,0.99086,1.00,1.50
2016.12.02 15:13:16.300,0.9906,0.99087,1.37,1.75
2016.12.02 15:13:16.734,0.9906,0.99086,1.75,1.50
2016.12.02 15:13:16.835,0.99059,0.99086,2.25,1.50
2016.12.02 15:13:17.455,0.99063,0.99087,1.00,1.75
2016.12.02 15:13:17.934,0.99059,0.99082,1.50,1.00
2016.12.02 15:13:18.610,0.99059,0.99082,1.12,1.12
2016.12.02 15:13:18.713,0.99054,0.99081,1.50,1.75
2016.12.02 15:13:19.371,0.99057,0.99081,1.00,1.75
2016.12.02 15:13:19.472,0.99058,0.99082,1.50,1.00
2016.12.02 15:13:19.523,0.99058,0.99083,1.87,1.37
2016.12.02 15:13:19.623,0.99058,0.99086,2.25,1.30
2016.12.02 15:13:19.724,0.9906,0.99085,1.00,1.00
2016.12.02 15:13:20.008,0.99064,0.99085,1.00,1.00
2016.12.02 15:13:20.244,0.9906,0.99085,1.00,1.00
2016.12.02 15:13:21.325,0.99064,0.99085,1.00,1.00
2016.12.02 15:13:21.776,0.99064,0.99088,1.50,1.00
2016.12.02 15:13:22.339,0.99063,0.99091,1.75,2.25
2016.12.02 15:13:24.053,0.99064,0.99091,2.25,2.25
2016.12.02 15:13:24.576,0.99063,0.99085,1.00,1.00
2016.12.02 15:13:25.106,0.99062,0.99085,1.00,1.00
2016.12.02 15:13:25.656,0.99062,0.99089,1.12,1.75
2016.12.02 15:13:26.324,0.99064,0.99091,1.00,1.75
2016.12.02 15:13:26.525,0.99062,0.99092,1.12,1.75
2016.12.02 15:13:26.732,0.99063,0.99092,3.00,1.75
2016.12.02 15:13:26.783,0.99065,0.99093,1.75,1.50
2016.12.02 15:13:26.934,0.99067,0.99093,1.50,1.00
2016.12.02 15:13:27.135,0.99065,0.99092,1.75,1.37
2016.12.02 15:13:27.186,0.99064,0.99092,1.75,1.75
2016.12.02 15:13:27.988,0.99068,0.99093,1.87,1.75
2016.12.02 15:13:28.189,0.99069,0.99099,1.75,1.75
2016.12.02 15:13:28.240,0.99069,0.99095,1.75,1.00
2016.12.02 15:13:29.850,0.99066,0.99095,2.62,1.37
2016.12.02 15:13:29.900,0.99064,0.99093,2.25,1.12
2016.12.02 15:13:29.951,0.99064,0.99093,2.25,1.37
2016.12.02 15:13:30.001,0.99064,0.99089,2.25,1.00
2016.12.02 15:13:30.153,0.99064,0.99095,1.50,2.62
2016.12.02 15:13:30.203,0.99064,0.99096,1.75,2.25
2016.12.02 15:13:30.354,0.99067,0.99096,1.37,1.75
2016.12.02 15:13:30.751,0.99074,0.99097,1.37,1.37
2016.12.02 15:13:30.801,0.99074,0.99104,2.25,3.37
2016.12.02 15:13:30.903,0.99076,0.99101,1.00,1.00
2016.12.02 15:13:31.056,0.99071,0.991,1.75,1.37
2016.12.02 15:13:31.106,0.99071,0.991,1.50,1.75
2016.12.02 15:13:33.772,0.99065,0.99095,3.37,1.37
2016.12.02 15:13:33.823,0.99065,0.99095,1.75,1.75
2016.12.02 15:13:34.024,0.99064,0.99097,3.00,1.75
2016.12.02 15:13:34.226,0.99064,0.9909,1.75,1.00
2016.12.02 15:13:34.498,0.99059,0.9909,2.25,1.75
2016.12.02 15:13:34.554,0.99056,0.99087,3.37,1.50
2016.12.02 15:13:34.694,0.99056,0.99087,1.75,2.85
2016.12.02 15:13:34.845,0.99053,0.99085,3.37,1.75
2016.12.02 15:13:35.248,0.99051,0.99082,2.25,1.75
2016.12.02 15:13:35.299,0.99054,0.99079,1.00,1.00
2016.12.02 15:13:35.350,0.99051,0.9908,1.75,1.75
2016.12.02 15:13:35.400,0.99049,0.9908,2.85,1.75
2016.12.02 15:13:35.551,0.9905,0.99077,1.50,1.12
2016.12.02 15:13:35.804,0.9905,0.99077,1.50,1.75
2016.12.02 15:13:36.164,0.99052,0.99077,1.37,1.37
2016.12.02 15:13:36.215,0.99054,0.99077,1.00,1.00
2016.12.02 15:13:36.265,0.99052,0.99077,1.75,1.00
2016.12.02 15:13:36.417,0.99051,0.99076,1.75,1.00
2016.12.02 15:13:36.518,0.99049,0.99076,1.75,1.50
2016.12.02 15:13:36.977,0.99054,0.99079,1.00,1.75
2016.12.02 15:13:37.766,0.99054,0.99076,1.00,1.50
2016.12.02 15:13:38.552,0.99048,0.99076,2.25,1.75
2016.12.02 15:13:38.873,0.99046,0.99076,1.75,3.37
2016.12.02 15:13:39.418,0.99044,0.99072,1.75,1.75
2016.12.02 15:13:40.571,0.99046,0.99073,1.50,1.37
2016.12.02 15:13:40.621,0.99049,0.99073,1.00,1.00
2016.12.02 15:13:40.772,0.99049,0.9908,1.50,3.37
2016.12.02 15:13:40.823,0.99051,0.99076,1.00,1.00
2016.12.02 15:13:40.873,0.99049,0.99077,2.25,1.75
2016.12.02 15:13:41.411,0.99049,0.99079,1.75,1.75
2016.12.02 15:13:41.461,0.99049,0.99079,2.25,1.50
2016.12.02 15:13:41.512,0.99049,0.99079,1.75,1.75
2016.12.02 15:13:41.816,0.99049,0.99073,1.50,1.00
2016.12.02 15:13:42.125,0.99049,0.99078,1.75,1.75
2016.12.02 15:13:42.431,0.99048,0.99077,1.50,1.75
2016.12.02 15:13:42.482,0.99047,0.99074,2.25,1.00
2016.12.02 15:13:42.677,0.99047,0.99076,1.75,2.25
2016.12.02 15:13:42.728,0.99047,0.99076,1.50,2.25
2016.12.02 15:13:42.880,0.99047,0.99078,1.50,3.37
2016.12.02 15:13:43.402,0.99046,0.99078,1.75,1.75
2016.12.02 15:13:43.654,0.99046,0.99076,1.50,1.75
2016.12.02 15:13:43.963,0.99048,0.99079,1.12,3.37
2016.12.02 15:13:44.013,0.99049,0.99074,1.37,1.00
2016.12.02 15:13:44.519,0.99049,0.99074,1.50,1.00
2016.12.02 15:13:44.620,0.99044,0.99074,1.75,1.75
2016.12.02 15:13:44.722,0.99046,0.99074,1.75,1.50
2016.12.02 15:13:45.029,0.99048,0.99074,1.00,1.75
2016.12.02 15:13:45.482,0.99045,0.99074,1.50,1.75
2016.12.02 15:13:45.583,0.99044,0.99074,2.25,2.62
2016.12.02 15:13:45.633,0.99044,0.99073,1.37,1.75
2016.12.02 15:13:45.684,0.99044,0.9907,1.37,1.00
2016.12.02 15:13:46.086,0.99044,0.99076,3.00,1.75
2016.12.02 15:13:46.359,0.99044,0.99074,2.25,1.75
2016.12.02 15:13:46.990,0.99044,0.99076,1.50,1.75
2016.12.02 15:13:47.293,0.99046,0.99073,2.25,1.00
2016.12.02 15:13:48.290,0.99044,0.99075,3.00,1.75
2016.12.02 15:13:48.341,0.99047,0.99071,1.00,1.00
2016.12.02 15:13:48.391,0.99042,0.99073,1.75,1.75
2016.12.02 15:13:48.492,0.99041,0.99071,1.75,1.75
2016.12.02 15:13:48.593,0.99043,0.99071,1.00,1.75
2016.12.02 15:13:49.122,0.99041,0.99071,1.75,1.75
2016.12.02 15:13:49.172,0.99041,0.9907,1.75,1.50
2016.12.02 15:13:50.479,0.99041,0.99066,1.75,1.00
2016.12.02 15:13:50.580,0.99044,0.99071,1.12,1.75
2016.12.02 15:13:50.780,0.99041,0.99066,1.75,1.00
2016.12.02 15:13:51.384,0.99044,0.99071,1.12,1.75
2016.12.02 15:13:51.746,0.99044,0.99071,1.75,1.50
2016.12.02 15:13:52.049,0.99043,0.99066,1.00,1.00
2016.12.02 15:13:52.162,0.99041,0.99066,1.00,1.00
2016.12.02 15:13:52.635,0.99039,0.9907,1.75,1.75
2016.12.02 15:13:53.047,0.9904,0.99065,1.00,1.00
2016.12.02 15:13:53.350,0.99044,0.99069,1.00,1.00
2016.12.02 15:13:53.451,0.99043,0.99072,1.12,4.12
2016.12.02 15:13:53.552,0.99039,0.99071,1.75,1.75
2016.12.02 15:13:53.815,0.99042,0.99067,1.00,1.00
2016.12.02 15:13:54.745,0.99039,0.99069,1.75,1.75
2016.12.02 15:13:55.056,0.99039,0.99071,2.25,2.25
2016.12.02 15:13:55.750,0.99041,0.99065,1.00,1.00
2016.12.02 15:13:55.851,0.99038,0.99067,1.37,1.75
2016.12.02 15:13:56.228,0.99038,0.99069,1.87,1.75
2016.12.02 15:13:56.278,0.99041,0.99066,1.00,1.00
2016.12.02 15:13:58.065,0.9904,0.99067,1.75,1.12
2016.12.02 15:13:58.386,0.99034,0.99062,1.75,1.87
2016.12.02 15:13:58.870,0.99035,0.99062,3.37,1.00
2016.12.02 15:13:59.026,0.99035,0.99062,1.75,1.12
2016.12.02 15:13:59.127,0.99033,0.99061,1.75,1.37
2016.12.02 15:13:59.543,0.99034,0.99056,1.00,1.00
2016.12.02 15:13:59.851,0.9903,0.99056,2.62,1.00
2016.12.02 15:13:59.952,0.99034,0.9906,1.00,2.10
2016.12.02 15:14:00.054,0.99033,0.99062,1.75,3.00
2016.12.02 15:14:00.155,0.99033,0.99062,2.25,2.10
2016.12.02 15:14:00.458,0.99039,0.99062,1.00,1.35
2016.12.02 15:14:00.558,0.99039,0.99065,1.00,1.75
2016.12.02 15:14:00.746,0.99036,0.99066,4.12,1.37
2016.12.02 15:14:00.847,0.99039,0.99066,1.37,1.75
2016.12.02 15:14:02.022,0.99034,0.99062,2.62,1.00
2016.12.02 15:14:02.173,0.99031,0.9906,1.75,1.75
2016.12.02 15:14:02.876,0.99033,0.99062,1.50,4.12
2016.12.02 15:14:02.977,0.99036,0.99061,1.00,1.00
2016.12.02 15:14:03.553,0.99031,0.99062,2.25,2.25
2016.12.02 15:14:04.111,0.99031,0.99062,1.75,3.00
2016.12.02 15:14:04.645,0.99031,0.9906,1.75,1.75
2016.12.02 15:14:04.696,0.99031,0.9906,1.50,1.75
2016.12.02 15:14:04.997,0.99033,0.99061,1.75,1.75
2016.12.02 15:14:05.199,0.99034,0.99058,1.00,1.00
2016.12.02 15:14:05.350,0.99034,0.99064,1.87,3.37
2016.12.02 15:14:05.400,0.99034,0.99064,2.25,1.75
2016.12.02 15:14:06.055,0.99031,0.99057,1.75,1.00
2016.12.02 15:14:06.216,0.99032,0.99057,1.50,1.50
2016.12.02 15:14:06.367,0.99032,0.99057,1.75,1.00
2016.12.02 15:14:06.568,0.99032,0.99057,1.00,1.00
2016.12.02 15:14:06.619,0.99032,0.99054,1.00,1.00
2016.12.02 15:14:06.669,0.99025,0.99052,1.75,1.12
2016.12.02 15:14:06.770,0.99024,0.99053,1.37,3.37
2016.12.02 15:14:06.971,0.99024,0.99051,2.25,1.37
2016.12.02 15:14:07.664,0.99028,0.99055,1.37,2.10
2016.12.02 15:14:08.173,0.99028,0.99055,1.75,1.35
2016.12.02 15:14:08.856,0.99026,0.99052,2.25,1.00
2016.12.02 15:14:09.776,0.99026,0.99056,2.25,1.75
2016.12.02 15:14:09.978,0.99026,0.9905,1.00,1.00
2016.12.02 15:14:10.506,0.99027,0.9905,1.00,1.00
2016.12.02 15:14:10.756,0.99025,0.9905,1.00,1.00
2016.12.02 15:14:11.781,0.99022,0.99051,1.75,1.75
2016.12.02 15:14:12.175,0.99023,0.99051,2.25,1.50
2016.12.02 15:14:12.226,0.99023,0.99051,2.25,1.50
2016.12.02 15:14:13.391,0.99024,0.99048,1.00,1.00
2016.12.02 15:14:14.004,0.99023,0.99051,1.50,2.25
2016.12.02 15:14:14.313,0.99023,0.99051,1.75,1.75
2016.12.02 15:14:14.615,0.99025,0.99056,1.75,2.25
2016.12.02 15:14:14.717,0.99029,0.99056,1.75,1.75
2016.12.02 15:14:14.817,0.99032,0.99056,1.00,1.50
2016.12.02 15:14:15.352,0.99032,0.99055,1.00,1.00
2016.12.02 15:14:15.554,0.99032,0.99052,1.00,1.00
2016.12.02 15:14:15.656,0.99032,0.99055,1.00,1.00
2016.12.02 15:14:16.075,0.99032,0.99053,1.00,1.00
2016.12.02 15:14:16.126,0.99029,0.99053,1.00,1.50
2016.12.02 15:14:16.277,0.99028,0.99051,1.00,1.00
2016.12.02 15:14:16.612,0.99024,0.99048,1.75,1.00
2016.12.02 15:14:17.153,0.99024,0.99051,1.75,1.50
2016.12.02 15:14:17.636,0.99024,0.9905,1.50,1.50
2016.12.02 15:14:18.037,0.99024,0.99048,1.00,1.00
2016.12.02 15:14:18.087,0.99024,0.99051,2.62,1.37
2016.12.02 15:14:18.138,0.9903,0.99051,1.00,1.00
2016.12.02 15:14:18.541,0.9903,0.99054,1.00,1.50
2016.12.02 15:14:18.642,0.99027,0.99054,1.75,1.00
2016.12.02 15:14:18.957,0.99027,0.99052,1.00,1.50
2016.12.02 15:14:19.494,0.99026,0.99053,1.75,1.37
2016.12.02 15:14:19.544,0.9903,0.99054,1.00,1.00
2016.12.02 15:14:19.645,0.99029,0.99054,1.75,1.00
2016.12.02 15:14:19.844,0.99029,0.99057,1.75,1.37
2016.12.02 15:14:20.484,0.99029,0.99055,1.75,1.00
2016.12.02 15:14:20.692,0.99027,0.99053,2.62,1.12
2016.12.02 15:14:20.743,0.99028,0.99053,1.00,1.50
2016.12.02 15:14:21.208,0.99027,0.99056,1.75,1.75
2016.12.02 15:14:21.258,0.9903,0.99055,1.00,1.00
2016.12.02 15:14:21.927,0.99027,0.99056,2.62,1.12
2016.12.02 15:14:22.365,0.99026,0.99055,1.75,1.75
2016.12.02 15:14:23.095,0.99029,0.99056,1.75,1.37
2016.12.02 15:14:23.731,0.99027,0.99058,2.62,2.25
2016.12.02 15:14:23.877,0.99025,0.99058,1.75,2.25
2016.12.02 15:14:24.212,0.9903,0.9906,1.87,2.62
2016.12.02 15:14:24.263,0.9903,0.99061,2.25,1.75
2016.12.02 15:14:24.313,0.99029,0.99059,2.62,1.75
2016.12.02 15:14:24.364,0.99028,0.99059,3.00,1.75
2016.12.02 15:14:24.465,0.99033,0.99058,1.00,1.50
2016.12.02 15:14:24.515,0.99028,0.99058,1.75,1.50
2016.12.02 15:14:24.566,0.99031,0.99056,1.00,1.00
2016.12.02 15:14:24.767,0.99028,0.9906,1.75,4.12
2016.12.02 15:14:26.477,0.99029,0.9906,1.75,1.75
2016.12.02 15:14:27.223,0.99029,0.99057,1.50,1.75
2016.12.02 15:14:27.274,0.99029,0.99054,1.50,1.00
2016.12.02 15:14:27.325,0.99024,0.99055,2.25,1.75
2016.12.02 15:14:27.375,0.99027,0.99052,1.00,1.00
2016.12.02 15:14:27.426,0.99025,0.99056,1.75,2.25
2016.12.02 15:14:27.927,0.99029,0.99053,1.50,1.00
2016.12.02 15:14:28.430,0.99029,0.99052,1.00,1.00
2016.12.02 15:14:29.222,0.99028,0.99052,1.00,1.00
2016.12.02 15:14:29.526,0.99034,0.99052,1.00,1.00
2016.12.02 15:14:30.821,0.99033,0.99052,1.00,1.00
2016.12.02 15:14:31.379,0.99034,0.99052,1.00,1.00
2016.12.02 15:14:31.915,0.99034,0.99058,1.00,1.75
2016.12.02 15:14:32.626,0.99033,0.99057,1.00,1.75
2016.12.02 15:14:33.589,0.99034,0.99057,1.00,1.75
2016.12.02 15:14:34.191,0.99033,0.99057,1.00,1.75
2016.12.02 15:14:34.543,0.99033,0.99054,1.00,1.75
2016.12.02 15:14:35.210,0.99034,0.99051,1.00,1.00
2016.12.02 15:14:37.205,0.99033,0.99051,1.00,1.00
2016.12.02 15:14:37.714,0.99034,0.99051,1.00,1.00
2016.12.02 15:14:38.039,0.99034,0.99049,1.00,1.00
2016.12.02 15:14:38.402,0.99029,0.99052,1.00,2.62
2016.12.02 15:14:38.457,0.99029,0.99052,1.00,1.75
2016.12.02 15:14:38.709,0.99025,0.99052,1.00,2.62
2016.12.02 15:14:38.810,0.99024,0.99052,1.37,1.75
2016.12.02 15:14:38.911,0.99029,0.99052,1.00,1.75
2016.12.02 15:14:39.547,0.99021,0.99052,2.25,1.75
2016.12.02 15:14:40.714,0.99029,0.99052,1.00,2.25
2016.12.02 15:14:41.283,0.99029,0.9905,1.00,1.75
2016.12.02 15:14:41.635,0.99023,0.99051,1.75,1.75
2016.12.02 15:14:41.837,0.99023,0.99047,1.00,1.00
2016.12.02 15:14:42.040,0.99028,0.9905,1.00,1.37
2016.12.02 15:14:42.091,0.99028,0.9905,1.00,1.00
2016.12.02 15:14:42.809,0.99025,0.99049,1.00,1.00
2016.12.02 15:14:43.120,0.99029,0.99053,1.00,2.62
2016.12.02 15:14:43.221,0.99029,0.99054,1.00,2.25
2016.12.02 15:14:45.462,0.99029,0.99053,1.00,1.75
2016.12.02 15:14:45.716,0.99023,0.99052,1.75,2.25
2016.12.02 15:14:45.767,0.99023,0.99049,1.37,1.75
2016.12.02 15:14:46.089,0.99029,0.99045,1.00,1.00
2016.12.02 15:14:46.197,0.99029,0.99048,1.00,1.00
2016.12.02 15:14:46.621,0.99024,0.99048,1.00,1.00
2016.12.02 15:14:47.345,0.99028,0.99048,1.00,1.00
2016.12.02 15:14:47.547,0.99023,0.99048,1.50,1.00
2016.12.02 15:14:47.849,0.99024,0.99053,1.37,1.75
2016.12.02 15:14:47.901,0.99025,0.9905,1.00,1.00
2016.12.02 15:14:47.952,0.99029,0.9905,1.00,1.00
2016.12.02 15:14:48.455,0.99028,0.9905,1.00,1.00
2016.12.02 15:14:49.538,0.99029,0.9905,1.00,1.00
2016.12.02 15:14:51.728,0.99029,0.99054,1.50,1.00
2016.12.02 15:14:51.779,0.99029,0.99056,1.12,1.75
2016.12.02 15:14:52.495,0.99029,0.99056,1.50,1.75
2016.12.02 15:14:52.858,0.99029,0.99055,1.37,1.75
2016.12.02 15:14:53.230,0.99029,0.99055,1.00,3.37
2016.12.02 15:14:53.711,0.99029,0.99056,1.00,2.25
2016.12.02 15:14:54.366,0.99029,0.99054,1.00,1.75
2016.12.02 15:14:54.919,0.99029,0.99056,1.12,1.75
2016.12.02 15:14:55.295,0.99029,0.99054,1.00,1.75
2016.12.02 15:14:55.837,0.99028,0.99054,1.00,1.75
2016.12.02 15:14:56.039,0.99028,0.99055,1.12,1.75
2016.12.02 15:14:56.392,0.99028,0.99054,1.12,1.75
2016.12.02 15:14:56.969,0.99028,0.99054,1.00,1.75
2016.12.02 15:14:57.360,0.99028,0.99051,1.00,1.75
2016.12.02 15:14:57.673,0.99034,0.99049,1.00,1.00
2016.12.02 15:14:57.774,0.99028,0.99049,1.00,1.00
2016.12.02 15:14:58.273,0.99024,0.99054,1.50,1.75
2016.12.02 15:14:58.424,0.99023,0.99052,2.25,1.75
2016.12.02 15:15:00.630,0.99024,0.99047,1.00,1.00
2016.12.02 15:15:00.982,0.99028,0.99051,1.00,2.85
2016.12.02 15:15:01.033,0.99028,0.9905,1.00,1.30
2016.12.02 15:15:01.084,0.99028,0.9905,1.00,1.67
2016.12.02 15:15:02.687,0.99025,0.99053,1.12,1.75
2016.12.02 15:15:02.738,0.99027,0.99055,1.00,2.62
2016.12.02 15:15:02.839,0.99029,0.99058,1.00,4.12
2016.12.02 15:15:02.940,0.99029,0.99058,1.75,2.25
2016.12.02 15:15:04.974,0.99026,0.99056,1.75,2.25
2016.12.02 15:15:05.175,0.99025,0.99049,1.00,1.00
2016.12.02 15:15:05.276,0.99025,0.99055,1.50,3.37
2016.12.02 15:15:05.377,0.99025,0.99055,1.75,1.75
2016.12.02 15:15:06.271,0.99031,0.99061,1.75,2.25
2016.12.02 15:15:06.573,0.99033,0.99057,1.00,1.75
2016.12.02 15:15:06.674,0.99033,0.99056,1.00,1.00
2016.12.02 15:15:06.885,0.99034,0.99056,1.00,1.50
2016.12.02 15:15:07.234,0.99034,0.99056,1.00,1.75
2016.12.02 15:15:07.485,0.99034,0.9906,1.00,2.25
2016.12.02 15:15:07.787,0.99034,0.9906,1.12,1.75
2016.12.02 15:15:08.729,0.99032,0.99062,1.75,1.75
2016.12.02 15:15:08.780,0.99032,0.99062,1.75,1.75
2016.12.02 15:15:08.981,0.99039,0.99066,1.12,3.00
2016.12.02 15:15:09.330,0.99044,0.99068,1.00,1.75
2016.12.02 15:15:09.582,0.99044,0.99066,1.00,1.00
2016.12.02 15:15:10.958,0.99044,0.99069,1.12,1.67
2016.12.02 15:15:11.160,0.99044,0.99069,1.00,2.85
2016.12.02 15:15:11.210,0.9904,0.99069,1.50,2.85
2016.12.02 15:15:11.413,0.99044,0.99068,1.00,1.35
2016.12.02 15:15:11.875,0.99043,0.99072,1.50,2.25
2016.12.02 15:15:11.933,0.99049,0.99071,1.00,1.75
2016.12.02 15:15:12.170,0.99044,0.99071,1.12,1.75
2016.12.02 15:15:12.695,0.99043,0.99067,1.00,1.00
2016.12.02 15:15:12.796,0.99043,0.99067,1.00,1.50
2016.12.02 15:15:13.387,0.99044,0.99067,1.00,1.75
2016.12.02 15:15:14.083,0.99044,0.99071,1.50,1.75
2016.12.02 15:15:14.183,0.99049,0.99072,1.00,2.62
2016.12.02 15:15:14.284,0.99049,0.99076,1.12,1.75
2016.12.02 15:15:14.688,0.99046,0.99072,1.75,2.47
2016.12.02 15:15:14.889,0.99045,0.99068,1.50,1.60
2016.12.02 15:15:14.999,0.99041,0.99067,1.50,1.67
2016.12.02 15:15:15.201,0.99039,0.99064,1.50,1.00
2016.12.02 15:15:15.517,0.99039,0.99066,1.00,2.25
2016.12.02 15:15:16.272,0.99039,0.99063,1.50,1.30
2016.12.02 15:15:18.122,0.99039,0.99066,1.75,2.10
2016.12.02 15:15:22.011,0.99039,0.99066,1.37,2.10
2016.12.02 15:15:22.112,0.99039,0.99066,1.12,2.10
2016.12.02 15:15:22.213,0.99039,0.99067,3.60,1.75
2016.12.02 15:15:22.515,0.99049,0.99073,1.00,1.35
2016.12.02 15:15:22.616,0.99049,0.99073,1.00,1.35
2016.12.02 15:15:23.502,0.99048,0.99077,1.12,3.97
2016.12.02 15:15:23.603,0.99049,0.99077,1.12,2.10
2016.12.02 15:15:23.887,0.99048,0.99075,1.50,1.35
2016.12.02 15:15:24.139,0.99045,0.9907,1.00,1.00
2016.12.02 15:15:24.493,0.99049,0.9907,1.00,1.00
2016.12.02 15:15:24.593,0.99046,0.9907,1.00,1.00
2016.12.02 15:15:24.748,0.99046,0.99071,1.75,1.12
2016.12.02 15:15:25.252,0.99047,0.99071,1.00,1.00
2016.12.02 15:15:25.778,0.99045,0.99071,1.50,1.37
2016.12.02 15:15:26.227,0.99049,0.99076,2.25,2.10
2016.12.02 15:15:28.555,0.99049,0.99076,1.75,1.75
2016.12.02 15:15:28.656,0.99051,0.99075,1.00,1.00
2016.12.02 15:15:29.025,0.99049,0.99074,1.12,1.35
2016.12.02 15:15:29.327,0.99049,0.99074,1.50,1.30
2016.12.02 15:15:29.428,0.99049,0.99074,1.50,1.67
2016.12.02 15:15:29.845,0.99048,0.99077,3.00,1.50
2016.12.02 15:15:30.025,0.99049,0.99074,1.50,1.00
2016.12.02 15:15:31.033,0.99049,0.99075,1.00,1.75
2016.12.02 15:15:31.134,0.99049,0.99076,1.12,1.75
2016.12.02 15:15:31.234,0.99049,0.99076,1.75,1.50
2016.12.02 15:15:31.335,0.99049,0.99076,1.12,1.75
2016.12.02 15:15:31.646,0.99054,0.99078,1.00,1.75
2016.12.02 15:15:31.848,0.99048,0.99077,2.25,1.75
2016.12.02 15:15:32.360,0.99045,0.99074,1.75,1.75
2016.12.02 15:15:32.763,0.99043,0.99072,1.75,1.75
2016.12.02 15:15:32.916,0.99043,0.99067,1.50,1.00
2016.12.02 15:15:32.967,0.99043,0.99071,2.25,1.75
2016.12.02 15:15:33.371,0.99044,0.99075,2.25,2.25
2016.12.02 15:15:33.963,0.99043,0.99071,1.75,1.75
2016.12.02 15:15:34.265,0.99044,0.99072,1.75,1.50
2016.12.02 15:15:34.789,0.99049,0.99073,1.00,2.25
2016.12.02 15:15:35.300,0.99049,0.99074,1.00,1.75
2016.12.02 15:15:35.930,0.99044,0.99071,2.25,1.50
2016.12.02 15:15:36.999,0.99042,0.99067,2.62,1.00
2016.12.02 15:15:37.049,0.9904,0.99067,1.75,1.12
2016.12.02 15:15:37.150,0.9904,0.99069,1.50,1.75
2016.12.02 15:15:37.251,0.99041,0.9907,1.75,1.75
2016.12.02 15:15:37.352,0.99041,0.99072,1.75,3.00
2016.12.02 15:15:38.459,0.99041,0.99066,1.75,1.00
2016.12.02 15:15:38.877,0.99042,0.99066,1.00,1.00
2016.12.02 15:15:38.978,0.99039,0.99066,1.75,1.37
2016.12.02 15:15:39.492,0.99039,0.99066,1.50,1.75
2016.12.02 15:15:40.264,0.99039,0.99066,1.12,1.75
2016.12.02 15:15:40.812,0.99038,0.99062,1.00,1.00
2016.12.02 15:15:41.877,0.99039,0.99062,1.00,1.00
2016.12.02 15:15:41.979,0.99039,0.99067,1.75,1.75
2016.12.02 15:15:42.281,0.99036,0.99061,2.25,1.00
2016.12.02 15:15:42.857,0.99037,0.99062,1.75,1.00
2016.12.02 15:15:43.159,0.99033,0.99061,1.75,2.10
2016.12.02 15:15:43.210,0.99032,0.99058,1.75,1.00
2016.12.02 15:15:43.311,0.99033,0.99061,1.75,1.50
2016.12.02 15:15:43.361,0.99035,0.99062,1.00,2.62
2016.12.02 15:15:43.563,0.9904,0.99066,1.00,1.50
2016.12.02 15:15:45.408,0.99036,0.99062,1.75,1.00
2016.12.02 15:15:45.600,0.99037,0.99062,1.00,1.00
2016.12.02 15:15:46.275,0.99036,0.99062,1.75,1.00
2016.12.02 15:15:46.577,0.99037,0.99061,1.67,1.12
2016.12.02 15:15:46.678,0.99037,0.99067,2.10,1.75
2016.12.02 15:15:46.879,0.99039,0.9907,1.87,1.75
2016.12.02 15:15:46.980,0.99043,0.99067,1.00,1.00
2016.12.02 15:15:49.254,0.99042,0.99067,1.00,2.25
2016.12.02 15:15:49.305,0.99038,0.99067,1.50,2.25
2016.12.02 15:15:49.808,0.99038,0.99066,1.75,1.75
2016.12.02 15:15:50.110,0.99034,0.99058,1.00,1.00
2016.12.02 15:15:50.422,0.99037,0.99067,1.75,1.75
2016.12.02 15:15:50.774,0.99037,0.99064,1.50,1.75
2016.12.02 15:15:50.880,0.99037,0.99064,1.12,1.75
2016.12.02 15:15:54.807,0.99038,0.99066,1.50,2.25
2016.12.02 15:15:55.396,0.99039,0.99066,1.00,3.37
2016.12.02 15:15:55.496,0.99033,0.99063,1.75,2.62
2016.12.02 15:15:56.072,0.99033,0.99063,1.37,1.75
2016.12.02 15:15:56.827,0.99035,0.9906,1.00,1.00
2016.12.02 15:15:58.305,0.99028,0.99059,3.97,1.75
2016.12.02 15:15:58.506,0.99031,0.99056,1.00,1.00
2016.12.02 15:15:58.707,0.99029,0.99054,1.50,1.00
2016.12.02 15:15:59.025,0.99028,0.99058,1.75,1.75
2016.12.02 15:15:59.340,0.99029,0.99061,2.25,1.75
2016.12.02 15:16:00.542,0.99029,0.99059,1.75,1.75
2016.12.02 15:16:01.415,0.99033,0.99058,1.00,1.00
2016.12.02 15:16:01.516,0.99035,0.99059,1.00,1.00
2016.12.02 15:16:02.439,0.99032,0.99061,2.62,1.12
2016.12.02 15:16:02.742,0.99034,0.99062,2.25,1.75
2016.12.02 15:16:03.051,0.99033,0.99064,2.25,1.75
2016.12.02 15:16:03.334,0.99034,0.99059,1.00,1.00
2016.12.02 15:16:03.536,0.99031,0.99059,1.35,1.12
2016.12.02 15:16:03.838,0.99034,0.99053,1.00,1.00
2016.12.02 15:16:03.889,0.99029,0.99053,1.00,1.00
2016.12.02 15:16:03.939,0.99029,0.9906,1.75,1.75
2016.12.02 15:16:04.149,0.99034,0.99061,1.50,1.75
2016.12.02 15:16:04.250,0.99034,0.99061,1.12,1.75
2016.12.02 15:16:04.640,0.99034,0.99059,1.00,1.75
2016.12.02 15:16:04.791,0.99029,0.99055,1.50,1.37
2016.12.02 15:16:04.841,0.99029,0.99055,1.00,1.75
2016.12.02 15:16:05.223,0.99034,0.99055,1.00,1.75
2016.12.02 15:16:05.525,0.99034,0.99053,1.00,1.00
2016.12.02 15:16:05.576,0.99029,0.99053,1.00,1.00
2016.12.02 15:16:05.627,0.99029,0.9906,1.75,1.75
2016.12.02 15:16:06.820,0.99025,0.99056,1.75,1.75
2016.12.02 15:16:07.514,0.99028,0.99057,1.75,1.75
2016.12.02 15:16:07.565,0.99028,0.99057,2.10,1.75
2016.12.02 15:16:07.666,0.99028,0.99057,2.10,1.75
2016.12.02 15:16:08.068,0.99034,0.99059,1.00,2.62
2016.12.02 15:16:08.119,0.99034,0.99056,1.00,1.00
2016.12.02 15:16:09.197,0.99033,0.99056,1.00,1.00
2016.12.02 15:16:09.785,0.99034,0.99056,1.00,1.00
2016.12.02 15:16:10.188,0.99031,0.99056,1.00,1.00
2016.12.02 15:16:10.339,0.99028,0.99057,1.75,1.75
2016.12.02 15:16:11.332,0.99029,0.99055,1.00,1.75
2016.12.02 15:16:12.221,0.99029,0.99055,1.37,1.37
2016.12.02 15:16:12.272,0.99034,0.99065,1.50,1.75
2016.12.02 15:16:12.323,0.99034,0.99065,2.25,1.75
2016.12.02 15:16:12.625,0.99039,0.99065,1.00,1.75
2016.12.02 15:16:13.871,0.99039,0.99067,1.50,1.75
2016.12.02 15:16:14.074,0.99039,0.99069,1.75,1.75
2016.12.02 15:16:14.376,0.99044,0.99071,1.00,3.00
2016.12.02 15:16:14.734,0.99044,0.99067,1.00,1.75
2016.12.02 15:16:15.486,0.99044,0.99067,1.00,1.50
2016.12.02 15:16:15.801,0.99044,0.99067,1.00,1.75
2016.12.02 15:16:16.066,0.99038,0.99067,1.75,2.25
2016.12.02 15:16:16.177,0.99044,0.99067,1.00,1.75
2016.12.02 15:16:16.708,0.99038,0.99067,1.75,2.25
2016.12.02 15:16:17.865,0.99039,0.99066,1.12,1.75
2016.12.02 15:16:18.740,0.99039,0.99066,2.10,1.37
2016.12.02 15:16:18.791,0.99039,0.99069,1.35,2.25
2016.12.02 15:16:18.892,0.99038,0.99067,1.75,1.75
2016.12.02 15:16:19.218,0.99038,0.99067,1.50,3.00
2016.12.02 15:16:21.375,0.99038,0.99064,1.12,2.10
2016.12.02 15:16:22.593,0.99037,0.99066,1.35,3.37
2016.12.02 15:16:22.733,0.99039,0.99064,2.10,1.00
2016.12.02 15:16:22.784,0.99039,0.99064,1.50,1.00
2016.12.02 15:16:22.985,0.99039,0.99066,1.75,1.37
2016.12.02 15:16:23.287,0.99039,0.99066,1.00,2.25
2016.12.02 15:16:23.596,0.99039,0.99065,1.00,1.75
2016.12.02 15:16:23.974,0.99039,0.99066,1.12,3.00
2016.12.02 15:16:24.417,0.99041,0.99066,2.10,1.75
2016.12.02 15:16:24.568,0.99043,0.99071,1.60,2.25
2016.12.02 15:16:25.077,0.99043,0.99071,1.50,2.10
2016.12.02 15:16:25.178,0.99046,0.99073,1.72,1.75
2016.12.02 15:16:25.729,0.99049,0.99073,1.00,1.75
2016.12.02 15:16:26.389,0.99049,0.99076,1.75,1.75
2016.12.02 15:16:26.798,0.99049,0.99073,1.00,1.00
2016.12.02 15:16:27.546,0.9905,0.99073,1.00,1.00
2016.12.02 15:16:27.596,0.9905,0.9908,1.75,2.25
2016.12.02 15:16:28.882,0.99054,0.99079,1.00,1.00
2016.12.02 15:16:29.134,0.99059,0.99079,1.00,1.00
2016.12.02 15:16:29.285,0.99059,0.99081,1.00,1.00
2016.12.02 15:16:29.336,0.99056,0.99081,1.00,1.00
2016.12.02 15:16:29.605,0.99054,0.99076,1.00,1.00
2016.12.02 15:16:29.911,0.99059,0.99079,1.00,1.00
2016.12.02 15:16:30.012,0.99053,0.99081,1.12,1.75
2016.12.02 15:16:30.213,0.99053,0.99078,1.00,1.75
2016.12.02 15:16:30.415,0.99053,0.9908,1.12,1.75
2016.12.02 15:16:31.109,0.99051,0.9908,1.75,1.75
2016.12.02 15:16:31.449,0.99051,0.99076,1.50,1.12
2016.12.02 15:16:32.005,0.99053,0.99082,1.75,2.25
2016.12.02 15:16:32.344,0.99059,0.99082,1.00,2.25
2016.12.02 15:16:33.103,0.99055,0.99082,1.12,1.75
2016.12.02 15:16:34.923,0.99052,0.99082,1.72,1.75
2016.12.02 15:16:35.125,0.99055,0.99082,1.50,1.75
2016.12.02 15:16:35.471,0.99055,0.99081,1.75,1.37
2016.12.02 15:16:36.027,0.99059,0.99085,1.00,2.25
2016.12.02 15:16:36.621,0.99054,0.99078,1.50,1.00
2016.12.02 15:16:36.722,0.99054,0.9908,1.75,1.50
2016.12.02 15:16:37.625,0.9905,0.99081,2.25,1.75
2016.12.02 15:16:37.950,0.9905,0.99082,2.85,2.25
2016.12.02 15:16:38.000,0.99052,0.99082,1.75,2.25
2016.12.02 15:16:39.232,0.99056,0.99081,1.75,1.50
2016.12.02 15:16:39.734,0.99055,0.99081,1.75,1.00
2016.12.02 15:16:40.514,0.99057,0.99081,2.85,1.00
2016.12.02 15:16:41.327,0.99057,0.99086,2.25,1.75
2016.12.02 15:16:41.428,0.99057,0.99086,2.25,1.37
2016.12.02 15:16:42.238,0.9906,0.99084,1.00,1.00
2016.12.02 15:16:42.540,0.9906,0.99081,1.00,1.00
2016.12.02 15:16:42.741,0.99056,0.99085,1.75,1.75
2016.12.02 15:16:42.842,0.99054,0.99085,1.50,3.37
2016.12.02 15:16:43.141,0.9905,0.99072,1.35,1.00
2016.12.02 15:16:43.545,0.99049,0.99072,1.75,1.00
2016.12.02 15:16:44.048,0.99048,0.99072,1.67,1.12
2016.12.02 15:16:44.451,0.99044,0.99074,2.25,1.75
2016.12.02 15:16:45.552,0.99051,0.99074,1.00,1.50
2016.12.02 15:16:45.870,0.9905,0.99079,1.75,1.75
2016.12.02 15:16:46.543,0.99054,0.99079,1.00,1.00
2016.12.02 15:16:46.644,0.99055,0.99082,1.75,2.25
2016.12.02 15:16:47.042,0.99055,0.99082,1.12,1.75
2016.12.02 15:16:47.352,0.99055,0.99084,1.75,3.00
2016.12.02 15:16:47.618,0.99055,0.99079,1.00,1.00
2016.12.02 15:16:48.166,0.99053,0.99081,1.50,1.75
2016.12.02 15:16:48.267,0.99051,0.99082,1.75,1.75
2016.12.02 15:16:48.569,0.99055,0.99081,1.75,1.12
2016.12.02 15:16:48.890,0.99054,0.99081,1.50,1.75
2016.12.02 15:16:49.461,0.99051,0.99076,1.75,1.00
2016.12.02 15:16:49.663,0.99054,0.99082,1.75,1.75
2016.12.02 15:16:49.723,0.99059,0.99082,1.00,1.75
2016.12.02 15:16:49.899,0.99057,0.99085,1.75,1.87
2016.12.02 15:16:49.950,0.99054,0.99083,1.87,3.37
2016.12.02 15:16:50.051,0.99054,0.99083,2.25,1.75
2016.12.02 15:16:51.004,0.9906,0.99083,1.00,1.75
2016.12.02 15:16:51.055,0.9906,0.99087,1.12,1.75
2016.12.02 15:16:51.156,0.9906,0.99087,1.50,1.75
2016.12.02 15:16:51.551,0.99058,0.99087,2.25,3.00
2016.12.02 15:16:52.603,0.9906,0.99088,1.00,2.62
2016.12.02 15:16:52.654,0.9906,0.99089,1.37,1.75
2016.12.02 15:16:53.349,0.99061,0.9909,1.75,2.25
2016.12.02 15:16:53.651,0.99063,0.99093,2.25,2.25
2016.12.02 15:16:54.284,0.99065,0.99093,1.75,1.75
2016.12.02 15:16:54.385,0.99064,0.99089,1.00,1.00
2016.12.02 15:16:54.889,0.99064,0.99091,1.00,1.75
2016.12.02 15:16:55.047,0.99064,0.99091,1.12,1.75
2016.12.02 15:16:56.204,0.99064,0.99095,1.75,1.75
2016.12.02 15:16:56.984,0.99061,0.99089,1.75,1.50
2016.12.02 15:16:57.088,0.99062,0.99086,1.00,1.00
2016.12.02 15:16:57.189,0.9906,0.99085,1.00,1.00
2016.12.02 15:16:58.285,0.99063,0.99088,1.00,1.00
2016.12.02 15:16:58.890,0.99058,0.99089,2.25,1.75
2016.12.02 15:16:59.498,0.99055,0.99081,1.75,1.12
2016.12.02 15:16:59.700,0.99053,0.99082,1.50,2.25
2016.12.02 15:17:00.290,0.99053,0.99082,3.00,1.75
2016.12.02 15:17:00.391,0.99055,0.99082,2.25,1.00
2016.12.02 15:17:00.492,0.99056,0.99087,2.25,2.25
2016.12.02 15:17:00.795,0.99054,0.99082,1.75,1.75
2016.12.02 15:17:00.896,0.99058,0.99081,1.00,1.00
2016.12.02 15:17:01.605,0.99056,0.99081,1.75,1.00
2016.12.02 15:17:01.884,0.99056,0.99081,2.25,1.00
2016.12.02 15:17:02.186,0.99055,0.9908,1.00,1.00
2016.12.02 15:17:02.589,0.99058,0.99081,1.00,1.00
2016.12.02 15:17:03.512,0.99058,0.99082,1.00,1.00
2016.12.02 15:17:04.135,0.99058,0.99081,1.00,1.00
2016.12.02 15:17:07.888,0.99055,0.99081,1.75,1.37
2016.12.02 15:17:08.089,0.99055,0.99082,1.75,1.12
2016.12.02 15:17:08.190,0.99053,0.99082,1.75,1.75
2016.12.02 15:17:09.316,0.9905,0.99082,1.75,1.75
2016.12.02 15:17:09.625,0.99048,0.99079,3.00,1.75
2016.12.02 15:17:09.952,0.99049,0.99082,1.75,2.25
2016.12.02 15:17:10.203,0.99051,0.99082,1.75,1.75
2016.12.02 15:17:10.887,0.99054,0.99078,1.00,1.00
2016.12.02 15:17:10.988,0.99049,0.9908,1.75,1.75
2016.12.02 15:17:11.089,0.99047,0.99079,1.35,1.75
2016.12.02 15:17:11.692,0.99049,0.99076,1.37,2.25
2016.12.02 15:17:11.743,0.99049,0.99076,1.12,2.25
2016.12.02 15:17:11.894,0.99049,0.99076,1.75,1.75
2016.12.02 15:17:12.196,0.9905,0.99076,1.35,1.00
2016.12.02 15:17:12.297,0.9905,0.99076,1.67,1.75
2016.12.02 15:17:13.350,0.99049,0.99076,1.12,1.75
2016.12.02 15:17:16.810,0.99049,0.99075,1.00,1.75
2016.12.02 15:17:17.013,0.99049,0.99076,1.12,1.75
2016.12.02 15:17:17.712,0.9905,0.99075,1.00,1.50
2016.12.02 15:17:17.813,0.99048,0.99074,1.37,1.50
2016.12.02 15:17:18.115,0.99044,0.99069,1.50,1.00
2016.12.02 15:17:21.722,0.99044,0.99067,1.00,1.00
2016.12.02 15:17:23.121,0.99044,0.99069,1.00,1.60
2016.12.02 15:17:23.705,0.99041,0.99066,1.00,2.10
2016.12.02 15:17:24.007,0.99039,0.99066,2.25,2.85
2016.12.02 15:17:24.829,0.99039,0.99066,1.75,1.50
2016.12.02 15:17:24.930,0.99039,0.99066,1.50,1.75
2016.12.02 15:17:25.254,0.99039,0.99066,1.75,1.50
2016.12.02 15:17:26.055,0.99039,0.99064,1.50,1.50
2016.12.02 15:17:27.036,0.99034,0.99063,2.85,1.75
2016.12.02 15:17:27.564,0.99034,0.99063,1.75,1.75
2016.12.02 15:17:32.725,0.99038,0.99064,1.37,1.37
2016.12.02 15:17:32.776,0.99039,0.99066,1.75,1.12
2016.12.02 15:17:33.749,0.99039,0.99067,1.75,1.50
2016.12.02 15:17:33.900,0.99036,0.99065,2.10,1.75
2016.12.02 15:17:34.091,0.99039,0.99066,1.50,2.25
2016.12.02 15:17:34.142,0.99039,0.99068,1.75,1.75
2016.12.02 15:17:34.841,0.99041,0.99069,1.50,1.50
2016.12.02 15:17:34.891,0.99044,0.99069,1.00,1.00
2016.12.02 15:17:35.143,0.99039,0.99069,1.75,2.25
2016.12.02 15:17:35.193,0.99039,0.99069,1.75,2.25
2016.12.02 15:17:35.677,0.99044,0.99069,1.00,2.25
2016.12.02 15:17:35.778,0.99038,0.99069,3.00,2.25
2016.12.02 15:17:36.563,0.99044,0.99069,1.00,1.75
2016.12.02 15:17:36.664,0.99041,0.99067,1.37,1.00
2016.12.02 15:17:36.764,0.99043,0.99071,1.37,1.50
2016.12.02 15:17:36.815,0.99042,0.99071,2.62,1.12
2016.12.02 15:17:36.866,0.99041,0.99071,2.25,1.37
2016.12.02 15:17:37.381,0.99044,0.99074,1.75,2.25
2016.12.02 15:17:38.074,0.99041,0.99067,2.62,1.50
2016.12.02 15:17:38.175,0.99045,0.99067,1.00,1.00
2016.12.02 15:17:38.377,0.99038,0.99068,1.50,1.00
2016.12.02 15:17:39.341,0.99038,0.99068,1.87,1.37
2016.12.02 15:17:41.138,0.9904,0.99069,1.75,1.75
2016.12.02 15:17:41.729,0.99041,0.99071,1.75,1.75
2016.12.02 15:17:42.716,0.99043,0.99076,2.25,3.00
2016.12.02 15:17:42.917,0.9905,0.99074,1.00,1.00
2016.12.02 15:17:43.169,0.99044,0.99074,2.25,1.50
2016.12.02 15:17:43.220,0.99044,0.99074,2.25,1.75
2016.12.02 15:17:44.667,0.99046,0.99071,1.50,1.00
2016.12.02 15:17:44.818,0.99046,0.99077,1.75,1.75
2016.12.02 15:17:44.969,0.99046,0.99077,1.75,1.75
2016.12.02 15:17:45.271,0.99046,0.99077,1.35,2.25
2016.12.02 15:17:45.782,0.99049,0.99072,1.00,1.00
2016.12.02 15:17:46.348,0.99047,0.99072,1.00,1.50
2016.12.02 15:17:47.883,0.99046,0.99072,1.75,1.12
2016.12.02 15:17:48.351,0.99047,0.99072,2.85,1.00
2016.12.02 15:17:48.452,0.99047,0.99076,2.25,1.37
2016.12.02 15:17:48.553,0.99047,0.99078,1.75,1.75
2016.12.02 15:17:48.654,0.99049,0.99074,1.00,1.00
2016.12.02 15:17:50.285,0.99044,0.99074,1.75,1.50
2016.12.02 15:17:50.336,0.99044,0.99074,1.75,1.75
2016.12.02 15:17:50.436,0.99045,0.99076,1.75,1.75
2016.12.02 15:17:50.638,0.99044,0.99074,1.75,1.75
2016.12.02 15:17:51.157,0.99044,0.99074,1.75,1.75
2016.12.02 15:17:52.541,0.99046,0.99076,2.25,2.62
2016.12.02 15:17:52.592,0.99046,0.99077,2.25,1.75
2016.12.02 15:17:55.374,0.99044,0.99075,2.25,2.25
2016.12.02 15:17:56.626,0.99046,0.99073,1.00,1.50
2016.12.02 15:17:57.131,0.9904,0.99071,3.37,1.75
2016.12.02 15:17:57.182,0.99043,0.99068,1.00,1.00
2016.12.02 15:17:57.433,0.99044,0.99074,1.37,2.62
2016.12.02 15:17:57.484,0.99044,0.99075,2.25,2.25
2016.12.02 15:17:58.094,0.99044,0.99075,2.10,3.37
2016.12.02 15:17:58.195,0.99044,0.99075,2.10,1.75
2016.12.02 15:17:58.396,0.99049,0.99077,1.37,2.25
2016.12.02 15:17:58.910,0.99049,0.99079,1.75,1.75
2016.12.02 15:17:58.961,0.99049,0.99079,1.75,1.75
2016.12.02 15:17:59.480,0.99049,0.9908,2.25,1.50
2016.12.02 15:17:59.783,0.99048,0.99071,1.00,1.00
2016.12.02 15:18:00.185,0.99048,0.99077,1.75,1.75
2016.12.02 15:18:00.513,0.99048,0.99071,1.00,1.00
2016.12.02 15:18:00.719,0.99045,0.99071,1.30,1.75
2016.12.02 15:18:00.851,0.99045,0.99072,1.35,1.37
2016.12.02 15:18:01.260,0.99042,0.99072,2.62,1.75
2016.12.02 15:18:01.311,0.99041,0.99072,2.10,1.75
2016.12.02 15:18:01.462,0.99041,0.99066,1.75,1.00
2016.12.02 15:18:01.613,0.99039,0.99066,1.75,1.12
2016.12.02 15:18:02.221,0.99039,0.99069,1.50,1.75
2016.12.02 15:18:02.271,0.99041,0.99071,1.37,2.62
2016.12.02 15:18:02.322,0.99044,0.99069,1.50,1.00
2016.12.02 15:18:02.373,0.99044,0.99071,1.50,1.37
2016.12.02 15:18:02.424,0.99044,0.99071,1.75,1.12
2016.12.02 15:18:07.222,0.99044,0.99071,1.75,1.37
2016.12.02 15:18:07.373,0.9904,0.99066,1.75,1.12
2016.12.02 15:18:07.424,0.9904,0.99066,1.75,1.00
2016.12.02 15:18:07.777,0.99038,0.99071,2.85,1.75
2016.12.02 15:18:08.897,0.99039,0.99067,3.37,1.00
2016.12.02 15:18:09.099,0.99039,0.99066,1.75,1.12
2016.12.02 15:18:10.653,0.99043,0.99068,1.00,1.00
2016.12.02 15:18:10.703,0.99041,0.99071,2.62,2.25
2016.12.02 15:18:10.804,0.99043,0.99071,1.75,1.50
2016.12.02 15:18:10.905,0.9904,0.99071,3.37,2.25
2016.12.02 15:18:11.006,0.9904,0.99071,1.75,1.75
2016.12.02 15:18:11.788,0.99042,0.99071,1.75,1.75
2016.12.02 15:18:11.958,0.99045,0.9907,1.00,1.00
2016.12.02 15:18:12.109,0.9904,0.99071,1.75,2.25
2016.12.02 15:18:12.776,0.99038,0.99069,3.37,1.75
2016.12.02 15:18:12.827,0.99038,0.99068,1.75,1.75
2016.12.02 15:18:13.179,0.99044,0.99071,1.12,3.37
2016.12.02 15:18:13.230,0.99044,0.99069,1.50,1.00
2016.12.02 15:18:13.280,0.99044,0.99071,1.50,1.37
2016.12.02 15:18:13.642,0.99043,0.99068,1.00,1.00
2016.12.02 15:18:13.908,0.99038,0.99069,1.75,1.75
2016.12.02 15:18:15.185,0.99042,0.99071,1.50,2.62
2016.12.02 15:18:15.236,0.99042,0.99072,1.75,1.75
2016.12.02 15:18:15.538,0.99047,0.99071,1.00,1.00
2016.12.02 15:18:16.086,0.99046,0.99072,1.75,1.12
2016.12.02 15:18:16.600,0.99046,0.99076,1.75,1.75
2016.12.02 15:18:17.058,0.99046,0.99071,1.75,1.00
2016.12.02 15:18:18.058,0.99046,0.99076,1.75,1.75
2016.12.02 15:18:18.629,0.99046,0.99072,1.75,1.00
2016.12.02 15:18:19.622,0.99046,0.99072,1.50,1.50
2016.12.02 15:18:19.723,0.99045,0.9907,1.00,1.00
2016.12.02 15:18:19.774,0.99043,0.99072,1.75,1.50
2016.12.02 15:18:19.825,0.99048,0.99072,1.00,1.50
2016.12.02 15:18:19.875,0.99043,0.99071,1.75,1.37
2016.12.02 15:18:19.926,0.99041,0.99071,1.75,1.75
2016.12.02 15:18:20.077,0.9904,0.9907,2.62,1.75
2016.12.02 15:18:20.128,0.99042,0.99067,1.00,1.00
2016.12.02 15:18:20.279,0.99042,0.99061,1.00,1.00
2016.12.02 15:18:20.664,0.99042,0.99066,1.00,1.00
2016.12.02 15:18:20.879,0.99041,0.99066,1.75,1.00
2016.12.02 15:18:20.984,0.99041,0.99072,1.75,2.25
2016.12.02 15:18:21.436,0.99043,0.99072,1.75,1.37
2016.12.02 15:18:21.739,0.99042,0.99072,1.75,1.75
2016.12.02 15:18:22.132,0.99041,0.99072,2.10,1.75
2016.12.02 15:18:22.232,0.99044,0.99072,1.50,1.75
2016.12.02 15:18:22.542,0.99044,0.99072,1.75,1.37
2016.12.02 15:18:22.844,0.99041,0.99072,1.35,1.75
2016.12.02 15:18:25.052,0.99042,0.99072,2.25,1.50
2016.12.02 15:18:25.472,0.99042,0.99066,1.75,1.00
2016.12.02 15:18:25.772,0.99044,0.99071,1.75,1.37
2016.12.02 15:18:26.276,0.99048,0.99071,1.00,1.00
2016.12.02 15:18:26.377,0.99047,0.99076,1.75,1.75
2016.12.02 15:18:27.046,0.99048,0.99073,1.00,1.00
2016.12.02 15:18:27.097,0.99045,0.99076,1.75,3.00
2016.12.02 15:18:27.494,0.99046,0.99076,1.75,1.75
2016.12.02 15:18:29.016,0.99046,0.99071,1.75,1.00
2016.12.02 15:18:31.137,0.99047,0.99071,1.75,1.00
2016.12.02 15:18:31.650,0.99048,0.99071,1.00,1.00
2016.12.02 15:18:32.000,0.99046,0.99072,1.75,1.00
2016.12.02 15:18:32.100,0.99046,0.99076,1.75,1.50
2016.12.02 15:18:33.325,0.99049,0.99076,1.75,1.37
2016.12.02 15:18:33.376,0.99052,0.99076,1.00,1.00
2016.12.02 15:18:33.477,0.99051,0.99076,1.75,1.00
2016.12.02 15:18:33.960,0.99052,0.99077,1.50,1.00
2016.12.02 15:18:34.010,0.99052,0.99082,1.50,2.25
2016.12.02 15:18:34.162,0.99056,0.99081,1.00,1.50
2016.12.02 15:18:35.627,0.99055,0.99081,1.75,1.12
2016.12.02 15:18:35.936,0.99057,0.99083,1.35,1.00
2016.12.02 15:18:35.986,0.99059,0.99083,1.00,1.00
2016.12.02 15:18:36.037,0.99063,0.99086,1.37,1.37
2016.12.02 15:18:36.087,0.99063,0.99086,1.75,1.00
2016.12.02 15:18:36.188,0.99064,0.99087,1.00,1.00
2016.12.02 15:18:36.781,0.99061,0.99087,1.35,1.37
2016.12.02 15:18:37.335,0.99063,0.99091,1.35,1.75
2016.12.02 15:18:37.385,0.99066,0.9909,1.35,1.00
2016.12.02 15:18:37.486,0.99064,0.99091,2.25,1.00
2016.12.02 15:18:37.688,0.99064,0.99091,1.75,1.12
2016.12.02 15:18:41.656,0.99066,0.99092,2.25,1.37
2016.12.02 15:18:42.194,0.99069,0.99092,1.00,1.00
2016.12.02 15:18:42.503,0.99068,0.99092,1.75,1.00
2016.12.02 15:18:42.755,0.99067,0.99092,2.25,1.50
2016.12.02 15:18:42.806,0.9907,0.99092,1.12,1.12
2016.12.02 15:18:43.098,0.99066,0.99095,3.37,1.12
2016.12.02 15:18:43.161,0.99066,0.99097,1.75,2.25
2016.12.02 15:18:43.986,0.99067,0.99095,1.75,1.00
2016.12.02 15:18:45.689,0.9907,0.99096,1.00,1.87
2016.12.02 15:18:46.226,0.99067,0.99096,1.75,1.50
2016.12.02 15:18:46.535,0.99065,0.99095,1.75,1.75
2016.12.02 15:18:47.612,0.99063,0.99093,1.75,1.50
2016.12.02 15:18:48.123,0.99063,0.99093,1.75,1.75
2016.12.02 15:18:48.699,0.99063,0.99093,3.37,1.75
2016.12.02 15:18:49.230,0.99065,0.99095,1.75,1.75
2016.12.02 15:18:49.602,0.99069,0.99096,1.00,2.62
2016.12.02 15:18:49.798,0.99072,0.99096,1.87,1.12
2016.12.02 15:18:49.901,0.99073,0.99096,1.37,1.00
2016.12.02 15:18:49.951,0.99073,0.99101,1.75,1.50
2016.12.02 15:18:50.002,0.99073,0.99101,1.75,1.12
2016.12.02 15:18:50.321,0.99076,0.99097,1.75,1.00
2016.12.02 15:18:50.752,0.99074,0.99101,1.75,1.12
2016.12.02 15:18:51.131,0.99076,0.99101,1.00,1.37
2016.12.02 15:18:52.753,0.99076,0.99101,1.50,1.12
2016.12.02 15:18:53.076,0.99076,0.99102,1.75,1.00
2016.12.02 15:18:53.590,0.99076,0.99101,1.75,1.00
2016.12.02 15:18:53.899,0.99071,0.99097,3.22,1.00
2016.12.02 15:18:53.949,0.99072,0.99101,1.12,2.62
2016.12.02 15:18:54.064,0.99072,0.99104,1.75,2.25
2016.12.02 15:18:54.572,0.99073,0.99101,1.75,1.37
2016.12.02 15:18:55.231,0.99076,0.99102,1.00,1.50
2016.12.02 15:18:55.332,0.99072,0.99097,1.75,1.00
2016.12.02 15:18:55.882,0.99072,0.99096,1.75,1.00
2016.12.02 15:18:56.079,0.99072,0.99101,1.75,1.50
2016.12.02 15:18:56.230,0.99073,0.99101,1.75,1.00
2016.12.02 15:18:56.966,0.99079,0.99104,1.00,1.00
2016.12.02 15:18:57.161,0.99074,0.99105,1.75,1.75
2016.12.02 15:18:57.486,0.99076,0.99107,1.75,1.75
2016.12.02 15:18:58.484,0.99083,0.99109,1.00,1.75
2016.12.02 15:18:58.585,0.99079,0.99108,2.25,1.75
2016.12.02 15:18:58.636,0.99079,0.99108,2.25,1.75
2016.12.02 15:18:58.736,0.99081,0.99102,1.87,1.00
2016.12.02 15:18:58.862,0.99085,0.99109,1.00,1.00
2016.12.02 15:18:59.013,0.99086,0.99109,1.60,1.00
2016.12.02 15:18:59.064,0.99086,0.99119,1.75,2.25
2016.12.02 15:18:59.467,0.99085,0.99111,2.62,1.00
2016.12.02 15:18:59.568,0.99083,0.99112,1.75,1.75
2016.12.02 15:18:59.669,0.99083,0.99108,1.00,1.00
2016.12.02 15:19:00.430,0.99084,0.99108,1.00,1.00
2016.12.02 15:19:00.632,0.99084,0.99111,1.37,2.25
2016.12.02 15:19:00.784,0.99083,0.99111,1.75,1.00
2016.12.02 15:19:00.834,0.99087,0.99111,1.00,1.37
2016.12.02 15:19:01.079,0.99084,0.99114,1.75,1.75
2016.12.02 15:19:01.180,0.99084,0.99109,1.00,1.00
2016.12.02 15:19:01.838,0.99083,0.99112,1.75,1.75
2016.12.02 15:19:02.350,0.99083,0.99112,1.75,1.50
2016.12.02 15:19:02.451,0.99081,0.9911,1.75,1.37
2016.12.02 15:19:02.502,0.99078,0.99107,3.37,1.00
2016.12.02 15:19:02.804,0.99079,0.99106,1.75,1.75
2016.12.02 15:19:02.904,0.99079,0.99106,1.12,1.75
2016.12.02 15:19:03.066,0.99078,0.99107,1.75,2.25
2016.12.02 15:19:03.368,0.99078,0.99107,1.37,3.00
2016.12.02 15:19:10.163,0.99079,0.99103,1.00,1.37
2016.12.02 15:19:11.968,0.99076,0.99101,1.00,1.00
2016.12.02 15:19:12.170,0.9907,0.99098,2.62,1.87
2016.12.02 15:19:12.221,0.99069,0.99098,1.75,2.25
2016.12.02 15:19:12.410,0.99064,0.99096,1.75,3.00
2016.12.02 15:19:13.009,0.99064,0.99091,2.25,1.00
2016.12.02 15:19:13.987,0.99063,0.99092,2.25,1.00
2016.12.02 15:19:14.496,0.99066,0.99091,1.75,1.00
2016.12.02 15:19:14.698,0.99066,0.99095,1.75,1.75
2016.12.02 15:19:14.799,0.99066,0.99097,1.75,3.00
2016.12.02 15:19:15.101,0.99072,0.99096,1.00,1.00
2016.12.02 15:19:16.572,0.99072,0.99097,1.00,1.50
2016.12.02 15:19:17.100,0.99072,0.99096,1.00,1.00
2016.12.02 15:19:17.403,0.99069,0.991,1.50,2.25
2016.12.02 15:19:17.503,0.99069,0.991,1.75,2.25
2016.12.02 15:19:19.296,0.99071,0.99097,1.75,1.00
2016.12.02 15:19:19.396,0.99073,0.99101,1.35,2.25
2016.12.02 15:19:19.614,0.99074,0.99103,1.75,1.50
2016.12.02 15:19:20.160,0.99079,0.99104,1.00,1.75
2016.12.02 15:19:22.242,0.99079,0.99104,1.50,1.00
2016.12.02 15:19:25.471,0.99079,0.99103,1.50,1.00
2016.12.02 15:19:26.145,0.99079,0.99102,1.00,1.00
2016.12.02 15:19:27.087,0.99083,0.99102,1.00,1.00
2016.12.02 15:19:28.396,0.99079,0.99102,1.00,1.00
2016.12.02 15:19:28.598,0.99083,0.99102,1.00,1.00
2016.12.02 15:19:28.958,0.99083,0.99107,1.00,1.00
2016.12.02 15:19:29.459,0.99083,0.99106,1.00,1.00
2016.12.02 15:19:30.079,0.99083,0.99109,1.00,1.50
2016.12.02 15:19:30.129,0.99089,0.99109,1.00,1.50
2016.12.02 15:19:30.230,0.99084,0.99109,1.12,1.75
2016.12.02 15:19:30.331,0.99084,0.99109,1.75,1.12
2016.12.02 15:19:30.532,0.99079,0.99111,3.00,1.75
2016.12.02 15:19:30.633,0.99082,0.99112,1.75,1.75
2016.12.02 15:19:33.763,0.99087,0.99112,1.00,1.00
2016.12.02 15:19:33.864,0.99085,0.99117,1.75,2.25
2016.12.02 15:19:33.918,0.99085,0.99117,1.75,2.25
2016.12.02 15:19:34.544,0.9909,0.99115,1.00,1.00
2016.12.02 15:19:37.704,0.99093,0.99115,1.00,1.00
2016.12.02 15:19:39.714,0.99094,0.99115,1.00,1.00
2016.12.02 15:19:40.145,0.99094,0.9912,1.37,1.75
2016.12.02 15:19:40.710,0.99093,0.9912,1.12,2.25
2016.12.02 15:19:41.347,0.99094,0.99118,1.00,1.00
2016.12.02 15:19:41.649,0.99098,0.99123,1.00,1.00
2016.12.02 15:19:41.750,0.99099,0.99121,1.00,1.00
2016.12.02 15:19:42.071,0.99098,0.99125,1.00,2.62
2016.12.02 15:19:42.172,0.99099,0.99126,1.75,1.75
2016.12.02 15:19:43.473,0.99098,0.99127,1.75,1.50
2016.12.02 15:19:44.208,0.99095,0.99124,3.37,1.00
2016.12.02 15:19:44.510,0.99092,0.99121,2.85,1.75
2016.12.02 15:19:44.561,0.99094,0.99121,2.85,1.50
2016.12.02 15:19:44.662,0.99096,0.99121,1.35,1.12
2016.12.02 15:19:44.963,0.99094,0.99119,1.60,1.00
2016.12.02 15:19:45.970,0.99094,0.99119,1.00,1.00
2016.12.02 15:19:46.987,0.99096,0.9912,1.00,1.00
2016.12.02 15:19:47.330,0.99093,0.99119,1.12,1.75
2016.12.02 15:19:47.381,0.99093,0.99119,1.50,1.37
2016.12.02 15:19:48.258,0.99094,0.99121,1.75,1.12
2016.12.02 15:19:48.936,0.99099,0.99124,1.00,1.75
2016.12.02 15:19:49.352,0.991,0.99128,1.35,1.75
2016.12.02 15:19:49.452,0.99102,0.99131,1.35,2.25
2016.12.02 15:19:49.792,0.99109,0.99131,1.00,1.75
2016.12.02 15:19:50.788,0.99109,0.99132,1.00,2.10
2016.12.02 15:19:52.173,0.99109,0.99132,1.00,2.25
2016.12.02 15:19:52.947,0.99103,0.9913,1.75,1.35
2016.12.02 15:19:54.342,0.99108,0.99132,1.60,2.25
2016.12.02 15:19:54.392,0.99107,0.99132,2.85,1.50
2016.12.02 15:19:54.443,0.99114,0.99136,1.60,1.75
2016.12.02 15:19:54.494,0.99116,0.99139,2.10,1.50
2016.12.02 15:19:54.544,0.99118,0.99139,1.60,1.00
2016.12.02 15:19:54.595,0.9912,0.99144,1.35,1.00
2016.12.02 15:19:54.645,0.99124,0.99147,2.10,1.75
2016.12.02 15:19:54.696,0.99124,0.99147,2.55,1.12
2016.12.02 15:19:54.854,0.99133,0.99157,1.00,1.75
2016.12.02 15:19:54.905,0.99133,0.99162,1.87,2.62
2016.12.02 15:19:55.006,0.99133,0.99164,1.75,1.75
2016.12.02 15:19:55.409,0.99133,0.99164,1.00,1.75
2016.12.02 15:19:55.510,0.99133,0.99164,1.75,1.75
2016.12.02 15:19:55.611,0.99133,0.9916,1.00,1.00
2016.12.02 15:19:56.943,0.99132,0.9916,1.00,1.00
2016.12.02 15:19:56.994,0.9913,0.99159,1.00,1.00
2016.12.02 15:19:58.087,0.99133,0.9916,2.10,1.75
2016.12.02 15:19:58.188,0.99134,0.99162,1.00,2.25
2016.12.02 15:19:58.490,0.99132,0.9916,2.10,1.00
2016.12.02 15:19:58.591,0.99138,0.99163,1.00,1.50
2016.12.02 15:19:59.185,0.99139,0.99166,1.00,4.87
2016.12.02 15:20:00.548,0.99135,0.99161,1.00,1.12
2016.12.02 15:20:01.063,0.99132,0.99161,1.50,1.12
2016.12.02 15:20:01.215,0.99131,0.99159,1.00,1.00
2016.12.02 15:20:01.618,0.99133,0.9916,1.37,1.12
2016.12.02 15:20:01.739,0.99131,0.9916,1.12,1.50
2016.12.02 15:20:01.789,0.9913,0.9916,1.00,2.25
2016.12.02 15:20:02.103,0.99128,0.99157,1.12,1.75
2016.12.02 15:20:02.305,0.99128,0.99157,1.87,1.50
2016.12.02 15:20:02.852,0.99129,0.99155,1.00,1.00
2016.12.02 15:20:03.401,0.99126,0.99152,1.50,1.00
2016.12.02 15:20:03.653,0.99124,0.99152,1.87,1.12
2016.12.02 15:20:03.754,0.99126,0.99152,1.00,1.12
2016.12.02 15:20:04.056,0.99122,0.99147,2.25,1.00
2016.12.02 15:20:04.157,0.99122,0.99152,1.50,1.75
2016.12.02 15:20:04.207,0.99125,0.99152,1.00,1.75
2016.12.02 15:20:04.332,0.99125,0.99152,1.50,1.00
2016.12.02 15:20:04.860,0.99125,0.99151,1.50,1.00
2016.12.02 15:20:05.387,0.99125,0.99151,1.50,1.00
2016.12.02 15:20:08.518,0.99124,0.99151,1.75,1.75
2016.12.02 15:20:11.623,0.99124,0.99152,1.75,1.50
2016.12.02 15:20:11.935,0.99124,0.99152,1.75,1.75
2016.12.02 15:20:12.245,0.99124,0.99152,1.37,2.25
2016.12.02 15:20:15.015,0.9912,0.99147,1.75,1.75
2016.12.02 15:20:17.829,0.99118,0.99143,1.50,1.00
2016.12.02 15:20:18.494,0.99119,0.99143,1.00,1.00
2016.12.02 15:20:19.125,0.99119,0.99145,1.00,1.75
2016.12.02 15:20:19.226,0.99113,0.99144,1.75,1.75
2016.12.02 15:20:19.427,0.9911,0.99142,2.25,1.75
2016.12.02 15:20:19.829,0.99111,0.99139,1.37,1.75
2016.12.02 15:20:20.131,0.99113,0.99138,1.00,1.00
2016.12.02 15:20:20.232,0.9911,0.99141,4.12,2.25
2016.12.02 15:20:20.333,0.99117,0.99141,1.00,1.00
2016.12.02 15:20:20.935,0.99117,0.99142,1.00,1.50
2016.12.02 15:20:22.046,0.99119,0.99143,1.00,1.00
2016.12.02 15:20:24.467,0.99115,0.9914,1.00,1.00
2016.12.02 15:20:24.568,0.99114,0.99142,1.75,1.50
2016.12.02 15:20:24.948,0.99112,0.99142,1.75,1.75
2016.12.02 15:20:25.972,0.99109,0.99141,2.25,1.75
2016.12.02 15:20:26.273,0.99113,0.99142,1.75,1.50
2016.12.02 15:20:26.819,0.99113,0.99142,1.75,1.75
2016.12.02 15:20:28.850,0.99113,0.99142,1.75,1.12
2016.12.02 15:20:29.354,0.99117,0.99147,1.75,1.75
2016.12.02 15:20:30.068,0.99122,0.9915,1.00,2.62
2016.12.02 15:20:30.369,0.99123,0.99151,2.62,1.00
2016.12.02 15:20:30.470,0.99124,0.99151,1.50,1.50
2016.12.02 15:20:30.589,0.99124,0.99151,1.75,1.37
2016.12.02 15:20:31.260,0.99128,0.99151,1.00,1.00
2016.12.02 15:20:31.565,0.99117,0.9915,1.75,1.75
2016.12.02 15:20:31.898,0.99117,0.99142,1.75,1.00
2016.12.02 15:20:32.879,0.99117,0.99141,1.75,1.00
2016.12.02 15:20:33.049,0.99117,0.99147,1.75,1.75
2016.12.02 15:20:34.389,0.9912,0.99151,1.75,1.75
2016.12.02 15:20:34.892,0.99123,0.99151,1.75,1.50
2016.12.02 15:20:35.276,0.99123,0.99154,3.37,1.75
2016.12.02 15:20:35.478,0.99123,0.99152,1.00,1.00
2016.12.02 15:20:35.579,0.99122,0.99155,2.25,1.75
2016.12.02 15:20:35.883,0.99124,0.99151,1.12,1.75
2016.12.02 15:20:36.604,0.99123,0.9915,1.00,1.75
2016.12.02 15:20:37.108,0.99119,0.99146,1.75,1.50
2016.12.02 15:20:38.268,0.99119,0.99146,2.85,1.00
2016.12.02 15:20:38.597,0.99119,0.99146,1.75,1.75
2016.12.02 15:20:38.903,0.99119,0.99146,1.75,1.12
2016.12.02 15:20:39.105,0.99121,0.99145,1.00,1.00
2016.12.02 15:20:39.558,0.9912,0.99146,1.35,1.37
2016.12.02 15:20:39.659,0.9912,0.9915,1.35,1.75
2016.12.02 15:20:39.760,0.99122,0.99147,1.00,1.00
2016.12.02 15:20:39.911,0.99118,0.99149,1.75,1.75
2016.12.02 15:20:40.261,0.99124,0.99149,1.00,1.75
2016.12.02 15:20:40.589,0.99121,0.99153,1.75,2.62
2016.12.02 15:20:40.690,0.99125,0.9915,1.00,1.00
2016.12.02 15:20:43.195,0.9912,0.99151,1.75,1.75
2016.12.02 15:20:44.516,0.99119,0.99149,2.25,1.75
2016.12.02 15:20:44.567,0.99119,0.99149,2.25,1.75
2016.12.02 15:20:44.924,0.99121,0.99151,1.75,1.75
2016.12.02 15:20:46.590,0.99121,0.99146,1.75,1.00
2016.12.02 15:20:46.792,0.99118,0.99143,1.00,1.00
2016.12.02 15:20:46.893,0.99116,0.99146,1.75,1.75
2016.12.02 15:20:47.609,0.99115,0.99146,1.75,2.25
2016.12.02 15:20:48.002,0.99117,0.99146,1.75,1.50
2016.12.02 15:20:48.308,0.99115,0.99146,1.75,1.75
2016.12.02 15:20:49.403,0.99118,0.99142,1.00,1.00
2016.12.02 15:20:49.935,0.99118,0.99141,1.00,1.00
2016.12.02 15:20:50.905,0.99119,0.99141,1.00,1.00
2016.12.02 15:20:50.955,0.99121,0.99141,1.00,1.00
2016.12.02 15:20:51.006,0.99124,0.99146,1.00,1.00
2016.12.02 15:20:51.207,0.99123,0.99151,1.75,1.50
2016.12.02 15:20:51.404,0.9912,0.99151,2.25,1.75
2016.12.02 15:20:51.706,0.99122,0.99151,1.75,1.50
2016.12.02 15:20:52.222,0.99123,0.99148,1.00,1.00
2016.12.02 15:20:52.323,0.99122,0.99152,2.10,1.75
2016.12.02 15:20:52.854,0.99127,0.9915,1.00,1.00
2016.12.02 15:20:53.156,0.99127,0.99147,1.75,1.00
2016.12.02 15:20:53.509,0.99124,0.99146,1.75,1.00
2016.12.02 15:20:53.911,0.99124,0.99151,1.75,1.12
2016.12.02 15:20:54.131,0.99124,0.99146,1.75,1.00
2016.12.02 15:20:54.332,0.99127,0.99151,1.75,1.00
2016.12.02 15:20:54.433,0.99129,0.99147,1.50,1.00
2016.12.02 15:20:54.534,0.99127,0.99151,3.37,1.00
2016.12.02 15:20:54.736,0.99126,0.99156,2.25,1.50
2016.12.02 15:20:55.105,0.99125,0.99151,2.62,1.12
2016.12.02 15:20:55.155,0.99126,0.99151,1.00,1.50
2016.12.02 15:20:55.306,0.99126,0.99147,1.00,1.00
2016.12.02 15:20:56.022,0.99121,0.99151,1.75,1.75
2016.12.02 15:20:56.439,0.99121,0.99146,3.37,1.00
2016.12.02 15:20:56.540,0.99124,0.99147,1.00,1.00
2016.12.02 15:20:56.741,0.99126,0.99146,1.00,1.00
2016.12.02 15:20:56.998,0.99125,0.99152,1.75,1.37
2016.12.02 15:20:57.049,0.99125,0.99152,1.75,1.12
2016.12.02 15:20:57.351,0.99122,0.99151,3.37,1.12
2016.12.02 15:20:57.452,0.99122,0.99151,1.75,1.75
2016.12.02 15:20:57.754,0.9912,0.99146,2.62,1.00
2016.12.02 15:20:57.855,0.99121,0.99146,1.00,1.50
2016.12.02 15:20:58.157,0.9912,0.99146,1.75,1.00
2016.12.02 15:20:58.470,0.99123,0.99147,1.75,1.00
2016.12.02 15:20:58.621,0.99123,0.99152,1.75,1.50
2016.12.02 15:20:59.212,0.9912,0.99147,2.62,1.00
2016.12.02 15:20:59.364,0.99123,0.99147,1.00,1.50
2016.12.02 15:20:59.465,0.99121,0.99147,1.75,1.00
2016.12.02 15:20:59.926,0.99119,0.99146,2.25,1.50
2016.12.02 15:21:00.347,0.9912,0.99141,1.35,1.00
2016.12.02 15:21:00.448,0.9912,0.99147,1.35,2.25
2016.12.02 15:21:00.549,0.99117,0.99145,1.35,1.75
2016.12.02 15:21:01.053,0.99118,0.99142,1.75,1.00
2016.12.02 15:21:01.548,0.99121,0.99141,1.35,1.00
2016.12.02 15:21:01.649,0.99118,0.99146,2.62,1.00
2016.12.02 15:21:01.750,0.99116,0.99146,2.25,1.75
2016.12.02 15:21:01.850,0.99116,0.99141,2.25,1.00
2016.12.02 15:21:02.153,0.99119,0.99146,2.25,1.00
2016.12.02 15:21:03.006,0.9912,0.99144,1.00,1.00
2016.12.02 15:21:03.056,0.99114,0.99144,2.25,1.75
2016.12.02 15:21:03.258,0.99119,0.99143,1.00,1.00
2016.12.02 15:21:03.359,0.99114,0.99144,2.25,1.75
2016.12.02 15:21:03.560,0.99115,0.99139,1.00,1.00
2016.12.02 15:21:04.035,0.99113,0.99138,1.50,1.00
2016.12.02 15:21:04.835,0.9911,0.9914,2.10,1.75
2016.12.02 15:21:04.886,0.99111,0.99138,1.37,1.75
2016.12.02 15:21:05.037,0.99113,0.99137,1.75,1.00
2016.12.02 15:21:05.138,0.99114,0.99141,1.75,1.00
2016.12.02 15:21:05.440,0.99114,0.99144,2.25,1.75
2016.12.02 15:21:06.269,0.99111,0.99141,1.75,1.75
2016.12.02 15:21:06.471,0.99112,0.99142,2.25,2.25
2016.12.02 15:21:06.877,0.99114,0.99142,1.75,2.25
2016.12.02 15:21:07.079,0.99108,0.99136,2.10,1.12
2016.12.02 15:21:07.365,0.9911,0.99136,2.10,1.12
2016.12.02 15:21:07.667,0.99113,0.99136,1.35,1.00
2016.12.02 15:21:07.870,0.99109,0.99136,1.75,1.87
2016.12.02 15:21:07.971,0.99109,0.99135,1.00,2.25
2016.12.02 15:21:08.274,0.9911,0.99136,1.67,1.75
2016.12.02 15:21:08.778,0.99109,0.99136,1.75,1.00
2016.12.02 15:21:08.878,0.99109,0.99133,1.00,1.00
2016.12.02 15:21:09.080,0.99109,0.99136,1.50,1.50
2016.12.02 15:21:09.821,0.99109,0.99131,2.10,1.00
2016.12.02 15:21:10.888,0.99107,0.99131,1.75,1.00
2016.12.02 15:21:11.290,0.99107,0.99131,1.00,1.00
2016.12.02 15:21:11.439,0.99103,0.99132,1.75,1.87
2016.12.02 15:21:11.490,0.99108,0.99132,1.35,1.00
2016.12.02 15:21:11.644,0.99109,0.99133,2.85,1.00
2016.12.02 15:21:12.096,0.99109,0.99134,1.37,1.37
2016.12.02 15:21:12.490,0.99111,0.99137,1.60,1.75
2016.12.02 15:21:12.598,0.99111,0.99141,2.25,1.75
2016.12.02 15:21:14.063,0.99109,0.9914,3.00,2.10
2016.12.02 15:21:14.416,0.99109,0.99139,1.75,1.75
2016.12.02 15:21:14.567,0.99115,0.99139,1.00,1.00
2016.12.02 15:21:14.868,0.99115,0.99141,1.75,1.12
2016.12.02 15:21:15.271,0.99114,0.99141,1.75,1.75
2016.12.02 15:21:15.573,0.99113,0.99142,1.75,1.37
2016.12.02 15:21:15.808,0.99115,0.9914,1.50,1.00
2016.12.02 15:21:15.858,0.99117,0.99142,1.00,1.50
2016.12.02 15:21:16.161,0.99113,0.99141,1.75,1.75
2016.12.02 15:21:16.463,0.99113,0.99143,3.00,1.75
2016.12.02 15:21:16.764,0.99113,0.99142,2.25,1.75
2016.12.02 15:21:16.972,0.99116,0.99141,1.00,1.00
2016.12.02 15:21:17.758,0.99113,0.99142,1.50,1.75
2016.12.02 15:21:17.808,0.99113,0.99142,1.50,1.75
2016.12.02 15:21:20.569,0.99109,0.9914,2.85,1.75
2016.12.02 15:21:21.072,0.99109,0.99136,2.85,1.00
2016.12.02 15:21:21.375,0.99111,0.99141,2.25,1.75
2016.12.02 15:21:21.682,0.99108,0.99139,3.00,2.25
2016.12.02 15:21:21.984,0.99111,0.9914,1.75,1.50
2016.12.02 15:21:22.299,0.99114,0.99142,1.75,2.25
2016.12.02 15:21:22.885,0.99113,0.99142,1.75,1.75
2016.12.02 15:21:23.087,0.9911,0.99139,1.75,1.50
2016.12.02 15:21:23.498,0.99113,0.99137,1.00,1.00
2016.12.02 15:21:23.599,0.99117,0.99142,1.12,1.50
2016.12.02 15:21:23.700,0.9912,0.99145,1.00,1.00
2016.12.02 15:21:23.800,0.99119,0.99148,1.75,1.72
2016.12.02 15:21:24.108,0.99118,0.99146,2.25,1.37
2016.12.02 15:21:24.420,0.99118,0.99146,1.50,1.75
2016.12.02 15:21:24.734,0.99119,0.99147,1.75,2.10
2016.12.02 15:21:25.037,0.99118,0.99144,1.37,1.50
2016.12.02 15:21:26.417,0.99113,0.9914,1.75,1.50
2016.12.02 15:21:26.770,0.99119,0.99141,1.00,1.75
2016.12.02 15:21:26.921,0.99119,0.99145,1.50,1.75
2016.12.02 15:21:28.117,0.99119,0.9914,1.00,1.00
2016.12.02 15:21:28.272,0.99115,0.9914,1.00,1.00
2016.12.02 15:21:29.706,0.99112,0.99137,1.00,1.00
2016.12.02 15:21:30.008,0.9911,0.99135,1.00,1.00
2016.12.02 15:21:30.588,0.99111,0.99135,1.00,1.00
2016.12.02 15:21:30.689,0.99113,0.99141,1.12,1.75
2016.12.02 15:21:30.790,0.99113,0.99142,1.75,2.25
2016.12.02 15:21:31.712,0.99113,0.99143,2.25,1.75
2016.12.02 15:21:32.014,0.99115,0.99141,2.25,1.00
2016.12.02 15:21:32.481,0.99118,0.99145,1.75,1.00
2016.12.02 15:21:32.931,0.99116,0.99145,2.25,1.37
2016.12.02 15:21:33.776,0.99116,0.99141,2.25,1.00
2016.12.02 15:21:33.877,0.99116,0.99145,1.75,1.37
2016.12.02 15:21:33.927,0.99116,0.99143,1.75,1.37
2016.12.02 15:21:34.259,0.9911,0.99137,1.75,1.37
2016.12.02 15:21:34.561,0.99115,0.99142,1.12,1.75
2016.12.02 15:21:35.153,0.99115,0.99145,1.75,2.25
2016.12.02 15:21:35.598,0.99111,0.99136,1.00,1.00
2016.12.02 15:21:35.922,0.9911,0.99136,1.75,1.12
2016.12.02 15:21:36.224,0.99111,0.99136,1.00,1.50
2016.12.02 15:21:36.526,0.99113,0.99136,1.00,1.50
2016.12.02 15:21:37.283,0.99113,0.99131,1.00,1.00
2016.12.02 15:21:38.009,0.99108,0.99131,1.75,1.00
2016.12.02 15:21:38.618,0.99113,0.99131,1.00,1.00
2016.12.02 15:21:39.133,0.99108,0.99131,1.75,1.00
2016.12.02 15:21:39.394,0.99108,0.99134,1.75,1.37
2016.12.02 15:21:39.645,0.9911,0.99137,1.75,1.12
2016.12.02 15:21:39.947,0.99115,0.99139,1.00,1.00
2016.12.02 15:21:40.322,0.9911,0.99139,1.75,1.75
2016.12.02 15:21:40.624,0.99107,0.99136,2.25,1.50
2016.12.02 15:21:40.919,0.99111,0.99141,1.75,2.85
2016.12.02 15:21:41.221,0.99111,0.99138,1.75,1.00
2016.12.02 15:21:41.322,0.9911,0.99139,1.75,1.50
2016.12.02 15:21:41.526,0.99111,0.99136,3.37,1.00
2016.12.02 15:21:41.645,0.99109,0.99137,2.25,1.12
2016.12.02 15:21:42.053,0.99113,0.99137,1.75,1.00
2016.12.02 15:21:42.355,0.99113,0.99133,1.00,1.00
2016.12.02 15:21:42.456,0.99107,0.99134,1.75,1.50
2016.12.02 15:21:42.607,0.99106,0.99131,1.75,1.00
2016.12.02 15:21:43.219,0.99104,0.99131,2.25,1.00
2016.12.02 15:21:43.371,0.99104,0.99131,1.50,2.25
2016.12.02 15:21:43.523,0.99107,0.99131,2.10,1.00
2016.12.02 15:21:43.795,0.99107,0.99134,2.10,1.12
2016.12.02 15:21:44.838,0.99112,0.99136,1.00,1.00
2016.12.02 15:21:45.037,0.99105,0.99131,1.35,1.00
2016.12.02 15:21:45.138,0.99105,0.99132,1.35,1.75
2016.12.02 15:21:48.672,0.99116,0.99131,1.00,1.50
2016.12.02 15:21:48.975,0.99119,0.99131,1.50,1.00
2016.12.02 15:21:49.025,0.99118,0.99146,1.75,1.50
2016.12.02 15:21:49.076,0.99117,0.99144,2.25,1.00
2016.12.02 15:21:49.176,0.99117,0.99146,1.87,2.62
2016.12.02 15:21:49.227,0.99119,0.99146,1.50,3.37
2016.12.02 15:21:49.278,0.99119,0.99146,2.25,1.37
2016.12.02 15:21:49.479,0.99119,0.99146,2.25,1.00
2016.12.02 15:21:49.781,0.99119,0.99146,4.87,1.00
2016.12.02 15:21:50.619,0.99123,0.99147,1.75,1.00
2016.12.02 15:21:50.921,0.99129,0.99146,1.00,1.00
2016.12.02 15:21:51.399,0.99129,0.99151,1.00,1.00
2016.12.02 15:21:52.362,0.99124,0.99151,2.10,1.12
2016.12.02 15:21:52.493,0.99125,0.99151,1.35,1.12
2016.12.02 15:21:52.796,0.9913,0.99154,1.00,1.50
2016.12.02 15:21:52.947,0.99133,0.99154,1.00,1.50
2016.12.02 15:21:53.281,0.99138,0.99154,1.00,1.75
2016.12.02 15:21:53.443,0.99134,0.99154,1.00,1.75
2016.12.02 15:21:53.994,0.99134,0.99158,1.00,1.75
2016.12.02 15:21:54.045,0.99134,0.99158,1.00,1.75
2016.12.02 15:21:55.204,0.99139,0.99159,1.00,1.75
2016.12.02 15:21:55.508,0.99135,0.99159,1.00,1.75
2016.12.02 15:21:55.608,0.99139,0.99162,1.12,1.00
2016.12.02 15:21:55.659,0.99139,0.99165,1.12,1.50
2016.12.02 15:21:56.332,0.99139,0.99164,1.12,1.72
2016.12.02 15:21:56.635,0.99143,0.99162,1.00,1.35
2016.12.02 15:21:57.244,0.99144,0.99163,1.00,1.75
2016.12.02 15:21:59.335,0.99144,0.9916,1.00,1.72
2016.12.02 15:21:59.436,0.99133,0.99159,1.75,1.35
2016.12.02 15:21:59.587,0.99133,0.99158,1.00,1.75
2016.12.02 15:21:59.839,0.99129,0.99154,1.75,1.00
2016.12.02 15:21:59.990,0.99129,0.99155,1.12,1.50
2016.12.02 15:22:00.372,0.99129,0.99156,1.75,1.37
2016.12.02 15:22:00.540,0.99129,0.99157,2.25,1.12
2016.12.02 15:22:00.641,0.99129,0.99155,2.25,1.00
2016.12.02 15:22:01.169,0.99133,0.99162,2.10,2.25
2016.12.02 15:22:01.219,0.99138,0.99163,1.00,1.75
2016.12.02 15:22:01.320,0.99138,0.99163,1.12,1.50
2016.12.02 15:22:01.371,0.99138,0.99164,1.00,2.10
2016.12.02 15:22:01.471,0.99138,0.99165,1.12,2.10
2016.12.02 15:22:01.673,0.99138,0.99164,1.75,1.50
2016.12.02 15:22:02.144,0.99143,0.99164,1.00,1.50
2016.12.02 15:22:02.849,0.99139,0.99164,1.50,1.50
2016.12.02 15:22:04.216,0.99141,0.99165,1.00,1.00
2016.12.02 15:22:04.323,0.99144,0.99165,1.00,1.00
2016.12.02 15:22:04.525,0.99141,0.99165,1.00,1.50
2016.12.02 15:22:04.849,0.99144,0.99165,1.00,1.00
2016.12.02 15:22:05.202,0.99144,0.99167,1.00,1.00
2016.12.02 15:22:05.726,0.99149,0.99167,1.00,1.00
2016.12.02 15:22:07.262,0.99143,0.99167,1.50,1.00
2016.12.02 15:22:07.579,0.99148,0.99167,1.00,1.00
2016.12.02 15:22:07.769,0.99143,0.99167,1.50,1.00
2016.12.02 15:22:08.030,0.99149,0.99167,1.00,1.00
2016.12.02 15:22:08.735,0.99149,0.99174,1.00,2.10
2016.12.02 15:22:09.432,0.99148,0.99174,1.00,2.10
2016.12.02 15:22:10.081,0.99149,0.99174,1.00,2.10
2016.12.02 15:22:11.921,0.99149,0.99172,1.00,1.75
2016.12.02 15:22:12.022,0.99149,0.99175,1.00,2.85
2016.12.02 15:22:14.408,0.99149,0.99175,1.37,2.10
2016.12.02 15:22:15.541,0.99148,0.99175,1.12,1.35
2016.12.02 15:22:15.927,0.99148,0.99176,1.75,2.10
2016.12.02 15:22:16.247,0.99148,0.99173,1.50,1.00
2016.12.02 15:22:16.398,0.99149,0.99174,1.00,1.75
2016.12.02 15:22:17.441,0.99149,0.99175,1.50,1.35
2016.12.02 15:22:17.592,0.99149,0.99172,1.00,1.60
2016.12.02 15:22:18.342,0.99148,0.99171,1.00,1.60
2016.12.02 15:22:19.372,0.99154,0.9917,1.00,1.30
2016.12.02 15:22:19.473,0.99148,0.99168,1.00,2.10
2016.12.02 15:22:20.005,0.99149,0.99166,1.00,1.60
2016.12.02 15:22:20.106,0.99143,0.99168,1.12,2.85
2016.12.02 15:22:20.307,0.99144,0.99168,1.00,1.00
2016.12.02 15:22:20.769,0.99149,0.99168,1.00,1.00
2016.12.02 15:22:21.019,0.99149,0.99172,1.00,1.67
2016.12.02 15:22:21.807,0.99149,0.99172,1.00,2.10
2016.12.02 15:22:22.345,0.99149,0.9917,1.00,1.35
2016.12.02 15:22:23.116,0.99148,0.9917,1.00,1.35
2016.12.02 15:22:23.529,0.99148,0.99169,1.00,1.35
2016.12.02 15:22:23.580,0.99143,0.99169,1.75,1.35
2016.12.02 15:22:23.858,0.99143,0.99166,1.12,1.30
2016.12.02 15:22:24.509,0.99144,0.99166,1.00,1.30
2016.12.02 15:22:24.951,0.99144,0.9917,1.12,1.67
2016.12.02 15:22:25.152,0.99143,0.9917,1.50,1.35
2016.12.02 15:22:25.253,0.99144,0.9917,1.50,1.30
2016.12.02 15:22:25.576,0.99148,0.9917,1.00,1.30
2016.12.02 15:22:26.562,0.99148,0.99167,1.00,1.00
2016.12.02 15:22:26.763,0.99141,0.99163,1.00,1.60
2016.12.02 15:22:26.814,0.99141,0.99162,1.00,2.10
2016.12.02 15:22:26.864,0.99134,0.99162,2.25,2.47
2016.12.02 15:22:27.015,0.99134,0.99163,2.25,2.10
2016.12.02 15:22:28.210,0.99133,0.99162,2.25,1.12
2016.12.02 15:22:28.469,0.99139,0.99165,1.00,1.35
2016.12.02 15:22:28.670,0.99141,0.99166,1.00,1.60
2016.12.02 15:22:28.771,0.99144,0.99166,1.00,1.00
2016.12.02 15:22:30.051,0.99144,0.99165,1.00,2.10
2016.12.02 15:22:30.101,0.99141,0.99165,1.00,2.10
2016.12.02 15:22:30.252,0.99135,0.99162,1.75,1.35
2016.12.02 15:22:30.454,0.99134,0.9916,2.25,1.67
2016.12.02 15:22:30.605,0.99139,0.9916,1.00,1.67
2016.12.02 15:22:30.802,0.99131,0.99158,1.75,1.00
2016.12.02 15:22:30.902,0.99129,0.99156,1.50,1.50
2016.12.02 15:22:30.953,0.99129,0.99155,1.12,1.35
2016.12.02 15:22:31.289,0.99128,0.99155,1.75,1.67
2016.12.02 15:22:31.720,0.99128,0.99155,1.75,1.35
2016.12.02 15:22:31.771,0.99128,0.99153,1.50,1.60
2016.12.02 15:22:31.872,0.99124,0.99152,1.50,2.10
2016.12.02 15:22:32.211,0.99126,0.99153,2.25,1.87
2016.12.02 15:22:32.262,0.99132,0.99156,1.12,1.00
2016.12.02 15:22:32.363,0.99133,0.99164,1.75,2.85
2016.12.02 15:22:32.665,0.99138,0.99166,1.50,2.25
2016.12.02 15:22:34.250,0.99139,0.99168,1.75,1.75
2016.12.02 15:22:34.351,0.99139,0.99166,1.37,1.75
2016.12.02 15:22:34.552,0.99135,0.99165,1.75,1.75
2016.12.02 15:22:34.765,0.99139,0.99164,1.00,1.00
2016.12.02 15:22:35.674,0.9914,0.99164,1.00,1.00
2016.12.02 15:22:36.054,0.99143,0.99164,1.00,1.00
2016.12.02 15:22:36.351,0.99143,0.9917,1.12,1.75
2016.12.02 15:22:37.267,0.99144,0.9917,1.00,1.75
2016.12.02 15:22:37.909,0.99143,0.9917,1.12,1.75
2016.12.02 15:22:38.458,0.99144,0.9917,1.00,1.75
2016.12.02 15:22:38.781,0.99144,0.99171,1.50,1.75
2016.12.02 15:22:38.888,0.99144,0.99168,1.00,1.00
2016.12.02 15:22:40.753,0.99144,0.99172,1.50,2.25
2016.12.02 15:22:43.485,0.99139,0.9917,2.10,1.75
2016.12.02 15:22:46.365,0.99139,0.9917,2.10,1.50
2016.12.02 15:22:46.489,0.99144,0.9917,1.00,1.75
2016.12.02 15:22:50.970,0.99145,0.9917,1.00,1.00
2016.12.02 15:22:51.575,0.99147,0.99171,1.00,1.00
2016.12.02 15:22:51.676,0.99149,0.99174,1.00,1.00
2016.12.02 15:22:53.150,0.99149,0.99173,1.50,1.00
2016.12.02 15:22:53.200,0.99149,0.99173,1.00,1.75
2016.12.02 15:22:53.584,0.99144,0.99172,1.75,1.75
2016.12.02 15:22:54.190,0.99144,0.9917,1.12,1.35
2016.12.02 15:22:54.299,0.99143,0.9917,1.50,1.67
2016.12.02 15:22:55.187,0.99139,0.99166,4.87,1.00
2016.12.02 15:22:55.288,0.9914,0.99166,1.50,1.75
2016.12.02 15:22:56.672,0.99139,0.99161,2.25,1.00
2016.12.02 15:22:56.924,0.99138,0.99161,1.00,1.00
2016.12.02 15:22:57.457,0.99134,0.99163,1.75,1.75
2016.12.02 15:22:57.558,0.99139,0.99164,1.00,1.75
2016.12.02 15:22:57.609,0.99139,0.99167,1.00,1.75
2016.12.02 15:22:57.659,0.99141,0.99169,1.00,2.62
2016.12.02 15:22:57.710,0.99141,0.9917,1.50,2.25
2016.12.02 15:22:58.012,0.99138,0.99163,1.50,1.00
2016.12.02 15:22:58.113,0.99138,0.99167,1.12,4.12
2016.12.02 15:22:58.214,0.99138,0.99167,1.87,1.75
2016.12.02 15:22:58.314,0.99139,0.99169,2.25,1.75
2016.12.02 15:22:58.416,0.99144,0.99168,1.00,1.00
2016.12.02 15:22:58.517,0.99142,0.99167,1.00,1.00
2016.12.02 15:22:58.582,0.99139,0.99168,4.12,1.50
2016.12.02 15:22:59.160,0.99144,0.99169,1.50,1.50
2016.12.02 15:23:00.306,0.9914,0.99167,1.75,1.00
2016.12.02 15:23:00.783,0.99139,0.99167,1.75,1.37
2016.12.02 15:23:02.904,0.9914,0.99165,1.00,1.00
2016.12.02 15:23:03.005,0.99142,0.99166,1.00,1.00
2016.12.02 15:23:05.388,0.99138,0.99167,1.50,2.25
2016.12.02 15:23:05.732,0.99139,0.99166,1.37,1.75
2016.12.02 15:23:06.434,0.99139,0.99165,1.37,1.35
2016.12.02 15:23:06.964,0.99139,0.99165,1.00,1.75
2016.12.02 15:23:07.499,0.99139,0.99163,1.12,1.67
2016.12.02 15:23:08.032,0.99139,0.99164,1.50,2.10
2016.12.02 15:23:08.133,0.99136,0.99161,1.50,1.35
2016.12.02 15:23:08.233,0.99135,0.99163,1.75,2.10
2016.12.02 15:23:09.168,0.99135,0.99162,1.75,1.12
2016.12.02 15:23:11.124,0.99135,0.99161,2.25,1.60
2016.12.02 15:23:11.326,0.99134,0.99159,1.50,1.00
2016.12.02 15:23:11.427,0.99133,0.9916,1.75,1.12
2016.12.02 15:23:12.171,0.99133,0.99159,1.75,1.00
2016.12.02 15:23:12.679,0.99136,0.99162,1.50,1.75
2016.12.02 15:23:13.014,0.99139,0.99161,1.00,1.00
2016.12.02 15:23:13.597,0.99139,0.99166,1.12,2.25
2016.12.02 15:23:13.648,0.9914,0.99165,1.00,1.00
2016.12.02 15:23:14.852,0.99144,0.99168,1.00,1.00
2016.12.02 15:23:14.953,0.99147,0.99172,1.00,1.50
2016.12.02 15:23:15.519,0.99147,0.99171,1.00,1.00
2016.12.02 15:23:17.034,0.99142,0.99171,1.75,2.25
2016.12.02 15:23:17.753,0.99142,0.99167,1.00,1.00
2016.12.02 15:23:17.854,0.99139,0.99166,1.50,1.50
2016.12.02 15:23:19.148,0.99141,0.99167,1.75,1.00
2016.12.02 15:23:19.299,0.99146,0.9917,1.00,1.00
2016.12.02 15:23:19.400,0.99141,0.9917,2.25,1.50
2016.12.02 15:23:19.551,0.99144,0.9917,1.75,1.00
2016.12.02 15:23:20.356,0.99141,0.9917,1.75,1.50
2016.12.02 15:23:20.951,0.99138,0.9917,3.00,1.75
2016.12.02 15:23:21.253,0.99136,0.99161,1.75,1.00
2016.12.02 15:23:22.827,0.99139,0.99162,1.00,1.00
2016.12.02 15:23:22.978,0.99137,0.99162,1.00,1.50
2016.12.02 15:23:23.913,0.99135,0.99165,1.75,1.35
2016.12.02 15:23:24.431,0.99135,0.99165,1.75,1.67
2016.12.02 15:23:26.040,0.99134,0.99164,2.62,1.75
2016.12.02 15:23:26.091,0.99133,0.99164,1.75,2.25
2016.12.02 15:23:26.192,0.99134,0.99162,1.75,1.75
2016.12.02 15:23:26.393,0.99134,0.99158,1.00,1.00
2016.12.02 15:23:26.806,0.99133,0.99156,1.00,1.00
2016.12.02 15:23:27.104,0.99134,0.99158,1.00,1.00
2016.12.02 15:23:27.256,0.99134,0.99158,1.00,1.75
2016.12.02 15:23:27.306,0.99129,0.99156,1.50,1.50
2016.12.02 15:23:27.652,0.99133,0.9916,1.75,1.67
2016.12.02 15:23:27.760,0.99133,0.9916,1.75,1.30
2016.12.02 15:23:27.865,0.99133,0.9916,1.12,1.35
2016.12.02 15:23:27.966,0.99133,0.9916,1.75,1.35
2016.12.02 15:23:28.067,0.99134,0.99161,1.12,1.75
2016.12.02 15:23:28.168,0.99134,0.99163,1.75,1.75
2016.12.02 15:23:28.269,0.99135,0.99159,1.00,1.00
2016.12.02 15:23:28.370,0.99131,0.99163,2.62,1.75
2016.12.02 15:23:32.681,0.9913,0.99162,1.75,1.75
2016.12.02 15:23:32.883,0.99129,0.9916,2.25,1.75
2016.12.02 15:23:33.376,0.99129,0.99157,2.25,1.12
2016.12.02 15:23:33.476,0.99131,0.99164,1.75,2.25
2016.12.02 15:23:33.678,0.99131,0.99164,3.37,1.75
2016.12.02 15:23:34.080,0.99129,0.99159,1.75,2.25
2016.12.02 15:23:34.131,0.99125,0.99153,2.62,1.00
2016.12.02 15:23:34.181,0.99124,0.99153,1.75,1.75
2016.12.02 15:23:34.775,0.99124,0.99157,1.75,3.00
2016.12.02 15:23:36.265,0.99127,0.99157,1.75,1.75
2016.12.02 15:23:36.365,0.99134,0.99158,1.00,1.35
2016.12.02 15:23:36.894,0.99134,0.99161,1.00,2.25
2016.12.02 15:23:37.472,0.99134,0.99158,1.00,1.00
2016.12.02 15:23:38.509,0.99134,0.9916,1.00,1.75
2016.12.02 15:23:38.811,0.99125,0.99151,3.37,1.00
2016.12.02 15:23:38.861,0.99125,0.99151,1.75,1.00
2016.12.02 15:23:39.453,0.99125,0.99156,1.75,2.25
2016.12.02 15:23:40.426,0.99125,0.99156,1.50,2.85
2016.12.02 15:23:40.526,0.9913,0.99155,1.00,1.00
2016.12.02 15:23:41.136,0.9913,0.99151,1.00,1.00
2016.12.02 15:23:41.187,0.99124,0.99151,1.50,1.37
2016.12.02 15:23:41.288,0.99124,0.99149,1.50,1.00
2016.12.02 15:23:42.410,0.99124,0.99154,2.10,1.75
2016.12.02 15:23:42.461,0.99126,0.99157,1.50,3.00
2016.12.02 15:23:42.511,0.99126,0.99157,1.50,3.00
2016.12.02 15:23:42.842,0.99128,0.99155,1.37,2.10
2016.12.02 15:23:43.371,0.99128,0.99152,1.00,1.00
2016.12.02 15:23:43.874,0.99128,0.99153,1.00,1.00
2016.12.02 15:23:43.925,0.99122,0.99152,2.62,1.37
2016.12.02 15:23:43.976,0.99125,0.9915,1.00,1.00
2016.12.02 15:23:44.026,0.9912,0.9915,1.75,1.67
2016.12.02 15:23:44.077,0.99123,0.99148,1.00,1.00
2016.12.02 15:23:45.609,0.99123,0.99154,1.75,1.75
2016.12.02 15:23:46.594,0.99125,0.99155,1.75,1.75
2016.12.02 15:23:47.572,0.99129,0.99156,1.00,3.00
2016.12.02 15:23:47.815,0.99131,0.99155,1.00,1.00
2016.12.02 15:23:48.353,0.99129,0.99159,1.75,1.75
2016.12.02 15:23:49.417,0.99128,0.99157,1.50,1.75
2016.12.02 15:23:50.730,0.99129,0.9916,2.25,1.75
2016.12.02 15:23:51.311,0.99129,0.99157,1.50,1.75
2016.12.02 15:23:51.614,0.99124,0.99155,3.00,1.75
2016.12.02 15:23:52.245,0.99129,0.99155,1.00,1.75
2016.12.02 15:23:53.910,0.99129,0.99153,1.00,1.35
2016.12.02 15:23:54.243,0.99129,0.99156,1.00,1.75
2016.12.02 15:23:54.294,0.99129,0.99157,1.87,2.85
2016.12.02 15:23:54.344,0.99129,0.9916,2.25,1.75
2016.12.02 15:23:54.531,0.99134,0.99162,1.50,1.75
2016.12.02 15:23:54.633,0.99134,0.99162,1.12,2.25
2016.12.02 15:23:55.042,0.99128,0.99157,1.50,2.10
2016.12.02 15:23:55.092,0.99128,0.99157,1.50,2.10
2016.12.02 15:23:55.395,0.99129,0.9916,1.50,4.12
2016.12.02 15:23:55.546,0.99134,0.99159,1.00,1.00
2016.12.02 15:23:56.244,0.99129,0.99159,1.75,1.75
2016.12.02 15:23:56.345,0.99131,0.99156,1.00,1.00
2016.12.02 15:23:57.264,0.99133,0.99156,1.00,1.00
2016.12.02 15:23:57.767,0.99134,0.99156,1.00,1.00
2016.12.02 15:23:58.336,0.99134,0.9916,1.00,1.75
2016.12.02 15:23:59.530,0.99134,0.99162,1.50,1.35
2016.12.02 15:24:00.532,0.99129,0.9916,1.75,1.75
2016.12.02 15:24:00.733,0.99129,0.99161,1.75,1.75
2016.12.02 15:24:01.035,0.99134,0.99158,1.00,1.00
2016.12.02 15:24:01.207,0.99129,0.99161,2.25,2.62
2016.12.02 15:24:01.257,0.99129,0.99158,1.75,1.75
2016.12.02 15:24:01.358,0.99129,0.99157,1.12,1.75
2016.12.02 15:24:01.459,0.99129,0.99156,1.75,1.75
2016.12.02 15:24:01.862,0.99129,0.99156,1.12,1.75
2016.12.02 15:24:01.963,0.99131,0.99156,1.00,1.50
2016.12.02 15:24:02.317,0.99129,0.99156,1.37,2.25
2016.12.02 15:24:02.624,0.99128,0.99156,1.37,1.75
2016.12.02 15:24:03.736,0.99129,0.99151,1.00,1.00
2016.12.02 15:24:04.227,0.99129,0.99153,1.00,2.10
2016.12.02 15:24:04.277,0.99124,0.99149,1.00,1.00
2016.12.02 15:24:04.711,0.99123,0.99152,1.75,1.75
2016.12.02 15:24:05.246,0.99123,0.99152,1.75,1.75
2016.12.02 15:24:05.652,0.99124,0.99151,1.50,1.75
2016.12.02 15:24:07.656,0.99126,0.99151,1.00,1.50
2016.12.02 15:24:08.109,0.99129,0.99151,1.00,1.00
2016.12.02 15:24:08.386,0.99124,0.99151,1.12,1.75
2016.12.02 15:24:08.537,0.99121,0.99148,1.00,2.25
2016.12.02 15:24:08.688,0.99113,0.99144,2.25,1.75
2016.12.02 15:24:08.739,0.99113,0.99142,2.25,2.62
2016.12.02 15:24:08.840,0.99113,0.9914,1.12,1.75
2016.12.02 15:24:09.227,0.99114,0.9914,1.37,1.50
2016.12.02 15:24:09.278,0.99115,0.9914,1.00,1.00
2016.12.02 15:24:09.429,0.99119,0.99145,1.00,1.67
2016.12.02 15:24:09.479,0.99119,0.99145,1.12,1.67
2016.12.02 15:24:10.033,0.99119,0.99148,1.50,2.25
2016.12.02 15:24:10.734,0.99121,0.99145,1.00,1.00
2016.12.02 15:24:11.624,0.99115,0.99146,2.25,1.75
2016.12.02 15:24:11.939,0.99119,0.99148,1.37,1.75
2016.12.02 15:24:12.090,0.9912,0.99145,1.00,1.00
2016.12.02 15:24:12.391,0.99119,0.9915,1.75,1.75
2016.12.02 15:24:12.825,0.99119,0.99147,1.75,2.10
2016.12.02 15:24:12.976,0.99113,0.99143,1.75,1.35
2016.12.02 15:24:13.077,0.99113,0.9914,1.50,1.37
2016.12.02 15:24:13.128,0.99114,0.9914,1.00,1.75
2016.12.02 15:24:14.604,0.99109,0.99137,1.75,1.37
2016.12.02 15:24:14.655,0.99108,0.99137,2.25,1.87
2016.12.02 15:24:15.247,0.99108,0.99137,1.75,1.75
2016.12.02 15:24:15.348,0.99108,0.99137,1.75,1.50
2016.12.02 15:24:16.193,0.99114,0.9914,1.00,2.10
2016.12.02 15:24:16.633,0.99109,0.99136,1.75,1.12
2016.12.02 15:24:16.834,0.99114,0.99137,1.00,1.50
2016.12.02 15:24:17.163,0.99114,0.99137,1.00,1.75
2016.12.02 15:24:17.214,0.99108,0.99137,1.50,1.75
2016.12.02 15:24:17.315,0.99114,0.99137,1.00,1.75
2016.12.02 15:24:17.822,0.99113,0.99137,1.00,1.75
2016.12.02 15:24:18.297,0.99119,0.99137,1.00,1.75
2016.12.02 15:24:18.398,0.99113,0.99137,1.00,1.75
2016.12.02 15:24:18.499,0.99113,0.9914,1.12,1.75
2016.12.02 15:24:18.927,0.99119,0.9914,1.00,1.75
2016.12.02 15:24:19.813,0.99114,0.99142,1.00,2.62
2016.12.02 15:24:19.863,0.99114,0.99143,1.37,2.62
2016.12.02 15:24:19.964,0.99117,0.99141,1.00,1.00
2016.12.02 15:24:20.115,0.99119,0.99141,1.00,1.00
2016.12.02 15:24:20.685,0.99118,0.99145,1.37,1.37
2016.12.02 15:24:20.786,0.99124,0.99145,1.00,1.00
2016.12.02 15:24:20.837,0.99119,0.99145,1.75,1.00
2016.12.02 15:24:20.888,0.99119,0.99148,1.75,2.10
2016.12.02 15:24:20.998,0.99121,0.99148,1.00,1.67
2016.12.02 15:24:21.502,0.99115,0.99146,1.75,1.75
2016.12.02 15:24:22.054,0.99119,0.99143,1.00,1.00
2016.12.02 15:24:22.615,0.99119,0.99142,1.00,1.00
2016.12.02 15:24:23.093,0.99119,0.99143,1.00,1.50
2016.12.02 15:24:23.265,0.99114,0.99141,1.75,1.50
2016.12.02 15:24:23.366,0.99115,0.99141,1.00,1.50
2016.12.02 15:24:23.568,0.99113,0.9914,1.00,1.75
2016.12.02 15:24:23.669,0.99114,0.99138,1.37,1.00
2016.12.02 15:24:25.314,0.99108,0.99137,2.25,1.37
2016.12.02 15:24:25.364,0.99111,0.99136,1.00,1.00
2016.12.02 15:24:25.415,0.99114,0.99136,1.00,1.00
2016.12.02 15:24:25.732,0.99111,0.99136,1.00,1.00
2016.12.02 15:24:26.372,0.99108,0.99137,3.00,1.75
2016.12.02 15:24:26.675,0.99114,0.99137,1.12,1.12
2016.12.02 15:24:26.776,0.99114,0.9914,1.12,2.85
2016.12.02 15:24:26.877,0.99109,0.99136,1.75,1.35
2016.12.02 15:24:27.380,0.99107,0.99136,1.75,2.10
2016.12.02 15:24:27.796,0.99105,0.99135,1.75,1.35
2016.12.02 15:24:27.847,0.99105,0.99131,1.75,1.60
2016.12.02 15:24:27.898,0.99104,0.99129,1.50,1.72
2016.12.02 15:24:27.998,0.99104,0.99134,1.37,3.97
2016.12.02 15:24:28.099,0.99104,0.99132,1.50,2.10
2016.12.02 15:24:30.009,0.99098,0.99128,4.12,1.37
2016.12.02 15:24:30.059,0.99098,0.99128,2.25,1.50
2016.12.02 15:24:30.110,0.99098,0.99128,4.12,1.12
2016.12.02 15:24:30.945,0.99104,0.99129,1.00,1.00
2016.12.02 15:24:31.914,0.99099,0.9913,2.25,1.75
2016.12.02 15:24:31.964,0.99102,0.99127,1.00,1.00
2016.12.02 15:24:32.115,0.99099,0.99126,1.37,1.87
2016.12.02 15:24:32.166,0.99098,0.99126,1.12,2.25
2016.12.02 15:24:32.485,0.99099,0.99123,1.50,1.00
2016.12.02 15:24:34.008,0.99099,0.99126,1.50,1.75
2016.12.02 15:24:34.109,0.99097,0.99129,1.75,1.75
2016.12.02 15:24:34.311,0.991,0.99129,1.75,1.75
2016.12.02 15:24:34.882,0.99104,0.99129,1.00,1.75
2016.12.02 15:24:36.098,0.99104,0.99131,1.50,1.50
2016.12.02 15:24:36.300,0.99107,0.99131,1.00,1.00
2016.12.02 15:24:36.498,0.99102,0.9913,1.75,1.50
2016.12.02 15:24:36.800,0.99107,0.99131,1.00,1.35
2016.12.02 15:24:37.534,0.99102,0.99131,1.75,1.67
2016.12.02 15:24:38.100,0.99102,0.99131,1.75,1.67
2016.12.02 15:24:38.804,0.99105,0.99136,1.75,2.85
2016.12.02 15:24:39.320,0.99105,0.99135,1.75,1.75
2016.12.02 15:24:40.319,0.99103,0.99134,1.75,1.75
2016.12.02 15:24:40.661,0.99109,0.99134,1.00,1.75
2016.12.02 15:24:40.976,0.99109,0.99131,1.00,1.75
2016.12.02 15:24:41.128,0.99109,0.99132,1.00,1.50
2016.12.02 15:24:41.228,0.99109,0.99132,1.00,1.75
2016.12.02 15:24:41.613,0.99109,0.99131,1.00,1.75
2016.12.02 15:24:41.740,0.99104,0.99131,1.00,2.25
2016.12.02 15:24:42.535,0.99104,0.99128,1.00,1.75
2016.12.02 15:24:43.017,0.99097,0.99128,1.75,1.75
2016.12.02 15:24:43.260,0.99104,0.99128,1.00,1.75
2016.12.02 15:24:43.764,0.99103,0.99128,1.00,1.75
2016.12.02 15:24:44.333,0.99109,0.99128,1.00,1.75
2016.12.02 15:24:44.436,0.99109,0.99131,1.00,1.75
2016.12.02 15:24:44.960,0.99104,0.99131,1.00,2.25
2016.12.02 15:24:45.010,0.99104,0.99129,1.00,1.35
2016.12.02 15:24:46.462,0.99103,0.99126,1.00,1.35
2016.12.02 15:24:47.033,0.99104,0.99126,1.00,1.35
2016.12.02 15:24:48.352,0.99101,0.99126,1.00,2.10
2016.12.02 15:24:48.453,0.99104,0.99126,1.00,1.35
2016.12.02 15:24:48.655,0.99101,0.99125,1.00,1.00
2016.12.02 15:24:48.705,0.991,0.99131,2.25,4.72
2016.12.02 15:24:48.756,0.99104,0.99131,1.12,2.10
2016.12.02 15:24:48.807,0.99104,0.99131,1.50,1.72
2016.12.02 15:24:48.857,0.99104,0.99135,2.25,1.75
2016.12.02 15:24:49.812,0.99104,0.99135,1.75,2.25
2016.12.02 15:24:49.863,0.99106,0.9913,1.00,1.00
2016.12.02 15:24:51.066,0.99109,0.9913,1.00,1.00
2016.12.02 15:24:51.268,0.99104,0.99133,2.25,1.67
2016.12.02 15:24:51.776,0.99104,0.99131,2.25,1.00
2016.12.02 15:24:52.280,0.99104,0.99131,1.75,1.75
2016.12.02 15:24:52.638,0.99108,0.99134,1.00,1.75
2016.12.02 15:24:53.174,0.99109,0.9913,1.00,1.67
2016.12.02 15:24:54.174,0.99109,0.99133,1.00,1.00
2016.12.02 15:24:54.427,0.99104,0.99133,1.37,1.50
2016.12.02 15:24:54.477,0.99104,0.99133,1.37,1.75
2016.12.02 15:24:55.834,0.99104,0.99133,1.75,1.75
2016.12.02 15:24:55.935,0.99101,0.99132,1.75,1.75
2016.12.02 15:24:56.036,0.99103,0.99134,1.50,2.62
2016.12.02 15:24:56.136,0.99103,0.99135,1.75,2.25
2016.12.02 15:24:56.438,0.99104,0.9913,1.00,1.75
2016.12.02 15:24:56.763,0.991,0.9913,1.50,1.75
2016.12.02 15:24:57.015,0.99103,0.99131,1.37,3.37
2016.12.02 15:24:57.066,0.99106,0.9913,1.00,1.00
2016.12.02 15:24:57.167,0.99108,0.9913,1.00,1.00
2016.12.02 15:24:57.357,0.99104,0.99136,1.75,1.75
2016.12.02 15:24:57.509,0.99109,0.99136,1.50,1.50
2016.12.02 15:24:57.560,0.99111,0.99136,1.50,1.00
2016.12.02 15:24:57.611,0.99111,0.99139,1.50,2.10
2016.12.02 15:24:58.114,0.99111,0.99139,1.75,2.10
2016.12.02 15:24:58.684,0.99109,0.99137,1.75,1.30
2016.12.02 15:24:58.835,0.99111,0.99141,2.25,1.75
2016.12.02 15:24:59.239,0.99108,0.99136,1.75,1.87
2016.12.02 15:24:59.391,0.9911,0.99131,1.00,1.00
2016.12.02 15:24:59.642,0.99109,0.99136,2.25,1.30
2016.12.02 15:25:00.052,0.99114,0.99136,1.00,2.85
2016.12.02 15:25:00.152,0.99109,0.99136,1.75,3.60
2016.12.02 15:25:00.873,0.99108,0.99132,1.75,2.10
2016.12.02 15:25:01.540,0.99108,0.99134,1.75,2.85
2016.12.02 15:25:02.363,0.99113,0.99134,1.00,2.85
2016.12.02 15:25:02.914,0.99114,0.99134,1.00,2.85
2016.12.02 15:25:03.423,0.99113,0.99134,1.00,2.85
2016.12.02 15:25:03.473,0.99109,0.99134,1.75,2.85
2016.12.02 15:25:03.524,0.99109,0.99134,1.75,2.85
2016.12.02 15:25:03.574,0.99109,0.99134,1.00,3.60
2016.12.02 15:25:04.089,0.99109,0.9913,1.00,1.67
2016.12.02 15:25:04.190,0.99114,0.99136,1.00,1.35
2016.12.02 15:25:04.342,0.99112,0.99139,2.25,3.22
2016.12.02 15:25:04.443,0.99111,0.99135,1.00,1.00
2016.12.02 15:25:04.594,0.99108,0.99135,1.50,1.50
2016.12.02 15:25:07.635,0.99105,0.99135,1.75,2.85
2016.12.02 15:25:07.686,0.99107,0.99132,1.00,1.50
2016.12.02 15:25:08.192,0.99107,0.99131,1.00,1.00
2016.12.02 15:25:08.713,0.99107,0.99132,1.00,1.50
2016.12.02 15:25:10.580,0.99109,0.99132,1.00,1.00
2016.12.02 15:25:11.444,0.99109,0.99131,1.00,1.37
2016.12.02 15:25:11.595,0.99104,0.9913,1.12,1.75
2016.12.02 15:25:11.835,0.99101,0.99125,1.37,1.12
2016.12.02 15:25:11.885,0.99099,0.99124,1.12,1.75
2016.12.02 15:25:13.215,0.99095,0.99124,1.75,1.75
2016.12.02 15:25:13.378,0.99095,0.9912,1.00,1.00
2016.12.02 15:25:13.636,0.99099,0.9912,1.00,1.00
2016.12.02 15:25:13.788,0.99102,0.99127,1.00,1.00
2016.12.02 15:25:13.889,0.991,0.9913,2.25,1.75
2016.12.02 15:25:14.091,0.99106,0.99131,1.00,2.25
2016.12.02 15:25:14.298,0.99101,0.99131,2.25,1.75
2016.12.02 15:25:14.757,0.99103,0.99132,1.12,2.85
2016.12.02 15:25:14.908,0.99104,0.99129,1.50,1.00
2016.12.02 15:25:14.959,0.99104,0.99135,1.50,5.47
2016.12.02 15:25:15.110,0.99104,0.99129,2.25,1.00
2016.12.02 15:25:15.363,0.99104,0.9913,1.12,1.75
2016.12.02 15:25:15.955,0.99104,0.9913,1.00,1.75
2016.12.02 15:25:17.136,0.99099,0.9913,3.00,2.25
2016.12.02 15:25:30.316,0.99104,0.99128,1.00,1.00
2016.12.02 15:25:30.417,0.99104,0.99133,1.75,1.75
2016.12.02 15:25:32.036,0.99105,0.99135,1.75,1.75
2016.12.02 15:25:33.465,0.99109,0.99135,1.00,2.10
2016.12.02 15:25:35.735,0.99109,0.9913,1.00,1.00
2016.12.02 15:25:36.238,0.99105,0.9913,1.00,1.00
2016.12.02 15:25:36.816,0.99103,0.99132,1.50,2.10
2016.12.02 15:25:37.240,0.99104,0.99128,1.00,1.75
2016.12.02 15:25:37.341,0.99104,0.99132,1.00,2.10
2016.12.02 15:25:37.442,0.99104,0.99132,1.75,1.35
2016.12.02 15:25:37.543,0.99104,0.99131,1.12,1.75
2016.12.02 15:25:37.839,0.99104,0.99132,1.75,1.35
2016.12.02 15:25:38.321,0.99104,0.99131,1.00,2.62
2016.12.02 15:25:38.741,0.99104,0.99128,1.50,1.00
2016.12.02 15:25:38.943,0.99104,0.9913,1.00,1.75
2016.12.02 15:25:39.446,0.99103,0.9913,1.00,1.75
2016.12.02 15:25:39.977,0.99103,0.99131,1.50,1.75
2016.12.02 15:25:40.617,0.99103,0.99131,1.37,3.37
2016.12.02 15:25:41.159,0.99104,0.99128,1.00,1.75
2016.12.02 15:25:42.164,0.99104,0.9913,1.00,1.75
2016.12.02 15:25:43.781,0.99098,0.99127,1.75,1.75
2016.12.02 15:25:44.563,0.99104,0.99126,1.00,1.50
2016.12.02 15:25:44.668,0.99099,0.99126,1.00,1.75
2016.12.02 15:25:44.950,0.99091,0.99121,2.25,1.75
2016.12.02 15:25:46.012,0.99094,0.9912,1.37,1.35
2016.12.02 15:25:46.741,0.99091,0.99116,1.75,1.00
2016.12.02 15:25:46.881,0.99091,0.99116,1.12,1.12
2016.12.02 15:25:47.032,0.99089,0.99116,1.50,1.50
2016.12.02 15:25:47.544,0.99088,0.99117,1.75,1.75
2016.12.02 15:25:48.013,0.99088,0.99114,1.75,1.35
2016.12.02 15:25:48.477,0.99089,0.99118,2.25,2.85
2016.12.02 15:25:50.634,0.99091,0.99118,1.00,2.10
2016.12.02 15:25:51.654,0.99093,0.99118,1.00,1.35
2016.12.02 15:25:51.755,0.99093,0.99119,1.37,1.35
2016.12.02 15:25:52.484,0.99092,0.99121,2.25,1.50
2016.12.02 15:25:54.063,0.99098,0.99121,1.00,1.00
2016.12.02 15:25:54.956,0.99098,0.99122,1.00,1.00
2016.12.02 15:25:55.465,0.99094,0.99122,2.62,1.00
2016.12.02 15:25:55.566,0.99093,0.99122,1.75,1.50
2016.12.02 15:25:57.760,0.99089,0.99121,2.25,1.75
2016.12.02 15:25:57.962,0.99089,0.9912,2.25,1.75
2016.12.02 15:25:58.358,0.99091,0.99122,2.25,2.62
2016.12.02 15:25:58.408,0.99092,0.99124,1.75,1.75
2016.12.02 15:25:58.591,0.99094,0.99127,1.75,2.25
2016.12.02 15:26:00.176,0.99104,0.99127,1.00,1.75
2016.12.02 15:26:00.687,0.99104,0.99127,1.00,1.75
2016.12.02 15:26:00.967,0.99099,0.99127,1.37,1.75
2016.12.02 15:26:01.067,0.99103,0.99127,1.00,1.75
2016.12.02 15:26:01.413,0.99098,0.99122,1.50,1.00
2016.12.02 15:26:01.464,0.99098,0.99128,1.50,1.75
2016.12.02 15:26:01.515,0.99096,0.99128,1.75,1.75
2016.12.02 15:26:01.660,0.99098,0.99126,1.37,1.75
2016.12.02 15:26:02.190,0.99093,0.99125,1.75,1.75
2016.12.02 15:26:02.392,0.99094,0.99122,1.50,1.75
2016.12.02 15:26:02.694,0.99098,0.99128,1.50,1.75
2016.12.02 15:26:02.795,0.99101,0.99126,1.00,1.00
2016.12.02 15:26:04.288,0.99099,0.99124,1.50,1.00
2016.12.02 15:26:06.077,0.99098,0.99124,1.37,1.50
2016.12.02 15:26:06.388,0.99098,0.99124,1.12,1.75
2016.12.02 15:26:06.817,0.99094,0.99119,1.00,1.00
2016.12.02 15:26:06.968,0.99093,0.9912,1.37,1.75
2016.12.02 15:26:07.271,0.99098,0.99121,1.00,1.35
2016.12.02 15:26:07.321,0.99094,0.99121,1.75,1.67
2016.12.02 15:26:07.523,0.99099,0.99125,1.00,1.75
2016.12.02 15:26:08.043,0.99098,0.99125,1.00,1.75
2016.12.02 15:26:08.361,0.99094,0.99125,1.75,3.37
2016.12.02 15:26:08.622,0.99098,0.99121,1.00,1.00
2016.12.02 15:26:09.900,0.99096,0.99121,1.00,1.00
2016.12.02 15:26:10.002,0.9909,0.99123,2.62,3.00
2016.12.02 15:26:10.151,0.99089,0.99119,1.75,1.75
2016.12.02 15:26:10.202,0.99093,0.99119,1.00,1.75
2016.12.02 15:26:10.353,0.99096,0.9912,1.00,1.00
2016.12.02 15:26:11.704,0.99094,0.99124,1.75,1.75
2016.12.02 15:26:12.252,0.99094,0.99124,1.75,1.75
2016.12.02 15:26:13.534,0.99094,0.99124,1.75,1.75
2016.12.02 15:26:14.420,0.99094,0.99124,1.75,1.75
2016.12.02 15:26:15.961,0.99094,0.99124,1.50,1.75
2016.12.02 15:26:18.771,0.99094,0.99124,1.50,1.75
2016.12.02 15:26:19.079,0.99094,0.99121,1.50,1.75
2016.12.02 15:26:19.445,0.99094,0.99123,1.37,2.62
2016.12.02 15:26:19.496,0.99094,0.99124,1.75,1.75
2016.12.02 15:26:20.514,0.99099,0.99122,1.00,1.75
2016.12.02 15:26:21.124,0.99099,0.99119,1.00,1.00
2016.12.02 15:26:23.010,0.99103,0.99125,1.00,1.75
2016.12.02 15:26:23.530,0.99103,0.99123,1.00,1.75
2016.12.02 15:26:24.506,0.99098,0.99123,1.00,1.75
2016.12.02 15:26:24.830,0.99103,0.99123,1.00,1.75
2016.12.02 15:26:28.212,0.99099,0.99123,1.00,1.75
2016.12.02 15:26:28.512,0.99104,0.99123,1.00,1.75
2016.12.02 15:26:33.776,0.99103,0.99123,1.00,1.75
2016.12.02 15:26:33.919,0.99099,0.99123,1.00,1.75
2016.12.02 15:26:34.020,0.99104,0.99123,1.00,1.75
2016.12.02 15:26:36.348,0.99099,0.99123,1.00,1.75
2016.12.02 15:26:37.333,0.99098,0.99123,1.00,1.75
2016.12.02 15:26:39.628,0.99099,0.99122,1.00,1.75
2016.12.02 15:26:40.754,0.99104,0.99123,1.00,2.10
2016.12.02 15:26:40.858,0.99104,0.9912,1.00,1.00
2016.12.02 15:26:42.256,0.99104,0.99123,1.00,1.00
2016.12.02 15:26:45.014,0.99104,0.99126,1.00,3.37
2016.12.02 15:26:45.065,0.99099,0.99124,1.00,1.75
2016.12.02 15:26:45.166,0.99099,0.99127,1.12,1.75
2016.12.02 15:26:45.270,0.99114,0.99127,1.00,1.75
2016.12.02 15:26:45.371,0.99109,0.99127,1.00,1.75
2016.12.02 15:26:45.575,0.99108,0.99125,1.00,1.00
2016.12.02 15:26:45.934,0.99109,0.99128,1.00,1.75
2016.12.02 15:26:47.363,0.99103,0.99126,1.00,2.10
2016.12.02 15:26:48.112,0.99103,0.99122,1.00,1.00
2016.12.02 15:26:48.464,0.99108,0.99122,1.00,1.00
2016.12.02 15:26:48.971,0.99104,0.99122,1.00,1.00
2016.12.02 15:26:50.852,0.99104,0.99123,1.00,1.75
2016.12.02 15:26:51.115,0.99104,0.99128,1.00,1.75
2016.12.02 15:26:51.272,0.99109,0.99128,1.00,1.75
2016.12.02 15:26:52.749,0.99103,0.99126,1.00,1.50
2016.12.02 15:26:53.275,0.99104,0.99126,1.00,2.25
2016.12.02 15:26:55.563,0.99103,0.99123,1.00,1.50
2016.12.02 15:26:55.887,0.99108,0.99125,1.00,1.75
2016.12.02 15:26:58.855,0.99109,0.99126,1.00,2.25
2016.12.02 15:26:59.664,0.99104,0.99126,1.00,2.25
2016.12.02 15:27:00.218,0.99103,0.99126,1.00,2.25
2016.12.02 15:27:00.516,0.99103,0.99125,1.00,1.12
2016.12.02 15:27:00.891,0.99109,0.9913,1.00,2.25
2016.12.02 15:27:02.265,0.99109,0.99129,1.00,1.75
2016.12.02 15:27:02.779,0.99108,0.99126,1.00,1.67
2016.12.02 15:27:04.173,0.99108,0.99126,1.00,1.67
2016.12.02 15:27:04.375,0.99104,0.99124,1.00,1.50
2016.12.02 15:27:04.890,0.99104,0.99127,1.00,3.37
2016.12.02 15:27:07.025,0.99104,0.99127,1.00,1.75
2016.12.02 15:27:12.098,0.99104,0.99125,1.00,1.75
2016.12.02 15:27:12.677,0.99103,0.99125,1.00,1.75
2016.12.02 15:27:13.123,0.99104,0.99124,1.00,1.75
2016.12.02 15:27:14.688,0.99109,0.99124,1.00,1.75
2016.12.02 15:27:14.839,0.99108,0.99129,1.00,1.75
2016.12.02 15:27:15.006,0.99103,0.99131,1.50,3.37
2016.12.02 15:27:15.109,0.99113,0.99131,1.00,3.37
2016.12.02 15:27:15.159,0.99113,0.99131,1.00,1.75
2016.12.02 15:27:15.818,0.99109,0.99131,1.00,1.75
2016.12.02 15:27:17.083,0.99114,0.99131,1.00,1.75
2016.12.02 15:27:18.514,0.99109,0.99131,1.00,1.75
2016.12.02 15:27:19.021,0.99109,0.99128,1.00,1.00
2016.12.02 15:27:19.071,0.99109,0.99126,1.00,1.00
2016.12.02 15:27:19.821,0.99109,0.99131,1.00,2.25
2016.12.02 15:27:23.688,0.99109,0.9913,1.00,1.75
2016.12.02 15:27:23.990,0.99114,0.99131,1.00,1.75
2016.12.02 15:27:26.336,0.99114,0.99129,1.00,1.00
2016.12.02 15:27:26.487,0.99114,0.99127,1.00,1.00
2016.12.02 15:27:26.538,0.99109,0.99127,1.00,1.00
2016.12.02 15:27:26.831,0.99114,0.99127,1.00,1.00
2016.12.02 15:27:27.147,0.99108,0.99127,1.00,1.00
2016.12.02 15:27:27.934,0.99109,0.99127,1.00,1.00
2016.12.02 15:27:28.393,0.99109,0.99135,1.00,3.37
2016.12.02 15:27:28.494,0.99109,0.99132,1.00,1.00
2016.12.02 15:27:30.008,0.99109,0.99136,1.12,1.35
2016.12.02 15:27:30.563,0.99109,0.99136,1.12,1.35
2016.12.02 15:27:31.072,0.99109,0.99134,1.50,1.75
2016.12.02 15:27:32.282,0.99108,0.99134,1.00,1.75
2016.12.02 15:27:32.803,0.99109,0.99134,1.00,1.75
2016.12.02 15:27:33.095,0.99107,0.99134,1.00,1.75
2016.12.02 15:27:33.706,0.99108,0.99134,1.50,1.75
2016.12.02 15:27:35.069,0.99109,0.99136,1.00,2.10
2016.12.02 15:27:35.684,0.99109,0.99136,1.12,2.10
2016.12.02 15:27:44.650,0.99109,0.99131,1.00,1.37
2016.12.02 15:27:44.801,0.99103,0.99124,1.00,1.00
2016.12.02 15:27:48.200,0.99103,0.99129,1.00,1.75
2016.12.02 15:27:48.543,0.99103,0.99129,1.00,1.75
2016.12.02 15:27:51.292,0.99103,0.99126,1.00,1.75
2016.12.02 15:27:51.690,0.99103,0.9912,1.00,1.00
2016.12.02 15:27:51.740,0.99098,0.9912,1.00,1.00
2016.12.02 15:27:51.791,0.99098,0.9912,1.00,1.37
2016.12.02 15:27:51.942,0.99094,0.9912,1.00,1.75
2016.12.02 15:27:54.676,0.99094,0.99117,1.00,1.37
2016.12.02 15:27:56.619,0.99089,0.99114,1.00,1.00
2016.12.02 15:28:00.041,0.99089,0.99115,1.00,1.35
2016.12.02 15:28:00.343,0.99093,0.99116,1.00,2.10
2016.12.02 15:28:00.544,0.99093,0.99115,1.00,1.00
2016.12.02 15:28:00.707,0.99093,0.99116,1.00,1.35
2016.12.02 15:28:00.859,0.99089,0.99113,1.12,1.67
2016.12.02 15:28:01.422,0.99089,0.99114,1.50,1.72
2016.12.02 15:28:01.725,0.99089,0.99115,1.00,1.75
2016.12.02 15:28:02.030,0.99089,0.99108,1.00,2.10
2016.12.02 15:28:02.131,0.99084,0.99108,1.00,2.85
2016.12.02 15:28:03.471,0.99084,0.99108,1.00,2.10
2016.12.02 15:28:04.433,0.99084,0.99107,1.00,1.75
2016.12.02 15:28:04.534,0.99079,0.99107,1.37,1.75
2016.12.02 15:28:04.635,0.99089,0.99109,1.00,1.75
2016.12.02 15:28:04.736,0.99089,0.99109,1.00,1.00
2016.12.02 15:28:04.837,0.99084,0.99109,1.00,1.00
2016.12.02 15:28:04.938,0.99084,0.99107,1.00,1.00
2016.12.02 15:28:05.135,0.99078,0.99102,1.50,1.00
2016.12.02 15:28:05.236,0.99079,0.99107,1.12,1.75
2016.12.02 15:28:05.336,0.99078,0.99108,1.75,1.35
2016.12.02 15:28:05.638,0.99084,0.99104,1.00,1.00
2016.12.02 15:28:05.739,0.99079,0.99104,1.50,1.00
2016.12.02 15:28:05.840,0.99079,0.99102,1.00,1.00
2016.12.02 15:28:06.333,0.99079,0.99103,1.00,1.75
2016.12.02 15:28:06.635,0.99078,0.99103,1.00,1.00
2016.12.02 15:28:06.862,0.99083,0.99103,1.00,1.00
2016.12.02 15:28:07.325,0.99078,0.99103,1.50,1.00
2016.12.02 15:28:08.532,0.99084,0.99103,1.00,1.00
2016.12.02 15:28:08.928,0.99079,0.99103,1.00,1.00
2016.12.02 15:28:09.370,0.99084,0.99107,1.00,2.10
2016.12.02 15:28:10.335,0.99079,0.99106,1.75,1.12
2016.12.02 15:28:12.056,0.99086,0.99112,1.12,1.35
2016.12.02 15:28:12.358,0.99089,0.99116,1.75,1.35
2016.12.02 15:28:12.745,0.99088,0.99117,1.75,2.10
2016.12.02 15:28:12.969,0.99088,0.99117,1.50,2.10
2016.12.02 15:28:13.080,0.99094,0.99117,1.00,2.10
2016.12.02 15:28:15.375,0.99094,0.99115,1.00,1.75
2016.12.02 15:28:15.476,0.99089,0.99115,1.00,2.25
2016.12.02 15:28:15.980,0.99084,0.99113,3.37,1.72
2016.12.02 15:28:16.140,0.99084,0.9911,1.75,1.37
2016.12.02 15:28:16.192,0.99079,0.9911,4.12,2.25
2016.12.02 15:28:16.242,0.99079,0.9911,2.25,2.25
2016.12.02 15:28:16.394,0.99078,0.99106,1.00,1.75
2016.12.02 15:28:16.494,0.99077,0.99106,1.75,1.75
2016.12.02 15:28:16.776,0.99084,0.99108,1.00,1.75
2016.12.02 15:28:16.983,0.99081,0.99106,1.00,1.00
2016.12.02 15:28:17.185,0.99084,0.99106,1.00,1.00
2016.12.02 15:28:17.367,0.99079,0.99103,1.37,1.30
2016.12.02 15:28:19.496,0.99078,0.99103,1.00,2.10
2016.12.02 15:28:19.599,0.99078,0.99103,1.12,2.10
2016.12.02 15:28:20.129,0.99074,0.99101,1.75,1.00
2016.12.02 15:28:20.180,0.99074,0.99103,1.75,2.10
2016.12.02 15:28:20.482,0.99079,0.99106,1.37,1.75
2016.12.02 15:28:20.667,0.99077,0.99106,2.25,1.50
2016.12.02 15:28:25.504,0.99079,0.99105,1.00,1.75
2016.12.02 15:28:27.496,0.99074,0.99101,1.50,2.25
2016.12.02 15:28:27.695,0.9907,0.99098,1.75,1.50
2016.12.02 15:28:27.796,0.99076,0.99099,1.12,1.30
2016.12.02 15:28:27.897,0.99077,0.99101,1.00,1.00
2016.12.02 15:28:28.098,0.99077,0.99102,1.75,1.00
2016.12.02 15:28:28.902,0.99078,0.99108,2.25,1.75
2016.12.02 15:28:29.585,0.99079,0.99104,1.00,1.00
2016.12.02 15:28:29.990,0.99078,0.99104,1.00,1.75
2016.12.02 15:28:30.091,0.99079,0.99103,1.00,1.50
2016.12.02 15:28:30.324,0.99079,0.99104,1.50,1.00
2016.12.02 15:28:30.374,0.99081,0.99104,1.00,1.00
2016.12.02 15:28:30.676,0.99084,0.99107,1.00,1.75
2016.12.02 15:28:31.413,0.99083,0.99107,1.00,1.75
2016.12.02 15:28:32.419,0.99084,0.99107,1.00,2.25
2016.12.02 15:28:32.620,0.99084,0.99108,1.00,1.75
2016.12.02 15:28:32.879,0.99084,0.99109,1.00,2.25
2016.12.02 15:28:34.493,0.99084,0.99107,1.00,1.00
2016.12.02 15:28:35.047,0.99089,0.99107,1.00,1.00
2016.12.02 15:28:35.098,0.99089,0.99113,1.00,2.10
2016.12.02 15:28:35.198,0.99084,0.99107,1.00,1.00
2016.12.02 15:28:35.249,0.99089,0.99107,1.00,1.00
2016.12.02 15:28:35.537,0.99083,0.99108,1.50,1.12
2016.12.02 15:28:35.689,0.99083,0.99108,1.00,2.25
2016.12.02 15:28:37.089,0.99083,0.99108,1.75,1.37
2016.12.02 15:28:37.140,0.99084,0.99109,1.75,1.00
2016.12.02 15:28:37.190,0.99084,0.9911,1.12,2.25
2016.12.02 15:28:37.291,0.99084,0.99112,1.50,1.75
2016.12.02 15:28:38.096,0.99084,0.99109,1.00,1.75
2016.12.02 15:28:38.506,0.99084,0.99106,1.00,2.25
2016.12.02 15:28:38.725,0.99084,0.99106,1.00,1.00
2016.12.02 15:28:38.776,0.99081,0.99106,1.00,1.00
2016.12.02 15:28:38.826,0.9908,0.99112,2.25,2.10
2016.12.02 15:28:39.631,0.99083,0.9911,1.12,1.75
2016.12.02 15:28:40.705,0.99083,0.99107,1.00,1.75
2016.12.02 15:28:40.974,0.99078,0.99107,1.75,2.25
2016.12.02 15:28:41.934,0.99083,0.99106,1.00,1.00
2016.12.02 15:28:42.713,0.99083,0.99104,1.00,1.00
2016.12.02 15:28:42.948,0.99083,0.99106,1.00,1.00
2016.12.02 15:28:46.127,0.99083,0.99107,1.00,1.75
2016.12.02 15:28:46.278,0.99079,0.99107,1.37,1.75
2016.12.02 15:28:47.715,0.99082,0.99107,1.00,1.00
2016.12.02 15:28:48.432,0.99079,0.9911,2.25,1.75
2016.12.02 15:28:48.846,0.99079,0.99106,1.12,1.75
2016.12.02 15:28:49.149,0.99084,0.99106,1.00,1.75
2016.12.02 15:28:49.661,0.99084,0.99104,1.00,1.75
2016.12.02 15:28:50.377,0.99078,0.99104,1.00,1.75
2016.12.02 15:28:50.979,0.99079,0.99104,1.00,1.75
2016.12.02 15:28:51.432,0.99079,0.99098,1.00,1.35
2016.12.02 15:28:51.482,0.99073,0.99098,1.00,1.35
2016.12.02 15:28:51.533,0.99073,0.99096,1.00,3.22
2016.12.02 15:28:51.584,0.99068,0.99094,1.00,1.75
2016.12.02 15:28:51.735,0.99068,0.99093,1.00,1.75
2016.12.02 15:28:52.073,0.99073,0.99093,1.00,1.75
2016.12.02 15:28:52.174,0.99069,0.99093,1.00,1.75
2016.12.02 15:28:52.761,0.99068,0.99094,1.00,1.75
2016.12.02 15:28:52.862,0.99068,0.99096,1.37,1.75
2016.12.02 15:28:52.963,0.99074,0.99099,1.00,2.10
2016.12.02 15:28:53.165,0.99074,0.99103,1.50,1.75
2016.12.02 15:28:53.457,0.99084,0.99103,1.00,1.75
2016.12.02 15:28:54.351,0.99084,0.99105,1.00,1.75
2016.12.02 15:28:55.283,0.99084,0.99101,1.00,1.37
2016.12.02 15:28:55.384,0.99079,0.99101,1.00,1.75
2016.12.02 15:28:55.485,0.99079,0.99099,1.00,1.50
2016.12.02 15:28:55.636,0.99079,0.99097,1.00,1.00
2016.12.02 15:28:55.737,0.99074,0.99101,1.37,1.75
2016.12.02 15:28:55.853,0.99075,0.991,1.00,1.00
2016.12.02 15:28:56.258,0.99078,0.991,1.00,1.00
2016.12.02 15:28:56.359,0.99075,0.991,1.00,1.00
2016.12.02 15:28:56.460,0.99074,0.99101,1.37,2.62
2016.12.02 15:28:56.654,0.99074,0.99101,1.12,1.75
2016.12.02 15:28:56.906,0.99079,0.991,1.00,1.75
2016.12.02 15:28:58.289,0.99073,0.99099,1.50,1.75
2016.12.02 15:28:58.390,0.99073,0.99097,1.12,1.37
2016.12.02 15:28:58.692,0.99079,0.99094,1.00,1.00
2016.12.02 15:28:58.995,0.99073,0.99098,1.00,1.75
2016.12.02 15:28:59.146,0.99074,0.99099,1.50,1.00
2016.12.02 15:28:59.375,0.99079,0.99099,1.00,1.00
2016.12.02 15:28:59.678,0.99074,0.99102,1.37,1.75
2016.12.02 15:28:59.980,0.99072,0.99097,1.00,1.00
2016.12.02 15:29:00.081,0.99073,0.99096,1.00,1.37
2016.12.02 15:29:00.289,0.9907,0.99095,1.00,1.35
2016.12.02 15:29:00.340,0.9907,0.99093,1.00,1.00
2016.12.02 15:29:00.682,0.99074,0.99094,1.00,1.50
2016.12.02 15:29:01.007,0.99074,0.99092,1.00,1.00
2016.12.02 15:29:01.547,0.99074,0.99093,1.00,1.00
2016.12.02 15:29:01.597,0.99069,0.99093,1.00,1.00
2016.12.02 15:29:01.698,0.99073,0.99093,1.00,1.37
2016.12.02 15:29:02.217,0.99074,0.99095,1.00,1.75
2016.12.02 15:29:02.379,0.99069,0.99093,1.12,1.50
2016.12.02 15:29:02.480,0.99069,0.99093,1.00,1.50
2016.12.02 15:29:02.783,0.99068,0.99091,1.12,1.50
2016.12.02 15:29:02.884,0.99074,0.99091,1.00,1.12
2016.12.02 15:29:03.392,0.99074,0.99093,1.00,1.75
2016.12.02 15:29:03.694,0.99069,0.9909,1.00,1.50
2016.12.02 15:29:04.046,0.99069,0.99092,1.00,1.50
2016.12.02 15:29:04.409,0.99068,0.99093,1.00,2.25
2016.12.02 15:29:04.727,0.99068,0.9909,1.00,1.75
2016.12.02 15:29:04.984,0.99068,0.99091,1.00,1.37
2016.12.02 15:29:05.084,0.99073,0.99095,1.00,1.50
2016.12.02 15:29:05.281,0.9907,0.99094,1.00,1.00
2016.12.02 15:29:05.723,0.99074,0.99095,1.00,1.00
2016.12.02 15:29:06.226,0.9907,0.99095,1.00,1.50
2016.12.02 15:29:06.452,0.99067,0.99095,1.37,1.50
2016.12.02 15:29:06.696,0.99068,0.99093,1.00,1.50
2016.12.02 15:29:06.998,0.99069,0.99093,1.00,1.75
2016.12.02 15:29:07.353,0.99068,0.9909,1.00,1.75
2016.12.02 15:29:08.389,0.99069,0.99089,1.00,1.50
2016.12.02 15:29:08.870,0.99068,0.99089,1.00,1.75
2016.12.02 15:29:09.021,0.99064,0.99086,1.00,1.35
2016.12.02 15:29:09.800,0.99063,0.99086,1.50,1.60
2016.12.02 15:29:09.851,0.99063,0.99085,1.50,1.00
2016.12.02 15:29:09.952,0.99063,0.99087,1.50,1.00
2016.12.02 15:29:10.155,0.99064,0.99086,1.00,1.72
2016.12.02 15:29:10.508,0.99064,0.99088,1.12,1.37
2016.12.02 15:29:10.710,0.99064,0.99088,1.75,1.00
2016.12.02 15:29:11.100,0.99069,0.99089,1.00,1.00
2016.12.02 15:29:11.430,0.99073,0.9909,1.00,1.00
2016.12.02 15:29:12.050,0.99073,0.99092,1.00,3.22
2016.12.02 15:29:12.248,0.99068,0.99092,1.00,1.12
2016.12.02 15:29:12.399,0.99078,0.99092,1.00,1.12
2016.12.02 15:29:12.501,0.99074,0.99092,1.00,1.12
2016.12.02 15:29:12.551,0.99074,0.9909,1.00,1.00
2016.12.02 15:29:13.184,0.99074,0.9909,1.00,1.50
2016.12.02 15:29:13.834,0.99073,0.99094,1.00,2.25
2016.12.02 15:29:14.089,0.99073,0.99093,1.00,1.00
2016.12.02 15:29:14.617,0.99074,0.99093,1.00,1.00
2016.12.02 15:29:15.661,0.99074,0.99092,1.00,1.00
2016.12.02 15:29:15.812,0.99074,0.99091,1.00,1.37
2016.12.02 15:29:15.964,0.99074,0.99092,1.00,1.30
2016.12.02 15:29:16.317,0.99073,0.99093,1.00,1.50
2016.12.02 15:29:17.054,0.99073,0.99089,1.00,1.12
2016.12.02 15:29:17.307,0.99068,0.99089,1.00,1.12
2016.12.02 15:29:17.530,0.99064,0.99089,1.00,1.37
2016.12.02 15:29:18.049,0.99064,0.99089,1.12,1.12
2016.12.02 15:29:18.910,0.99068,0.99089,1.00,1.12
2016.12.02 15:29:19.218,0.99068,0.99089,1.00,1.75
2016.12.02 15:29:19.727,0.99068,0.99088,1.00,1.00
2016.12.02 15:29:20.363,0.99068,0.99088,1.00,1.50
2016.12.02 15:29:20.845,0.99064,0.99088,1.00,1.50
2016.12.02 15:29:21.147,0.99064,0.99088,1.00,1.50
2016.12.02 15:29:21.650,0.99063,0.99086,1.12,1.12
2016.12.02 15:29:22.244,0.99064,0.99087,1.00,1.37
2016.12.02 15:29:22.564,0.99064,0.99088,1.37,1.50
2016.12.02 15:29:23.759,0.99064,0.99087,1.00,1.37
2016.12.02 15:29:25.887,0.99063,0.99089,1.50,1.12
2016.12.02 15:29:28.491,0.99066,0.99089,1.00,1.00
2016.12.02 15:29:28.805,0.99069,0.99087,1.00,1.12
2016.12.02 15:29:28.855,0.99064,0.99089,1.00,2.25
2016.12.02 15:29:29.342,0.99069,0.99085,1.00,1.37
2016.12.02 15:29:29.443,0.99063,0.99089,1.00,1.75
2016.12.02 15:29:29.494,0.99063,0.9909,2.25,1.50
2016.12.02 15:29:29.595,0.99063,0.9909,2.25,1.00
2016.12.02 15:29:30.065,0.99067,0.99091,1.50,1.00
2016.12.02 15:29:30.166,0.99068,0.99095,1.75,1.00
2016.12.02 15:29:30.267,0.99072,0.99096,1.50,1.00
2016.12.02 15:29:30.368,0.9907,0.99098,1.75,1.12
2016.12.02 15:29:30.419,0.99073,0.99098,1.00,1.50
2016.12.02 15:29:30.667,0.9907,0.99098,1.75,1.12
2016.12.02 15:29:31.294,0.99074,0.991,1.75,1.30
2016.12.02 15:29:31.779,0.99072,0.99101,3.37,3.22
2016.12.02 15:29:31.829,0.99071,0.99101,2.62,3.22
2016.12.02 15:29:32.338,0.99069,0.99098,4.12,1.30
2016.12.02 15:29:33.096,0.99071,0.99101,3.37,1.50
2016.12.02 15:29:33.492,0.99076,0.99102,2.25,1.00
2016.12.02 15:29:33.598,0.99077,0.99107,1.75,2.10
2016.12.02 15:29:33.699,0.99083,0.99108,1.00,2.10
2016.12.02 15:29:34.062,0.99079,0.99109,3.37,1.97
2016.12.02 15:29:37.188,0.99085,0.99106,1.00,1.00
2016.12.02 15:29:37.490,0.99079,0.99101,2.62,1.00
2016.12.02 15:29:37.541,0.99081,0.99101,1.00,1.00
2016.12.02 15:29:37.900,0.99076,0.99102,1.75,1.35
2016.12.02 15:29:38.304,0.99079,0.99107,1.75,1.12
2016.12.02 15:29:38.812,0.99079,0.99106,2.25,1.00
2016.12.02 15:29:39.354,0.99079,0.99108,2.25,1.50
2016.12.02 15:29:40.302,0.99084,0.99107,1.00,1.72
2016.12.02 15:29:40.402,0.99084,0.99106,1.00,1.50
2016.12.02 15:29:40.554,0.99078,0.99104,1.75,1.00
2016.12.02 15:29:40.604,0.99079,0.99104,1.75,1.12
2016.12.02 15:29:40.705,0.99079,0.99104,1.75,1.00
2016.12.02 15:29:41.209,0.99079,0.99106,2.25,2.85
2016.12.02 15:29:41.578,0.99084,0.99104,1.00,1.60
2016.12.02 15:29:41.859,0.99079,0.99105,1.75,1.12
2016.12.02 15:29:42.614,0.99083,0.99104,1.12,1.00
2016.12.02 15:29:43.936,0.99083,0.99105,1.12,1.12
2016.12.02 15:29:44.037,0.99084,0.99103,1.00,1.00
2016.12.02 15:29:44.458,0.99084,0.99101,1.00,1.00
2016.12.02 15:29:44.717,0.99084,0.99103,1.00,1.12
2016.12.02 15:29:45.428,0.99084,0.99101,1.00,1.00
2016.12.02 15:29:45.579,0.99078,0.99102,1.50,1.00
2016.12.02 15:29:45.680,0.99078,0.99102,1.12,1.37
2016.12.02 15:29:45.881,0.99079,0.99102,1.37,1.60
2016.12.02 15:29:46.090,0.99077,0.99104,1.75,1.00
2016.12.02 15:29:46.219,0.99077,0.99102,1.75,1.00
2016.12.02 15:29:46.565,0.99084,0.99103,1.00,1.00
2016.12.02 15:29:46.716,0.99079,0.99103,1.50,1.00
2016.12.02 15:29:46.817,0.99084,0.99103,1.00,1.00
2016.12.02 15:29:47.220,0.99084,0.99105,1.00,1.12
2016.12.02 15:29:47.411,0.99077,0.99104,1.75,1.35
2016.12.02 15:29:47.612,0.99079,0.99104,1.50,1.72
2016.12.02 15:29:47.918,0.99079,0.99102,1.50,1.00
2016.12.02 15:29:48.722,0.99079,0.99103,1.50,1.00
2016.12.02 15:29:49.309,0.99079,0.99104,1.50,1.72
2016.12.02 15:29:49.625,0.99076,0.99101,1.75,1.00
2016.12.02 15:29:49.790,0.99076,0.99105,1.75,1.37
2016.12.02 15:29:50.294,0.99079,0.99106,1.50,1.00
2016.12.02 15:29:50.445,0.99084,0.99109,1.00,1.50
2016.12.02 15:29:50.496,0.99083,0.99107,1.75,1.00
2016.12.02 15:29:50.647,0.99079,0.99104,1.75,1.12
2016.12.02 15:29:50.799,0.99079,0.99103,1.50,1.00
2016.12.02 15:29:51.528,0.99081,0.99104,1.00,1.00
2016.12.02 15:29:51.842,0.99085,0.99104,1.00,1.00
2016.12.02 15:29:52.427,0.99085,0.99105,1.00,1.00
2016.12.02 15:29:52.641,0.99079,0.99105,1.75,1.00
2016.12.02 15:29:53.823,0.99079,0.99105,1.75,1.37
2016.12.02 15:29:54.357,0.99079,0.99103,1.75,1.00
2016.12.02 15:29:55.065,0.99079,0.99105,1.75,1.50
2016.12.02 15:29:55.166,0.99079,0.99105,1.00,1.00
2016.12.02 15:29:55.674,0.99079,0.99103,1.00,1.00
2016.12.02 15:29:56.076,0.99079,0.99101,1.00,1.00
2016.12.02 15:29:56.177,0.99079,0.99106,1.00,1.00
2016.12.02 15:29:56.228,0.99084,0.99106,1.00,1.00
2016.12.02 15:29:56.279,0.99084,0.99108,1.00,1.00
2016.12.02 15:29:56.430,0.99078,0.99107,1.00,1.00
2016.12.02 15:29:57.006,0.99084,0.99107,1.00,1.00
2016.12.02 15:29:57.592,0.99083,0.99106,1.00,1.00
2016.12.02 15:29:58.437,0.99083,0.99106,1.00,1.60
2016.12.02 15:29:58.920,0.99078,0.99105,1.00,1.35
2016.12.02 15:29:58.970,0.99078,0.99102,1.00,1.00
2016.12.02 15:29:59.021,0.99073,0.99102,1.00,1.00
2016.12.02 15:29:59.679,0.99073,0.99104,1.50,1.00
2016.12.02 15:30:00.135,0.99079,0.99103,1.00,1.50
2016.12.02 15:30:00.638,0.99078,0.99104,1.00,1.60
2016.12.02 15:30:00.849,0.99078,0.99105,1.00,1.35
2016.12.02 15:30:01.100,0.99084,0.99105,1.00,1.35
2016.12.02 15:30:01.612,0.99083,0.99107,1.00,1.60
2016.12.02 15:30:02.314,0.99083,0.99107,1.37,1.60
2016.12.02 15:30:02.656,0.99078,0.99104,3.37,2.10
2016.12.02 15:30:02.861,0.99078,0.99101,1.00,1.00
2016.12.02 15:30:03.063,0.99078,0.99099,1.00,2.85
2016.12.02 15:30:03.264,0.99078,0.99101,1.00,1.72
2016.12.02 15:30:03.315,0.99084,0.99101,1.00,1.12
2016.12.02 15:30:03.466,0.99083,0.99107,1.50,1.12
2016.12.02 15:30:03.516,0.99078,0.99107,2.25,1.37
2016.12.02 15:30:03.567,0.9908,0.99107,1.37,1.75
2016.12.02 15:30:03.618,0.9908,0.99107,1.37,1.50
2016.12.02 15:30:03.769,0.99079,0.99107,1.75,1.75
2016.12.02 15:30:08.069,0.99077,0.99101,1.75,1.00
2016.12.02 15:30:08.174,0.99074,0.99102,1.75,1.75
2016.12.02 15:30:09.293,0.99078,0.99099,1.12,1.00
2016.12.02 15:30:09.816,0.99079,0.991,1.00,1.75
2016.12.02 15:30:10.427,0.99073,0.99099,1.75,1.50
2016.12.02 15:30:10.477,0.99073,0.99099,1.12,1.75
2016.12.02 15:30:12.652,0.99074,0.99098,1.00,1.50
2016.12.02 15:30:12.979,0.99068,0.99096,2.25,1.50
2016.12.02 15:30:13.576,0.99069,0.99094,1.00,1.50
2016.12.02 15:30:15.202,0.99069,0.99094,1.50,1.12
2016.12.02 15:30:15.253,0.9907,0.99098,1.50,1.75
2016.12.02 15:30:15.555,0.99069,0.99095,1.12,1.75
2016.12.02 15:30:15.858,0.99075,0.99099,1.00,1.60
2016.12.02 15:30:16.164,0.9907,0.99096,1.75,1.00
2016.12.02 15:30:16.513,0.99078,0.991,1.00,1.37
2016.12.02 15:30:16.664,0.99078,0.99102,1.00,2.10
2016.12.02 15:30:16.765,0.99078,0.99102,1.00,2.10
2016.12.02 15:30:16.966,0.99073,0.99101,1.75,1.37
2016.12.02 15:30:17.369,0.99074,0.99101,1.50,2.10
2016.12.02 15:30:17.900,0.99074,0.99099,1.50,1.30
2016.12.02 15:30:18.578,0.99074,0.99099,1.12,2.10
2016.12.02 15:30:18.947,0.99074,0.99101,1.75,1.75
2016.12.02 15:30:19.767,0.99073,0.99099,1.37,1.50
2016.12.02 15:30:21.700,0.99073,0.99098,1.37,1.75
2016.12.02 15:30:22.040,0.99068,0.99096,1.75,1.50
2016.12.02 15:30:22.091,0.99069,0.99096,2.62,1.37
2016.12.02 15:30:22.192,0.99075,0.99098,1.00,1.00
2016.12.02 15:30:22.677,0.99073,0.99098,1.50,1.50
2016.12.02 15:30:23.327,0.99074,0.99097,1.00,1.00
2016.12.02 15:30:23.844,0.99073,0.99098,1.00,1.00
2016.12.02 15:30:23.992,0.99073,0.99099,1.50,1.67
2016.12.02 15:30:24.501,0.99073,0.99099,1.75,1.67
2016.12.02 15:30:24.911,0.99073,0.99099,1.37,2.10
2016.12.02 15:30:24.962,0.99074,0.99096,1.00,1.00
2016.12.02 15:30:25.012,0.99074,0.991,1.37,1.87
2016.12.02 15:30:25.063,0.99077,0.991,1.00,1.00
2016.12.02 15:30:25.465,0.99079,0.99101,1.00,1.35
2016.12.02 15:30:25.678,0.99074,0.99099,1.12,1.75
2016.12.02 15:30:26.228,0.99074,0.99096,1.00,1.35
2016.12.02 15:30:29.329,0.99074,0.99098,1.00,1.35
2016.12.02 15:30:29.832,0.99074,0.99095,1.00,2.10
2016.12.02 15:30:29.983,0.99069,0.99095,1.12,2.10
2016.12.02 15:30:30.810,0.99069,0.99094,1.50,1.12
2016.12.02 15:30:31.115,0.99074,0.99101,1.50,2.25
2016.12.02 15:30:31.216,0.99074,0.991,1.75,1.50
2016.12.02 15:30:32.425,0.99074,0.99099,1.75,1.72
2016.12.02 15:30:33.904,0.99074,0.99099,1.37,1.97
2016.12.02 15:30:34.415,0.99074,0.99099,1.00,2.10
2016.12.02 15:30:44.142,0.99071,0.99095,1.00,1.35
2016.12.02 15:30:44.243,0.99068,0.99094,1.00,1.75
2016.12.02 15:30:44.545,0.99068,0.99093,1.00,1.75
2016.12.02 15:30:44.646,0.99069,0.99093,1.00,1.50
2016.12.02 15:30:44.847,0.99063,0.9909,2.25,1.30
2016.12.02 15:30:45.150,0.99059,0.99085,1.75,2.85
2016.12.02 15:30:45.264,0.99059,0.9908,1.50,1.35
2016.12.02 15:30:45.315,0.99054,0.99078,1.37,1.37
2016.12.02 15:30:45.366,0.99054,0.99078,1.00,1.75
2016.12.02 15:30:45.570,0.99054,0.99078,1.12,1.75
2016.12.02 15:30:45.671,0.99053,0.99078,1.50,1.00
2016.12.02 15:30:45.823,0.99053,0.99078,1.50,1.37
2016.12.02 15:30:46.092,0.99054,0.99081,1.50,1.50
2016.12.02 15:30:46.193,0.99059,0.99085,1.00,1.75
2016.12.02 15:30:46.294,0.99061,0.99085,1.00,1.00
2016.12.02 15:30:46.445,0.99057,0.99086,3.37,1.50
2016.12.02 15:30:46.927,0.99059,0.99088,1.75,2.10
2016.12.02 15:30:46.978,0.99061,0.99088,1.12,1.35
2016.12.02 15:30:47.028,0.99062,0.99089,1.37,1.35
2016.12.02 15:30:47.079,0.99062,0.99089,1.75,1.72
2016.12.02 15:30:47.331,0.99065,0.99093,3.37,1.37
2016.12.02 15:30:47.381,0.99071,0.99093,1.00,1.00
2016.12.02 15:30:47.482,0.99071,0.99095,1.00,1.00
2016.12.02 15:30:47.583,0.99069,0.99094,1.00,1.00
2016.12.02 15:30:48.129,0.99069,0.99094,1.50,1.00
2016.12.02 15:30:48.381,0.99069,0.99096,1.12,2.25
2016.12.02 15:30:48.860,0.99064,0.99091,1.00,1.75
2016.12.02 15:30:49.095,0.99067,0.99094,1.75,1.37
2016.12.02 15:30:49.146,0.99064,0.99094,1.75,1.97
2016.12.02 15:30:49.971,0.99069,0.99091,1.00,1.37
2016.12.02 15:30:51.381,0.99069,0.99092,1.00,1.35
2016.12.02 15:30:52.477,0.99069,0.99091,1.00,1.00
2016.12.02 15:30:53.986,0.99069,0.99091,1.00,1.50
2016.12.02 15:30:54.602,0.99069,0.99088,1.00,1.50
2016.12.02 15:30:55.106,0.99069,0.9909,1.00,1.50
2016.12.02 15:30:56.470,0.99069,0.99088,1.00,1.00
2016.12.02 15:30:56.781,0.99074,0.9909,1.00,1.37
2016.12.02 15:30:56.875,0.99074,0.99091,1.00,1.00
2016.12.02 15:30:57.624,0.99068,0.99091,1.00,1.00
2016.12.02 15:30:57.775,0.99069,0.99094,1.50,1.12
2016.12.02 15:30:57.876,0.99069,0.99093,1.50,1.00
2016.12.02 15:30:57.926,0.99074,0.99093,1.00,1.00
2016.12.02 15:30:58.027,0.99069,0.99095,1.00,3.22
2016.12.02 15:30:58.317,0.99069,0.9909,1.00,1.00
2016.12.02 15:31:00.220,0.99069,0.99091,1.00,1.50
2016.12.02 15:31:00.371,0.99069,0.99095,1.75,1.50
2016.12.02 15:31:00.486,0.99073,0.99096,1.37,1.37
2016.12.02 15:31:00.638,0.99073,0.991,1.75,1.72
2016.12.02 15:31:00.789,0.99073,0.99099,1.50,1.60
2016.12.02 15:31:00.890,0.9907,0.99098,1.75,1.72
2016.12.02 15:31:01.418,0.99073,0.99096,1.12,1.00
2016.12.02 15:31:01.469,0.99073,0.99097,1.00,2.10
2016.12.02 15:31:02.371,0.99079,0.99096,1.00,1.50
2016.12.02 15:31:02.623,0.99079,0.99101,1.00,1.00
2016.12.02 15:31:02.673,0.99084,0.99103,1.00,1.67
2016.12.02 15:31:02.724,0.99084,0.99103,1.00,1.30
2016.12.02 15:31:03.227,0.99084,0.99102,1.00,1.12
2016.12.02 15:31:03.984,0.99084,0.99104,1.00,1.50
2016.12.02 15:31:04.135,0.99079,0.99102,1.12,1.12
2016.12.02 15:31:04.286,0.99079,0.99098,1.12,1.00
2016.12.02 15:31:04.588,0.99079,0.99095,1.00,1.00
2016.12.02 15:31:04.639,0.99073,0.99096,1.00,1.50
2016.12.02 15:31:05.194,0.99073,0.99094,1.00,1.12
2016.12.02 15:31:05.850,0.99074,0.99094,1.00,1.12
2016.12.02 15:31:06.052,0.99079,0.99095,1.00,1.12
2016.12.02 15:31:06.203,0.99078,0.991,1.00,1.35
2016.12.02 15:31:06.321,0.99078,0.99101,1.50,1.60
2016.12.02 15:31:06.522,0.99078,0.99098,1.00,1.50
2016.12.02 15:31:06.774,0.99073,0.99097,1.50,1.12
2016.12.02 15:31:07.784,0.99079,0.99097,1.00,1.12
2016.12.02 15:31:08.090,0.99079,0.99095,1.00,1.75
2016.12.02 15:31:09.495,0.99079,0.99095,1.00,1.50
2016.12.02 15:31:09.747,0.99073,0.99097,1.00,2.25
2016.12.02 15:31:11.152,0.99073,0.99096,1.12,1.12
2016.12.02 15:31:11.202,0.99073,0.99098,1.00,2.10
2016.12.02 15:31:11.303,0.99073,0.99098,1.00,2.10
2016.12.02 15:31:11.404,0.99074,0.99098,1.37,1.72
2016.12.02 15:31:11.506,0.99074,0.99097,1.12,1.00
2016.12.02 15:31:12.054,0.99073,0.99097,1.00,2.10
2016.12.02 15:31:12.104,0.99068,0.99097,1.75,2.47
2016.12.02 15:31:12.155,0.99068,0.99097,1.50,2.85
2016.12.02 15:31:12.256,0.99071,0.99095,1.00,1.00
2016.12.02 15:31:12.356,0.99074,0.99095,1.00,1.00
2016.12.02 15:31:12.684,0.99074,0.99094,1.00,1.35
2016.12.02 15:31:12.785,0.99068,0.99094,1.75,1.35
2016.12.02 15:31:13.311,0.99069,0.99093,1.00,1.35
2016.12.02 15:31:13.858,0.99069,0.99093,1.50,1.60
2016.12.02 15:31:14.462,0.99068,0.99092,1.00,1.35
2016.12.02 15:31:16.356,0.99067,0.99091,1.00,1.00
2016.12.02 15:31:16.557,0.99063,0.99092,4.87,1.00
2016.12.02 15:31:16.709,0.99064,0.99094,4.50,1.12
2016.12.02 15:31:16.759,0.99068,0.99094,1.00,1.75
2016.12.02 15:31:16.940,0.99068,0.99097,1.75,2.25
2016.12.02 15:31:17.142,0.99069,0.99094,1.00,2.10
2016.12.02 15:31:17.725,0.99069,0.99092,1.00,2.25
2016.12.02 15:31:17.826,0.99063,0.99092,2.25,2.10
2016.12.02 15:31:17.927,0.99064,0.99092,1.37,2.25
2016.12.02 15:31:17.977,0.99069,0.99088,1.00,1.00
2016.12.02 15:31:18.271,0.99064,0.99087,1.00,1.00
2016.12.02 15:31:18.781,0.99064,0.99086,1.00,1.50
2016.12.02 15:31:18.832,0.99064,0.99086,1.00,1.75
2016.12.02 15:31:18.934,0.99064,0.99085,1.00,1.00
2016.12.02 15:31:19.464,0.99063,0.99085,1.00,1.00
2016.12.02 15:31:20.005,0.99063,0.99088,1.12,1.35
2016.12.02 15:31:21.850,0.99062,0.99086,2.10,1.00
2016.12.02 15:31:21.901,0.99064,0.99091,1.50,1.75
2016.12.02 15:31:21.951,0.99064,0.99092,2.25,1.50
2016.12.02 15:31:23.010,0.99064,0.9909,1.75,1.00
2016.12.02 15:31:23.170,0.99065,0.9909,1.00,1.00
2016.12.02 15:31:23.472,0.99067,0.99091,1.00,1.00
2016.12.02 15:31:24.011,0.99067,0.99089,1.00,1.00
2016.12.02 15:31:24.515,0.99067,0.9909,1.00,1.00
2016.12.02 15:31:24.817,0.99066,0.99093,1.75,1.12
2016.12.02 15:31:24.867,0.99066,0.99093,1.75,1.37
2016.12.02 15:31:24.968,0.99066,0.99093,1.75,1.12
2016.12.02 15:31:25.634,0.99066,0.99092,1.75,1.00
2016.12.02 15:31:26.323,0.99066,0.99094,1.75,1.50
2016.12.02 15:31:26.987,0.99069,0.99093,1.00,1.50
2016.12.02 15:31:27.796,0.99069,0.99094,1.75,1.12
2016.12.02 15:31:28.249,0.99069,0.99094,1.12,1.75
2016.12.02 15:31:28.789,0.99069,0.99091,1.12,1.00
2016.12.02 15:31:29.091,0.99069,0.99086,1.00,2.25
2016.12.02 15:31:29.285,0.99059,0.99089,2.25,1.75
2016.12.02 15:31:30.781,0.99063,0.99082,1.00,1.00
2016.12.02 15:31:31.337,0.99057,0.99082,1.75,1.00
2016.12.02 15:31:31.717,0.99059,0.99084,1.00,1.60
2016.12.02 15:31:31.768,0.99058,0.99086,2.25,2.10
2016.12.02 15:31:31.818,0.99061,0.99086,1.00,1.50
2016.12.02 15:31:32.088,0.99059,0.99081,1.75,1.00
2016.12.02 15:31:32.888,0.99059,0.99081,1.75,1.00
2016.12.02 15:31:32.989,0.99056,0.99081,1.75,1.00
2016.12.02 15:31:33.224,0.99056,0.99081,1.75,1.00
2016.12.02 15:31:33.507,0.99057,0.99086,1.75,1.87
2016.12.02 15:31:33.608,0.99057,0.99086,1.75,2.47
2016.12.02 15:31:33.910,0.99056,0.99081,2.10,1.00
2016.12.02 15:31:34.305,0.99058,0.99081,1.75,1.00
2016.12.02 15:31:34.438,0.99058,0.99085,1.75,1.12
2016.12.02 15:31:36.036,0.99058,0.99083,2.25,1.00
2016.12.02 15:31:36.243,0.99058,0.99085,1.75,1.12
2016.12.02 15:31:36.917,0.99055,0.99085,2.25,1.75
2016.12.02 15:31:39.219,0.99058,0.99083,1.12,1.75
2016.12.02 15:31:40.178,0.99056,0.99084,1.75,1.50
2016.12.02 15:31:40.229,0.99056,0.99084,1.75,1.50
2016.12.02 15:31:40.473,0.99059,0.99085,1.50,1.50
2016.12.02 15:31:40.523,0.99059,0.99085,1.50,1.50
2016.12.02 15:31:40.825,0.99064,0.99086,1.00,1.00
2016.12.02 15:31:41.177,0.99059,0.99085,1.75,1.12
2016.12.02 15:31:41.586,0.99058,0.99083,1.50,1.00
2016.12.02 15:31:41.636,0.99058,0.99082,1.50,1.00
2016.12.02 15:31:41.930,0.99056,0.99081,1.75,1.37
2016.12.02 15:31:42.535,0.99059,0.9908,1.00,1.12
2016.12.02 15:31:43.314,0.99054,0.9908,1.50,1.75
2016.12.02 15:31:43.748,0.99054,0.99078,1.00,1.50
2016.12.02 15:31:44.301,0.99049,0.99076,1.75,1.12
2016.12.02 15:31:45.092,0.99048,0.99076,1.75,1.50
2016.12.02 15:31:45.142,0.9905,0.99074,1.00,1.00
2016.12.02 15:31:45.381,0.99053,0.99074,1.00,1.00
2016.12.02 15:31:45.610,0.9905,0.99074,1.00,1.00
2016.12.02 15:31:47.290,0.99049,0.99074,1.37,2.10
2016.12.02 15:31:47.467,0.99049,0.99074,1.75,1.35
2016.12.02 15:31:47.669,0.99049,0.99073,1.50,1.00
2016.12.02 15:31:48.179,0.99049,0.99074,1.50,1.35
2016.12.02 15:31:48.229,0.99049,0.99074,1.00,1.35
2016.12.02 15:31:49.227,0.99048,0.99072,1.12,1.50
2016.12.02 15:31:49.654,0.99048,0.99074,1.75,2.10
2016.12.02 15:31:55.055,0.99049,0.99074,1.12,2.10
2016.12.02 15:31:55.401,0.99049,0.99074,1.37,2.10
2016.12.02 15:31:55.452,0.99049,0.99074,1.75,1.72
2016.12.02 15:31:55.673,0.99049,0.99072,1.50,1.00
2016.12.02 15:31:56.183,0.99049,0.99073,1.12,1.12
2016.12.02 15:31:57.258,0.99049,0.99072,1.12,1.00
2016.12.02 15:31:58.758,0.99049,0.99072,1.00,1.37
2016.12.02 15:32:00.320,0.99047,0.99075,1.37,1.75
2016.12.02 15:32:00.689,0.99046,0.99071,1.00,1.87
2016.12.02 15:32:01.080,0.99044,0.9907,1.50,1.50
2016.12.02 15:32:01.592,0.99043,0.99071,1.50,2.25
2016.12.02 15:32:01.642,0.99044,0.99071,1.75,1.12
2016.12.02 15:32:01.743,0.99049,0.99071,1.00,1.12
2016.12.02 15:32:02.016,0.99044,0.99069,1.12,1.50
2016.12.02 15:32:02.615,0.99044,0.99069,1.37,1.00
2016.12.02 15:32:03.581,0.99044,0.99071,1.50,1.75
2016.12.02 15:32:03.732,0.99044,0.99071,1.75,2.25
2016.12.02 15:32:04.952,0.99048,0.99073,1.00,1.75
2016.12.02 15:32:05.153,0.99053,0.99083,1.50,2.25
2016.12.02 15:32:05.204,0.99054,0.99083,1.87,1.75
2016.12.02 15:32:05.718,0.99054,0.99082,1.75,1.75
2016.12.02 15:32:07.490,0.99056,0.99086,1.37,1.75
2016.12.02 15:32:07.541,0.99059,0.99083,1.00,1.00
2016.12.02 15:32:07.591,0.99059,0.99086,1.37,1.75
2016.12.02 15:32:07.893,0.99063,0.99088,1.00,1.75
2016.12.02 15:32:08.524,0.99063,0.99087,1.00,1.75
2016.12.02 15:32:08.675,0.99059,0.99083,1.50,1.00
2016.12.02 15:32:09.425,0.99057,0.99086,1.75,1.75
2016.12.02 15:32:09.626,0.99059,0.99084,1.87,1.00
2016.12.02 15:32:10.213,0.99057,0.99088,1.75,4.12
2016.12.02 15:32:10.515,0.99058,0.99085,1.12,1.75
2016.12.02 15:32:13.047,0.99059,0.99083,1.00,1.75
2016.12.02 15:32:14.630,0.99059,0.99083,1.00,1.75
2016.12.02 15:32:15.657,0.99059,0.99079,1.00,1.75
2016.12.02 15:32:15.861,0.99059,0.99079,1.00,1.37
2016.12.02 15:32:22.782,0.99058,0.99082,1.00,2.25
2016.12.02 15:32:24.164,0.99059,0.99082,1.00,2.25
2016.12.02 15:32:29.077,0.99059,0.9908,1.00,1.50
2016.12.02 15:32:29.642,0.99059,0.99078,1.00,1.75
2016.12.02 15:32:29.759,0.99053,0.99078,1.00,1.75
2016.12.02 15:32:32.684,0.99059,0.99078,1.00,2.25
2016.12.02 15:32:33.608,0.99053,0.99078,1.00,1.75
2016.12.02 15:32:35.367,0.9905,0.99078,1.72,1.75
2016.12.02 15:32:35.518,0.99051,0.9908,1.67,2.25
2016.12.02 15:32:37.884,0.99051,0.9908,2.10,1.75
2016.12.02 15:32:38.419,0.99058,0.99079,1.00,1.00
2016.12.02 15:32:38.721,0.99059,0.99084,1.75,1.50
2016.12.02 15:32:39.793,0.99059,0.99085,1.37,1.75
2016.12.02 15:32:39.843,0.99055,0.99085,1.75,1.75
2016.12.02 15:32:40.813,0.99057,0.99086,1.75,1.50
2016.12.02 15:32:43.090,0.99059,0.99087,1.00,2.25
2016.12.02 15:32:43.581,0.99053,0.99084,3.00,2.25
2016.12.02 15:32:44.010,0.99055,0.99085,2.25,1.75
2016.12.02 15:32:44.934,0.99059,0.99083,1.00,1.00
2016.12.02 15:32:45.883,0.99059,0.99088,1.37,1.75
2016.12.02 15:32:45.933,0.99059,0.99086,1.75,1.50
2016.12.02 15:32:45.984,0.9906,0.99086,1.00,1.50
2016.12.02 15:32:48.803,0.99064,0.99086,1.00,1.75
2016.12.02 15:32:54.395,0.99059,0.99088,2.25,1.75
2016.12.02 15:32:54.614,0.99059,0.99087,1.50,1.75
2016.12.02 15:32:55.234,0.99059,0.99088,2.25,1.75
2016.12.02 15:32:55.536,0.99061,0.99087,1.37,1.00
2016.12.02 15:32:56.924,0.99064,0.99093,1.37,1.75
2016.12.02 15:32:56.975,0.99066,0.99091,1.00,1.00
2016.12.02 15:32:57.126,0.99066,0.99093,1.00,1.75
2016.12.02 15:32:59.825,0.99061,0.9909,1.75,2.25
2016.12.02 15:32:59.980,0.9906,0.9909,1.50,2.25
2016.12.02 15:33:00.030,0.9906,0.99085,1.50,1.00
2016.12.02 15:33:01.154,0.99062,0.99085,1.00,1.00
2016.12.02 15:33:01.457,0.99064,0.99093,1.75,1.75
2016.12.02 15:33:05.967,0.99069,0.99093,1.00,1.50
2016.12.02 15:33:06.194,0.99069,0.99091,1.00,1.00
2016.12.02 15:33:06.753,0.99063,0.99091,3.37,1.37
2016.12.02 15:33:06.804,0.99063,0.99091,1.75,1.50
2016.12.02 15:33:09.640,0.99063,0.99093,3.37,1.75
2016.12.02 15:33:10.145,0.99065,0.99093,1.75,1.37
2016.12.02 15:33:11.348,0.99065,0.99092,1.37,1.37
2016.12.02 15:33:11.398,0.99063,0.99091,2.25,1.75
2016.12.02 15:33:11.449,0.99063,0.99091,1.50,1.50
2016.12.02 15:33:12.456,0.99066,0.99091,1.00,1.00
2016.12.02 15:33:13.702,0.99064,0.99092,1.75,1.37
2016.12.02 15:33:14.177,0.99067,0.99096,1.50,1.75
2016.12.02 15:33:14.228,0.99073,0.99097,1.00,2.25
2016.12.02 15:33:14.962,0.99069,0.99097,1.00,2.25
2016.12.02 15:33:15.314,0.99068,0.99095,1.12,1.75
2016.12.02 15:33:15.970,0.99068,0.99095,1.12,1.75
2016.12.02 15:33:16.276,0.99068,0.99093,1.50,1.00
2016.12.02 15:33:17.888,0.99069,0.99099,1.37,2.62
2016.12.02 15:33:17.989,0.99071,0.99096,1.00,1.00
2016.12.02 15:33:18.305,0.99071,0.99101,1.50,1.75
2016.12.02 15:33:18.355,0.99071,0.99101,1.75,1.75
2016.12.02 15:33:18.614,0.99076,0.99104,1.37,2.25
2016.12.02 15:33:18.668,0.99079,0.99106,1.12,1.35
2016.12.02 15:33:19.060,0.99084,0.99105,1.00,1.00
2016.12.02 15:33:20.585,0.99078,0.99108,1.75,1.75
2016.12.02 15:33:22.588,0.99079,0.99106,1.37,1.75
2016.12.02 15:33:22.689,0.99079,0.99106,1.12,1.75
2016.12.02 15:33:23.427,0.99073,0.99102,3.37,2.25
2016.12.02 15:33:23.528,0.99074,0.99103,1.50,1.75
2016.12.02 15:33:23.679,0.99074,0.99103,2.25,1.75
2016.12.02 15:33:23.880,0.99079,0.99104,1.00,1.00
2016.12.02 15:33:23.931,0.99077,0.99109,1.75,1.75
2016.12.02 15:33:24.269,0.99079,0.99109,1.75,1.75
2016.12.02 15:33:24.571,0.99078,0.99108,1.75,1.75
2016.12.02 15:33:27.808,0.99079,0.99107,1.75,1.50
2016.12.02 15:33:27.909,0.99083,0.9911,1.12,1.75
2016.12.02 15:33:28.009,0.99085,0.99112,1.37,2.25
2016.12.02 15:33:28.110,0.99088,0.99116,1.50,1.75
2016.12.02 15:33:28.211,0.99091,0.99115,1.00,1.00
2016.12.02 15:33:30.231,0.99085,0.99117,3.37,1.75
2016.12.02 15:33:30.783,0.99087,0.99117,1.75,1.75
2016.12.02 15:33:31.694,0.99088,0.9912,1.75,1.75
2016.12.02 15:33:31.745,0.99092,0.99117,1.00,1.00
2016.12.02 15:33:31.846,0.99092,0.99122,1.50,1.75
2016.12.02 15:33:31.897,0.99092,0.99121,1.75,1.75
2016.12.02 15:33:32.453,0.9909,0.99119,2.62,1.72
2016.12.02 15:33:32.554,0.99087,0.99116,1.75,1.50
2016.12.02 15:33:32.705,0.9909,0.99116,1.00,1.50
2016.12.02 15:33:33.058,0.99094,0.99118,1.00,1.75
2016.12.02 15:33:33.108,0.99094,0.99123,1.87,2.62
2016.12.02 15:33:33.159,0.99097,0.99124,1.00,2.62
2016.12.02 15:33:33.260,0.99097,0.99125,1.50,1.75
2016.12.02 15:33:33.361,0.99097,0.99126,1.75,1.50
2016.12.02 15:33:36.293,0.99104,0.99129,1.00,1.75
2016.12.02 15:33:36.445,0.99104,0.99127,1.00,1.00
2016.12.02 15:33:36.505,0.99104,0.99133,1.37,4.12
2016.12.02 15:33:36.555,0.99104,0.99133,1.50,2.25
2016.12.02 15:33:37.141,0.99104,0.99133,1.75,2.25
2016.12.02 15:33:38.422,0.99106,0.99131,1.00,1.37
2016.12.02 15:33:38.523,0.99104,0.9913,1.75,1.00
2016.12.02 15:33:39.057,0.99104,0.99133,1.75,1.12
2016.12.02 15:33:39.158,0.99105,0.9913,1.00,1.00
2016.12.02 15:33:39.460,0.99104,0.99133,1.75,1.50
2016.12.02 15:33:39.800,0.99103,0.99134,2.25,1.75
2016.12.02 15:33:39.951,0.99103,0.99132,2.25,1.75
2016.12.02 15:33:40.052,0.99103,0.99132,2.25,1.50
2016.12.02 15:33:40.320,0.99106,0.99131,1.00,1.37
2016.12.02 15:33:45.133,0.99105,0.99136,1.50,4.72
2016.12.02 15:33:45.183,0.99105,0.99136,1.75,2.85
2016.12.02 15:33:45.536,0.99104,0.99134,1.75,2.25
2016.12.02 15:33:46.062,0.99103,0.99134,2.25,2.25
2016.12.02 15:33:47.580,0.99106,0.99135,1.50,1.75
2016.12.02 15:33:47.882,0.99114,0.99137,1.00,1.75
2016.12.02 15:33:47.933,0.99108,0.99135,1.50,1.50
2016.12.02 15:33:47.984,0.99108,0.99132,1.50,1.00
2016.12.02 15:33:48.085,0.99104,0.99131,2.25,1.75
2016.12.02 15:33:48.287,0.99104,0.99132,1.37,1.75
2016.12.02 15:33:48.554,0.99103,0.99132,1.12,4.87
2016.12.02 15:33:49.049,0.99109,0.99132,1.00,4.12
2016.12.02 15:33:51.118,0.99104,0.99129,1.00,1.75
2016.12.02 15:33:51.625,0.99099,0.99129,2.25,2.25
2016.12.02 15:33:51.887,0.99099,0.99128,1.12,2.25
2016.12.02 15:33:52.387,0.99103,0.99126,1.00,1.00
2016.12.02 15:33:54.635,0.99103,0.99128,2.25,1.00
2016.12.02 15:33:54.685,0.99103,0.99132,2.25,1.75
2016.12.02 15:33:55.673,0.99103,0.99131,1.75,1.50
2016.12.02 15:33:55.773,0.99103,0.99131,1.75,1.75
2016.12.02 15:33:55.975,0.99103,0.99129,1.50,1.75
2016.12.02 15:33:56.381,0.99103,0.99132,1.75,1.75
2016.12.02 15:33:57.679,0.99103,0.9913,1.75,1.12
2016.12.02 15:33:57.980,0.99103,0.99127,1.37,1.37
2016.12.02 15:33:58.520,0.99103,0.99132,1.75,2.25
2016.12.02 15:33:58.621,0.99103,0.99132,1.50,2.25
2016.12.02 15:33:59.281,0.99103,0.99132,2.25,1.75
2016.12.02 15:33:59.417,0.99103,0.99132,2.25,1.50
2016.12.02 15:34:00.528,0.99104,0.99131,1.75,1.97
2016.12.02 15:34:00.652,0.99099,0.99131,6.75,1.97
2016.12.02 15:34:00.703,0.99099,0.99131,3.00,1.75
2016.12.02 15:34:04.313,0.99102,0.99131,1.75,1.50
2016.12.02 15:34:04.620,0.99103,0.99131,1.75,1.75
2016.12.02 15:34:05.320,0.99104,0.99131,1.50,1.50
2016.12.02 15:34:05.471,0.991,0.99126,2.25,1.00
2016.12.02 15:34:05.811,0.99104,0.99121,1.00,1.00
2016.12.02 15:34:05.938,0.99104,0.99127,1.00,1.00
2016.12.02 15:34:07.639,0.99099,0.99128,1.75,2.10
2016.12.02 15:34:08.607,0.99098,0.99129,2.25,1.75
2016.12.02 15:34:08.708,0.99102,0.99127,1.00,1.00
2016.12.02 15:34:08.915,0.99098,0.99129,2.25,1.75
2016.12.02 15:34:09.457,0.99098,0.9913,1.75,1.75
2016.12.02 15:34:09.978,0.99099,0.9913,1.75,2.25
2016.12.02 15:34:10.648,0.99099,0.9913,2.25,2.25
2016.12.02 15:34:10.699,0.99099,0.9913,2.25,2.25
2016.12.02 15:34:12.329,0.99098,0.99125,2.25,1.37
2016.12.02 15:34:12.870,0.99094,0.99125,2.25,1.75
2016.12.02 15:34:13.196,0.99091,0.99122,3.00,2.25
2016.12.02 15:34:13.448,0.99092,0.99122,1.75,1.75
2016.12.02 15:34:13.750,0.9909,0.99117,1.75,1.00
2016.12.02 15:34:14.983,0.99093,0.99122,1.12,2.25
2016.12.02 15:34:16.978,0.99095,0.99122,1.87,1.75
2016.12.02 15:34:17.129,0.99095,0.99122,2.25,1.00
2016.12.02 15:34:17.651,0.99094,0.99122,1.75,1.37
2016.12.02 15:34:17.852,0.99094,0.99121,2.25,1.37
2016.12.02 15:34:17.953,0.99094,0.99121,1.50,1.75
2016.12.02 15:34:18.739,0.99094,0.9912,1.50,1.00
2016.12.02 15:34:21.349,0.99094,0.99121,1.75,1.37
2016.12.02 15:34:21.651,0.9909,0.99117,1.35,1.75
2016.12.02 15:34:23.280,0.99089,0.99117,1.35,1.75
2016.12.02 15:34:25.262,0.99089,0.99114,1.00,1.00
2016.12.02 15:34:25.363,0.99088,0.99117,1.75,1.75
2016.12.02 15:34:25.973,0.99088,0.99117,1.75,1.50
2016.12.02 15:34:27.961,0.99088,0.99117,1.75,1.50
2016.12.02 15:34:28.011,0.99093,0.99118,1.00,3.00
2016.12.02 15:34:28.163,0.99084,0.99109,1.50,1.00
2016.12.02 15:34:28.314,0.99089,0.99109,1.00,1.00
2016.12.02 15:34:28.774,0.99094,0.99109,1.00,1.00
2016.12.02 15:34:31.377,0.99093,0.99109,1.00,1.00
2016.12.02 15:34:32.368,0.99093,0.99111,1.00,1.00
2016.12.02 15:34:32.671,0.99093,0.99117,1.00,1.75
2016.12.02 15:34:32.870,0.99089,0.99112,1.00,1.00
2016.12.02 15:34:33.029,0.99093,0.99112,1.00,1.00
2016.12.02 15:34:33.180,0.99093,0.99117,1.00,1.75
2016.12.02 15:34:35.508,0.99093,0.99119,1.00,1.75
2016.12.02 15:34:36.296,0.99093,0.99119,1.00,1.75
2016.12.02 15:34:36.505,0.9909,0.99117,1.67,1.50
2016.12.02 15:34:36.907,0.9909,0.99117,1.00,2.10
2016.12.02 15:34:37.286,0.99087,0.99111,1.00,1.00
2016.12.02 15:34:40.802,0.99086,0.99111,2.85,1.00
2016.12.02 15:34:40.903,0.99089,0.99111,1.00,1.00
2016.12.02 15:34:41.004,0.99089,0.99114,1.37,1.67
2016.12.02 15:34:41.697,0.99089,0.99114,1.75,1.30
2016.12.02 15:34:45.306,0.99089,0.99115,1.37,2.10
2016.12.02 15:34:45.970,0.99089,0.99113,1.50,1.00
2016.12.02 15:34:46.307,0.99084,0.99111,3.00,1.12
2016.12.02 15:34:46.656,0.99084,0.99109,1.00,1.35
2016.12.02 15:34:50.939,0.99084,0.99109,1.00,2.10
2016.12.02 15:34:51.848,0.99079,0.99108,1.75,1.35
2016.12.02 15:34:54.046,0.99079,0.99106,1.37,2.10
2016.12.02 15:34:54.834,0.99079,0.99104,1.00,1.35
2016.12.02 15:34:57.573,0.99079,0.99101,1.00,2.10
2016.12.02 15:34:58.020,0.99079,0.991,1.00,1.75
2016.12.02 15:34:58.230,0.99079,0.99103,1.00,1.75
2016.12.02 15:34:59.258,0.99079,0.991,1.00,1.00
2016.12.02 15:35:00.337,0.99079,0.99102,1.00,2.10
2016.12.02 15:35:03.526,0.99074,0.99102,3.97,1.50
2016.12.02 15:35:03.627,0.99083,0.99102,1.00,1.00
2016.12.02 15:35:03.677,0.99083,0.9911,1.00,3.37
2016.12.02 15:35:03.728,0.99094,0.99112,1.00,2.25
2016.12.02 15:35:03.829,0.99094,0.99112,1.00,1.37
2016.12.02 15:35:04.456,0.99093,0.9911,1.00,1.00
2016.12.02 15:35:04.557,0.99089,0.9911,1.00,1.00
2016.12.02 15:35:04.657,0.99085,0.9911,1.00,1.00
2016.12.02 15:35:04.923,0.99088,0.9911,1.00,1.00
2016.12.02 15:35:05.749,0.99093,0.9911,1.00,1.00
2016.12.02 15:35:06.546,0.99089,0.9911,1.00,1.00
2016.12.02 15:35:06.748,0.99089,0.99114,2.25,1.00
2016.12.02 15:35:06.848,0.99098,0.99118,1.00,1.75
2016.12.02 15:35:06.949,0.99098,0.99118,1.00,1.75
2016.12.02 15:35:07.321,0.99098,0.99122,1.00,1.35
2016.12.02 15:35:07.862,0.99099,0.99122,1.00,1.35
2016.12.02 15:35:08.344,0.99104,0.99122,1.00,1.35
2016.12.02 15:35:08.762,0.99098,0.99124,1.00,1.75
2016.12.02 15:35:09.067,0.99103,0.99124,1.00,1.75
2016.12.02 15:35:10.175,0.99103,0.99126,1.00,1.75
2016.12.02 15:35:11.348,0.99103,0.99127,1.00,2.25
2016.12.02 15:35:11.550,0.99099,0.99127,1.87,1.75
2016.12.02 15:35:11.651,0.99099,0.99126,1.00,2.62
2016.12.02 15:35:12.838,0.99094,0.99124,1.75,1.75
2016.12.02 15:35:12.937,0.99104,0.99124,1.00,1.75
2016.12.02 15:35:14.252,0.99099,0.99123,1.00,1.35
2016.12.02 15:35:14.353,0.99099,0.99122,1.00,1.50
2016.12.02 15:35:14.663,0.99098,0.99119,1.00,1.75
2016.12.02 15:35:15.187,0.99099,0.99119,1.00,1.75
2016.12.02 15:35:16.540,0.99094,0.99119,1.00,1.75
2016.12.02 15:35:17.900,0.99094,0.99115,1.00,1.00
2016.12.02 15:35:19.447,0.99093,0.9912,1.00,1.75
2016.12.02 15:35:22.064,0.99099,0.9912,1.00,1.75
2016.12.02 15:35:23.504,0.99099,0.99121,1.00,1.35
2016.12.02 15:35:23.555,0.99099,0.99119,1.00,1.00
2016.12.02 15:35:26.389,0.99094,0.99119,1.50,1.00
2016.12.02 15:35:27.522,0.99094,0.9912,1.12,1.75
2016.12.02 15:35:31.124,0.99094,0.99119,1.00,1.75
2016.12.02 15:35:31.532,0.99094,0.99121,1.37,1.35
2016.12.02 15:35:32.108,0.99094,0.99121,1.50,1.35
2016.12.02 15:35:34.841,0.99094,0.9912,1.12,1.75
2016.12.02 15:35:36.874,0.99099,0.9912,1.00,1.75
2016.12.02 15:35:37.499,0.99094,0.9912,1.00,1.75
2016.12.02 15:35:37.675,0.99098,0.9912,1.00,1.75
2016.12.02 15:35:40.379,0.99094,0.9912,1.00,1.75
2016.12.02 15:35:41.096,0.99088,0.99117,1.50,1.75
2016.12.02 15:35:41.197,0.99088,0.99117,1.50,1.75
2016.12.02 15:35:41.572,0.99093,0.99117,1.00,1.75
2016.12.02 15:35:49.249,0.99093,0.99115,1.00,1.00
2016.12.02 15:35:49.673,0.99088,0.99114,1.75,1.37
2016.12.02 15:35:49.724,0.99088,0.99114,1.75,1.50
2016.12.02 15:35:49.774,0.99088,0.99112,1.37,1.37
2016.12.02 15:35:50.107,0.99089,0.99108,1.00,1.00
2016.12.02 15:35:50.645,0.99088,0.99108,1.00,1.00
2016.12.02 15:35:54.188,0.99088,0.9911,1.00,1.75
2016.12.02 15:35:56.404,0.99089,0.9911,1.00,1.75
2016.12.02 15:35:56.915,0.99088,0.9911,1.00,1.75
2016.12.02 15:35:57.862,0.99088,0.99108,1.00,1.75
2016.12.02 15:36:01.071,0.99088,0.99104,1.00,1.50
2016.12.02 15:36:01.172,0.99088,0.99107,1.00,1.75
2016.12.02 15:36:01.424,0.99083,0.99103,1.00,1.00
2016.12.02 15:36:02.436,0.99084,0.99103,1.00,1.00
2016.12.02 15:36:02.537,0.99084,0.99107,1.00,1.67
2016.12.02 15:36:02.638,0.99084,0.99107,1.12,1.30
2016.12.02 15:36:02.789,0.99084,0.99109,1.00,2.10
2016.12.02 15:36:03.292,0.99084,0.99108,1.00,1.67
2016.12.02 15:36:03.933,0.99084,0.99108,1.00,1.35
2016.12.02 15:36:04.783,0.99084,0.99108,1.00,1.67
2016.12.02 15:36:05.219,0.99088,0.99108,1.00,1.35
2016.12.02 15:36:05.732,0.99088,0.99107,1.00,1.75
2016.12.02 15:36:07.469,0.99084,0.99107,1.00,1.75
2016.12.02 15:36:09.032,0.99083,0.99105,1.00,1.75
2016.12.02 15:36:09.147,0.99078,0.99105,1.12,1.75
2016.12.02 15:36:09.666,0.99079,0.99105,1.00,1.75
2016.12.02 15:36:11.029,0.99078,0.99105,1.12,1.75
2016.12.02 15:36:11.273,0.99079,0.99104,1.00,1.00
2016.12.02 15:36:11.323,0.99078,0.99105,1.37,1.75
2016.12.02 15:36:11.873,0.99078,0.99102,1.00,1.00
2016.12.02 15:36:12.446,0.99078,0.99102,1.00,1.75
2016.12.02 15:36:12.964,0.99079,0.99103,1.00,1.00
2016.12.02 15:36:13.065,0.99079,0.99106,1.00,2.10
2016.12.02 15:36:13.166,0.99079,0.99103,1.00,1.00
2016.12.02 15:36:13.460,0.99079,0.99103,1.00,1.50
2016.12.02 15:36:13.867,0.99079,0.99106,1.37,2.10
2016.12.02 15:36:16.063,0.99084,0.99106,1.00,1.35
2016.12.02 15:36:19.293,0.99084,0.99106,1.00,2.10
2016.12.02 15:36:19.546,0.99079,0.99101,1.12,1.00
2016.12.02 15:36:20.073,0.99084,0.99106,1.00,3.22
2016.12.02 15:36:20.182,0.99084,0.99106,1.00,2.10
2016.12.02 15:36:20.283,0.99084,0.99106,1.00,2.10
2016.12.02 15:36:20.584,0.99079,0.99106,1.00,2.85
2016.12.02 15:36:20.685,0.99079,0.99106,1.12,2.10
2016.12.02 15:36:21.348,0.99084,0.99106,1.00,1.35
2016.12.02 15:36:22.851,0.99079,0.99107,1.12,1.75
2016.12.02 15:36:23.062,0.99079,0.99106,1.00,1.75
2016.12.02 15:36:23.483,0.99083,0.99107,1.00,1.75
2016.12.02 15:36:23.884,0.99083,0.99108,1.12,1.30
2016.12.02 15:36:23.985,0.99083,0.99108,1.00,1.35
2016.12.02 15:36:24.563,0.99083,0.99108,1.00,2.10
2016.12.02 15:36:25.099,0.99083,0.99108,1.00,2.10
2016.12.02 15:36:25.368,0.99079,0.99108,1.50,2.10
2016.12.02 15:36:26.417,0.99079,0.99104,1.12,1.50
2016.12.02 15:36:26.569,0.99074,0.99102,1.75,1.75
2016.12.02 15:36:26.770,0.99074,0.99099,1.00,1.00
2016.12.02 15:36:27.624,0.99074,0.99101,2.25,1.75
2016.12.02 15:36:27.876,0.99079,0.99104,1.00,1.75
2016.12.02 15:36:29.235,0.99079,0.99106,1.50,1.50
2016.12.02 15:36:29.537,0.99083,0.99112,1.75,1.75
2016.12.02 15:36:30.397,0.99081,0.99107,1.75,1.00
2016.12.02 15:36:31.167,0.99081,0.99106,1.75,1.00
2016.12.02 15:36:31.731,0.9908,0.99107,2.25,1.00
2016.12.02 15:36:33.199,0.9908,0.99106,2.25,1.00
2016.12.02 15:36:34.589,0.99079,0.99106,3.37,1.87
2016.12.02 15:36:34.640,0.99079,0.99106,1.75,2.25
2016.12.02 15:36:34.691,0.99079,0.99106,1.37,2.25
2016.12.02 15:36:34.742,0.99079,0.99106,1.00,2.25
2016.12.02 15:36:35.248,0.99078,0.99106,1.12,1.75
2016.12.02 15:36:35.895,0.99079,0.99106,1.00,1.75
2016.12.02 15:36:36.007,0.99079,0.99106,1.50,1.75
2016.12.02 15:36:38.778,0.99083,0.99107,1.00,1.75
2016.12.02 15:36:39.246,0.99083,0.99109,1.00,2.25
2016.12.02 15:36:39.817,0.99083,0.99105,1.00,1.75
2016.12.02 15:36:40.706,0.99079,0.99105,1.00,1.75
2016.12.02 15:36:40.857,0.99079,0.99104,1.00,1.75
2016.12.02 15:36:41.059,0.99079,0.99105,1.12,1.50
2016.12.02 15:36:41.160,0.99079,0.99105,1.00,1.75
2016.12.02 15:36:41.666,0.99078,0.99107,1.50,1.75
2016.12.02 15:36:43.505,0.99078,0.99105,1.37,1.75
2016.12.02 15:36:43.556,0.99078,0.99105,1.00,1.75
2016.12.02 15:36:43.752,0.99078,0.99103,1.00,1.00
2016.12.02 15:36:45.194,0.99079,0.99103,1.00,1.00
2016.12.02 15:36:45.677,0.99079,0.99108,1.50,2.25
2016.12.02 15:36:47.923,0.99078,0.99106,1.50,1.75
2016.12.02 15:36:47.973,0.99078,0.99103,1.50,1.00
2016.12.02 15:36:48.320,0.99078,0.99108,1.50,1.75
2016.12.02 15:36:48.924,0.99078,0.99106,1.50,1.75
2016.12.02 15:36:50.057,0.99073,0.99103,2.25,1.75
2016.12.02 15:36:50.158,0.99075,0.991,1.00,1.00
2016.12.02 15:36:50.634,0.99079,0.991,1.00,1.00
2016.12.02 15:36:52.156,0.99079,0.99102,1.00,1.75
2016.12.02 15:36:52.983,0.99079,0.99104,1.00,1.75
2016.12.02 15:36:53.753,0.99078,0.99104,1.00,1.75
2016.12.02 15:36:53.854,0.99074,0.99104,1.50,1.75
2016.12.02 15:36:55.032,0.99074,0.99101,1.37,1.75
2016.12.02 15:36:55.083,0.99074,0.99101,1.12,2.25
2016.12.02 15:36:55.284,0.99074,0.99101,1.75,1.75
2016.12.02 15:36:55.593,0.99074,0.99097,1.00,1.00
2016.12.02 15:36:56.122,0.99074,0.991,1.00,1.75
2016.12.02 15:36:57.110,0.99074,0.99103,1.50,2.25
2016.12.02 15:36:57.442,0.99078,0.99103,1.00,1.75
2016.12.02 15:36:58.856,0.99074,0.99101,1.75,2.25
2016.12.02 15:36:58.957,0.99074,0.99099,1.12,1.50
2016.12.02 15:36:59.007,0.99074,0.99099,1.00,1.50
2016.12.02 15:37:02.224,0.99074,0.99094,1.00,1.00
2016.12.02 15:37:02.802,0.99074,0.99095,1.00,2.25
2016.12.02 15:37:03.883,0.99069,0.99095,1.00,2.25
2016.12.02 15:37:04.263,0.99068,0.99092,1.50,1.00
2016.12.02 15:37:04.905,0.99068,0.99095,1.50,1.50
2016.12.02 15:37:04.955,0.9907,0.99095,1.00,1.50
2016.12.02 15:37:05.207,0.99068,0.99095,1.75,1.50
2016.12.02 15:37:05.509,0.99069,0.99093,1.00,1.37
2016.12.02 15:37:05.761,0.99068,0.99093,1.00,1.50
2016.12.02 15:37:05.912,0.99068,0.99091,1.00,1.00
2016.12.02 15:37:06.013,0.99068,0.99093,1.00,1.50
2016.12.02 15:37:06.114,0.99064,0.99093,1.75,1.50
2016.12.02 15:37:06.164,0.99064,0.99093,1.75,1.75
2016.12.02 15:37:07.468,0.99064,0.99087,1.75,1.00
2016.12.02 15:37:07.573,0.9906,0.99084,1.50,1.00
2016.12.02 15:37:07.623,0.99059,0.99088,2.25,1.75
2016.12.02 15:37:07.878,0.99066,0.9909,1.00,1.00
2016.12.02 15:37:09.802,0.99066,0.99091,1.00,1.50
2016.12.02 15:37:10.547,0.99063,0.99088,1.00,1.00
2016.12.02 15:37:10.884,0.99065,0.99089,1.00,1.50
2016.12.02 15:37:12.759,0.99059,0.99089,1.75,1.75
2016.12.02 15:37:12.986,0.99059,0.99084,1.50,1.00
2016.12.02 15:37:13.390,0.99061,0.99086,1.00,1.00
2016.12.02 15:37:14.117,0.99061,0.99084,1.00,1.00
2016.12.02 15:37:14.439,0.99058,0.99086,1.50,2.25
2016.12.02 15:37:15.269,0.99058,0.99088,1.75,2.10
2016.12.02 15:37:15.723,0.99058,0.99087,1.50,1.75
2016.12.02 15:37:21.108,0.99058,0.99083,1.00,1.00
2016.12.02 15:37:21.410,0.99053,0.99084,2.25,4.12
2016.12.02 15:37:21.724,0.99053,0.99084,2.25,2.25
2016.12.02 15:37:22.043,0.99059,0.99084,1.00,2.25
2016.12.02 15:37:22.588,0.99059,0.99082,1.00,1.37
2016.12.02 15:37:22.638,0.99059,0.99082,1.00,1.37
2016.12.02 15:37:27.994,0.99054,0.99082,1.37,1.75
2016.12.02 15:37:28.452,0.99054,0.9908,1.37,1.00
2016.12.02 15:37:28.679,0.99054,0.99084,1.75,1.75
2016.12.02 15:37:29.422,0.99059,0.99085,1.00,1.75
2016.12.02 15:37:30.959,0.99059,0.99085,1.37,1.50
2016.12.02 15:37:31.010,0.99059,0.99085,1.50,1.12
2016.12.02 15:37:32.877,0.99059,0.99085,1.00,1.75
2016.12.02 15:37:33.335,0.99053,0.99084,3.00,2.25
2016.12.02 15:37:34.163,0.99057,0.99082,1.37,1.00
2016.12.02 15:37:34.507,0.99064,0.99088,1.00,1.35
2016.12.02 15:37:36.953,0.99064,0.99088,1.00,2.10
2016.12.02 15:37:37.313,0.99063,0.9909,1.00,1.75
2016.12.02 15:37:37.364,0.99063,0.99087,1.37,1.00
2016.12.02 15:37:38.513,0.99063,0.99089,1.00,1.75
2016.12.02 15:37:40.258,0.99063,0.99087,1.37,1.00
2016.12.02 15:37:40.808,0.99064,0.99091,1.75,2.10
2016.12.02 15:37:41.324,0.99064,0.99092,1.75,1.75
2016.12.02 15:37:41.798,0.99065,0.99091,1.75,1.00
2016.12.02 15:37:44.590,0.99064,0.99091,1.75,1.37
2016.12.02 15:37:45.103,0.99063,0.99092,1.75,2.25
2016.12.02 15:37:47.902,0.99063,0.99088,1.75,1.00
2016.12.02 15:37:48.003,0.9906,0.99089,1.75,1.75
2016.12.02 15:37:48.697,0.99064,0.99093,1.87,1.75
2016.12.02 15:37:48.747,0.99064,0.99093,2.25,1.50
2016.12.02 15:37:49.323,0.9907,0.99095,1.00,1.50
2016.12.02 15:37:49.524,0.99072,0.99095,1.00,1.00
2016.12.02 15:37:50.056,0.99069,0.99095,1.50,1.37
2016.12.02 15:37:51.028,0.99069,0.99094,1.12,1.75
2016.12.02 15:37:52.238,0.99065,0.99091,2.10,1.00
2016.12.02 15:37:53.294,0.99065,0.99092,2.10,1.12
2016.12.02 15:37:56.127,0.99065,0.99091,2.10,1.00
2016.12.02 15:37:58.437,0.99067,0.99092,1.35,1.12
2016.12.02 15:37:58.741,0.99068,0.99093,1.75,1.12
2016.12.02 15:37:59.012,0.99068,0.99093,1.50,1.67
2016.12.02 15:37:59.214,0.99065,0.99092,2.10,1.75
2016.12.02 15:37:59.516,0.99067,0.99091,1.00,1.00
2016.12.02 15:37:59.683,0.99068,0.99094,1.75,1.12
2016.12.02 15:38:00.188,0.99069,0.99093,1.50,1.00
2016.12.02 15:38:01.440,0.99065,0.99093,1.75,1.50
2016.12.02 15:38:02.007,0.99069,0.99095,1.87,1.37
2016.12.02 15:38:02.058,0.99069,0.99095,1.75,1.00
2016.12.02 15:38:02.159,0.99069,0.99095,1.50,1.37
2016.12.02 15:38:02.397,0.99069,0.9909,1.50,1.00
2016.12.02 15:38:03.017,0.99069,0.99089,1.00,1.00
2016.12.02 15:38:03.326,0.99064,0.99089,1.75,1.00
2016.12.02 15:38:04.623,0.99066,0.99089,1.75,1.00
2016.12.02 15:38:04.825,0.99065,0.9909,1.75,1.00
2016.12.02 15:38:05.563,0.99069,0.99091,1.12,1.00
2016.12.02 15:38:05.940,0.99069,0.99093,1.75,1.12
2016.12.02 15:38:06.142,0.99068,0.99093,1.00,1.50
2016.12.02 15:38:06.192,0.99068,0.99091,1.00,1.00
2016.12.02 15:38:06.724,0.99068,0.99092,1.00,1.00
2016.12.02 15:38:07.036,0.99069,0.99092,1.75,1.00
2016.12.02 15:38:07.528,0.99068,0.99092,1.00,1.00
2016.12.02 15:38:07.729,0.99064,0.9909,3.00,1.12
2016.12.02 15:38:07.930,0.99069,0.99093,1.12,1.37
2016.12.02 15:38:08.031,0.99069,0.9909,1.12,1.00
2016.12.02 15:38:08.870,0.99069,0.99091,1.12,1.00
2016.12.02 15:38:09.947,0.99065,0.99091,1.35,1.50
2016.12.02 15:38:10.557,0.99064,0.99089,1.12,1.75
2016.12.02 15:38:10.859,0.99061,0.9909,3.22,1.12
2016.12.02 15:38:11.161,0.99064,0.99088,1.00,1.12
2016.12.02 15:38:11.768,0.99064,0.99087,1.00,1.00
2016.12.02 15:38:12.584,0.99064,0.99086,1.00,1.00
2016.12.02 15:38:13.961,0.99063,0.99086,1.12,1.00
2016.12.02 15:38:14.514,0.99064,0.99086,1.00,1.00
2016.12.02 15:38:15.777,0.99061,0.99086,1.35,1.50
2016.12.02 15:38:16.033,0.99063,0.99089,1.97,1.12
2016.12.02 15:38:16.385,0.99068,0.99094,1.12,1.50
2016.12.02 15:38:16.739,0.99068,0.99094,1.87,1.50
2016.12.02 15:38:17.291,0.99068,0.99095,2.25,1.00
2016.12.02 15:38:17.834,0.99068,0.99096,2.25,1.00
2016.12.02 15:38:18.136,0.99068,0.99092,1.75,1.00
2016.12.02 15:38:19.651,0.99068,0.99092,1.50,1.00
2016.12.02 15:38:20.106,0.99068,0.9909,1.50,1.00
2016.12.02 15:38:21.403,0.99068,0.99089,1.50,1.00
2016.12.02 15:38:21.980,0.99068,0.9909,1.00,1.00
2016.12.02 15:38:22.752,0.99066,0.9909,1.75,1.00
2016.12.02 15:38:23.373,0.99069,0.9909,1.12,1.00
2016.12.02 15:38:23.773,0.99066,0.99089,1.00,1.00
2016.12.02 15:38:23.823,0.9907,0.99091,1.00,1.00
2016.12.02 15:38:23.874,0.99069,0.99097,1.75,2.25
2016.12.02 15:38:23.925,0.99069,0.99093,1.75,1.00
2016.12.02 15:38:24.076,0.99066,0.99093,1.75,1.12
2016.12.02 15:38:25.129,0.99066,0.99092,1.75,1.00
2016.12.02 15:38:25.909,0.99066,0.99089,1.75,1.00
2016.12.02 15:38:26.009,0.99063,0.99089,2.85,1.00
2016.12.02 15:38:26.307,0.99063,0.99086,2.85,1.00
2016.12.02 15:38:26.817,0.99061,0.99087,1.75,1.00
2016.12.02 15:38:28.591,0.99063,0.99087,1.75,1.00
2016.12.02 15:38:29.151,0.99064,0.99088,1.75,1.00
2016.12.02 15:38:29.611,0.99064,0.9909,1.75,1.12
2016.12.02 15:38:29.925,0.99064,0.99088,1.75,1.00
2016.12.02 15:38:30.391,0.99063,0.99087,1.50,1.00
2016.12.02 15:38:30.442,0.99064,0.99085,1.12,1.00
2016.12.02 15:38:30.786,0.99068,0.99086,1.00,1.00
2016.12.02 15:38:31.319,0.99068,0.99085,1.00,1.00
2016.12.02 15:38:31.825,0.99063,0.99085,1.50,1.00
2016.12.02 15:38:32.026,0.99063,0.99083,1.00,1.00
2016.12.02 15:38:32.127,0.99063,0.99085,1.00,1.00
2016.12.02 15:38:32.326,0.99068,0.99086,1.00,1.00
2016.12.02 15:38:32.862,0.99068,0.99089,1.00,1.50
2016.12.02 15:38:33.401,0.99069,0.99089,1.00,1.50
2016.12.02 15:38:33.514,0.99063,0.99089,1.37,1.50
2016.12.02 15:38:34.321,0.9906,0.99086,1.75,1.00
2016.12.02 15:38:34.422,0.99058,0.99088,2.25,1.75
2016.12.02 15:38:34.925,0.99058,0.99085,2.25,1.00
2016.12.02 15:38:35.519,0.99059,0.99087,1.75,1.50
2016.12.02 15:38:36.712,0.99059,0.99087,2.25,1.00
2016.12.02 15:38:36.994,0.99062,0.99086,1.00,1.00
2016.12.02 15:38:37.200,0.99063,0.99088,1.00,1.00
2016.12.02 15:38:40.094,0.99059,0.9909,1.75,1.75
2016.12.02 15:38:40.400,0.99058,0.9909,1.75,4.12
2016.12.02 15:38:40.710,0.99059,0.9909,1.75,2.10
2016.12.02 15:38:40.811,0.99061,0.99086,1.00,1.00
2016.12.02 15:38:40.917,0.99059,0.9909,2.25,2.25
2016.12.02 15:38:41.018,0.99059,0.9909,2.25,2.25
2016.12.02 15:38:42.610,0.99067,0.99089,1.00,1.00
2016.12.02 15:38:42.912,0.99069,0.99089,1.00,1.00
2016.12.02 15:38:43.181,0.99064,0.99089,1.50,1.00
2016.12.02 15:38:43.534,0.99068,0.99089,1.00,1.00
2016.12.02 15:38:43.836,0.99064,0.99089,1.00,1.00
2016.12.02 15:38:44.266,0.99068,0.99089,1.00,1.00
2016.12.02 15:38:44.482,0.99064,0.99089,1.50,1.00
2016.12.02 15:38:44.657,0.99069,0.99089,1.00,1.00
2016.12.02 15:38:45.478,0.99064,0.99089,1.00,1.00
2016.12.02 15:38:45.529,0.99065,0.99096,1.75,1.75
2016.12.02 15:38:45.838,0.99064,0.99092,1.50,1.75
2016.12.02 15:38:46.403,0.99064,0.9909,1.00,1.75
2016.12.02 15:38:46.926,0.99059,0.9909,2.25,1.75
2016.12.02 15:38:47.146,0.99059,0.99088,1.50,1.75
2016.12.02 15:38:51.215,0.99059,0.99087,1.75,1.87
2016.12.02 15:38:51.624,0.99059,0.99086,1.12,1.75
2016.12.02 15:38:53.451,0.99059,0.99086,1.75,1.50
2016.12.02 15:38:53.987,0.99063,0.99087,1.00,1.75
2016.12.02 15:38:54.239,0.99059,0.99083,1.12,1.50
2016.12.02 15:38:55.354,0.99057,0.99086,1.75,3.00
2016.12.02 15:38:55.657,0.99063,0.99086,1.00,1.00
2016.12.02 15:38:56.648,0.99063,0.99087,1.00,1.50
2016.12.02 15:38:56.963,0.99062,0.99085,1.00,1.00
2016.12.02 15:38:57.275,0.99058,0.99086,1.75,1.75
2016.12.02 15:38:57.627,0.99055,0.99084,1.75,1.75
2016.12.02 15:38:57.829,0.99058,0.99084,1.50,1.12
2016.12.02 15:38:58.519,0.99058,0.99086,2.25,1.37
2016.12.02 15:38:58.862,0.99064,0.9909,1.50,1.37
2016.12.02 15:38:59.065,0.99064,0.99088,1.00,1.12
2016.12.02 15:38:59.166,0.99059,0.99086,1.75,1.00
2016.12.02 15:38:59.266,0.9906,0.99084,1.00,1.00
2016.12.02 15:39:00.653,0.9906,0.99085,1.00,1.00
2016.12.02 15:39:02.148,0.99062,0.99087,1.00,2.25
2016.12.02 15:39:02.450,0.99065,0.99086,1.00,1.00
2016.12.02 15:39:02.500,0.99065,0.99089,1.00,1.00
2016.12.02 15:39:03.039,0.99065,0.9909,1.00,1.50
2016.12.02 15:39:03.668,0.99065,0.99089,1.00,1.00
2016.12.02 15:39:04.255,0.99065,0.99089,1.50,1.75
2016.12.02 15:39:04.356,0.99066,0.99095,1.50,2.25
2016.12.02 15:39:04.457,0.9907,0.99095,1.00,1.00
2016.12.02 15:39:04.711,0.99069,0.99094,1.12,1.75
2016.12.02 15:39:05.242,0.99069,0.99099,1.75,1.75
2016.12.02 15:39:05.544,0.99069,0.99098,2.25,1.75
2016.12.02 15:39:06.066,0.99069,0.99098,1.75,1.75
2016.12.02 15:39:06.343,0.99077,0.99096,1.00,1.00
2016.12.02 15:39:06.444,0.99074,0.99097,1.50,1.00
2016.12.02 15:39:06.590,0.99073,0.99099,1.75,1.00
2016.12.02 15:39:07.110,0.99073,0.99097,1.75,1.00
2016.12.02 15:39:07.211,0.99073,0.99102,1.75,1.12
2016.12.02 15:39:07.462,0.99075,0.99104,1.75,1.37
2016.12.02 15:39:07.865,0.99076,0.99106,1.50,2.25
2016.12.02 15:39:08.116,0.99075,0.99099,1.00,1.00
2016.12.02 15:39:08.651,0.99075,0.99098,1.00,1.00
2016.12.02 15:39:09.177,0.99075,0.99097,1.00,1.00
2016.12.02 15:39:09.278,0.99074,0.991,2.25,1.00
2016.12.02 15:39:10.097,0.99078,0.99102,1.12,1.37
2016.12.02 15:39:10.651,0.99076,0.99101,1.00,1.37
2016.12.02 15:39:12.288,0.99075,0.99102,1.75,1.12
2016.12.02 15:39:12.616,0.99073,0.99102,2.25,1.75
2016.12.02 15:39:12.899,0.99078,0.99102,1.00,1.00
2016.12.02 15:39:13.438,0.99079,0.99103,1.00,1.35
2016.12.02 15:39:14.688,0.99074,0.99103,2.25,1.35
2016.12.02 15:39:14.991,0.99074,0.99103,3.00,2.10
2016.12.02 15:39:18.884,0.99079,0.991,1.00,1.12
2016.12.02 15:39:19.464,0.99078,0.99101,1.00,1.37
2016.12.02 15:39:20.728,0.99073,0.99098,1.75,1.00
2016.12.02 15:39:20.779,0.99075,0.99098,1.00,1.12
2016.12.02 15:39:22.607,0.99073,0.991,1.50,1.75
2016.12.02 15:39:24.095,0.99073,0.99098,1.75,1.00
2016.12.02 15:39:24.196,0.99073,0.99096,1.75,1.00
2016.12.02 15:39:24.297,0.99073,0.99096,1.12,1.37
2016.12.02 15:39:24.540,0.99078,0.99096,1.00,1.37
2016.12.02 15:39:24.691,0.99079,0.99102,1.12,1.37
2016.12.02 15:39:25.062,0.99074,0.991,1.75,1.00
2016.12.02 15:39:25.113,0.99074,0.99098,1.12,1.37
2016.12.02 15:39:29.107,0.99073,0.991,1.75,1.37
2016.12.02 15:39:29.158,0.99077,0.99102,1.00,1.50
2016.12.02 15:39:29.500,0.99073,0.991,1.50,1.50
2016.12.02 15:39:29.807,0.99069,0.99097,1.75,1.50
2016.12.02 15:39:30.310,0.99074,0.99097,1.00,1.50
2016.12.02 15:39:30.832,0.99068,0.99096,2.25,1.12
2016.12.02 15:39:32.344,0.99068,0.99094,2.25,1.00
2016.12.02 15:39:33.516,0.9907,0.99094,1.00,1.50
2016.12.02 15:39:35.716,0.9907,0.99093,1.00,1.00
2016.12.02 15:39:35.817,0.99068,0.99092,1.00,1.00
2016.12.02 15:39:37.166,0.99069,0.99092,1.00,1.50
2016.12.02 15:39:38.039,0.99069,0.99091,1.00,1.50
2016.12.02 15:39:38.089,0.99064,0.99091,1.37,1.87
2016.12.02 15:39:38.140,0.99064,0.99088,1.00,1.00
2016.12.02 15:39:39.101,0.99064,0.9909,1.37,1.50
2016.12.02 15:39:39.202,0.99064,0.99089,1.37,1.87
2016.12.02 15:39:39.395,0.99063,0.99085,1.12,1.12
2016.12.02 15:39:39.496,0.99058,0.99084,1.37,1.37
2016.12.02 15:39:39.546,0.99058,0.99083,1.00,1.75
2016.12.02 15:39:40.057,0.99054,0.99083,1.75,1.75
2016.12.02 15:39:40.294,0.99059,0.99081,1.00,1.50
2016.12.02 15:39:40.807,0.99059,0.99079,1.00,1.00
2016.12.02 15:39:41.066,0.99054,0.99079,1.00,1.00
2016.12.02 15:39:41.603,0.99054,0.99078,1.00,1.00
2016.12.02 15:39:41.754,0.99054,0.99076,1.00,1.00
2016.12.02 15:39:41.953,0.99052,0.99076,1.00,1.50
2016.12.02 15:39:43.314,0.99049,0.99076,1.75,1.12
2016.12.02 15:39:43.415,0.99052,0.99081,1.75,2.25
2016.12.02 15:39:43.516,0.99054,0.99081,2.62,1.12
2016.12.02 15:39:43.667,0.99055,0.99085,1.75,2.10
2016.12.02 15:39:44.442,0.99061,0.99086,1.00,1.50
2016.12.02 15:39:44.979,0.99061,0.99085,1.00,1.00
2016.12.02 15:39:45.142,0.99056,0.99085,1.75,1.75
2016.12.02 15:39:45.914,0.99057,0.99084,1.75,1.00
2016.12.02 15:39:46.015,0.9906,0.99085,1.00,1.37
2016.12.02 15:39:47.026,0.99056,0.99085,3.37,1.00
2016.12.02 15:39:52.256,0.99061,0.99091,1.75,2.25
2016.12.02 15:39:52.600,0.99064,0.99093,1.75,1.75
2016.12.02 15:39:52.974,0.99067,0.99096,1.75,1.75
2016.12.02 15:39:53.277,0.99065,0.99091,1.75,1.00
2016.12.02 15:39:53.818,0.99065,0.99092,1.75,1.00
2016.12.02 15:39:54.635,0.99064,0.99092,2.25,1.12
2016.12.02 15:39:55.163,0.99069,0.99092,1.00,1.00
2016.12.02 15:39:55.214,0.99069,0.99094,1.00,1.00
2016.12.02 15:39:55.264,0.99067,0.99096,1.75,1.12
2016.12.02 15:39:55.599,0.99067,0.99096,1.50,1.50
2016.12.02 15:39:55.649,0.99065,0.99096,1.75,1.75
2016.12.02 15:39:55.800,0.99065,0.99091,1.75,1.00
2016.12.02 15:39:56.692,0.99069,0.99094,1.00,1.50
2016.12.02 15:39:56.943,0.99068,0.99098,2.62,1.75
2016.12.02 15:39:57.145,0.99071,0.99096,1.00,1.00
2016.12.02 15:39:57.347,0.99067,0.99097,3.37,1.00
2016.12.02 15:39:57.649,0.99071,0.99095,1.00,1.00
2016.12.02 15:39:58.052,0.99069,0.99097,2.62,1.37
2016.12.02 15:39:58.533,0.99072,0.99102,1.75,1.75
2016.12.02 15:39:58.938,0.9907,0.99101,1.75,1.75
2016.12.02 15:39:59.240,0.99075,0.991,1.00,1.00
2016.12.02 15:39:59.341,0.99074,0.99105,1.75,1.75
2016.12.02 15:39:59.930,0.99071,0.99104,1.75,1.75
2016.12.02 15:40:00.801,0.99069,0.991,4.12,1.50
2016.12.02 15:40:00.851,0.99069,0.991,2.25,1.75
2016.12.02 15:40:02.006,0.99071,0.99101,1.75,1.75
2016.12.02 15:40:02.107,0.99071,0.99101,1.75,1.75
2016.12.02 15:40:02.880,0.99071,0.99102,1.75,1.75
2016.12.02 15:40:02.981,0.99073,0.99104,1.75,1.75
2016.12.02 15:40:03.442,0.99073,0.99104,1.75,1.75
2016.12.02 15:40:03.966,0.99076,0.99106,1.75,1.75
2016.12.02 15:40:06.804,0.99074,0.99105,2.25,1.75
2016.12.02 15:40:08.806,0.99078,0.99105,1.00,1.75
2016.12.02 15:40:09.307,0.99074,0.99105,1.75,1.75
2016.12.02 15:40:09.507,0.99079,0.99105,1.00,1.75
2016.12.02 15:40:10.012,0.99078,0.99105,1.00,1.75
2016.12.02 15:40:10.909,0.99079,0.99105,1.00,1.75
2016.12.02 15:40:12.315,0.99079,0.99102,1.00,1.50
2016.12.02 15:40:12.582,0.99072,0.99103,1.75,1.75
2016.12.02 15:40:16.261,0.99073,0.99101,1.75,1.50
2016.12.02 15:40:18.121,0.99074,0.99105,2.25,2.25
2016.12.02 15:40:21.775,0.99079,0.99105,1.00,1.75
2016.12.02 15:40:22.532,0.99078,0.99105,1.12,1.75
2016.12.02 15:40:24.262,0.99079,0.99103,1.00,1.35
2016.12.02 15:40:24.795,0.99074,0.99105,2.25,1.75
2016.12.02 15:40:26.426,0.99073,0.99104,1.75,1.75
2016.12.02 15:40:28.404,0.99074,0.99105,1.50,1.75
2016.12.02 15:40:28.907,0.99077,0.99102,1.00,1.00
2016.12.02 15:40:29.716,0.99073,0.99104,1.75,1.75
2016.12.02 15:40:30.265,0.99072,0.99101,1.75,1.75
2016.12.02 15:40:33.384,0.99077,0.99104,1.00,1.75
2016.12.02 15:40:33.535,0.99077,0.99107,2.25,1.75
2016.12.02 15:40:33.589,0.99077,0.99104,2.25,1.00
2016.12.02 15:40:34.738,0.99079,0.99106,2.25,1.12
2016.12.02 15:40:36.034,0.99077,0.9911,1.75,3.60
2016.12.02 15:40:36.135,0.99072,0.99103,1.75,1.75
2016.12.02 15:40:36.286,0.99072,0.99096,1.75,1.00
2016.12.02 15:40:36.350,0.99074,0.99101,1.75,1.75
2016.12.02 15:40:36.840,0.99077,0.99101,1.00,1.00
2016.12.02 15:40:36.891,0.99079,0.99101,1.00,1.00
2016.12.02 15:40:36.992,0.99083,0.99106,1.00,1.00
2016.12.02 15:40:37.092,0.99081,0.99106,1.00,1.50
2016.12.02 15:40:37.143,0.99083,0.99106,1.00,1.00
2016.12.02 15:40:38.648,0.99081,0.99106,1.00,1.50
2016.12.02 15:40:38.799,0.99076,0.99107,2.25,2.25
2016.12.02 15:40:38.900,0.99078,0.99106,1.00,1.75
2016.12.02 15:40:39.101,0.99077,0.99106,1.37,1.75
2016.12.02 15:40:39.152,0.9908,0.99105,1.00,1.00
2016.12.02 15:40:39.202,0.99079,0.99106,1.75,1.37
2016.12.02 15:40:39.806,0.99079,0.99106,1.75,1.00
2016.12.02 15:40:44.312,0.99082,0.99106,1.75,1.00
2016.12.02 15:40:48.336,0.99083,0.99106,1.75,1.00
2016.12.02 15:40:48.549,0.99083,0.99106,1.12,1.12
2016.12.02 15:40:51.870,0.99082,0.99106,1.75,1.00
2016.12.02 15:40:55.477,0.9908,0.99106,1.75,1.00
2016.12.02 15:40:55.678,0.99081,0.99106,1.75,1.00
2016.12.02 15:40:55.792,0.99081,0.99111,1.75,1.50
2016.12.02 15:40:56.235,0.99084,0.99111,1.00,1.50
2016.12.02 15:40:57.294,0.99084,0.99106,1.00,1.00
2016.12.02 15:41:00.705,0.99079,0.99106,1.75,1.12
2016.12.02 15:41:04.785,0.99077,0.99106,1.75,1.75
2016.12.02 15:41:09.896,0.9908,0.99107,1.75,1.12
2016.12.02 15:41:13.810,0.9908,0.99105,1.00,1.00
2016.12.02 15:41:14.412,0.99077,0.99106,1.12,3.37
2016.12.02 15:41:16.317,0.99071,0.99101,1.75,1.75
2016.12.02 15:41:16.720,0.99074,0.99107,1.75,2.25
2016.12.02 15:41:18.340,0.99072,0.99105,1.75,1.75
2016.12.02 15:41:19.620,0.99075,0.99106,1.75,2.25
2016.12.02 15:41:20.300,0.99077,0.99106,1.75,1.75
2016.12.02 15:41:20.400,0.9908,0.99105,1.00,1.00
2016.12.02 15:41:20.501,0.99075,0.99105,1.75,1.50
2016.12.02 15:41:20.552,0.99075,0.99105,1.75,1.75
2016.12.02 15:41:20.753,0.99075,0.991,1.00,1.00
2016.12.02 15:41:21.345,0.99074,0.99101,1.75,1.12
2016.12.02 15:41:21.679,0.99076,0.99101,1.75,1.00
2016.12.02 15:41:24.144,0.99074,0.99101,1.75,1.37
2016.12.02 15:41:24.245,0.99071,0.99101,1.75,1.50
2016.12.02 15:41:24.346,0.99071,0.99101,1.75,1.75
2016.12.02 15:41:24.875,0.99077,0.99102,1.00,1.75
2016.12.02 15:41:24.926,0.99077,0.99102,1.75,1.00
2016.12.02 15:41:25.128,0.99082,0.99107,1.00,1.50
2016.12.02 15:41:25.229,0.99077,0.99107,1.75,1.75
2016.12.02 15:41:28.158,0.99079,0.99103,1.00,1.00
2016.12.02 15:41:30.130,0.99073,0.99104,4.12,1.75
2016.12.02 15:41:30.180,0.99073,0.99104,2.25,1.75
2016.12.02 15:41:30.482,0.99075,0.99099,1.00,1.00
2016.12.02 15:41:30.684,0.99073,0.99101,1.75,1.50
2016.12.02 15:41:30.885,0.99074,0.99099,1.00,1.00
2016.12.02 15:41:31.537,0.99074,0.99101,1.50,1.37
2016.12.02 15:41:31.770,0.99079,0.9911,1.75,2.10
2016.12.02 15:41:32.424,0.99082,0.99111,1.50,1.75
2016.12.02 15:41:32.475,0.99082,0.99111,1.75,1.75
2016.12.02 15:41:33.261,0.99082,0.99111,1.50,1.75
2016.12.02 15:41:33.733,0.99078,0.99107,2.62,1.50
2016.12.02 15:41:33.783,0.99079,0.99104,1.00,1.00
2016.12.02 15:41:34.644,0.99079,0.99101,1.00,1.00
2016.12.02 15:41:35.193,0.99075,0.99101,1.75,1.12
2016.12.02 15:41:35.294,0.99074,0.99099,1.00,1.00
2016.12.02 15:41:35.460,0.99073,0.99101,1.75,1.50
2016.12.02 15:41:35.560,0.99073,0.99106,4.12,1.75
2016.12.02 15:41:35.863,0.99073,0.99106,2.25,3.37
2016.12.02 15:41:38.318,0.99073,0.99102,2.62,1.12
2016.12.02 15:41:38.369,0.99073,0.99102,2.62,1.50
2016.12.02 15:41:38.513,0.99075,0.991,1.00,1.00
2016.12.02 15:41:38.765,0.99069,0.991,3.37,1.50
2016.12.02 15:41:38.815,0.99072,0.99097,1.00,1.00
2016.12.02 15:41:40.164,0.99071,0.99097,1.75,1.12
2016.12.02 15:41:40.668,0.9907,0.99097,1.75,1.37
2016.12.02 15:41:41.352,0.9907,0.99097,1.75,1.00
2016.12.02 15:41:41.699,0.99077,0.99101,1.00,1.00
2016.12.02 15:41:41.749,0.99074,0.99105,1.75,1.37
2016.12.02 15:41:41.800,0.99077,0.99106,1.75,1.50
2016.12.02 15:41:41.901,0.99078,0.99106,1.75,1.00
2016.12.02 15:41:42.436,0.99078,0.99107,1.75,1.12
2016.12.02 15:41:43.965,0.99076,0.99107,3.37,1.50
2016.12.02 15:41:44.016,0.99076,0.99107,1.75,1.75
2016.12.02 15:41:47.863,0.99079,0.99109,1.75,1.75
2016.12.02 15:41:47.913,0.99083,0.99107,1.00,1.00
2016.12.02 15:41:47.964,0.99082,0.99111,1.75,1.37
2016.12.02 15:41:48.015,0.99082,0.99111,1.75,1.37
2016.12.02 15:41:51.241,0.99085,0.99116,1.75,2.25
2016.12.02 15:41:51.834,0.99085,0.99116,1.75,2.25
2016.12.02 15:41:52.361,0.99086,0.99111,1.00,1.00
2016.12.02 15:41:59.286,0.99085,0.99114,1.75,1.37
2016.12.02 15:41:59.387,0.99089,0.99117,1.75,1.50
2016.12.02 15:41:59.588,0.9909,0.99115,1.00,1.00
2016.12.02 15:41:59.830,0.9909,0.99111,1.00,1.00
2016.12.02 15:42:00.132,0.9909,0.99115,1.00,1.00
2016.12.02 15:42:00.388,0.9909,0.99112,1.00,1.00
2016.12.02 15:42:00.890,0.99084,0.99112,1.75,1.12
2016.12.02 15:42:01.455,0.99084,0.99111,2.25,1.00
2016.12.02 15:42:05.414,0.99084,0.99111,2.25,1.50
2016.12.02 15:42:07.419,0.99085,0.99111,1.75,1.00
2016.12.02 15:42:07.721,0.99086,0.99112,1.75,1.35
2016.12.02 15:42:07.881,0.99086,0.99112,1.75,1.72
2016.12.02 15:42:10.725,0.99086,0.99111,1.00,1.00
2016.12.02 15:42:11.015,0.99083,0.99112,2.25,1.75
2016.12.02 15:42:11.348,0.99079,0.99107,1.75,1.75
2016.12.02 15:42:11.398,0.99079,0.99107,1.50,1.75
2016.12.02 15:42:11.512,0.99079,0.99107,1.12,2.25
2016.12.02 15:42:11.878,0.99079,0.99107,1.75,1.37
2016.12.02 15:42:11.929,0.99081,0.99105,1.00,1.00
2016.12.02 15:42:12.351,0.99079,0.99104,1.00,1.00
2016.12.02 15:42:13.261,0.99079,0.99102,1.00,1.00
2016.12.02 15:42:13.471,0.99079,0.99104,1.00,1.00
2016.12.02 15:42:14.544,0.99079,0.99105,1.12,1.75
2016.12.02 15:42:14.695,0.99074,0.99104,1.75,1.75
2016.12.02 15:42:14.847,0.99073,0.99101,2.25,1.50
2016.12.02 15:42:15.362,0.99074,0.99101,1.75,1.12
2016.12.02 15:42:15.810,0.99073,0.99102,1.75,1.75
2016.12.02 15:42:16.113,0.99073,0.99098,1.00,1.00
2016.12.02 15:42:16.264,0.99077,0.99098,1.00,1.00
2016.12.02 15:42:16.415,0.99077,0.99106,1.75,2.10
2016.12.02 15:42:16.466,0.99081,0.99106,1.00,2.10
2016.12.02 15:42:17.461,0.99076,0.99106,1.75,1.75
2016.12.02 15:42:17.909,0.9908,0.99104,1.00,1.00
2016.12.02 15:42:24.605,0.99076,0.99106,1.75,1.75
2016.12.02 15:42:24.976,0.99072,0.99102,2.62,1.37
2016.12.02 15:42:25.026,0.99071,0.99102,2.25,1.75
2016.12.02 15:42:34.182,0.99073,0.991,1.50,1.00
2016.12.02 15:42:34.722,0.99076,0.99101,1.00,1.00
2016.12.02 15:42:37.207,0.99074,0.99106,3.00,2.25
2016.12.02 15:42:37.358,0.99077,0.99107,1.75,1.50
2016.12.02 15:42:38.112,0.99079,0.99107,2.25,1.00
2016.12.02 15:42:38.414,0.99079,0.99112,1.75,4.12
2016.12.02 15:42:39.441,0.99075,0.99106,2.25,2.25
2016.12.02 15:42:39.542,0.99075,0.991,1.50,1.00
2016.12.02 15:42:39.693,0.99075,0.99097,1.00,1.00
2016.12.02 15:42:39.743,0.99072,0.99097,1.00,1.50
2016.12.02 15:42:39.995,0.99072,0.99096,1.00,1.37
2016.12.02 15:42:40.445,0.99069,0.99096,1.50,1.75
2016.12.02 15:42:40.826,0.99069,0.99096,1.12,2.25
2016.12.02 15:42:40.977,0.99068,0.99093,1.00,1.00
2016.12.02 15:42:41.078,0.99068,0.99091,1.00,1.00
2016.12.02 15:42:41.406,0.99068,0.99093,1.00,1.00
2016.12.02 15:42:41.612,0.99067,0.99099,1.75,2.62
2016.12.02 15:42:41.663,0.99071,0.99095,1.00,1.00
2016.12.02 15:42:42.015,0.99067,0.991,3.37,1.75
2016.12.02 15:42:42.571,0.99067,0.991,3.37,1.75
2016.12.02 15:42:45.151,0.99072,0.99101,1.75,1.75
2016.12.02 15:42:45.918,0.99069,0.991,3.37,1.50
2016.12.02 15:42:46.443,0.99069,0.99096,1.75,1.12
2016.12.02 15:42:47.214,0.99069,0.991,1.75,1.75
2016.12.02 15:42:47.365,0.99069,0.991,1.75,1.75
2016.12.02 15:42:47.929,0.99069,0.991,1.75,1.75
2016.12.02 15:42:48.131,0.99069,0.991,1.75,1.75
2016.12.02 15:42:48.182,0.99074,0.99099,1.00,1.00
2016.12.02 15:42:49.132,0.99071,0.99101,1.75,3.37
2016.12.02 15:42:49.183,0.99068,0.99099,2.25,1.75
2016.12.02 15:42:50.170,0.99066,0.99096,2.62,1.75
2016.12.02 15:42:50.230,0.99065,0.99096,1.75,1.75
2016.12.02 15:42:50.532,0.99068,0.99093,1.00,1.00
2016.12.02 15:42:50.633,0.99068,0.99091,1.00,1.00
2016.12.02 15:42:50.936,0.99062,0.99091,1.75,1.75
2016.12.02 15:42:51.959,0.99064,0.99092,1.75,1.37
2016.12.02 15:42:52.260,0.99068,0.99095,1.75,1.00
2016.12.02 15:42:52.462,0.99068,0.99092,1.00,1.00
2016.12.02 15:42:53.751,0.99065,0.99096,1.87,1.75
2016.12.02 15:42:53.852,0.99072,0.99097,1.00,1.50
2016.12.02 15:42:54.571,0.99066,0.99096,2.62,1.37
2016.12.02 15:42:54.672,0.99067,0.99096,2.25,1.75
2016.12.02 15:42:55.177,0.99066,0.99096,1.75,2.25
2016.12.02 15:42:55.278,0.99069,0.99097,1.00,1.75
2016.12.02 15:42:55.379,0.99069,0.99097,1.75,1.37
2016.12.02 15:42:55.730,0.99069,0.99097,1.75,1.12
2016.12.02 15:42:56.403,0.99069,0.99096,1.75,1.00
2016.12.02 15:42:56.454,0.99068,0.99096,1.75,1.12
2016.12.02 15:42:56.957,0.99064,0.99095,3.37,1.50
2016.12.02 15:42:57.259,0.9907,0.99098,1.75,1.75
2016.12.02 15:42:57.574,0.99069,0.99097,1.50,1.75
2016.12.02 15:42:57.675,0.99069,0.99093,1.50,1.00
2016.12.02 15:42:57.877,0.99066,0.99096,1.75,1.50
2016.12.02 15:42:58.498,0.99068,0.99096,1.75,1.37
2016.12.02 15:42:58.744,0.99064,0.99094,1.75,1.75
2016.12.02 15:43:00.317,0.99065,0.99091,1.75,1.12
2016.12.02 15:43:00.418,0.99062,0.99091,2.62,1.37
2016.12.02 15:43:00.469,0.99064,0.99089,1.00,1.00
2016.12.02 15:43:00.573,0.99063,0.99091,1.75,2.25
2016.12.02 15:43:01.072,0.99064,0.99089,1.00,1.00
2016.12.02 15:43:01.223,0.99063,0.99091,1.75,1.75
2016.12.02 15:43:01.744,0.99061,0.99089,2.62,1.12
2016.12.02 15:43:01.895,0.99059,0.99087,1.87,1.12
2016.12.02 15:43:02.409,0.99061,0.99091,1.75,2.25
2016.12.02 15:43:02.601,0.99061,0.99087,1.50,1.37
2016.12.02 15:43:02.904,0.99065,0.99092,1.75,1.00
2016.12.02 15:43:03.206,0.99068,0.99096,3.37,1.37
2016.12.02 15:43:03.257,0.9907,0.99093,1.00,1.00
2016.12.02 15:43:03.559,0.99069,0.99095,1.75,1.00
2016.12.02 15:43:03.897,0.99074,0.99096,1.00,1.00
2016.12.02 15:43:04.060,0.99074,0.99099,1.00,1.50
2016.12.02 15:43:04.235,0.99074,0.99096,1.00,1.00
2016.12.02 15:43:04.336,0.99071,0.991,1.75,1.37
2016.12.02 15:43:04.386,0.99071,0.991,3.37,1.50
2016.12.02 15:43:04.689,0.99081,0.99102,1.75,1.00
2016.12.02 15:43:04.840,0.99081,0.99107,1.75,1.00
2016.12.02 15:43:05.226,0.99081,0.99101,1.75,1.00
2016.12.02 15:43:05.328,0.99079,0.99108,2.62,1.50
2016.12.02 15:43:05.378,0.99077,0.99103,2.62,1.00
2016.12.02 15:43:05.681,0.99077,0.99102,1.50,1.00
2016.12.02 15:43:05.731,0.99076,0.99104,1.75,1.37
2016.12.02 15:43:05.782,0.99076,0.99104,1.75,1.12
2016.12.02 15:43:08.127,0.99076,0.99101,1.75,1.00
2016.12.02 15:43:09.243,0.99079,0.99101,1.75,1.00
2016.12.02 15:43:09.962,0.99079,0.99101,1.75,1.00
2016.12.02 15:43:10.113,0.99078,0.99101,1.75,1.00
2016.12.02 15:43:11.402,0.99077,0.99101,1.75,1.00
2016.12.02 15:43:12.352,0.9908,0.99107,1.75,1.37
2016.12.02 15:43:12.554,0.99082,0.99107,1.75,1.12
2016.12.02 15:43:14.249,0.99085,0.99107,1.75,1.00
2016.12.02 15:43:14.584,0.99085,0.99107,1.75,1.00
2016.12.02 15:43:14.893,0.99084,0.99101,2.62,1.00
2016.12.02 15:43:14.944,0.99084,0.99107,2.62,1.00
2016.12.02 15:43:14.995,0.99083,0.99107,1.75,1.00
2016.12.02 15:43:15.302,0.99082,0.99106,1.75,1.00
2016.12.02 15:43:15.637,0.99088,0.99106,1.37,1.00
2016.12.02 15:43:15.688,0.99091,0.99116,1.00,1.50
2016.12.02 15:43:15.889,0.99091,0.99111,1.00,1.00
2016.12.02 15:43:15.990,0.99086,0.99116,1.75,2.10
2016.12.02 15:43:16.367,0.99083,0.99115,3.37,1.75
2016.12.02 15:43:16.417,0.99087,0.99111,1.00,1.00
2016.12.02 15:43:17.547,0.99087,0.99107,1.00,1.00
2016.12.02 15:43:19.046,0.99087,0.99111,1.00,1.00
2016.12.02 15:43:19.325,0.99082,0.99112,1.75,1.75
2016.12.02 15:43:23.836,0.9908,0.99109,2.62,1.50
2016.12.02 15:43:23.938,0.99078,0.99109,1.75,1.75
2016.12.02 15:43:24.140,0.99079,0.99104,1.00,1.00
2016.12.02 15:43:27.152,0.99078,0.99106,1.75,1.37
2016.12.02 15:43:27.203,0.99078,0.99106,1.75,1.12
2016.12.02 15:43:27.304,0.99078,0.99109,1.75,1.75
2016.12.02 15:43:28.529,0.99078,0.99106,1.75,1.37
2016.12.02 15:43:28.781,0.99078,0.99102,1.75,1.00
2016.12.02 15:43:29.193,0.99078,0.99106,1.75,1.37
2016.12.02 15:43:35.120,0.9908,0.99111,1.50,1.35
2016.12.02 15:43:35.170,0.99084,0.99109,1.00,1.00
2016.12.02 15:43:35.221,0.99083,0.99111,1.75,1.35
2016.12.02 15:43:35.549,0.99081,0.99106,2.62,1.00
2016.12.02 15:43:35.701,0.99077,0.99106,1.75,1.75
2016.12.02 15:43:36.164,0.99083,0.99106,1.00,1.00
2016.12.02 15:43:37.519,0.99081,0.99111,1.75,2.10
2016.12.02 15:43:38.227,0.99081,0.99111,1.75,1.75
2016.12.02 15:43:39.657,0.99081,0.99107,1.75,1.12
2016.12.02 15:43:39.971,0.99074,0.99096,1.75,1.00
2016.12.02 15:43:41.258,0.99072,0.99096,3.37,1.00
2016.12.02 15:43:41.308,0.99072,0.99096,1.75,1.00
2016.12.02 15:43:41.574,0.99076,0.99096,1.50,1.00
2016.12.02 15:43:42.077,0.99079,0.99096,1.00,1.00
2016.12.02 15:43:42.128,0.99079,0.99101,1.00,1.00
2016.12.02 15:43:45.527,0.99079,0.99097,1.00,1.00
2016.12.02 15:43:45.678,0.99069,0.99097,1.75,2.10
2016.12.02 15:43:45.880,0.99071,0.99096,2.62,1.00
2016.12.02 15:43:46.031,0.99077,0.99101,1.12,2.10
2016.12.02 15:43:46.081,0.99077,0.99101,1.75,1.35
2016.12.02 15:43:50.555,0.99079,0.99101,1.50,1.35
2016.12.02 15:43:51.088,0.99079,0.99102,1.75,1.00
2016.12.02 15:43:51.484,0.99081,0.99101,1.50,1.00
2016.12.02 15:43:51.622,0.99083,0.99106,1.00,1.00
2016.12.02 15:43:52.134,0.99078,0.99107,2.25,1.50
2016.12.02 15:43:52.404,0.99078,0.99105,1.75,1.72
2016.12.02 15:43:52.605,0.99075,0.99101,1.75,1.00
2016.12.02 15:43:53.517,0.99079,0.99103,1.12,1.67
2016.12.02 15:43:54.368,0.99076,0.99102,1.75,1.00
2016.12.02 15:43:55.451,0.99076,0.99102,1.75,1.00
2016.12.02 15:43:55.552,0.99079,0.99106,1.37,1.37
2016.12.02 15:43:55.603,0.99082,0.99106,1.00,1.00
2016.12.02 15:43:55.653,0.9908,0.99106,2.62,1.00
2016.12.02 15:43:55.754,0.99082,0.9911,1.75,1.60
2016.12.02 15:43:55.917,0.99082,0.99112,1.75,2.10
2016.12.02 15:43:56.018,0.99082,0.99111,1.75,1.75
2016.12.02 15:43:57.473,0.99079,0.9911,2.25,1.50
2016.12.02 15:43:57.524,0.99079,0.9911,2.25,1.75
2016.12.02 15:43:57.795,0.99079,0.99108,1.75,1.35
2016.12.02 15:43:58.097,0.99075,0.99103,2.62,1.97
2016.12.02 15:43:58.148,0.99072,0.99102,1.75,1.67
2016.12.02 15:43:58.198,0.99069,0.991,3.37,1.37
2016.12.02 15:43:58.248,0.99068,0.99098,1.75,1.67
2016.12.02 15:43:58.299,0.99071,0.99098,1.00,2.10
2016.12.02 15:43:58.696,0.99067,0.99092,1.75,1.00
2016.12.02 15:43:58.918,0.99073,0.99097,1.00,1.00
2016.12.02 15:43:58.969,0.99076,0.99097,1.12,1.00
2016.12.02 15:43:59.120,0.99079,0.99102,1.00,1.00
2016.12.02 15:43:59.220,0.99079,0.99102,1.00,1.60
2016.12.02 15:43:59.422,0.99071,0.99096,1.75,1.00
2016.12.02 15:43:59.752,0.99071,0.99096,1.00,1.50
2016.12.02 15:44:00.453,0.99071,0.99096,1.00,2.10
2016.12.02 15:44:00.654,0.99072,0.99097,1.37,1.72
2016.12.02 15:44:00.906,0.99074,0.99099,1.00,1.00
2016.12.02 15:44:01.717,0.99072,0.99101,1.75,2.85
2016.12.02 15:44:02.219,0.99072,0.991,1.75,1.72
2016.12.02 15:44:02.919,0.99072,0.99098,1.75,1.00
2016.12.02 15:44:03.071,0.99068,0.99098,1.75,1.50
2016.12.02 15:44:04.521,0.99068,0.99096,1.75,1.37
2016.12.02 15:44:07.926,0.99076,0.99096,1.00,1.37
2016.12.02 15:44:08.128,0.99081,0.99106,1.75,1.00
2016.12.02 15:44:08.228,0.99083,0.99106,1.75,1.00
2016.12.02 15:44:08.631,0.99082,0.99107,1.00,1.50
2016.12.02 15:44:08.732,0.9908,0.99107,1.75,1.50
2016.12.02 15:44:11.179,0.99082,0.99107,1.75,1.37
2016.12.02 15:44:11.380,0.99083,0.99112,1.75,1.75
2016.12.02 15:44:11.708,0.99083,0.99108,1.00,1.00
2016.12.02 15:44:11.995,0.99078,0.99109,1.75,1.75
2016.12.02 15:44:12.298,0.9908,0.99111,1.75,1.75
2016.12.02 15:44:15.341,0.9908,0.99106,1.75,1.00
2016.12.02 15:44:17.361,0.99082,0.99106,1.75,1.00
2016.12.02 15:44:17.563,0.9909,0.99115,1.00,1.00
2016.12.02 15:44:17.664,0.99091,0.99117,1.37,1.37
2016.12.02 15:44:17.715,0.99093,0.99117,1.75,1.00
2016.12.02 15:44:17.816,0.99093,0.9912,2.25,2.10
2016.12.02 15:44:17.917,0.99096,0.99116,1.00,1.35
2016.12.02 15:44:17.967,0.9909,0.99116,2.62,1.72
2016.12.02 15:44:18.019,0.99089,0.99116,1.75,2.10
2016.12.02 15:44:18.120,0.99089,0.99116,1.12,2.85
2016.12.02 15:44:18.705,0.99085,0.99111,1.75,1.00
2016.12.02 15:44:19.655,0.99087,0.99111,1.75,1.00
2016.12.02 15:44:20.668,0.99087,0.99116,1.75,1.50
2016.12.02 15:44:20.869,0.99087,0.99111,1.75,1.00
2016.12.02 15:44:21.172,0.9909,0.99116,1.75,1.37
2016.12.02 15:44:21.222,0.9909,0.99116,1.75,1.00
2016.12.02 15:44:21.608,0.9909,0.99111,1.75,1.00
2016.12.02 15:44:21.833,0.9909,0.99116,1.75,1.00
2016.12.02 15:44:22.137,0.99088,0.99117,2.62,1.72
2016.12.02 15:44:22.238,0.99086,0.99116,2.62,1.35
2016.12.02 15:44:22.338,0.99084,0.99114,1.75,1.67
2016.12.02 15:44:22.389,0.99084,0.99114,1.75,1.35
2016.12.02 15:44:22.691,0.99087,0.99116,1.75,2.10
2016.12.02 15:44:23.236,0.99087,0.99113,1.75,1.30
2016.12.02 15:44:24.232,0.99087,0.99114,1.75,1.35
2016.12.02 15:44:24.333,0.99083,0.99113,1.75,2.10
2016.12.02 15:44:24.484,0.99082,0.99111,2.62,1.50
2016.12.02 15:44:24.535,0.9908,0.99111,2.25,2.10
2016.12.02 15:44:24.635,0.99081,0.99109,1.75,1.37
2016.12.02 15:44:24.736,0.99079,0.99109,1.75,1.75
2016.12.02 15:44:25.379,0.99084,0.9911,1.00,1.75
2016.12.02 15:44:26.246,0.99079,0.99107,1.75,1.50
2016.12.02 15:44:27.971,0.99083,0.9911,1.00,2.25
2016.12.02 15:44:28.071,0.99088,0.99111,1.00,1.67
2016.12.02 15:44:28.172,0.99088,0.99114,1.00,1.35
2016.12.02 15:44:28.474,0.99084,0.9911,1.37,2.25
2016.12.02 15:44:28.575,0.99084,0.9911,1.00,2.25
2016.12.02 15:44:29.546,0.99079,0.99106,3.00,1.12
2016.12.02 15:44:30.963,0.99079,0.99107,1.75,1.37
2016.12.02 15:44:31.176,0.99079,0.99106,2.25,1.37
2016.12.02 15:44:31.277,0.99079,0.99106,1.50,1.37
2016.12.02 15:44:31.389,0.99079,0.99106,2.25,1.12
2016.12.02 15:44:31.441,0.99079,0.99106,2.25,1.00
2016.12.02 15:44:31.945,0.99079,0.99104,1.75,1.60
2016.12.02 15:44:32.045,0.99072,0.99102,1.75,2.10
2016.12.02 15:44:32.146,0.99073,0.99098,1.00,1.00
2016.12.02 15:44:32.297,0.99073,0.99096,1.00,1.00
2016.12.02 15:44:32.448,0.99076,0.991,1.00,1.00
2016.12.02 15:44:32.552,0.99073,0.99102,1.75,2.10
2016.12.02 15:44:32.877,0.99072,0.99096,1.50,1.00
2016.12.02 15:44:32.977,0.99072,0.99102,1.75,2.10
2016.12.02 15:44:33.179,0.99075,0.99102,1.75,1.75
2016.12.02 15:44:33.654,0.99074,0.99096,1.75,1.00
2016.12.02 15:44:33.798,0.99074,0.99102,1.75,1.75
2016.12.02 15:44:33.954,0.99071,0.99096,4.12,1.00
2016.12.02 15:44:34.456,0.99074,0.99101,1.75,1.50
2016.12.02 15:44:34.787,0.99072,0.99102,2.25,1.75
2016.12.02 15:44:34.888,0.99075,0.99102,1.75,1.75
2016.12.02 15:44:35.001,0.99075,0.99102,1.75,1.00
2016.12.02 15:44:35.529,0.99075,0.99105,1.75,1.75
2016.12.02 15:44:35.680,0.99073,0.99101,2.25,1.00
2016.12.02 15:44:36.004,0.99072,0.99101,1.75,1.75
2016.12.02 15:44:36.343,0.99072,0.99101,3.37,1.12
2016.12.02 15:44:36.855,0.99077,0.99102,1.00,1.00
2016.12.02 15:44:43.608,0.99077,0.99099,1.00,1.00
2016.12.02 15:44:43.919,0.99073,0.99096,1.00,1.00
2016.12.02 15:44:44.264,0.99073,0.99093,1.00,1.00
2016.12.02 15:44:44.314,0.99069,0.99093,1.50,1.00
2016.12.02 15:44:44.415,0.99069,0.99094,1.50,2.62
2016.12.02 15:44:44.516,0.99069,0.99096,1.50,1.75
2016.12.02 15:44:45.475,0.99069,0.99093,1.50,1.00
2016.12.02 15:44:45.576,0.99073,0.99097,1.00,1.75
2016.12.02 15:44:47.126,0.99073,0.99094,1.00,1.00
2016.12.02 15:44:47.886,0.99069,0.99094,1.00,1.50
2016.12.02 15:44:48.187,0.99063,0.9909,1.00,1.75
2016.12.02 15:44:48.314,0.99069,0.99086,1.00,1.00
2016.12.02 15:44:48.517,0.99069,0.99091,1.00,1.75
2016.12.02 15:44:48.618,0.99063,0.99092,1.50,1.75
2016.12.02 15:44:48.998,0.99063,0.99091,1.50,1.75
2016.12.02 15:44:49.300,0.99063,0.99088,1.00,1.75
2016.12.02 15:44:49.932,0.99069,0.99087,1.00,1.00
2016.12.02 15:44:50.193,0.99064,0.99087,1.00,1.00
2016.12.02 15:44:50.382,0.99068,0.99087,1.00,1.00
2016.12.02 15:44:51.009,0.99064,0.99087,1.00,1.00
2016.12.02 15:44:52.422,0.99069,0.99087,1.00,1.00
2016.12.02 15:44:52.705,0.99064,0.99087,1.00,1.50
2016.12.02 15:44:53.024,0.99069,0.99084,1.00,1.00
2016.12.02 15:44:53.235,0.99063,0.99084,1.00,1.00
2016.12.02 15:44:53.674,0.99059,0.99085,1.00,1.75
2016.12.02 15:44:53.725,0.99054,0.99084,1.75,1.75
2016.12.02 15:44:53.825,0.99053,0.9908,1.00,1.75
2016.12.02 15:44:54.175,0.99053,0.99076,1.00,1.75
2016.12.02 15:44:54.226,0.99049,0.99076,1.12,2.25
2016.12.02 15:44:55.509,0.99053,0.99076,1.00,1.75
2016.12.02 15:44:55.760,0.99053,0.99075,1.00,1.00
2016.12.02 15:44:56.148,0.99055,0.99075,1.00,1.00
2016.12.02 15:44:56.300,0.99053,0.99077,1.50,1.00
2016.12.02 15:44:56.350,0.99053,0.99085,1.75,1.75
2016.12.02 15:44:58.218,0.99055,0.99082,1.00,1.50
2016.12.02 15:44:59.311,0.99051,0.9908,1.37,2.62
2016.12.02 15:44:59.362,0.99049,0.99074,2.25,1.00
2016.12.02 15:44:59.412,0.99048,0.9908,1.75,3.37
2016.12.02 15:44:59.715,0.99053,0.99076,1.00,1.50
2016.12.02 15:44:59.866,0.99053,0.99078,1.00,1.35
2016.12.02 15:45:00.452,0.99049,0.99076,1.50,1.50
2016.12.02 15:45:00.552,0.99054,0.99079,1.00,2.25
2016.12.02 15:45:01.049,0.99054,0.99076,1.00,2.25
2016.12.02 15:45:01.150,0.99049,0.99074,1.00,1.75
2016.12.02 15:45:01.335,0.99044,0.99074,1.75,1.75
2016.12.02 15:45:01.405,0.99049,0.99074,1.00,1.75
2016.12.02 15:45:01.622,0.99044,0.99074,1.75,1.75
2016.12.02 15:45:02.341,0.99044,0.99069,1.00,1.00
2016.12.02 15:45:02.555,0.99046,0.9907,1.00,1.00
2016.12.02 15:45:04.069,0.99043,0.99072,2.25,1.75
2016.12.02 15:45:04.169,0.99044,0.99072,1.75,1.75
2016.12.02 15:45:04.270,0.99049,0.99076,1.12,2.25
2016.12.02 15:45:04.371,0.99051,0.99075,1.00,1.00
2016.12.02 15:45:04.471,0.99051,0.99082,1.75,2.25
2016.12.02 15:45:04.984,0.99051,0.99081,1.75,2.10
2016.12.02 15:45:06.929,0.99053,0.99081,1.00,3.00
2016.12.02 15:45:07.243,0.99051,0.99078,1.50,1.00
2016.12.02 15:45:07.645,0.99049,0.99079,1.75,1.50
2016.12.02 15:45:08.172,0.99053,0.9908,1.12,2.10
2016.12.02 15:45:08.720,0.99053,0.99075,1.00,1.00
2016.12.02 15:45:08.871,0.99054,0.99077,1.00,1.50
2016.12.02 15:45:09.085,0.99054,0.99077,1.00,2.25
2016.12.02 15:45:09.622,0.99054,0.99075,1.00,1.50
2016.12.02 15:45:09.773,0.99048,0.99073,1.37,1.37
2016.12.02 15:45:09.874,0.99044,0.99073,1.75,1.75
2016.12.02 15:45:10.696,0.99043,0.99075,3.00,3.37
2016.12.02 15:45:10.747,0.99047,0.99072,1.00,1.00
2016.12.02 15:45:13.799,0.99044,0.99072,1.75,1.67
2016.12.02 15:45:14.194,0.99044,0.99073,1.75,1.67
2016.12.02 15:45:14.458,0.99043,0.99073,1.75,2.10
2016.12.02 15:45:14.786,0.99044,0.99076,2.25,3.37
2016.12.02 15:45:14.887,0.99048,0.99073,1.50,1.00
2016.12.02 15:45:14.988,0.99048,0.99073,1.12,1.50
2016.12.02 15:45:15.294,0.99048,0.99073,1.00,1.75
2016.12.02 15:45:16.000,0.99049,0.99073,1.00,1.75
2016.12.02 15:45:16.740,0.99048,0.99073,1.00,1.75
2016.12.02 15:45:17.087,0.99053,0.99073,1.00,1.75
2016.12.02 15:45:17.241,0.99048,0.99073,1.00,1.75
2016.12.02 15:45:17.567,0.99043,0.99071,1.75,1.67
2016.12.02 15:45:19.297,0.99043,0.99071,1.37,2.10
2016.12.02 15:45:19.498,0.99038,0.99065,1.50,1.37
2016.12.02 15:45:19.599,0.99038,0.99066,1.75,2.10
2016.12.02 15:45:19.650,0.99044,0.99066,1.00,1.67
2016.12.02 15:45:21.129,0.99044,0.99064,1.00,1.37
2016.12.02 15:45:21.531,0.99044,0.99064,1.00,1.75
2016.12.02 15:45:21.677,0.99039,0.99064,1.00,1.75
2016.12.02 15:45:21.949,0.99043,0.99064,1.00,1.75
2016.12.02 15:45:22.475,0.99043,0.99064,1.00,1.75
2016.12.02 15:45:22.576,0.99039,0.99066,1.00,4.12
2016.12.02 15:45:22.685,0.99044,0.99066,1.00,3.37
2016.12.02 15:45:22.786,0.99038,0.99066,1.00,3.37
2016.12.02 15:45:23.331,0.99039,0.99064,1.00,1.75
2016.12.02 15:45:23.786,0.99033,0.99064,1.75,1.75
2016.12.02 15:45:24.366,0.99038,0.99063,1.00,1.75
2016.12.02 15:45:25.978,0.99034,0.99061,2.25,1.50
2016.12.02 15:45:26.079,0.99039,0.99063,1.00,1.75
2016.12.02 15:45:26.180,0.99034,0.99063,1.75,1.75
2016.12.02 15:45:26.230,0.99034,0.99062,1.50,1.75
2016.12.02 15:45:26.281,0.99034,0.99062,1.50,1.75
2016.12.02 15:45:26.787,0.99034,0.99059,1.50,1.50
2016.12.02 15:45:28.417,0.99034,0.99061,1.75,2.10
2016.12.02 15:45:28.518,0.99036,0.99061,1.00,2.10
2016.12.02 15:45:29.022,0.99032,0.99061,3.75,1.97
2016.12.02 15:45:29.123,0.99033,0.9906,1.75,1.30
2016.12.02 15:45:29.969,0.99034,0.99061,1.37,1.75
2016.12.02 15:45:30.019,0.99034,0.99059,1.00,1.35
2016.12.02 15:45:30.070,0.99034,0.9906,1.37,1.97
2016.12.02 15:45:30.221,0.99034,0.99062,1.12,1.75
2016.12.02 15:45:30.271,0.99032,0.99062,1.75,1.75
2016.12.02 15:45:30.322,0.99036,0.99061,1.00,1.00
2016.12.02 15:45:31.330,0.99032,0.99062,1.75,2.25
2016.12.02 15:45:32.103,0.99032,0.99062,1.75,2.25
2016.12.02 15:45:33.049,0.99034,0.99061,1.75,1.12
2016.12.02 15:45:34.041,0.99034,0.99061,1.37,1.50
2016.12.02 15:45:34.107,0.99034,0.99061,1.37,1.75
2016.12.02 15:45:39.246,0.9903,0.99056,1.75,1.00
2016.12.02 15:45:39.449,0.99023,0.99053,1.75,1.75
2016.12.02 15:45:39.600,0.99024,0.99051,1.75,1.50
2016.12.02 15:45:40.476,0.99025,0.99056,1.75,1.35
2016.12.02 15:45:40.576,0.99024,0.99052,3.00,1.50
2016.12.02 15:45:40.874,0.99027,0.99052,1.75,1.00
2016.12.02 15:45:41.159,0.99025,0.99052,1.75,1.00
2016.12.02 15:45:41.429,0.99029,0.99055,1.37,1.67
2016.12.02 15:45:41.834,0.99033,0.99061,1.37,1.35
2016.12.02 15:45:42.136,0.99026,0.99053,2.25,1.37
2016.12.02 15:45:42.186,0.99024,0.99053,1.50,1.75
2016.12.02 15:45:42.478,0.99022,0.99052,2.62,1.50
2016.12.02 15:45:42.822,0.99021,0.99051,1.75,1.75
2016.12.02 15:45:43.147,0.9902,0.9905,1.75,1.75
2016.12.02 15:45:43.451,0.99022,0.99053,1.75,1.75
2016.12.02 15:45:43.684,0.99024,0.99053,1.75,1.75
2016.12.02 15:45:43.962,0.99022,0.99052,1.50,2.62
2016.12.02 15:45:46.845,0.99021,0.99053,1.75,3.37
2016.12.02 15:45:46.896,0.99021,0.99054,1.75,2.25
2016.12.02 15:45:47.047,0.99024,0.99051,1.50,1.75
2016.12.02 15:45:47.717,0.9902,0.99051,1.75,2.25
2016.12.02 15:45:49.788,0.9902,0.99051,3.37,1.50
2016.12.02 15:45:49.888,0.99023,0.99048,1.00,1.00
2016.12.02 15:45:49.989,0.99024,0.9905,1.00,1.75
2016.12.02 15:45:50.190,0.99024,0.99053,1.12,2.10
2016.12.02 15:45:50.291,0.99024,0.99049,1.00,1.75
2016.12.02 15:45:50.341,0.99019,0.99049,1.75,1.75
2016.12.02 15:45:52.150,0.99018,0.99047,4.50,1.00
2016.12.02 15:45:52.251,0.99021,0.9905,1.75,1.35
2016.12.02 15:45:52.864,0.99021,0.9905,1.75,1.35
2016.12.02 15:45:54.990,0.99018,0.9905,4.12,2.10
2016.12.02 15:45:55.041,0.99022,0.99047,1.00,1.00
2016.12.02 15:45:56.972,0.99023,0.99051,1.37,1.35
2016.12.02 15:45:57.023,0.99026,0.99051,1.00,1.00
2016.12.02 15:45:57.081,0.99024,0.99052,1.50,1.75
2016.12.02 15:45:57.382,0.99029,0.99054,1.50,1.35
2016.12.02 15:45:57.743,0.99034,0.99056,1.00,2.10
2016.12.02 15:45:58.281,0.99033,0.99056,1.00,2.10
2016.12.02 15:45:58.923,0.99034,0.99056,1.00,2.10
2016.12.02 15:45:59.762,0.99033,0.99056,1.00,2.10
2016.12.02 15:46:00.094,0.99028,0.99051,1.00,1.30
2016.12.02 15:46:00.196,0.99024,0.99049,1.75,2.10
2016.12.02 15:46:00.347,0.99024,0.99049,1.75,2.47
2016.12.02 15:46:01.807,0.99024,0.99049,2.25,2.10
2016.12.02 15:46:01.912,0.99024,0.99051,2.25,3.60
2016.12.02 15:46:02.456,0.99022,0.99047,2.62,2.10
2016.12.02 15:46:02.557,0.99016,0.99044,1.75,1.30
2016.12.02 15:46:02.729,0.99016,0.99042,1.75,1.00
2016.12.02 15:46:02.831,0.99018,0.99044,1.75,1.30
2016.12.02 15:46:03.532,0.99016,0.99041,1.75,1.00
2016.12.02 15:46:04.077,0.9902,0.99046,1.50,1.97
2016.12.02 15:46:04.228,0.99018,0.99047,2.25,4.35
2016.12.02 15:46:04.278,0.99024,0.99047,1.12,3.60
2016.12.02 15:46:04.479,0.99019,0.99046,1.75,1.97
2016.12.02 15:46:04.530,0.99019,0.99046,1.50,2.10
2016.12.02 15:46:05.617,0.99015,0.99046,1.75,2.10
2016.12.02 15:46:05.778,0.99019,0.99047,1.37,4.35
2016.12.02 15:46:05.829,0.99019,0.99047,1.75,1.12
2016.12.02 15:46:05.879,0.99015,0.99048,3.37,1.50
2016.12.02 15:46:06.382,0.99019,0.99043,1.50,1.30
2016.12.02 15:46:07.405,0.99018,0.99043,1.50,1.72
2016.12.02 15:46:07.807,0.99018,0.99043,1.37,1.30
2016.12.02 15:46:07.907,0.99019,0.99044,1.37,1.72
2016.12.02 15:46:08.008,0.9902,0.99044,1.00,1.97
2016.12.02 15:46:08.258,0.99014,0.99043,1.75,2.10
2016.12.02 15:46:08.359,0.99014,0.99039,1.75,2.10
2016.12.02 15:46:08.560,0.9901,0.99036,1.75,1.35
2016.12.02 15:46:08.756,0.99011,0.99036,1.00,2.10
2016.12.02 15:46:08.806,0.9901,0.99036,1.75,1.72
2016.12.02 15:46:09.330,0.99016,0.99037,1.00,1.60
2016.12.02 15:46:09.791,0.99016,0.99039,1.75,2.10
2016.12.02 15:46:10.061,0.99016,0.99043,1.75,2.47
2016.12.02 15:46:10.516,0.99013,0.99041,3.37,1.12
2016.12.02 15:46:10.567,0.99012,0.99041,3.37,1.12
2016.12.02 15:46:10.667,0.99015,0.9904,1.00,1.00
2016.12.02 15:46:12.521,0.99012,0.9904,3.37,1.00
2016.12.02 15:46:12.676,0.99012,0.9904,1.75,1.37
2016.12.02 15:46:12.851,0.99019,0.9904,1.00,1.37
2016.12.02 15:46:13.002,0.99019,0.99042,1.00,1.00
2016.12.02 15:46:13.587,0.99018,0.99043,1.00,1.50
2016.12.02 15:46:14.122,0.99018,0.99042,1.00,1.00
2016.12.02 15:46:14.425,0.99014,0.99044,1.75,2.25
2016.12.02 15:46:15.774,0.99012,0.99037,1.75,1.00
2016.12.02 15:46:15.825,0.9901,0.99037,1.75,1.35
2016.12.02 15:46:16.020,0.99012,0.99036,1.00,1.00
2016.12.02 15:46:16.071,0.99012,0.99031,1.00,1.00
2016.12.02 15:46:16.174,0.99012,0.99036,1.00,1.50
2016.12.02 15:46:16.476,0.99011,0.99036,1.75,1.12
2016.12.02 15:46:16.627,0.99011,0.99035,1.00,1.00
2016.12.02 15:46:17.457,0.99009,0.99036,1.37,1.75
2016.12.02 15:46:18.164,0.99009,0.99036,1.75,1.87
2016.12.02 15:46:18.215,0.99009,0.99036,1.75,1.50
2016.12.02 15:46:18.265,0.99008,0.99031,1.75,1.00
2016.12.02 15:46:18.366,0.99008,0.99036,1.75,1.60
2016.12.02 15:46:18.517,0.99005,0.99034,1.75,1.35
2016.12.02 15:46:19.077,0.99008,0.99037,1.75,2.10
2016.12.02 15:46:19.128,0.99006,0.99037,3.37,2.85
2016.12.02 15:46:19.229,0.99009,0.99034,1.00,1.00
2016.12.02 15:46:19.957,0.9901,0.99034,1.00,1.00
2016.12.02 15:46:20.058,0.9901,0.9904,1.37,2.62
2016.12.02 15:46:20.159,0.99011,0.99041,1.75,2.25
2016.12.02 15:46:20.619,0.99011,0.99038,1.75,1.60
2016.12.02 15:46:20.821,0.99005,0.99037,1.75,2.10
2016.12.02 15:46:26.465,0.99004,0.99035,3.37,1.75
2016.12.02 15:46:26.521,0.99004,0.99035,1.75,1.75
2016.12.02 15:46:29.611,0.99009,0.99035,1.00,2.10
2016.12.02 15:46:30.162,0.99003,0.99035,2.25,1.35
2016.12.02 15:46:34.585,0.99008,0.99035,1.50,1.67
2016.12.02 15:46:34.635,0.99008,0.99035,1.75,1.67
2016.12.02 15:46:34.786,0.99004,0.99035,1.75,1.35
2016.12.02 15:46:36.183,0.99006,0.99035,1.75,1.35
2016.12.02 15:46:36.727,0.99006,0.99035,1.75,1.67
2016.12.02 15:46:37.790,0.99008,0.99039,1.75,1.35
2016.12.02 15:46:37.941,0.9901,0.99042,1.75,1.75
2016.12.02 15:46:40.036,0.9901,0.99036,1.75,1.00
2016.12.02 15:46:40.239,0.99008,0.99036,1.75,1.12
2016.12.02 15:46:42.688,0.99011,0.99041,1.50,1.75
2016.12.02 15:46:43.193,0.99011,0.99041,1.75,1.75
2016.12.02 15:46:44.904,0.99014,0.99041,1.00,1.75
2016.12.02 15:46:45.297,0.99011,0.99041,1.75,1.75
2016.12.02 15:46:46.288,0.99012,0.99042,1.75,1.75
2016.12.02 15:46:46.339,0.99012,0.99045,1.75,2.10
2016.12.02 15:46:46.490,0.99015,0.99042,1.50,1.00
2016.12.02 15:46:47.220,0.99015,0.99041,1.75,1.00
2016.12.02 15:46:50.638,0.99012,0.99041,1.75,1.50
2016.12.02 15:46:50.738,0.99011,0.99041,1.75,1.75
2016.12.02 15:46:51.040,0.99019,0.99043,1.00,1.35
2016.12.02 15:46:51.328,0.99014,0.99041,1.75,1.75
2016.12.02 15:46:51.536,0.99019,0.99044,1.00,1.75
2016.12.02 15:46:51.770,0.99019,0.99044,1.75,1.30
2016.12.02 15:46:51.820,0.99024,0.99044,1.00,1.30
2016.12.02 15:46:52.022,0.99019,0.99044,1.75,1.30
2016.12.02 15:46:52.122,0.99019,0.99045,1.37,2.10
2016.12.02 15:46:52.223,0.99018,0.99044,1.12,1.35
2016.12.02 15:46:53.023,0.99016,0.99042,1.50,1.00
2016.12.02 15:46:53.904,0.99019,0.99042,1.00,1.37
2016.12.02 15:46:54.342,0.99014,0.99044,1.75,1.75
2016.12.02 15:46:54.543,0.99015,0.99046,1.75,2.85
2016.12.02 15:46:54.644,0.99015,0.99041,1.75,1.12
2016.12.02 15:46:55.525,0.99015,0.99046,1.75,1.75
2016.12.02 15:46:55.626,0.99017,0.99044,1.75,1.00
2016.12.02 15:46:57.212,0.99018,0.99045,1.75,1.60
2016.12.02 15:46:59.364,0.99017,0.99046,1.75,1.35
2016.12.02 15:46:59.427,0.99017,0.99041,1.75,1.00
2016.12.02 15:47:00.493,0.99015,0.99041,1.75,2.85
2016.12.02 15:47:00.544,0.99017,0.99041,1.00,2.85
2016.12.02 15:47:01.519,0.99015,0.99041,1.75,2.85
2016.12.02 15:47:02.022,0.99018,0.99041,1.75,2.85
2016.12.02 15:47:02.195,0.99021,0.99046,1.00,1.50
2016.12.02 15:47:02.498,0.99023,0.99046,1.00,1.00
2016.12.02 15:47:03.063,0.99021,0.99046,1.00,1.00
2016.12.02 15:47:03.164,0.99019,0.9905,2.25,1.35
2016.12.02 15:47:04.358,0.9902,0.99044,1.00,1.00
2016.12.02 15:47:04.667,0.99018,0.99045,1.75,1.30
2016.12.02 15:47:05.648,0.99021,0.99046,1.00,1.97
2016.12.02 15:47:06.363,0.99022,0.99046,1.00,1.60
2016.12.02 15:47:06.978,0.99022,0.99046,1.00,1.00
2016.12.02 15:47:07.464,0.99021,0.99054,1.75,4.12
2016.12.02 15:47:07.565,0.99028,0.99053,1.00,1.60
2016.12.02 15:47:07.666,0.9902,0.99051,2.25,1.75
2016.12.02 15:47:07.980,0.99022,0.99052,1.75,2.10
2016.12.02 15:47:08.169,0.9902,0.9905,1.75,1.75
2016.12.02 15:47:09.463,0.99022,0.99051,1.75,1.50
2016.12.02 15:47:10.750,0.99022,0.99051,1.75,1.50
2016.12.02 15:47:11.842,0.99022,0.99051,1.75,1.75
2016.12.02 15:47:11.993,0.99026,0.99054,1.75,1.30
2016.12.02 15:47:12.144,0.99024,0.99054,2.25,1.72
2016.12.02 15:47:12.195,0.99024,0.99051,1.75,1.00
2016.12.02 15:47:12.245,0.9902,0.99051,3.37,1.87
2016.12.02 15:47:12.296,0.99023,0.99048,1.00,1.00
2016.12.02 15:47:13.076,0.99023,0.99052,1.75,2.25
2016.12.02 15:47:13.440,0.99024,0.99051,1.37,1.35
2016.12.02 15:47:13.493,0.99025,0.9905,1.00,1.00
2016.12.02 15:47:13.645,0.99024,0.99051,2.25,2.10
2016.12.02 15:47:13.897,0.99019,0.99044,1.50,1.00
2016.12.02 15:47:14.988,0.9902,0.99046,1.00,1.50
2016.12.02 15:47:15.089,0.99016,0.99047,1.75,1.75
2016.12.02 15:47:15.572,0.99024,0.99047,1.00,2.25
2016.12.02 15:47:15.726,0.99018,0.99047,1.75,2.25
2016.12.02 15:47:15.777,0.99022,0.99047,1.00,1.50
2016.12.02 15:47:15.928,0.99024,0.99047,1.00,1.00
2016.12.02 15:47:16.281,0.99023,0.99053,1.75,1.75
2016.12.02 15:47:16.881,0.99023,0.99052,1.75,2.10
2016.12.02 15:47:17.481,0.99024,0.99051,1.00,3.00
2016.12.02 15:47:19.173,0.99024,0.99051,1.37,1.75
2016.12.02 15:47:19.274,0.99024,0.99051,1.75,1.50
2016.12.02 15:47:19.475,0.99023,0.99051,1.12,1.75
2016.12.02 15:47:19.750,0.9902,0.99046,1.75,1.00
2016.12.02 15:47:20.014,0.9902,0.99051,2.25,1.75
2016.12.02 15:47:20.165,0.99022,0.99053,1.50,1.75
2016.12.02 15:47:20.557,0.99029,0.99053,1.00,1.75
2016.12.02 15:47:20.994,0.99024,0.99053,1.50,1.75
2016.12.02 15:47:21.487,0.99024,0.99051,1.75,1.12
2016.12.02 15:47:22.502,0.99027,0.99052,1.75,1.00
2016.12.02 15:47:25.046,0.99027,0.99056,1.75,1.50
2016.12.02 15:47:25.221,0.99029,0.99056,1.75,1.00
2016.12.02 15:47:26.804,0.9903,0.99057,1.75,1.12
2016.12.02 15:47:28.305,0.9903,0.99056,1.75,1.00
2016.12.02 15:47:29.032,0.9903,0.99056,2.62,1.00
2016.12.02 15:47:29.133,0.99029,0.99056,1.75,1.37
2016.12.02 15:47:29.183,0.99029,0.99056,1.75,1.37
2016.12.02 15:47:29.568,0.99026,0.99051,1.75,1.00
2016.12.02 15:47:30.337,0.99024,0.99052,2.25,1.50
2016.12.02 15:47:30.438,0.99025,0.99051,2.62,1.00
2016.12.02 15:47:30.538,0.99025,0.99051,1.35,1.50
2016.12.02 15:47:30.639,0.99026,0.99056,2.85,2.62
2016.12.02 15:47:30.740,0.99031,0.99061,1.30,4.12
2016.12.02 15:47:30.790,0.99031,0.99061,1.72,1.75
2016.12.02 15:47:30.941,0.99035,0.9906,1.00,1.00
2016.12.02 15:47:31.929,0.99035,0.99056,1.00,1.00
2016.12.02 15:47:32.716,0.99029,0.99056,2.25,1.00
2016.12.02 15:47:33.014,0.99028,0.99057,1.75,1.35
2016.12.02 15:47:33.115,0.9903,0.99055,1.75,1.35
2016.12.02 15:47:33.216,0.99024,0.99054,1.75,2.25
2016.12.02 15:47:33.317,0.99029,0.99055,1.00,2.10
2016.12.02 15:47:36.556,0.99028,0.99055,1.12,1.35
2016.12.02 15:47:36.710,0.99034,0.99059,1.37,2.47
2016.12.02 15:47:36.761,0.99034,0.99061,1.37,1.75
2016.12.02 15:47:36.912,0.99033,0.99062,2.25,2.10
2016.12.02 15:47:37.463,0.99039,0.99063,1.00,1.75
2016.12.02 15:47:38.118,0.99039,0.9906,1.00,1.67
2016.12.02 15:47:38.168,0.99032,0.99058,1.75,1.00
2016.12.02 15:47:38.219,0.99028,0.99058,3.00,1.75
2016.12.02 15:47:42.573,0.99031,0.99057,1.00,1.75
2016.12.02 15:47:42.724,0.99032,0.99062,1.75,1.75
2016.12.02 15:47:43.429,0.99031,0.99056,1.00,1.00
2016.12.02 15:47:43.530,0.99029,0.99054,1.00,1.00
2016.12.02 15:47:43.832,0.99044,0.99059,1.75,1.00
2016.12.02 15:47:43.942,0.99051,0.99079,1.00,1.75
2016.12.02 15:47:43.993,0.99054,0.99081,1.00,2.62
2016.12.02 15:47:44.043,0.99054,0.99083,2.25,1.75
2016.12.02 15:47:44.094,0.99059,0.99083,1.00,1.75
2016.12.02 15:47:44.194,0.99059,0.99087,1.75,1.37
2016.12.02 15:47:44.245,0.99059,0.99087,1.50,1.75
2016.12.02 15:47:44.865,0.99058,0.99085,1.50,1.00
2016.12.02 15:47:44.965,0.99056,0.99085,1.37,2.25
2016.12.02 15:47:45.464,0.99055,0.99084,1.12,1.75
2016.12.02 15:47:46.377,0.99057,0.99082,1.00,1.37
2016.12.02 15:47:46.477,0.99054,0.99081,1.37,1.12
2016.12.02 15:47:46.528,0.99054,0.99081,1.00,1.75
2016.12.02 15:47:46.629,0.99054,0.99085,1.12,1.75
2016.12.02 15:47:46.830,0.99053,0.9908,1.12,1.50
2016.12.02 15:47:47.142,0.99049,0.9908,2.25,1.75
2016.12.02 15:47:47.533,0.9905,0.99078,1.12,1.75
2016.12.02 15:47:49.365,0.9905,0.99079,1.75,1.72
2016.12.02 15:47:49.466,0.9905,0.99078,1.50,1.67
2016.12.02 15:47:49.767,0.99047,0.99071,1.50,1.00
2016.12.02 15:47:50.103,0.99046,0.99071,1.50,1.00
2016.12.02 15:47:50.305,0.99044,0.99075,3.00,1.75
2016.12.02 15:47:50.355,0.99044,0.99071,2.25,1.00
2016.12.02 15:47:50.496,0.99044,0.99076,3.00,2.25
2016.12.02 15:47:50.547,0.99044,0.99074,2.25,1.75
2016.12.02 15:47:52.762,0.99043,0.99066,1.75,1.00
2016.12.02 15:47:54.075,0.99044,0.99067,1.75,1.00
2016.12.02 15:47:54.455,0.99047,0.99071,1.00,1.00
2016.12.02 15:47:54.977,0.99045,0.99075,1.37,2.85
2016.12.02 15:47:55.078,0.99049,0.99075,1.00,1.75
2016.12.02 15:47:55.178,0.9905,0.99074,1.00,1.00
2016.12.02 15:47:55.279,0.99054,0.99074,1.00,1.00
2016.12.02 15:47:55.380,0.99053,0.99081,1.75,1.50
2016.12.02 15:47:55.866,0.99053,0.99078,1.50,1.00
2016.12.02 15:47:56.062,0.99053,0.99081,1.75,1.50
2016.12.02 15:47:56.373,0.99053,0.99077,1.75,1.00
2016.12.02 15:47:57.507,0.9905,0.99076,4.12,1.00
2016.12.02 15:47:57.677,0.99049,0.99074,1.00,1.00
2016.12.02 15:47:58.478,0.99049,0.99071,1.00,1.00
2016.12.02 15:47:59.029,0.99047,0.99071,1.50,1.12
2016.12.02 15:48:00.350,0.99047,0.99071,1.75,1.00
2016.12.02 15:48:02.268,0.99047,0.99077,1.75,3.00
2016.12.02 15:48:03.259,0.99047,0.99077,2.25,1.50
2016.12.02 15:48:04.041,0.99047,0.99077,1.75,2.85
2016.12.02 15:48:04.344,0.99049,0.99074,1.00,2.10
2016.12.02 15:48:04.696,0.99048,0.99075,1.50,1.75
2016.12.02 15:48:05.786,0.99044,0.99073,1.75,2.10
2016.12.02 15:48:05.887,0.99041,0.9907,1.75,1.35
2016.12.02 15:48:09.005,0.99038,0.99062,1.75,1.00
2016.12.02 15:48:09.307,0.99033,0.99061,2.25,2.10
2016.12.02 15:48:09.408,0.99033,0.99057,1.75,1.00
2016.12.02 15:48:09.582,0.99031,0.99056,1.75,1.00
2016.12.02 15:48:10.110,0.99032,0.99056,3.75,1.00
2016.12.02 15:48:10.211,0.99032,0.99061,3.00,1.75
2016.12.02 15:48:10.311,0.99036,0.99061,1.75,1.00
2016.12.02 15:48:10.824,0.99039,0.99066,1.12,2.10
2016.12.02 15:48:10.975,0.99035,0.99063,1.12,1.75
2016.12.02 15:48:11.176,0.99034,0.99065,3.00,1.75
2016.12.02 15:48:11.520,0.99036,0.99066,1.75,2.10
2016.12.02 15:48:11.671,0.99036,0.99066,1.75,2.10
2016.12.02 15:48:11.772,0.99037,0.99062,1.00,1.00
2016.12.02 15:48:12.088,0.99034,0.99064,2.25,1.75
2016.12.02 15:48:12.909,0.99037,0.99062,1.00,1.75
2016.12.02 15:48:13.010,0.99037,0.99066,1.75,2.10
2016.12.02 15:48:13.171,0.99034,0.99064,4.12,1.75
2016.12.02 15:48:13.221,0.99033,0.99063,1.75,1.75
2016.12.02 15:48:14.044,0.99033,0.99064,1.75,1.75
2016.12.02 15:48:14.095,0.9904,0.99066,1.00,2.10
2016.12.02 15:48:14.672,0.99038,0.99066,1.75,1.67
2016.12.02 15:48:15.287,0.99039,0.99064,1.00,1.00
2016.12.02 15:48:16.360,0.99039,0.99064,1.50,1.60
2016.12.02 15:48:16.699,0.99037,0.99061,1.75,1.00
2016.12.02 15:48:17.668,0.99038,0.99061,1.75,1.00
2016.12.02 15:48:17.718,0.99039,0.99068,1.75,1.35
2016.12.02 15:48:17.984,0.99036,0.99067,1.75,1.75
2016.12.02 15:48:19.900,0.99039,0.99071,1.75,1.75
2016.12.02 15:48:20.001,0.99041,0.99071,1.75,1.75
2016.12.02 15:48:20.393,0.99041,0.99072,1.75,1.35
2016.12.02 15:48:20.494,0.99042,0.99067,1.00,1.00
2016.12.02 15:48:23.079,0.99041,0.99072,1.75,2.85
2016.12.02 15:48:23.240,0.99039,0.99069,2.25,1.75
2016.12.02 15:48:25.781,0.99039,0.99069,2.62,1.37
2016.12.02 15:48:25.832,0.99046,0.9907,1.00,1.00
2016.12.02 15:48:26.253,0.9904,0.99071,2.25,1.75
2016.12.02 15:48:26.304,0.9904,0.99071,2.25,1.75
2016.12.02 15:48:29.122,0.99042,0.9907,1.00,1.75
2016.12.02 15:48:29.486,0.99037,0.9907,1.75,3.37
2016.12.02 15:48:31.346,0.99035,0.99068,1.75,4.12
2016.12.02 15:48:31.597,0.99039,0.9907,1.75,2.10
2016.12.02 15:48:31.647,0.99042,0.99069,1.00,1.75
2016.12.02 15:48:34.067,0.99036,0.99069,2.25,1.75
2016.12.02 15:48:34.368,0.99037,0.99064,1.50,1.67
2016.12.02 15:48:34.419,0.99037,0.99062,1.00,1.00
2016.12.02 15:48:34.933,0.99035,0.99061,2.62,1.00
2016.12.02 15:48:36.631,0.99041,0.99066,1.00,2.10
2016.12.02 15:48:38.713,0.99041,0.99066,1.00,1.50
2016.12.02 15:48:38.864,0.99043,0.99066,1.00,1.00
2016.12.02 15:48:38.965,0.99047,0.99071,1.00,1.00
2016.12.02 15:48:39.437,0.99048,0.99076,1.50,1.35
2016.12.02 15:48:39.763,0.99049,0.99076,1.75,1.67
2016.12.02 15:48:40.658,0.99045,0.99076,1.75,1.75
2016.12.02 15:48:42.140,0.99045,0.99072,1.75,1.00
2016.12.02 15:48:43.066,0.99044,0.99072,1.75,1.37
2016.12.02 15:48:43.267,0.99041,0.99071,1.75,1.37
2016.12.02 15:48:43.317,0.99044,0.99068,1.00,1.00
2016.12.02 15:48:43.468,0.99044,0.99066,1.00,1.00
2016.12.02 15:48:44.266,0.99044,0.99068,1.00,1.00
2016.12.02 15:48:44.581,0.99039,0.9907,1.75,2.10
2016.12.02 15:48:44.681,0.99039,0.9907,1.75,2.10
2016.12.02 15:48:45.231,0.99041,0.99065,1.00,1.00
2016.12.02 15:48:48.393,0.99041,0.99065,1.00,1.60
2016.12.02 15:48:48.544,0.99035,0.99065,2.62,3.60
2016.12.02 15:48:48.595,0.99033,0.99061,2.62,1.60
2016.12.02 15:48:48.645,0.99033,0.99061,2.25,1.97
2016.12.02 15:48:48.696,0.99028,0.9906,2.25,1.35
2016.12.02 15:48:49.170,0.99031,0.99056,1.75,1.00
2016.12.02 15:48:49.677,0.99028,0.99056,1.75,1.12
2016.12.02 15:48:50.424,0.99027,0.99056,3.37,1.50
2016.12.02 15:48:50.474,0.9903,0.99055,1.00,1.00
2016.12.02 15:48:53.240,0.9903,0.99055,1.00,1.60
2016.12.02 15:48:53.740,0.99028,0.99057,1.75,2.10
2016.12.02 15:48:54.294,0.99032,0.99056,1.00,1.35
2016.12.02 15:48:54.595,0.99027,0.99057,1.75,2.10
2016.12.02 15:48:54.661,0.99027,0.99051,1.75,1.00
2016.12.02 15:48:56.297,0.99024,0.99051,1.75,1.12
2016.12.02 15:48:56.498,0.99026,0.9905,1.00,1.00
2016.12.02 15:48:56.649,0.99026,0.99056,1.50,3.97
2016.12.02 15:48:56.700,0.99026,0.99056,1.75,2.10
2016.12.02 15:48:59.355,0.99031,0.99056,1.37,1.37
2016.12.02 15:48:59.405,0.99032,0.99056,1.00,1.00
2016.12.02 15:48:59.506,0.99031,0.99057,1.75,1.00
2016.12.02 15:49:00.703,0.99028,0.99057,2.25,1.50
2016.12.02 15:49:04.527,0.99033,0.99057,1.00,1.50
2016.12.02 15:49:04.664,0.99036,0.99057,1.75,1.00
2016.12.02 15:49:05.167,0.99033,0.99057,1.75,1.00
2016.12.02 15:49:05.412,0.99034,0.99061,1.75,1.72
2016.12.02 15:49:05.888,0.99036,0.99061,1.75,1.72
2016.12.02 15:49:06.241,0.99034,0.99061,1.75,2.10
2016.12.02 15:49:06.291,0.99032,0.99057,1.75,1.00
2016.12.02 15:49:06.708,0.99033,0.99062,2.25,1.72
2016.12.02 15:49:07.193,0.99036,0.99057,1.00,1.00
2016.12.02 15:49:10.865,0.99034,0.99057,1.75,1.35
2016.12.02 15:49:12.330,0.99035,0.99057,1.75,1.35
2016.12.02 15:49:12.632,0.99032,0.99057,1.75,1.35
2016.12.02 15:49:13.196,0.99032,0.99061,1.75,1.50
2016.12.02 15:49:13.667,0.99035,0.99061,1.50,1.37
2016.12.02 15:49:13.969,0.99038,0.99061,1.75,1.00
2016.12.02 15:49:14.019,0.99039,0.99067,1.75,1.67
2016.12.02 15:49:14.170,0.9904,0.99067,1.75,1.30
2016.12.02 15:49:16.481,0.99038,0.99067,3.37,2.10
2016.12.02 15:49:16.543,0.99041,0.99066,1.00,1.00
2016.12.02 15:49:16.749,0.9904,0.99067,1.75,1.72
2016.12.02 15:49:20.225,0.9904,0.99066,1.75,1.60
2016.12.02 15:49:20.376,0.99036,0.99065,2.25,1.35
2016.12.02 15:49:20.877,0.99036,0.99066,1.75,1.97
2016.12.02 15:49:21.030,0.99038,0.99067,1.75,1.97
2016.12.02 15:49:21.466,0.9904,0.99065,1.00,1.35
2016.12.02 15:49:21.517,0.99034,0.99067,3.37,2.85
2016.12.02 15:49:21.837,0.99034,0.99061,1.75,1.00
2016.12.02 15:49:23.351,0.99039,0.99062,1.00,1.12
2016.12.02 15:49:24.022,0.99037,0.99062,1.75,1.00
2016.12.02 15:49:24.771,0.99033,0.99062,4.50,1.30
2016.12.02 15:49:24.922,0.99032,0.99061,1.75,1.37
2016.12.02 15:49:25.073,0.99029,0.99061,4.12,1.87
2016.12.02 15:49:25.575,0.99029,0.9906,1.75,1.35
2016.12.02 15:49:25.826,0.99029,0.99056,2.25,1.37
2016.12.02 15:49:26.074,0.99035,0.9906,1.00,1.00
2016.12.02 15:49:26.167,0.99035,0.9906,1.00,1.60
2016.12.02 15:49:26.623,0.99032,0.99057,1.00,1.35
2016.12.02 15:49:29.989,0.99033,0.99059,1.75,1.35
2016.12.02 15:49:30.090,0.99033,0.99062,1.75,1.50
2016.12.02 15:49:30.315,0.99034,0.99058,1.00,1.00
2016.12.02 15:49:32.280,0.99031,0.99061,1.75,1.75
2016.12.02 15:49:32.929,0.99031,0.99062,1.75,2.25
2016.12.02 15:49:33.886,0.99034,0.9906,1.75,1.00
2016.12.02 15:49:35.224,0.99034,0.99059,1.00,1.00
2016.12.02 15:49:38.903,0.99035,0.99059,1.00,1.00
2016.12.02 15:49:39.031,0.99038,0.99063,1.00,1.00
2016.12.02 15:49:39.137,0.99038,0.99061,1.00,1.00
2016.12.02 15:49:40.633,0.99038,0.99061,1.37,1.00
2016.12.02 15:49:40.683,0.99038,0.99063,1.50,1.00
2016.12.02 15:49:40.784,0.99043,0.99063,1.00,1.00
2016.12.02 15:49:40.835,0.99047,0.99071,1.00,1.60
2016.12.02 15:49:41.036,0.99043,0.9907,1.50,1.35
2016.12.02 15:49:41.137,0.99043,0.99071,1.75,2.10
2016.12.02 15:49:41.537,0.99041,0.9907,3.37,1.30
2016.12.02 15:49:41.598,0.99041,0.99071,1.75,2.10
2016.12.02 15:49:42.157,0.99041,0.9907,1.75,1.35
2016.12.02 15:49:42.409,0.99046,0.99071,1.00,1.00
2016.12.02 15:49:43.241,0.99045,0.99076,1.75,1.75
2016.12.02 15:49:44.041,0.99047,0.99078,3.75,1.75
2016.12.02 15:49:44.344,0.9905,0.99081,1.75,1.75
2016.12.02 15:49:44.851,0.99054,0.99079,1.00,1.00
2016.12.02 15:49:45.964,0.99054,0.99076,1.00,1.00
2016.12.02 15:49:46.508,0.9905,0.99079,1.75,1.35
2016.12.02 15:49:46.921,0.99052,0.99082,1.75,2.10
2016.12.02 15:49:47.552,0.99058,0.99082,1.00,1.60
2016.12.02 15:49:49.329,0.99058,0.99082,1.00,1.00
2016.12.02 15:49:49.530,0.99055,0.99082,3.37,1.00
2016.12.02 15:49:49.631,0.99055,0.99082,1.75,1.12
2016.12.02 15:49:49.832,0.99057,0.99086,1.75,1.75
2016.12.02 15:49:49.933,0.99057,0.9909,4.12,1.75
2016.12.02 15:49:50.340,0.99056,0.99086,1.75,1.75
2016.12.02 15:49:50.843,0.99054,0.99081,1.75,1.00
2016.12.02 15:49:50.944,0.99056,0.99081,1.00,1.00
2016.12.02 15:49:55.787,0.99061,0.99081,1.00,1.00
2016.12.02 15:49:55.837,0.99061,0.99086,1.12,1.35
2016.12.02 15:49:55.938,0.99061,0.99087,1.75,1.60
2016.12.02 15:49:56.039,0.99058,0.99087,3.37,1.72
2016.12.02 15:49:56.139,0.99058,0.99086,1.75,1.35
2016.12.02 15:49:56.341,0.99055,0.99082,1.37,1.75
2016.12.02 15:49:56.705,0.99057,0.99086,1.75,2.25
2016.12.02 15:49:57.252,0.99055,0.99081,2.25,1.00
2016.12.02 15:49:59.143,0.99057,0.99081,1.75,1.00
2016.12.02 15:50:01.575,0.99058,0.99087,1.75,1.75
2016.12.02 15:50:02.448,0.99059,0.99086,1.75,1.00
2016.12.02 15:50:03.178,0.99059,0.99087,1.75,1.12
2016.12.02 15:50:05.652,0.99059,0.99086,2.25,1.00
2016.12.02 15:50:06.159,0.9906,0.99085,1.00,1.00
2016.12.02 15:50:06.663,0.99059,0.99087,1.00,1.75
2016.12.02 15:50:07.164,0.99058,0.99087,1.12,2.25
2016.12.02 15:50:07.484,0.99059,0.99086,1.00,3.37
2016.12.02 15:50:07.686,0.99059,0.99086,1.37,1.75
2016.12.02 15:50:07.787,0.99061,0.99086,1.00,1.50
2016.12.02 15:50:08.468,0.99059,0.99084,1.50,1.00
2016.12.02 15:50:08.892,0.99051,0.99081,1.75,1.75
2016.12.02 15:50:10.962,0.99055,0.99081,1.75,1.50
2016.12.02 15:50:11.433,0.99055,0.99082,2.25,1.12
2016.12.02 15:50:12.070,0.9906,0.99082,1.00,1.00
2016.12.02 15:50:12.579,0.99058,0.99081,1.00,1.00
2016.12.02 15:50:13.177,0.99054,0.99081,3.00,1.12
2016.12.02 15:50:13.283,0.99057,0.99081,1.75,1.00
2016.12.02 15:50:13.880,0.99057,0.99082,1.75,1.00
2016.12.02 15:50:14.034,0.99058,0.99087,1.75,1.75
2016.12.02 15:50:14.470,0.99059,0.99086,1.12,1.75
2016.12.02 15:50:15.114,0.99062,0.99086,1.00,1.00
2016.12.02 15:50:15.272,0.9906,0.99085,1.00,1.00
2016.12.02 15:50:16.690,0.99057,0.99086,2.62,1.12
2016.12.02 15:50:16.992,0.99054,0.99084,1.75,1.75
2016.12.02 15:50:17.330,0.99059,0.99086,1.00,2.25
2016.12.02 15:50:18.907,0.99054,0.99081,1.75,1.12
2016.12.02 15:50:20.490,0.99056,0.99082,1.75,1.00
2016.12.02 15:50:21.213,0.99058,0.99087,1.75,2.25
2016.12.02 15:50:22.717,0.99058,0.99086,1.37,1.75
2016.12.02 15:50:23.333,0.99056,0.99086,1.75,2.25
2016.12.02 15:50:24.358,0.99056,0.99083,1.75,1.00
2016.12.02 15:50:24.509,0.99054,0.99082,1.75,1.50
2016.12.02 15:50:24.610,0.99054,0.99082,1.12,2.25
2016.12.02 15:50:24.710,0.99056,0.9908,1.00,1.00
2016.12.02 15:50:26.013,0.99054,0.99082,1.50,2.25
2016.12.02 15:50:27.324,0.99053,0.99082,1.75,1.75
2016.12.02 15:50:27.424,0.99053,0.99078,1.50,1.00
2016.12.02 15:50:28.045,0.99053,0.99077,1.00,1.00
2016.12.02 15:50:29.648,0.99054,0.99078,1.00,1.00
2016.12.02 15:50:29.698,0.99054,0.99081,1.50,1.75
2016.12.02 15:50:30.535,0.99053,0.99081,1.12,1.75
2016.12.02 15:50:30.636,0.99053,0.99081,1.75,1.50
2016.12.02 15:50:30.791,0.99055,0.99081,1.50,1.37
2016.12.02 15:50:31.433,0.99055,0.99081,1.75,1.00
2016.12.02 15:50:31.934,0.99058,0.99086,1.50,2.25
2016.12.02 15:50:34.735,0.99054,0.99079,1.50,1.00
2016.12.02 15:50:34.836,0.99054,0.99081,1.75,1.50
2016.12.02 15:50:35.345,0.99056,0.9908,1.00,1.00
2016.12.02 15:50:35.647,0.99056,0.99081,1.75,1.00
2016.12.02 15:50:36.278,0.99056,0.99086,1.75,1.75
2016.12.02 15:50:36.329,0.99056,0.99086,1.75,1.75
2016.12.02 15:50:36.450,0.9906,0.99084,1.00,1.00
2016.12.02 15:50:36.554,0.9906,0.99081,1.00,1.00
2016.12.02 15:50:37.061,0.9906,0.99084,1.00,1.00
2016.12.02 15:50:37.162,0.9906,0.99081,1.00,1.00
2016.12.02 15:50:37.213,0.99051,0.99081,1.75,2.10
2016.12.02 15:50:37.440,0.99051,0.99077,1.75,1.00
2016.12.02 15:50:38.152,0.99049,0.99077,4.12,1.12
2016.12.02 15:50:39.329,0.99049,0.99076,4.87,1.00
2016.12.02 15:50:40.746,0.99053,0.99076,1.75,1.00
2016.12.02 15:50:40.847,0.99054,0.99076,1.00,1.00
2016.12.02 15:50:43.429,0.99046,0.99076,3.37,1.67
2016.12.02 15:50:43.530,0.99048,0.99072,1.00,1.00
2016.12.02 15:50:43.631,0.99041,0.99072,1.75,2.25
2016.12.02 15:50:43.941,0.99041,0.99066,1.75,1.00
2016.12.02 15:50:44.143,0.99042,0.99066,1.00,1.00
2016.12.02 15:50:45.463,0.99042,0.99067,1.00,1.50
2016.12.02 15:50:45.564,0.99038,0.99067,1.75,1.75
2016.12.02 15:50:48.864,0.99039,0.99066,2.25,1.00
2016.12.02 15:50:48.965,0.9904,0.99065,1.00,1.00
2016.12.02 15:50:49.447,0.99042,0.99066,1.00,1.00
2016.12.02 15:50:49.863,0.99043,0.99072,2.25,1.50
2016.12.02 15:50:50.264,0.9905,0.99074,1.00,1.00
2016.12.02 15:50:50.893,0.9905,0.99071,1.00,1.00
2016.12.02 15:50:50.944,0.99043,0.99071,1.75,1.75
2016.12.02 15:50:51.165,0.99043,0.99066,1.75,1.00
2016.12.02 15:50:51.667,0.99041,0.99066,1.75,1.00
2016.12.02 15:50:52.138,0.99042,0.99066,1.75,1.00
2016.12.02 15:50:52.289,0.99041,0.99071,4.12,2.25
2016.12.02 15:50:52.390,0.99041,0.99071,2.25,2.25
2016.12.02 15:50:54.530,0.99043,0.99068,1.37,1.67
2016.12.02 15:50:54.580,0.99038,0.99067,3.00,1.75
2016.12.02 15:50:56.280,0.99039,0.99067,1.75,1.37
2016.12.02 15:50:56.841,0.99038,0.99067,3.00,1.75
2016.12.02 15:50:56.892,0.9904,0.99065,1.00,1.00
2016.12.02 15:50:59.717,0.99042,0.99065,1.00,1.00
2016.12.02 15:50:59.767,0.99042,0.99071,1.75,2.25
2016.12.02 15:51:00.069,0.99044,0.99071,1.50,1.75
2016.12.02 15:51:00.897,0.99045,0.9907,1.00,1.00
2016.12.02 15:51:00.948,0.99044,0.99072,2.25,1.50
2016.12.02 15:51:01.587,0.99044,0.99072,2.25,1.50
2016.12.02 15:51:01.788,0.99039,0.99063,1.50,1.00
2016.12.02 15:51:01.889,0.99039,0.99066,1.50,1.50
2016.12.02 15:51:02.290,0.99042,0.99071,1.50,2.25
2016.12.02 15:51:02.391,0.99042,0.99071,1.75,1.75
2016.12.02 15:51:02.492,0.99047,0.99071,1.00,1.00
2016.12.02 15:51:03.361,0.99044,0.99074,2.25,2.10
2016.12.02 15:51:03.792,0.99044,0.99073,1.75,1.35
2016.12.02 15:51:08.149,0.99043,0.99073,1.75,2.25
2016.12.02 15:51:08.199,0.99044,0.99069,1.00,1.50
2016.12.02 15:51:08.250,0.99039,0.99069,1.75,1.50
2016.12.02 15:51:08.596,0.99037,0.99067,2.25,1.50
2016.12.02 15:51:08.697,0.99037,0.99067,1.75,1.75
2016.12.02 15:51:09.171,0.99039,0.99065,1.50,1.75
2016.12.02 15:51:11.392,0.99034,0.99063,1.75,1.50
2016.12.02 15:51:11.504,0.99034,0.99061,1.75,1.50
2016.12.02 15:51:13.205,0.99035,0.99061,1.75,1.00
2016.12.02 15:51:14.497,0.99038,0.99061,1.75,1.00
2016.12.02 15:51:15.629,0.99039,0.99066,1.75,1.12
2016.12.02 15:51:15.830,0.99044,0.99069,1.00,1.00
2016.12.02 15:51:15.981,0.99039,0.9907,1.75,1.75
2016.12.02 15:51:16.127,0.99042,0.99067,1.00,1.00
2016.12.02 15:51:18.768,0.99042,0.9907,1.50,1.50
2016.12.02 15:51:18.818,0.99042,0.99071,1.75,1.75
2016.12.02 15:51:20.053,0.9904,0.99066,2.62,1.50
2016.12.02 15:51:20.104,0.99036,0.99066,1.75,2.25
2016.12.02 15:51:20.306,0.99035,0.99066,3.37,2.25
2016.12.02 15:51:20.406,0.99035,0.99066,1.75,2.25
2016.12.02 15:51:20.507,0.9904,0.99065,1.00,1.00
2016.12.02 15:51:20.709,0.99039,0.9907,2.25,1.75
2016.12.02 15:51:23.292,0.9904,0.99071,1.75,1.75
2016.12.02 15:51:24.019,0.99044,0.99071,1.12,1.75
2016.12.02 15:51:24.325,0.99042,0.99073,1.75,2.25
2016.12.02 15:51:37.112,0.99044,0.9907,1.37,1.75
2016.12.02 15:51:37.648,0.99044,0.9907,1.00,1.75
2016.12.02 15:51:37.970,0.9904,0.99064,1.00,1.00
2016.12.02 15:51:40.434,0.99039,0.99066,2.25,1.00
2016.12.02 15:51:40.738,0.99041,0.99071,1.75,1.35
2016.12.02 15:51:41.382,0.99044,0.99068,1.00,1.00
2016.12.02 15:51:41.962,0.99043,0.99068,1.50,1.00
2016.12.02 15:51:43.619,0.99043,0.99069,1.12,1.75
2016.12.02 15:51:44.251,0.9904,0.99072,1.75,2.25
2016.12.02 15:51:45.052,0.99048,0.99072,1.00,1.75
2016.12.02 15:51:45.679,0.99048,0.99073,1.00,1.75
2016.12.02 15:51:46.958,0.99048,0.99072,1.00,1.75
2016.12.02 15:51:48.864,0.99048,0.99072,1.00,1.75
2016.12.02 15:51:49.634,0.99048,0.9907,1.00,1.00
2016.12.02 15:51:50.662,0.99054,0.99076,1.00,3.37
2016.12.02 15:51:50.763,0.99048,0.99076,1.12,1.75
2016.12.02 15:51:51.553,0.99049,0.99071,1.00,1.00
2016.12.02 15:51:52.105,0.99046,0.99073,1.50,1.35
2016.12.02 15:51:52.156,0.99042,0.99068,2.62,1.37
2016.12.02 15:51:52.218,0.9904,0.99068,1.75,1.50
2016.12.02 15:51:53.975,0.99044,0.99069,1.37,1.67
2016.12.02 15:51:54.672,0.99044,0.99069,1.50,1.30
2016.12.02 15:51:55.710,0.99043,0.9907,1.50,1.37
2016.12.02 15:51:56.337,0.99043,0.99071,1.50,1.75
2016.12.02 15:51:56.895,0.99043,0.9907,1.50,1.50
2016.12.02 15:51:58.197,0.99045,0.99073,1.37,2.62
2016.12.02 15:51:58.249,0.99047,0.99072,1.00,1.00
2016.12.02 15:51:59.076,0.99048,0.99072,1.00,1.00
2016.12.02 15:52:05.117,0.99048,0.99073,1.00,1.75
2016.12.02 15:52:05.269,0.99048,0.99075,1.12,1.75
2016.12.02 15:52:06.987,0.99049,0.99075,1.00,1.75
2016.12.02 15:52:07.084,0.9905,0.99075,1.00,1.50
2016.12.02 15:52:07.135,0.99049,0.99076,2.25,1.37
2016.12.02 15:52:07.437,0.9905,0.99075,1.00,1.00
2016.12.02 15:52:07.615,0.99049,0.9908,2.25,2.10
2016.12.02 15:52:08.130,0.99048,0.99078,2.25,1.75
2016.12.02 15:52:08.681,0.99054,0.99081,1.00,2.25
2016.12.02 15:52:12.129,0.99053,0.99082,1.37,3.00
2016.12.02 15:52:12.536,0.99053,0.9908,1.12,1.50
2016.12.02 15:52:13.098,0.99054,0.9908,1.00,1.75
2016.12.02 15:52:15.035,0.99054,0.99077,1.12,1.00
2016.12.02 15:52:16.145,0.99051,0.99076,1.75,1.00
2016.12.02 15:52:16.246,0.99052,0.99076,1.00,1.37
2016.12.02 15:52:16.632,0.99051,0.99076,1.50,1.12
2016.12.02 15:52:17.061,0.9905,0.99076,1.50,1.37
2016.12.02 15:52:17.112,0.99054,0.99081,1.00,3.37
2016.12.02 15:52:17.162,0.99054,0.99081,1.50,1.75
2016.12.02 15:52:18.160,0.99054,0.99081,1.00,2.25
2016.12.02 15:52:18.361,0.99054,0.99081,1.75,1.75
2016.12.02 15:52:19.510,0.99052,0.99076,1.75,1.00
2016.12.02 15:52:19.912,0.99053,0.99082,1.75,1.75
2016.12.02 15:52:20.225,0.99052,0.99077,1.75,1.00
2016.12.02 15:52:23.857,0.99053,0.99081,1.75,1.75
2016.12.02 15:52:25.041,0.99052,0.99076,1.75,1.00
2016.12.02 15:52:27.417,0.99052,0.99077,1.75,1.35
2016.12.02 15:52:28.476,0.9905,0.99077,1.75,1.72
2016.12.02 15:52:30.846,0.99049,0.99077,1.75,1.72
2016.12.02 15:52:31.135,0.9905,0.99076,1.50,1.00
2016.12.02 15:52:32.943,0.9905,0.99076,1.75,1.37
2016.12.02 15:52:33.312,0.99049,0.99077,1.75,2.10
2016.12.02 15:52:34.143,0.99049,0.99076,1.75,1.37
2016.12.02 15:52:34.668,0.99048,0.99076,1.75,1.75
2016.12.02 15:52:37.954,0.99048,0.99077,1.50,2.10
2016.12.02 15:52:38.005,0.99048,0.99073,1.50,1.00
2016.12.02 15:52:38.056,0.99048,0.99077,1.50,3.60
2016.12.02 15:52:38.413,0.99048,0.99077,2.25,2.10
2016.12.02 15:52:39.067,0.99054,0.99077,1.00,2.10
2016.12.02 15:52:39.470,0.99054,0.99077,1.00,2.10
2016.12.02 15:52:39.738,0.99049,0.99076,1.75,1.75
2016.12.02 15:52:41.264,0.99049,0.99076,1.12,2.25
2016.12.02 15:52:41.557,0.99049,0.99074,1.00,1.75
2016.12.02 15:52:41.758,0.99049,0.99076,1.12,3.00
2016.12.02 15:52:42.318,0.99049,0.99076,1.12,1.75
2016.12.02 15:52:43.595,0.99049,0.99075,1.00,1.50
2016.12.02 15:52:45.748,0.99048,0.99075,1.12,1.75
2016.12.02 15:52:46.052,0.99048,0.99077,1.50,2.85
2016.12.02 15:52:46.604,0.99049,0.99075,1.12,1.75
2016.12.02 15:52:46.868,0.99049,0.99076,1.50,2.85
2016.12.02 15:52:47.421,0.99049,0.99075,1.37,1.50
2016.12.02 15:52:47.472,0.99048,0.99072,1.00,1.00
2016.12.02 15:52:47.623,0.99048,0.99076,1.87,1.35
2016.12.02 15:52:47.774,0.99049,0.99076,1.75,2.10
2016.12.02 15:52:48.128,0.99047,0.99071,1.75,1.00
2016.12.02 15:52:48.905,0.99045,0.99071,2.25,1.00
2016.12.02 15:52:49.107,0.99046,0.99071,1.50,1.50
2016.12.02 15:52:49.157,0.99046,0.99071,2.25,1.12
2016.12.02 15:52:49.506,0.99046,0.99071,2.25,1.00
2016.12.02 15:52:49.811,0.99048,0.99074,1.00,1.75
2016.12.02 15:52:50.270,0.99053,0.99076,1.00,2.62
2016.12.02 15:52:50.321,0.99053,0.99079,1.12,2.62
2016.12.02 15:52:50.422,0.99053,0.99078,1.50,1.00
2016.12.02 15:52:50.956,0.99053,0.99082,2.25,2.85
2016.12.02 15:52:51.184,0.99049,0.99076,1.50,2.10
2016.12.02 15:52:53.962,0.99049,0.99077,1.37,2.25
2016.12.02 15:52:54.013,0.99049,0.99077,1.37,2.25
2016.12.02 15:52:56.630,0.99049,0.99074,1.37,1.00
2016.12.02 15:52:56.680,0.99053,0.99074,1.00,1.00
2016.12.02 15:52:57.134,0.99048,0.99074,1.37,1.75
2016.12.02 15:52:57.234,0.99048,0.99074,1.12,1.75
2016.12.02 15:52:59.074,0.99049,0.99075,1.00,1.75
2016.12.02 15:53:01.455,0.99049,0.99076,1.37,1.75
2016.12.02 15:53:01.506,0.99053,0.99075,1.00,1.00
2016.12.02 15:53:02.288,0.99053,0.99074,1.00,1.00
2016.12.02 15:53:02.389,0.99048,0.99074,1.37,1.87
2016.12.02 15:53:02.439,0.99048,0.99074,1.00,2.25
2016.12.02 15:53:02.971,0.99049,0.99074,1.00,2.25
2016.12.02 15:53:03.798,0.99054,0.99074,1.00,1.75
2016.12.02 15:53:03.899,0.99048,0.99077,2.25,1.75
2016.12.02 15:53:04.151,0.99047,0.99075,1.50,1.50
2016.12.02 15:53:04.202,0.99047,0.99072,1.50,1.00
2016.12.02 15:53:04.966,0.99045,0.99074,2.25,1.75
2016.12.02 15:53:05.722,0.99044,0.99072,1.75,1.37
2016.12.02 15:53:06.565,0.99045,0.99072,1.50,1.75
2016.12.02 15:53:06.616,0.99045,0.99072,1.50,1.75
2016.12.02 15:53:06.717,0.99045,0.99072,1.75,1.75
2016.12.02 15:53:07.918,0.99043,0.99073,1.75,1.75
2016.12.02 15:53:08.455,0.99045,0.99074,1.50,1.35
2016.12.02 15:53:08.851,0.99045,0.99074,1.75,1.35
2016.12.02 15:53:10.832,0.99044,0.99073,3.00,1.12
2016.12.02 15:53:10.883,0.99044,0.99074,3.00,2.10
2016.12.02 15:53:11.424,0.99047,0.99071,1.00,1.00
2016.12.02 15:53:11.989,0.99044,0.99074,3.00,2.10
2016.12.02 15:53:12.506,0.99044,0.99074,2.25,1.35
2016.12.02 15:53:14.983,0.99041,0.99071,2.62,1.75
2016.12.02 15:53:15.033,0.99044,0.99068,1.00,1.00
2016.12.02 15:53:16.096,0.99038,0.99069,1.75,2.25
2016.12.02 15:53:16.196,0.99038,0.99069,1.75,2.25
2016.12.02 15:53:18.312,0.99038,0.99068,1.75,1.75
2016.12.02 15:53:18.840,0.99038,0.99066,2.25,1.50
2016.12.02 15:53:21.187,0.99042,0.99071,1.50,1.75
2016.12.02 15:53:21.579,0.99042,0.9907,1.75,1.50
2016.12.02 15:53:22.197,0.99042,0.9907,1.75,1.75
2016.12.02 15:53:22.248,0.9904,0.9907,1.75,1.75
2016.12.02 15:53:22.500,0.99038,0.99066,2.25,1.87
2016.12.02 15:53:22.550,0.99039,0.99066,1.00,2.25
2016.12.02 15:53:24.025,0.99038,0.99064,1.12,1.50
2016.12.02 15:53:24.784,0.99038,0.99063,1.12,1.37
2016.12.02 15:53:26.076,0.99038,0.99062,1.00,1.75
2016.12.02 15:53:26.277,0.99038,0.99064,1.12,2.10
2016.12.02 15:53:27.021,0.99039,0.99064,1.00,1.35
2016.12.02 15:53:27.273,0.99039,0.99064,1.50,1.35
2016.12.02 15:53:27.602,0.99039,0.99066,1.12,2.25
2016.12.02 15:53:27.803,0.99041,0.99071,1.50,1.75
2016.12.02 15:53:29.413,0.99041,0.99063,1.50,1.00
2016.12.02 15:53:29.564,0.99034,0.99063,1.75,1.75
2016.12.02 15:53:29.816,0.99038,0.99065,1.00,2.62
2016.12.02 15:53:29.867,0.99038,0.99066,1.12,2.25
2016.12.02 15:53:30.387,0.99038,0.99066,1.75,1.75
2016.12.02 15:53:30.950,0.99043,0.99067,1.00,1.75
2016.12.02 15:53:31.202,0.99043,0.99069,1.12,2.10
2016.12.02 15:53:31.303,0.99043,0.99069,1.00,2.10
2016.12.02 15:53:32.242,0.99038,0.99069,2.25,2.10
2016.12.02 15:53:32.577,0.99039,0.99066,2.25,1.50
2016.12.02 15:53:33.116,0.99042,0.99066,1.50,1.12
2016.12.02 15:53:33.217,0.99044,0.99068,1.00,1.00
2016.12.02 15:53:33.317,0.99042,0.99074,2.25,3.97
2016.12.02 15:53:33.519,0.99043,0.99072,1.50,1.75
2016.12.02 15:53:33.678,0.99043,0.99071,1.75,1.75
2016.12.02 15:53:33.980,0.99044,0.99068,1.00,1.00
2016.12.02 15:53:34.030,0.99043,0.99074,1.75,3.37
2016.12.02 15:53:34.081,0.99043,0.99074,1.75,1.75
2016.12.02 15:53:34.588,0.99048,0.99073,1.00,1.00
2016.12.02 15:53:34.688,0.99047,0.99075,1.12,1.75
2016.12.02 15:53:34.933,0.99048,0.99075,1.12,1.75
2016.12.02 15:53:35.918,0.99048,0.99075,2.25,1.50
2016.12.02 15:53:36.019,0.99049,0.99078,1.75,1.75
2016.12.02 15:53:36.561,0.99049,0.99078,1.75,1.75
2016.12.02 15:53:37.070,0.9905,0.99078,1.50,1.75
2016.12.02 15:53:37.221,0.99049,0.99077,1.12,1.75
2016.12.02 15:53:37.523,0.99054,0.99081,1.12,1.75
2016.12.02 15:53:37.825,0.99061,0.99088,1.12,1.35
2016.12.02 15:53:38.139,0.99063,0.99086,1.00,1.75
2016.12.02 15:53:38.626,0.99063,0.99088,1.00,1.35
2016.12.02 15:53:39.930,0.99063,0.99089,1.50,1.75
2016.12.02 15:53:40.436,0.99064,0.99092,1.75,1.72
2016.12.02 15:53:41.925,0.99066,0.99092,1.12,2.47
2016.12.02 15:53:42.077,0.99062,0.99087,1.12,1.75
2016.12.02 15:53:42.177,0.9906,0.99084,1.00,1.00
2016.12.02 15:53:42.792,0.99064,0.99084,1.00,1.00
2016.12.02 15:53:42.994,0.99061,0.99087,1.50,1.75
2016.12.02 15:53:43.511,0.99061,0.99087,1.12,1.75
2016.12.02 15:53:44.052,0.9906,0.99086,1.12,1.75
2016.12.02 15:53:44.956,0.99059,0.99082,1.37,1.00
2016.12.02 15:53:45.057,0.9906,0.99082,1.75,1.00
2016.12.02 15:53:45.158,0.99058,0.99086,1.50,1.75
2016.12.02 15:53:45.258,0.99058,0.99082,1.12,1.50
2016.12.02 15:53:45.560,0.99055,0.99085,1.75,1.75
2016.12.02 15:53:45.735,0.99058,0.99086,1.75,1.37
2016.12.02 15:53:46.051,0.99058,0.99086,1.75,1.75
2016.12.02 15:53:46.535,0.99059,0.99086,1.50,1.50
2016.12.02 15:53:47.093,0.99059,0.99086,1.75,1.12
2016.12.02 15:53:48.736,0.9906,0.99086,1.50,1.00
2016.12.02 15:53:49.038,0.99057,0.99086,2.25,1.75
2016.12.02 15:53:50.268,0.99058,0.99086,1.75,1.75
2016.12.02 15:53:50.369,0.99058,0.99089,2.25,1.35
2016.12.02 15:53:50.470,0.99061,0.99089,1.75,1.35
2016.12.02 15:53:50.772,0.99059,0.99091,1.75,1.75
2016.12.02 15:53:52.056,0.99059,0.99091,2.25,1.75
2016.12.02 15:53:52.157,0.99058,0.99089,2.62,1.75
2016.12.02 15:53:54.224,0.99059,0.99091,3.37,1.75
2016.12.02 15:53:54.527,0.99056,0.99086,1.75,2.62
2016.12.02 15:53:54.578,0.99059,0.99084,1.00,1.00
2016.12.02 15:53:56.252,0.99059,0.99086,1.50,1.37
2016.12.02 15:53:56.303,0.99059,0.99086,1.75,1.12
2016.12.02 15:53:56.987,0.99057,0.99084,1.75,1.30
2016.12.02 15:53:57.311,0.99057,0.99082,1.75,1.00
2016.12.02 15:53:57.714,0.99055,0.99082,2.25,1.12
2016.12.02 15:53:59.778,0.99061,0.99086,1.00,1.00
2016.12.02 15:53:59.829,0.99063,0.99086,1.00,1.00
2016.12.02 15:54:00.131,0.99063,0.99091,1.75,1.12
2016.12.02 15:54:00.433,0.9906,0.99091,1.75,1.75
2016.12.02 15:54:00.984,0.99058,0.99089,1.75,1.75
2016.12.02 15:54:01.316,0.99057,0.99081,1.75,1.00
2016.12.02 15:54:01.416,0.99059,0.99081,1.00,1.00
2016.12.02 15:54:01.963,0.99059,0.99084,1.00,1.00
2016.12.02 15:54:02.269,0.99059,0.99087,1.50,1.75
2016.12.02 15:54:02.319,0.99061,0.99086,1.00,1.00
2016.12.02 15:54:02.370,0.99061,0.99091,1.50,2.10
2016.12.02 15:54:02.516,0.99061,0.9909,1.75,1.30
2016.12.02 15:54:02.890,0.99063,0.99092,1.75,2.10
2016.12.02 15:54:03.394,0.99064,0.99095,2.25,2.10
2016.12.02 15:54:03.494,0.99064,0.99095,2.25,2.10
2016.12.02 15:54:04.412,0.99066,0.99095,1.75,1.67
2016.12.02 15:54:04.724,0.99065,0.99095,1.75,2.10
2016.12.02 15:54:05.525,0.99062,0.99092,2.25,1.75
2016.12.02 15:54:06.413,0.99065,0.99092,1.75,1.12
2016.12.02 15:54:07.374,0.99063,0.99092,2.62,1.50
2016.12.02 15:54:07.426,0.99062,0.99092,1.75,1.75
2016.12.02 15:54:07.476,0.9906,0.99089,2.62,1.50
2016.12.02 15:54:07.527,0.99059,0.99089,1.75,1.75
2016.12.02 15:54:07.577,0.99056,0.99088,2.62,1.75
2016.12.02 15:54:07.628,0.99054,0.99088,2.25,3.37
2016.12.02 15:54:07.729,0.99054,0.99082,1.75,1.50
2016.12.02 15:54:07.880,0.99055,0.99086,2.25,3.37
2016.12.02 15:54:07.931,0.99059,0.99084,1.00,1.00
2016.12.02 15:54:08.334,0.99058,0.99086,2.25,1.37
2016.12.02 15:54:08.730,0.9906,0.99091,2.25,1.75
2016.12.02 15:54:08.832,0.99062,0.99091,1.75,1.75
2016.12.02 15:54:09.118,0.99066,0.99091,1.00,1.00
2016.12.02 15:54:09.420,0.99069,0.99098,1.75,1.35
2016.12.02 15:54:09.945,0.99069,0.99098,1.75,1.50
2016.12.02 15:54:09.996,0.99069,0.99098,1.37,1.75
2016.12.02 15:54:10.248,0.99064,0.99092,1.50,1.75
2016.12.02 15:54:13.083,0.99063,0.99092,1.75,1.75
2016.12.02 15:54:13.134,0.99066,0.99091,1.00,1.00
2016.12.02 15:54:13.575,0.99063,0.99092,1.50,1.75
2016.12.02 15:54:14.058,0.99064,0.99089,1.00,1.75
2016.12.02 15:54:14.759,0.99064,0.99091,1.12,1.75
2016.12.02 15:54:15.291,0.99064,0.99091,1.50,1.50
2016.12.02 15:54:15.342,0.99064,0.99091,1.75,1.50
2016.12.02 15:54:15.883,0.99064,0.99091,1.50,1.50
2016.12.02 15:54:15.933,0.99064,0.99088,1.50,1.00
2016.12.02 15:54:16.084,0.99065,0.9909,1.00,1.00
2016.12.02 15:54:16.135,0.99064,0.99092,2.25,1.50
2016.12.02 15:54:16.186,0.99068,0.99092,1.00,1.50
2016.12.02 15:54:16.714,0.99069,0.99092,1.00,1.00
2016.12.02 15:54:16.765,0.99064,0.99091,1.75,1.87
2016.12.02 15:54:16.816,0.99064,0.99091,1.75,2.25
2016.12.02 15:54:16.866,0.99064,0.99092,1.37,3.37
2016.12.02 15:54:16.917,0.99064,0.99092,1.00,3.37
2016.12.02 15:54:16.967,0.99064,0.99092,1.37,1.75
2016.12.02 15:54:17.069,0.99064,0.99091,1.00,1.75
2016.12.02 15:54:17.544,0.99064,0.99094,1.37,2.85
2016.12.02 15:54:17.745,0.99064,0.99092,1.00,2.25
2016.12.02 15:54:18.047,0.99059,0.99089,1.75,1.75
2016.12.02 15:54:18.520,0.99059,0.99084,1.00,1.00
2016.12.02 15:54:20.030,0.99058,0.99086,1.75,1.50
2016.12.02 15:54:20.081,0.99061,0.99086,1.00,1.00
2016.12.02 15:54:20.578,0.99061,0.99087,1.50,1.50
2016.12.02 15:54:21.109,0.9906,0.99087,1.75,1.12
2016.12.02 15:54:22.188,0.99057,0.99088,3.37,1.50
2016.12.02 15:54:22.239,0.99057,0.99088,1.75,1.75
2016.12.02 15:54:23.902,0.99058,0.99082,1.75,1.00
2016.12.02 15:54:24.766,0.99059,0.99086,1.75,1.75
2016.12.02 15:54:24.917,0.99065,0.9909,1.00,1.35
2016.12.02 15:54:25.018,0.99061,0.9909,1.50,2.10
2016.12.02 15:54:25.544,0.99061,0.99086,1.50,1.00
2016.12.02 15:54:25.855,0.99061,0.99086,1.75,1.00
2016.12.02 15:54:26.385,0.99063,0.99086,1.75,1.00
2016.12.02 15:54:26.994,0.99065,0.99086,1.00,1.00
2016.12.02 15:54:27.516,0.99065,0.99087,1.00,1.00
2016.12.02 15:54:30.105,0.99065,0.99086,1.00,1.00
2016.12.02 15:54:30.316,0.9906,0.99085,1.00,1.00
2016.12.02 15:54:30.618,0.99055,0.99081,1.75,1.00
2016.12.02 15:54:31.805,0.99055,0.99086,2.25,2.25
2016.12.02 15:54:32.107,0.99058,0.99086,1.75,2.10
2016.12.02 15:54:32.409,0.99054,0.99085,2.25,1.75
2016.12.02 15:54:32.761,0.99054,0.99081,2.25,1.50
2016.12.02 15:54:33.070,0.99054,0.99081,3.00,1.00
2016.12.02 15:54:34.400,0.99056,0.99086,1.75,1.75
2016.12.02 15:54:34.724,0.99056,0.99085,2.25,1.12
2016.12.02 15:54:35.732,0.99059,0.99085,1.00,1.75
2016.12.02 15:54:36.034,0.99061,0.99087,1.75,1.75
2016.12.02 15:54:36.354,0.99061,0.99087,1.75,1.00
2016.12.02 15:54:36.846,0.99059,0.99086,1.75,1.50
2016.12.02 15:54:37.047,0.99059,0.99086,1.12,2.25
2016.12.02 15:54:37.621,0.99055,0.99081,1.75,1.00
2016.12.02 15:54:38.040,0.9906,0.99086,1.50,1.37
2016.12.02 15:54:38.141,0.9906,0.99086,1.75,1.00
2016.12.02 15:54:38.241,0.99059,0.99086,2.25,1.12
2016.12.02 15:54:39.129,0.99064,0.9909,1.37,2.10
2016.12.02 15:54:39.180,0.99064,0.99089,1.75,1.30
2016.12.02 15:54:39.395,0.99062,0.99087,2.25,1.00
2016.12.02 15:54:39.496,0.99064,0.99089,1.75,1.30
2016.12.02 15:54:39.547,0.99064,0.99089,1.50,1.00
2016.12.02 15:54:41.256,0.99064,0.99091,1.75,1.12
2016.12.02 15:54:41.559,0.99067,0.99091,2.25,1.00
2016.12.02 15:54:41.610,0.99069,0.99097,1.50,1.75
2016.12.02 15:54:41.710,0.99073,0.99098,1.00,1.75
2016.12.02 15:54:41.811,0.99071,0.99101,1.00,4.12
2016.12.02 15:54:41.862,0.99071,0.99101,1.75,2.25
2016.12.02 15:54:42.164,0.99071,0.99091,1.75,1.00
2016.12.02 15:54:42.265,0.9907,0.99091,1.75,1.00
2016.12.02 15:54:42.366,0.9907,0.99096,1.75,1.00
2016.12.02 15:54:42.517,0.99073,0.991,1.50,1.50
2016.12.02 15:54:42.567,0.99073,0.991,1.75,1.12
2016.12.02 15:54:42.913,0.99071,0.99098,1.75,1.12
2016.12.02 15:54:44.890,0.99071,0.991,1.75,1.75
2016.12.02 15:54:45.686,0.99069,0.99099,2.25,1.75
2016.12.02 15:54:45.751,0.99069,0.99096,2.25,1.00
2016.12.02 15:54:47.378,0.99071,0.99096,1.12,1.75
2016.12.02 15:54:47.701,0.9907,0.99096,1.75,1.12
2016.12.02 15:54:48.483,0.99071,0.99096,1.75,1.00
2016.12.02 15:54:48.534,0.99071,0.991,1.75,1.50
2016.12.02 15:54:49.989,0.99073,0.99099,1.50,1.00
2016.12.02 15:54:50.262,0.99069,0.99099,4.87,1.12
2016.12.02 15:54:50.313,0.99074,0.99099,1.00,1.37
2016.12.02 15:54:51.757,0.99068,0.99098,1.75,1.37
2016.12.02 15:54:51.908,0.9907,0.99097,1.00,1.50
2016.12.02 15:54:52.393,0.99065,0.99095,1.75,1.50
2016.12.02 15:54:52.695,0.99062,0.99095,4.12,2.25
2016.12.02 15:54:53.238,0.99062,0.99095,2.25,2.25
2016.12.02 15:54:54.525,0.99065,0.99092,1.50,1.00
2016.12.02 15:54:54.827,0.99066,0.99097,1.75,1.75
2016.12.02 15:55:02.549,0.99069,0.99096,1.50,1.50
2016.12.02 15:55:03.120,0.99069,0.99096,1.75,1.37
2016.12.02 15:55:03.686,0.99071,0.99095,1.00,1.00
2016.12.02 15:55:04.905,0.99073,0.99101,1.37,2.25
2016.12.02 15:55:04.956,0.99073,0.99104,1.75,1.75
2016.12.02 15:55:05.855,0.99075,0.99101,1.00,2.47
2016.12.02 15:55:06.159,0.99073,0.99099,1.00,1.37
2016.12.02 15:55:06.487,0.99067,0.99098,1.75,1.75
2016.12.02 15:55:06.638,0.99068,0.99093,1.00,1.00
2016.12.02 15:55:08.357,0.99066,0.99097,1.75,1.75
2016.12.02 15:55:08.891,0.99066,0.99097,1.75,1.75
2016.12.02 15:55:10.041,0.99068,0.991,1.75,1.75
2016.12.02 15:55:10.598,0.99068,0.991,2.25,1.75
2016.12.02 15:55:11.157,0.99071,0.99096,1.75,1.00
2016.12.02 15:55:11.308,0.99067,0.99096,1.75,1.50
2016.12.02 15:55:12.284,0.99065,0.99096,2.62,1.50
2016.12.02 15:55:12.335,0.99064,0.99096,2.25,1.75
2016.12.02 15:55:12.989,0.99068,0.99096,1.37,1.75
2016.12.02 15:55:13.299,0.99069,0.99101,1.75,2.25
2016.12.02 15:55:13.649,0.99073,0.99101,3.37,1.00
2016.12.02 15:55:13.749,0.99073,0.99101,1.75,1.37
2016.12.02 15:55:15.243,0.99075,0.99101,1.75,1.37
2016.12.02 15:55:15.353,0.99075,0.99102,1.75,1.12
2016.12.02 15:55:17.400,0.99075,0.99105,1.75,1.50
2016.12.02 15:55:17.451,0.9908,0.99105,1.00,1.00
2016.12.02 15:55:17.602,0.99077,0.99106,2.62,1.37
2016.12.02 15:55:17.653,0.99079,0.99107,1.75,1.00
2016.12.02 15:55:17.804,0.99076,0.99107,2.62,1.37
2016.12.02 15:55:17.855,0.99075,0.99107,1.75,1.75
2016.12.02 15:55:17.905,0.99075,0.99104,3.37,1.00
2016.12.02 15:55:18.056,0.99078,0.99107,1.75,1.37
2016.12.02 15:55:18.569,0.9908,0.99111,1.75,2.25
2016.12.02 15:55:18.669,0.99084,0.99106,1.00,1.00
2016.12.02 15:55:19.173,0.99079,0.99111,1.75,2.25
2016.12.02 15:55:19.997,0.99081,0.99112,1.50,2.10
2016.12.02 15:55:20.307,0.99088,0.99114,1.00,1.75
2016.12.02 15:55:20.810,0.99083,0.99114,2.25,1.75
2016.12.02 15:55:21.215,0.99088,0.99112,1.37,1.00
2016.12.02 15:55:23.789,0.99088,0.99113,1.12,1.35
2016.12.02 15:55:24.454,0.99089,0.9911,1.00,1.00
2016.12.02 15:55:24.989,0.99084,0.99114,1.75,1.75
2016.12.02 15:55:25.190,0.99084,0.99111,1.50,1.00
2016.12.02 15:55:28.191,0.99089,0.99114,1.00,1.35
2016.12.02 15:55:28.913,0.99086,0.99113,1.00,1.50
2016.12.02 15:55:29.114,0.99081,0.99111,1.75,2.25
2016.12.02 15:55:29.165,0.99081,0.99111,1.50,2.25
2016.12.02 15:55:30.987,0.99083,0.99112,1.00,1.75
2016.12.02 15:55:31.038,0.99086,0.99111,1.00,1.00
2016.12.02 15:55:31.239,0.99084,0.99111,1.50,1.75
2016.12.02 15:55:32.134,0.99079,0.9911,2.25,1.75
2016.12.02 15:55:32.656,0.99079,0.9911,2.25,1.75
2016.12.02 15:55:32.757,0.99081,0.99111,1.75,1.75
2016.12.02 15:55:32.908,0.99083,0.9911,1.50,1.00
2016.12.02 15:55:33.654,0.99084,0.99109,1.00,1.00
2016.12.02 15:55:35.249,0.99082,0.9911,1.12,1.75
2016.12.02 15:55:35.551,0.99079,0.99104,1.00,1.00
2016.12.02 15:55:36.558,0.99077,0.99107,1.75,1.75
2016.12.02 15:55:36.769,0.99074,0.99102,1.75,1.75
2016.12.02 15:55:36.820,0.99075,0.99102,1.00,1.75
2016.12.02 15:55:37.359,0.99074,0.99101,1.00,1.75
2016.12.02 15:55:37.945,0.99074,0.99101,1.12,2.25
2016.12.02 15:55:38.451,0.99073,0.99102,1.50,1.75
2016.12.02 15:55:38.756,0.99073,0.99102,2.25,1.50
2016.12.02 15:55:39.132,0.99075,0.99102,1.00,1.50
2016.12.02 15:55:39.443,0.99076,0.99102,1.37,1.50
2016.12.02 15:55:39.494,0.99077,0.99102,1.00,1.50
2016.12.02 15:55:39.970,0.99074,0.99101,1.75,1.75
2016.12.02 15:55:40.473,0.99072,0.99102,2.25,2.25
2016.12.02 15:55:41.643,0.99075,0.99101,1.37,1.50
2016.12.02 15:55:41.693,0.99077,0.99101,1.00,1.50
2016.12.02 15:55:42.311,0.99078,0.99101,1.00,1.00
2016.12.02 15:55:42.783,0.99075,0.991,1.00,1.00
2016.12.02 15:55:43.047,0.99072,0.99101,1.75,2.25
2016.12.02 15:55:43.563,0.99072,0.99101,2.25,2.25
2016.12.02 15:55:45.189,0.99075,0.99101,1.00,1.75
2016.12.02 15:55:45.491,0.99079,0.99105,1.12,1.75
2016.12.02 15:55:46.274,0.9908,0.99104,1.00,1.00
2016.12.02 15:55:46.807,0.99078,0.99104,1.50,1.50
2016.12.02 15:55:47.077,0.99078,0.99101,1.00,1.00
2016.12.02 15:55:47.495,0.99078,0.99104,1.75,1.00
2016.12.02 15:55:47.696,0.99078,0.99106,2.25,1.12
2016.12.02 15:55:48.202,0.99078,0.99105,2.25,1.00
2016.12.02 15:55:48.706,0.99078,0.99106,2.25,1.12
2016.12.02 15:55:48.885,0.99085,0.99112,1.37,1.37
2016.12.02 15:55:48.986,0.99083,0.99112,1.75,1.37
2016.12.02 15:55:49.506,0.99085,0.99114,2.25,1.75
2016.12.02 15:55:50.289,0.99085,0.99112,1.75,1.37
2016.12.02 15:55:50.469,0.99081,0.9911,2.25,1.75
2016.12.02 15:55:50.671,0.99079,0.99107,2.62,1.37
2016.12.02 15:55:50.772,0.99078,0.99107,1.75,2.25
2016.12.02 15:55:51.154,0.99084,0.99106,1.00,1.75
2016.12.02 15:55:51.255,0.9908,0.99108,1.75,1.12
2016.12.02 15:55:51.457,0.99081,0.9911,2.62,1.12
2016.12.02 15:55:51.777,0.99079,0.9911,3.00,1.75
2016.12.02 15:55:52.206,0.99082,0.9911,1.75,1.50
2016.12.02 15:55:52.306,0.99082,0.9911,1.75,1.50
2016.12.02 15:55:52.458,0.9908,0.9911,2.25,1.75
2016.12.02 15:55:53.469,0.99082,0.99111,1.75,1.12
2016.12.02 15:55:54.105,0.99081,0.99111,1.75,1.50
2016.12.02 15:55:54.631,0.99085,0.99109,1.00,1.00
2016.12.02 15:55:55.579,0.99079,0.99111,3.00,1.75
2016.12.02 15:55:55.881,0.99078,0.99108,3.37,1.75
2016.12.02 15:55:55.982,0.99081,0.99108,1.00,1.75
2016.12.02 15:55:56.083,0.99077,0.99101,1.75,1.00
2016.12.02 15:55:56.284,0.99075,0.99102,1.75,1.12
2016.12.02 15:55:56.385,0.99072,0.99102,3.37,1.37
2016.12.02 15:55:56.713,0.99075,0.99101,1.75,1.37
2016.12.02 15:55:57.016,0.99074,0.99101,1.50,1.50
2016.12.02 15:55:58.046,0.99072,0.99096,1.75,1.00
2016.12.02 15:55:58.578,0.9907,0.99096,1.75,1.00
2016.12.02 15:55:59.560,0.99068,0.99095,2.62,1.00
2016.12.02 15:55:59.712,0.99064,0.99095,2.25,2.10
2016.12.02 15:56:00.243,0.99069,0.99093,1.12,1.75
2016.12.02 15:56:00.344,0.99065,0.9909,1.00,1.00
2016.12.02 15:56:00.664,0.99069,0.9909,1.00,1.00
2016.12.02 15:56:01.285,0.99069,0.99094,1.00,1.75
2016.12.02 15:56:01.592,0.99066,0.99091,1.00,1.00
2016.12.02 15:56:01.705,0.99063,0.99092,1.50,2.25
2016.12.02 15:56:01.806,0.99063,0.99088,1.50,1.00
2016.12.02 15:56:02.312,0.99064,0.99088,1.00,1.00
2016.12.02 15:56:04.441,0.99069,0.99092,1.00,1.35
2016.12.02 15:56:04.894,0.99069,0.99092,1.00,1.35
2016.12.02 15:56:05.555,0.99065,0.99084,1.75,1.35
2016.12.02 15:56:05.806,0.99056,0.99085,2.62,4.35
2016.12.02 15:56:05.907,0.99057,0.99082,1.00,1.00
2016.12.02 15:56:06.009,0.99057,0.99086,1.75,1.75
2016.12.02 15:56:06.794,0.99059,0.99085,1.50,1.12
2016.12.02 15:56:13.755,0.99063,0.9909,1.50,2.25
2016.12.02 15:56:14.007,0.99069,0.99098,1.50,1.75
2016.12.02 15:56:14.108,0.99071,0.991,1.50,2.62
2016.12.02 15:56:14.209,0.99071,0.99101,1.75,1.75
2016.12.02 15:56:14.410,0.99073,0.99097,1.00,1.00
2016.12.02 15:56:14.812,0.9907,0.99101,2.25,1.75
2016.12.02 15:56:15.721,0.9907,0.99101,1.75,1.75
2016.12.02 15:56:15.923,0.99065,0.99096,2.62,1.75
2016.12.02 15:56:16.026,0.99063,0.99096,2.25,1.75
2016.12.02 15:56:16.183,0.99069,0.99096,1.00,2.25
2016.12.02 15:56:16.498,0.99064,0.99091,1.75,1.00
2016.12.02 15:56:16.751,0.99066,0.99091,1.00,1.37
2016.12.02 15:56:16.853,0.99063,0.99091,1.75,1.00
2016.12.02 15:56:17.155,0.99062,0.99091,1.75,1.75
2016.12.02 15:56:17.458,0.99069,0.99095,1.00,2.62
2016.12.02 15:56:17.559,0.99069,0.99096,1.00,1.75
2016.12.02 15:56:18.071,0.99063,0.99091,1.75,1.12
2016.12.02 15:56:18.537,0.99069,0.99094,1.00,1.00
2016.12.02 15:56:19.031,0.99067,0.99096,1.75,2.10
2016.12.02 15:56:19.132,0.99069,0.99096,1.12,1.35
2016.12.02 15:56:19.333,0.9907,0.99101,1.75,2.25
2016.12.02 15:56:20.415,0.99071,0.99096,1.00,1.00
2016.12.02 15:56:20.957,0.99064,0.99095,1.75,1.75
2016.12.02 15:56:21.957,0.99064,0.99091,5.25,1.00
2016.12.02 15:56:23.213,0.99064,0.99087,1.75,1.00
2016.12.02 15:56:23.365,0.99063,0.99086,1.00,1.00
2016.12.02 15:56:23.567,0.99061,0.99094,1.75,1.75
2016.12.02 15:56:23.869,0.99061,0.99087,1.75,1.00
2016.12.02 15:56:25.369,0.99064,0.99091,1.50,1.50
2016.12.02 15:56:26.548,0.99067,0.99091,1.00,1.00
2016.12.02 15:56:26.826,0.99067,0.99089,1.00,1.00
2016.12.02 15:56:26.978,0.9906,0.99085,1.00,1.00
2016.12.02 15:56:27.343,0.99054,0.99086,1.75,1.75
2016.12.02 15:56:27.752,0.99058,0.99087,1.75,1.75
2016.12.02 15:56:28.718,0.99056,0.99081,2.62,1.00
2016.12.02 15:56:28.769,0.99054,0.99081,1.75,1.12
2016.12.02 15:56:28.870,0.99053,0.99081,1.75,1.50
2016.12.02 15:56:28.971,0.99053,0.99081,2.25,1.12
2016.12.02 15:56:33.552,0.99056,0.99082,1.75,1.00
2016.12.02 15:56:33.857,0.99058,0.99082,1.00,1.00
2016.12.02 15:56:33.958,0.9906,0.99085,1.00,1.00
2016.12.02 15:56:34.265,0.99058,0.99086,1.12,1.75
2016.12.02 15:56:36.349,0.99056,0.99082,1.75,1.00
2016.12.02 15:56:36.651,0.99057,0.99084,1.00,2.10
2016.12.02 15:56:38.200,0.99052,0.99082,1.75,1.75
2016.12.02 15:56:38.704,0.99055,0.99082,1.50,1.50
2016.12.02 15:56:38.754,0.99058,0.99081,1.00,1.00
2016.12.02 15:56:39.006,0.99055,0.99081,2.25,1.00
2016.12.02 15:56:39.865,0.99055,0.9908,1.00,1.00
2016.12.02 15:56:40.289,0.99052,0.99077,1.00,1.00
2016.12.02 15:56:40.847,0.99052,0.99076,1.00,1.00
2016.12.02 15:56:42.281,0.99045,0.99074,3.37,1.12
2016.12.02 15:56:42.382,0.99048,0.99072,1.00,1.00
2016.12.02 15:56:42.583,0.99043,0.99071,1.75,1.12
2016.12.02 15:56:42.684,0.99045,0.99069,1.00,1.00
2016.12.02 15:56:44.467,0.99042,0.99072,1.75,3.00
2016.12.02 15:56:44.915,0.99041,0.99066,1.00,1.00
2016.12.02 15:56:45.078,0.99039,0.99067,2.25,1.12
2016.12.02 15:56:45.484,0.99045,0.9907,1.00,1.00
2016.12.02 15:56:46.176,0.99045,0.99066,1.00,1.00
2016.12.02 15:56:46.277,0.99043,0.99072,2.25,2.85
2016.12.02 15:56:46.478,0.99041,0.99066,1.00,1.00
2016.12.02 15:56:46.773,0.99041,0.99061,1.00,1.00
2016.12.02 15:56:46.823,0.99036,0.99061,1.75,1.00
2016.12.02 15:56:47.415,0.99037,0.99061,2.25,1.00
2016.12.02 15:56:47.617,0.99038,0.99061,1.00,1.00
2016.12.02 15:56:48.444,0.99039,0.99063,1.00,1.00
2016.12.02 15:56:49.248,0.99038,0.99063,1.00,1.00
2016.12.02 15:56:49.299,0.99036,0.99064,1.50,1.75
2016.12.02 15:56:50.700,0.99033,0.99064,3.00,2.25
2016.12.02 15:56:50.818,0.99036,0.99061,1.00,1.00
2016.12.02 15:56:52.184,0.99032,0.99061,1.75,1.50
2016.12.02 15:56:52.336,0.99032,0.99062,1.75,1.75
2016.12.02 15:56:55.602,0.99032,0.99063,1.75,2.62
2016.12.02 15:56:56.041,0.99032,0.99061,1.75,1.50
2016.12.02 15:56:57.902,0.99032,0.99059,1.30,1.75
2016.12.02 15:56:58.003,0.99034,0.99059,1.00,1.00
2016.12.02 15:56:58.104,0.99032,0.99057,1.30,1.75
2016.12.02 15:56:58.406,0.99032,0.99061,1.75,1.75
2016.12.02 15:56:58.755,0.99033,0.99061,1.75,1.37
2016.12.02 15:56:59.531,0.99031,0.99062,2.25,2.25
2016.12.02 15:56:59.582,0.99031,0.99056,1.75,1.00
2016.12.02 15:56:59.632,0.99031,0.99056,1.50,1.50
2016.12.02 15:56:59.733,0.99031,0.99052,1.00,1.00
2016.12.02 15:56:59.834,0.99032,0.99065,1.75,1.75
2016.12.02 15:57:00.039,0.99035,0.99061,1.75,1.00
2016.12.02 15:57:00.657,0.99038,0.99066,1.37,1.75
2016.12.02 15:57:01.187,0.99035,0.99061,2.25,1.00
2016.12.02 15:57:01.905,0.99035,0.99062,1.75,1.12
2016.12.02 15:57:02.468,0.99034,0.99061,1.75,1.00
2016.12.02 15:57:02.785,0.9903,0.99056,1.75,1.00
2016.12.02 15:57:02.990,0.9903,0.99061,1.75,1.75
2016.12.02 15:57:03.243,0.99036,0.99061,1.00,1.00
2016.12.02 15:57:03.344,0.99032,0.99061,3.37,1.12
2016.12.02 15:57:03.496,0.99032,0.99061,1.75,1.37
2016.12.02 15:57:04.220,0.99037,0.99061,1.75,1.00
2016.12.02 15:57:05.184,0.99039,0.99066,1.75,1.75
2016.12.02 15:57:05.235,0.99039,0.99066,1.75,1.12
2016.12.02 15:57:05.536,0.99037,0.99066,1.75,1.75
2016.12.02 15:57:05.637,0.99032,0.99066,1.75,2.25
2016.12.02 15:57:05.839,0.99034,0.99066,2.25,1.75
2016.12.02 15:57:06.163,0.99037,0.99066,1.75,2.25
2016.12.02 15:57:07.758,0.99039,0.99066,1.00,2.25
2016.12.02 15:57:08.266,0.99038,0.99062,1.00,1.00
2016.12.02 15:57:09.986,0.99039,0.99062,1.00,1.00
2016.12.02 15:57:10.988,0.99038,0.99061,1.00,1.00
2016.12.02 15:57:11.542,0.99036,0.99061,2.25,1.00
2016.12.02 15:57:12.451,0.99034,0.99061,2.25,1.12
2016.12.02 15:57:13.156,0.99036,0.99062,1.75,1.00
2016.12.02 15:57:13.903,0.99034,0.99061,4.12,1.00
2016.12.02 15:57:13.954,0.99034,0.99061,2.25,1.12
2016.12.02 15:57:15.660,0.99037,0.99066,1.75,2.25
2016.12.02 15:57:15.761,0.99034,0.99065,1.75,1.75
2016.12.02 15:57:15.862,0.99039,0.99066,1.50,1.75
2016.12.02 15:57:16.758,0.99039,0.99066,2.25,1.12
2016.12.02 15:57:17.277,0.99041,0.99072,1.75,1.75
2016.12.02 15:57:17.591,0.9904,0.99069,1.75,1.75
2016.12.02 15:57:17.793,0.99043,0.99067,1.00,1.00
2016.12.02 15:57:18.310,0.99042,0.99066,1.00,1.00
2016.12.02 15:57:18.948,0.99039,0.99066,1.37,1.87
2016.12.02 15:57:18.999,0.99039,0.99066,1.12,2.25
2016.12.02 15:57:19.505,0.99034,0.99064,1.75,2.25
2016.12.02 15:57:19.774,0.99034,0.99059,1.00,1.00
2016.12.02 15:57:20.076,0.99038,0.99063,1.00,1.00
2016.12.02 15:57:20.619,0.99039,0.99063,1.00,1.00
2016.12.02 15:57:21.184,0.99044,0.99064,1.00,1.00
2016.12.02 15:57:21.235,0.99039,0.99064,1.00,1.00
2016.12.02 15:57:21.386,0.99037,0.99065,1.50,1.75
2016.12.02 15:57:22.062,0.99036,0.99066,1.75,1.75
2016.12.02 15:57:23.067,0.99042,0.99067,1.00,1.50
2016.12.02 15:57:23.218,0.99044,0.99067,1.00,1.00
2016.12.02 15:57:23.269,0.99044,0.99072,1.75,1.12
2016.12.02 15:57:23.671,0.99042,0.99072,1.75,1.75
2016.12.02 15:57:24.016,0.99048,0.99073,1.00,1.00
2016.12.02 15:57:26.641,0.99049,0.99073,1.00,1.00
2016.12.02 15:57:27.151,0.99048,0.99073,1.00,1.00
2016.12.02 15:57:27.462,0.99046,0.99076,1.75,2.62
2016.12.02 15:57:27.713,0.99047,0.99072,1.00,1.00
2016.12.02 15:57:27.764,0.99046,0.99077,1.75,1.75
2016.12.02 15:57:28.067,0.99042,0.99072,1.75,1.75
2016.12.02 15:57:28.132,0.99044,0.99068,1.00,1.00
2016.12.02 15:57:28.233,0.99043,0.99072,1.75,1.75
2016.12.02 15:57:28.772,0.99045,0.9907,2.10,1.00
2016.12.02 15:57:29.099,0.99049,0.99076,1.75,1.00
2016.12.02 15:57:29.401,0.99047,0.99077,2.25,1.75
2016.12.02 15:57:30.884,0.99045,0.99074,2.62,1.50
2016.12.02 15:57:30.935,0.99048,0.99073,1.00,1.00
2016.12.02 15:57:30.985,0.99042,0.9907,2.62,1.37
2016.12.02 15:57:31.036,0.99043,0.99067,1.00,1.00
2016.12.02 15:57:31.137,0.99043,0.99072,2.10,1.75
2016.12.02 15:57:31.556,0.99041,0.99066,1.35,1.37
2016.12.02 15:57:31.703,0.99041,0.99065,1.00,1.00
2016.12.02 15:57:31.862,0.99041,0.99061,1.00,1.00
2016.12.02 15:57:32.013,0.99038,0.99061,1.12,1.12
2016.12.02 15:57:32.063,0.99038,0.99057,1.12,1.00
2016.12.02 15:57:32.366,0.99038,0.99057,1.00,2.25
2016.12.02 15:57:32.806,0.99038,0.9906,1.00,1.75
2016.12.02 15:57:33.310,0.99038,0.99061,1.00,1.75
2016.12.02 15:57:33.512,0.99038,0.9906,1.00,1.75
2016.12.02 15:57:33.906,0.99038,0.99061,1.00,1.50
2016.12.02 15:57:34.007,0.99038,0.99061,1.00,1.75
2016.12.02 15:57:34.611,0.99038,0.9906,1.00,1.00
2016.12.02 15:57:34.712,0.99046,0.9906,1.00,1.00
2016.12.02 15:57:34.940,0.99058,0.99089,2.25,1.75
2016.12.02 15:57:34.991,0.99058,0.99088,1.87,2.62
2016.12.02 15:57:35.041,0.99058,0.99087,1.87,2.62
2016.12.02 15:57:35.142,0.99058,0.99092,2.25,4.87
2016.12.02 15:57:35.243,0.99064,0.99092,1.00,2.25
2016.12.02 15:57:35.545,0.99058,0.99085,1.00,1.00
2016.12.02 15:57:35.595,0.99058,0.99085,1.00,1.50
2016.12.02 15:57:35.951,0.99059,0.99084,1.00,1.00
2016.12.02 15:57:36.460,0.99054,0.99086,1.75,1.50
2016.12.02 15:57:36.662,0.99054,0.99086,1.87,2.25
2016.12.02 15:57:36.763,0.99054,0.99081,1.87,1.00
2016.12.02 15:57:36.979,0.99055,0.99086,1.00,1.37
2016.12.02 15:57:37.157,0.99056,0.99087,1.50,1.87
2016.12.02 15:57:37.359,0.99054,0.99086,1.87,1.12
2016.12.02 15:57:37.459,0.99054,0.99081,1.50,1.00
2016.12.02 15:57:37.560,0.99054,0.99087,1.00,2.25
2016.12.02 15:57:37.726,0.99054,0.99081,1.50,1.00
2016.12.02 15:57:38.035,0.99054,0.99076,1.00,1.00
2016.12.02 15:57:38.135,0.99055,0.99082,1.00,1.00
2016.12.02 15:57:38.666,0.99054,0.99082,1.00,1.00
2016.12.02 15:57:38.818,0.99054,0.99086,1.50,1.00
2016.12.02 15:57:38.919,0.99054,0.99086,1.87,1.00
2016.12.02 15:57:39.221,0.99065,0.99095,1.00,1.75
2016.12.02 15:57:39.271,0.99064,0.99093,1.50,1.50
2016.12.02 15:57:39.628,0.99065,0.99094,1.00,1.75
2016.12.02 15:57:39.780,0.99063,0.99094,1.00,2.25
2016.12.02 15:57:39.830,0.99069,0.99094,1.00,2.25
2016.12.02 15:57:40.132,0.99063,0.99092,1.00,1.00
2016.12.02 15:57:40.183,0.99063,0.99091,1.00,1.60
2016.12.02 15:57:40.485,0.99053,0.9908,1.00,1.00
2016.12.02 15:57:40.801,0.99058,0.99087,2.25,1.37
2016.12.02 15:57:40.851,0.99061,0.99088,1.00,1.50
2016.12.02 15:57:40.902,0.9906,0.99088,1.75,1.12
2016.12.02 15:57:41.406,0.99059,0.99087,1.75,1.50
2016.12.02 15:57:41.763,0.99058,0.99086,2.25,1.12
2016.12.02 15:57:41.887,0.99058,0.99087,3.00,2.25
2016.12.02 15:57:42.192,0.99058,0.99084,1.12,1.50
2016.12.02 15:57:42.293,0.99058,0.99084,1.75,1.12
2016.12.02 15:57:42.495,0.99056,0.99085,1.50,1.50
2016.12.02 15:57:42.646,0.99056,0.99082,1.50,1.00
2016.12.02 15:57:42.753,0.99058,0.99085,1.00,1.50
2016.12.02 15:57:43.004,0.99057,0.99086,1.75,1.87
2016.12.02 15:57:43.327,0.99059,0.99084,1.00,1.75
2016.12.02 15:57:43.855,0.99058,0.99085,1.00,1.75
2016.12.02 15:57:43.956,0.99055,0.99082,1.50,1.50
2016.12.02 15:57:44.057,0.99053,0.99081,1.37,1.50
2016.12.02 15:57:44.406,0.99053,0.99078,1.00,1.50
2016.12.02 15:57:45.140,0.99047,0.99078,1.75,1.50
2016.12.02 15:57:45.468,0.99044,0.99072,2.62,1.00
2016.12.02 15:57:45.689,0.99048,0.99072,1.00,1.00
2016.12.02 15:57:45.798,0.99048,0.99075,1.00,1.50
2016.12.02 15:57:46.000,0.99043,0.99071,1.75,1.00
2016.12.02 15:57:46.101,0.99043,0.99072,1.87,1.50
2016.12.02 15:57:46.698,0.99044,0.99072,1.12,1.50
2016.12.02 15:57:46.799,0.99044,0.9907,1.00,1.37
2016.12.02 15:57:47.210,0.99044,0.99071,1.00,1.50
2016.12.02 15:57:47.261,0.99044,0.99071,1.00,1.50
2016.12.02 15:57:48.112,0.99044,0.9907,1.00,2.10
2016.12.02 15:57:48.639,0.99043,0.99069,1.00,1.50
2016.12.02 15:57:48.964,0.99043,0.99069,1.00,1.50
2016.12.02 15:57:49.366,0.99043,0.99068,1.00,1.50
2016.12.02 15:57:49.467,0.99043,0.99068,1.00,1.37
2016.12.02 15:57:49.569,0.99038,0.99068,1.87,1.50
2016.12.02 15:57:49.670,0.99037,0.99068,1.12,1.50
2016.12.02 15:57:49.770,0.99035,0.99064,1.50,1.37
2016.12.02 15:57:50.072,0.99039,0.99063,1.00,1.00
2016.12.02 15:57:50.274,0.99034,0.99061,2.85,1.00
2016.12.02 15:57:50.780,0.99034,0.99061,1.72,1.00
2016.12.02 15:57:51.185,0.99034,0.9906,1.00,1.37
2016.12.02 15:57:51.487,0.99039,0.99059,1.00,1.50
2016.12.02 15:57:52.022,0.99038,0.99061,1.00,1.75
2016.12.02 15:57:52.575,0.99038,0.99061,1.00,1.50
2016.12.02 15:57:52.626,0.99038,0.99064,1.00,1.75
2016.12.02 15:57:52.745,0.99044,0.99065,1.00,1.50
2016.12.02 15:57:52.805,0.99044,0.99065,1.00,1.50
2016.12.02 15:57:52.906,0.99038,0.99064,1.00,1.37
2016.12.02 15:57:53.057,0.99043,0.99068,1.00,1.75
2016.12.02 15:57:53.108,0.99043,0.99069,1.12,1.50
2016.12.02 15:57:53.208,0.99043,0.99068,1.00,1.37
2016.12.02 15:57:53.360,0.99049,0.99069,1.00,1.50
2016.12.02 15:57:54.360,0.99044,0.99071,1.00,1.75
2016.12.02 15:57:54.512,0.99044,0.99072,1.87,1.37
2016.12.02 15:57:54.562,0.99048,0.99072,1.37,1.00
2016.12.02 15:57:54.663,0.99044,0.99071,1.50,1.00
2016.12.02 15:57:55.306,0.99044,0.99071,1.50,1.37
2016.12.02 15:57:55.457,0.9904,0.99067,2.25,1.00
2016.12.02 15:57:55.911,0.9904,0.99064,1.37,1.30
2016.12.02 15:57:55.962,0.99039,0.99063,1.12,1.00
2016.12.02 15:57:56.012,0.99039,0.99063,1.37,1.00
2016.12.02 15:57:56.063,0.99042,0.99068,1.00,1.60
2016.12.02 15:57:56.214,0.99037,0.99067,2.62,1.72
2016.12.02 15:57:56.265,0.99038,0.99067,1.50,2.10
2016.12.02 15:57:56.516,0.99039,0.99068,1.37,1.75
2016.12.02 15:57:56.713,0.99041,0.99067,1.00,1.00
2016.12.02 15:57:56.814,0.99038,0.99066,1.75,1.35
2016.12.02 15:57:56.965,0.99037,0.99067,1.75,1.35
2016.12.02 15:57:57.319,0.99039,0.99066,1.00,1.87
2016.12.02 15:57:57.671,0.99037,0.99061,1.67,1.00
2016.12.02 15:57:58.207,0.99036,0.99061,1.75,1.00
2016.12.02 15:57:58.478,0.99039,0.99066,1.37,1.37
2016.12.02 15:57:58.830,0.99039,0.99066,1.12,2.25
2016.12.02 15:57:59.241,0.99039,0.99066,1.37,1.37
2016.12.02 15:57:59.386,0.99038,0.99066,1.50,1.00
2016.12.02 15:57:59.538,0.99037,0.99068,1.75,1.37
2016.12.02 15:57:59.639,0.99039,0.99066,1.00,1.50
2016.12.02 15:57:59.740,0.99039,0.99066,1.00,1.50
2016.12.02 15:57:59.841,0.99038,0.99066,1.50,1.75
2016.12.02 15:57:59.942,0.99039,0.99067,1.50,1.37
2016.12.02 15:58:00.144,0.99038,0.99067,1.75,1.75
2016.12.02 15:58:00.466,0.99038,0.99067,1.75,1.50
2016.12.02 15:58:01.329,0.9904,0.99067,1.75,1.87
2016.12.02 15:58:01.581,0.99039,0.99063,1.00,1.00
2016.12.02 15:58:01.682,0.99035,0.99062,1.75,1.00
2016.12.02 15:58:01.732,0.99037,0.99062,1.37,1.00
2016.12.02 15:58:02.045,0.99035,0.99056,1.12,1.00
2016.12.02 15:58:02.548,0.99031,0.99057,1.75,1.12
2016.12.02 15:58:02.858,0.99028,0.99057,3.00,2.25
2016.12.02 15:58:03.434,0.99031,0.99056,1.37,1.00
2016.12.02 15:58:03.585,0.99034,0.99061,2.25,1.75
2016.12.02 15:58:03.636,0.99034,0.99061,2.25,1.50
2016.12.02 15:58:03.953,0.99034,0.99056,1.75,1.00
2016.12.02 15:58:04.480,0.99031,0.99056,1.75,1.00
2016.12.02 15:58:04.624,0.99031,0.99056,1.75,1.00
2016.12.02 15:58:04.818,0.99035,0.99061,2.10,1.12
2016.12.02 15:58:05.019,0.99035,0.99062,2.25,1.12
2016.12.02 15:58:05.684,0.99037,0.99061,1.75,1.00
2016.12.02 15:58:06.823,0.99037,0.99061,2.25,1.00
2016.12.02 15:58:07.361,0.99042,0.99062,1.00,1.00
2016.12.02 15:58:08.410,0.99035,0.99062,2.25,1.00
2016.12.02 15:58:08.917,0.99039,0.99067,1.50,1.75
2016.12.02 15:58:08.968,0.99039,0.99067,1.50,1.75
2016.12.02 15:58:09.019,0.99039,0.99067,1.75,1.50
2016.12.02 15:58:09.130,0.99039,0.99067,3.37,1.12
2016.12.02 15:58:09.585,0.9904,0.99067,1.75,1.00
2016.12.02 15:58:09.635,0.99042,0.99067,1.00,1.37
2016.12.02 15:58:09.786,0.99035,0.99062,2.85,1.12
2016.12.02 15:58:10.248,0.99034,0.99061,1.75,1.37
2016.12.02 15:58:10.299,0.99033,0.99062,2.85,1.75
2016.12.02 15:58:10.500,0.99034,0.99061,1.75,1.00
2016.12.02 15:58:11.046,0.99036,0.99061,2.10,1.00
2016.12.02 15:58:11.517,0.99038,0.99061,1.00,1.00
2016.12.02 15:58:12.353,0.99034,0.99061,1.75,1.37
2016.12.02 15:58:12.403,0.99034,0.99061,1.75,1.75
2016.12.02 15:58:12.504,0.99037,0.99061,1.00,1.50
2016.12.02 15:58:13.012,0.99035,0.99062,1.75,1.35
2016.12.02 15:58:13.560,0.99035,0.99061,1.75,1.00
2016.12.02 15:58:13.712,0.99036,0.99061,1.00,1.50
2016.12.02 15:58:15.057,0.99034,0.99061,1.37,2.25
2016.12.02 15:58:15.108,0.99034,0.99058,1.00,1.00
2016.12.02 15:58:15.411,0.99033,0.99056,1.00,1.00
2016.12.02 15:58:15.612,0.99029,0.99056,2.25,1.12
2016.12.02 15:58:15.663,0.99032,0.99056,1.37,1.00
2016.12.02 15:58:15.713,0.99035,0.9906,1.00,1.00
2016.12.02 15:58:15.764,0.99033,0.99062,2.25,1.75
2016.12.02 15:58:15.865,0.99036,0.99062,1.75,1.12
2016.12.02 15:58:16.383,0.99034,0.99062,1.75,1.50
2016.12.02 15:58:16.483,0.99033,0.99062,1.75,1.50
2016.12.02 15:58:16.534,0.99034,0.99061,1.75,1.75
2016.12.02 15:58:16.584,0.99034,0.99061,1.75,1.37
2016.12.02 15:58:16.635,0.99038,0.99062,1.00,1.50
2016.12.02 15:58:16.987,0.99033,0.99062,2.25,1.50
2016.12.02 15:58:17.038,0.99033,0.99062,2.25,2.10
2016.12.02 15:58:17.189,0.99029,0.9906,5.47,2.25
2016.12.02 15:58:17.239,0.99029,0.9906,3.60,2.25
2016.12.02 15:58:17.553,0.99027,0.99051,2.62,1.00
2016.12.02 15:58:17.603,0.99026,0.99051,2.25,1.00
2016.12.02 15:58:17.713,0.99028,0.99056,1.75,1.87
2016.12.02 15:58:17.814,0.99029,0.99056,1.35,1.75
2016.12.02 15:58:18.117,0.99028,0.99057,1.75,3.00
2016.12.02 15:58:18.523,0.99028,0.99057,1.75,2.25
2016.12.02 15:58:18.774,0.9903,0.99056,1.00,1.75
2016.12.02 15:58:19.115,0.99026,0.99055,1.75,2.25
2016.12.02 15:58:19.217,0.99026,0.99055,1.75,1.75
2016.12.02 15:58:19.418,0.9903,0.99055,1.00,1.60
2016.12.02 15:58:19.519,0.99032,0.99056,1.00,2.10
2016.12.02 15:58:19.737,0.99032,0.99056,1.00,1.50
2016.12.02 15:58:20.016,0.99029,0.99056,1.75,1.75
2016.12.02 15:58:20.362,0.99033,0.99051,1.30,1.00
2016.12.02 15:58:20.413,0.99033,0.99057,1.35,1.00
2016.12.02 15:58:20.515,0.99038,0.99056,1.00,1.00
2016.12.02 15:58:20.616,0.99036,0.99061,1.75,1.00
2016.12.02 15:58:20.918,0.99039,0.99066,1.75,1.72
2016.12.02 15:58:21.019,0.9904,0.99061,1.75,1.00
2016.12.02 15:58:21.120,0.99035,0.99061,2.25,1.00
2016.12.02 15:58:21.427,0.99037,0.99061,1.75,1.00
2016.12.02 15:58:21.530,0.99034,0.99061,3.00,1.12
2016.12.02 15:58:23.119,0.99036,0.99061,1.75,1.00
2016.12.02 15:58:23.952,0.99037,0.99062,1.35,1.00
2016.12.02 15:58:25.198,0.99033,0.99062,4.87,1.37
2016.12.02 15:58:25.249,0.99033,0.99062,3.00,1.50
2016.12.02 15:58:25.731,0.99033,0.99056,1.75,1.00
2016.12.02 15:58:25.931,0.99032,0.99056,2.10,1.00
2016.12.02 15:58:26.233,0.99034,0.99063,1.37,2.25
2016.12.02 15:58:26.551,0.99036,0.99065,1.50,1.75
2016.12.02 15:58:27.125,0.99033,0.99061,3.37,1.00
2016.12.02 15:58:27.349,0.99033,0.9906,1.12,1.75
2016.12.02 15:58:28.044,0.99033,0.9906,2.25,1.00
2016.12.02 15:58:28.145,0.99033,0.99061,1.75,1.75
2016.12.02 15:58:28.642,0.9903,0.99054,1.75,1.00
2016.12.02 15:58:28.743,0.99029,0.99053,1.12,1.75
2016.12.02 15:58:29.122,0.99029,0.99052,1.00,2.25
2016.12.02 15:58:29.353,0.99029,0.99053,1.12,1.50
2016.12.02 15:58:29.621,0.99029,0.99054,1.50,1.00
2016.12.02 15:58:30.154,0.99029,0.99057,1.50,1.75
2016.12.02 15:58:30.558,0.99024,0.9905,3.22,1.00
2016.12.02 15:58:30.609,0.99028,0.9905,1.00,1.00
2016.12.02 15:58:30.710,0.99024,0.99049,2.10,1.00
2016.12.02 15:58:30.932,0.99024,0.99051,2.25,1.37
2016.12.02 15:58:31.229,0.99011,0.9904,1.35,1.50
2016.12.02 15:58:31.380,0.99009,0.99032,1.75,1.00
2016.12.02 15:58:31.846,0.99009,0.99036,1.50,1.00
2016.12.02 15:58:31.946,0.99008,0.99026,1.35,1.00
2016.12.02 15:58:32.349,0.99007,0.99031,1.75,1.00
2016.12.02 15:58:33.161,0.99011,0.99038,1.67,1.37
2016.12.02 15:58:33.212,0.99014,0.99038,1.00,1.00
2016.12.02 15:58:33.363,0.99014,0.99044,1.50,2.10
2016.12.02 15:58:33.414,0.99014,0.99044,1.75,2.10
2016.12.02 15:58:33.957,0.99019,0.99045,1.00,2.25
2016.12.02 15:58:34.209,0.99019,0.99044,1.72,1.50
2016.12.02 15:58:34.800,0.99017,0.99045,1.75,1.72
2016.12.02 15:58:34.850,0.99016,0.99041,2.10,1.00
2016.12.02 15:58:34.910,0.99019,0.99041,1.00,1.00
2016.12.02 15:58:35.517,0.99013,0.99043,2.62,2.85
2016.12.02 15:58:35.568,0.99011,0.99042,2.62,1.50
2016.12.02 15:58:35.669,0.99015,0.99039,1.00,1.00
2016.12.02 15:58:35.769,0.99013,0.99037,1.00,1.00
2016.12.02 15:58:36.276,0.99013,0.99038,1.50,1.00
2016.12.02 15:58:36.579,0.99013,0.9904,2.85,1.50
2016.12.02 15:58:36.913,0.99017,0.99042,1.67,2.25
2016.12.02 15:58:37.215,0.99017,0.99041,1.30,1.75
2016.12.02 15:58:37.517,0.99014,0.99041,1.50,2.25
2016.12.02 15:58:37.568,0.9901,0.9904,1.35,1.75
2016.12.02 15:58:37.719,0.99012,0.99039,1.00,1.50
2016.12.02 15:58:38.020,0.99015,0.9904,1.30,1.50
2016.12.02 15:58:38.071,0.99015,0.9904,2.10,1.00
2016.12.02 15:58:38.177,0.99017,0.99046,1.12,4.87
2016.12.02 15:58:38.480,0.99021,0.99048,1.75,1.37
2016.12.02 15:58:39.199,0.99021,0.99046,1.75,1.00
2016.12.02 15:58:39.763,0.99024,0.99048,1.37,1.37
2016.12.02 15:58:40.363,0.99021,0.99046,1.75,1.00
2016.12.02 15:58:41.075,0.99022,0.99046,1.00,1.00
2016.12.02 15:58:41.743,0.99019,0.99045,1.75,1.75
2016.12.02 15:58:42.659,0.99019,0.99046,1.75,1.12
2016.12.02 15:58:42.760,0.99019,0.99046,1.75,1.75
2016.12.02 15:58:43.105,0.99024,0.99049,1.50,1.75
2016.12.02 15:58:44.378,0.99023,0.99047,1.35,1.00
2016.12.02 15:58:44.872,0.99023,0.99048,1.75,1.50
2016.12.02 15:58:45.197,0.99025,0.9905,1.00,1.00
2016.12.02 15:58:45.348,0.99023,0.99052,2.25,1.50
2016.12.02 15:58:45.399,0.99027,0.99052,1.00,1.00
2016.12.02 15:58:45.449,0.99024,0.99052,1.75,1.50
2016.12.02 15:58:45.785,0.99024,0.9905,1.75,1.00
2016.12.02 15:58:45.886,0.99024,0.9905,1.75,1.00
2016.12.02 15:58:46.454,0.99024,0.99049,1.75,1.00
2016.12.02 15:58:46.958,0.99024,0.99048,1.75,1.00
2016.12.02 15:58:47.495,0.99024,0.99049,1.75,1.12
2016.12.02 15:58:48.057,0.99024,0.99049,1.50,1.50
2016.12.02 15:58:48.663,0.99024,0.99048,1.50,1.00
2016.12.02 15:58:49.198,0.99024,0.99046,1.00,1.00
2016.12.02 15:58:49.551,0.99022,0.99047,2.10,1.12
2016.12.02 15:58:49.651,0.99024,0.99047,1.00,1.12
2016.12.02 15:58:49.987,0.99023,0.99047,1.75,1.00
2016.12.02 15:58:50.490,0.99029,0.99047,1.00,1.00
2016.12.02 15:58:50.591,0.99022,0.99047,2.10,1.00
2016.12.02 15:58:50.793,0.99022,0.99047,1.35,1.12
2016.12.02 15:58:51.046,0.9902,0.99043,1.35,1.00
2016.12.02 15:58:51.097,0.99016,0.99043,2.62,1.00
2016.12.02 15:58:51.198,0.99018,0.99043,1.00,1.50
2016.12.02 15:58:51.249,0.99018,0.99038,1.35,1.00
2016.12.02 15:58:51.501,0.9902,0.99045,1.60,1.00
2016.12.02 15:58:51.601,0.99021,0.99048,1.35,1.37
2016.12.02 15:58:51.960,0.99019,0.99047,1.97,1.75
2016.12.02 15:58:53.132,0.99018,0.99042,1.35,1.00
2016.12.02 15:58:53.635,0.99014,0.99043,4.12,1.72
2016.12.02 15:58:53.686,0.99014,0.99042,1.75,1.72
2016.12.02 15:58:53.898,0.99014,0.99041,1.50,2.85
2016.12.02 15:58:54.588,0.99014,0.99041,1.75,1.50
2016.12.02 15:58:54.689,0.99014,0.99041,1.75,1.87
2016.12.02 15:58:55.137,0.99013,0.99036,2.10,1.00
2016.12.02 15:58:55.337,0.99014,0.99041,1.75,1.87
2016.12.02 15:58:55.589,0.99016,0.99041,1.75,1.50
2016.12.02 15:58:55.690,0.99014,0.99041,3.00,1.12
2016.12.02 15:58:55.791,0.99013,0.99042,4.12,1.87
2016.12.02 15:58:55.993,0.99013,0.99042,3.60,2.85
2016.12.02 15:58:56.682,0.99015,0.99039,1.00,1.00
2016.12.02 15:58:56.783,0.99013,0.99039,1.50,1.75
2016.12.02 15:58:56.883,0.9901,0.99035,1.00,1.00
2016.12.02 15:58:56.984,0.99009,0.99039,2.25,1.75
2016.12.02 15:58:58.198,0.99012,0.99039,1.35,1.12
2016.12.02 15:58:58.299,0.99013,0.99044,1.75,1.75
2016.12.02 15:58:58.601,0.9901,0.9904,1.75,1.75
2016.12.02 15:58:59.001,0.99015,0.9904,1.35,1.00
2016.12.02 15:58:59.216,0.99014,0.99038,1.00,1.00
2016.12.02 15:58:59.519,0.99019,0.9904,1.00,1.75
2016.12.02 15:58:59.569,0.99014,0.9904,1.30,1.75
2016.12.02 15:58:59.720,0.99014,0.99039,1.35,1.75
2016.12.02 15:59:00.023,0.99021,0.99047,1.75,1.00
2016.12.02 15:59:00.422,0.99019,0.99046,1.50,1.75
2016.12.02 15:59:00.924,0.99021,0.99044,1.00,1.00
2016.12.02 15:59:01.081,0.99021,0.99046,1.00,1.50
2016.12.02 15:59:01.558,0.99022,0.99041,1.00,1.00
2016.12.02 15:59:01.860,0.99022,0.99046,1.00,1.50
2016.12.02 15:59:02.011,0.9902,0.99051,2.25,1.75
2016.12.02 15:59:02.112,0.9902,0.9905,1.75,1.75
2016.12.02 15:59:02.214,0.99025,0.99052,1.12,1.75
2016.12.02 15:59:02.516,0.99028,0.99053,1.00,1.00
2016.12.02 15:59:02.861,0.99028,0.99058,1.75,1.75
2016.12.02 15:59:03.166,0.99033,0.99062,1.75,2.85
2016.12.02 15:59:03.418,0.99033,0.99062,2.25,2.25
2016.12.02 15:59:03.619,0.99035,0.99062,1.75,1.12
2016.12.02 15:59:03.997,0.99039,0.99058,1.00,1.00
2016.12.02 15:59:04.048,0.99031,0.99058,2.62,1.00
2016.12.02 15:59:04.149,0.99035,0.99057,1.00,1.00
2016.12.02 15:59:04.652,0.99029,0.99057,1.75,1.37
2016.12.02 15:59:05.200,0.99038,0.99061,1.00,1.50
2016.12.02 15:59:05.251,0.99034,0.99061,1.50,1.50
2016.12.02 15:59:05.302,0.99034,0.99062,1.12,1.75
2016.12.02 15:59:05.402,0.99034,0.99059,1.37,1.00
2016.12.02 15:59:05.857,0.99039,0.99063,1.00,1.75
2016.12.02 15:59:06.159,0.99033,0.99064,2.25,1.75
2016.12.02 15:59:06.416,0.99038,0.99064,1.37,1.75
2016.12.02 15:59:06.774,0.99039,0.99059,1.00,1.00
2016.12.02 15:59:06.824,0.99029,0.99059,3.00,1.75
2016.12.02 15:59:07.220,0.99029,0.99057,1.75,1.75
2016.12.02 15:59:07.755,0.99029,0.9906,2.25,1.75
2016.12.02 15:59:07.856,0.99033,0.99057,1.00,1.00
2016.12.02 15:59:08.262,0.99033,0.99052,1.00,1.00
2016.12.02 15:59:08.363,0.99028,0.99056,1.75,1.87
2016.12.02 15:59:08.615,0.99025,0.99055,2.25,1.37
2016.12.02 15:59:08.867,0.99026,0.99052,1.67,1.75
2016.12.02 15:59:09.049,0.99033,0.9906,1.50,2.62
2016.12.02 15:59:09.150,0.99035,0.99063,1.50,2.10
2016.12.02 15:59:09.251,0.99033,0.99063,3.97,1.37
2016.12.02 15:59:09.573,0.99034,0.99061,1.75,1.75
2016.12.02 15:59:10.226,0.99033,0.99057,1.35,1.00
2016.12.02 15:59:10.558,0.9903,0.9906,3.37,1.50
2016.12.02 15:59:10.659,0.99033,0.99058,1.00,1.00
2016.12.02 15:59:11.171,0.99033,0.99057,1.00,1.50
2016.12.02 15:59:11.753,0.99028,0.99057,1.75,2.25
2016.12.02 15:59:12.143,0.99034,0.99057,1.00,1.00
2016.12.02 15:59:12.243,0.99032,0.99057,1.00,2.25
2016.12.02 15:59:13.357,0.99032,0.99051,1.00,1.00
2016.12.02 15:59:13.617,0.99032,0.99057,1.00,1.50
2016.12.02 15:59:13.769,0.99034,0.99057,1.00,1.00
2016.12.02 15:59:14.071,0.99037,0.99061,1.00,1.50
2016.12.02 15:59:14.122,0.99037,0.99059,1.00,1.00
2016.12.02 15:59:14.374,0.9903,0.99053,1.00,1.00
2016.12.02 15:59:14.548,0.99029,0.99055,1.75,1.12
2016.12.02 15:59:15.049,0.99033,0.99056,1.00,1.37
2016.12.02 15:59:15.251,0.99033,0.99059,1.75,1.50
2016.12.02 15:59:15.453,0.99028,0.99057,2.25,2.25
2016.12.02 15:59:15.847,0.99034,0.99061,1.50,2.25
2016.12.02 15:59:16.464,0.99034,0.99062,1.75,2.25
2016.12.02 15:59:17.048,0.99038,0.99062,1.00,1.75
2016.12.02 15:59:17.556,0.99035,0.99062,1.75,2.25
2016.12.02 15:59:18.776,0.99038,0.99063,1.00,1.75
2016.12.02 15:59:19.241,0.99037,0.99061,1.37,1.12
2016.12.02 15:59:19.392,0.99035,0.99064,3.37,1.12
2016.12.02 15:59:19.442,0.99035,0.99064,1.75,1.37
2016.12.02 15:59:19.493,0.99037,0.99062,1.00,1.50
2016.12.02 15:59:19.543,0.99034,0.99062,3.60,1.12
2016.12.02 15:59:20.067,0.9904,0.99062,1.00,1.00
2016.12.02 15:59:20.117,0.9904,0.99065,1.00,1.50
2016.12.02 15:59:20.168,0.99037,0.99065,2.25,1.75
2016.12.02 15:59:20.470,0.99044,0.99067,1.00,1.75
2016.12.02 15:59:21.214,0.99039,0.99067,2.25,1.37
2016.12.02 15:59:21.469,0.99044,0.99069,1.75,1.00
2016.12.02 15:59:21.961,0.99044,0.9907,1.12,1.75
2016.12.02 15:59:22.258,0.99044,0.99071,1.75,2.25
2016.12.02 15:59:22.561,0.99044,0.99071,3.00,1.00
2016.12.02 15:59:23.107,0.99045,0.99073,1.75,1.37
2016.12.02 15:59:23.794,0.99046,0.99071,1.75,1.00
2016.12.02 15:59:24.098,0.99046,0.99071,1.00,1.50
2016.12.02 15:59:24.249,0.99044,0.99071,1.75,1.50
2016.12.02 15:59:24.400,0.99045,0.99068,1.00,1.00
2016.12.02 15:59:24.671,0.99041,0.99068,1.75,1.75
2016.12.02 15:59:24.973,0.99039,0.99064,2.62,1.00
2016.12.02 15:59:25.074,0.99039,0.99063,1.00,1.00
2016.12.02 15:59:25.301,0.99038,0.99061,1.00,1.00
2016.12.02 15:59:25.498,0.99034,0.9906,1.00,2.25
2016.12.02 15:59:25.548,0.99034,0.99059,1.00,1.50
2016.12.02 15:59:25.800,0.99034,0.99059,1.12,1.75
2016.12.02 15:59:26.251,0.99033,0.99057,1.12,1.37
2016.12.02 15:59:26.661,0.99038,0.99058,1.00,1.75
2016.12.02 15:59:27.178,0.99038,0.99062,1.00,2.25
2016.12.02 15:59:27.764,0.99034,0.99061,1.50,1.75
2016.12.02 15:59:28.766,0.99038,0.99062,1.00,1.75
2016.12.02 15:59:29.294,0.99038,0.9906,1.00,2.25
2016.12.02 15:59:29.596,0.99034,0.99061,1.00,1.75
2016.12.02 15:59:29.697,0.99034,0.99061,1.75,1.75
2016.12.02 15:59:30.125,0.99034,0.99058,1.00,1.00
2016.12.02 15:59:30.280,0.99034,0.9906,1.00,2.25
2016.12.02 15:59:30.873,0.9903,0.99058,1.50,1.35
2016.12.02 15:59:30.974,0.99034,0.99058,1.00,2.10
2016.12.02 15:59:31.410,0.99034,0.99057,1.00,1.00
2016.12.02 15:59:31.830,0.99031,0.99055,1.00,1.00
2016.12.02 15:59:31.981,0.99028,0.99054,1.50,1.37
2016.12.02 15:59:32.031,0.99028,0.99052,1.12,1.75
2016.12.02 15:59:32.182,0.99023,0.99052,3.00,2.25
2016.12.02 15:59:32.340,0.99028,0.99052,1.00,1.75
2016.12.02 15:59:32.391,0.99024,0.99054,1.35,2.25
2016.12.02 15:59:32.492,0.99029,0.99054,1.50,1.12
2016.12.02 15:59:32.837,0.99028,0.99055,3.37,1.00
2016.12.02 15:59:32.887,0.99028,0.99055,1.75,1.50
2016.12.02 15:59:32.988,0.99028,0.99052,1.00,1.00
2016.12.02 15:59:33.290,0.99028,0.99051,1.00,1.75
2016.12.02 15:59:33.391,0.99023,0.99052,2.10,1.75
2016.12.02 15:59:33.492,0.99023,0.99048,2.10,1.00
2016.12.02 15:59:33.593,0.99024,0.99051,2.25,1.87
2016.12.02 15:59:33.920,0.99036,0.99057,1.00,1.75
2016.12.02 15:59:33.971,0.99036,0.99058,1.00,1.75
2016.12.02 15:59:34.072,0.99037,0.99061,1.87,2.25
2016.12.02 15:59:34.122,0.99037,0.99066,1.75,2.25
2016.12.02 15:59:34.510,0.99039,0.99067,3.00,1.50
2016.12.02 15:59:34.852,0.99039,0.99064,1.12,1.75
2016.12.02 15:59:35.155,0.99036,0.99062,1.37,1.50
2016.12.02 15:59:35.890,0.99038,0.99064,1.00,1.75
2016.12.02 15:59:36.142,0.99038,0.99067,2.47,2.25
2016.12.02 15:59:36.243,0.99041,0.99065,1.00,1.00
2016.12.02 15:59:36.293,0.99036,0.99066,2.25,2.25
2016.12.02 15:59:36.778,0.99038,0.99065,1.00,1.75
2016.12.02 15:59:37.205,0.99037,0.99065,1.50,1.75
2016.12.02 15:59:37.416,0.99037,0.99066,2.25,1.50
2016.12.02 15:59:39.186,0.9904,0.99066,1.75,1.12
2016.12.02 15:59:39.236,0.9904,0.9907,1.75,1.50
2016.12.02 15:59:39.488,0.99043,0.99072,1.50,1.75
2016.12.02 15:59:40.121,0.99046,0.99071,1.00,1.00
2016.12.02 15:59:44.247,0.99048,0.99071,1.00,1.00
2016.12.02 15:59:44.871,0.99047,0.99071,1.00,1.50
2016.12.02 15:59:45.820,0.99047,0.99067,1.00,1.00
2016.12.02 15:59:47.228,0.99047,0.99066,1.00,1.00
2016.12.02 15:59:47.328,0.99042,0.99066,1.67,1.12
2016.12.02 15:59:47.530,0.99042,0.99066,2.85,1.00
2016.12.02 15:59:48.014,0.99045,0.99066,1.97,1.00
2016.12.02 15:59:48.446,0.99049,0.99073,1.00,1.50
2016.12.02 15:59:48.932,0.99046,0.99073,1.30,2.25
2016.12.02 15:59:49.544,0.99046,0.99073,1.35,1.75
2016.12.02 15:59:50.077,0.99044,0.99072,1.75,2.10
2016.12.02 15:59:50.128,0.99045,0.9907,1.00,1.00
2016.12.02 15:59:50.229,0.99043,0.99066,1.12,1.12
2016.12.02 15:59:50.844,0.99039,0.99066,2.10,1.50
2016.12.02 15:59:53.755,0.99039,0.99066,2.25,1.72
2016.12.02 15:59:53.856,0.99039,0.99065,1.50,1.75
2016.12.02 15:59:54.057,0.99041,0.99065,1.00,1.00
2016.12.02 15:59:54.362,0.9904,0.99069,1.75,1.50
2016.12.02 15:59:54.664,0.99048,0.99073,1.00,1.75
2016.12.02 15:59:54.765,0.99049,0.99074,1.75,1.00
2016.12.02 15:59:55.336,0.99048,0.99072,1.75,1.00
2016.12.02 15:59:55.860,0.99048,0.99072,1.75,1.60
2016.12.02 15:59:55.961,0.99049,0.99072,1.00,2.10
2016.12.02 15:59:56.163,0.99047,0.99071,1.00,1.60
2016.12.02 15:59:56.364,0.99044,0.99071,1.50,2.10
2016.12.02 15:59:56.968,0.99041,0.99066,1.75,1.00
2016.12.02 15:59:57.656,0.99039,0.99066,1.75,2.10
2016.12.02 15:59:57.759,0.99039,0.99066,1.37,2.10
2016.12.02 15:59:58.552,0.99039,0.99066,1.75,2.85
2016.12.02 15:59:58.784,0.99039,0.99066,1.12,2.85
2016.12.02 15:59:58.985,0.99039,0.99066,1.75,1.50
