2012.11.12 03:00:00.500,1.04067,1.04093,2.48,1.50
2012.11.12 03:00:00.886,1.04067,1.04093,2.48,1.73
2012.11.12 03:00:03.660,1.04067,1.04093,1.73,2.48
2012.11.12 03:00:03.965,1.04067,1.04093,1.50,2.48
2012.11.12 03:00:06.725,1.04064,1.0409,3.75,1.73
2012.11.12 03:00:20.346,1.04064,1.0409,2.25,1.73
2012.11.12 03:00:20.526,1.04072,1.04098,1.73,1.73
2012.11.12 03:00:21.435,1.04068,1.04097,1.73,2.70
2012.11.12 03:00:21.496,1.04068,1.04097,1.50,2.70
2012.11.12 03:00:22.456,1.04068,1.04094,1.50,2.48
2012.11.12 03:00:22.524,1.04062,1.04091,2.48,1.50
2012.11.12 03:00:22.655,1.04062,1.04091,2.48,1.50
2012.11.12 03:00:22.945,1.04067,1.04095,2.48,2.48
2012.11.12 03:00:26.946,1.04067,1.04095,1.73,2.48
2012.11.12 03:00:27.007,1.04067,1.04095,1.50,2.48
2012.11.12 03:00:27.392,1.04067,1.04095,2.48,2.48
2012.11.12 03:00:34.217,1.04067,1.04095,1.73,2.48
2012.11.12 03:00:34.276,1.04067,1.04095,1.50,2.48
2012.11.12 03:00:34.456,1.04067,1.04095,2.48,1.73
2012.11.12 03:00:41.127,1.04067,1.04095,2.48,2.48
2012.11.12 03:00:41.696,1.04067,1.04095,1.73,2.48
2012.11.12 03:00:41.759,1.04067,1.04095,1.50,2.48
2012.11.12 03:00:42.116,1.04067,1.04095,2.48,2.48
2012.11.12 03:00:43.318,1.04069,1.04095,1.50,2.48
2012.11.12 03:00:48.626,1.04069,1.04095,2.25,1.73
2012.11.12 03:00:48.807,1.04074,1.04098,1.50,1.50
2012.11.12 03:00:49.326,1.04074,1.041,1.50,2.48
2012.11.12 03:00:49.746,1.04074,1.041,1.50,2.48
2012.11.12 03:00:50.267,1.04074,1.041,1.50,2.48
2012.11.12 03:01:02.216,1.04074,1.04098,1.50,1.73
2012.11.12 03:01:02.516,1.04074,1.041,1.50,2.48
2012.11.12 03:01:17.217,1.04074,1.04098,1.50,1.13
2012.11.12 03:01:17.277,1.04074,1.04097,1.50,1.13
2012.11.12 03:01:17.576,1.04074,1.041,1.50,2.48
2012.11.12 03:01:22.936,1.04074,1.041,1.50,2.48
2012.11.12 03:01:23.056,1.04074,1.041,1.50,2.48
2012.11.12 03:01:23.306,1.04074,1.041,1.50,2.48
2012.11.12 03:01:38.626,1.04074,1.041,1.50,2.48
2012.11.12 03:01:38.927,1.04074,1.041,1.50,2.48
2012.11.12 03:01:39.286,1.0407,1.04094,1.50,1.73
2012.11.12 03:01:39.506,1.0407,1.04095,1.50,2.48
2012.11.12 03:01:39.688,1.04073,1.04098,1.50,2.78
2012.11.12 03:01:39.746,1.04073,1.04098,1.50,2.03
2012.11.12 03:01:39.946,1.04073,1.04098,1.50,2.03
2012.11.12 03:01:50.254,1.04073,1.04101,1.50,2.48
2012.11.12 03:01:58.031,1.04071,1.04096,2.48,1.50
2012.11.12 03:01:58.096,1.04071,1.04096,2.25,1.73
2012.11.12 03:01:58.986,1.04069,1.04096,2.25,1.73
2012.11.12 03:01:59.116,1.04074,1.041,1.50,2.48
2012.11.12 03:02:14.432,1.04074,1.041,1.73,2.48
2012.11.12 03:02:31.098,1.04072,1.041,2.48,1.73
2012.11.12 03:02:31.458,1.04072,1.041,2.48,1.50
2012.11.12 03:02:32.028,1.04072,1.041,2.48,1.73
2012.11.12 03:02:32.977,1.04072,1.041,2.48,1.73
2012.11.12 03:02:33.314,1.04072,1.041,2.48,1.50
2012.11.12 03:02:34.236,1.04072,1.041,2.48,1.73
2012.11.12 03:02:38.288,1.04072,1.041,2.48,1.50
2012.11.12 03:02:39.526,1.04077,1.04103,2.48,1.50
2012.11.12 03:03:03.247,1.04081,1.04103,2.48,1.50
2012.11.12 03:03:03.306,1.04083,1.04109,2.48,1.73
2012.11.12 03:03:13.929,1.04083,1.04109,2.48,1.73
2012.11.12 03:03:14.047,1.04085,1.04109,2.48,1.50
2012.11.12 03:03:14.107,1.04088,1.04114,1.73,2.51
2012.11.12 03:03:23.556,1.04088,1.04114,1.73,2.51
2012.11.12 03:03:24.077,1.04088,1.04114,1.73,2.51
2012.11.12 03:03:30.906,1.04088,1.04114,2.48,2.66
2012.11.12 03:03:40.216,1.04088,1.04114,2.48,1.16
2012.11.12 03:04:09.596,1.04088,1.04114,2.48,1.76
2012.11.12 03:04:12.668,1.04088,1.04114,1.73,1.76
2012.11.12 03:04:14.516,1.04088,1.04114,1.73,1.76
2012.11.12 03:04:21.874,1.04088,1.04114,1.73,1.76
2012.11.12 03:04:25.148,1.04088,1.04114,1.73,1.76
2012.11.12 03:04:25.707,1.04088,1.04114,1.73,1.76
2012.11.12 03:04:37.681,1.04088,1.04115,1.73,2.51
2012.11.12 03:04:38.637,1.04083,1.04111,3.23,1.76
2012.11.12 03:04:38.697,1.04083,1.04111,3.23,1.53
2012.11.12 03:04:40.147,1.04083,1.0411,2.48,1.50
2012.11.12 03:04:40.741,1.04083,1.04111,2.48,1.50
2012.11.12 03:04:41.128,1.04083,1.04111,1.73,2.25
2012.11.12 03:04:41.543,1.04083,1.04111,1.50,2.48
2012.11.12 03:04:42.547,1.04083,1.04111,2.48,1.73
2012.11.12 03:04:59.135,1.04082,1.04107,2.48,1.50
2012.11.12 03:05:02.736,1.04079,1.04107,2.48,1.73
2012.11.12 03:05:03.436,1.04079,1.04107,2.48,1.73
2012.11.12 03:05:04.012,1.04079,1.04107,2.48,1.50
2012.11.12 03:05:31.347,1.04085,1.0411,2.48,1.73
2012.11.12 03:05:31.868,1.04085,1.0411,2.48,1.50
2012.11.12 03:05:32.816,1.04085,1.0411,2.25,1.73
2012.11.12 03:05:33.437,1.04085,1.0411,2.25,1.73
2012.11.12 03:05:51.247,1.04088,1.04113,2.48,1.53
2012.11.12 03:05:51.726,1.04086,1.0411,1.50,1.73
2012.11.12 03:05:52.386,1.04084,1.0411,2.48,1.73
2012.11.12 03:05:54.977,1.04084,1.0411,1.73,1.73
2012.11.12 03:05:55.216,1.04082,1.04105,1.73,1.50
2012.11.12 03:05:55.277,1.04077,1.04105,2.48,1.73
2012.11.12 03:05:58.856,1.04077,1.04105,2.48,1.73
2012.11.12 03:05:59.161,1.04077,1.04105,2.48,1.73
2012.11.12 03:05:59.358,1.04082,1.04106,2.48,1.50
2012.11.12 03:05:59.416,1.04082,1.0411,2.48,1.73
2012.11.12 03:06:11.846,1.04082,1.0411,1.73,2.63
2012.11.12 03:06:12.087,1.04081,1.04105,1.50,1.73
2012.11.12 03:06:12.147,1.04077,1.04105,2.48,1.73
2012.11.12 03:06:40.977,1.04077,1.04105,2.48,1.73
2012.11.12 03:06:57.737,1.04078,1.04106,2.48,1.73
2012.11.12 03:06:58.307,1.04078,1.04106,2.48,1.50
2012.11.12 03:07:00.477,1.04083,1.04111,2.48,1.76
2012.11.12 03:07:21.296,1.04082,1.04108,2.48,1.50
2012.11.12 03:07:35.267,1.04085,1.04108,2.63,1.50
2012.11.12 03:07:35.326,1.04087,1.04113,1.88,2.28
2012.11.12 03:07:35.838,1.04087,1.04113,1.88,2.28
2012.11.12 03:07:36.396,1.04087,1.04113,2.63,1.53
2012.11.12 03:07:36.456,1.04087,1.04113,2.63,1.53
2012.11.12 03:07:38.718,1.04092,1.04118,1.73,2.28
2012.11.12 03:07:38.779,1.04092,1.04117,1.50,1.01
2012.11.12 03:07:39.317,1.04092,1.04118,2.48,1.53
2012.11.12 03:07:55.037,1.04086,1.04114,2.48,1.76
2012.11.12 03:07:55.987,1.04086,1.04114,3.08,1.76
2012.11.12 03:07:56.906,1.04086,1.04114,3.08,1.76
2012.11.12 03:07:57.576,1.04086,1.04114,2.48,1.76
2012.11.12 03:07:58.266,1.04088,1.04114,1.13,1.76
2012.11.12 03:07:58.936,1.04087,1.04114,1.13,1.76
2012.11.12 03:07:59.528,1.04087,1.04114,1.13,1.76
2012.11.12 03:08:00.068,1.04086,1.04114,2.63,1.76
2012.11.12 03:08:01.027,1.04086,1.04114,2.48,1.76
2012.11.12 03:08:03.706,1.04086,1.04114,2.48,1.76
2012.11.12 03:08:09.913,1.04086,1.04114,2.48,1.76
2012.11.12 03:08:11.007,1.04086,1.04114,2.48,1.76
2012.11.12 03:08:21.405,1.0409,1.04114,1.73,1.01
2012.11.12 03:08:22.958,1.0409,1.04116,1.73,1.76
2012.11.12 03:08:23.352,1.0409,1.04116,2.48,1.53
2012.11.12 03:08:24.157,1.0409,1.04116,2.48,1.53
2012.11.12 03:08:31.006,1.0409,1.04116,2.48,1.53
2012.11.12 03:08:31.571,1.0409,1.04116,2.48,1.53
2012.11.12 03:08:35.416,1.0409,1.04116,2.48,1.53
2012.11.12 03:08:35.536,1.04088,1.04116,1.73,1.76
2012.11.12 03:08:36.143,1.04088,1.04116,1.73,1.76
2012.11.12 03:08:45.133,1.04088,1.04116,2.48,1.76
2012.11.12 03:08:45.317,1.04088,1.04116,2.48,1.53
2012.11.12 03:08:50.996,1.04088,1.04116,2.48,1.53
2012.11.12 03:08:51.596,1.04088,1.04116,2.48,1.53
2012.11.12 03:09:01.007,1.04088,1.04116,2.48,1.53
2012.11.12 03:09:01.606,1.04088,1.04116,2.48,1.53
2012.11.12 03:09:11.027,1.04088,1.04116,2.48,1.53
2012.11.12 03:09:11.098,1.04088,1.04116,2.48,1.53
2012.11.12 03:09:17.337,1.04095,1.0412,1.13,1.53
2012.11.12 03:09:18.247,1.04102,1.04126,2.40,1.73
2012.11.12 03:09:18.308,1.04103,1.04128,1.13,2.40
2012.11.12 03:09:19.318,1.04103,1.04128,1.13,1.50
2012.11.12 03:09:20.485,1.04103,1.04128,1.13,1.50
2012.11.12 03:09:26.006,1.04102,1.04128,1.73,1.50
2012.11.12 03:09:29.517,1.04102,1.04128,1.50,1.88
2012.11.12 03:09:34.231,1.04102,1.04122,1.50,1.05
2012.11.12 03:09:34.537,1.04092,1.04118,2.78,1.73
2012.11.12 03:09:34.657,1.04092,1.04118,3.00,1.50
2012.11.12 03:09:34.893,1.04098,1.04123,1.73,1.65
2012.11.12 03:09:34.957,1.04098,1.04123,1.50,1.88
2012.11.12 03:09:35.017,1.04098,1.04123,1.73,1.50
2012.11.12 03:09:36.307,1.04098,1.04123,2.48,1.50
2012.11.12 03:09:44.867,1.04098,1.04123,2.48,1.50
2012.11.12 03:09:45.047,1.04101,1.04129,2.48,1.73
2012.11.12 03:09:52.688,1.04101,1.04129,2.48,2.25
2012.11.12 03:09:55.477,1.04101,1.04129,1.73,2.25
2012.11.12 03:09:55.831,1.04101,1.04129,1.50,2.48
2012.11.12 03:09:55.957,1.04099,1.04122,2.48,1.50
2012.11.12 03:10:16.287,1.04097,1.04125,2.48,1.73
2012.11.12 03:10:28.997,1.04097,1.04125,2.48,1.73
2012.11.12 03:10:32.547,1.04097,1.04125,2.48,1.73
2012.11.12 03:10:51.208,1.04097,1.04125,2.48,1.73
2012.11.12 03:11:01.276,1.04099,1.04125,2.48,1.73
2012.11.12 03:11:07.426,1.04099,1.04125,2.48,1.73
2012.11.12 03:11:08.878,1.04099,1.04125,2.48,1.73
2012.11.12 03:11:09.067,1.04108,1.04134,1.50,3.98
2012.11.12 03:11:19.612,1.04108,1.04134,1.50,3.98
2012.11.12 03:11:19.917,1.04105,1.04129,1.50,2.25
2012.11.12 03:11:20.508,1.04104,1.04129,1.50,2.25
2012.11.12 03:11:36.148,1.04096,1.04124,1.73,2.25
2012.11.12 03:11:36.697,1.04096,1.04124,1.50,2.48
2012.11.12 03:11:37.468,1.04092,1.04117,1.73,1.50
2012.11.12 03:11:40.556,1.04092,1.04117,1.73,2.25
2012.11.12 03:11:41.138,1.04092,1.04117,1.50,2.48
2012.11.12 03:11:44.217,1.04092,1.04117,1.73,1.50
2012.11.12 03:11:44.634,1.04092,1.04117,1.50,2.48
2012.11.12 03:11:46.058,1.04092,1.04117,1.50,2.48
2012.11.12 03:11:47.551,1.04087,1.04113,1.73,2.25
2012.11.12 03:11:47.807,1.04087,1.04113,1.73,1.50
2012.11.12 03:11:50.667,1.04093,1.04119,1.50,2.48
2012.11.12 03:12:09.867,1.04093,1.04119,1.50,2.48
2012.11.12 03:12:09.987,1.04087,1.04113,1.73,2.25
2012.11.12 03:12:10.047,1.04087,1.04113,1.50,2.48
2012.11.12 03:12:30.357,1.04085,1.04113,1.50,2.48
2012.11.12 03:12:47.847,1.04085,1.04113,2.25,1.73
2012.11.12 03:12:48.028,1.04091,1.04117,1.73,1.50
2012.11.12 03:12:48.147,1.04091,1.04117,1.73,2.25
2012.11.12 03:12:48.207,1.04091,1.04117,1.50,2.48
2012.11.12 03:12:49.427,1.04091,1.04117,1.73,1.50
2012.11.12 03:12:57.067,1.04091,1.04117,1.73,2.25
2012.11.12 03:12:57.247,1.04091,1.04117,1.50,2.48
2012.11.12 03:12:57.307,1.04084,1.04112,2.25,2.48
2012.11.12 03:12:57.488,1.04084,1.04112,2.70,1.73
2012.11.12 03:12:57.726,1.04089,1.04117,1.73,2.48
2012.11.12 03:13:09.857,1.04089,1.04117,2.48,1.73
2012.11.12 03:13:10.088,1.04093,1.04119,1.73,2.25
2012.11.12 03:13:10.427,1.04093,1.04122,2.48,2.48
2012.11.12 03:13:12.917,1.04093,1.04122,2.48,1.73
2012.11.12 03:13:12.977,1.04099,1.04125,1.50,2.48
2012.11.12 03:13:13.158,1.04099,1.04125,2.48,1.50
2012.11.12 03:13:13.288,1.04099,1.04125,1.73,1.73
2012.11.12 03:13:13.348,1.04099,1.04125,2.48,1.73
2012.11.12 03:13:13.707,1.04104,1.04132,2.48,1.95
2012.11.12 03:13:14.148,1.04104,1.04132,2.48,1.50
2012.11.12 03:13:15.067,1.04104,1.04132,2.25,1.73
2012.11.12 03:13:15.187,1.04104,1.04132,2.48,1.50
2012.11.12 03:13:19.280,1.04104,1.04132,1.73,2.25
2012.11.12 03:13:19.577,1.04104,1.04132,1.50,2.48
2012.11.12 03:13:21.046,1.04104,1.04132,1.50,2.48
2012.11.12 03:13:33.627,1.04102,1.04129,1.73,2.25
2012.11.12 03:13:34.128,1.04101,1.04129,1.73,2.25
2012.11.12 03:13:34.187,1.04101,1.04129,1.50,2.48
2012.11.12 03:13:36.413,1.04101,1.04129,1.73,2.48
2012.11.12 03:13:38.677,1.04101,1.04129,1.73,2.48
2012.11.12 03:13:38.737,1.04101,1.04129,1.50,2.48
2012.11.12 03:13:45.567,1.04101,1.04129,2.48,2.25
2012.11.12 03:13:51.107,1.04101,1.04129,1.73,2.25
2012.11.12 03:13:51.294,1.04101,1.04129,1.50,2.48
2012.11.12 03:13:53.833,1.04099,1.04125,1.73,2.48
2012.11.12 03:14:04.718,1.04097,1.04125,2.48,1.50
2012.11.12 03:14:07.528,1.04097,1.04125,2.48,2.25
2012.11.12 03:14:07.587,1.04097,1.04125,2.48,2.48
2012.11.12 03:14:13.432,1.04102,1.0413,1.50,2.48
2012.11.12 03:14:14.619,1.04102,1.0413,1.50,2.48
2012.11.12 03:14:14.927,1.04107,1.04134,1.50,3.98
2012.11.12 03:14:15.347,1.04101,1.04128,1.73,1.50
2012.11.12 03:14:31.559,1.04101,1.04128,1.73,2.25
2012.11.12 03:14:31.677,1.04094,1.0412,1.80,1.73
2012.11.12 03:14:31.798,1.04094,1.0412,1.50,1.73
2012.11.12 03:14:31.917,1.04094,1.0412,2.25,1.73
2012.11.12 03:14:32.158,1.04098,1.04125,2.48,1.50
2012.11.12 03:14:47.458,1.04102,1.04126,1.73,1.50
2012.11.12 03:14:47.607,1.04102,1.0413,1.73,2.48
2012.11.12 03:14:47.667,1.04102,1.0413,2.48,1.73
2012.11.12 03:14:47.727,1.04102,1.0413,2.48,1.50
2012.11.12 03:14:47.907,1.04108,1.04132,1.73,1.50
2012.11.12 03:14:48.427,1.04108,1.04134,1.73,2.48
2012.11.12 03:14:50.627,1.04108,1.04134,1.73,2.48
2012.11.12 03:14:51.168,1.04108,1.04134,1.50,2.48
2012.11.12 03:14:52.107,1.04103,1.04129,1.73,1.50
2012.11.12 03:15:01.194,1.04103,1.04129,1.73,2.25
2012.11.12 03:15:02.878,1.04103,1.04129,1.73,2.25
2012.11.12 03:15:03.057,1.04098,1.04124,1.73,2.48
2012.11.12 03:15:25.827,1.04099,1.04125,2.48,1.50
2012.11.12 03:15:27.258,1.04103,1.04131,1.73,2.48
2012.11.12 03:15:27.377,1.04103,1.04131,2.48,1.73
2012.11.12 03:15:27.617,1.04103,1.04131,2.48,1.50
2012.11.12 03:15:30.908,1.04103,1.04131,1.73,2.25
2012.11.12 03:15:31.027,1.04103,1.04131,1.73,2.48
2012.11.12 03:15:42.218,1.04102,1.04126,2.48,1.50
2012.11.12 03:15:42.812,1.04098,1.04126,1.73,2.48
2012.11.12 03:15:43.377,1.04098,1.04126,2.48,1.73
2012.11.12 03:15:43.688,1.04098,1.04126,2.48,1.50
2012.11.12 03:16:02.337,1.04101,1.04129,2.48,2.48
2012.11.12 03:16:10.007,1.04101,1.04129,2.48,1.50
2012.11.12 03:16:10.328,1.04101,1.04129,1.73,2.25
2012.11.12 03:16:10.448,1.04101,1.04129,1.73,2.25
2012.11.12 03:16:10.568,1.04101,1.04129,2.48,1.50
2012.11.12 03:16:15.437,1.04101,1.04129,1.73,2.25
2012.11.12 03:16:15.498,1.04101,1.04129,1.50,2.48
2012.11.12 03:16:23.247,1.041,1.04126,1.73,2.78
2012.11.12 03:16:31.548,1.041,1.04126,2.48,2.03
2012.11.12 03:16:31.678,1.041,1.04126,2.48,1.65
2012.11.12 03:16:31.737,1.041,1.04126,2.48,1.50
2012.11.12 03:16:32.038,1.041,1.04126,1.50,2.48
2012.11.12 03:16:32.217,1.041,1.04126,2.48,1.50
2012.11.12 03:16:43.292,1.04101,1.04129,2.48,1.73
2012.11.12 03:17:10.160,1.04101,1.04129,1.73,2.48
2012.11.12 03:17:10.468,1.04101,1.04125,1.73,1.50
2012.11.12 03:17:10.587,1.04097,1.04122,1.73,1.50
2012.11.12 03:17:13.247,1.041,1.04125,1.50,1.73
2012.11.12 03:17:13.308,1.041,1.04128,1.73,2.25
2012.11.12 03:17:13.970,1.041,1.04128,2.48,2.25
2012.11.12 03:17:14.329,1.041,1.04128,1.50,2.48
2012.11.12 03:17:16.988,1.041,1.04128,1.73,2.25
2012.11.12 03:17:17.904,1.04099,1.04121,2.48,1.50
2012.11.12 03:17:18.028,1.04095,1.04121,2.48,1.50
2012.11.12 03:17:19.069,1.04095,1.04121,2.48,1.50
2012.11.12 03:17:19.128,1.041,1.04123,1.50,1.50
2012.11.12 03:17:19.188,1.041,1.04126,1.50,1.73
2012.11.12 03:17:19.248,1.041,1.04126,1.73,1.50
2012.11.12 03:17:19.868,1.041,1.04126,1.73,2.25
2012.11.12 03:17:19.929,1.041,1.04126,1.50,2.48
2012.11.12 03:17:26.240,1.041,1.04126,2.48,1.50
2012.11.12 03:17:27.128,1.04098,1.04122,2.48,1.50
2012.11.12 03:17:27.309,1.04094,1.04122,2.48,1.50
2012.11.12 03:17:34.988,1.04094,1.04122,2.48,2.48
2012.11.12 03:17:35.228,1.04094,1.04122,2.48,2.25
2012.11.12 03:17:38.978,1.04094,1.04122,3.83,2.48
2012.11.12 03:17:39.725,1.04094,1.04122,1.50,2.48
2012.11.12 03:17:41.287,1.04094,1.04122,2.25,1.73
2012.11.12 03:17:41.692,1.04094,1.04122,2.48,1.50
2012.11.12 03:17:47.319,1.04098,1.04124,1.73,1.73
2012.11.12 03:18:52.138,1.04097,1.04125,2.48,1.73
2012.11.12 03:18:52.258,1.04097,1.04125,2.48,1.50
2012.11.12 03:18:52.678,1.04097,1.04125,1.73,2.48
2012.11.12 03:18:59.627,1.04097,1.04125,2.48,1.73
2012.11.12 03:18:59.810,1.04097,1.04125,2.48,1.50
2012.11.12 03:19:02.522,1.04104,1.0413,2.48,1.73
2012.11.12 03:19:02.591,1.04104,1.0413,2.48,1.50
2012.11.12 03:19:03.549,1.04099,1.04125,2.48,1.50
2012.11.12 03:19:19.288,1.04099,1.04125,2.25,1.73
2012.11.12 03:19:19.538,1.04099,1.04125,2.48,1.50
2012.11.12 03:19:23.584,1.041,1.04126,2.48,1.50
2012.11.12 03:19:29.109,1.041,1.04126,2.48,1.50
2012.11.12 03:19:29.168,1.04105,1.04128,2.25,1.50
2012.11.12 03:19:29.289,1.04105,1.04133,2.48,2.40
2012.11.12 03:19:49.287,1.04105,1.04131,2.48,1.50
2012.11.12 03:20:26.614,1.04105,1.04133,2.48,2.25
2012.11.12 03:20:37.909,1.04107,1.04133,1.73,2.25
2012.11.12 03:20:38.089,1.04102,1.04128,1.73,1.50
2012.11.12 03:20:58.408,1.04099,1.04127,2.48,1.50
2012.11.12 03:22:00.282,1.04101,1.04129,2.48,1.50
2012.11.12 03:22:00.459,1.04101,1.04129,2.48,1.50
2012.11.12 03:22:01.398,1.04101,1.04129,1.73,2.25
2012.11.12 03:22:01.518,1.04101,1.04129,1.73,2.25
2012.11.12 03:22:18.648,1.04096,1.04124,2.48,1.50
2012.11.12 03:22:20.554,1.04096,1.04124,2.48,2.48
2012.11.12 03:22:23.418,1.04096,1.04124,2.48,1.73
2012.11.12 03:22:23.604,1.04096,1.04124,2.48,1.50
2012.11.12 03:22:23.729,1.04096,1.04124,2.48,2.48
2012.11.12 03:22:25.032,1.04096,1.04124,2.48,1.73
2012.11.12 03:22:25.225,1.04096,1.04124,2.48,1.50
2012.11.12 03:22:47.029,1.04096,1.04124,2.48,2.25
2012.11.12 03:22:57.629,1.04096,1.04124,2.48,2.85
2012.11.12 03:22:57.688,1.04096,1.04123,1.50,1.58
2012.11.12 03:22:57.748,1.04094,1.04118,1.73,1.50
2012.11.12 03:22:58.294,1.04092,1.04118,1.73,2.25
2012.11.12 03:22:58.489,1.04086,1.04114,2.48,1.50
2012.11.12 03:22:58.669,1.04086,1.04114,2.48,1.50
2012.11.12 03:22:59.029,1.0409,1.04114,2.48,1.50
2012.11.12 03:22:59.088,1.04092,1.04117,2.48,1.50
2012.11.12 03:22:59.208,1.04092,1.04117,2.48,1.50
2012.11.12 03:22:59.729,1.04092,1.04117,2.48,1.50
2012.11.12 03:22:59.970,1.04092,1.04117,2.48,1.50
2012.11.12 03:23:01.618,1.04092,1.04117,2.48,1.50
2012.11.12 03:23:02.271,1.04092,1.04117,2.48,1.50
2012.11.12 03:23:02.509,1.04092,1.04117,1.50,2.48
2012.11.12 03:23:02.570,1.04086,1.04114,2.48,1.50
2012.11.12 03:23:02.689,1.04086,1.04114,2.48,1.50
2012.11.12 03:23:03.058,1.04086,1.04114,2.48,2.25
2012.11.12 03:23:03.178,1.04086,1.04114,2.48,2.25
2012.11.12 03:23:03.809,1.04087,1.04114,1.50,1.50
2012.11.12 03:23:04.169,1.04086,1.04114,2.48,1.50
2012.11.12 03:23:04.288,1.04086,1.04114,2.48,1.73
2012.11.12 03:23:09.119,1.04086,1.04114,1.73,2.48
2012.11.12 03:23:09.301,1.04086,1.04114,2.48,3.98
2012.11.12 03:23:09.361,1.04086,1.04114,2.25,3.98
2012.11.12 03:23:09.539,1.04086,1.04114,2.48,3.75
2012.11.12 03:23:12.619,1.04086,1.04114,1.73,2.25
2012.11.12 03:23:12.740,1.04084,1.04108,1.50,1.50
2012.11.12 03:23:13.399,1.04082,1.04108,2.48,1.50
2012.11.12 03:23:25.979,1.04082,1.04108,2.48,1.50
2012.11.12 03:23:26.378,1.04086,1.04114,2.48,2.48
2012.11.12 03:23:39.749,1.04086,1.04114,2.48,2.25
2012.11.12 03:23:46.228,1.0409,1.04116,2.48,3.00
2012.11.12 03:23:52.328,1.0409,1.04116,2.48,1.50
2012.11.12 03:23:55.109,1.0409,1.04116,1.73,2.25
2012.11.12 03:23:55.169,1.04084,1.04112,2.48,1.50
2012.11.12 03:23:55.289,1.04084,1.04112,2.48,1.73
2012.11.12 03:23:57.820,1.04084,1.04112,2.48,1.73
2012.11.12 03:23:58.179,1.04084,1.04112,2.48,1.50
2012.11.12 03:24:14.540,1.04084,1.04112,2.48,1.73
2012.11.12 03:24:14.839,1.04085,1.04112,1.58,1.73
2012.11.12 03:24:15.189,1.04087,1.04113,2.25,3.23
2012.11.12 03:24:35.358,1.04086,1.04112,2.48,1.50
2012.11.12 03:24:51.000,1.04086,1.04112,2.48,1.50
2012.11.12 03:24:57.850,1.04086,1.04112,2.48,1.50
2012.11.12 03:24:58.209,1.04086,1.04112,2.48,1.50
2012.11.12 03:25:00.999,1.04086,1.04112,2.48,1.73
2012.11.12 03:25:11.098,1.04086,1.04112,2.48,1.73
2012.11.12 03:25:20.979,1.04084,1.04112,2.48,1.73
2012.11.12 03:25:41.119,1.04086,1.04112,2.48,1.73
2012.11.12 03:25:57.358,1.04083,1.04111,2.48,1.50
2012.11.12 03:26:18.288,1.04086,1.04112,2.48,3.23
2012.11.12 03:26:41.160,1.04086,1.04112,1.73,1.73
2012.11.12 03:26:58.850,1.04084,1.04111,1.73,1.50
2012.11.12 03:27:16.630,1.04089,1.04115,1.50,1.73
2012.11.12 03:27:18.557,1.04087,1.0411,2.48,1.50
2012.11.12 03:27:38.568,1.04081,1.04109,2.51,1.50
2012.11.12 03:27:59.151,1.04082,1.0411,2.48,1.50
2012.11.12 03:28:41.050,1.04081,1.04103,1.01,1.50
2012.11.12 03:28:41.591,1.04081,1.04103,1.01,1.50
2012.11.12 03:28:42.160,1.04077,1.04103,2.51,1.73
2012.11.12 03:28:42.919,1.04077,1.04103,2.51,1.73
2012.11.12 03:28:43.799,1.04081,1.04103,1.01,1.50
2012.11.12 03:28:44.409,1.04077,1.04103,2.28,1.73
2012.11.12 03:28:45.819,1.04081,1.04103,1.01,1.50
2012.11.12 03:28:46.349,1.04077,1.04103,2.51,1.73
2012.11.12 03:28:47.289,1.04082,1.04103,1.01,1.50
2012.11.12 03:28:53.590,1.04077,1.04103,2.51,1.73
2012.11.12 03:28:54.209,1.04077,1.04103,2.51,1.73
2012.11.12 03:29:01.082,1.04077,1.04101,1.01,1.50
2012.11.12 03:29:04.780,1.04077,1.04101,1.01,1.50
2012.11.12 03:29:05.410,1.0408,1.04106,2.28,1.73
2012.11.12 03:29:05.530,1.04081,1.04106,1.01,1.50
2012.11.12 03:29:05.769,1.04082,1.04106,1.91,1.50
2012.11.12 03:29:06.080,1.04083,1.04106,1.73,1.50
2012.11.12 03:29:06.260,1.04084,1.04108,2.48,1.50
2012.11.12 03:29:06.320,1.04084,1.04112,2.48,1.50
2012.11.12 03:29:07.938,1.04084,1.04112,2.48,2.48
2012.11.12 03:29:21.027,1.04084,1.04112,2.48,2.48
2012.11.12 03:29:26.270,1.04082,1.04108,3.98,1.50
2012.11.12 03:29:27.078,1.04082,1.04108,1.76,2.25
2012.11.12 03:29:27.199,1.04082,1.04108,1.53,2.48
2012.11.12 03:29:27.699,1.0408,1.04104,1.76,1.50
2012.11.12 03:29:28.422,1.04078,1.04104,1.01,1.50
2012.11.12 03:29:33.779,1.04078,1.04104,1.01,1.50
2012.11.12 03:29:38.490,1.04078,1.04104,1.01,1.50
2012.11.12 03:29:47.809,1.04079,1.04104,1.01,1.50
2012.11.12 03:29:50.919,1.04079,1.04104,1.01,1.50
2012.11.12 03:29:51.099,1.04081,1.04109,1.76,2.48
2012.11.12 03:29:52.960,1.04081,1.04109,1.76,2.48
2012.11.12 03:29:53.319,1.04076,1.04102,1.53,2.48
2012.11.12 03:29:59.160,1.0408,1.04102,1.01,1.50
2012.11.12 03:30:01.590,1.04076,1.04102,2.51,1.73
2012.11.12 03:30:02.101,1.0408,1.04102,1.01,1.50
2012.11.12 03:30:02.919,1.04076,1.04102,1.53,2.48
2012.11.12 03:30:03.280,1.04076,1.04102,1.53,2.48
2012.11.12 03:30:07.529,1.04076,1.04102,1.76,1.73
2012.11.12 03:30:08.060,1.04076,1.04102,1.76,1.73
2012.11.12 03:30:17.389,1.04075,1.04101,1.01,1.73
2012.11.12 03:30:20.192,1.04075,1.04101,1.01,1.73
2012.11.12 03:30:21.199,1.0408,1.04106,1.01,1.73
2012.11.12 03:30:30.159,1.0408,1.04106,1.01,1.73
2012.11.12 03:30:30.771,1.0408,1.04106,1.01,1.73
2012.11.12 03:30:41.570,1.0408,1.04104,1.01,1.50
2012.11.12 03:30:45.171,1.0408,1.04104,1.01,1.50
2012.11.12 03:31:01.339,1.0408,1.04105,1.01,1.50
2012.11.12 03:31:04.069,1.0408,1.04105,1.01,1.50
2012.11.12 03:31:28.692,1.04079,1.04105,1.76,2.25
2012.11.12 03:31:29.130,1.04072,1.041,2.32,2.25
2012.11.12 03:31:29.672,1.04072,1.041,2.09,2.25
2012.11.12 03:31:29.976,1.04072,1.041,1.73,2.25
2012.11.12 03:31:30.545,1.04072,1.041,1.73,2.48
2012.11.12 03:32:23.340,1.0407,1.04096,1.50,1.73
2012.11.12 03:32:23.460,1.04064,1.04094,2.48,1.50
2012.11.12 03:32:30.964,1.04064,1.04092,2.48,1.73
2012.11.12 03:32:36.692,1.04066,1.04092,1.13,1.73
2012.11.12 03:32:41.021,1.04066,1.04092,1.13,1.73
2012.11.12 03:32:52.631,1.04066,1.04092,2.63,1.73
2012.11.12 03:32:52.870,1.04066,1.04092,2.25,1.73
2012.11.12 03:32:53.760,1.04066,1.04092,2.25,1.73
2012.11.12 03:32:53.820,1.04066,1.04092,2.48,1.73
2012.11.12 03:32:54.463,1.04066,1.04092,2.48,1.73
2012.11.12 03:33:01.900,1.04066,1.04092,2.48,1.73
2012.11.12 03:33:03.800,1.04069,1.04097,2.48,1.73
2012.11.12 03:33:09.810,1.04069,1.04097,2.48,1.73
2012.11.12 03:33:09.990,1.04069,1.04097,2.25,1.73
2012.11.12 03:33:10.909,1.04069,1.04097,2.25,1.73
2012.11.12 03:33:11.053,1.04069,1.04097,2.48,1.73
2012.11.12 03:33:12.360,1.04069,1.04097,2.48,1.73
2012.11.12 03:33:14.370,1.04069,1.04097,1.73,2.48
2012.11.12 03:33:14.680,1.04069,1.04097,2.48,1.73
2012.11.12 03:33:21.135,1.04069,1.04097,2.48,1.73
2012.11.12 03:34:04.590,1.04069,1.04095,2.48,1.50
2012.11.12 03:34:05.721,1.04069,1.04095,1.50,2.48
2012.11.12 03:34:06.030,1.04069,1.04095,2.48,1.50
2012.11.12 03:34:24.711,1.04072,1.041,2.25,1.73
2012.11.12 03:34:24.891,1.04072,1.041,2.25,1.73
2012.11.12 03:34:25.716,1.04072,1.041,2.48,1.50
2012.11.12 03:34:41.012,1.04072,1.041,2.48,1.50
2012.11.12 03:34:45.361,1.04076,1.04102,2.48,1.73
2012.11.12 03:34:48.881,1.04076,1.04102,1.73,2.48
2012.11.12 03:34:49.092,1.04076,1.04102,1.50,2.48
2012.11.12 03:34:51.584,1.04076,1.04102,1.50,4.73
2012.11.12 03:35:05.410,1.04073,1.041,2.48,1.73
2012.11.12 03:35:06.681,1.04072,1.041,2.48,1.73
2012.11.12 03:35:07.671,1.04072,1.041,2.48,1.50
2012.11.12 03:35:26.028,1.04075,1.04101,2.48,1.50
2012.11.12 03:36:26.101,1.04066,1.0411,3.11,2.33
2012.11.12 03:36:47.287,1.04073,1.04101,2.48,1.50
2012.11.12 03:38:07.650,1.04068,1.04108,1.61,1.13
2012.11.12 03:38:21.038,1.04068,1.04108,1.61,1.13
2012.11.12 03:38:37.163,1.0407,1.04096,2.48,1.50
2012.11.12 03:38:37.402,1.0407,1.04096,2.48,1.50
2012.11.12 03:38:37.716,1.04066,1.04094,1.73,2.25
2012.11.12 03:38:38.361,1.04065,1.04094,1.73,2.25
2012.11.12 03:38:38.631,1.04065,1.04094,1.73,1.73
2012.11.12 03:38:39.736,1.04065,1.04091,1.50,2.48
2012.11.12 03:38:40.971,1.04065,1.04091,1.50,2.48
2012.11.12 03:38:50.971,1.04065,1.04091,2.48,1.50
2012.11.12 03:38:57.974,1.04063,1.0409,1.13,1.50
2012.11.12 03:39:12.502,1.04062,1.0409,1.73,3.75
2012.11.12 03:39:12.621,1.0406,1.04089,1.50,1.50
2012.11.12 03:39:12.935,1.04058,1.04085,1.13,1.73
2012.11.12 03:39:13.132,1.04058,1.04085,1.13,1.73
2012.11.12 03:39:13.252,1.04058,1.04085,1.28,1.73
2012.11.12 03:39:13.497,1.04058,1.04085,1.28,2.33
2012.11.12 03:39:14.000,1.04057,1.04086,2.48,2.33
2012.11.12 03:39:15.871,1.04057,1.04086,2.48,3.38
2012.11.12 03:39:15.991,1.04058,1.04086,1.13,2.48
2012.11.12 03:39:16.111,1.04058,1.04083,1.13,1.50
2012.11.12 03:39:16.351,1.04062,1.04086,2.48,1.50
2012.11.12 03:39:16.412,1.04062,1.04088,2.48,1.50
2012.11.12 03:39:17.421,1.04062,1.04088,2.48,1.50
2012.11.12 03:39:17.735,1.04062,1.04088,2.48,1.50
2012.11.12 03:39:21.073,1.04065,1.04088,1.56,1.50
2012.11.12 03:39:21.192,1.04064,1.04088,1.13,1.50
2012.11.12 03:39:21.311,1.04068,1.0409,1.73,1.50
2012.11.12 03:39:21.371,1.04068,1.04094,1.73,2.25
2012.11.12 03:39:21.921,1.04068,1.04094,1.73,1.50
2012.11.12 03:39:22.402,1.04068,1.04094,1.73,2.25
2012.11.12 03:39:22.941,1.04068,1.04094,1.73,2.25
2012.11.12 03:39:23.002,1.04062,1.04092,2.48,1.50
2012.11.12 03:39:23.551,1.04062,1.04092,1.73,2.03
2012.11.12 03:39:23.911,1.04062,1.04092,2.48,2.25
2012.11.12 03:39:23.970,1.04062,1.04092,2.48,2.25
2012.11.12 03:39:30.621,1.04063,1.0409,2.63,2.25
2012.11.12 03:39:30.801,1.04062,1.0409,1.73,2.48
2012.11.12 03:39:31.162,1.04062,1.0409,1.73,2.48
2012.11.12 03:39:33.017,1.04062,1.0409,2.48,1.50
2012.11.12 03:39:34.702,1.04062,1.0409,1.88,2.48
2012.11.12 03:39:35.671,1.04063,1.0409,1.13,1.73
2012.11.12 03:39:35.792,1.04063,1.0409,1.13,1.50
2012.11.12 03:39:36.471,1.04062,1.0409,1.88,2.25
2012.11.12 03:39:37.181,1.04062,1.0409,1.73,2.48
2012.11.12 03:39:40.431,1.04062,1.0409,2.48,1.73
2012.11.12 03:39:40.612,1.04062,1.0409,2.48,1.50
2012.11.12 03:39:41.601,1.04062,1.0409,1.88,2.48
2012.11.12 03:39:41.661,1.04062,1.0409,1.73,2.48
2012.11.12 03:39:47.702,1.0406,1.04088,2.48,1.50
2012.11.12 03:39:48.103,1.04066,1.04092,1.73,1.50
2012.11.12 03:39:52.141,1.04066,1.04092,2.48,1.50
2012.11.12 03:39:52.221,1.04066,1.04092,2.48,1.50
2012.11.12 03:39:59.063,1.04066,1.04092,2.48,1.50
2012.11.12 03:40:00.061,1.04066,1.04092,2.48,1.50
2012.11.12 03:40:02.895,1.04066,1.04092,1.73,2.25
2012.11.12 03:40:02.952,1.04063,1.04093,2.48,1.50
2012.11.12 03:40:03.012,1.0406,1.0409,2.48,1.73
2012.11.12 03:40:03.072,1.0406,1.0409,2.48,1.73
2012.11.12 03:40:03.381,1.04062,1.0409,1.13,1.50
2012.11.12 03:40:03.881,1.04065,1.04093,2.48,1.50
2012.11.12 03:40:04.431,1.04065,1.04093,1.50,2.48
2012.11.12 03:40:05.522,1.04065,1.04093,2.25,1.73
2012.11.12 03:40:05.584,1.04065,1.04093,2.48,1.50
2012.11.12 03:40:06.172,1.04069,1.04093,1.73,1.50
2012.11.12 03:40:06.233,1.04071,1.04099,2.40,1.73
2012.11.12 03:40:06.808,1.04071,1.04099,2.40,1.73
2012.11.12 03:40:07.122,1.04073,1.04099,1.35,1.73
2012.11.12 03:40:07.631,1.04076,1.04104,2.25,2.33
2012.11.12 03:40:07.705,1.04076,1.04104,2.25,3.08
2012.11.12 03:40:07.833,1.04076,1.04104,2.25,2.33
2012.11.12 03:40:08.131,1.04076,1.04104,2.48,2.33
2012.11.12 03:40:08.251,1.04076,1.04104,2.48,2.10
2012.11.12 03:40:27.361,1.04077,1.04105,2.48,1.50
2012.11.12 03:40:38.391,1.04084,1.04105,1.50,1.50
2012.11.12 03:40:38.451,1.04085,1.0411,2.25,3.23
2012.11.12 03:40:38.511,1.04081,1.04107,2.48,1.50
2012.11.12 03:40:38.571,1.04081,1.04107,2.48,1.50
2012.11.12 03:40:39.209,1.04081,1.04107,2.48,1.50
2012.11.12 03:40:39.667,1.04081,1.04107,2.48,1.50
2012.11.12 03:40:41.522,1.04081,1.04107,2.48,1.50
2012.11.12 03:40:42.743,1.04081,1.04107,2.48,1.50
2012.11.12 03:40:44.142,1.04081,1.04107,2.48,1.88
2012.11.12 03:40:44.733,1.04082,1.04107,1.58,1.50
2012.11.12 03:40:44.972,1.04081,1.04107,2.48,1.50
2012.11.12 03:40:50.821,1.04082,1.04107,2.25,1.50
2012.11.12 03:40:50.942,1.04089,1.0411,2.25,1.73
2012.11.12 03:40:51.001,1.04089,1.04117,2.48,2.10
2012.11.12 03:40:51.062,1.04089,1.04117,2.48,1.50
2012.11.12 03:40:51.241,1.04089,1.04117,2.48,1.73
2012.11.12 03:41:01.182,1.04089,1.04117,2.48,2.48
2012.11.12 03:41:02.399,1.04088,1.04112,2.48,1.50
2012.11.12 03:41:04.162,1.04084,1.04112,2.48,1.50
2012.11.12 03:41:04.403,1.04084,1.04112,2.25,1.73
2012.11.12 03:41:14.796,1.04084,1.04112,2.25,1.73
2012.11.12 03:41:15.021,1.04084,1.04112,2.48,1.50
2012.11.12 03:42:02.697,1.04091,1.04117,1.50,2.48
2012.11.12 03:42:04.501,1.04086,1.04112,2.48,1.50
2012.11.12 03:42:25.261,1.04087,1.04113,1.73,1.50
2012.11.12 03:42:26.687,1.04087,1.04113,1.73,2.25
2012.11.12 03:42:26.811,1.04087,1.04113,1.73,2.25
2012.11.12 03:42:27.351,1.04087,1.04113,1.73,2.25
2012.11.12 03:42:27.891,1.04087,1.04113,1.73,2.25
2012.11.12 03:42:28.671,1.04087,1.04113,1.73,2.25
2012.11.12 03:42:28.793,1.04087,1.04113,1.50,2.48
2012.11.12 03:42:31.179,1.04087,1.04113,1.50,2.48
2012.11.12 03:42:45.881,1.04083,1.04109,1.73,2.48
2012.11.12 03:43:01.011,1.04083,1.04109,1.73,1.73
2012.11.12 03:43:19.252,1.04084,1.0411,1.88,2.25
2012.11.12 03:43:19.492,1.0409,1.04115,1.50,2.48
2012.11.12 03:43:34.733,1.0409,1.04115,1.50,1.73
2012.11.12 03:43:35.867,1.0409,1.04115,1.73,1.50
2012.11.12 03:43:36.782,1.0409,1.04115,1.50,1.73
2012.11.12 03:43:38.781,1.0409,1.04115,2.48,1.50
2012.11.12 03:43:39.749,1.0409,1.04118,1.50,2.48
2012.11.12 03:43:59.981,1.04089,1.04115,1.73,1.73
2012.11.12 03:44:03.202,1.04087,1.04115,2.48,1.73
2012.11.12 03:44:03.891,1.04087,1.04115,2.48,1.50
2012.11.12 03:44:04.942,1.04087,1.04115,2.48,1.73
2012.11.12 03:44:07.692,1.04087,1.04115,2.48,1.50
2012.11.12 03:44:10.332,1.04087,1.04115,2.48,1.73
2012.11.12 03:44:20.392,1.04086,1.04114,2.48,1.73
2012.11.12 03:44:20.572,1.04091,1.04118,2.48,1.50
2012.11.12 03:44:28.722,1.04091,1.04118,1.73,2.25
2012.11.12 03:44:28.781,1.04086,1.04114,2.48,1.50
2012.11.12 03:44:31.142,1.04086,1.04114,1.73,2.25
2012.11.12 03:44:31.262,1.04086,1.04114,1.50,2.48
2012.11.12 03:44:34.672,1.04086,1.04114,1.50,4.28
2012.11.12 03:44:34.791,1.0408,1.04106,2.48,1.50
2012.11.12 03:44:35.302,1.04085,1.04111,1.50,1.73
2012.11.12 03:44:39.532,1.04085,1.04109,1.50,1.50
2012.11.12 03:44:39.651,1.04079,1.04107,2.48,1.50
2012.11.12 03:44:55.332,1.04079,1.04107,2.40,1.73
2012.11.12 03:45:06.353,1.04078,1.04106,2.48,1.73
2012.11.12 03:45:06.712,1.04084,1.0411,2.48,1.50
2012.11.12 03:45:08.562,1.04084,1.0411,2.48,1.50
2012.11.12 03:45:08.803,1.04084,1.0411,2.48,1.73
2012.11.12 03:45:10.982,1.04084,1.0411,2.48,1.73
2012.11.12 03:45:13.074,1.04084,1.0411,2.48,1.73
2012.11.12 03:45:13.739,1.04084,1.0411,2.48,1.50
2012.11.12 03:45:14.282,1.04084,1.0411,2.25,1.73
2012.11.12 03:45:18.193,1.04084,1.0411,1.50,1.73
2012.11.12 03:45:18.742,1.04084,1.0411,2.48,1.73
2012.11.12 03:45:19.184,1.04084,1.0411,2.48,1.50
2012.11.12 03:45:19.821,1.04084,1.0411,2.25,1.73
2012.11.12 03:45:20.992,1.04084,1.0411,1.50,2.48
2012.11.12 03:45:26.608,1.04082,1.04108,2.48,1.50
2012.11.12 03:45:32.043,1.04082,1.04108,2.48,1.50
2012.11.12 03:45:32.102,1.04086,1.0411,2.25,1.73
2012.11.12 03:45:33.077,1.04086,1.04114,2.48,3.98
2012.11.12 03:45:33.203,1.04086,1.04113,1.50,1.58
2012.11.12 03:45:33.533,1.04082,1.04108,2.48,1.50
2012.11.12 03:45:34.912,1.04082,1.04108,4.43,1.50
2012.11.12 03:45:35.032,1.0409,1.04116,2.48,2.25
2012.11.12 03:45:35.092,1.0409,1.04116,2.48,1.50
2012.11.12 03:45:35.673,1.0409,1.04116,2.48,1.50
2012.11.12 03:45:36.012,1.0409,1.04116,1.50,1.73
2012.11.12 03:45:48.823,1.0409,1.04116,1.50,2.48
2012.11.12 03:45:49.002,1.04085,1.04111,1.73,1.50
2012.11.12 03:45:49.062,1.04085,1.04111,1.50,1.73
2012.11.12 03:45:49.182,1.04085,1.04111,2.25,1.73
2012.11.12 03:45:49.553,1.0409,1.04116,1.50,2.03
2012.11.12 03:45:49.851,1.0409,1.04116,1.50,2.03
2012.11.12 03:45:56.082,1.0409,1.04116,1.50,2.63
2012.11.12 03:46:05.231,1.0409,1.04116,1.50,2.48
2012.11.12 03:46:07.251,1.0409,1.04116,1.50,2.33
2012.11.12 03:46:09.041,1.0409,1.04116,1.50,2.48
2012.11.12 03:46:09.372,1.04086,1.04114,2.48,1.65
2012.11.12 03:46:17.922,1.04086,1.04114,2.48,2.40
2012.11.12 03:46:17.982,1.04081,1.04109,2.48,1.50
2012.11.12 03:46:18.352,1.04081,1.04109,2.48,1.50
2012.11.12 03:46:18.872,1.04081,1.04109,2.48,1.50
2012.11.12 03:46:20.012,1.04081,1.04109,2.48,1.73
2012.11.12 03:46:21.002,1.04081,1.04109,2.48,1.50
2012.11.12 03:46:22.123,1.04081,1.04109,2.48,1.73
2012.11.12 03:46:23.502,1.04081,1.04109,2.48,1.50
2012.11.12 03:46:25.132,1.04081,1.04109,2.48,1.50
2012.11.12 03:46:25.482,1.04081,1.04109,2.48,1.50
2012.11.12 03:46:26.236,1.04081,1.04109,2.63,1.50
2012.11.12 03:46:26.568,1.04081,1.04109,2.48,1.50
2012.11.12 03:46:27.552,1.04081,1.04109,2.48,1.50
2012.11.12 03:46:28.543,1.04081,1.04109,2.63,1.50
2012.11.12 03:46:30.254,1.04081,1.04109,2.48,1.50
2012.11.12 03:46:31.302,1.04081,1.04109,2.48,1.73
2012.11.12 03:46:32.082,1.04081,1.04109,2.48,1.50
2012.11.12 03:46:33.052,1.04081,1.04109,2.48,1.50
2012.11.12 03:46:38.292,1.0408,1.04107,2.48,1.50
2012.11.12 03:46:39.621,1.04086,1.04108,1.50,1.50
2012.11.12 03:46:39.682,1.04086,1.04112,1.50,1.73
2012.11.12 03:46:41.651,1.04084,1.04106,2.25,1.50
2012.11.12 03:46:47.059,1.0408,1.04106,3.60,1.50
2012.11.12 03:46:47.129,1.04086,1.04112,2.48,1.50
2012.11.12 03:46:47.204,1.04086,1.04112,1.50,2.48
2012.11.12 03:46:47.543,1.04081,1.04108,2.48,1.50
2012.11.12 03:46:47.605,1.0408,1.04108,2.48,1.50
2012.11.12 03:46:47.842,1.0408,1.04108,2.48,1.50
2012.11.12 03:46:47.903,1.0408,1.04108,2.48,1.50
2012.11.12 03:46:47.962,1.0408,1.04108,2.48,1.50
2012.11.12 03:46:48.203,1.0408,1.04108,2.48,1.50
2012.11.12 03:46:48.443,1.0408,1.04108,2.48,1.50
2012.11.12 03:46:48.622,1.0408,1.04108,2.48,1.50
2012.11.12 03:46:48.943,1.0408,1.04108,2.48,1.50
2012.11.12 03:47:07.982,1.04085,1.04111,2.48,1.50
2012.11.12 03:47:17.172,1.04085,1.04109,2.48,1.50
2012.11.12 03:47:17.232,1.04085,1.04109,1.50,1.73
2012.11.12 03:47:17.292,1.0408,1.04106,2.48,1.50
2012.11.12 03:47:29.283,1.04081,1.04106,1.73,1.50
2012.11.12 03:47:30.259,1.04086,1.04112,1.73,1.50
2012.11.12 03:47:30.762,1.04086,1.04112,1.73,2.25
2012.11.12 03:47:31.384,1.04086,1.04112,2.48,1.50
2012.11.12 03:47:31.741,1.04086,1.04112,2.48,1.50
2012.11.12 03:47:32.512,1.04086,1.04112,2.48,1.50
2012.11.12 03:47:34.891,1.04086,1.04112,2.48,1.50
2012.11.12 03:47:34.952,1.04086,1.04112,2.48,1.50
2012.11.12 03:47:36.102,1.04086,1.04112,2.48,1.50
2012.11.12 03:47:40.950,1.04086,1.04112,2.48,1.50
2012.11.12 03:47:50.372,1.04083,1.04111,2.48,1.50
2012.11.12 03:48:50.481,1.04077,1.04118,2.28,1.01
2012.11.12 03:49:07.571,1.04077,1.04117,1.45,1.01
2012.11.12 03:49:11.732,1.04083,1.04109,1.73,1.50
2012.11.12 03:49:12.282,1.04083,1.04109,1.73,2.25
2012.11.12 03:49:12.342,1.04083,1.04109,1.73,2.48
2012.11.12 03:49:13.312,1.04083,1.04109,1.73,2.48
2012.11.12 03:49:13.432,1.04083,1.04109,1.73,1.73
2012.11.12 03:49:13.552,1.04083,1.04109,1.73,1.50
2012.11.12 03:49:13.673,1.04083,1.04109,1.73,2.48
2012.11.12 03:49:13.792,1.0408,1.04105,1.73,1.50
2012.11.12 03:49:34.272,1.04078,1.04106,2.48,1.50
2012.11.12 03:49:34.614,1.04078,1.04106,2.48,1.50
2012.11.12 03:49:34.734,1.04078,1.04106,2.48,1.50
2012.11.12 03:49:35.842,1.04078,1.04106,2.48,1.50
2012.11.12 03:49:35.962,1.04078,1.04106,2.48,1.50
2012.11.12 03:49:36.023,1.04084,1.04111,1.50,2.48
2012.11.12 03:49:36.385,1.04084,1.04111,1.73,2.55
2012.11.12 03:49:36.563,1.04079,1.04107,2.25,2.25
2012.11.12 03:49:38.502,1.04079,1.04107,2.48,1.50
2012.11.12 03:49:38.563,1.04079,1.04107,2.48,1.50
2012.11.12 03:49:39.494,1.04079,1.04107,1.73,2.25
2012.11.12 03:49:39.616,1.04079,1.04107,1.50,2.48
2012.11.12 03:49:40.562,1.04079,1.04107,2.25,2.48
2012.11.12 03:49:40.904,1.04079,1.04107,2.48,2.25
2012.11.12 03:49:41.412,1.04079,1.04107,2.48,1.50
2012.11.12 03:49:41.822,1.04079,1.04107,1.50,2.48
2012.11.12 03:49:42.652,1.04074,1.04102,1.73,2.25
2012.11.12 03:49:42.983,1.04074,1.04102,2.48,1.50
2012.11.12 03:49:43.862,1.04074,1.04102,2.48,1.65
2012.11.12 03:49:43.989,1.04074,1.04102,1.73,2.40
2012.11.12 03:49:44.494,1.04074,1.04102,1.50,2.48
2012.11.12 03:49:45.402,1.04074,1.04102,1.50,2.48
2012.11.12 03:49:53.915,1.04074,1.04102,2.25,2.63
2012.11.12 03:49:53.974,1.04074,1.04102,2.48,2.25
2012.11.12 03:49:54.332,1.04075,1.04102,1.13,1.50
2012.11.12 03:49:54.393,1.04079,1.04107,1.73,2.25
2012.11.12 03:50:07.112,1.04079,1.04107,1.73,1.50
2012.11.12 03:50:15.554,1.04081,1.04108,1.73,2.48
2012.11.12 03:50:41.081,1.0408,1.04106,1.73,2.25
2012.11.12 03:50:42.402,1.0408,1.04106,2.48,1.50
2012.11.12 03:50:43.452,1.0408,1.04106,1.73,1.50
2012.11.12 03:50:43.823,1.0408,1.04106,1.73,2.25
2012.11.12 03:50:43.999,1.0408,1.04106,1.73,2.25
2012.11.12 03:50:46.422,1.0408,1.04103,1.73,1.50
2012.11.12 03:50:46.482,1.04075,1.04101,3.23,1.50
2012.11.12 03:50:49.913,1.04075,1.04101,2.48,2.25
2012.11.12 03:50:49.973,1.04075,1.04101,1.50,2.48
2012.11.12 03:50:50.152,1.04075,1.04101,1.50,2.48
2012.11.12 03:50:50.275,1.04075,1.04101,2.48,1.50
2012.11.12 03:50:50.912,1.04075,1.04101,1.73,2.25
2012.11.12 03:50:51.039,1.04075,1.04101,1.73,2.25
2012.11.12 03:50:51.293,1.04075,1.04101,1.50,2.48
2012.11.12 03:50:51.354,1.04075,1.04101,1.50,2.48
2012.11.12 03:50:52.162,1.04073,1.04096,1.50,1.50
2012.11.12 03:50:52.356,1.0407,1.04096,2.48,1.50
2012.11.12 03:50:52.412,1.04075,1.04102,2.25,1.28
2012.11.12 03:50:52.592,1.04075,1.04103,2.48,1.80
2012.11.12 03:50:53.172,1.04075,1.04103,1.73,2.40
2012.11.12 03:50:53.292,1.04071,1.041,1.73,2.48
2012.11.12 03:51:07.373,1.04071,1.04097,1.73,1.50
2012.11.12 03:51:25.374,1.04069,1.04097,2.48,1.50
2012.11.12 03:51:25.553,1.04075,1.04101,1.73,2.25
2012.11.12 03:51:25.626,1.04075,1.04101,1.73,2.25
2012.11.12 03:51:25.684,1.04075,1.04101,1.50,2.48
2012.11.12 03:51:25.863,1.04069,1.04098,1.73,1.50
2012.11.12 03:51:32.453,1.04069,1.04097,1.73,2.40
2012.11.12 03:51:32.573,1.04069,1.04097,1.50,2.63
2012.11.12 03:51:32.633,1.04069,1.04097,1.50,2.63
2012.11.12 03:51:32.934,1.04069,1.04097,1.73,2.25
2012.11.12 03:51:33.059,1.04069,1.04097,1.50,2.48
2012.11.12 03:51:33.244,1.04069,1.04097,1.73,2.25
2012.11.12 03:51:33.484,1.04069,1.04097,1.50,2.48
2012.11.12 03:51:33.665,1.04069,1.04097,1.73,2.25
2012.11.12 03:51:48.364,1.04069,1.04097,1.73,2.25
2012.11.12 03:51:48.483,1.04069,1.04097,1.50,2.48
2012.11.12 03:51:51.001,1.04069,1.04097,1.50,2.48
2012.11.12 03:51:51.698,1.04069,1.04097,1.50,2.48
2012.11.12 03:52:04.904,1.04068,1.04091,1.50,2.25
2012.11.12 03:52:05.596,1.04063,1.04091,1.73,2.25
2012.11.12 03:52:10.953,1.04063,1.04091,1.73,2.25
2012.11.12 03:52:11.074,1.04063,1.04091,1.73,2.25
2012.11.12 03:52:19.548,1.04063,1.04091,2.48,1.50
2012.11.12 03:52:19.903,1.0407,1.04095,1.50,2.48
2012.11.12 03:52:20.219,1.0407,1.04095,1.73,2.25
2012.11.12 03:52:26.053,1.0407,1.04095,1.73,2.25
2012.11.12 03:52:26.353,1.04064,1.04093,1.73,1.73
2012.11.12 03:52:30.987,1.04064,1.04092,1.73,2.25
2012.11.12 03:52:31.749,1.04064,1.04092,1.73,2.25
2012.11.12 03:52:41.109,1.04064,1.04092,1.73,2.25
2012.11.12 03:53:00.987,1.04066,1.04092,1.73,2.25
2012.11.12 03:53:01.100,1.04066,1.04092,1.73,2.25
2012.11.12 03:53:10.997,1.04066,1.04092,1.73,2.25
2012.11.12 03:53:11.589,1.04066,1.04092,1.73,2.25
2012.11.12 03:53:16.056,1.04066,1.04092,1.73,2.25
2012.11.12 03:53:16.354,1.04066,1.04092,1.50,2.48
2012.11.12 03:53:16.414,1.04066,1.04092,1.50,2.48
2012.11.12 03:53:16.944,1.04066,1.04092,1.73,2.25
2012.11.12 03:53:21.006,1.04066,1.04092,1.73,2.25
2012.11.12 03:53:22.180,1.04066,1.04092,1.50,2.48
2012.11.12 03:53:27.303,1.04067,1.04093,1.50,2.48
2012.11.12 03:53:31.129,1.04067,1.04093,1.50,2.48
2012.11.12 03:53:47.336,1.04065,1.04093,3.23,2.48
2012.11.12 03:53:50.955,1.04065,1.04093,1.73,2.48
2012.11.12 03:53:51.636,1.04065,1.04093,1.73,2.48
2012.11.12 03:54:01.078,1.04065,1.04093,1.73,2.48
2012.11.12 03:54:19.124,1.04065,1.04093,1.73,2.48
2012.11.12 03:54:19.184,1.0407,1.04095,1.50,2.48
2012.11.12 03:54:20.002,1.0407,1.04098,1.73,2.48
2012.11.12 03:54:20.335,1.0407,1.04098,1.73,2.48
2012.11.12 03:54:20.614,1.0407,1.04098,1.73,1.73
2012.11.12 03:54:20.674,1.0407,1.04098,1.73,1.50
2012.11.12 03:54:27.863,1.04075,1.04103,1.73,2.48
2012.11.12 03:54:28.104,1.04075,1.041,1.50,2.48
2012.11.12 03:54:28.164,1.0407,1.04098,1.73,1.73
2012.11.12 03:54:28.224,1.0407,1.04098,1.73,1.50
2012.11.12 03:54:28.523,1.04075,1.04103,1.73,2.25
2012.11.12 03:54:29.108,1.04081,1.04107,1.50,2.48
2012.11.12 03:54:31.034,1.04081,1.04107,1.50,2.48
2012.11.12 03:54:39.093,1.04081,1.04107,1.50,2.48
2012.11.12 03:54:40.936,1.04081,1.04107,1.50,2.48
2012.11.12 03:55:09.283,1.0408,1.04106,1.73,2.25
2012.11.12 03:55:19.894,1.0408,1.04106,1.73,2.25
2012.11.12 03:55:20.275,1.0408,1.04106,1.50,2.48
2012.11.12 03:55:24.673,1.04073,1.04101,1.73,2.48
2012.11.12 03:55:25.394,1.04073,1.04101,1.73,2.48
2012.11.12 03:55:25.514,1.04073,1.04095,1.50,1.50
2012.11.12 03:55:25.574,1.04067,1.04093,1.73,1.50
2012.11.12 03:55:31.344,1.04067,1.04093,1.73,2.25
2012.11.12 03:55:32.136,1.04067,1.04093,1.50,2.48
2012.11.12 03:55:35.724,1.04067,1.04093,1.50,2.48
2012.11.12 03:55:36.125,1.04082,1.04105,1.50,1.35
2012.11.12 03:55:36.694,1.04082,1.04109,1.50,2.48
2012.11.12 03:55:56.314,1.04081,1.04107,3.00,2.48
2012.11.12 03:56:18.896,1.04078,1.04102,1.73,2.25
2012.11.12 03:56:19.935,1.04076,1.04102,1.73,2.48
2012.11.12 03:56:59.469,1.04077,1.04103,1.50,2.48
2012.11.12 03:57:36.195,1.04077,1.04103,1.50,2.48
2012.11.12 03:57:40.343,1.04076,1.04102,1.73,2.48
2012.11.12 03:57:51.056,1.04076,1.04102,1.73,2.48
2012.11.12 03:57:57.165,1.04076,1.04102,1.73,2.48
2012.11.12 03:58:26.322,1.04076,1.04102,2.48,1.73
2012.11.12 03:58:26.574,1.04076,1.04102,2.48,1.50
2012.11.12 03:58:26.934,1.04081,1.04105,1.73,1.50
2012.11.12 03:58:27.466,1.04081,1.04108,1.73,2.48
2012.11.12 03:58:32.865,1.04081,1.04108,1.73,2.48
2012.11.12 03:58:33.045,1.04074,1.04102,2.48,2.48
2012.11.12 03:58:40.951,1.04074,1.04102,1.73,2.48
2012.11.12 03:58:50.960,1.04074,1.04102,1.73,2.48
2012.11.12 03:59:06.154,1.04073,1.04101,2.48,1.50
2012.11.12 03:59:06.274,1.04073,1.04101,2.48,1.50
2012.11.12 03:59:11.704,1.04073,1.04101,1.73,2.25
2012.11.12 03:59:12.283,1.04073,1.04101,1.73,2.25
2012.11.12 03:59:34.281,1.04076,1.04102,1.50,2.48
2012.11.12 03:59:51.655,1.04076,1.04102,1.50,2.48
2012.11.12 03:59:51.834,1.04071,1.04097,1.50,2.48
