2016.11.02 08:00:00.242,1.02105,1.02129,1.67,1.35
2016.11.02 08:00:00.568,1.02108,1.02131,1.35,1.50
2016.11.02 08:00:00.669,1.02109,1.02131,1.00,1.12
2016.11.02 08:00:00.871,1.02108,1.02131,1.67,1.00
2016.11.02 08:00:01.504,1.0211,1.02137,1.35,4.12
2016.11.02 08:00:01.967,1.02108,1.02133,2.85,3.37
2016.11.02 08:00:02.018,1.02108,1.02132,1.00,3.22
2016.11.02 08:00:02.367,1.02107,1.02133,1.35,2.62
2016.11.02 08:00:02.849,1.02109,1.02133,2.47,2.62
2016.11.02 08:00:02.950,1.02112,1.02136,1.30,1.75
2016.11.02 08:00:03.480,1.0211,1.02136,1.35,1.75
2016.11.02 08:00:03.953,1.02111,1.02133,1.00,1.00
2016.11.02 08:00:05.197,1.0211,1.02133,1.35,1.00
2016.11.02 08:00:05.338,1.02109,1.02135,2.62,1.00
2016.11.02 08:00:05.388,1.02108,1.02136,3.22,5.62
2016.11.02 08:00:05.439,1.02109,1.02136,1.75,4.87
2016.11.02 08:00:05.540,1.02111,1.02133,1.00,1.00
2016.11.02 08:00:05.591,1.02111,1.02136,1.00,4.87
2016.11.02 08:00:05.893,1.02109,1.02136,2.10,1.35
2016.11.02 08:00:06.270,1.02113,1.02135,1.00,1.00
2016.11.02 08:00:07.304,1.02109,1.02136,1.35,2.10
2016.11.02 08:00:07.506,1.02111,1.02137,1.30,1.75
2016.11.02 08:00:07.607,1.02111,1.02139,1.72,3.37
2016.11.02 08:00:07.764,1.02111,1.02139,2.10,1.75
2016.11.02 08:00:08.307,1.02112,1.02141,3.37,2.25
2016.11.02 08:00:08.854,1.02112,1.02139,1.35,2.10
2016.11.02 08:00:08.905,1.02116,1.0214,1.37,1.35
2016.11.02 08:00:08.956,1.02116,1.02141,1.75,2.10
2016.11.02 08:00:09.290,1.02115,1.0214,2.47,1.75
2016.11.02 08:00:09.498,1.02116,1.02143,1.35,1.75
2016.11.02 08:00:09.700,1.02117,1.02145,1.97,2.62
2016.11.02 08:00:10.249,1.02117,1.02141,1.75,1.12
2016.11.02 08:00:10.540,1.02114,1.02141,1.35,1.75
2016.11.02 08:00:10.794,1.02114,1.02138,1.12,1.50
2016.11.02 08:00:10.895,1.02114,1.02138,1.72,1.75
2016.11.02 08:00:12.022,1.0211,1.02139,2.62,3.37
2016.11.02 08:00:12.223,1.02109,1.02136,2.85,1.75
2016.11.02 08:00:12.324,1.02112,1.02136,1.37,1.50
2016.11.02 08:00:12.375,1.02112,1.02136,1.75,1.12
2016.11.02 08:00:14.830,1.0211,1.02137,3.97,1.67
2016.11.02 08:00:14.930,1.02114,1.02137,1.00,1.35
2016.11.02 08:00:15.031,1.0211,1.02137,2.10,1.67
2016.11.02 08:00:15.405,1.02109,1.02137,1.75,1.97
2016.11.02 08:00:15.940,1.0211,1.02135,3.37,1.67
2016.11.02 08:00:17.051,1.02111,1.02137,1.35,1.75
2016.11.02 08:00:17.596,1.02109,1.02136,1.75,1.35
2016.11.02 08:00:17.848,1.02111,1.02135,2.10,1.00
2016.11.02 08:00:18.351,1.02112,1.02137,2.25,1.50
2016.11.02 08:00:19.643,1.02115,1.02139,2.10,1.75
2016.11.02 08:00:20.096,1.02115,1.02137,1.00,1.60
2016.11.02 08:00:20.613,1.02114,1.02136,2.85,1.00
2016.11.02 08:00:21.133,1.02114,1.02135,1.00,1.00
2016.11.02 08:00:21.536,1.02115,1.02141,3.97,4.12
2016.11.02 08:00:21.637,1.02116,1.02142,1.35,1.75
2016.11.02 08:00:21.738,1.02118,1.02142,1.35,1.75
2016.11.02 08:00:21.984,1.02119,1.02137,1.00,1.00
2016.11.02 08:00:22.034,1.02111,1.02137,4.87,1.37
2016.11.02 08:00:22.559,1.02111,1.02135,2.25,1.00
2016.11.02 08:00:23.653,1.02111,1.02134,2.25,1.00
2016.11.02 08:00:23.919,1.02111,1.02134,2.25,1.12
2016.11.02 08:00:24.552,1.02114,1.02136,2.47,1.50
2016.11.02 08:00:25.054,1.02114,1.02137,3.60,1.50
2016.11.02 08:00:25.596,1.02114,1.02135,2.85,1.00
2016.11.02 08:00:25.930,1.02118,1.02141,1.75,2.10
2016.11.02 08:00:25.981,1.02118,1.0214,1.75,1.00
2016.11.02 08:00:26.082,1.02119,1.0214,1.00,1.35
2016.11.02 08:00:26.829,1.02119,1.02139,1.00,2.10
2016.11.02 08:00:26.930,1.02114,1.02139,1.75,2.85
2016.11.02 08:00:27.699,1.02114,1.02138,1.75,1.50
2016.11.02 08:00:28.319,1.02114,1.02138,1.50,1.50
2016.11.02 08:00:28.575,1.02114,1.02138,1.50,2.47
2016.11.02 08:00:28.882,1.02114,1.02133,1.00,1.00
2016.11.02 08:00:29.033,1.02117,1.02139,1.35,1.12
2016.11.02 08:00:29.084,1.02117,1.0214,1.35,1.12
2016.11.02 08:00:29.563,1.02117,1.02139,2.85,1.00
2016.11.02 08:00:30.233,1.02117,1.02141,1.75,3.97
2016.11.02 08:00:30.284,1.02119,1.02139,1.30,1.37
2016.11.02 08:00:30.787,1.02117,1.0214,3.37,1.37
2016.11.02 08:00:31.352,1.02117,1.0214,2.62,1.00
2016.11.02 08:00:31.669,1.02116,1.02138,1.35,1.12
2016.11.02 08:00:32.204,1.02114,1.02137,1.75,1.00
2016.11.02 08:00:32.267,1.02117,1.02137,1.00,1.00
2016.11.02 08:00:32.318,1.02117,1.02137,2.85,1.00
2016.11.02 08:00:32.470,1.02117,1.02139,2.85,1.50
2016.11.02 08:00:32.761,1.02119,1.02141,1.60,1.00
2016.11.02 08:00:33.364,1.02119,1.02141,1.00,2.25
2016.11.02 08:00:33.415,1.02119,1.02141,1.00,1.50
2016.11.02 08:00:35.385,1.02114,1.02139,1.35,1.50
2016.11.02 08:00:35.903,1.02115,1.02139,1.75,1.12
2016.11.02 08:00:36.732,1.02115,1.0214,1.75,1.12
2016.11.02 08:00:36.880,1.02115,1.0214,1.75,1.75
2016.11.02 08:00:37.733,1.02114,1.02139,1.75,2.10
2016.11.02 08:00:38.298,1.02114,1.02139,1.75,1.50
2016.11.02 08:00:38.348,1.02114,1.02139,1.75,1.50
2016.11.02 08:00:40.033,1.02116,1.02139,1.00,1.72
2016.11.02 08:00:40.134,1.02114,1.02138,1.50,1.00
2016.11.02 08:00:40.235,1.02114,1.02139,1.75,2.10
2016.11.02 08:00:42.937,1.02117,1.02139,2.10,1.75
2016.11.02 08:00:43.088,1.0212,1.02141,2.10,1.00
2016.11.02 08:00:43.139,1.0212,1.02142,2.47,1.37
2016.11.02 08:00:43.340,1.0212,1.02146,2.85,2.10
2016.11.02 08:00:44.119,1.02121,1.02146,1.75,2.10
2016.11.02 08:00:44.220,1.02121,1.02146,3.37,1.35
2016.11.02 08:00:47.163,1.02123,1.02145,1.75,1.00
2016.11.02 08:00:47.903,1.02121,1.02143,4.12,1.00
2016.11.02 08:00:48.055,1.02119,1.02141,3.37,1.00
2016.11.02 08:00:48.156,1.02115,1.02139,4.12,1.00
2016.11.02 08:00:48.222,1.02115,1.02139,1.75,1.00
2016.11.02 08:00:48.909,1.02115,1.02141,2.25,1.87
2016.11.02 08:00:49.110,1.02115,1.02139,1.75,1.00
2016.11.02 08:00:52.405,1.02117,1.02141,1.75,1.87
2016.11.02 08:00:52.456,1.02118,1.02141,1.67,1.35
2016.11.02 08:00:53.145,1.0212,1.02144,2.10,1.67
2016.11.02 08:00:53.372,1.02121,1.02146,2.25,1.72
2016.11.02 08:00:53.681,1.02121,1.02146,1.75,1.87
2016.11.02 08:00:53.955,1.02116,1.02141,1.67,2.47
2016.11.02 08:00:54.157,1.02119,1.02144,3.60,1.35
2016.11.02 08:00:54.658,1.02121,1.02143,1.35,1.00
2016.11.02 08:00:54.709,1.02121,1.02143,1.00,2.85
2016.11.02 08:00:54.804,1.02121,1.02143,1.00,1.60
2016.11.02 08:00:54.859,1.02119,1.0214,1.00,1.00
2016.11.02 08:00:55.362,1.02115,1.0214,2.85,1.37
2016.11.02 08:01:00.201,1.02115,1.0214,1.35,1.37
2016.11.02 08:01:00.353,1.02117,1.02139,1.60,1.00
2016.11.02 08:01:00.873,1.02119,1.02139,1.00,1.00
2016.11.02 08:01:01.397,1.02119,1.02141,1.37,1.75
2016.11.02 08:01:01.916,1.02119,1.02141,1.12,1.75
2016.11.02 08:01:02.405,1.02115,1.02139,1.35,1.37
2016.11.02 08:01:02.608,1.02116,1.02139,1.00,2.10
2016.11.02 08:01:02.709,1.02113,1.02137,1.35,1.00
2016.11.02 08:01:02.860,1.02111,1.02134,2.10,1.30
2016.11.02 08:01:03.030,1.02112,1.02137,1.75,1.35
2016.11.02 08:01:03.155,1.02114,1.02137,1.37,1.35
2016.11.02 08:01:05.716,1.02113,1.02137,2.10,2.10
2016.11.02 08:01:05.918,1.02118,1.02141,2.10,3.00
2016.11.02 08:01:06.069,1.0212,1.0214,2.10,1.00
2016.11.02 08:01:06.119,1.02124,1.02143,2.10,1.75
2016.11.02 08:01:06.253,1.0212,1.02141,2.10,1.50
2016.11.02 08:01:06.599,1.0212,1.02141,2.47,1.12
2016.11.02 08:01:07.104,1.0212,1.02142,2.85,1.00
2016.11.02 08:01:07.356,1.0212,1.02142,1.35,2.10
2016.11.02 08:01:07.406,1.0212,1.02142,1.30,2.10
2016.11.02 08:01:07.947,1.02118,1.0214,2.10,1.50
2016.11.02 08:01:08.450,1.0212,1.02141,1.30,1.50
2016.11.02 08:01:09.953,1.02121,1.02141,2.10,1.50
2016.11.02 08:01:10.416,1.02119,1.02143,1.72,1.75
2016.11.02 08:01:10.517,1.0212,1.02143,1.30,1.75
2016.11.02 08:01:10.819,1.0212,1.02142,1.35,1.00
2016.11.02 08:01:10.948,1.02119,1.02143,1.60,1.75
2016.11.02 08:01:11.455,1.0212,1.02143,2.10,1.75
2016.11.02 08:01:11.556,1.0212,1.02142,2.85,1.00
2016.11.02 08:01:12.079,1.0212,1.02143,2.47,1.75
2016.11.02 08:01:12.129,1.0212,1.02143,2.47,1.75
2016.11.02 08:01:13.330,1.02121,1.02143,1.30,1.75
2016.11.02 08:01:14.557,1.0212,1.02143,2.47,1.75
2016.11.02 08:01:15.351,1.0212,1.02142,2.85,1.00
2016.11.02 08:01:15.744,1.02117,1.02143,1.50,1.75
2016.11.02 08:01:15.845,1.02119,1.02141,1.00,1.00
2016.11.02 08:01:16.368,1.02118,1.0214,1.00,1.50
2016.11.02 08:01:17.778,1.02118,1.0214,1.60,1.00
2016.11.02 08:01:18.393,1.02117,1.02141,2.85,2.25
2016.11.02 08:01:18.841,1.02118,1.0214,1.50,1.35
2016.11.02 08:01:18.892,1.02118,1.0214,1.50,1.30
2016.11.02 08:01:19.194,1.02113,1.0214,6.97,2.10
2016.11.02 08:01:21.052,1.02113,1.02137,6.22,1.00
2016.11.02 08:01:21.663,1.02113,1.02135,5.47,1.00
2016.11.02 08:01:22.287,1.02114,1.02136,1.75,1.00
2016.11.02 08:01:23.370,1.02113,1.02135,2.62,1.00
2016.11.02 08:01:23.471,1.0211,1.02134,4.12,1.35
2016.11.02 08:01:23.521,1.0211,1.02134,4.12,1.60
2016.11.02 08:01:23.773,1.02109,1.02132,1.50,1.72
2016.11.02 08:01:23.895,1.02109,1.02132,2.25,1.72
2016.11.02 08:01:24.047,1.02109,1.02132,1.50,1.72
2016.11.02 08:01:24.692,1.02109,1.02132,1.75,1.72
2016.11.02 08:01:25.019,1.02113,1.02134,2.85,1.00
2016.11.02 08:01:25.322,1.02108,1.0213,2.25,1.00
2016.11.02 08:01:25.828,1.02109,1.0213,1.00,1.00
2016.11.02 08:01:26.551,1.02109,1.0213,1.12,1.37
2016.11.02 08:01:26.977,1.0211,1.02132,1.50,1.00
2016.11.02 08:01:27.028,1.02112,1.02135,2.47,1.75
2016.11.02 08:01:27.079,1.02112,1.02134,2.85,1.00
2016.11.02 08:01:27.180,1.02114,1.02135,1.35,1.12
2016.11.02 08:01:27.548,1.02114,1.02137,1.67,1.12
2016.11.02 08:01:28.050,1.02114,1.02138,2.85,1.50
2016.11.02 08:01:28.302,1.02114,1.02137,1.72,1.75
2016.11.02 08:01:28.970,1.02113,1.02133,1.35,1.00
2016.11.02 08:01:29.508,1.02112,1.02133,2.47,1.50
2016.11.02 08:01:30.199,1.02112,1.02133,2.47,1.50
2016.11.02 08:01:30.494,1.02113,1.02135,1.67,2.10
2016.11.02 08:01:30.595,1.02111,1.02135,1.00,1.75
2016.11.02 08:01:30.797,1.02108,1.02134,4.87,1.50
2016.11.02 08:01:31.105,1.02113,1.02133,2.47,1.37
2016.11.02 08:01:39.876,1.02116,1.02135,1.50,1.75
2016.11.02 08:01:39.977,1.02115,1.02134,2.47,1.00
2016.11.02 08:01:40.379,1.02115,1.02138,2.85,1.72
2016.11.02 08:01:40.480,1.02115,1.02137,3.60,1.00
2016.11.02 08:01:40.581,1.02115,1.02139,4.35,1.72
2016.11.02 08:01:41.104,1.02116,1.02141,2.10,2.85
2016.11.02 08:01:41.560,1.02119,1.02141,2.47,2.25
2016.11.02 08:01:42.026,1.02121,1.02143,1.35,1.12
2016.11.02 08:01:42.908,1.02121,1.02142,1.35,1.00
2016.11.02 08:01:43.109,1.02119,1.02142,2.85,1.12
2016.11.02 08:01:45.810,1.02124,1.02143,1.00,1.50
2016.11.02 08:01:46.223,1.02123,1.02144,1.00,1.00
2016.11.02 08:01:46.375,1.02124,1.02144,1.60,1.12
2016.11.02 08:01:46.778,1.02124,1.02146,2.10,1.12
2016.11.02 08:01:48.003,1.02119,1.02143,3.97,1.00
2016.11.02 08:01:48.169,1.02118,1.02143,2.25,1.50
2016.11.02 08:01:50.378,1.02119,1.0214,1.50,1.00
2016.11.02 08:01:53.207,1.02117,1.02139,1.75,1.00
2016.11.02 08:01:53.420,1.02115,1.02139,3.60,1.12
2016.11.02 08:01:55.153,1.02115,1.02139,3.60,1.50
2016.11.02 08:01:58.600,1.02115,1.02137,3.60,1.00
2016.11.02 08:02:00.510,1.02119,1.02139,1.12,1.50
2016.11.02 08:02:00.561,1.02119,1.02139,3.22,1.50
2016.11.02 08:02:00.662,1.0212,1.0214,1.60,1.00
2016.11.02 08:02:00.763,1.02122,1.02142,2.10,1.50
2016.11.02 08:02:01.111,1.02125,1.02146,2.47,1.37
2016.11.02 08:02:01.162,1.02125,1.02146,1.67,1.12
2016.11.02 08:02:01.263,1.02122,1.02145,1.67,1.30
2016.11.02 08:02:01.803,1.02122,1.02143,1.67,1.00
2016.11.02 08:02:02.295,1.02122,1.02141,1.67,1.00
2016.11.02 08:02:03.941,1.02123,1.02148,3.97,1.75
2016.11.02 08:02:04.042,1.02127,1.02145,1.35,1.00
2016.11.02 08:02:04.143,1.02127,1.02147,1.35,1.00
2016.11.02 08:02:04.735,1.02128,1.02148,1.00,1.00
2016.11.02 08:02:05.265,1.02129,1.02148,1.50,1.00
2016.11.02 08:02:06.147,1.02128,1.02148,1.00,1.00
2016.11.02 08:02:06.322,1.02129,1.02148,1.50,1.00
2016.11.02 08:02:06.601,1.02129,1.0215,1.50,1.12
2016.11.02 08:02:06.852,1.02129,1.0215,2.10,1.00
2016.11.02 08:02:09.288,1.02129,1.0215,1.67,1.00
2016.11.02 08:02:09.928,1.02129,1.02149,1.67,1.00
2016.11.02 08:02:10.507,1.02129,1.02148,1.67,1.00
2016.11.02 08:02:13.411,1.02129,1.02148,1.30,1.12
2016.11.02 08:02:13.462,1.02129,1.02148,2.10,1.12
2016.11.02 08:02:13.764,1.02133,1.02149,2.10,1.00
2016.11.02 08:02:13.926,1.02129,1.02148,1.75,1.00
2016.11.02 08:02:14.027,1.02129,1.02148,1.50,1.00
2016.11.02 08:02:14.550,1.02127,1.02148,2.85,1.00
2016.11.02 08:02:15.068,1.02129,1.02149,1.12,1.12
2016.11.02 08:02:15.780,1.02127,1.02151,5.47,1.37
2016.11.02 08:02:15.881,1.0213,1.0215,1.00,1.12
2016.11.02 08:02:16.552,1.0213,1.0215,2.47,1.12
2016.11.02 08:02:17.055,1.0213,1.02149,2.10,1.00
2016.11.02 08:02:17.948,1.0213,1.02148,2.10,1.00
2016.11.02 08:02:18.437,1.02129,1.0215,2.85,1.50
2016.11.02 08:02:18.488,1.02129,1.0215,2.10,1.50
2016.11.02 08:02:18.992,1.02129,1.02147,1.35,1.00
2016.11.02 08:02:19.143,1.02127,1.02148,2.85,1.00
2016.11.02 08:02:19.194,1.02127,1.02149,2.85,1.50
2016.11.02 08:02:20.316,1.02129,1.02146,1.12,1.00
2016.11.02 08:02:20.447,1.02129,1.02148,1.12,1.00
2016.11.02 08:02:20.955,1.02129,1.02149,1.12,1.12
2016.11.02 08:02:21.106,1.02129,1.02149,1.50,1.00
2016.11.02 08:02:22.548,1.02128,1.0215,1.75,1.12
2016.11.02 08:02:23.215,1.02129,1.0215,1.50,1.00
2016.11.02 08:02:23.544,1.02129,1.0215,1.75,1.00
2016.11.02 08:02:24.413,1.02131,1.0215,3.37,1.00
2016.11.02 08:02:24.464,1.02131,1.02153,3.37,1.00
2016.11.02 08:02:24.514,1.02134,1.02153,1.75,1.00
2016.11.02 08:02:24.565,1.02134,1.02158,1.75,1.72
2016.11.02 08:02:24.616,1.02135,1.02158,2.62,1.60
2016.11.02 08:02:24.666,1.02135,1.02158,3.22,1.35
2016.11.02 08:02:25.202,1.0214,1.02159,1.00,1.00
2016.11.02 08:02:25.901,1.02139,1.02159,1.00,1.12
2016.11.02 08:02:26.235,1.02134,1.02157,2.85,1.00
2016.11.02 08:02:26.588,1.02136,1.02156,1.00,1.72
2016.11.02 08:02:26.689,1.02133,1.02156,2.10,1.35
2016.11.02 08:02:26.964,1.02131,1.02154,1.75,1.00
2016.11.02 08:02:29.539,1.02134,1.02155,1.67,1.00
2016.11.02 08:02:29.791,1.02134,1.02155,2.10,1.35
2016.11.02 08:02:30.312,1.02137,1.02155,2.47,1.00
2016.11.02 08:02:30.564,1.02138,1.02159,1.67,1.12
2016.11.02 08:02:31.101,1.02138,1.02159,1.35,1.00
2016.11.02 08:02:31.551,1.02143,1.02159,2.10,1.00
2016.11.02 08:02:32.150,1.02141,1.02159,2.10,1.00
2016.11.02 08:02:32.402,1.02138,1.02159,1.67,1.00
2016.11.02 08:02:32.844,1.02137,1.02157,1.35,1.00
2016.11.02 08:02:32.945,1.02137,1.0216,1.35,1.50
2016.11.02 08:02:34.440,1.02137,1.02157,1.35,1.00
2016.11.02 08:02:35.170,1.02137,1.0216,1.35,1.50
2016.11.02 08:02:36.096,1.0214,1.0216,1.60,1.37
2016.11.02 08:02:36.348,1.02139,1.0216,2.10,1.50
2016.11.02 08:02:36.451,1.02138,1.02154,1.00,1.00
2016.11.02 08:02:36.634,1.02133,1.02153,1.35,1.00
2016.11.02 08:02:37.088,1.02135,1.02155,1.67,1.00
2016.11.02 08:02:37.592,1.02134,1.02152,1.35,1.00
2016.11.02 08:02:38.131,1.02132,1.02152,2.85,1.00
2016.11.02 08:02:38.448,1.0213,1.02152,3.60,1.00
2016.11.02 08:02:38.600,1.02134,1.02152,2.10,1.00
2016.11.02 08:02:38.744,1.02132,1.02151,1.67,1.00
2016.11.02 08:02:39.650,1.02129,1.0215,2.62,1.00
2016.11.02 08:02:40.206,1.02134,1.0215,2.10,1.00
2016.11.02 08:02:42.952,1.02134,1.02152,2.10,1.00
2016.11.02 08:02:43.003,1.02133,1.02152,1.30,1.00
2016.11.02 08:02:43.549,1.02133,1.02151,1.30,1.00
2016.11.02 08:02:44.060,1.02134,1.02151,2.10,1.00
2016.11.02 08:02:44.161,1.02129,1.02151,3.37,1.00
2016.11.02 08:02:44.765,1.02129,1.02151,1.75,1.00
2016.11.02 08:02:45.038,1.0213,1.02151,1.00,1.35
2016.11.02 08:02:45.089,1.0213,1.02149,1.00,1.00
2016.11.02 08:02:45.593,1.02128,1.02148,1.50,1.00
2016.11.02 08:02:46.170,1.02129,1.02149,1.37,1.00
2016.11.02 08:02:46.706,1.02129,1.02151,1.37,1.37
2016.11.02 08:02:47.208,1.02128,1.02149,1.75,1.00
2016.11.02 08:02:47.716,1.02128,1.02151,1.67,2.10
2016.11.02 08:02:48.066,1.02129,1.02152,1.75,1.00
2016.11.02 08:02:48.368,1.02134,1.02153,1.50,1.00
2016.11.02 08:02:48.469,1.02134,1.02155,1.00,2.10
2016.11.02 08:02:48.990,1.02133,1.02154,1.00,1.00
2016.11.02 08:02:49.497,1.02133,1.02153,1.00,1.00
2016.11.02 08:02:49.904,1.0213,1.02151,1.35,1.00
2016.11.02 08:02:50.247,1.02131,1.02151,1.30,1.37
2016.11.02 08:02:50.549,1.02129,1.02151,1.30,1.12
2016.11.02 08:02:51.110,1.02129,1.0215,1.30,1.00
2016.11.02 08:02:52.315,1.02126,1.0215,1.75,1.60
2016.11.02 08:02:52.568,1.02127,1.02149,1.00,1.50
2016.11.02 08:02:52.670,1.02126,1.02149,1.35,1.12
2016.11.02 08:02:53.144,1.02126,1.02149,1.67,1.50
2016.11.02 08:02:53.751,1.02128,1.02148,1.00,1.00
2016.11.02 08:02:54.256,1.02127,1.02148,1.00,1.00
2016.11.02 08:02:54.558,1.02126,1.02151,2.10,2.85
2016.11.02 08:02:55.186,1.0213,1.02155,2.47,1.75
2016.11.02 08:02:55.288,1.02133,1.02156,1.30,1.75
2016.11.02 08:02:55.389,1.02133,1.02155,1.35,1.00
2016.11.02 08:02:55.490,1.02134,1.02156,1.50,1.12
2016.11.02 08:02:56.430,1.02134,1.02159,1.75,2.10
2016.11.02 08:02:57.651,1.02135,1.02159,1.72,1.75
2016.11.02 08:02:58.573,1.02135,1.02159,2.10,1.75
2016.11.02 08:02:58.674,1.02135,1.02159,1.72,1.75
2016.11.02 08:03:00.504,1.02135,1.02159,1.67,1.75
2016.11.02 08:03:00.555,1.02139,1.02159,1.00,1.75
2016.11.02 08:03:00.706,1.0214,1.02162,1.30,1.75
2016.11.02 08:03:00.962,1.02136,1.02159,2.47,1.67
2016.11.02 08:03:01.467,1.02138,1.02161,2.10,2.25
2016.11.02 08:03:01.772,1.02138,1.02162,2.25,1.12
2016.11.02 08:03:01.822,1.02138,1.02162,1.75,1.72
2016.11.02 08:03:01.873,1.02138,1.0216,1.50,1.30
2016.11.02 08:03:02.025,1.0214,1.02162,1.00,1.00
2016.11.02 08:03:02.665,1.02141,1.02161,2.10,1.00
2016.11.02 08:03:02.967,1.02141,1.02163,2.85,1.12
2016.11.02 08:03:03.284,1.02139,1.02158,1.30,1.00
2016.11.02 08:03:03.385,1.02137,1.02158,1.00,1.35
2016.11.02 08:03:03.435,1.02137,1.02158,2.85,1.00
2016.11.02 08:03:03.738,1.02141,1.02162,2.10,2.25
2016.11.02 08:03:04.274,1.0214,1.02162,2.10,2.25
2016.11.02 08:03:04.375,1.02141,1.02163,2.47,1.75
2016.11.02 08:03:04.425,1.02145,1.02163,2.10,1.75
2016.11.02 08:03:04.476,1.02145,1.02163,2.10,1.12
2016.11.02 08:03:04.677,1.02143,1.02166,1.30,2.85
2016.11.02 08:03:04.910,1.02138,1.02161,2.62,1.00
2016.11.02 08:03:05.012,1.02138,1.02162,1.75,1.72
2016.11.02 08:03:05.085,1.02138,1.02158,1.00,1.00
2016.11.02 08:03:05.387,1.0214,1.02164,1.00,2.25
2016.11.02 08:03:05.807,1.02138,1.0216,1.50,1.00
2016.11.02 08:03:05.908,1.02138,1.02161,1.75,1.00
2016.11.02 08:03:06.210,1.02141,1.02166,1.35,1.75
2016.11.02 08:03:06.718,1.02138,1.02164,3.37,1.75
2016.11.02 08:03:06.925,1.0214,1.02165,1.12,1.75
2016.11.02 08:03:06.976,1.0214,1.02165,3.37,1.37
2016.11.02 08:03:07.026,1.02141,1.02166,3.97,1.35
2016.11.02 08:03:08.457,1.02141,1.02162,2.25,1.60
2016.11.02 08:03:08.508,1.02138,1.02162,1.35,1.60
2016.11.02 08:03:08.710,1.02138,1.02159,1.35,1.50
2016.11.02 08:03:11.198,1.02135,1.02159,1.67,1.50
2016.11.02 08:03:13.037,1.02135,1.02156,1.35,1.00
2016.11.02 08:03:13.567,1.02135,1.02159,1.67,1.37
2016.11.02 08:03:13.617,1.02135,1.02159,1.35,1.37
2016.11.02 08:03:14.038,1.02135,1.02159,1.35,1.00
2016.11.02 08:03:15.107,1.02134,1.02158,5.47,1.00
2016.11.02 08:03:16.202,1.02135,1.02158,1.35,1.12
2016.11.02 08:03:16.533,1.0214,1.02162,2.85,1.50
2016.11.02 08:03:16.634,1.0214,1.02161,1.00,1.60
2016.11.02 08:03:16.937,1.02134,1.02158,2.10,1.50
2016.11.02 08:03:17.789,1.02133,1.02156,2.10,1.00
2016.11.02 08:03:18.306,1.02133,1.02155,2.10,1.00
2016.11.02 08:03:19.661,1.02134,1.02155,1.00,1.00
2016.11.02 08:03:20.403,1.02134,1.02154,1.50,1.00
2016.11.02 08:03:20.608,1.02134,1.02156,1.50,1.50
2016.11.02 08:03:21.127,1.02134,1.02156,1.37,1.37
2016.11.02 08:03:21.698,1.02134,1.02156,1.50,1.12
2016.11.02 08:03:22.124,1.02134,1.02159,2.85,1.72
2016.11.02 08:03:22.326,1.02136,1.02158,1.75,1.00
2016.11.02 08:03:23.650,1.02136,1.02159,2.10,1.00
2016.11.02 08:03:23.953,1.02137,1.02161,1.75,1.00
2016.11.02 08:03:27.168,1.02137,1.02161,2.25,1.12
2016.11.02 08:03:27.681,1.02137,1.02161,4.12,1.00
2016.11.02 08:03:29.452,1.02137,1.02161,2.25,1.12
2016.11.02 08:03:32.032,1.02139,1.02162,1.75,1.00
2016.11.02 08:03:32.344,1.02139,1.02162,1.75,1.00
2016.11.02 08:03:32.445,1.02139,1.02164,1.75,1.50
2016.11.02 08:03:33.244,1.02139,1.02164,1.75,1.87
2016.11.02 08:03:33.792,1.02141,1.02166,1.75,2.10
2016.11.02 08:03:33.893,1.02144,1.02166,1.00,2.25
2016.11.02 08:03:34.008,1.02142,1.02166,1.75,1.87
2016.11.02 08:03:34.059,1.02142,1.02166,1.00,2.25
2016.11.02 08:03:34.595,1.02141,1.02165,1.72,1.75
2016.11.02 08:03:34.696,1.02141,1.02164,1.35,1.75
2016.11.02 08:03:34.797,1.02141,1.02164,1.35,1.12
2016.11.02 08:03:34.898,1.02141,1.02164,1.35,1.75
2016.11.02 08:03:35.433,1.02141,1.02162,1.67,1.12
2016.11.02 08:03:38.206,1.02139,1.02162,1.75,1.72
2016.11.02 08:03:38.735,1.02138,1.02162,1.50,1.50
2016.11.02 08:03:38.786,1.02138,1.02162,1.37,1.75
2016.11.02 08:03:39.704,1.02139,1.02162,2.10,1.00
2016.11.02 08:03:40.235,1.0214,1.02164,2.10,1.50
2016.11.02 08:03:40.286,1.02141,1.02164,1.67,1.50
2016.11.02 08:03:41.008,1.02143,1.02164,1.12,1.12
2016.11.02 08:03:41.682,1.02142,1.02164,1.00,1.12
2016.11.02 08:03:42.208,1.02141,1.02164,1.35,1.50
2016.11.02 08:03:42.721,1.02143,1.02165,1.12,1.35
2016.11.02 08:03:44.198,1.0214,1.02163,2.10,1.00
2016.11.02 08:03:44.795,1.0214,1.02165,2.10,1.35
2016.11.02 08:03:45.008,1.0214,1.02165,2.10,1.35
2016.11.02 08:03:48.123,1.02144,1.02166,1.00,1.75
2016.11.02 08:03:50.746,1.02144,1.02166,1.50,1.50
2016.11.02 08:03:52.713,1.02144,1.02166,1.12,1.75
2016.11.02 08:03:52.821,1.02144,1.02166,1.50,1.50
2016.11.02 08:03:53.173,1.02145,1.02168,2.47,1.75
2016.11.02 08:03:54.821,1.02144,1.02169,2.25,2.25
2016.11.02 08:03:58.927,1.02143,1.02168,2.10,1.75
2016.11.02 08:03:59.129,1.0214,1.02165,2.10,1.12
2016.11.02 08:03:59.330,1.0214,1.02165,2.10,1.75
2016.11.02 08:03:59.675,1.02141,1.02165,2.10,1.12
2016.11.02 08:04:01.376,1.02141,1.02165,1.75,1.72
2016.11.02 08:04:01.628,1.02139,1.02162,1.75,1.12
2016.11.02 08:04:02.142,1.02137,1.02161,2.25,1.12
2016.11.02 08:04:02.595,1.02143,1.02163,2.10,1.50
2016.11.02 08:04:03.548,1.02143,1.02162,2.47,1.00
2016.11.02 08:04:03.850,1.02142,1.02164,2.85,1.75
2016.11.02 08:04:04.438,1.02139,1.02163,2.25,2.10
2016.11.02 08:04:04.539,1.0214,1.02163,1.00,1.72
2016.11.02 08:04:09.892,1.02139,1.02163,1.12,1.75
2016.11.02 08:04:10.207,1.02134,1.02157,1.35,1.97
2016.11.02 08:04:10.315,1.02134,1.02156,1.35,1.67
2016.11.02 08:04:10.466,1.02133,1.02156,3.22,1.30
2016.11.02 08:04:10.996,1.02134,1.02155,1.00,1.37
2016.11.02 08:04:11.255,1.02133,1.02157,2.85,1.35
2016.11.02 08:04:14.346,1.02134,1.02158,4.35,1.75
2016.11.02 08:04:14.397,1.02136,1.02158,1.35,1.12
2016.11.02 08:04:14.447,1.02138,1.02158,2.47,1.12
2016.11.02 08:04:14.952,1.02139,1.02159,2.10,1.00
2016.11.02 08:04:15.398,1.02139,1.02161,1.60,1.00
2016.11.02 08:04:15.669,1.02138,1.02161,1.00,1.00
2016.11.02 08:04:15.720,1.02138,1.02159,1.00,1.00
2016.11.02 08:04:15.872,1.02134,1.02158,2.85,1.12
2016.11.02 08:04:15.973,1.02134,1.02158,2.85,1.75
2016.11.02 08:04:16.798,1.02134,1.02158,1.35,1.50
2016.11.02 08:04:17.479,1.02134,1.02156,1.35,1.00
2016.11.02 08:04:19.978,1.02134,1.02156,1.75,1.12
2016.11.02 08:04:20.179,1.02131,1.02155,1.75,1.67
2016.11.02 08:04:20.488,1.0213,1.02154,2.10,1.50
2016.11.02 08:04:20.923,1.02129,1.02151,2.10,1.00
2016.11.02 08:04:21.074,1.02128,1.0215,1.35,1.00
2016.11.02 08:04:21.175,1.02129,1.0215,1.50,1.12
2016.11.02 08:04:21.596,1.02129,1.0215,1.00,1.35
2016.11.02 08:04:22.099,1.02129,1.02151,1.37,2.10
2016.11.02 08:04:22.483,1.0213,1.02151,1.00,1.00
2016.11.02 08:04:22.814,1.0213,1.02153,3.37,1.35
2016.11.02 08:04:22.915,1.02132,1.02153,1.00,1.00
2016.11.02 08:04:23.402,1.02129,1.02154,1.35,1.75
2016.11.02 08:04:23.604,1.02128,1.02151,2.10,1.67
2016.11.02 08:04:24.144,1.02128,1.02151,2.10,1.72
2016.11.02 08:04:26.119,1.02129,1.02151,1.75,1.35
2016.11.02 08:04:26.320,1.02129,1.02153,1.35,1.12
2016.11.02 08:04:26.371,1.02132,1.02153,2.10,1.12
2016.11.02 08:04:26.623,1.02133,1.02155,1.67,1.30
2016.11.02 08:04:27.523,1.02131,1.02155,1.35,2.47
2016.11.02 08:04:27.624,1.02131,1.02152,1.35,1.60
2016.11.02 08:04:27.826,1.02129,1.0215,1.00,1.00
2016.11.02 08:04:27.927,1.02127,1.02149,2.47,1.37
2016.11.02 08:04:30.478,1.02129,1.02149,1.00,1.37
2016.11.02 08:04:31.594,1.02125,1.02149,1.67,1.35
2016.11.02 08:04:33.197,1.02127,1.02148,1.00,2.85
2016.11.02 08:04:33.464,1.02128,1.0215,1.67,1.50
2016.11.02 08:04:33.616,1.0213,1.02152,1.00,1.00
2016.11.02 08:04:34.019,1.02132,1.02153,1.00,1.00
2016.11.02 08:04:35.923,1.02132,1.02151,1.00,1.00
2016.11.02 08:04:36.024,1.02129,1.02151,1.00,1.50
2016.11.02 08:04:38.143,1.02128,1.02152,2.85,1.12
2016.11.02 08:04:39.645,1.02129,1.02151,1.50,1.50
2016.11.02 08:04:40.320,1.0213,1.02151,1.00,1.00
2016.11.02 08:04:40.419,1.02127,1.02151,1.75,2.10
2016.11.02 08:04:41.247,1.02124,1.0215,3.97,2.10
2016.11.02 08:04:42.430,1.02126,1.02151,1.75,1.72
2016.11.02 08:04:43.098,1.02128,1.02152,1.50,1.50
2016.11.02 08:04:43.149,1.02132,1.02153,1.35,1.00
2016.11.02 08:04:43.451,1.02143,1.02164,1.00,1.00
2016.11.02 08:04:43.552,1.02143,1.02167,1.50,2.25
2016.11.02 08:04:43.754,1.02145,1.02166,1.50,1.00
2016.11.02 08:04:43.805,1.02145,1.02169,1.50,1.67
2016.11.02 08:04:44.109,1.02144,1.02165,1.50,1.60
2016.11.02 08:04:44.260,1.02141,1.02165,1.50,1.35
2016.11.02 08:04:44.311,1.02141,1.02161,1.50,1.00
2016.11.02 08:04:44.814,1.02139,1.0216,1.67,1.12
2016.11.02 08:04:45.328,1.02139,1.02162,1.35,1.50
2016.11.02 08:04:45.836,1.02141,1.02162,1.00,2.10
2016.11.02 08:04:46.185,1.02136,1.02162,2.10,2.85
2016.11.02 08:04:46.639,1.02141,1.02162,1.37,1.37
2016.11.02 08:04:46.740,1.02141,1.02164,1.75,1.30
2016.11.02 08:04:46.891,1.02142,1.02165,1.75,2.85
2016.11.02 08:04:47.013,1.02141,1.02162,1.00,1.00
2016.11.02 08:04:47.165,1.02137,1.02162,1.50,1.35
2016.11.02 08:04:47.467,1.0214,1.02165,1.50,2.10
2016.11.02 08:04:47.619,1.02143,1.02164,1.00,1.00
2016.11.02 08:04:47.720,1.0214,1.02165,2.10,2.10
2016.11.02 08:04:48.581,1.02142,1.02165,1.35,1.50
2016.11.02 08:04:48.632,1.02143,1.02165,2.85,1.12
2016.11.02 08:04:49.147,1.0214,1.02164,2.10,1.72
2016.11.02 08:04:50.046,1.02141,1.02162,1.75,1.00
2016.11.02 08:04:50.151,1.02141,1.02164,1.75,1.30
2016.11.02 08:04:51.123,1.02141,1.02164,1.75,1.30
2016.11.02 08:04:51.785,1.02141,1.02165,3.37,1.72
2016.11.02 08:04:51.886,1.02141,1.02164,2.62,2.10
2016.11.02 08:04:52.037,1.02141,1.02163,1.00,1.60
2016.11.02 08:04:52.088,1.02141,1.02163,1.00,1.50
2016.11.02 08:04:52.138,1.02139,1.02163,2.25,1.75
2016.11.02 08:04:52.441,1.0214,1.02161,1.50,1.00
2016.11.02 08:04:52.966,1.02138,1.02162,1.67,3.00
2016.11.02 08:04:53.067,1.02137,1.02158,2.10,1.00
2016.11.02 08:04:53.584,1.02139,1.02158,1.00,1.00
2016.11.02 08:04:54.546,1.02139,1.02161,1.00,1.75
2016.11.02 08:04:54.668,1.02139,1.02161,1.12,1.75
2016.11.02 08:04:58.095,1.02139,1.02162,3.22,1.75
2016.11.02 08:04:58.397,1.02139,1.02162,2.10,1.75
2016.11.02 08:04:58.549,1.02139,1.02159,2.85,1.00
2016.11.02 08:05:00.182,1.02139,1.02162,3.22,1.75
2016.11.02 08:05:00.392,1.02138,1.02162,3.60,2.10
2016.11.02 08:05:00.442,1.02138,1.02162,3.60,2.10
2016.11.02 08:05:00.745,1.02139,1.02162,2.25,2.85
2016.11.02 08:05:01.069,1.02138,1.0216,2.10,1.00
2016.11.02 08:05:01.170,1.02138,1.02162,2.10,2.85
2016.11.02 08:05:01.851,1.02141,1.02164,1.72,1.35
2016.11.02 08:05:01.951,1.02141,1.02165,2.85,3.22
2016.11.02 08:05:02.562,1.02142,1.02165,1.75,2.10
2016.11.02 08:05:02.979,1.02144,1.02166,1.00,2.10
2016.11.02 08:05:03.482,1.02145,1.02166,1.00,2.10
2016.11.02 08:05:07.398,1.02145,1.02167,1.00,1.00
2016.11.02 08:05:07.499,1.02144,1.02168,1.37,1.75
2016.11.02 08:05:07.552,1.02144,1.02167,1.37,1.00
2016.11.02 08:05:08.159,1.02148,1.02168,1.00,1.00
2016.11.02 08:05:08.662,1.02148,1.02169,1.00,2.10
2016.11.02 08:05:08.991,1.02143,1.02166,2.25,1.30
2016.11.02 08:05:09.901,1.02144,1.02166,1.75,1.00
2016.11.02 08:05:10.002,1.02143,1.02166,2.85,1.00
2016.11.02 08:05:10.053,1.02144,1.02169,2.85,2.10
2016.11.02 08:05:10.104,1.02146,1.02172,1.35,2.85
2016.11.02 08:05:14.901,1.0215,1.02172,1.00,2.10
2016.11.02 08:05:17.486,1.02151,1.02171,1.00,1.00
2016.11.02 08:05:17.587,1.02154,1.02176,1.00,1.00
2016.11.02 08:05:18.056,1.02154,1.02178,1.50,2.10
2016.11.02 08:05:19.300,1.02153,1.02176,1.12,1.75
2016.11.02 08:05:21.001,1.02153,1.02177,2.25,1.75
2016.11.02 08:05:21.405,1.02152,1.02176,1.75,2.25
2016.11.02 08:05:23.169,1.02152,1.02173,1.75,2.10
2016.11.02 08:05:23.321,1.02154,1.02177,1.75,3.22
2016.11.02 08:05:23.371,1.02154,1.02178,1.75,2.10
2016.11.02 08:05:23.422,1.02154,1.02178,1.75,1.30
2016.11.02 08:05:24.431,1.02154,1.02178,2.25,1.67
2016.11.02 08:05:24.700,1.02153,1.02175,1.50,1.60
2016.11.02 08:05:24.801,1.02151,1.02174,1.30,1.35
2016.11.02 08:05:25.305,1.0215,1.02174,1.75,2.10
2016.11.02 08:05:25.850,1.0215,1.02174,2.47,1.75
2016.11.02 08:05:26.694,1.0215,1.02171,2.47,1.00
2016.11.02 08:05:27.198,1.0215,1.02173,2.47,1.50
2016.11.02 08:05:27.539,1.0215,1.02173,2.47,1.75
2016.11.02 08:05:28.246,1.02152,1.02177,2.10,2.25
2016.11.02 08:05:28.316,1.02152,1.02174,2.25,2.10
2016.11.02 08:05:28.524,1.02149,1.02174,2.25,2.47
2016.11.02 08:05:30.413,1.02151,1.02174,1.35,1.72
2016.11.02 08:05:30.515,1.02149,1.02171,2.25,2.10
2016.11.02 08:05:31.822,1.02151,1.02173,1.67,1.12
2016.11.02 08:05:35.359,1.02151,1.02173,1.50,2.47
2016.11.02 08:05:35.459,1.02152,1.02173,1.75,2.10
2016.11.02 08:05:35.661,1.02151,1.02174,1.35,2.47
2016.11.02 08:05:36.230,1.0215,1.02173,1.72,3.60
2016.11.02 08:05:36.332,1.02146,1.0217,3.60,2.10
2016.11.02 08:05:36.851,1.02148,1.0217,1.30,1.72
2016.11.02 08:05:39.309,1.02149,1.0217,1.00,1.72
2016.11.02 08:05:39.845,1.02149,1.02173,2.10,1.67
2016.11.02 08:05:40.148,1.02153,1.02171,1.00,1.35
2016.11.02 08:05:40.249,1.02149,1.02171,1.50,2.10
2016.11.02 08:05:43.014,1.02149,1.02171,2.85,1.50
2016.11.02 08:05:43.367,1.0215,1.02175,1.75,3.60
2016.11.02 08:05:43.468,1.02152,1.02173,1.00,1.00
2016.11.02 08:05:43.997,1.02152,1.02174,1.00,1.50
2016.11.02 08:05:45.373,1.02151,1.02174,1.35,1.00
2016.11.02 08:05:47.069,1.02151,1.02174,1.35,1.50
2016.11.02 08:05:47.602,1.02151,1.02176,1.35,2.10
2016.11.02 08:05:51.656,1.02154,1.02177,2.10,1.37
2016.11.02 08:05:51.707,1.02154,1.02177,2.10,1.37
2016.11.02 08:05:52.243,1.02155,1.02178,1.75,1.67
2016.11.02 08:05:56.101,1.02155,1.02178,1.75,1.30
2016.11.02 08:05:56.691,1.02155,1.02178,1.50,1.67
2016.11.02 08:05:57.421,1.02155,1.02178,1.50,1.35
2016.11.02 08:06:01.144,1.02154,1.02177,2.85,1.00
2016.11.02 08:06:01.692,1.02154,1.02178,3.60,1.72
2016.11.02 08:06:02.498,1.02154,1.02178,1.75,1.00
2016.11.02 08:06:02.801,1.02153,1.02176,1.00,2.25
2016.11.02 08:06:03.203,1.02152,1.02176,1.67,1.75
2016.11.02 08:06:03.892,1.02154,1.02177,1.00,3.60
2016.11.02 08:06:04.151,1.02152,1.02176,1.30,3.00
2016.11.02 08:06:04.332,1.02154,1.02176,1.00,2.25
2016.11.02 08:06:04.534,1.02154,1.02176,1.12,1.75
2016.11.02 08:06:05.142,1.02154,1.02178,1.12,3.60
2016.11.02 08:06:05.712,1.02154,1.02175,1.37,1.12
2016.11.02 08:06:07.243,1.02152,1.02176,1.75,1.72
2016.11.02 08:06:07.546,1.02151,1.02176,3.37,4.72
2016.11.02 08:06:08.173,1.02154,1.02175,1.75,1.00
2016.11.02 08:06:08.274,1.02155,1.02177,1.00,1.35
2016.11.02 08:06:08.325,1.02155,1.02179,1.75,1.72
2016.11.02 08:06:08.627,1.02155,1.02177,1.50,1.67
2016.11.02 08:06:08.728,1.02154,1.02177,1.00,2.10
2016.11.02 08:06:08.779,1.0215,1.02175,1.50,1.75
2016.11.02 08:06:08.830,1.0215,1.02173,1.75,2.47
2016.11.02 08:06:08.931,1.02149,1.02172,1.75,1.35
2016.11.02 08:06:09.091,1.02144,1.02168,1.75,1.12
2016.11.02 08:06:09.142,1.02144,1.02166,1.50,1.00
2016.11.02 08:06:09.344,1.02145,1.0217,2.10,1.35
2016.11.02 08:06:09.650,1.02149,1.0217,1.00,1.35
2016.11.02 08:06:10.471,1.02146,1.02171,1.72,1.75
2016.11.02 08:06:11.154,1.02148,1.02172,1.00,4.12
2016.11.02 08:06:11.255,1.02148,1.02172,1.12,1.75
2016.11.02 08:06:11.356,1.02149,1.02171,1.00,1.00
2016.11.02 08:06:11.406,1.0215,1.02173,1.37,1.37
2016.11.02 08:06:11.753,1.02152,1.02177,1.37,2.25
2016.11.02 08:06:12.751,1.0215,1.02175,1.50,1.35
2016.11.02 08:06:12.852,1.02149,1.02171,1.50,1.00
2016.11.02 08:06:13.003,1.02151,1.02173,1.00,1.67
2016.11.02 08:06:13.305,1.02148,1.02173,2.25,1.35
2016.11.02 08:06:13.845,1.0215,1.02172,1.50,2.47
2016.11.02 08:06:13.946,1.02148,1.02168,1.12,1.30
2016.11.02 08:06:14.047,1.02143,1.02168,2.47,2.25
2016.11.02 08:06:14.569,1.02143,1.02163,1.37,1.00
2016.11.02 08:06:14.896,1.02144,1.02165,1.00,1.35
2016.11.02 08:06:14.997,1.02141,1.02165,1.37,2.10
2016.11.02 08:06:15.738,1.02141,1.02165,1.50,1.75
2016.11.02 08:06:15.989,1.02144,1.02167,1.00,2.10
2016.11.02 08:06:16.141,1.02144,1.02167,1.50,1.35
2016.11.02 08:06:17.150,1.02144,1.02168,4.35,1.75
2016.11.02 08:06:17.351,1.02146,1.0217,1.67,2.10
2016.11.02 08:06:17.758,1.02149,1.02167,1.00,1.67
2016.11.02 08:06:18.262,1.02144,1.02166,2.25,2.10
2016.11.02 08:06:18.363,1.02146,1.02168,1.12,1.35
2016.11.02 08:06:18.847,1.02143,1.02164,2.10,1.00
2016.11.02 08:06:19.942,1.02144,1.02164,2.10,1.00
2016.11.02 08:06:20.043,1.02145,1.02165,1.00,1.50
2016.11.02 08:06:20.582,1.02149,1.02168,1.00,2.62
2016.11.02 08:06:20.683,1.02149,1.02171,3.22,1.75
2016.11.02 08:06:20.835,1.02149,1.0217,1.00,1.35
2016.11.02 08:06:21.764,1.02149,1.02172,1.12,2.85
2016.11.02 08:06:21.966,1.02149,1.02171,3.22,1.30
2016.11.02 08:06:22.298,1.02149,1.02168,1.00,1.00
2016.11.02 08:06:22.840,1.02149,1.02169,1.00,2.85
2016.11.02 08:06:23.408,1.02146,1.02169,1.35,2.85
2016.11.02 08:06:23.786,1.02146,1.02168,2.10,1.75
2016.11.02 08:06:24.097,1.02148,1.02169,2.10,1.75
2016.11.02 08:06:24.186,1.02146,1.02169,1.60,3.60
2016.11.02 08:06:24.594,1.02145,1.02169,1.30,3.60
2016.11.02 08:06:24.976,1.02146,1.02169,2.10,2.10
2016.11.02 08:06:25.077,1.02146,1.02169,1.35,2.85
2016.11.02 08:06:25.237,1.02146,1.02169,1.30,2.85
2016.11.02 08:06:25.902,1.02147,1.02169,2.10,1.75
2016.11.02 08:06:25.952,1.02145,1.02169,3.60,3.60
2016.11.02 08:06:26.464,1.02148,1.02168,1.35,1.50
2016.11.02 08:06:28.076,1.02146,1.02169,1.30,2.10
2016.11.02 08:06:28.517,1.02146,1.02169,2.47,2.10
2016.11.02 08:06:28.568,1.02145,1.02169,1.50,1.75
2016.11.02 08:06:28.669,1.02144,1.02165,2.10,1.00
2016.11.02 08:06:28.719,1.02143,1.02165,2.10,1.00
2016.11.02 08:06:28.921,1.02144,1.02163,1.00,2.10
2016.11.02 08:06:29.490,1.02139,1.02161,1.72,2.85
2016.11.02 08:06:29.742,1.02139,1.02161,2.47,2.10
2016.11.02 08:06:30.169,1.02141,1.02162,2.47,1.75
2016.11.02 08:06:30.518,1.02141,1.02161,1.30,1.67
2016.11.02 08:06:30.821,1.02139,1.02161,2.10,1.35
2016.11.02 08:06:32.548,1.02138,1.02161,3.97,1.35
2016.11.02 08:06:33.149,1.02138,1.02162,2.47,6.22
2016.11.02 08:06:33.480,1.02139,1.02162,2.85,3.37
2016.11.02 08:06:33.531,1.02139,1.0216,2.85,1.00
2016.11.02 08:06:34.054,1.02139,1.02163,2.10,1.75
2016.11.02 08:06:34.265,1.02139,1.02161,1.30,1.50
2016.11.02 08:06:35.218,1.02138,1.02161,1.00,1.75
2016.11.02 08:06:35.730,1.02136,1.0216,1.50,4.35
2016.11.02 08:06:36.093,1.02139,1.02159,1.00,1.75
2016.11.02 08:06:36.194,1.02134,1.02159,1.87,1.75
2016.11.02 08:06:36.784,1.02134,1.02158,1.87,1.75
2016.11.02 08:06:37.300,1.02134,1.02154,1.00,1.00
2016.11.02 08:06:37.708,1.02134,1.02156,1.50,1.00
2016.11.02 08:06:39.498,1.02133,1.02157,2.25,2.10
2016.11.02 08:06:39.801,1.02129,1.02152,1.75,2.85
2016.11.02 08:06:40.195,1.02133,1.02153,1.12,1.30
2016.11.02 08:06:40.598,1.02129,1.02152,1.87,2.85
2016.11.02 08:06:40.970,1.02129,1.02152,1.37,4.35
2016.11.02 08:06:41.545,1.02129,1.02152,1.75,2.85
2016.11.02 08:06:43.409,1.02129,1.02151,1.37,2.25
2016.11.02 08:06:43.460,1.02129,1.02151,1.12,1.75
2016.11.02 08:06:43.661,1.02129,1.02151,1.75,1.50
2016.11.02 08:06:43.762,1.02128,1.02151,1.12,1.50
2016.11.02 08:06:44.422,1.02128,1.0215,1.12,1.50
2016.11.02 08:06:45.503,1.02129,1.02148,1.00,1.00
2016.11.02 08:06:45.956,1.02124,1.02147,1.75,1.50
2016.11.02 08:06:46.007,1.02128,1.02147,1.00,1.37
2016.11.02 08:06:46.212,1.02126,1.02148,1.00,1.00
2016.11.02 08:06:46.716,1.02128,1.02148,1.00,1.00
2016.11.02 08:06:48.170,1.02129,1.02148,1.00,1.00
2016.11.02 08:06:50.338,1.0213,1.0215,1.00,1.35
2016.11.02 08:06:50.889,1.02129,1.02149,1.50,1.00
2016.11.02 08:06:51.670,1.02129,1.02152,2.25,1.35
2016.11.02 08:06:52.495,1.0213,1.02151,1.00,1.00
2016.11.02 08:06:53.191,1.0213,1.02151,1.00,1.60
2016.11.02 08:06:53.645,1.0213,1.02154,1.12,2.10
2016.11.02 08:06:54.629,1.0213,1.02153,1.12,2.10
2016.11.02 08:06:55.181,1.0213,1.02153,1.00,1.75
2016.11.02 08:06:55.612,1.02131,1.02152,1.00,1.00
2016.11.02 08:06:55.663,1.02131,1.02153,1.00,1.35
2016.11.02 08:06:55.814,1.02129,1.02149,2.10,1.00
2016.11.02 08:06:56.367,1.0213,1.02149,1.00,1.00
2016.11.02 08:06:56.619,1.0213,1.0215,1.00,1.35
2016.11.02 08:06:57.186,1.02129,1.0215,1.00,1.67
2016.11.02 08:06:57.356,1.02129,1.0215,1.00,1.30
2016.11.02 08:06:58.424,1.02129,1.02152,1.00,1.75
2016.11.02 08:06:59.134,1.02129,1.02152,1.00,1.75
2016.11.02 08:06:59.235,1.02129,1.02148,1.00,1.50
2016.11.02 08:06:59.567,1.02129,1.02147,1.00,1.75
2016.11.02 08:06:59.718,1.02123,1.02147,1.87,1.75
2016.11.02 08:07:00.229,1.02123,1.02149,2.25,6.22
2016.11.02 08:07:01.296,1.02124,1.02147,1.00,2.25
2016.11.02 08:07:01.876,1.02124,1.02147,1.37,1.75
2016.11.02 08:07:04.405,1.02128,1.02147,1.00,1.75
2016.11.02 08:07:05.711,1.02129,1.02149,1.00,4.12
2016.11.02 08:07:06.006,1.02129,1.02146,1.00,1.00
2016.11.02 08:07:06.107,1.02129,1.02153,1.50,1.35
2016.11.02 08:07:07.500,1.02129,1.02153,1.50,1.67
2016.11.02 08:07:08.869,1.02129,1.02151,1.87,1.35
2016.11.02 08:07:09.171,1.02129,1.0215,1.00,1.35
2016.11.02 08:07:09.449,1.02129,1.02149,1.12,1.12
2016.11.02 08:07:11.256,1.02129,1.0215,1.50,1.30
2016.11.02 08:07:11.458,1.02128,1.02149,1.00,1.35
2016.11.02 08:07:11.927,1.02129,1.02151,1.37,1.67
2016.11.02 08:07:12.321,1.02129,1.02146,1.00,2.10
2016.11.02 08:07:12.372,1.02129,1.02147,1.00,1.30
2016.11.02 08:07:12.473,1.02129,1.02148,1.00,2.47
2016.11.02 08:07:12.551,1.02126,1.02149,1.67,1.50
2016.11.02 08:07:12.652,1.02126,1.02148,2.10,1.00
2016.11.02 08:07:12.703,1.02126,1.02151,2.10,1.50
2016.11.02 08:07:12.839,1.02126,1.02152,2.10,2.10
2016.11.02 08:07:12.990,1.02129,1.02154,1.00,1.60
2016.11.02 08:07:13.379,1.0213,1.02155,2.10,1.00
2016.11.02 08:07:13.914,1.0213,1.02154,2.10,1.00
2016.11.02 08:07:14.418,1.0213,1.02155,1.00,1.00
2016.11.02 08:07:14.524,1.02132,1.02155,2.10,1.00
2016.11.02 08:07:14.638,1.02131,1.02154,1.35,2.10
2016.11.02 08:07:14.689,1.02134,1.02154,1.00,2.10
2016.11.02 08:07:14.740,1.02131,1.02154,1.00,2.10
2016.11.02 08:07:14.791,1.02129,1.02153,1.00,1.00
2016.11.02 08:07:14.841,1.02129,1.02153,1.00,2.85
2016.11.02 08:07:15.122,1.02127,1.02151,1.00,1.35
2016.11.02 08:07:15.745,1.02128,1.02151,1.00,1.35
2016.11.02 08:07:16.166,1.02128,1.02153,2.85,1.35
2016.11.02 08:07:16.492,1.02132,1.02156,2.10,2.25
2016.11.02 08:07:16.861,1.02131,1.02154,2.85,1.50
2016.11.02 08:07:17.764,1.02134,1.02154,1.00,1.75
2016.11.02 08:07:18.321,1.02133,1.02153,1.35,1.50
2016.11.02 08:07:18.523,1.0213,1.02155,1.37,1.75
2016.11.02 08:07:18.674,1.02131,1.02157,1.37,1.75
2016.11.02 08:07:19.747,1.02131,1.02155,2.10,1.75
2016.11.02 08:07:19.999,1.02134,1.02154,1.00,1.00
2016.11.02 08:07:21.051,1.02132,1.02154,1.00,1.00
2016.11.02 08:07:21.188,1.02129,1.02154,2.25,1.35
2016.11.02 08:07:21.421,1.02129,1.02153,4.12,1.12
2016.11.02 08:07:21.673,1.02131,1.02156,2.25,1.50
2016.11.02 08:07:22.249,1.0213,1.02155,1.75,1.50
2016.11.02 08:07:22.350,1.0213,1.02155,1.75,1.50
2016.11.02 08:07:22.451,1.02129,1.02153,1.75,1.37
2016.11.02 08:07:22.767,1.02131,1.02155,1.00,1.75
2016.11.02 08:07:23.554,1.0213,1.02156,2.85,2.25
2016.11.02 08:07:23.657,1.0213,1.02156,2.85,2.25
2016.11.02 08:07:24.227,1.02134,1.02153,1.00,1.00
2016.11.02 08:07:24.748,1.02133,1.02153,1.35,1.00
2016.11.02 08:07:25.466,1.02134,1.02153,1.00,1.00
2016.11.02 08:07:25.990,1.02133,1.02153,1.35,1.00
2016.11.02 08:07:26.491,1.02134,1.02154,1.00,1.12
2016.11.02 08:07:27.460,1.02134,1.02154,1.00,1.37
2016.11.02 08:07:27.862,1.02134,1.02154,1.00,1.50
2016.11.02 08:07:28.064,1.0213,1.02155,1.75,2.25
2016.11.02 08:07:28.165,1.02131,1.02155,1.12,2.25
2016.11.02 08:07:28.266,1.02132,1.02157,1.37,2.62
2016.11.02 08:07:28.367,1.0213,1.02154,1.50,1.37
2016.11.02 08:07:28.873,1.0213,1.02152,1.50,1.00
2016.11.02 08:07:29.412,1.02129,1.02153,1.87,1.75
2016.11.02 08:07:30.361,1.0213,1.02154,1.75,1.75
2016.11.02 08:07:30.432,1.02129,1.02153,2.25,1.12
2016.11.02 08:07:30.483,1.02129,1.02153,2.25,1.12
2016.11.02 08:07:30.583,1.02131,1.02153,1.00,1.50
2016.11.02 08:07:30.919,1.0213,1.02154,1.50,1.75
2016.11.02 08:07:30.969,1.0213,1.02154,1.75,1.50
2016.11.02 08:07:31.494,1.02132,1.02154,1.00,1.50
2016.11.02 08:07:31.695,1.0213,1.02154,2.25,1.12
2016.11.02 08:07:31.939,1.0213,1.02155,1.75,1.30
2016.11.02 08:07:32.478,1.02134,1.02154,1.00,1.00
2016.11.02 08:07:32.984,1.02134,1.02156,1.72,1.37
2016.11.02 08:07:33.085,1.02139,1.02158,1.12,1.12
2016.11.02 08:07:33.186,1.02135,1.02158,1.75,2.85
2016.11.02 08:07:33.302,1.02134,1.02158,2.85,1.37
2016.11.02 08:07:33.353,1.02134,1.02158,1.75,1.35
2016.11.02 08:07:33.504,1.02134,1.02158,2.10,2.10
2016.11.02 08:07:34.719,1.02135,1.02158,1.37,1.67
2016.11.02 08:07:35.233,1.02134,1.02158,2.10,2.10
2016.11.02 08:07:35.685,1.02135,1.02158,2.62,1.35
2016.11.02 08:07:36.239,1.02137,1.02159,1.35,1.00
2016.11.02 08:07:36.627,1.02134,1.02159,1.75,1.72
2016.11.02 08:07:36.678,1.02136,1.02158,1.00,1.60
2016.11.02 08:07:37.152,1.02134,1.02158,3.60,1.37
2016.11.02 08:07:37.205,1.02134,1.02158,3.60,1.00
2016.11.02 08:07:37.255,1.02134,1.02157,3.00,2.10
2016.11.02 08:07:37.508,1.02134,1.02156,1.75,1.72
2016.11.02 08:07:37.716,1.02133,1.02156,1.50,1.97
2016.11.02 08:07:38.254,1.02133,1.02155,1.00,1.60
2016.11.02 08:07:38.998,1.02134,1.02155,1.00,1.60
2016.11.02 08:07:39.048,1.02134,1.02155,1.00,2.85
2016.11.02 08:07:39.149,1.02134,1.02154,1.00,1.00
2016.11.02 08:07:39.285,1.02133,1.02154,1.00,1.60
2016.11.02 08:07:39.637,1.02129,1.02154,4.12,1.60
2016.11.02 08:07:40.179,1.0213,1.02155,1.75,2.10
2016.11.02 08:07:40.704,1.02134,1.02154,1.12,1.67
2016.11.02 08:07:41.208,1.0213,1.02154,1.75,1.35
2016.11.02 08:07:41.415,1.0213,1.02152,1.50,1.35
2016.11.02 08:07:41.466,1.0213,1.02152,1.67,1.00
2016.11.02 08:07:41.975,1.02133,1.02155,1.12,1.97
2016.11.02 08:07:42.442,1.02133,1.02154,1.50,2.10
2016.11.02 08:07:43.249,1.02134,1.02155,1.00,2.10
2016.11.02 08:07:43.551,1.02134,1.0216,2.47,3.37
2016.11.02 08:07:43.709,1.02139,1.0216,1.30,1.75
2016.11.02 08:07:43.810,1.02139,1.0216,1.30,1.50
2016.11.02 08:07:44.062,1.02139,1.0216,1.00,2.85
2016.11.02 08:07:44.364,1.02139,1.0216,1.50,2.10
2016.11.02 08:07:44.701,1.02143,1.0216,1.00,2.10
2016.11.02 08:07:44.902,1.02143,1.02164,1.37,2.47
2016.11.02 08:07:45.054,1.02142,1.02164,1.67,1.30
2016.11.02 08:07:45.105,1.02142,1.02164,1.35,1.35
2016.11.02 08:07:45.155,1.02142,1.02164,1.30,1.67
2016.11.02 08:07:45.704,1.0214,1.02161,1.00,1.00
2016.11.02 08:07:45.956,1.02139,1.02159,1.37,1.37
2016.11.02 08:07:46.260,1.02137,1.02159,2.62,2.10
2016.11.02 08:07:46.361,1.02135,1.02159,3.97,2.47
2016.11.02 08:07:46.868,1.02138,1.02163,1.50,1.75
2016.11.02 08:07:47.072,1.02138,1.02162,1.50,1.00
2016.11.02 08:07:47.475,1.02139,1.02161,1.75,1.37
2016.11.02 08:07:47.999,1.02136,1.02159,1.75,1.00
2016.11.02 08:07:48.452,1.02138,1.02161,1.50,1.12
2016.11.02 08:07:50.869,1.02138,1.02161,1.50,1.37
2016.11.02 08:07:51.566,1.02136,1.02159,1.75,1.00
2016.11.02 08:07:52.096,1.02138,1.02161,1.75,1.50
2016.11.02 08:07:52.865,1.02139,1.02159,1.50,1.00
2016.11.02 08:07:53.368,1.02139,1.02161,1.50,1.50
2016.11.02 08:07:54.455,1.02143,1.02164,1.00,1.75
2016.11.02 08:07:54.808,1.0214,1.02162,1.75,2.10
2016.11.02 08:07:54.858,1.02142,1.02166,2.25,1.75
2016.11.02 08:07:54.909,1.02143,1.02166,1.35,1.37
2016.11.02 08:07:55.246,1.02142,1.02163,1.75,1.60
2016.11.02 08:07:55.548,1.02141,1.02162,1.00,2.10
2016.11.02 08:07:56.113,1.02142,1.02162,1.00,2.10
2016.11.02 08:07:57.274,1.02139,1.02162,1.75,2.10
2016.11.02 08:07:57.658,1.02139,1.02163,2.25,1.72
2016.11.02 08:07:57.708,1.0214,1.02163,2.62,1.60
2016.11.02 08:07:58.227,1.02142,1.02164,1.75,2.10
2016.11.02 08:07:58.490,1.02144,1.02165,1.35,1.00
2016.11.02 08:07:58.958,1.02144,1.02167,1.75,1.00
2016.11.02 08:07:59.009,1.02144,1.02167,1.75,2.85
2016.11.02 08:07:59.335,1.02143,1.02165,1.75,2.10
2016.11.02 08:07:59.487,1.02142,1.02165,1.75,2.85
2016.11.02 08:07:59.588,1.02144,1.02164,1.37,1.30
2016.11.02 08:08:00.111,1.02144,1.02163,1.00,1.00
2016.11.02 08:08:00.212,1.02142,1.02163,1.00,1.00
2016.11.02 08:08:00.321,1.02142,1.02159,1.00,2.10
2016.11.02 08:08:00.523,1.02139,1.0216,1.75,1.00
2016.11.02 08:08:00.720,1.0214,1.02162,1.00,1.50
2016.11.02 08:08:00.922,1.02139,1.02162,2.25,1.60
2016.11.02 08:08:01.528,1.02139,1.02162,1.75,2.47
2016.11.02 08:08:01.680,1.02135,1.02158,4.12,1.35
2016.11.02 08:08:01.731,1.02134,1.02158,1.50,1.37
2016.11.02 08:08:01.782,1.02134,1.02156,1.00,1.00
2016.11.02 08:08:01.882,1.02134,1.02158,1.35,1.37
2016.11.02 08:08:01.962,1.02133,1.02158,2.85,1.00
2016.11.02 08:08:02.063,1.02133,1.02155,2.10,1.35
2016.11.02 08:08:02.259,1.02133,1.02153,1.72,1.00
2016.11.02 08:08:02.310,1.02133,1.02153,1.72,1.00
2016.11.02 08:08:02.461,1.02133,1.02151,1.12,1.00
2016.11.02 08:08:02.612,1.02134,1.02153,1.00,1.12
2016.11.02 08:08:02.864,1.02134,1.02154,1.75,1.35
2016.11.02 08:08:03.044,1.02134,1.02154,1.12,1.00
2016.11.02 08:08:03.095,1.02133,1.02154,1.75,1.00
2016.11.02 08:08:03.895,1.02134,1.02154,1.37,3.22
2016.11.02 08:08:03.996,1.02133,1.02154,1.12,3.60
2016.11.02 08:08:04.426,1.02133,1.02156,2.47,1.75
2016.11.02 08:08:04.477,1.02132,1.02154,1.50,1.35
2016.11.02 08:08:04.578,1.02139,1.02156,1.00,2.47
2016.11.02 08:08:04.688,1.02139,1.02156,1.00,2.10
2016.11.02 08:08:04.840,1.02136,1.02159,2.62,1.00
2016.11.02 08:08:04.941,1.02139,1.02159,1.00,1.50
2016.11.02 08:08:05.243,1.02139,1.02161,1.50,1.50
2016.11.02 08:08:05.506,1.02138,1.02161,1.75,1.50
2016.11.02 08:08:05.708,1.02137,1.02159,1.35,1.00
2016.11.02 08:08:05.809,1.02135,1.02159,2.85,1.75
2016.11.02 08:08:06.010,1.02133,1.02158,1.12,2.85
2016.11.02 08:08:06.212,1.02134,1.02155,1.37,1.37
2016.11.02 08:08:07.052,1.02133,1.02154,1.00,1.00
2016.11.02 08:08:07.154,1.02133,1.02156,1.50,2.10
2016.11.02 08:08:07.214,1.02133,1.02156,1.50,2.10
2016.11.02 08:08:07.517,1.02133,1.02158,1.35,1.75
2016.11.02 08:08:08.052,1.02133,1.02155,1.50,1.37
2016.11.02 08:08:08.254,1.0213,1.02155,1.35,1.50
2016.11.02 08:08:08.644,1.02129,1.02153,2.62,1.72
2016.11.02 08:08:09.047,1.02129,1.02151,1.75,2.10
2016.11.02 08:08:09.561,1.02129,1.02149,1.50,1.60
2016.11.02 08:08:10.092,1.02129,1.02147,1.00,1.35
2016.11.02 08:08:10.495,1.02126,1.02148,1.00,2.85
2016.11.02 08:08:10.606,1.02128,1.02148,1.00,2.85
2016.11.02 08:08:11.009,1.02126,1.02148,1.00,2.85
2016.11.02 08:08:11.211,1.02126,1.02151,2.85,1.50
2016.11.02 08:08:11.261,1.02127,1.02151,1.35,1.50
2016.11.02 08:08:11.421,1.02129,1.0215,1.00,1.00
2016.11.02 08:08:11.522,1.02134,1.02153,1.00,1.75
2016.11.02 08:08:11.623,1.0213,1.02154,1.50,3.60
2016.11.02 08:08:11.674,1.02131,1.02153,1.00,1.00
2016.11.02 08:08:11.725,1.0213,1.02154,1.75,2.10
2016.11.02 08:08:12.263,1.02133,1.02152,1.00,3.22
2016.11.02 08:08:12.363,1.02128,1.0215,1.50,1.37
2016.11.02 08:08:12.565,1.0213,1.02154,1.37,2.85
2016.11.02 08:08:12.616,1.02133,1.02154,1.00,2.85
2016.11.02 08:08:12.717,1.0213,1.02151,1.37,1.00
2016.11.02 08:08:12.767,1.0213,1.02154,1.00,3.60
2016.11.02 08:08:13.075,1.02134,1.02149,1.00,1.00
2016.11.02 08:08:13.227,1.02129,1.02151,1.87,2.85
2016.11.02 08:08:13.379,1.02129,1.0215,1.75,1.00
2016.11.02 08:08:13.481,1.02129,1.0215,1.00,2.25
2016.11.02 08:08:13.532,1.02128,1.0215,1.12,1.50
2016.11.02 08:08:13.950,1.02129,1.02152,1.60,1.75
2016.11.02 08:08:14.750,1.02129,1.02152,1.00,1.75
2016.11.02 08:08:14.852,1.02128,1.02151,3.22,1.50
2016.11.02 08:08:14.986,1.02134,1.02151,1.00,1.00
2016.11.02 08:08:15.238,1.0213,1.02151,1.35,1.00
2016.11.02 08:08:15.440,1.02129,1.02152,1.12,1.75
2016.11.02 08:08:15.769,1.0213,1.02153,2.47,1.50
2016.11.02 08:08:15.820,1.0213,1.02153,1.37,1.50
2016.11.02 08:08:15.921,1.02134,1.02156,1.00,1.35
2016.11.02 08:08:15.972,1.02134,1.02156,1.00,1.35
2016.11.02 08:08:16.518,1.02134,1.02157,1.50,2.85
2016.11.02 08:08:16.821,1.02138,1.02157,1.00,1.35
2016.11.02 08:08:16.871,1.02138,1.02156,1.00,1.00
2016.11.02 08:08:16.922,1.02136,1.02156,1.00,1.00
2016.11.02 08:08:17.499,1.02135,1.02156,1.00,1.00
2016.11.02 08:08:18.239,1.02134,1.02156,2.25,1.00
2016.11.02 08:08:20.345,1.02134,1.02156,2.25,1.60
2016.11.02 08:08:20.597,1.02134,1.02154,1.75,2.10
2016.11.02 08:08:21.223,1.02134,1.02154,1.37,2.47
2016.11.02 08:08:21.763,1.02134,1.02154,1.75,2.10
2016.11.02 08:08:23.549,1.02134,1.02157,1.75,1.50
2016.11.02 08:08:23.650,1.02134,1.02157,2.85,1.37
2016.11.02 08:08:23.752,1.02134,1.02158,2.85,1.12
2016.11.02 08:08:23.911,1.02136,1.02158,1.00,1.50
2016.11.02 08:08:24.263,1.02139,1.02158,1.00,1.00
2016.11.02 08:08:24.959,1.02137,1.02161,1.35,4.12
2016.11.02 08:08:25.262,1.02143,1.02163,1.00,2.10
2016.11.02 08:08:26.924,1.02139,1.02162,1.12,1.75
2016.11.02 08:08:27.635,1.02137,1.02161,2.47,2.25
2016.11.02 08:08:27.737,1.02138,1.02161,1.97,3.00
2016.11.02 08:08:27.788,1.02139,1.02161,1.35,1.00
2016.11.02 08:08:27.889,1.02142,1.02163,1.12,2.10
2016.11.02 08:08:28.091,1.02142,1.02164,1.50,1.30
2016.11.02 08:08:28.625,1.02143,1.02161,1.37,1.00
2016.11.02 08:08:29.126,1.02143,1.02164,1.37,1.30
2016.11.02 08:08:29.577,1.02143,1.02163,1.35,1.67
2016.11.02 08:08:31.354,1.02143,1.02165,2.85,1.35
2016.11.02 08:08:31.567,1.02143,1.02167,3.60,2.10
2016.11.02 08:08:32.096,1.02145,1.02165,1.30,1.30
2016.11.02 08:08:32.622,1.02143,1.02166,1.75,2.10
2016.11.02 08:08:32.723,1.02144,1.02166,1.00,2.85
2016.11.02 08:08:33.661,1.02143,1.02164,1.50,1.67
2016.11.02 08:08:34.753,1.02145,1.02167,2.10,2.10
2016.11.02 08:08:35.056,1.02142,1.02164,1.30,1.67
2016.11.02 08:08:35.258,1.02141,1.02162,2.10,2.25
2016.11.02 08:08:35.776,1.0214,1.02162,2.10,2.25
2016.11.02 08:08:36.179,1.0214,1.02162,2.85,1.50
2016.11.02 08:08:36.800,1.0214,1.02162,2.47,1.50
2016.11.02 08:08:37.237,1.02138,1.02161,2.47,1.50
2016.11.02 08:08:37.896,1.02137,1.02161,1.72,1.75
2016.11.02 08:08:37.947,1.02139,1.02158,1.12,1.00
2016.11.02 08:08:38.262,1.02137,1.02161,1.35,2.25
2016.11.02 08:08:38.565,1.02136,1.02161,2.85,2.85
2016.11.02 08:08:39.767,1.02134,1.02159,2.25,1.30
2016.11.02 08:08:42.019,1.02137,1.02161,2.47,1.75
2016.11.02 08:08:42.560,1.02138,1.02161,1.67,1.50
2016.11.02 08:08:42.862,1.0214,1.02163,2.47,2.10
2016.11.02 08:08:43.350,1.02143,1.02162,2.10,1.75
2016.11.02 08:08:43.891,1.0214,1.02162,2.47,1.75
2016.11.02 08:08:43.995,1.02142,1.02163,2.10,1.75
2016.11.02 08:08:44.096,1.0214,1.02162,2.85,1.50
2016.11.02 08:08:44.652,1.02139,1.02162,1.35,1.50
2016.11.02 08:08:44.803,1.02139,1.0216,1.35,1.00
2016.11.02 08:08:44.974,1.02139,1.0216,2.85,1.00
2016.11.02 08:08:45.297,1.02142,1.0216,2.10,1.00
2016.11.02 08:08:45.866,1.02142,1.0216,2.10,1.00
2016.11.02 08:08:45.917,1.02139,1.0216,2.85,1.00
2016.11.02 08:08:45.968,1.02139,1.02161,1.30,1.75
2016.11.02 08:08:46.331,1.02136,1.02158,1.50,1.35
2016.11.02 08:08:47.802,1.02136,1.02159,1.75,1.67
2016.11.02 08:08:48.004,1.02136,1.02158,1.00,1.00
2016.11.02 08:08:48.205,1.02135,1.02159,1.37,2.25
2016.11.02 08:08:48.333,1.02134,1.02158,1.87,1.75
2016.11.02 08:08:48.384,1.02134,1.02156,1.12,1.50
2016.11.02 08:08:49.008,1.02134,1.02158,1.72,1.75
2016.11.02 08:08:49.183,1.02135,1.0216,2.10,1.75
2016.11.02 08:08:49.384,1.02135,1.02156,2.25,2.10
2016.11.02 08:08:49.536,1.02138,1.0216,1.00,1.50
2016.11.02 08:08:50.854,1.02138,1.02159,1.00,1.00
2016.11.02 08:08:52.454,1.02138,1.02158,1.00,1.00
2016.11.02 08:08:53.113,1.02138,1.02159,1.00,1.00
2016.11.02 08:08:53.164,1.02135,1.02159,2.10,1.75
2016.11.02 08:08:53.697,1.02135,1.02159,2.85,1.12
2016.11.02 08:08:54.106,1.02141,1.02162,1.35,1.50
2016.11.02 08:08:54.207,1.02143,1.02162,2.10,1.50
2016.11.02 08:08:54.519,1.02142,1.02164,2.10,1.75
2016.11.02 08:08:54.812,1.02142,1.02163,1.00,1.00
2016.11.02 08:08:54.862,1.02144,1.02163,1.60,1.00
2016.11.02 08:08:55.114,1.02142,1.02163,1.60,1.00
2016.11.02 08:08:55.681,1.02144,1.02165,1.12,1.50
2016.11.02 08:08:56.816,1.02145,1.02166,1.00,1.00
2016.11.02 08:08:56.917,1.02141,1.02166,1.75,1.75
2016.11.02 08:08:57.625,1.02143,1.02166,1.67,1.75
2016.11.02 08:08:58.718,1.02143,1.02166,1.35,1.37
2016.11.02 08:08:59.020,1.02141,1.02164,2.47,1.75
2016.11.02 08:08:59.548,1.0214,1.02166,1.30,3.37
2016.11.02 08:09:00.059,1.02138,1.02159,3.60,1.00
2016.11.02 08:09:00.211,1.02138,1.02159,1.50,1.00
2016.11.02 08:09:00.261,1.02141,1.02159,2.10,1.00
2016.11.02 08:09:00.362,1.0214,1.02164,1.72,1.35
2016.11.02 08:09:00.564,1.02143,1.02165,1.12,2.85
2016.11.02 08:09:00.879,1.02143,1.02164,1.50,1.30
2016.11.02 08:09:01.030,1.02141,1.02163,2.10,1.67
2016.11.02 08:09:01.581,1.02142,1.02163,1.50,2.85
2016.11.02 08:09:01.733,1.02142,1.02164,1.75,2.47
2016.11.02 08:09:03.128,1.02143,1.02163,1.50,2.10
2016.11.02 08:09:03.229,1.02143,1.02161,1.37,1.00
2016.11.02 08:09:03.280,1.0214,1.02161,1.75,1.00
2016.11.02 08:09:03.380,1.0214,1.02162,1.12,1.50
2016.11.02 08:09:03.801,1.02137,1.02162,3.22,1.50
2016.11.02 08:09:03.854,1.02138,1.02162,1.67,2.10
2016.11.02 08:09:04.258,1.02138,1.02161,1.67,2.10
2016.11.02 08:09:04.554,1.0214,1.02162,1.60,1.00
2016.11.02 08:09:04.655,1.02139,1.02163,1.12,3.60
2016.11.02 08:09:04.857,1.0214,1.02163,1.50,2.85
2016.11.02 08:09:04.958,1.02144,1.02163,1.00,2.10
2016.11.02 08:09:05.486,1.02139,1.02162,1.50,1.75
2016.11.02 08:09:05.637,1.02138,1.02161,1.12,1.75
2016.11.02 08:09:06.222,1.02139,1.02162,1.00,1.75
2016.11.02 08:09:06.726,1.02137,1.02162,1.50,1.75
2016.11.02 08:09:06.777,1.02137,1.02161,1.12,1.75
2016.11.02 08:09:07.368,1.02138,1.02157,1.00,1.00
2016.11.02 08:09:07.893,1.02139,1.02158,1.00,1.00
2016.11.02 08:09:08.370,1.02137,1.02158,1.00,1.00
2016.11.02 08:09:09.503,1.02137,1.02161,1.50,1.75
2016.11.02 08:09:09.604,1.02137,1.02161,1.12,1.75
2016.11.02 08:09:09.906,1.02135,1.02159,1.75,2.85
2016.11.02 08:09:09.957,1.02135,1.02157,1.75,1.30
2016.11.02 08:09:13.215,1.0214,1.02157,1.00,1.30
2016.11.02 08:09:13.366,1.02149,1.02171,1.00,5.10
2016.11.02 08:09:13.417,1.02149,1.02165,1.00,1.00
2016.11.02 08:09:13.568,1.02145,1.02166,1.75,1.00
2016.11.02 08:09:13.669,1.02145,1.02166,1.00,1.00
2016.11.02 08:09:13.770,1.02143,1.02166,1.75,1.75
2016.11.02 08:09:14.100,1.02144,1.02167,2.62,1.12
2016.11.02 08:09:14.201,1.02146,1.02167,1.75,1.00
2016.11.02 08:09:14.704,1.02144,1.02166,3.22,1.00
2016.11.02 08:09:14.771,1.02144,1.02166,1.35,1.00
2016.11.02 08:09:14.922,1.02143,1.02167,1.75,2.47
2016.11.02 08:09:15.124,1.02148,1.02167,1.00,1.50
2016.11.02 08:09:15.627,1.02148,1.02168,1.00,1.00
2016.11.02 08:09:16.115,1.02148,1.0217,1.00,1.00
2016.11.02 08:09:16.618,1.02148,1.02169,1.00,1.00
2016.11.02 08:09:16.891,1.02146,1.0217,1.37,1.75
2016.11.02 08:09:17.863,1.02153,1.0217,2.10,1.75
2016.11.02 08:09:17.913,1.02153,1.02171,1.00,2.62
2016.11.02 08:09:17.964,1.02155,1.02171,1.00,2.62
2016.11.02 08:09:18.015,1.0216,1.0218,1.00,2.62
2016.11.02 08:09:18.116,1.02156,1.0218,3.37,1.30
2016.11.02 08:09:18.218,1.02156,1.0218,1.75,1.67
2016.11.02 08:09:18.591,1.02157,1.0218,1.50,2.85
2016.11.02 08:09:18.692,1.02157,1.0218,1.75,2.47
2016.11.02 08:09:18.793,1.02157,1.02179,1.00,2.85
2016.11.02 08:09:18.894,1.02154,1.02179,2.25,2.47
2016.11.02 08:09:19.409,1.02154,1.02179,1.75,3.60
2016.11.02 08:09:20.296,1.02154,1.02179,1.75,2.85
2016.11.02 08:09:20.699,1.02159,1.02181,1.00,1.60
2016.11.02 08:09:21.011,1.02159,1.02184,1.75,1.75
2016.11.02 08:09:21.163,1.02161,1.02186,1.50,2.25
2016.11.02 08:09:21.213,1.02162,1.02186,1.00,3.37
2016.11.02 08:09:21.315,1.02163,1.02184,1.00,1.00
2016.11.02 08:09:21.517,1.02159,1.02185,2.25,1.75
2016.11.02 08:09:23.451,1.0216,1.02183,1.50,2.85
2016.11.02 08:09:23.995,1.02162,1.02179,1.00,2.10
2016.11.02 08:09:24.944,1.02162,1.02181,1.00,1.60
2016.11.02 08:09:25.247,1.02159,1.02182,1.75,2.85
2016.11.02 08:09:25.348,1.0216,1.02184,2.10,3.60
2016.11.02 08:09:25.550,1.0216,1.02179,1.75,2.10
2016.11.02 08:09:25.600,1.0216,1.02184,1.75,1.50
2016.11.02 08:09:25.651,1.02159,1.02183,2.25,1.37
2016.11.02 08:09:25.798,1.02159,1.02183,1.12,1.75
2016.11.02 08:09:26.322,1.02163,1.0218,1.00,2.62
2016.11.02 08:09:26.510,1.02166,1.02188,1.00,2.85
2016.11.02 08:09:26.561,1.02166,1.02186,1.00,1.37
2016.11.02 08:09:26.612,1.02164,1.02186,1.00,1.37
2016.11.02 08:09:26.814,1.02165,1.02186,1.00,1.50
2016.11.02 08:09:26.915,1.0216,1.02182,1.50,2.10
2016.11.02 08:09:27.016,1.02155,1.02177,1.35,1.00
2016.11.02 08:09:27.117,1.02156,1.02179,1.75,1.35
2016.11.02 08:09:27.750,1.02157,1.02181,1.75,2.85
2016.11.02 08:09:27.951,1.02154,1.02179,1.75,2.85
2016.11.02 08:09:28.043,1.02153,1.02176,1.75,1.30
2016.11.02 08:09:28.144,1.02154,1.02179,1.75,2.47
2016.11.02 08:09:28.245,1.02155,1.02179,2.10,1.72
2016.11.02 08:09:28.661,1.02156,1.0218,1.00,2.85
2016.11.02 08:09:28.761,1.02158,1.0218,1.37,2.47
2016.11.02 08:09:28.967,1.02158,1.02184,3.37,1.00
2016.11.02 08:09:29.320,1.02162,1.0218,1.00,2.10
2016.11.02 08:09:30.507,1.02159,1.02179,1.75,2.10
2016.11.02 08:09:30.659,1.02158,1.0218,2.10,1.67
2016.11.02 08:09:31.062,1.02159,1.02179,1.50,2.10
2016.11.02 08:09:31.439,1.02159,1.0218,1.75,2.10
2016.11.02 08:09:31.641,1.02159,1.0218,1.75,2.10
2016.11.02 08:09:31.742,1.02159,1.0218,1.75,2.10
2016.11.02 08:09:31.843,1.02161,1.02183,1.00,2.10
2016.11.02 08:09:32.152,1.02161,1.02179,1.00,2.10
2016.11.02 08:09:32.458,1.02159,1.0218,1.00,2.85
2016.11.02 08:09:33.004,1.02159,1.0218,1.00,2.10
2016.11.02 08:09:33.256,1.02156,1.0218,1.50,3.60
2016.11.02 08:09:33.357,1.02156,1.0218,1.50,3.60
2016.11.02 08:09:33.659,1.02157,1.02179,1.75,2.10
2016.11.02 08:09:33.760,1.02162,1.02183,1.00,2.10
2016.11.02 08:09:33.881,1.02161,1.02185,1.75,1.37
2016.11.02 08:09:33.932,1.02161,1.02185,1.37,1.75
2016.11.02 08:09:33.982,1.0216,1.02181,1.50,1.00
2016.11.02 08:09:34.084,1.02161,1.02183,1.00,1.00
2016.11.02 08:09:34.134,1.0216,1.02184,1.50,1.75
2016.11.02 08:09:34.654,1.02159,1.02182,1.75,1.00
2016.11.02 08:09:35.196,1.02158,1.02181,1.75,1.12
2016.11.02 08:09:35.536,1.02162,1.02181,1.75,1.00
2016.11.02 08:09:35.586,1.02162,1.02185,3.37,1.00
2016.11.02 08:09:35.637,1.02167,1.02187,1.00,1.12
2016.11.02 08:09:36.040,1.02163,1.02186,3.00,1.37
2016.11.02 08:09:36.109,1.02163,1.02186,1.00,3.37
2016.11.02 08:09:36.463,1.0216,1.02184,1.37,1.75
2016.11.02 08:09:36.564,1.02161,1.02186,1.75,2.25
2016.11.02 08:09:36.760,1.02162,1.02186,1.75,1.87
2016.11.02 08:09:37.087,1.02166,1.02189,1.35,1.67
2016.11.02 08:09:37.432,1.02164,1.02187,4.12,2.10
2016.11.02 08:09:37.483,1.02165,1.02187,1.00,3.60
2016.11.02 08:09:37.584,1.02162,1.02185,2.10,1.30
2016.11.02 08:09:37.685,1.02162,1.02185,2.10,1.30
2016.11.02 08:09:38.218,1.02164,1.02186,1.00,1.50
2016.11.02 08:09:38.659,1.0216,1.02182,4.12,2.10
2016.11.02 08:09:38.710,1.0216,1.02184,4.12,2.47
2016.11.02 08:09:40.164,1.02162,1.02186,1.75,1.12
2016.11.02 08:09:40.265,1.02162,1.02187,1.75,1.75
2016.11.02 08:09:40.776,1.02162,1.02186,1.75,1.75
2016.11.02 08:09:41.211,1.02162,1.02189,2.25,1.75
2016.11.02 08:09:41.668,1.02164,1.02189,1.00,2.25
2016.11.02 08:09:41.872,1.02164,1.02189,1.75,1.50
2016.11.02 08:09:42.636,1.02163,1.02187,2.25,1.00
2016.11.02 08:09:43.090,1.02164,1.02186,4.12,1.00
2016.11.02 08:09:43.140,1.02164,1.02188,4.12,3.22
2016.11.02 08:09:43.675,1.02165,1.02186,1.00,1.00
2016.11.02 08:09:46.298,1.02163,1.02187,2.25,1.87
2016.11.02 08:09:46.899,1.02163,1.02187,1.75,1.87
2016.11.02 08:09:47.450,1.02162,1.02186,1.75,1.12
2016.11.02 08:09:52.202,1.02165,1.02187,1.37,1.12
2016.11.02 08:09:52.504,1.02167,1.0219,1.75,1.00
2016.11.02 08:09:53.200,1.02167,1.02191,2.25,1.87
2016.11.02 08:09:53.534,1.02173,1.02196,1.37,1.37
2016.11.02 08:09:53.585,1.02173,1.02196,1.75,1.00
2016.11.02 08:09:53.736,1.02175,1.02197,1.75,1.00
2016.11.02 08:09:54.292,1.02174,1.02196,1.75,2.85
2016.11.02 08:09:55.131,1.02175,1.02196,1.00,2.10
2016.11.02 08:09:56.095,1.02173,1.02196,1.75,2.10
2016.11.02 08:09:56.603,1.02173,1.02196,1.75,2.10
2016.11.02 08:09:56.835,1.02173,1.02196,1.75,2.47
2016.11.02 08:09:57.324,1.02172,1.02191,3.37,2.10
2016.11.02 08:09:57.459,1.02172,1.02188,1.50,2.10
2016.11.02 08:09:57.661,1.02171,1.02195,1.75,1.75
2016.11.02 08:09:58.114,1.02173,1.02196,1.75,1.37
2016.11.02 08:09:58.225,1.02173,1.02196,1.75,1.00
2016.11.02 08:09:58.452,1.02173,1.02199,1.75,1.50
2016.11.02 08:09:58.502,1.02173,1.02196,1.75,2.47
2016.11.02 08:09:59.011,1.02175,1.02196,1.00,1.50
2016.11.02 08:09:59.322,1.02179,1.022,2.25,1.00
2016.11.02 08:09:59.944,1.02178,1.02202,1.75,3.97
2016.11.02 08:10:00.546,1.02178,1.02201,1.75,1.00
2016.11.02 08:10:01.204,1.02178,1.02201,2.25,1.00
2016.11.02 08:10:01.431,1.02186,1.02206,1.50,1.12
2016.11.02 08:10:01.532,1.02186,1.02206,2.25,1.00
2016.11.02 08:10:01.633,1.02184,1.02206,1.75,2.10
2016.11.02 08:10:01.733,1.02185,1.02206,1.00,2.85
2016.11.02 08:10:01.834,1.02183,1.02207,1.12,2.85
2016.11.02 08:10:01.935,1.02183,1.02207,1.75,3.60
2016.11.02 08:10:02.275,1.02189,1.02207,1.00,1.00
2016.11.02 08:10:02.880,1.02186,1.02207,1.00,3.60
2016.11.02 08:10:03.051,1.02186,1.02207,1.75,1.00
2016.11.02 08:10:03.153,1.02182,1.02206,2.25,1.12
2016.11.02 08:10:03.354,1.02182,1.02204,1.50,1.00
2016.11.02 08:10:05.414,1.02182,1.02204,1.50,1.60
2016.11.02 08:10:05.932,1.0218,1.02201,1.50,1.12
2016.11.02 08:10:06.366,1.02182,1.02203,1.50,2.10
2016.11.02 08:10:06.871,1.02182,1.02202,1.37,1.30
2016.11.02 08:10:07.382,1.02183,1.02201,1.00,1.00
2016.11.02 08:10:08.097,1.02182,1.02201,1.00,1.12
2016.11.02 08:10:08.603,1.02182,1.02201,1.50,1.00
2016.11.02 08:10:08.956,1.02185,1.02202,1.00,1.30
2016.11.02 08:10:09.122,1.02185,1.02208,1.75,2.47
2016.11.02 08:10:09.222,1.02187,1.02206,1.50,1.00
2016.11.02 08:10:09.553,1.0219,1.02207,1.00,2.10
2016.11.02 08:10:10.093,1.02191,1.02208,1.50,2.10
2016.11.02 08:10:10.604,1.02187,1.02207,1.75,2.10
2016.11.02 08:10:11.108,1.0219,1.02207,1.00,2.10
2016.11.02 08:10:11.657,1.02189,1.02207,1.12,2.10
2016.11.02 08:10:12.010,1.02185,1.02206,1.75,1.12
2016.11.02 08:10:12.101,1.02183,1.02206,1.12,1.75
2016.11.02 08:10:13.052,1.02183,1.02203,1.12,2.85
2016.11.02 08:10:13.749,1.0218,1.02201,1.75,1.00
2016.11.02 08:10:14.257,1.02179,1.02202,5.62,2.10
2016.11.02 08:10:14.826,1.02182,1.02202,1.50,2.47
2016.11.02 08:10:15.465,1.02182,1.02201,1.50,1.00
2016.11.02 08:10:16.000,1.02182,1.02201,1.00,1.00
2016.11.02 08:10:16.503,1.02182,1.02202,1.00,2.85
2016.11.02 08:10:17.387,1.02182,1.02201,1.00,1.50
2016.11.02 08:10:18.068,1.02182,1.02203,1.00,1.00
2016.11.02 08:10:18.232,1.02181,1.02205,1.75,1.12
2016.11.02 08:10:18.333,1.02182,1.02202,1.00,2.10
2016.11.02 08:10:18.717,1.0218,1.02201,1.75,1.35
2016.11.02 08:10:18.819,1.02179,1.02203,4.87,2.10
2016.11.02 08:10:18.920,1.02178,1.02202,4.12,1.37
2016.11.02 08:10:19.122,1.0218,1.02202,1.00,1.87
2016.11.02 08:10:19.416,1.02177,1.02201,3.37,2.25
2016.11.02 08:10:19.668,1.02177,1.02201,1.50,3.00
2016.11.02 08:10:19.920,1.02177,1.02201,1.75,3.00
2016.11.02 08:10:20.447,1.0218,1.02201,1.00,3.00
2016.11.02 08:10:20.802,1.02182,1.02201,1.00,2.25
2016.11.02 08:10:22.662,1.02182,1.02202,1.00,1.00
2016.11.02 08:10:23.012,1.02185,1.02207,1.00,3.60
2016.11.02 08:10:23.062,1.02185,1.02202,2.62,2.10
2016.11.02 08:10:23.163,1.02183,1.02199,1.75,2.10
2016.11.02 08:10:23.365,1.02183,1.02196,1.00,2.10
2016.11.02 08:10:23.884,1.02177,1.02196,3.37,1.00
2016.11.02 08:10:24.135,1.0218,1.02196,1.00,1.35
2016.11.02 08:10:24.236,1.02178,1.02196,1.00,1.35
2016.11.02 08:10:24.568,1.02176,1.02196,1.75,1.35
2016.11.02 08:10:24.671,1.02176,1.02196,1.75,1.35
2016.11.02 08:10:26.084,1.02176,1.02197,2.25,1.00
2016.11.02 08:10:26.236,1.02177,1.022,2.25,2.10
2016.11.02 08:10:26.549,1.02177,1.02197,2.25,2.10
2016.11.02 08:10:27.279,1.02176,1.02196,1.75,1.00
2016.11.02 08:10:27.380,1.02175,1.02196,3.37,1.00
2016.11.02 08:10:27.480,1.02175,1.02196,1.75,1.00
2016.11.02 08:10:28.055,1.02173,1.02196,2.62,2.85
2016.11.02 08:10:28.106,1.0217,1.02196,3.37,2.85
2016.11.02 08:10:28.207,1.02171,1.02196,1.75,3.60
2016.11.02 08:10:28.257,1.02171,1.02196,1.75,3.60
2016.11.02 08:10:29.479,1.02174,1.02196,1.75,3.22
2016.11.02 08:10:29.982,1.02174,1.02196,1.75,3.22
2016.11.02 08:10:30.486,1.02174,1.02196,1.50,2.85
2016.11.02 08:10:30.587,1.02177,1.02196,1.00,2.10
2016.11.02 08:10:30.918,1.02177,1.02193,1.00,2.10
2016.11.02 08:10:31.461,1.02177,1.02196,1.00,1.35
2016.11.02 08:10:31.511,1.02177,1.02196,1.00,2.85
2016.11.02 08:10:31.562,1.02175,1.02196,1.75,2.85
2016.11.02 08:10:31.685,1.0218,1.02196,1.00,2.85
2016.11.02 08:10:31.786,1.02173,1.02197,2.10,2.10
2016.11.02 08:10:31.836,1.02173,1.02191,1.75,2.10
2016.11.02 08:10:31.989,1.02168,1.02191,1.75,2.10
2016.11.02 08:10:32.574,1.02167,1.02191,2.25,1.50
2016.11.02 08:10:33.111,1.02171,1.02191,1.00,1.00
2016.11.02 08:10:33.637,1.02171,1.02192,1.00,2.85
2016.11.02 08:10:33.839,1.02171,1.02189,1.00,1.00
2016.11.02 08:10:34.090,1.02167,1.02192,2.25,1.72
2016.11.02 08:10:34.141,1.02167,1.02191,2.25,1.35
2016.11.02 08:10:34.290,1.0217,1.02191,1.00,2.10
2016.11.02 08:10:34.644,1.02165,1.0219,1.75,1.37
2016.11.02 08:10:35.121,1.02165,1.02191,4.12,3.22
2016.11.02 08:10:35.272,1.02169,1.0219,1.00,1.50
2016.11.02 08:10:35.792,1.02169,1.02183,1.00,2.10
2016.11.02 08:10:35.893,1.0216,1.02184,3.37,1.72
2016.11.02 08:10:36.045,1.0216,1.02181,3.37,2.10
2016.11.02 08:10:36.196,1.02157,1.0218,3.37,1.50
2016.11.02 08:10:37.140,1.02158,1.02184,3.00,2.85
2016.11.02 08:10:38.021,1.02158,1.02182,3.00,2.10
2016.11.02 08:10:40.310,1.02163,1.02185,1.00,3.60
2016.11.02 08:10:40.361,1.02161,1.02186,2.25,1.72
2016.11.02 08:10:40.471,1.02162,1.02186,1.75,1.72
2016.11.02 08:10:40.824,1.02164,1.0218,1.00,2.10
2016.11.02 08:10:41.137,1.02159,1.02178,2.25,2.10
2016.11.02 08:10:41.648,1.02157,1.0218,4.12,2.10
2016.11.02 08:10:41.698,1.0216,1.0218,1.00,2.10
2016.11.02 08:10:42.218,1.02158,1.0218,1.50,1.60
2016.11.02 08:10:42.421,1.02158,1.02182,1.75,1.75
2016.11.02 08:10:42.831,1.02158,1.02183,1.75,1.75
2016.11.02 08:10:43.033,1.02159,1.02183,1.67,1.75
2016.11.02 08:10:43.235,1.02159,1.02184,1.67,1.50
2016.11.02 08:10:43.336,1.02159,1.02184,1.35,1.50
2016.11.02 08:10:43.613,1.02158,1.02183,2.25,1.75
2016.11.02 08:10:44.067,1.02158,1.02181,1.75,2.85
2016.11.02 08:10:44.118,1.02158,1.02181,1.75,2.85
2016.11.02 08:10:44.338,1.02159,1.02181,1.75,2.85
2016.11.02 08:10:45.085,1.02159,1.02177,1.75,2.10
2016.11.02 08:10:45.631,1.02157,1.02177,1.75,2.10
2016.11.02 08:10:47.534,1.0216,1.02177,1.75,2.10
2016.11.02 08:10:47.736,1.0216,1.02181,1.75,2.10
2016.11.02 08:10:47.837,1.02161,1.02185,2.25,3.22
2016.11.02 08:10:47.938,1.02164,1.02185,1.75,2.10
2016.11.02 08:10:48.531,1.02164,1.02187,1.35,1.50
2016.11.02 08:10:48.733,1.02168,1.0219,1.50,1.67
2016.11.02 08:10:49.260,1.02168,1.0219,1.35,1.30
2016.11.02 08:10:49.562,1.02173,1.02195,1.00,1.00
2016.11.02 08:10:50.022,1.02173,1.02195,1.00,3.60
2016.11.02 08:10:50.123,1.02169,1.02193,1.75,1.72
2016.11.02 08:10:50.325,1.02167,1.02192,2.10,2.85
2016.11.02 08:10:50.851,1.02169,1.0219,1.00,1.35
2016.11.02 08:10:51.352,1.02166,1.02191,1.35,3.60
2016.11.02 08:10:51.655,1.02164,1.02187,1.35,1.00
2016.11.02 08:10:51.756,1.02167,1.02187,1.00,1.12
2016.11.02 08:10:51.857,1.02164,1.02186,2.10,1.00
2016.11.02 08:10:51.907,1.02164,1.02188,2.85,1.00
2016.11.02 08:10:52.428,1.02164,1.02188,1.75,1.12
2016.11.02 08:10:52.992,1.02164,1.02187,1.75,1.00
2016.11.02 08:10:53.471,1.02164,1.02187,1.50,1.12
2016.11.02 08:10:54.568,1.02165,1.0219,1.72,2.10
2016.11.02 08:10:54.619,1.02165,1.0219,1.72,1.75
2016.11.02 08:10:54.751,1.02165,1.02189,2.10,1.50
2016.11.02 08:10:55.104,1.02165,1.02186,1.67,1.00
2016.11.02 08:10:56.445,1.02164,1.02186,2.25,1.00
2016.11.02 08:10:56.597,1.02167,1.0219,1.75,1.30
2016.11.02 08:10:56.648,1.02167,1.02191,1.75,4.35
2016.11.02 08:10:57.151,1.02165,1.0219,1.75,2.10
2016.11.02 08:10:57.681,1.02165,1.02187,1.35,1.00
2016.11.02 08:10:59.211,1.02165,1.02186,1.00,1.00
2016.11.02 08:10:59.664,1.02163,1.02184,1.00,1.00
2016.11.02 08:11:01.110,1.02163,1.02185,1.75,2.10
2016.11.02 08:11:01.629,1.02164,1.02185,1.37,2.47
2016.11.02 08:11:01.781,1.02163,1.02184,1.50,1.00
2016.11.02 08:11:01.882,1.02163,1.02186,1.00,2.10
2016.11.02 08:11:01.985,1.02163,1.02184,1.00,1.00
2016.11.02 08:11:05.394,1.02164,1.02186,1.37,1.37
2016.11.02 08:11:05.495,1.02163,1.02185,1.12,1.30
2016.11.02 08:11:06.499,1.02164,1.02186,1.00,1.50
2016.11.02 08:11:06.601,1.02166,1.02186,1.50,1.00
2016.11.02 08:11:06.752,1.02166,1.02191,1.75,2.25
2016.11.02 08:11:06.803,1.02168,1.02191,1.12,1.75
2016.11.02 08:11:06.970,1.02168,1.0219,1.00,1.00
2016.11.02 08:11:07.047,1.02169,1.02191,1.35,1.72
2016.11.02 08:11:07.500,1.02169,1.0219,1.50,1.00
2016.11.02 08:11:07.601,1.0217,1.02192,1.72,1.50
2016.11.02 08:11:08.296,1.02172,1.02193,1.50,2.10
2016.11.02 08:11:09.011,1.02172,1.02191,1.00,1.35
2016.11.02 08:11:09.112,1.02172,1.02191,1.00,1.30
2016.11.02 08:11:09.646,1.02171,1.02192,1.12,2.85
2016.11.02 08:11:09.913,1.02171,1.02193,1.50,1.35
2016.11.02 08:11:10.450,1.02172,1.02192,1.00,1.00
2016.11.02 08:11:10.780,1.02174,1.02192,1.00,1.50
2016.11.02 08:11:10.986,1.0217,1.02192,1.50,2.10
2016.11.02 08:11:11.137,1.02168,1.02191,1.75,3.22
2016.11.02 08:11:11.239,1.02169,1.0219,1.50,1.30
2016.11.02 08:11:11.664,1.0217,1.0219,1.00,2.10
2016.11.02 08:11:12.232,1.02169,1.0219,1.50,2.10
2016.11.02 08:11:12.287,1.02171,1.02191,1.12,1.72
2016.11.02 08:11:12.338,1.02171,1.02193,1.00,1.35
2016.11.02 08:11:12.439,1.02171,1.02193,1.12,1.35
2016.11.02 08:11:12.834,1.0217,1.0219,1.00,2.10
2016.11.02 08:11:12.885,1.02169,1.02192,1.12,1.35
2016.11.02 08:11:13.393,1.02169,1.0219,1.12,1.67
2016.11.02 08:11:13.937,1.0217,1.02195,1.12,1.75
2016.11.02 08:11:14.039,1.02171,1.02193,1.00,1.00
2016.11.02 08:11:14.543,1.02171,1.02192,1.00,1.00
2016.11.02 08:11:15.202,1.02171,1.02193,1.37,1.67
2016.11.02 08:11:15.751,1.02171,1.02196,1.35,1.35
2016.11.02 08:11:16.255,1.02171,1.02197,2.25,1.35
2016.11.02 08:11:16.849,1.02171,1.02196,2.10,1.75
2016.11.02 08:11:21.451,1.02171,1.02196,1.75,2.25
2016.11.02 08:11:24.152,1.02171,1.02193,1.00,1.50
2016.11.02 08:11:24.656,1.02171,1.02192,1.00,1.00
2016.11.02 08:11:25.051,1.02168,1.02192,1.75,1.00
2016.11.02 08:11:25.252,1.02171,1.02192,1.00,1.00
2016.11.02 08:11:26.065,1.02168,1.02192,2.25,1.50
2016.11.02 08:11:26.595,1.02168,1.02192,2.25,1.12
2016.11.02 08:11:26.661,1.0217,1.02192,1.00,1.50
2016.11.02 08:11:27.351,1.02168,1.02195,1.75,2.25
2016.11.02 08:11:27.452,1.02168,1.02195,1.75,2.25
2016.11.02 08:11:27.704,1.02169,1.02189,1.50,2.10
2016.11.02 08:11:27.855,1.02167,1.02187,1.00,1.00
2016.11.02 08:11:27.956,1.02161,1.02187,1.35,2.85
2016.11.02 08:11:28.159,1.02168,1.0219,1.00,1.00
2016.11.02 08:11:28.260,1.02166,1.02186,1.00,1.00
2016.11.02 08:11:28.659,1.02167,1.02189,1.50,1.00
2016.11.02 08:11:28.760,1.02165,1.02191,1.37,2.10
2016.11.02 08:11:29.199,1.02168,1.02191,1.50,1.72
2016.11.02 08:11:30.150,1.02168,1.02191,1.37,1.50
2016.11.02 08:11:30.678,1.02168,1.02191,1.12,2.10
2016.11.02 08:11:30.980,1.02169,1.0219,1.50,1.00
2016.11.02 08:11:31.867,1.0217,1.0219,1.00,1.00
2016.11.02 08:11:32.391,1.02169,1.0219,1.50,1.00
2016.11.02 08:11:32.852,1.02169,1.02192,1.12,1.75
2016.11.02 08:11:33.392,1.02167,1.02191,1.37,1.35
2016.11.02 08:11:33.906,1.02167,1.02191,1.75,1.35
2016.11.02 08:11:34.472,1.02167,1.02189,1.50,1.00
2016.11.02 08:11:34.573,1.02166,1.0219,1.72,1.75
2016.11.02 08:11:34.675,1.02167,1.02189,1.00,1.00
2016.11.02 08:11:34.997,1.02168,1.02191,2.85,1.75
2016.11.02 08:11:35.048,1.02168,1.02191,1.67,1.75
2016.11.02 08:11:35.149,1.02169,1.02194,1.37,1.75
2016.11.02 08:11:35.199,1.02169,1.02196,3.00,2.62
2016.11.02 08:11:35.502,1.02173,1.02195,1.00,1.00
2016.11.02 08:11:35.553,1.02173,1.02197,1.00,1.75
2016.11.02 08:11:36.079,1.02175,1.02198,1.30,1.75
2016.11.02 08:11:36.382,1.02178,1.02202,1.72,2.85
2016.11.02 08:11:36.576,1.02179,1.02202,2.10,1.35
2016.11.02 08:11:37.080,1.02179,1.02202,1.35,1.67
2016.11.02 08:11:37.177,1.02179,1.02202,1.30,1.35
2016.11.02 08:11:37.330,1.02178,1.02202,2.25,1.75
2016.11.02 08:11:37.482,1.02181,1.02205,1.75,1.75
2016.11.02 08:11:37.789,1.02183,1.02207,1.35,1.50
2016.11.02 08:11:38.078,1.02184,1.02207,1.72,1.00
2016.11.02 08:11:39.287,1.02188,1.02211,1.60,2.85
2016.11.02 08:11:39.758,1.02189,1.02211,1.72,2.10
2016.11.02 08:11:39.809,1.02189,1.02211,2.10,2.10
2016.11.02 08:11:39.916,1.02189,1.02211,1.72,1.50
2016.11.02 08:11:40.219,1.02189,1.02215,1.75,1.50
2016.11.02 08:11:40.723,1.02191,1.02216,1.37,2.25
2016.11.02 08:11:40.986,1.02194,1.02216,1.00,1.75
2016.11.02 08:11:41.509,1.02194,1.02217,1.60,1.75
2016.11.02 08:11:43.096,1.02193,1.02217,1.35,2.10
2016.11.02 08:11:43.833,1.02191,1.02216,1.72,1.75
2016.11.02 08:11:43.884,1.02191,1.02215,1.35,1.50
2016.11.02 08:11:44.186,1.02192,1.02215,2.85,1.75
2016.11.02 08:11:46.894,1.02192,1.02216,3.22,1.75
2016.11.02 08:11:47.274,1.0219,1.02215,2.10,1.75
2016.11.02 08:11:47.525,1.02191,1.0221,1.50,1.50
2016.11.02 08:11:47.626,1.02189,1.0221,1.00,1.50
2016.11.02 08:11:47.677,1.02189,1.02209,1.00,1.72
2016.11.02 08:11:47.727,1.02185,1.02209,1.75,2.10
2016.11.02 08:11:47.828,1.02185,1.02208,1.00,1.00
2016.11.02 08:11:48.346,1.02184,1.02208,4.35,1.00
2016.11.02 08:11:48.900,1.02185,1.02209,1.60,2.85
2016.11.02 08:11:49.378,1.02186,1.0221,1.60,2.25
2016.11.02 08:11:49.428,1.02186,1.02206,1.35,1.00
2016.11.02 08:11:49.529,1.02186,1.02213,1.72,1.75
2016.11.02 08:11:49.580,1.02188,1.02212,1.00,1.75
2016.11.02 08:11:50.118,1.02188,1.02212,1.12,2.25
2016.11.02 08:11:50.448,1.02188,1.02212,3.22,2.25
2016.11.02 08:11:52.006,1.02188,1.02212,1.72,2.25
2016.11.02 08:11:52.147,1.02185,1.02209,1.50,1.12
2016.11.02 08:11:52.198,1.02185,1.0221,1.50,1.50
2016.11.02 08:11:52.702,1.02186,1.0221,2.10,2.47
2016.11.02 08:11:53.285,1.02186,1.0221,1.35,2.85
2016.11.02 08:11:54.311,1.02186,1.02209,1.67,1.37
2016.11.02 08:11:54.361,1.02186,1.02209,1.30,1.50
2016.11.02 08:11:56.516,1.02186,1.02207,1.30,1.37
2016.11.02 08:11:57.034,1.02183,1.02206,1.35,1.00
2016.11.02 08:11:57.085,1.02183,1.02206,1.35,1.00
2016.11.02 08:11:57.488,1.02185,1.02205,1.00,2.47
2016.11.02 08:11:57.740,1.02181,1.02205,2.10,1.35
2016.11.02 08:11:58.243,1.02181,1.02204,1.75,1.35
2016.11.02 08:11:58.344,1.02181,1.02202,1.75,2.10
2016.11.02 08:11:58.444,1.02179,1.02202,1.75,2.85
2016.11.02 08:11:58.545,1.02179,1.02199,1.37,2.47
2016.11.02 08:11:59.131,1.02176,1.022,2.10,1.50
2016.11.02 08:11:59.232,1.02179,1.02201,1.30,1.75
2016.11.02 08:11:59.434,1.02179,1.02199,1.30,1.00
2016.11.02 08:11:59.535,1.02178,1.022,1.35,1.00
2016.11.02 08:12:00.293,1.02176,1.02202,2.10,1.50
2016.11.02 08:12:00.805,1.02178,1.022,1.00,1.00
2016.11.02 08:12:00.856,1.02178,1.02197,1.00,2.10
2016.11.02 08:12:01.108,1.02164,1.02188,4.87,2.47
2016.11.02 08:12:01.170,1.02164,1.02187,1.75,1.67
2016.11.02 08:12:01.897,1.02164,1.02187,2.25,1.67
2016.11.02 08:12:02.249,1.02165,1.02186,1.00,2.10
2016.11.02 08:12:02.451,1.02166,1.02187,1.00,1.60
2016.11.02 08:12:03.699,1.02166,1.02187,1.00,1.35
2016.11.02 08:12:04.400,1.02166,1.02186,1.00,1.35
2016.11.02 08:12:04.905,1.02166,1.02186,1.00,2.10
2016.11.02 08:12:05.109,1.0216,1.02186,1.75,1.35
2016.11.02 08:12:05.160,1.0216,1.02185,1.75,1.35
2016.11.02 08:12:05.312,1.02159,1.02184,1.75,2.25
2016.11.02 08:12:05.463,1.02161,1.02182,1.00,1.50
2016.11.02 08:12:05.514,1.02158,1.02182,2.25,1.50
2016.11.02 08:12:06.018,1.02158,1.02183,2.25,1.75
2016.11.02 08:12:06.321,1.02158,1.02179,1.00,2.10
2016.11.02 08:12:06.970,1.02157,1.02179,1.50,2.85
2016.11.02 08:12:07.305,1.02156,1.02179,1.75,2.47
2016.11.02 08:12:08.829,1.02157,1.02181,1.35,1.35
2016.11.02 08:12:09.132,1.02157,1.02177,1.50,1.30
2016.11.02 08:12:09.182,1.02157,1.02177,1.12,1.30
2016.11.02 08:12:09.233,1.02156,1.0218,1.00,4.72
2016.11.02 08:12:09.557,1.02158,1.02182,1.00,3.00
2016.11.02 08:12:09.659,1.02155,1.02181,1.50,1.75
2016.11.02 08:12:09.760,1.02158,1.02181,1.00,1.75
2016.11.02 08:12:09.912,1.02158,1.02181,1.12,1.12
2016.11.02 08:12:10.427,1.02158,1.02182,1.00,2.62
2016.11.02 08:12:10.772,1.02159,1.02181,1.00,1.00
2016.11.02 08:12:11.024,1.02162,1.02186,1.12,3.22
2016.11.02 08:12:11.074,1.02162,1.02187,2.10,1.50
2016.11.02 08:12:11.217,1.02164,1.02188,1.00,1.75
2016.11.02 08:12:11.318,1.02162,1.02187,1.00,3.60
2016.11.02 08:12:11.419,1.02162,1.02186,1.12,1.50
2016.11.02 08:12:11.722,1.02163,1.02187,1.67,2.25
2016.11.02 08:12:13.058,1.02164,1.02185,1.37,2.10
2016.11.02 08:12:13.159,1.02164,1.02186,1.75,2.10
2016.11.02 08:12:13.259,1.02164,1.02186,1.50,2.47
2016.11.02 08:12:13.781,1.02162,1.02186,1.75,4.35
2016.11.02 08:12:14.141,1.02168,1.02185,1.00,2.47
2016.11.02 08:12:14.243,1.02169,1.02189,1.00,1.35
2016.11.02 08:12:14.294,1.02169,1.02189,1.00,1.00
2016.11.02 08:12:14.464,1.0217,1.02192,1.37,3.60
2016.11.02 08:12:14.515,1.02171,1.02192,1.30,1.37
2016.11.02 08:12:14.668,1.0217,1.02192,1.00,3.60
2016.11.02 08:12:14.987,1.02171,1.02192,1.75,1.50
2016.11.02 08:12:15.038,1.02172,1.02192,1.00,1.50
2016.11.02 08:12:15.139,1.02171,1.02192,1.75,1.50
2016.11.02 08:12:15.240,1.02171,1.02194,2.10,1.00
2016.11.02 08:12:15.341,1.02172,1.02197,1.97,2.10
2016.11.02 08:12:15.492,1.02173,1.02197,1.30,2.85
2016.11.02 08:12:15.657,1.02175,1.02196,1.37,1.50
2016.11.02 08:12:16.200,1.02175,1.022,1.50,1.35
2016.11.02 08:12:16.501,1.02172,1.02193,1.50,2.47
2016.11.02 08:12:17.100,1.02172,1.02196,1.35,2.85
2016.11.02 08:12:17.353,1.02169,1.02192,1.50,1.67
2016.11.02 08:12:17.454,1.02168,1.02192,1.87,2.10
2016.11.02 08:12:17.706,1.02169,1.02189,1.00,1.00
2016.11.02 08:12:17.857,1.02167,1.02191,1.50,1.75
2016.11.02 08:12:17.946,1.02167,1.02191,1.75,1.50
2016.11.02 08:12:18.475,1.02172,1.02191,1.00,1.50
2016.11.02 08:12:18.822,1.0217,1.02193,1.12,1.35
2016.11.02 08:12:18.983,1.02171,1.02193,1.37,1.00
2016.11.02 08:12:19.287,1.02168,1.02191,1.67,1.50
2016.11.02 08:12:19.902,1.02169,1.02191,1.12,1.12
2016.11.02 08:12:20.056,1.02169,1.02191,1.37,1.00
2016.11.02 08:12:20.294,1.02171,1.02193,1.00,1.00
2016.11.02 08:12:20.446,1.02171,1.02195,1.12,3.97
2016.11.02 08:12:20.850,1.02171,1.02193,1.50,1.00
2016.11.02 08:12:20.961,1.02171,1.02191,1.12,1.37
2016.11.02 08:12:21.466,1.0217,1.0219,1.00,1.35
2016.11.02 08:12:22.671,1.0217,1.0219,1.37,1.30
2016.11.02 08:12:23.499,1.0217,1.02191,1.50,1.12
2016.11.02 08:12:24.273,1.0217,1.02191,1.50,1.72
2016.11.02 08:12:24.424,1.02169,1.02191,1.00,1.60
2016.11.02 08:12:24.691,1.02169,1.02193,1.50,2.62
2016.11.02 08:12:25.557,1.02167,1.0219,2.10,1.00
2016.11.02 08:12:25.658,1.02167,1.02191,1.75,3.22
2016.11.02 08:12:26.021,1.02168,1.02191,1.75,2.10
2016.11.02 08:12:26.319,1.02168,1.02191,1.37,2.10
2016.11.02 08:12:26.571,1.02163,1.02187,2.25,1.12
2016.11.02 08:12:26.622,1.02165,1.02187,1.00,1.50
2016.11.02 08:12:26.874,1.02164,1.02189,2.25,2.10
2016.11.02 08:12:27.192,1.02167,1.02191,1.35,1.00
2016.11.02 08:12:27.443,1.02169,1.0219,1.00,1.00
2016.11.02 08:12:27.494,1.02168,1.02191,1.35,1.50
2016.11.02 08:12:28.033,1.02169,1.02191,1.50,1.35
2016.11.02 08:12:28.534,1.02169,1.02193,2.85,2.10
2016.11.02 08:12:28.584,1.0217,1.02193,1.37,1.35
2016.11.02 08:12:28.896,1.02174,1.02195,2.10,1.37
2016.11.02 08:12:28.947,1.02173,1.02194,1.50,1.00
2016.11.02 08:12:28.997,1.02173,1.02195,1.50,2.85
2016.11.02 08:12:29.525,1.02174,1.02191,1.35,1.00
2016.11.02 08:12:29.727,1.02173,1.02195,2.47,1.30
2016.11.02 08:12:29.778,1.02172,1.02193,1.60,1.30
2016.11.02 08:12:30.282,1.02174,1.02195,1.00,2.10
2016.11.02 08:12:30.701,1.02172,1.02196,1.75,1.50
2016.11.02 08:12:30.852,1.02171,1.02193,1.00,1.60
2016.11.02 08:12:31.069,1.02169,1.02191,1.35,1.50
2016.11.02 08:12:31.371,1.02165,1.02186,1.35,1.00
2016.11.02 08:12:31.572,1.02165,1.02189,1.75,2.85
2016.11.02 08:12:31.899,1.02167,1.02189,2.25,1.30
2016.11.02 08:12:32.419,1.02168,1.02192,1.50,1.75
2016.11.02 08:12:32.922,1.02166,1.0219,2.25,2.47
2016.11.02 08:12:33.094,1.02167,1.02189,1.50,1.30
2016.11.02 08:12:33.706,1.02167,1.02189,1.50,1.67
2016.11.02 08:12:33.807,1.02167,1.02189,1.75,1.30
2016.11.02 08:12:35.507,1.02168,1.0219,1.50,2.47
2016.11.02 08:12:35.608,1.02168,1.02191,3.60,1.37
2016.11.02 08:12:35.659,1.02173,1.02194,1.50,1.00
2016.11.02 08:12:35.709,1.02173,1.02197,2.10,1.87
2016.11.02 08:12:35.760,1.02176,1.02196,1.00,1.00
2016.11.02 08:12:35.811,1.02176,1.02198,1.00,1.00
2016.11.02 08:12:35.933,1.02176,1.02196,1.60,1.00
2016.11.02 08:12:36.084,1.02174,1.02197,1.12,1.35
2016.11.02 08:12:36.603,1.02172,1.02198,2.10,2.10
2016.11.02 08:12:37.077,1.02173,1.02195,1.50,1.35
2016.11.02 08:12:37.128,1.02173,1.02195,1.50,1.35
2016.11.02 08:12:37.380,1.02174,1.02195,1.12,1.67
2016.11.02 08:12:37.819,1.02176,1.02196,1.30,1.50
2016.11.02 08:12:38.323,1.02175,1.02198,1.67,1.50
2016.11.02 08:12:38.694,1.02173,1.02196,1.50,1.72
2016.11.02 08:12:38.897,1.02173,1.02197,1.50,1.50
2016.11.02 08:12:39.319,1.02173,1.02197,2.25,1.00
2016.11.02 08:12:39.672,1.02175,1.02197,1.50,1.00
2016.11.02 08:12:39.973,1.02173,1.02198,1.00,2.10
2016.11.02 08:12:40.478,1.02172,1.02197,1.00,2.25
2016.11.02 08:12:40.679,1.02173,1.02195,1.50,1.00
2016.11.02 08:12:40.730,1.02173,1.02197,1.12,1.75
2016.11.02 08:12:41.245,1.02172,1.02197,1.50,3.37
2016.11.02 08:12:41.597,1.02172,1.02198,3.22,4.87
2016.11.02 08:12:41.665,1.02176,1.02198,1.30,1.75
2016.11.02 08:12:41.715,1.02175,1.02196,2.85,1.00
2016.11.02 08:12:41.816,1.02178,1.022,1.30,1.50
2016.11.02 08:12:41.867,1.02181,1.02201,1.00,1.75
2016.11.02 08:12:41.917,1.02181,1.022,1.00,1.00
2016.11.02 08:12:42.440,1.0218,1.02203,1.37,1.67
2016.11.02 08:12:42.591,1.02179,1.02197,1.50,2.10
2016.11.02 08:12:42.692,1.02176,1.02199,2.10,2.10
2016.11.02 08:12:42.844,1.02177,1.02201,1.75,2.47
2016.11.02 08:12:42.946,1.02178,1.02203,1.75,2.10
2016.11.02 08:12:43.468,1.0218,1.02206,1.50,1.75
2016.11.02 08:12:44.211,1.0218,1.02207,1.75,2.25
2016.11.02 08:12:44.533,1.0218,1.02204,1.50,1.50
2016.11.02 08:12:44.584,1.02179,1.02203,1.50,1.75
2016.11.02 08:12:45.289,1.02181,1.022,1.00,1.00
2016.11.02 08:12:45.792,1.0218,1.02204,1.00,3.97
2016.11.02 08:12:46.305,1.02179,1.02204,1.12,3.97
2016.11.02 08:12:46.737,1.02179,1.02204,1.37,2.10
2016.11.02 08:12:46.939,1.02179,1.02201,1.50,1.12
2016.11.02 08:12:47.039,1.02184,1.02201,1.00,1.12
2016.11.02 08:12:47.090,1.02178,1.02201,3.00,1.12
2016.11.02 08:12:47.185,1.02186,1.02201,1.12,1.00
2016.11.02 08:12:47.235,1.02186,1.02211,1.50,4.87
2016.11.02 08:12:47.739,1.02179,1.02207,3.37,1.50
2016.11.02 08:12:48.041,1.02179,1.02204,1.50,1.75
2016.11.02 08:12:48.516,1.02179,1.02206,1.50,4.12
2016.11.02 08:12:49.146,1.02181,1.02207,1.35,3.37
2016.11.02 08:12:49.670,1.02181,1.02207,1.67,4.87
2016.11.02 08:12:50.353,1.02181,1.02203,1.67,1.00
2016.11.02 08:12:50.821,1.02182,1.02208,1.35,3.37
2016.11.02 08:12:51.023,1.02184,1.02211,3.00,1.75
2016.11.02 08:12:51.627,1.02186,1.0221,1.50,1.00
2016.11.02 08:12:51.803,1.02186,1.02213,1.50,2.25
2016.11.02 08:12:52.222,1.02185,1.02211,1.75,3.37
2016.11.02 08:12:52.530,1.02182,1.02204,1.00,1.35
2016.11.02 08:12:52.832,1.02182,1.02206,1.35,2.10
2016.11.02 08:12:53.354,1.02181,1.02208,1.12,1.75
2016.11.02 08:12:53.556,1.0218,1.02208,1.50,1.75
2016.11.02 08:12:53.657,1.02184,1.02206,1.00,1.00
2016.11.02 08:12:55.042,1.02181,1.02206,1.50,1.50
2016.11.02 08:12:55.143,1.02181,1.02203,1.50,1.00
2016.11.02 08:12:55.244,1.02181,1.02206,1.50,1.37
2016.11.02 08:12:55.345,1.02185,1.0221,1.37,1.75
2016.11.02 08:12:55.447,1.02185,1.02209,1.37,2.62
2016.11.02 08:12:55.579,1.02182,1.02204,1.50,1.00
2016.11.02 08:12:55.982,1.02182,1.02206,1.00,2.25
2016.11.02 08:12:56.183,1.02178,1.02205,1.37,1.75
2016.11.02 08:12:56.234,1.02178,1.02206,2.25,2.25
2016.11.02 08:12:56.335,1.02183,1.02204,1.00,1.00
2016.11.02 08:12:57.103,1.02183,1.02201,1.00,1.00
2016.11.02 08:12:57.947,1.02179,1.02201,1.75,1.12
2016.11.02 08:12:58.544,1.02179,1.02201,1.75,1.00
2016.11.02 08:12:59.119,1.02178,1.02199,2.25,2.10
2016.11.02 08:12:59.220,1.02181,1.02199,1.00,2.10
2016.11.02 08:12:59.321,1.02176,1.02201,1.35,2.47
2016.11.02 08:12:59.419,1.02176,1.022,1.50,1.00
2016.11.02 08:13:00.347,1.02178,1.02201,1.37,1.50
2016.11.02 08:13:00.518,1.0218,1.02201,1.00,1.00
2016.11.02 08:13:00.571,1.02179,1.02201,1.50,1.00
2016.11.02 08:13:00.823,1.02181,1.02206,1.37,1.50
2016.11.02 08:13:00.874,1.02184,1.02206,1.00,1.00
2016.11.02 08:13:00.975,1.02184,1.02209,1.50,2.10
2016.11.02 08:13:01.177,1.02182,1.02207,1.75,2.10
2016.11.02 08:13:01.380,1.0218,1.02206,3.97,1.37
2016.11.02 08:13:01.682,1.02182,1.02204,1.00,1.00
2016.11.02 08:13:01.884,1.02178,1.02202,1.75,1.37
2016.11.02 08:13:02.202,1.02179,1.02202,1.75,1.00
2016.11.02 08:13:02.353,1.0218,1.02201,1.00,1.00
2016.11.02 08:13:02.555,1.02178,1.02201,1.75,1.35
2016.11.02 08:13:02.656,1.02178,1.02201,1.12,1.35
2016.11.02 08:13:02.706,1.02177,1.02201,1.50,1.35
2016.11.02 08:13:03.176,1.02177,1.022,1.50,2.47
2016.11.02 08:13:03.377,1.02177,1.022,1.00,2.47
2016.11.02 08:13:03.556,1.02176,1.022,1.75,2.10
2016.11.02 08:13:04.100,1.02175,1.02198,1.75,2.10
2016.11.02 08:13:04.601,1.02177,1.022,1.75,2.10
2016.11.02 08:13:04.752,1.02178,1.02201,1.50,1.30
2016.11.02 08:13:04.853,1.02177,1.02201,2.10,1.30
2016.11.02 08:13:05.421,1.02179,1.02201,1.75,1.30
2016.11.02 08:13:05.727,1.02176,1.02201,1.75,2.10
2016.11.02 08:13:05.778,1.0218,1.02201,1.00,1.35
2016.11.02 08:13:06.021,1.02184,1.02207,1.50,2.62
2016.11.02 08:13:06.072,1.02184,1.02208,1.87,1.75
2016.11.02 08:13:06.122,1.02185,1.02209,1.60,2.62
2016.11.02 08:13:06.223,1.02184,1.02209,1.12,3.37
2016.11.02 08:13:06.298,1.02184,1.02209,1.75,1.50
2016.11.02 08:13:06.554,1.02184,1.02208,1.75,1.37
2016.11.02 08:13:06.605,1.02183,1.0221,5.62,1.75
2016.11.02 08:13:06.706,1.02183,1.0221,1.75,1.75
2016.11.02 08:13:06.907,1.02187,1.02209,1.00,1.00
2016.11.02 08:13:07.187,1.02186,1.0221,1.75,2.10
2016.11.02 08:13:07.291,1.02186,1.02208,1.00,1.50
2016.11.02 08:13:07.544,1.02187,1.02208,2.10,1.00
2016.11.02 08:13:07.850,1.02186,1.02212,2.10,2.25
2016.11.02 08:13:08.113,1.02186,1.02212,2.10,2.25
2016.11.02 08:13:08.213,1.02188,1.0221,1.00,1.00
2016.11.02 08:13:08.365,1.02186,1.02211,2.10,1.87
2016.11.02 08:13:08.415,1.0219,1.02211,1.00,1.50
2016.11.02 08:13:08.567,1.02186,1.0221,1.35,1.50
2016.11.02 08:13:08.617,1.02188,1.02209,1.00,1.00
2016.11.02 08:13:09.503,1.02185,1.02211,2.25,2.47
2016.11.02 08:13:09.604,1.02185,1.02207,1.00,1.00
2016.11.02 08:13:10.222,1.02185,1.02206,1.00,1.37
2016.11.02 08:13:10.323,1.02184,1.02208,1.35,1.75
2016.11.02 08:13:10.853,1.02184,1.02206,1.67,1.00
2016.11.02 08:13:10.904,1.02184,1.02206,1.67,1.75
2016.11.02 08:13:11.219,1.02185,1.02206,1.00,1.50
2016.11.02 08:13:11.596,1.02182,1.02204,1.50,1.00
2016.11.02 08:13:11.697,1.02181,1.02205,1.30,2.25
2016.11.02 08:13:12.107,1.02182,1.02206,1.75,2.85
2016.11.02 08:13:12.410,1.02182,1.02206,1.75,1.12
2016.11.02 08:13:12.804,1.02184,1.02209,1.35,1.50
2016.11.02 08:13:13.331,1.02188,1.02209,1.00,1.00
2016.11.02 08:13:14.168,1.02186,1.0221,1.50,1.75
2016.11.02 08:13:14.671,1.02182,1.02207,4.12,1.72
2016.11.02 08:13:14.721,1.02185,1.02204,1.00,1.00
2016.11.02 08:13:14.923,1.02179,1.02204,1.67,1.75
2016.11.02 08:13:15.392,1.02179,1.02202,2.25,1.30
2016.11.02 08:13:15.907,1.02179,1.02201,1.75,1.12
2016.11.02 08:13:16.357,1.02179,1.02202,2.25,1.30
2016.11.02 08:13:16.407,1.02179,1.02202,1.87,1.67
2016.11.02 08:13:16.910,1.02178,1.02201,1.50,3.22
2016.11.02 08:13:17.396,1.02176,1.02201,1.67,4.35
2016.11.02 08:13:17.447,1.02176,1.02199,1.67,1.35
2016.11.02 08:13:17.850,1.02175,1.02199,1.75,1.12
2016.11.02 08:13:17.951,1.02176,1.02201,1.50,2.10
2016.11.02 08:13:18.001,1.02178,1.02201,2.47,1.50
2016.11.02 08:13:18.052,1.02176,1.022,1.75,1.30
2016.11.02 08:13:18.216,1.02176,1.02201,4.12,2.85
2016.11.02 08:13:18.518,1.02178,1.02196,1.35,1.00
2016.11.02 08:13:18.619,1.02176,1.02201,4.12,1.30
2016.11.02 08:13:18.720,1.02176,1.02196,2.25,1.00
2016.11.02 08:13:18.937,1.02177,1.02197,1.00,1.00
2016.11.02 08:13:19.239,1.02177,1.02196,1.75,1.00
2016.11.02 08:13:19.340,1.02178,1.02201,2.10,1.37
2016.11.02 08:13:19.662,1.02182,1.02201,1.00,1.12
2016.11.02 08:13:19.964,1.02183,1.02207,1.75,2.10
2016.11.02 08:13:20.438,1.02189,1.02206,1.00,1.35
2016.11.02 08:13:20.740,1.02187,1.02206,1.50,1.60
2016.11.02 08:13:22.232,1.02184,1.02204,1.75,2.10
2016.11.02 08:13:22.434,1.02184,1.02204,1.12,2.47
2016.11.02 08:13:23.312,1.02184,1.02204,1.12,1.30
2016.11.02 08:13:23.671,1.02185,1.02207,1.50,3.22
2016.11.02 08:13:23.823,1.02187,1.02206,1.12,1.00
2016.11.02 08:13:24.572,1.02186,1.02207,1.50,1.12
2016.11.02 08:13:24.875,1.02187,1.02207,1.75,1.00
2016.11.02 08:13:25.399,1.02185,1.02206,2.85,1.00
2016.11.02 08:13:25.556,1.02185,1.02206,2.10,1.00
2016.11.02 08:13:26.094,1.02185,1.02208,1.50,2.47
2016.11.02 08:13:26.245,1.02183,1.02205,1.75,2.10
2016.11.02 08:13:26.447,1.02182,1.02201,2.10,1.00
2016.11.02 08:13:26.809,1.02184,1.02201,2.10,1.00
2016.11.02 08:13:27.162,1.02185,1.02206,1.75,1.30
2016.11.02 08:13:27.484,1.02185,1.02207,1.12,2.10
2016.11.02 08:13:28.027,1.02186,1.02207,1.50,1.37
2016.11.02 08:13:28.255,1.02188,1.02207,1.00,1.00
2016.11.02 08:13:28.770,1.02185,1.02206,1.00,1.50
2016.11.02 08:13:29.360,1.02186,1.02206,1.00,1.00
2016.11.02 08:13:29.562,1.02186,1.02207,1.75,1.00
2016.11.02 08:13:30.694,1.02187,1.02206,1.50,1.00
2016.11.02 08:13:30.846,1.02185,1.02206,1.00,1.50
2016.11.02 08:13:30.897,1.02185,1.02206,1.00,1.60
2016.11.02 08:13:31.049,1.02181,1.02201,1.50,1.00
2016.11.02 08:13:31.250,1.02181,1.02201,1.35,1.00
2016.11.02 08:13:31.849,1.02181,1.02202,1.67,1.00
2016.11.02 08:13:31.951,1.02181,1.02201,1.35,1.12
2016.11.02 08:13:32.755,1.02179,1.02201,3.60,1.37
2016.11.02 08:13:33.261,1.02181,1.02201,1.30,1.37
2016.11.02 08:13:33.967,1.02179,1.02201,1.00,1.37
2016.11.02 08:13:34.119,1.02177,1.02201,1.12,2.85
2016.11.02 08:13:34.628,1.02174,1.02196,1.75,1.12
2016.11.02 08:13:35.299,1.02175,1.02197,1.50,1.30
2016.11.02 08:13:35.451,1.02175,1.02196,2.25,1.00
2016.11.02 08:13:35.502,1.02175,1.02197,2.25,1.35
2016.11.02 08:13:36.363,1.02179,1.02201,1.00,2.85
2016.11.02 08:13:37.261,1.02179,1.02196,1.00,1.00
2016.11.02 08:13:38.547,1.02178,1.02196,1.00,1.00
2016.11.02 08:13:39.571,1.02173,1.02197,4.87,1.30
2016.11.02 08:13:39.874,1.02177,1.022,1.50,1.67
2016.11.02 08:13:40.410,1.02177,1.022,1.50,1.30
2016.11.02 08:13:41.817,1.02179,1.02201,1.00,2.85
2016.11.02 08:13:41.968,1.02177,1.02201,1.75,1.72
2016.11.02 08:13:42.120,1.0218,1.02204,1.37,1.75
2016.11.02 08:13:42.272,1.0218,1.02205,2.25,1.50
2016.11.02 08:13:42.688,1.02182,1.02207,1.50,1.75
2016.11.02 08:13:42.991,1.0218,1.022,1.35,1.00
2016.11.02 08:13:43.042,1.0218,1.022,1.60,1.00
2016.11.02 08:13:43.143,1.02182,1.02202,1.30,1.12
2016.11.02 08:13:43.651,1.02184,1.02204,1.00,1.67
2016.11.02 08:13:44.212,1.02184,1.02204,1.12,1.35
2016.11.02 08:13:44.716,1.02182,1.02205,1.50,1.35
2016.11.02 08:13:45.187,1.02181,1.02202,1.35,1.00
2016.11.02 08:13:45.489,1.02182,1.02204,1.00,1.00
2016.11.02 08:13:45.792,1.02182,1.02204,1.35,1.00
2016.11.02 08:13:46.142,1.02183,1.02206,1.75,3.22
2016.11.02 08:13:46.499,1.02183,1.02204,1.67,1.37
2016.11.02 08:13:46.600,1.02181,1.02205,2.10,1.75
2016.11.02 08:13:46.701,1.02184,1.02207,1.72,2.62
2016.11.02 08:13:46.752,1.02185,1.02206,1.00,1.00
2016.11.02 08:13:46.916,1.02185,1.0221,1.72,3.37
2016.11.02 08:13:46.974,1.02187,1.02209,1.00,1.00
2016.11.02 08:13:47.225,1.02187,1.02209,1.60,1.00
2016.11.02 08:13:47.994,1.02186,1.02211,2.10,2.25
2016.11.02 08:13:48.305,1.02187,1.02209,1.00,1.37
2016.11.02 08:13:48.679,1.02184,1.02206,2.10,1.37
2016.11.02 08:13:49.687,1.02186,1.02207,2.47,1.50
2016.11.02 08:13:49.739,1.02186,1.02207,2.47,1.50
2016.11.02 08:13:49.840,1.02188,1.02211,1.37,2.62
2016.11.02 08:13:49.891,1.02188,1.02211,2.25,1.50
2016.11.02 08:13:50.395,1.0219,1.02212,1.75,3.22
2016.11.02 08:13:50.912,1.0219,1.02211,1.75,1.00
2016.11.02 08:13:51.410,1.02191,1.02217,1.75,2.25
2016.11.02 08:13:51.606,1.02191,1.02211,1.75,1.00
2016.11.02 08:13:51.657,1.02191,1.02216,1.75,1.50
2016.11.02 08:13:52.211,1.02192,1.02217,1.50,2.25
2016.11.02 08:13:52.262,1.02192,1.02217,1.12,1.75
2016.11.02 08:13:52.312,1.02192,1.02215,1.37,1.00
2016.11.02 08:13:53.040,1.02194,1.02215,1.00,2.85
2016.11.02 08:13:53.546,1.02194,1.02212,1.00,2.10
2016.11.02 08:13:54.279,1.02194,1.02214,1.00,2.10
2016.11.02 08:13:54.379,1.0219,1.02212,2.10,1.30
2016.11.02 08:13:54.951,1.0219,1.02213,1.35,1.72
2016.11.02 08:13:55.480,1.0219,1.02211,1.75,1.72
2016.11.02 08:13:56.066,1.02191,1.02211,1.00,1.00
2016.11.02 08:13:56.600,1.02188,1.02211,1.35,1.50
2016.11.02 08:13:56.992,1.02188,1.02212,2.10,3.22
2016.11.02 08:13:57.670,1.02187,1.02208,1.50,1.12
2016.11.02 08:13:57.821,1.02183,1.02205,1.60,1.00
2016.11.02 08:13:57.922,1.02184,1.02206,2.47,1.50
2016.11.02 08:13:58.426,1.02185,1.02209,1.72,1.75
2016.11.02 08:13:58.650,1.02183,1.02207,1.67,2.25
2016.11.02 08:13:59.154,1.02183,1.02207,1.67,2.25
2016.11.02 08:13:59.456,1.02182,1.02206,2.10,1.50
2016.11.02 08:13:59.663,1.02182,1.02206,2.10,1.50
2016.11.02 08:13:59.713,1.02183,1.02206,1.35,1.12
2016.11.02 08:14:00.268,1.02183,1.02206,2.10,1.37
2016.11.02 08:14:00.474,1.02184,1.02206,1.12,1.50
2016.11.02 08:14:00.998,1.02185,1.02206,2.10,1.00
2016.11.02 08:14:01.300,1.0219,1.02212,1.00,3.60
2016.11.02 08:14:01.807,1.02189,1.02211,1.50,1.67
2016.11.02 08:14:02.009,1.02188,1.02211,1.12,1.67
2016.11.02 08:14:02.158,1.02188,1.02211,1.37,1.30
2016.11.02 08:14:02.663,1.02187,1.02212,2.25,1.37
2016.11.02 08:14:03.695,1.02187,1.02212,3.37,1.50
2016.11.02 08:14:03.796,1.0219,1.02211,1.00,1.00
2016.11.02 08:14:04.200,1.0219,1.02209,1.00,1.00
2016.11.02 08:14:04.812,1.02187,1.02211,1.75,1.50
2016.11.02 08:14:05.295,1.02186,1.02212,1.75,2.25
2016.11.02 08:14:05.497,1.02186,1.02213,1.35,1.75
2016.11.02 08:14:05.983,1.02189,1.02212,1.37,1.75
2016.11.02 08:14:06.487,1.02185,1.02209,3.37,1.37
2016.11.02 08:14:06.538,1.02185,1.02209,1.75,1.72
2016.11.02 08:14:07.062,1.02184,1.02207,2.10,1.00
2016.11.02 08:14:07.395,1.02186,1.02209,1.00,1.72
2016.11.02 08:14:07.769,1.02185,1.02209,1.50,2.10
2016.11.02 08:14:08.270,1.02185,1.02207,2.10,1.00
2016.11.02 08:14:08.734,1.02183,1.02205,2.62,1.00
2016.11.02 08:14:08.785,1.02181,1.02205,2.62,1.12
2016.11.02 08:14:08.986,1.02181,1.02206,1.75,2.85
2016.11.02 08:14:09.619,1.02178,1.02202,3.37,1.00
2016.11.02 08:14:09.821,1.02181,1.02203,1.00,1.37
2016.11.02 08:14:09.922,1.02178,1.02202,4.12,1.00
2016.11.02 08:14:10.465,1.02178,1.02204,2.25,1.75
2016.11.02 08:14:10.616,1.02183,1.02205,1.00,2.10
2016.11.02 08:14:11.159,1.02184,1.02207,1.00,2.47
2016.11.02 08:14:11.210,1.02182,1.02206,1.75,2.10
2016.11.02 08:14:11.900,1.02183,1.02206,1.75,1.60
2016.11.02 08:14:12.400,1.02182,1.02208,2.62,1.37
2016.11.02 08:14:12.652,1.02185,1.02207,1.75,1.00
2016.11.02 08:14:13.184,1.02185,1.02206,3.22,1.00
2016.11.02 08:14:13.335,1.02187,1.02207,1.00,1.00
2016.11.02 08:14:14.348,1.02182,1.02207,1.75,1.72
2016.11.02 08:14:14.448,1.02184,1.02206,1.00,1.50
2016.11.02 08:14:18.140,1.02183,1.02207,1.75,1.72
2016.11.02 08:14:18.641,1.02183,1.02206,2.10,1.12
2016.11.02 08:14:19.123,1.02186,1.02206,1.00,2.85
2016.11.02 08:14:19.474,1.02181,1.02201,3.37,1.00
2016.11.02 08:14:19.928,1.02179,1.02203,3.37,1.12
2016.11.02 08:14:20.150,1.02183,1.02206,1.50,1.37
2016.11.02 08:14:20.251,1.02182,1.02207,2.62,1.72
2016.11.02 08:14:20.352,1.02184,1.02208,1.50,2.10
2016.11.02 08:14:20.856,1.02184,1.02206,2.10,1.00
2016.11.02 08:14:21.423,1.02184,1.02207,1.35,1.00
2016.11.02 08:14:21.988,1.02184,1.02207,2.85,1.00
2016.11.02 08:14:22.291,1.02182,1.02205,1.75,1.30
2016.11.02 08:14:22.643,1.02182,1.02204,1.00,1.00
2016.11.02 08:14:23.838,1.02182,1.02205,1.35,1.37
2016.11.02 08:14:24.003,1.02184,1.02206,1.35,1.87
2016.11.02 08:14:25.048,1.02182,1.02202,1.75,1.00
2016.11.02 08:14:25.852,1.02182,1.02206,1.75,1.30
2016.11.02 08:14:26.053,1.02183,1.02205,1.00,1.35
2016.11.02 08:14:26.356,1.02182,1.02205,1.35,1.12
2016.11.02 08:14:26.608,1.02183,1.02207,1.00,1.75
2016.11.02 08:14:26.660,1.02186,1.02207,1.00,1.00
2016.11.02 08:14:27.209,1.02186,1.02206,1.00,1.00
2016.11.02 08:14:28.604,1.02181,1.02206,3.37,1.37
2016.11.02 08:14:28.654,1.02183,1.02206,1.12,1.75
2016.11.02 08:14:28.755,1.02182,1.02207,1.75,1.50
2016.11.02 08:14:29.368,1.0218,1.02204,1.75,1.30
2016.11.02 08:14:30.337,1.0218,1.02205,1.75,2.10
2016.11.02 08:14:30.887,1.02182,1.02204,1.12,1.35
2016.11.02 08:14:31.240,1.02182,1.02206,1.37,2.25
2016.11.02 08:14:31.748,1.02182,1.02205,1.50,1.00
2016.11.02 08:14:32.519,1.02185,1.02206,1.00,1.00
2016.11.02 08:14:33.270,1.02184,1.02206,1.75,1.00
2016.11.02 08:14:33.747,1.02186,1.02208,1.37,1.00
2016.11.02 08:14:34.399,1.02185,1.02208,1.75,1.67
2016.11.02 08:14:35.298,1.02184,1.02206,2.85,1.00
2016.11.02 08:14:36.519,1.02184,1.02207,2.85,1.00
2016.11.02 08:14:36.822,1.02185,1.02207,1.00,1.00
2016.11.02 08:14:36.872,1.02184,1.02209,1.75,1.75
2016.11.02 08:14:37.211,1.02185,1.02209,1.75,1.12
2016.11.02 08:14:38.138,1.02185,1.02211,1.75,3.60
2016.11.02 08:14:38.480,1.02186,1.02211,1.75,1.50
2016.11.02 08:14:39.123,1.02187,1.02211,1.75,1.75
2016.11.02 08:14:39.694,1.02189,1.0221,1.00,1.00
2016.11.02 08:14:40.499,1.02188,1.02211,1.75,1.72
2016.11.02 08:14:40.801,1.02188,1.02211,1.75,2.10
2016.11.02 08:14:40.956,1.02188,1.02211,1.75,1.72
2016.11.02 08:14:41.461,1.0219,1.02211,1.00,1.50
2016.11.02 08:14:41.580,1.02187,1.02212,4.12,1.37
2016.11.02 08:14:41.881,1.02187,1.02207,1.75,2.10
2016.11.02 08:14:41.932,1.02187,1.02207,1.75,2.10
2016.11.02 08:14:42.033,1.02187,1.02209,1.30,1.72
2016.11.02 08:14:42.083,1.02186,1.02209,1.35,1.72
2016.11.02 08:14:42.602,1.02187,1.02211,2.10,2.85
2016.11.02 08:14:43.526,1.02188,1.02211,1.75,3.22
2016.11.02 08:14:44.322,1.02191,1.02212,1.00,1.00
2016.11.02 08:14:44.440,1.02193,1.02212,1.00,1.00
2016.11.02 08:14:44.541,1.02194,1.02217,1.50,1.75
2016.11.02 08:14:44.592,1.02194,1.02217,2.25,1.00
2016.11.02 08:14:44.844,1.02197,1.02219,1.00,2.85
2016.11.02 08:14:44.894,1.02197,1.02219,1.50,2.47
2016.11.02 08:14:45.422,1.02195,1.02219,3.37,3.22
2016.11.02 08:14:45.624,1.02196,1.02219,1.75,2.85
2016.11.02 08:14:46.317,1.02197,1.02222,1.75,3.22
2016.11.02 08:14:47.028,1.02198,1.0222,1.00,1.35
2016.11.02 08:14:47.590,1.02197,1.0222,1.75,2.85
2016.11.02 08:14:48.141,1.02199,1.02221,2.10,2.10
2016.11.02 08:14:48.646,1.022,1.02221,1.00,2.10
2016.11.02 08:14:49.448,1.02199,1.02221,2.10,1.35
2016.11.02 08:14:49.750,1.02199,1.02222,2.10,1.72
2016.11.02 08:14:50.147,1.02198,1.02221,1.75,2.10
2016.11.02 08:14:50.400,1.02197,1.02217,1.30,1.12
2016.11.02 08:14:50.601,1.02197,1.02217,2.47,1.12
2016.11.02 08:14:50.913,1.02193,1.02217,2.10,1.12
2016.11.02 08:14:51.589,1.02196,1.02216,1.37,1.00
2016.11.02 08:14:51.640,1.02196,1.02216,1.75,1.00
2016.11.02 08:14:51.908,1.02195,1.0222,3.37,1.30
2016.11.02 08:14:53.726,1.02197,1.02221,1.75,2.85
2016.11.02 08:14:54.144,1.02199,1.02222,1.35,1.72
2016.11.02 08:14:54.486,1.02203,1.02221,1.75,1.00
2016.11.02 08:14:54.537,1.02204,1.02221,1.00,1.00
2016.11.02 08:14:55.003,1.02201,1.02221,1.50,1.35
2016.11.02 08:14:55.270,1.02199,1.02221,1.35,1.35
2016.11.02 08:14:55.781,1.022,1.02222,1.00,2.85
2016.11.02 08:14:56.168,1.02202,1.02221,1.00,1.60
2016.11.02 08:14:56.768,1.02202,1.02221,1.00,1.00
2016.11.02 08:14:57.270,1.02202,1.02224,1.00,2.10
2016.11.02 08:14:57.572,1.02195,1.02219,1.00,1.00
2016.11.02 08:14:57.673,1.02196,1.02221,1.35,1.00
2016.11.02 08:14:57.867,1.02198,1.02221,1.00,1.35
2016.11.02 08:14:58.169,1.02197,1.0222,1.00,2.10
2016.11.02 08:14:58.472,1.02195,1.0221,1.00,1.00
2016.11.02 08:14:58.903,1.02195,1.02219,1.00,2.10
2016.11.02 08:14:59.588,1.02198,1.02219,1.00,2.10
2016.11.02 08:15:00.165,1.02198,1.02222,1.00,2.10
2016.11.02 08:15:01.051,1.02198,1.02222,1.00,1.00
2016.11.02 08:15:01.304,1.022,1.02226,1.00,2.85
2016.11.02 08:15:01.586,1.02197,1.02221,1.00,1.00
2016.11.02 08:15:01.698,1.02197,1.02221,2.85,1.00
2016.11.02 08:15:02.050,1.022,1.02224,1.00,1.35
2016.11.02 08:15:02.145,1.02201,1.02221,1.75,1.00
2016.11.02 08:15:02.498,1.02202,1.02224,2.85,1.30
2016.11.02 08:15:03.044,1.02204,1.02226,1.00,3.22
2016.11.02 08:15:03.196,1.02203,1.02226,1.72,1.72
2016.11.02 08:15:03.348,1.02204,1.02226,1.35,2.10
2016.11.02 08:15:03.865,1.02202,1.02226,2.25,3.97
2016.11.02 08:15:04.349,1.02205,1.02225,1.30,1.30
2016.11.02 08:15:06.172,1.02204,1.02226,1.00,2.10
2016.11.02 08:15:06.273,1.02202,1.02224,1.30,2.10
2016.11.02 08:15:06.374,1.02203,1.02224,1.00,1.35
2016.11.02 08:15:06.896,1.02201,1.02224,1.35,1.72
2016.11.02 08:15:07.939,1.02203,1.02225,2.47,1.67
2016.11.02 08:15:08.040,1.02203,1.02225,2.85,1.35
2016.11.02 08:15:08.363,1.02205,1.02227,1.35,3.97
2016.11.02 08:15:08.565,1.02206,1.02227,1.12,2.47
2016.11.02 08:15:08.615,1.02208,1.0223,1.00,2.10
2016.11.02 08:15:08.666,1.02208,1.0223,1.50,1.35
2016.11.02 08:15:09.189,1.02205,1.02227,1.00,1.00
2016.11.02 08:15:09.542,1.02205,1.02227,1.00,2.85
2016.11.02 08:15:09.971,1.02205,1.02225,1.00,2.10
2016.11.02 08:15:10.820,1.02205,1.02225,1.00,2.10
2016.11.02 08:15:10.871,1.02203,1.02225,1.35,2.85
2016.11.02 08:15:11.450,1.02203,1.02225,1.67,2.85
2016.11.02 08:15:12.547,1.02201,1.02225,1.75,2.47
2016.11.02 08:15:13.860,1.02199,1.02223,5.47,2.47
2016.11.02 08:15:14.855,1.02203,1.02224,1.00,1.35
2016.11.02 08:15:16.397,1.02203,1.02225,1.72,2.47
2016.11.02 08:15:16.976,1.02205,1.02225,1.00,2.10
2016.11.02 08:15:17.147,1.02205,1.02226,1.35,1.60
2016.11.02 08:15:23.238,1.02206,1.02226,2.10,1.00
2016.11.02 08:15:23.390,1.02205,1.02223,1.00,2.10
2016.11.02 08:15:24.408,1.02205,1.02223,1.00,2.10
2016.11.02 08:15:24.812,1.02199,1.02222,1.35,3.60
2016.11.02 08:15:24.863,1.02199,1.02221,1.75,2.47
2016.11.02 08:15:25.171,1.022,1.02218,1.00,2.10
2016.11.02 08:15:28.379,1.02198,1.02222,1.35,1.72
2016.11.02 08:15:28.595,1.02202,1.02224,1.35,3.22
2016.11.02 08:15:28.696,1.02202,1.02224,1.50,2.85
2016.11.02 08:15:28.797,1.02202,1.02224,2.25,2.10
2016.11.02 08:15:29.334,1.02203,1.02226,2.10,2.85
2016.11.02 08:15:29.637,1.02202,1.02223,3.37,2.10
2016.11.02 08:15:29.687,1.02202,1.02223,1.75,2.10
2016.11.02 08:15:29.788,1.02202,1.02223,1.50,2.10
2016.11.02 08:15:29.889,1.02202,1.02221,1.50,2.10
2016.11.02 08:15:30.052,1.02199,1.02221,2.25,2.47
2016.11.02 08:15:30.535,1.02199,1.02218,1.50,2.10
2016.11.02 08:15:30.836,1.02195,1.02217,2.25,2.10
2016.11.02 08:15:31.138,1.02196,1.02213,1.00,2.10
2016.11.02 08:15:31.491,1.02196,1.02216,1.00,2.10
2016.11.02 08:15:32.878,1.02196,1.02214,1.00,2.10
2016.11.02 08:15:33.317,1.02196,1.02217,1.00,1.60
2016.11.02 08:15:33.520,1.02197,1.02218,1.37,2.47
2016.11.02 08:15:34.024,1.02201,1.02218,1.00,2.10
2016.11.02 08:15:34.448,1.02201,1.02221,1.00,3.97
2016.11.02 08:15:34.517,1.02199,1.02221,1.35,2.85
2016.11.02 08:15:35.260,1.02198,1.02222,2.10,3.22
2016.11.02 08:15:35.585,1.02198,1.02217,1.75,2.10
2016.11.02 08:15:35.848,1.022,1.02221,1.35,2.10
2016.11.02 08:15:36.592,1.02198,1.02219,1.75,2.10
2016.11.02 08:15:39.414,1.02198,1.02217,1.75,2.10
2016.11.02 08:15:39.717,1.02199,1.0222,1.75,2.10
2016.11.02 08:15:40.218,1.02201,1.02222,1.75,2.47
2016.11.02 08:15:40.420,1.02201,1.02225,1.75,3.60
2016.11.02 08:15:40.873,1.02199,1.02221,2.10,2.10
2016.11.02 08:15:41.219,1.02199,1.02223,2.10,2.85
2016.11.02 08:15:41.522,1.022,1.02222,2.85,1.35
2016.11.02 08:15:42.082,1.022,1.02222,1.50,2.85
2016.11.02 08:15:42.133,1.022,1.02224,3.60,2.10
2016.11.02 08:15:42.335,1.022,1.02224,1.37,1.37
2016.11.02 08:15:42.486,1.02203,1.02225,1.00,1.35
2016.11.02 08:15:43.250,1.02203,1.02221,1.00,2.10
2016.11.02 08:15:43.553,1.02203,1.02218,1.00,2.10
2016.11.02 08:15:43.705,1.02203,1.02222,1.00,1.00
2016.11.02 08:15:43.805,1.02203,1.02221,1.00,2.10
2016.11.02 08:15:44.342,1.02202,1.02222,1.00,2.10
2016.11.02 08:15:44.526,1.02202,1.02224,1.00,1.50
2016.11.02 08:15:44.577,1.02199,1.02224,2.10,1.50
2016.11.02 08:15:44.804,1.02203,1.02224,1.00,1.00
2016.11.02 08:15:45.317,1.02203,1.02225,1.00,1.50
2016.11.02 08:15:45.468,1.02205,1.0223,1.37,3.37
2016.11.02 08:15:45.519,1.02207,1.02231,1.50,1.75
2016.11.02 08:15:45.620,1.02207,1.02231,1.75,1.75
2016.11.02 08:15:46.344,1.02207,1.02231,1.50,1.75
2016.11.02 08:15:51.852,1.02205,1.02231,1.75,2.25
2016.11.02 08:15:51.953,1.02209,1.02231,1.00,2.25
2016.11.02 08:15:53.146,1.02209,1.02226,1.00,2.10
2016.11.02 08:15:53.276,1.02205,1.02225,1.50,2.10
2016.11.02 08:15:54.340,1.02205,1.02226,1.75,2.85
2016.11.02 08:15:54.393,1.02206,1.02226,1.00,2.85
2016.11.02 08:15:54.797,1.02206,1.02226,1.67,1.35
2016.11.02 08:15:55.199,1.02207,1.02225,1.12,2.10
2016.11.02 08:15:55.300,1.02207,1.02226,1.12,1.30
2016.11.02 08:15:55.451,1.02207,1.02225,1.12,2.10
2016.11.02 08:15:55.714,1.02207,1.02226,1.12,1.72
2016.11.02 08:15:55.917,1.02205,1.02226,1.75,3.22
2016.11.02 08:15:56.119,1.02206,1.02227,1.67,1.12
2016.11.02 08:15:56.244,1.02206,1.02226,2.10,1.00
2016.11.02 08:15:56.547,1.02206,1.02225,1.50,2.10
2016.11.02 08:15:57.422,1.02205,1.02222,1.50,2.10
2016.11.02 08:15:57.523,1.02202,1.02225,1.75,2.47
2016.11.02 08:15:57.574,1.02202,1.02221,1.75,2.10
2016.11.02 08:15:58.290,1.02201,1.02222,2.10,1.00
2016.11.02 08:15:58.844,1.02201,1.0222,1.75,2.10
2016.11.02 08:15:59.147,1.02199,1.02216,1.35,1.00
2016.11.02 08:15:59.197,1.02201,1.02222,1.50,1.12
2016.11.02 08:15:59.745,1.02204,1.02221,1.00,1.00
2016.11.02 08:16:00.295,1.02205,1.02221,1.00,1.00
2016.11.02 08:16:00.989,1.02204,1.02221,1.00,1.00
2016.11.02 08:16:01.298,1.02204,1.02226,1.00,2.10
2016.11.02 08:16:01.399,1.02204,1.02226,1.50,1.72
2016.11.02 08:16:01.500,1.02206,1.02227,1.00,1.50
2016.11.02 08:16:01.551,1.02206,1.02227,1.00,2.10
2016.11.02 08:16:01.602,1.02206,1.02227,1.50,1.50
2016.11.02 08:16:01.926,1.02206,1.02226,1.00,2.10
2016.11.02 08:16:02.028,1.02206,1.02227,1.00,1.50
2016.11.02 08:16:02.549,1.02204,1.02227,2.25,1.00
2016.11.02 08:16:03.130,1.02205,1.02229,1.75,2.47
2016.11.02 08:16:03.231,1.02206,1.02226,1.50,1.00
2016.11.02 08:16:03.332,1.02207,1.02229,1.12,1.30
2016.11.02 08:16:03.383,1.02207,1.02229,1.50,1.30
2016.11.02 08:16:03.433,1.02207,1.02231,1.75,1.00
2016.11.02 08:16:03.534,1.02208,1.02232,1.50,1.50
2016.11.02 08:16:03.635,1.02207,1.02232,2.62,1.50
2016.11.02 08:16:03.968,1.02205,1.02226,1.35,1.00
2016.11.02 08:16:04.471,1.02208,1.02226,1.35,1.00
2016.11.02 08:16:04.522,1.0221,1.02231,1.00,1.50
2016.11.02 08:16:04.792,1.0221,1.02226,1.00,1.00
2016.11.02 08:16:05.144,1.02208,1.02226,1.00,1.00
2016.11.02 08:16:05.648,1.02208,1.02227,1.60,1.00
2016.11.02 08:16:05.916,1.02209,1.02231,1.35,1.50
2016.11.02 08:16:06.423,1.02211,1.02231,1.67,1.12
2016.11.02 08:16:06.948,1.02211,1.02231,1.00,1.00
2016.11.02 08:16:07.450,1.02209,1.02231,1.67,1.12
2016.11.02 08:16:08.243,1.0221,1.02226,1.30,1.00
2016.11.02 08:16:08.445,1.02207,1.02232,2.85,2.25
2016.11.02 08:16:08.616,1.0221,1.02232,1.35,2.25
2016.11.02 08:16:09.207,1.0221,1.02226,1.35,1.00
2016.11.02 08:16:09.527,1.0221,1.02226,1.30,1.00
2016.11.02 08:16:10.166,1.02207,1.02226,1.75,1.60
2016.11.02 08:16:10.478,1.02199,1.0222,1.00,2.10
2016.11.02 08:16:10.931,1.02194,1.02218,1.75,1.12
2016.11.02 08:16:11.456,1.02192,1.02217,2.62,1.50
2016.11.02 08:16:11.557,1.02192,1.02215,1.35,1.60
2016.11.02 08:16:11.658,1.0219,1.02214,1.67,2.10
2016.11.02 08:16:12.207,1.02193,1.02214,1.00,1.60
2016.11.02 08:16:12.438,1.02193,1.02211,1.00,1.00
2016.11.02 08:16:12.539,1.02193,1.02214,1.00,1.60
2016.11.02 08:16:12.790,1.02188,1.02213,1.75,2.47
2016.11.02 08:16:12.841,1.02189,1.0221,1.00,1.60
2016.11.02 08:16:13.015,1.02184,1.02206,1.50,1.12
2016.11.02 08:16:13.116,1.02185,1.02206,1.00,2.10
2016.11.02 08:16:13.519,1.0218,1.02204,4.87,3.22
2016.11.02 08:16:13.569,1.02178,1.02203,2.62,1.72
2016.11.02 08:16:13.719,1.02178,1.02203,2.62,1.12
2016.11.02 08:16:13.972,1.0218,1.02206,2.25,1.72
2016.11.02 08:16:14.275,1.0218,1.02206,2.25,2.85
2016.11.02 08:16:14.591,1.02182,1.02206,1.75,1.72
2016.11.02 08:16:15.251,1.02182,1.02206,1.75,2.25
2016.11.02 08:16:15.352,1.02182,1.02206,1.75,1.87
2016.11.02 08:16:15.862,1.02182,1.02205,1.75,1.00
2016.11.02 08:16:16.319,1.0218,1.02204,1.75,1.37
2016.11.02 08:16:16.370,1.02181,1.02203,1.00,1.00
2016.11.02 08:16:16.469,1.0218,1.02203,1.75,1.00
2016.11.02 08:16:16.822,1.0218,1.02201,1.35,1.00
2016.11.02 08:16:16.923,1.0218,1.02205,1.67,1.35
2016.11.02 08:16:17.449,1.0218,1.02201,1.67,1.00
2016.11.02 08:16:17.653,1.0218,1.02205,2.10,1.67
2016.11.02 08:16:17.955,1.02179,1.02205,1.75,2.10
2016.11.02 08:16:19.300,1.0218,1.02202,1.75,1.00
2016.11.02 08:16:19.672,1.02183,1.02204,1.00,1.00
2016.11.02 08:16:19.823,1.02183,1.02206,4.35,1.37
2016.11.02 08:16:19.874,1.02186,1.0221,1.35,2.10
2016.11.02 08:16:19.925,1.02186,1.0221,1.72,2.10
2016.11.02 08:16:19.975,1.02188,1.0221,1.00,1.35
2016.11.02 08:16:20.026,1.02187,1.0221,2.25,1.30
2016.11.02 08:16:20.544,1.0219,1.02212,1.75,3.60
2016.11.02 08:16:21.148,1.02189,1.02211,1.35,1.72
2016.11.02 08:16:21.667,1.02192,1.02211,1.00,1.60
2016.11.02 08:16:22.265,1.02192,1.02211,1.00,2.10
2016.11.02 08:16:22.800,1.02187,1.0221,1.75,1.35
2016.11.02 08:16:23.117,1.02187,1.02206,1.75,1.00
2016.11.02 08:16:23.230,1.02184,1.02206,1.37,1.00
2016.11.02 08:16:23.331,1.02183,1.02207,2.85,2.25
2016.11.02 08:16:23.835,1.02185,1.02207,1.35,1.50
2016.11.02 08:16:25.071,1.02185,1.02209,1.97,1.97
2016.11.02 08:16:25.124,1.02186,1.02209,1.35,1.60
2016.11.02 08:16:25.325,1.02187,1.0221,1.67,1.12
2016.11.02 08:16:25.427,1.02185,1.02209,2.10,2.10
2016.11.02 08:16:25.528,1.02188,1.02211,1.67,1.50
2016.11.02 08:16:26.061,1.02185,1.0221,2.47,1.50
2016.11.02 08:16:26.112,1.02184,1.02208,3.60,1.67
2016.11.02 08:16:26.995,1.02186,1.0221,2.10,1.75
2016.11.02 08:16:27.204,1.02189,1.02211,2.10,2.10
2016.11.02 08:16:27.305,1.02189,1.02211,2.10,1.30
2016.11.02 08:16:28.575,1.0219,1.02211,1.75,3.22
2016.11.02 08:16:28.754,1.02189,1.0221,1.00,1.60
2016.11.02 08:16:29.271,1.02189,1.0221,2.25,1.30
2016.11.02 08:16:29.322,1.0219,1.02212,1.75,1.00
2016.11.02 08:16:29.423,1.0219,1.02212,1.75,1.12
2016.11.02 08:16:29.720,1.02192,1.02216,1.75,3.97
2016.11.02 08:16:29.821,1.02192,1.02214,1.00,1.00
2016.11.02 08:16:29.872,1.02191,1.02211,1.75,1.00
2016.11.02 08:16:29.973,1.02191,1.02214,1.75,1.00
2016.11.02 08:16:30.024,1.02189,1.02215,2.85,1.75
2016.11.02 08:16:30.226,1.02192,1.02216,1.75,1.75
2016.11.02 08:16:30.327,1.02193,1.02217,1.75,1.87
2016.11.02 08:16:30.428,1.02193,1.02217,1.97,2.25
2016.11.02 08:16:30.758,1.02191,1.02213,1.00,1.00
2016.11.02 08:16:30.909,1.0219,1.02215,1.75,1.50
2016.11.02 08:16:30.960,1.02193,1.02215,1.00,1.00
2016.11.02 08:16:31.481,1.02194,1.02215,1.00,1.00
2016.11.02 08:16:31.984,1.02193,1.02215,1.50,1.00
2016.11.02 08:16:34.010,1.02192,1.02215,1.50,1.67
2016.11.02 08:16:34.162,1.02191,1.02215,1.37,2.10
2016.11.02 08:16:36.340,1.0219,1.02214,1.72,4.35
2016.11.02 08:16:37.088,1.02188,1.0221,1.12,2.85
2016.11.02 08:16:37.289,1.02187,1.0221,1.75,2.47
2016.11.02 08:16:38.179,1.02187,1.02211,1.75,1.50
2016.11.02 08:16:38.696,1.02187,1.02211,1.75,1.50
2016.11.02 08:16:39.253,1.0219,1.02211,1.50,1.00
2016.11.02 08:16:39.802,1.0219,1.02212,1.50,1.00
2016.11.02 08:16:40.306,1.0219,1.02211,1.50,1.00
2016.11.02 08:16:40.897,1.0219,1.02212,1.00,1.00
2016.11.02 08:16:41.231,1.0219,1.02211,1.12,1.50
2016.11.02 08:16:41.815,1.0219,1.02211,2.10,1.00
2016.11.02 08:16:44.005,1.0219,1.02211,2.10,1.00
2016.11.02 08:16:44.307,1.02191,1.02211,1.97,1.00
2016.11.02 08:16:49.797,1.02193,1.02216,1.30,1.75
2016.11.02 08:16:50.706,1.02193,1.02214,1.30,1.00
2016.11.02 08:16:51.904,1.02191,1.02211,1.35,1.00
2016.11.02 08:16:52.374,1.02193,1.02216,1.67,1.75
2016.11.02 08:16:52.626,1.02194,1.02216,1.00,1.50
2016.11.02 08:16:52.727,1.02192,1.02217,1.35,2.85
2016.11.02 08:16:53.849,1.02191,1.02216,2.10,2.85
2016.11.02 08:16:54.050,1.02191,1.02214,1.12,1.35
2016.11.02 08:16:55.131,1.0219,1.02212,1.75,1.12
2016.11.02 08:16:56.837,1.0219,1.02212,1.75,1.00
2016.11.02 08:16:56.938,1.02191,1.02212,1.00,1.00
2016.11.02 08:16:57.156,1.02191,1.02212,2.10,1.00
2016.11.02 08:16:57.308,1.02191,1.02212,1.50,1.00
2016.11.02 08:16:57.358,1.02191,1.02212,1.50,1.00
2016.11.02 08:16:57.676,1.0219,1.02211,1.12,1.50
2016.11.02 08:16:58.086,1.0219,1.02207,1.12,1.00
2016.11.02 08:16:58.956,1.0219,1.02207,1.50,1.00
2016.11.02 08:16:59.344,1.02193,1.02207,1.00,1.00
2016.11.02 08:16:59.395,1.02194,1.02215,1.00,1.60
2016.11.02 08:16:59.446,1.02194,1.02216,1.75,2.47
2016.11.02 08:16:59.497,1.02195,1.02216,1.35,1.12
2016.11.02 08:16:59.749,1.02195,1.02216,1.75,1.00
2016.11.02 08:16:59.850,1.02194,1.02217,1.75,1.50
2016.11.02 08:16:59.995,1.02196,1.02217,1.37,1.12
2016.11.02 08:17:00.297,1.02195,1.02211,2.62,1.00
2016.11.02 08:17:00.348,1.02193,1.02211,3.37,1.00
2016.11.02 08:17:00.449,1.02193,1.02211,1.75,1.00
2016.11.02 08:17:00.651,1.02192,1.02211,1.00,1.00
2016.11.02 08:17:00.819,1.02192,1.02211,1.75,1.00
2016.11.02 08:17:01.196,1.02196,1.02212,1.00,1.00
2016.11.02 08:17:01.735,1.02196,1.02211,1.00,1.00
2016.11.02 08:17:01.806,1.02194,1.02211,1.12,1.00
2016.11.02 08:17:01.857,1.02194,1.02211,1.75,1.00
2016.11.02 08:17:02.363,1.02194,1.02212,1.75,1.00
2016.11.02 08:17:02.913,1.02193,1.02211,3.37,1.00
2016.11.02 08:17:03.239,1.02196,1.02216,1.35,1.00
2016.11.02 08:17:03.749,1.022,1.02217,1.00,1.00
2016.11.02 08:17:04.073,1.02198,1.02217,1.00,1.00
2016.11.02 08:17:05.545,1.02195,1.02217,1.75,1.00
2016.11.02 08:17:06.377,1.02195,1.02217,1.75,1.00
2016.11.02 08:17:06.428,1.02195,1.02212,1.75,1.00
2016.11.02 08:17:06.530,1.02194,1.02216,1.75,1.72
2016.11.02 08:17:06.732,1.02194,1.02212,1.75,1.00
2016.11.02 08:17:06.934,1.02196,1.02216,1.75,1.00
2016.11.02 08:17:07.287,1.02196,1.02216,4.72,1.00
2016.11.02 08:17:07.759,1.02196,1.02216,2.10,1.00
2016.11.02 08:17:08.148,1.02195,1.02211,1.50,1.00
2016.11.02 08:17:08.348,1.02195,1.02216,1.50,1.35
2016.11.02 08:17:09.308,1.02195,1.02216,1.75,1.35
2016.11.02 08:17:09.510,1.02194,1.02212,1.75,1.00
2016.11.02 08:17:10.656,1.02194,1.02211,1.75,1.00
2016.11.02 08:17:10.813,1.02194,1.02216,1.75,1.35
2016.11.02 08:17:11.336,1.02197,1.02216,1.00,1.35
2016.11.02 08:17:11.386,1.02195,1.02216,1.75,1.35
2016.11.02 08:17:11.689,1.02194,1.0221,1.75,1.00
2016.11.02 08:17:12.147,1.02192,1.02217,4.12,2.47
2016.11.02 08:17:13.046,1.02192,1.02211,4.12,1.00
2016.11.02 08:17:13.298,1.02194,1.02211,1.50,1.00
2016.11.02 08:17:13.500,1.02195,1.02212,1.50,1.00
2016.11.02 08:17:13.651,1.02194,1.02216,1.75,1.00
2016.11.02 08:17:14.549,1.02194,1.02217,2.25,1.00
2016.11.02 08:17:14.599,1.02194,1.0221,2.25,1.00
2016.11.02 08:17:14.801,1.02194,1.02217,1.75,1.50
2016.11.02 08:17:14.852,1.02194,1.02211,1.75,1.00
2016.11.02 08:17:15.522,1.02193,1.02212,1.75,1.00
2016.11.02 08:17:16.240,1.02193,1.02211,1.75,1.00
2016.11.02 08:17:16.442,1.02194,1.02216,1.75,1.00
2016.11.02 08:17:16.643,1.02194,1.02211,1.75,1.00
2016.11.02 08:17:17.165,1.02193,1.02211,1.75,1.00
2016.11.02 08:17:18.247,1.02194,1.02212,1.75,1.00
2016.11.02 08:17:18.349,1.02199,1.02216,1.00,1.00
2016.11.02 08:17:18.879,1.022,1.02216,1.00,1.00
2016.11.02 08:17:19.131,1.02195,1.02216,1.35,1.00
2016.11.02 08:17:19.232,1.02194,1.02216,2.10,1.12
2016.11.02 08:17:19.333,1.02194,1.0221,1.50,1.00
2016.11.02 08:17:19.383,1.02194,1.02216,1.50,1.12
2016.11.02 08:17:19.743,1.02194,1.02216,2.62,2.10
2016.11.02 08:17:19.844,1.02196,1.02216,1.00,2.10
2016.11.02 08:17:20.348,1.02194,1.02216,1.75,2.10
2016.11.02 08:17:20.878,1.02195,1.02216,1.75,1.00
2016.11.02 08:17:21.029,1.02194,1.02216,1.50,1.00
2016.11.02 08:17:21.079,1.02194,1.02221,2.25,2.25
2016.11.02 08:17:21.130,1.02197,1.02221,1.50,1.50
2016.11.02 08:17:21.331,1.02196,1.02221,1.75,1.12
2016.11.02 08:17:21.857,1.02196,1.0222,1.75,1.67
2016.11.02 08:17:22.747,1.02197,1.02216,1.00,1.00
2016.11.02 08:17:23.057,1.02197,1.0222,1.75,2.85
2016.11.02 08:17:23.377,1.02195,1.02214,1.75,2.10
2016.11.02 08:17:23.430,1.02195,1.02214,1.75,2.10
2016.11.02 08:17:23.743,1.02196,1.02216,1.75,1.60
2016.11.02 08:17:23.995,1.02195,1.02215,1.75,2.10
2016.11.02 08:17:24.096,1.02194,1.02216,1.75,1.60
2016.11.02 08:17:24.147,1.02193,1.02211,1.75,1.00
2016.11.02 08:17:24.264,1.0219,1.02211,3.37,1.00
2016.11.02 08:17:24.315,1.0219,1.02211,1.75,1.00
2016.11.02 08:17:24.668,1.02191,1.02211,3.37,1.00
2016.11.02 08:17:25.176,1.02191,1.02212,1.75,1.00
2016.11.02 08:17:25.277,1.02192,1.02211,1.00,1.12
2016.11.02 08:17:25.995,1.0219,1.02212,1.75,1.35
2016.11.02 08:17:26.046,1.02191,1.02207,1.00,1.00
2016.11.02 08:17:26.349,1.02189,1.02211,1.75,1.00
2016.11.02 08:17:26.873,1.0219,1.02212,1.50,2.47
2016.11.02 08:17:27.075,1.02187,1.02211,1.75,2.47
2016.11.02 08:17:27.176,1.02189,1.02206,1.00,1.00
2016.11.02 08:17:30.371,1.02193,1.02211,2.10,1.50
2016.11.02 08:17:30.706,1.02192,1.02212,1.75,1.00
2016.11.02 08:17:31.193,1.02193,1.02211,1.00,1.00
2016.11.02 08:17:31.719,1.0219,1.02212,1.75,1.12
2016.11.02 08:17:31.820,1.0219,1.02212,1.75,1.72
2016.11.02 08:17:32.673,1.0219,1.02212,2.62,1.60
2016.11.02 08:17:32.947,1.0219,1.02212,1.75,1.00
2016.11.02 08:17:33.199,1.02189,1.02206,1.35,1.00
2016.11.02 08:17:33.300,1.02194,1.02211,2.10,1.00
2016.11.02 08:17:33.804,1.0219,1.02212,1.37,1.37
2016.11.02 08:17:35.604,1.0219,1.02212,1.37,1.12
2016.11.02 08:17:36.208,1.02191,1.02206,1.12,1.00
2016.11.02 08:17:36.309,1.02192,1.02211,1.00,1.00
2016.11.02 08:17:36.605,1.02189,1.02206,1.75,1.00
2016.11.02 08:17:37.157,1.02187,1.02207,3.37,1.00
2016.11.02 08:17:37.308,1.0219,1.02207,1.00,1.00
2016.11.02 08:17:37.468,1.02186,1.02206,1.75,1.00
2016.11.02 08:17:37.620,1.02187,1.02206,1.00,2.10
2016.11.02 08:17:37.822,1.02184,1.02206,1.50,2.85
2016.11.02 08:17:37.872,1.02184,1.02202,1.50,1.00
2016.11.02 08:17:38.074,1.02183,1.02206,2.25,2.85
2016.11.02 08:17:38.725,1.02185,1.02206,1.50,1.00
2016.11.02 08:17:39.470,1.02185,1.02207,1.50,1.35
2016.11.02 08:17:39.621,1.02186,1.02206,1.75,1.00
2016.11.02 08:17:42.171,1.02187,1.02206,1.75,1.60
2016.11.02 08:17:42.322,1.02184,1.02206,1.67,1.35
2016.11.02 08:17:42.423,1.02183,1.02202,2.47,1.12
2016.11.02 08:17:42.675,1.02184,1.02207,2.47,2.85
2016.11.02 08:17:42.786,1.02183,1.02207,2.10,4.35
2016.11.02 08:17:42.836,1.02183,1.02204,1.37,1.30
2016.11.02 08:17:43.138,1.02181,1.02201,2.10,1.00
2016.11.02 08:17:43.491,1.02181,1.02206,1.75,1.35
2016.11.02 08:17:43.592,1.02181,1.02205,1.75,2.47
2016.11.02 08:17:43.805,1.02182,1.02202,1.00,1.87
2016.11.02 08:17:43.906,1.0218,1.02196,1.00,1.00
2016.11.02 08:17:44.108,1.0218,1.02201,1.60,1.37
2016.11.02 08:17:44.493,1.02178,1.02201,2.10,1.37
2016.11.02 08:17:45.651,1.02179,1.02202,1.75,1.12
2016.11.02 08:17:46.000,1.02174,1.02198,2.62,1.00
2016.11.02 08:17:46.051,1.02174,1.02197,1.37,1.35
2016.11.02 08:17:46.554,1.02175,1.02197,1.75,1.12
2016.11.02 08:17:49.947,1.02176,1.02197,1.35,1.00
2016.11.02 08:17:50.048,1.02177,1.02197,1.12,1.00
2016.11.02 08:17:50.149,1.02177,1.02196,1.75,1.00
2016.11.02 08:17:50.250,1.02175,1.02196,1.75,1.00
2016.11.02 08:17:50.351,1.02175,1.02197,1.50,1.12
2016.11.02 08:17:50.451,1.02175,1.02197,1.75,1.00
2016.11.02 08:17:50.979,1.02174,1.02196,2.25,1.00
2016.11.02 08:17:51.529,1.02174,1.02196,2.25,1.35
2016.11.02 08:17:52.046,1.02173,1.02196,1.50,1.35
2016.11.02 08:17:52.364,1.02169,1.02192,4.12,1.60
2016.11.02 08:17:53.153,1.0217,1.02191,3.37,1.35
2016.11.02 08:17:53.261,1.02173,1.02191,1.00,1.00
2016.11.02 08:17:53.868,1.02172,1.02191,1.75,1.00
2016.11.02 08:17:54.118,1.02178,1.02196,1.00,1.35
2016.11.02 08:17:54.303,1.02178,1.02191,1.00,1.00
2016.11.02 08:17:54.945,1.02178,1.02197,1.00,1.60
2016.11.02 08:17:55.545,1.02178,1.02191,1.00,1.00
2016.11.02 08:17:55.646,1.02178,1.02196,1.00,2.10
2016.11.02 08:17:56.149,1.02178,1.02197,1.00,1.35
2016.11.02 08:17:57.868,1.02178,1.02196,1.00,2.10
2016.11.02 08:17:57.969,1.02172,1.02196,2.10,1.30
2016.11.02 08:17:58.020,1.02172,1.02191,1.75,1.00
2016.11.02 08:17:58.156,1.02171,1.02191,1.50,1.00
2016.11.02 08:17:58.257,1.02172,1.02191,1.35,1.00
2016.11.02 08:17:58.409,1.02174,1.02196,2.10,1.00
2016.11.02 08:17:58.762,1.02176,1.02197,1.75,1.00
2016.11.02 08:17:58.862,1.02176,1.02196,1.00,1.35
2016.11.02 08:17:59.014,1.02171,1.02191,2.10,1.00
2016.11.02 08:17:59.064,1.02172,1.02191,1.37,1.00
2016.11.02 08:17:59.606,1.02172,1.02192,1.37,1.00
2016.11.02 08:18:00.319,1.02171,1.02191,1.50,1.00
2016.11.02 08:18:01.003,1.02171,1.02191,1.50,1.00
2016.11.02 08:18:02.117,1.02171,1.02192,1.75,1.00
2016.11.02 08:18:04.279,1.02171,1.02191,2.25,1.00
2016.11.02 08:18:04.481,1.0217,1.02191,1.50,1.00
2016.11.02 08:18:05.459,1.0217,1.02192,1.50,1.12
2016.11.02 08:18:05.971,1.0217,1.02191,1.50,1.00
2016.11.02 08:18:07.623,1.0217,1.02191,1.75,1.00
2016.11.02 08:18:09.422,1.0217,1.02192,1.75,1.12
2016.11.02 08:18:10.624,1.0217,1.02191,1.75,1.00
2016.11.02 08:18:13.246,1.0217,1.02192,1.75,1.12
2016.11.02 08:18:14.146,1.0217,1.02191,1.75,1.00
2016.11.02 08:18:14.666,1.0217,1.02192,1.75,1.12
2016.11.02 08:18:15.146,1.02174,1.02195,2.85,1.12
2016.11.02 08:18:15.448,1.02176,1.02196,2.10,1.00
2016.11.02 08:18:15.548,1.02176,1.02201,2.10,1.50
2016.11.02 08:18:15.854,1.0218,1.02196,1.00,1.00
2016.11.02 08:18:16.396,1.02175,1.02197,2.25,1.00
2016.11.02 08:18:16.922,1.02175,1.02196,2.25,1.00
2016.11.02 08:18:18.327,1.02175,1.02197,2.85,1.00
2016.11.02 08:18:18.846,1.02176,1.02196,1.75,1.00
2016.11.02 08:18:19.417,1.02176,1.02197,1.75,1.00
2016.11.02 08:18:20.533,1.02175,1.02197,1.75,1.00
2016.11.02 08:18:21.048,1.02177,1.02197,1.67,1.00
2016.11.02 08:18:21.350,1.02177,1.02196,1.35,1.00
2016.11.02 08:18:21.854,1.02176,1.02196,1.75,1.00
2016.11.02 08:18:22.452,1.02179,1.02197,1.00,1.00
2016.11.02 08:18:22.837,1.02176,1.02192,1.75,1.00
2016.11.02 08:18:23.468,1.02174,1.02191,1.75,1.00
2016.11.02 08:18:23.871,1.02174,1.02197,1.75,1.00
2016.11.02 08:18:24.400,1.02174,1.02198,1.75,1.50
2016.11.02 08:18:24.715,1.02173,1.02197,2.85,1.60
2016.11.02 08:18:25.710,1.02173,1.02196,1.35,1.72
2016.11.02 08:18:26.169,1.02175,1.02201,1.72,3.97
2016.11.02 08:18:26.220,1.02177,1.02201,1.75,2.10
2016.11.02 08:18:26.271,1.02177,1.02196,1.75,1.00
2016.11.02 08:18:27.191,1.02175,1.02199,1.75,1.50
2016.11.02 08:18:27.292,1.02175,1.02199,1.75,1.50
2016.11.02 08:18:27.886,1.02173,1.02197,2.85,1.50
2016.11.02 08:18:29.381,1.02176,1.02197,1.12,1.12
2016.11.02 08:18:29.533,1.022,1.02222,1.00,1.75
2016.11.02 08:18:29.684,1.02203,1.02219,1.00,1.00
2016.11.02 08:18:29.835,1.022,1.02221,2.10,1.00
2016.11.02 08:18:29.886,1.022,1.02225,2.10,3.37
2016.11.02 08:18:29.936,1.022,1.02223,3.22,1.75
2016.11.02 08:18:29.987,1.02198,1.02223,1.37,2.10
2016.11.02 08:18:30.059,1.02198,1.02223,1.37,3.97
2016.11.02 08:18:30.160,1.02196,1.02217,1.00,1.60
2016.11.02 08:18:30.261,1.02193,1.02215,1.35,1.35
2016.11.02 08:18:30.311,1.02193,1.0221,1.35,1.00
2016.11.02 08:18:30.819,1.02189,1.0221,1.75,1.00
2016.11.02 08:18:30.920,1.02192,1.0221,1.00,1.00
2016.11.02 08:18:31.932,1.02188,1.0221,2.10,1.12
2016.11.02 08:18:32.184,1.02189,1.0221,1.50,1.00
2016.11.02 08:18:32.377,1.0219,1.02211,1.00,1.37
2016.11.02 08:18:33.507,1.02187,1.02211,2.10,2.25
2016.11.02 08:18:34.040,1.02187,1.0221,1.67,2.25
2016.11.02 08:18:34.718,1.02185,1.0221,1.75,2.25
2016.11.02 08:18:34.819,1.02185,1.0221,1.37,1.75
2016.11.02 08:18:34.920,1.02187,1.02209,1.00,1.00
2016.11.02 08:18:35.210,1.02187,1.0221,1.00,1.75
2016.11.02 08:18:35.684,1.02185,1.0221,1.50,2.62
2016.11.02 08:18:40.529,1.02183,1.02207,1.75,1.50
2016.11.02 08:18:42.948,1.02181,1.02206,1.75,1.50
2016.11.02 08:18:44.856,1.02184,1.02206,1.75,1.12
2016.11.02 08:18:45.241,1.02184,1.02208,2.25,1.12
2016.11.02 08:18:45.855,1.02185,1.02209,1.50,1.50
2016.11.02 08:18:46.552,1.02184,1.02206,1.75,2.85
2016.11.02 08:18:46.603,1.02184,1.02206,1.75,1.50
2016.11.02 08:18:46.653,1.0218,1.02205,1.35,1.75
2016.11.02 08:18:46.754,1.0218,1.02205,1.30,4.12
2016.11.02 08:18:46.855,1.0218,1.02205,1.30,2.25
2016.11.02 08:18:47.000,1.02179,1.02203,2.85,1.00
2016.11.02 08:18:47.969,1.02181,1.02203,1.00,1.00
2016.11.02 08:18:49.207,1.02182,1.02203,1.00,1.00
2016.11.02 08:18:49.258,1.02186,1.02207,1.00,2.10
2016.11.02 08:18:49.560,1.02184,1.02207,1.12,2.85
2016.11.02 08:18:49.863,1.02181,1.02205,1.50,1.75
2016.11.02 08:18:50.175,1.0218,1.02201,1.00,1.00
2016.11.02 08:18:50.680,1.0218,1.02205,2.10,3.37
2016.11.02 08:18:50.731,1.0218,1.02206,2.10,3.97
2016.11.02 08:18:50.993,1.02183,1.02206,1.75,1.12
2016.11.02 08:18:51.094,1.02181,1.02206,1.75,1.50
2016.11.02 08:18:51.281,1.02182,1.02204,1.00,1.00
2016.11.02 08:18:51.331,1.02181,1.02204,1.75,1.00
2016.11.02 08:18:51.583,1.02182,1.02206,1.75,1.12
2016.11.02 08:18:52.088,1.02184,1.02208,1.37,1.75
2016.11.02 08:18:52.669,1.02184,1.02208,1.75,1.37
2016.11.02 08:18:52.844,1.02184,1.02208,1.50,1.50
2016.11.02 08:18:53.350,1.02184,1.02207,1.50,2.47
2016.11.02 08:18:53.451,1.02186,1.02207,1.00,2.10
2016.11.02 08:18:53.552,1.02184,1.02207,1.75,2.10
2016.11.02 08:18:54.000,1.02184,1.02207,3.00,2.10
2016.11.02 08:18:54.380,1.02184,1.02207,1.75,1.75
2016.11.02 08:18:55.349,1.02183,1.02207,2.25,1.75
2016.11.02 08:18:55.752,1.02188,1.02205,1.00,1.00
2016.11.02 08:18:55.903,1.02188,1.02209,1.75,1.12
2016.11.02 08:18:56.059,1.02186,1.0221,1.50,2.25
2016.11.02 08:18:56.889,1.02189,1.0221,1.00,3.60
2016.11.02 08:18:57.236,1.02187,1.02208,1.12,2.47
2016.11.02 08:19:00.369,1.02185,1.02206,1.50,2.10
2016.11.02 08:19:00.907,1.02181,1.02205,1.12,1.75
2016.11.02 08:19:01.209,1.02184,1.02208,1.75,3.60
2016.11.02 08:19:01.795,1.02185,1.02208,1.75,2.85
2016.11.02 08:19:02.147,1.02185,1.02206,1.00,2.85
2016.11.02 08:19:02.749,1.02184,1.02206,1.87,2.85
2016.11.02 08:19:03.265,1.02184,1.02205,1.87,2.47
2016.11.02 08:19:03.745,1.02184,1.02205,1.87,1.30
2016.11.02 08:19:04.121,1.02184,1.02204,1.12,2.10
2016.11.02 08:19:04.334,1.02182,1.02203,1.00,1.60
2016.11.02 08:19:04.385,1.02184,1.02203,1.00,1.60
2016.11.02 08:19:04.896,1.02184,1.02207,1.30,2.85
2016.11.02 08:19:05.203,1.02189,1.02205,1.00,2.47
2016.11.02 08:19:05.769,1.02183,1.02205,1.87,2.47
2016.11.02 08:19:06.021,1.02184,1.02207,2.47,1.75
2016.11.02 08:19:06.173,1.02187,1.02212,1.75,2.85
2016.11.02 08:19:06.881,1.02187,1.02212,1.75,3.60
2016.11.02 08:19:07.235,1.0219,1.02212,2.10,1.75
2016.11.02 08:19:07.338,1.02189,1.0221,1.35,1.00
2016.11.02 08:19:07.388,1.02196,1.02215,1.37,2.25
2016.11.02 08:19:07.439,1.02196,1.0222,1.50,1.75
2016.11.02 08:19:07.489,1.02196,1.02218,1.50,1.00
2016.11.02 08:19:08.433,1.02196,1.0222,2.25,1.00
2016.11.02 08:19:08.585,1.02196,1.0222,1.75,1.37
2016.11.02 08:19:08.787,1.02195,1.02216,1.50,1.00
2016.11.02 08:19:09.500,1.02195,1.02219,1.50,1.75
2016.11.02 08:19:09.577,1.02196,1.02218,1.00,1.00
2016.11.02 08:19:10.218,1.02195,1.02217,3.60,1.00
2016.11.02 08:19:10.268,1.02195,1.02217,1.50,1.00
2016.11.02 08:19:10.319,1.02195,1.02221,1.75,2.25
2016.11.02 08:19:10.655,1.02197,1.02221,1.50,2.25
2016.11.02 08:19:11.109,1.02196,1.02222,1.50,4.35
2016.11.02 08:19:12.002,1.02196,1.02221,2.10,1.75
2016.11.02 08:19:12.254,1.02197,1.02221,1.67,1.75
2016.11.02 08:19:13.034,1.02198,1.02222,2.47,2.25
2016.11.02 08:19:13.135,1.02197,1.02222,1.50,1.75
2016.11.02 08:19:13.185,1.02203,1.02223,1.00,2.62
2016.11.02 08:19:13.522,1.02204,1.02224,1.00,2.10
2016.11.02 08:19:13.729,1.02202,1.02223,1.00,1.60
2016.11.02 08:19:14.400,1.02202,1.02222,1.00,2.10
2016.11.02 08:19:15.018,1.02199,1.02222,2.25,2.85
2016.11.02 08:19:17.677,1.02197,1.02221,1.75,2.25
2016.11.02 08:19:18.760,1.02199,1.02222,1.50,1.72
2016.11.02 08:19:19.350,1.02199,1.02221,1.50,2.10
2016.11.02 08:19:20.248,1.02199,1.02222,1.50,1.30
2016.11.02 08:19:20.342,1.02199,1.02223,3.37,2.10
2016.11.02 08:19:20.494,1.02209,1.02234,1.75,2.10
2016.11.02 08:19:20.595,1.02211,1.02232,1.00,1.00
2016.11.02 08:19:20.645,1.02209,1.02231,1.00,1.50
2016.11.02 08:19:20.947,1.02204,1.02227,1.12,1.75
2016.11.02 08:19:21.466,1.02204,1.02226,1.35,1.50
2016.11.02 08:19:21.718,1.02205,1.02226,1.00,1.00
2016.11.02 08:19:21.768,1.02201,1.02227,2.85,1.75
2016.11.02 08:19:22.099,1.02201,1.02226,2.25,2.47
2016.11.02 08:19:23.001,1.022,1.02225,4.12,1.00
2016.11.02 08:19:23.354,1.02203,1.02225,2.10,1.00
2016.11.02 08:19:23.649,1.02201,1.02221,1.60,1.00
2016.11.02 08:19:24.053,1.02203,1.02223,1.30,1.12
2016.11.02 08:19:24.575,1.02199,1.02223,3.00,1.50
2016.11.02 08:19:25.282,1.022,1.02224,1.12,1.35
2016.11.02 08:19:25.848,1.022,1.02224,1.12,1.35
2016.11.02 08:19:26.150,1.02202,1.02226,3.60,2.25
2016.11.02 08:19:26.251,1.02206,1.02229,2.10,1.75
2016.11.02 08:19:26.301,1.02204,1.02229,2.10,1.75
2016.11.02 08:19:26.352,1.02206,1.02229,1.35,2.47
2016.11.02 08:19:26.581,1.02204,1.02226,1.00,2.25
2016.11.02 08:19:27.099,1.02203,1.02224,1.00,1.00
2016.11.02 08:19:27.514,1.02203,1.02224,1.00,2.85
2016.11.02 08:19:28.046,1.02199,1.02222,1.75,1.67
2016.11.02 08:19:28.152,1.02199,1.02222,1.50,1.35
2016.11.02 08:19:28.592,1.02198,1.0222,1.00,1.00
2016.11.02 08:19:28.693,1.02197,1.02221,1.50,4.35
2016.11.02 08:19:29.056,1.02199,1.02221,1.75,3.22
2016.11.02 08:19:29.358,1.02201,1.02223,1.35,2.10
2016.11.02 08:19:29.510,1.02199,1.02223,1.75,2.85
2016.11.02 08:19:30.013,1.02199,1.02222,1.75,2.85
2016.11.02 08:19:31.455,1.02199,1.02221,1.00,3.60
2016.11.02 08:19:32.450,1.02199,1.02221,1.50,1.30
2016.11.02 08:19:32.501,1.02199,1.02222,1.75,3.22
2016.11.02 08:19:33.025,1.022,1.02224,1.50,1.75
2016.11.02 08:19:33.975,1.02199,1.02221,1.50,1.35
2016.11.02 08:19:34.076,1.02199,1.02221,1.50,1.35
2016.11.02 08:19:34.377,1.02198,1.02221,1.87,1.35
2016.11.02 08:19:34.529,1.02201,1.02221,1.00,2.10
2016.11.02 08:19:34.579,1.02201,1.02221,1.37,1.35
2016.11.02 08:19:34.906,1.02199,1.02221,2.10,1.00
2016.11.02 08:19:35.007,1.02199,1.02222,2.85,2.10
2016.11.02 08:19:35.511,1.02204,1.02226,1.00,6.22
2016.11.02 08:19:35.603,1.02202,1.02226,1.00,7.72
2016.11.02 08:19:35.705,1.02202,1.02226,1.50,2.85
2016.11.02 08:19:36.008,1.022,1.02221,1.75,2.10
2016.11.02 08:19:36.109,1.022,1.0222,1.00,1.67
2016.11.02 08:19:36.638,1.022,1.02221,1.50,2.10
2016.11.02 08:19:37.216,1.02198,1.0222,1.75,1.30
2016.11.02 08:19:38.404,1.022,1.0222,1.00,2.47
2016.11.02 08:19:38.605,1.02197,1.0222,3.37,2.10
2016.11.02 08:19:39.489,1.02198,1.0222,1.75,2.10
2016.11.02 08:19:40.019,1.02199,1.0222,1.50,2.10
2016.11.02 08:19:40.553,1.02199,1.02219,1.00,2.10
2016.11.02 08:19:40.882,1.02199,1.02215,1.00,2.10
2016.11.02 08:19:41.147,1.02198,1.02217,1.00,1.12
2016.11.02 08:19:41.651,1.02198,1.02216,1.00,1.12
2016.11.02 08:19:42.191,1.02194,1.02216,2.10,1.00
2016.11.02 08:19:42.292,1.02198,1.02218,1.30,1.00
2016.11.02 08:19:42.604,1.02195,1.02215,1.75,2.10
2016.11.02 08:19:42.805,1.02195,1.02215,1.00,2.85
2016.11.02 08:19:43.208,1.02193,1.02215,1.12,2.85
2016.11.02 08:19:43.309,1.02193,1.02214,1.00,2.47
2016.11.02 08:19:43.636,1.02197,1.02215,1.00,2.10
2016.11.02 08:19:44.039,1.02195,1.02215,1.50,2.10
2016.11.02 08:19:44.570,1.02197,1.02216,1.75,2.85
2016.11.02 08:19:45.154,1.02197,1.02216,1.75,2.85
2016.11.02 08:19:45.558,1.02196,1.02217,1.75,1.00
2016.11.02 08:19:45.710,1.02197,1.02217,1.00,1.50
2016.11.02 08:19:46.350,1.02196,1.02215,1.00,1.00
2016.11.02 08:19:47.264,1.02199,1.02215,1.00,1.00
2016.11.02 08:19:47.415,1.02203,1.02221,1.50,1.00
2016.11.02 08:19:47.516,1.02205,1.02221,1.00,1.75
2016.11.02 08:19:47.617,1.02205,1.02226,1.00,3.37
2016.11.02 08:19:47.806,1.02206,1.02226,1.00,1.75
2016.11.02 08:19:48.062,1.02208,1.02226,1.00,1.75
2016.11.02 08:19:48.364,1.02205,1.02226,1.50,1.72
2016.11.02 08:19:48.872,1.02205,1.02226,1.00,1.35
2016.11.02 08:19:49.415,1.02206,1.02226,1.00,2.85
2016.11.02 08:19:50.400,1.02205,1.02221,1.50,1.00
2016.11.02 08:19:50.615,1.02202,1.02221,1.00,1.00
2016.11.02 08:19:50.666,1.02202,1.02226,1.00,4.35
2016.11.02 08:19:50.767,1.02205,1.02225,1.00,2.85
2016.11.02 08:19:51.966,1.02207,1.02226,1.00,1.75
2016.11.02 08:19:52.117,1.02207,1.02229,1.00,2.85
2016.11.02 08:19:52.320,1.02205,1.02229,1.00,2.85
2016.11.02 08:19:53.466,1.02208,1.02228,1.00,1.75
2016.11.02 08:19:53.971,1.02208,1.02224,1.00,1.00
2016.11.02 08:19:55.273,1.02206,1.02224,1.00,1.00
2016.11.02 08:19:55.525,1.02207,1.02229,1.00,3.60
2016.11.02 08:19:55.683,1.02207,1.02229,1.00,3.60
2016.11.02 08:19:55.835,1.02205,1.02225,1.50,2.10
2016.11.02 08:19:56.681,1.02205,1.02225,1.00,2.10
2016.11.02 08:19:56.782,1.02202,1.02223,1.12,2.10
2016.11.02 08:19:57.355,1.02201,1.0222,1.00,1.30
2016.11.02 08:19:57.950,1.02202,1.0222,1.00,1.30
2016.11.02 08:19:58.481,1.02201,1.0222,1.00,2.47
2016.11.02 08:19:58.907,1.02199,1.02219,1.00,1.00
2016.11.02 08:19:59.411,1.022,1.02216,1.00,1.00
2016.11.02 08:20:00.022,1.02199,1.02216,1.12,1.00
2016.11.02 08:20:00.545,1.02199,1.0222,1.00,1.35
2016.11.02 08:20:01.403,1.022,1.0222,1.00,1.35
2016.11.02 08:20:01.746,1.022,1.02212,1.00,1.50
2016.11.02 08:20:01.796,1.02196,1.02213,1.75,2.10
2016.11.02 08:20:01.940,1.02197,1.02215,1.00,1.00
2016.11.02 08:20:01.990,1.02199,1.02215,1.00,1.00
2016.11.02 08:20:02.041,1.02199,1.02219,1.00,1.35
2016.11.02 08:20:02.243,1.02199,1.02221,1.75,3.60
2016.11.02 08:20:02.767,1.02202,1.02221,1.00,2.85
2016.11.02 08:20:03.315,1.022,1.02219,1.50,2.10
2016.11.02 08:20:03.584,1.02201,1.02225,1.00,1.35
2016.11.02 08:20:03.686,1.02203,1.02224,1.12,2.85
2016.11.02 08:20:04.266,1.02201,1.02224,1.12,2.85
2016.11.02 08:20:05.072,1.02202,1.02224,1.00,2.85
2016.11.02 08:20:06.265,1.02202,1.02224,1.00,1.75
2016.11.02 08:20:06.375,1.02204,1.02226,1.00,1.35
2016.11.02 08:20:06.879,1.02205,1.02226,1.00,4.35
2016.11.02 08:20:07.778,1.02204,1.02226,1.00,2.25
2016.11.02 08:20:08.514,1.02203,1.02225,1.00,1.35
2016.11.02 08:20:09.050,1.02202,1.02227,1.12,6.22
2016.11.02 08:20:09.779,1.02204,1.02227,1.00,6.22
2016.11.02 08:20:10.480,1.02204,1.02224,1.00,1.35
2016.11.02 08:20:10.782,1.02202,1.02221,1.00,2.85
2016.11.02 08:20:11.102,1.02204,1.02221,1.00,2.47
2016.11.02 08:20:11.603,1.02202,1.02221,1.00,2.10
2016.11.02 08:20:12.148,1.02203,1.02221,1.00,2.10
2016.11.02 08:20:12.392,1.02201,1.02219,1.00,2.10
2016.11.02 08:20:12.667,1.02199,1.0222,1.12,2.47
2016.11.02 08:20:13.621,1.02202,1.0222,1.00,2.47
2016.11.02 08:20:14.318,1.02201,1.0222,1.00,2.47
2016.11.02 08:20:14.924,1.02202,1.0222,1.00,2.47
2016.11.02 08:20:15.443,1.02201,1.0222,1.00,2.47
2016.11.02 08:20:17.562,1.02201,1.0222,1.00,2.10
2016.11.02 08:20:17.909,1.02204,1.0222,1.00,2.10
2016.11.02 08:20:18.493,1.02202,1.0222,1.50,2.10
2016.11.02 08:20:19.002,1.02201,1.0222,1.00,2.85
2016.11.02 08:20:19.052,1.02201,1.02219,1.00,2.47
2016.11.02 08:20:19.103,1.02199,1.02218,1.00,1.35
2016.11.02 08:20:19.405,1.02199,1.0222,1.00,2.47
2016.11.02 08:20:20.318,1.02201,1.0222,1.00,1.30
2016.11.02 08:20:20.842,1.02202,1.02222,1.00,2.85
2016.11.02 08:20:21.367,1.02201,1.0222,1.00,2.85
2016.11.02 08:20:22.447,1.02203,1.02219,1.00,2.47
2016.11.02 08:20:22.697,1.02201,1.02219,1.00,2.10
2016.11.02 08:20:23.388,1.02201,1.02218,1.00,1.00
2016.11.02 08:20:23.544,1.02199,1.02218,1.00,1.00
2016.11.02 08:20:23.799,1.02201,1.02218,1.00,1.00
2016.11.02 08:20:24.101,1.02199,1.02218,1.00,1.00
2016.11.02 08:20:25.043,1.02198,1.0222,1.00,2.85
2016.11.02 08:20:25.534,1.02201,1.02219,1.00,1.00
2016.11.02 08:20:26.649,1.02202,1.0222,1.00,2.85
2016.11.02 08:20:26.818,1.02203,1.02226,1.00,4.12
2016.11.02 08:20:26.919,1.02203,1.02226,1.12,1.75
2016.11.02 08:20:27.039,1.02205,1.02226,1.00,1.75
2016.11.02 08:20:27.700,1.02205,1.02224,1.00,1.00
2016.11.02 08:20:28.043,1.02207,1.02224,1.00,1.00
2016.11.02 08:20:28.144,1.02204,1.02224,1.00,1.00
2016.11.02 08:20:28.347,1.02206,1.02224,1.00,1.00
2016.11.02 08:20:31.015,1.02205,1.02226,1.00,1.75
2016.11.02 08:20:31.217,1.02203,1.02226,1.12,1.75
2016.11.02 08:20:31.318,1.02203,1.02221,1.12,2.10
2016.11.02 08:20:31.906,1.02203,1.0222,1.00,2.85
2016.11.02 08:20:32.649,1.022,1.0222,1.00,2.85
2016.11.02 08:20:32.750,1.02203,1.0222,1.00,2.85
2016.11.02 08:20:32.851,1.02203,1.02224,1.00,3.60
2016.11.02 08:20:32.901,1.02203,1.02223,1.00,2.62
2016.11.02 08:20:33.079,1.02203,1.02224,1.00,3.60
2016.11.02 08:20:33.533,1.02201,1.02224,1.00,2.85
2016.11.02 08:20:33.634,1.02204,1.02224,1.00,1.35
2016.11.02 08:20:33.735,1.02205,1.02226,1.00,1.75
2016.11.02 08:20:33.835,1.02205,1.02227,1.00,4.12
2016.11.02 08:20:33.937,1.02203,1.02227,1.00,4.87
2016.11.02 08:20:34.239,1.02203,1.02225,1.00,5.47
2016.11.02 08:20:34.542,1.02205,1.02225,1.00,3.60
2016.11.02 08:20:34.838,1.02202,1.02223,1.50,1.00
2016.11.02 08:20:35.241,1.02206,1.02224,1.00,2.85
2016.11.02 08:20:35.787,1.02205,1.02224,1.00,1.67
2016.11.02 08:20:36.291,1.02204,1.02224,1.00,1.00
2016.11.02 08:20:36.607,1.02207,1.02227,1.00,1.35
2016.11.02 08:20:37.144,1.02207,1.02229,1.00,1.75
2016.11.02 08:20:37.313,1.02207,1.02231,1.12,2.25
2016.11.02 08:20:37.464,1.02209,1.02231,1.00,1.75
2016.11.02 08:20:38.647,1.02208,1.02231,1.00,1.75
2016.11.02 08:20:38.949,1.02206,1.02229,1.00,1.75
2016.11.02 08:20:39.050,1.02204,1.02226,1.00,2.10
2016.11.02 08:20:39.101,1.02204,1.02226,1.00,2.10
2016.11.02 08:20:39.314,1.02202,1.02225,1.12,1.75
2016.11.02 08:20:39.666,1.02204,1.02224,1.00,1.35
2016.11.02 08:20:39.717,1.02204,1.02226,1.12,1.35
2016.11.02 08:20:41.113,1.02204,1.02227,1.37,1.75
2016.11.02 08:20:41.675,1.02206,1.02227,1.00,1.75
2016.11.02 08:20:42.402,1.02204,1.02228,1.87,2.85
2016.11.02 08:20:42.906,1.02204,1.02225,1.87,1.00
2016.11.02 08:20:43.057,1.02204,1.02227,1.50,3.60
2016.11.02 08:20:43.591,1.02204,1.02227,1.87,3.60
2016.11.02 08:20:43.894,1.02209,1.0223,1.00,1.75
2016.11.02 08:20:43.945,1.02207,1.0223,1.00,1.75
2016.11.02 08:20:44.076,1.02207,1.02229,1.00,1.75
2016.11.02 08:20:44.126,1.02204,1.02225,1.00,1.00
2016.11.02 08:20:44.177,1.02207,1.02225,1.00,1.00
2016.11.02 08:20:44.819,1.02208,1.02226,1.00,1.00
2016.11.02 08:20:45.247,1.02205,1.02228,1.00,2.85
2016.11.02 08:20:45.712,1.02205,1.02228,1.00,2.85
2016.11.02 08:20:47.255,1.02205,1.02227,1.00,1.00
2016.11.02 08:20:47.387,1.02205,1.02227,1.00,1.75
2016.11.02 08:20:47.690,1.02207,1.02226,1.00,1.00
2016.11.02 08:20:47.841,1.02204,1.02228,1.50,1.35
2016.11.02 08:20:47.942,1.02204,1.02227,1.12,2.85
2016.11.02 08:20:48.851,1.02204,1.02226,1.50,1.50
2016.11.02 08:20:49.945,1.02203,1.02226,1.37,1.75
2016.11.02 08:20:50.363,1.02207,1.02226,1.00,1.75
2016.11.02 08:20:50.898,1.02206,1.02224,1.00,1.00
2016.11.02 08:20:51.352,1.02204,1.02223,1.00,1.75
2016.11.02 08:20:51.553,1.02201,1.02221,1.00,1.75
2016.11.02 08:20:52.052,1.022,1.0222,1.00,1.00
2016.11.02 08:20:52.153,1.022,1.02221,1.00,1.75
2016.11.02 08:20:52.565,1.02202,1.02221,1.00,1.75
2016.11.02 08:20:54.568,1.02201,1.02221,1.00,1.75
2016.11.02 08:20:55.495,1.02202,1.02221,1.00,1.75
2016.11.02 08:20:57.150,1.02202,1.02217,1.00,1.00
2016.11.02 08:20:57.200,1.02199,1.02217,1.00,1.00
2016.11.02 08:20:58.384,1.02197,1.02217,1.00,1.67
2016.11.02 08:20:58.761,1.02198,1.02217,1.00,2.47
2016.11.02 08:20:59.679,1.02199,1.02218,1.00,1.35
2016.11.02 08:21:00.087,1.02197,1.02218,1.00,1.35
2016.11.02 08:21:00.294,1.02199,1.02218,1.00,1.35
2016.11.02 08:21:01.388,1.02199,1.02218,1.00,2.85
2016.11.02 08:21:01.556,1.02199,1.02218,1.00,2.10
2016.11.02 08:21:02.100,1.02199,1.0222,1.00,1.35
2016.11.02 08:21:02.301,1.02195,1.02218,1.37,1.37
2016.11.02 08:21:02.603,1.02198,1.02218,1.00,1.75
2016.11.02 08:21:02.906,1.02197,1.02216,1.00,1.75
2016.11.02 08:21:03.023,1.02194,1.02216,1.00,1.75
2016.11.02 08:21:03.276,1.02194,1.02215,1.00,1.75
2016.11.02 08:21:04.008,1.02196,1.02217,1.00,1.35
2016.11.02 08:21:04.058,1.02196,1.02214,1.00,1.00
2016.11.02 08:21:04.109,1.02198,1.02217,1.00,1.35
2016.11.02 08:21:04.411,1.022,1.02217,1.00,1.67
2016.11.02 08:21:04.563,1.02198,1.02217,1.00,1.67
2016.11.02 08:21:05.492,1.02198,1.02217,1.00,1.67
2016.11.02 08:21:05.772,1.02194,1.02216,1.00,2.62
2016.11.02 08:21:06.075,1.02196,1.02216,1.00,2.85
2016.11.02 08:21:06.176,1.02196,1.02214,1.00,1.00
2016.11.02 08:21:06.276,1.02198,1.02214,1.00,1.00
2016.11.02 08:21:06.492,1.02196,1.02214,1.00,1.00
2016.11.02 08:21:07.893,1.02197,1.02214,1.00,1.00
2016.11.02 08:21:08.396,1.02196,1.02214,1.00,1.00
2016.11.02 08:21:08.509,1.02196,1.0221,1.00,1.00
2016.11.02 08:21:08.710,1.02194,1.02211,1.00,1.00
2016.11.02 08:21:09.233,1.02195,1.02211,1.00,1.00
2016.11.02 08:21:09.334,1.02197,1.0221,1.00,1.00
2016.11.02 08:21:09.536,1.02198,1.02216,1.00,1.35
2016.11.02 08:21:09.637,1.02195,1.02217,1.00,3.60
2016.11.02 08:21:09.738,1.02195,1.02215,1.00,1.00
2016.11.02 08:21:09.788,1.02195,1.02217,1.00,3.60
2016.11.02 08:21:10.218,1.02196,1.02215,1.00,1.00
2016.11.02 08:21:10.319,1.02196,1.02213,1.00,2.10
2016.11.02 08:21:10.820,1.02195,1.02213,1.00,2.10
2016.11.02 08:21:11.348,1.02195,1.02216,1.00,2.85
2016.11.02 08:21:11.600,1.02196,1.02216,1.37,2.47
2016.11.02 08:21:12.187,1.02198,1.02216,1.00,2.47
2016.11.02 08:21:12.452,1.02198,1.0222,1.00,1.35
2016.11.02 08:21:12.553,1.022,1.02219,1.00,1.35
2016.11.02 08:21:12.604,1.022,1.02219,1.00,1.30
2016.11.02 08:21:12.654,1.02202,1.02219,1.00,1.30
2016.11.02 08:21:13.166,1.02201,1.02221,1.00,3.60
2016.11.02 08:21:13.216,1.02199,1.02221,1.50,3.60
2016.11.02 08:21:13.727,1.022,1.0222,1.00,2.10
2016.11.02 08:21:13.919,1.02198,1.02217,1.50,2.10
2016.11.02 08:21:14.443,1.02198,1.02217,1.00,2.10
2016.11.02 08:21:14.907,1.02198,1.02217,1.75,2.10
2016.11.02 08:21:14.958,1.02197,1.02217,1.75,2.10
2016.11.02 08:21:15.009,1.02197,1.02217,1.00,2.85
2016.11.02 08:21:15.110,1.02197,1.02219,1.00,1.67
2016.11.02 08:21:15.362,1.02199,1.02219,1.00,1.67
2016.11.02 08:21:15.719,1.02199,1.02219,1.00,1.35
2016.11.02 08:21:16.896,1.02199,1.02219,1.00,1.35
2016.11.02 08:21:17.561,1.02201,1.02222,1.00,2.62
2016.11.02 08:21:17.612,1.02201,1.02224,1.35,3.37
2016.11.02 08:21:17.713,1.02201,1.02226,2.10,1.75
2016.11.02 08:21:18.223,1.02205,1.02227,1.00,1.75
2016.11.02 08:21:18.772,1.02204,1.02227,1.12,1.75
2016.11.02 08:21:19.537,1.02204,1.02226,1.00,1.50
2016.11.02 08:21:20.098,1.02205,1.02226,1.00,1.00
2016.11.02 08:21:21.055,1.02204,1.02226,1.50,1.50
2016.11.02 08:21:21.106,1.02204,1.02226,1.00,1.75
2016.11.02 08:21:21.156,1.02202,1.02226,1.12,2.25
2016.11.02 08:21:21.426,1.02203,1.02224,1.35,1.00
2016.11.02 08:21:21.729,1.02206,1.02227,1.00,2.85
2016.11.02 08:21:23.453,1.02204,1.02226,1.12,1.75
2016.11.02 08:21:23.705,1.02203,1.02222,1.00,1.00
2016.11.02 08:21:23.756,1.02201,1.02222,1.00,1.00
2016.11.02 08:21:24.432,1.02203,1.02222,1.00,1.00
2016.11.02 08:21:24.991,1.02203,1.02221,1.00,1.00
2016.11.02 08:21:25.142,1.02204,1.02223,1.00,1.00
2016.11.02 08:21:25.631,1.02204,1.02225,1.00,1.75
2016.11.02 08:21:26.813,1.02204,1.02223,1.00,1.00
2016.11.02 08:21:27.343,1.02203,1.02223,1.00,1.00
2016.11.02 08:21:28.346,1.02205,1.02223,1.00,1.00
2016.11.02 08:21:28.447,1.02205,1.02226,1.50,1.12
2016.11.02 08:21:28.649,1.02205,1.02227,1.12,2.85
2016.11.02 08:21:28.963,1.02206,1.02227,1.00,2.10
2016.11.02 08:21:29.501,1.02207,1.02227,1.00,2.10
2016.11.02 08:21:29.652,1.02207,1.02227,1.75,2.10
2016.11.02 08:21:29.753,1.02207,1.02227,1.50,2.10
2016.11.02 08:21:30.147,1.02211,1.0223,1.00,2.10
2016.11.02 08:21:30.349,1.02213,1.02235,1.00,3.60
2016.11.02 08:21:30.753,1.02212,1.02235,1.00,3.37
2016.11.02 08:21:30.977,1.02209,1.02231,1.37,1.37
2016.11.02 08:21:31.257,1.02212,1.02232,1.00,1.50
2016.11.02 08:21:31.563,1.02212,1.02233,1.50,1.00
2016.11.02 08:21:31.664,1.02215,1.02235,1.00,3.60
2016.11.02 08:21:31.957,1.02213,1.02232,1.00,1.30
2016.11.02 08:21:32.158,1.02212,1.02232,1.00,2.10
2016.11.02 08:21:32.446,1.0221,1.02232,1.12,1.35
2016.11.02 08:21:33.847,1.02209,1.02232,1.00,2.85
2016.11.02 08:21:34.396,1.02207,1.02229,1.50,1.35
2016.11.02 08:21:34.547,1.02205,1.02227,1.50,1.35
2016.11.02 08:21:34.648,1.02205,1.02226,1.50,1.00
2016.11.02 08:21:35.013,1.02205,1.02226,1.12,1.50
2016.11.02 08:21:35.828,1.02205,1.02227,1.50,1.35
2016.11.02 08:21:36.543,1.02205,1.02227,1.12,1.35
2016.11.02 08:21:37.332,1.02204,1.02226,1.50,1.00
2016.11.02 08:21:37.955,1.02206,1.02227,1.00,1.35
2016.11.02 08:21:38.056,1.02206,1.02227,1.12,1.67
2016.11.02 08:21:38.585,1.02205,1.02226,1.00,1.35
2016.11.02 08:21:39.051,1.02204,1.02226,1.00,2.10
2016.11.02 08:21:39.873,1.022,1.02222,1.50,1.00
2016.11.02 08:21:40.175,1.02195,1.02219,1.75,1.67
2016.11.02 08:21:40.744,1.02198,1.02222,1.75,1.37
2016.11.02 08:21:40.795,1.02198,1.02222,1.75,1.12
2016.11.02 08:21:41.467,1.02199,1.02223,1.75,1.97
2016.11.02 08:21:41.518,1.02199,1.02223,1.75,3.22
2016.11.02 08:21:44.445,1.02199,1.02221,1.75,1.00
2016.11.02 08:21:44.867,1.02198,1.02222,1.75,1.35
2016.11.02 08:21:45.365,1.02198,1.02222,2.25,1.67
2016.11.02 08:21:45.567,1.02202,1.02223,1.00,1.00
2016.11.02 08:21:45.768,1.02201,1.02226,1.12,5.62
2016.11.02 08:21:45.870,1.02201,1.02223,1.50,1.00
2016.11.02 08:21:46.347,1.02203,1.02223,1.00,1.00
2016.11.02 08:21:46.398,1.02204,1.02226,1.00,1.00
2016.11.02 08:21:47.460,1.02203,1.02226,1.00,2.85
2016.11.02 08:21:49.173,1.02201,1.02226,1.12,2.10
2016.11.02 08:21:50.888,1.02201,1.02223,1.50,1.00
2016.11.02 08:21:50.939,1.02203,1.02223,1.00,1.00
2016.11.02 08:21:51.241,1.02201,1.02226,1.50,2.85
2016.11.02 08:21:51.761,1.02204,1.02226,1.00,1.75
2016.11.02 08:21:51.913,1.02203,1.02224,1.00,1.00
2016.11.02 08:21:52.443,1.02202,1.02227,1.12,1.75
2016.11.02 08:21:52.493,1.02202,1.02227,1.50,1.75
2016.11.02 08:21:52.594,1.02202,1.02227,1.12,1.75
2016.11.02 08:21:52.994,1.02204,1.02227,1.00,1.75
2016.11.02 08:21:53.581,1.02203,1.02226,1.00,1.75
2016.11.02 08:21:54.839,1.02202,1.02226,1.12,1.35
2016.11.02 08:21:55.141,1.022,1.02222,1.50,1.00
2016.11.02 08:21:55.714,1.02201,1.02222,1.00,1.00
2016.11.02 08:21:56.610,1.02201,1.02222,1.60,1.00
2016.11.02 08:21:56.945,1.02204,1.02226,1.12,1.75
2016.11.02 08:21:57.083,1.02205,1.02228,1.00,1.35
2016.11.02 08:21:57.640,1.02205,1.02229,1.50,1.35
2016.11.02 08:21:58.709,1.02205,1.02226,1.00,2.47
2016.11.02 08:21:58.810,1.02205,1.0223,1.12,4.12
2016.11.02 08:22:00.604,1.02204,1.02227,1.00,1.75
2016.11.02 08:22:01.141,1.02204,1.02227,1.37,1.75
2016.11.02 08:22:01.394,1.02202,1.02224,1.50,1.00
2016.11.02 08:22:01.960,1.02206,1.02224,1.00,1.00
2016.11.02 08:22:02.568,1.02207,1.02224,1.00,1.00
2016.11.02 08:22:03.061,1.02204,1.02224,1.00,1.00
2016.11.02 08:22:03.735,1.02204,1.02227,1.00,2.25
2016.11.02 08:22:04.246,1.02204,1.02226,1.00,2.25
2016.11.02 08:22:04.796,1.02206,1.02227,1.00,1.75
2016.11.02 08:22:04.900,1.022,1.02221,1.75,1.00
2016.11.02 08:22:05.001,1.02201,1.02221,1.37,1.00
2016.11.02 08:22:05.051,1.02198,1.02221,1.00,2.10
2016.11.02 08:22:05.304,1.02199,1.02218,1.00,1.00
2016.11.02 08:22:05.825,1.022,1.02221,1.00,1.35
2016.11.02 08:22:06.329,1.022,1.02223,1.12,1.35
2016.11.02 08:22:06.594,1.02203,1.02223,1.00,1.35
2016.11.02 08:22:08.053,1.02203,1.02227,1.00,5.62
2016.11.02 08:22:08.580,1.02204,1.02222,1.00,1.00
2016.11.02 08:22:09.171,1.02201,1.02222,1.00,1.00
2016.11.02 08:22:09.716,1.02202,1.02222,1.00,1.50
2016.11.02 08:22:10.037,1.02201,1.02223,1.00,1.35
2016.11.02 08:22:10.599,1.02201,1.02222,1.00,1.75
2016.11.02 08:22:11.485,1.02203,1.02222,1.00,1.75
2016.11.02 08:22:11.696,1.02201,1.02222,1.00,1.75
2016.11.02 08:22:12.296,1.02202,1.02222,1.00,1.75
2016.11.02 08:22:12.798,1.02202,1.02221,1.00,1.50
2016.11.02 08:22:14.344,1.02202,1.02221,1.00,1.75
2016.11.02 08:22:14.445,1.02201,1.02225,1.12,2.62
2016.11.02 08:22:14.495,1.02203,1.02223,1.00,1.75
2016.11.02 08:22:15.040,1.02202,1.02222,1.00,2.10
2016.11.02 08:22:16.771,1.02202,1.02221,1.60,1.50
2016.11.02 08:22:17.292,1.02206,1.02225,1.00,1.35
2016.11.02 08:22:17.872,1.02203,1.02221,1.00,1.67
2016.11.02 08:22:17.973,1.02202,1.02221,1.00,1.30
2016.11.02 08:22:18.291,1.02201,1.02222,1.12,3.60
2016.11.02 08:22:18.618,1.02201,1.0222,1.00,2.62
2016.11.02 08:22:18.669,1.02201,1.0222,1.00,1.00
2016.11.02 08:22:18.770,1.02204,1.0222,1.00,1.00
2016.11.02 08:22:19.541,1.02203,1.0222,1.00,1.00
2016.11.02 08:22:19.692,1.02201,1.02222,1.50,1.30
2016.11.02 08:22:20.987,1.02201,1.02221,1.50,2.10
2016.11.02 08:22:21.189,1.02205,1.02224,1.00,2.10
2016.11.02 08:22:21.239,1.02205,1.02225,1.00,1.35
2016.11.02 08:22:21.390,1.02203,1.02224,1.00,2.47
2016.11.02 08:22:21.623,1.02199,1.02219,1.50,1.60
2016.11.02 08:22:22.324,1.02198,1.02219,1.00,1.60
2016.11.02 08:22:23.316,1.022,1.02219,1.00,1.60
2016.11.02 08:22:24.190,1.022,1.02219,1.00,1.00
2016.11.02 08:22:24.695,1.02199,1.02219,1.00,1.60
2016.11.02 08:22:25.202,1.02198,1.02219,1.00,1.60
2016.11.02 08:22:25.505,1.022,1.02219,1.00,1.60
2016.11.02 08:22:25.816,1.02197,1.02219,1.50,1.60
2016.11.02 08:22:26.346,1.02198,1.02219,1.00,1.60
2016.11.02 08:22:29.639,1.02198,1.02219,1.35,1.00
2016.11.02 08:22:29.689,1.02199,1.02221,1.50,1.67
2016.11.02 08:22:30.246,1.02201,1.02221,1.00,1.67
2016.11.02 08:22:30.998,1.02202,1.02221,1.00,1.67
2016.11.02 08:22:31.536,1.02203,1.02221,1.00,1.67
2016.11.02 08:22:32.103,1.02202,1.02219,1.00,2.10
2016.11.02 08:22:32.204,1.022,1.02219,1.12,2.10
2016.11.02 08:22:32.607,1.02197,1.02217,1.00,2.47
2016.11.02 08:22:34.793,1.02198,1.02217,1.00,2.47
2016.11.02 08:22:35.498,1.02199,1.02218,1.00,1.67
2016.11.02 08:22:35.600,1.022,1.02219,1.00,1.00
2016.11.02 08:22:35.701,1.02201,1.02222,1.00,1.75
2016.11.02 08:22:35.820,1.02203,1.0222,1.00,1.00
2016.11.02 08:22:35.921,1.02201,1.02223,1.00,2.85
2016.11.02 08:22:36.123,1.02202,1.0222,1.12,2.10
2016.11.02 08:22:36.754,1.02202,1.02218,1.00,1.67
2016.11.02 08:22:37.266,1.02202,1.0222,1.00,2.85
2016.11.02 08:22:39.913,1.02201,1.0222,1.00,2.85
2016.11.02 08:22:40.596,1.02202,1.0222,1.00,2.85
2016.11.02 08:22:40.698,1.02202,1.0222,1.00,1.30
2016.11.02 08:22:41.237,1.02203,1.02223,1.00,1.35
2016.11.02 08:22:42.767,1.02203,1.02223,1.00,1.67
2016.11.02 08:22:42.817,1.02203,1.02223,1.00,1.35
2016.11.02 08:22:43.592,1.02203,1.02223,1.00,1.67
2016.11.02 08:22:44.208,1.02203,1.02222,1.00,1.35
2016.11.02 08:22:44.510,1.02204,1.02223,1.00,3.37
2016.11.02 08:22:44.712,1.02204,1.02222,1.00,1.00
2016.11.02 08:22:45.066,1.02208,1.02222,1.00,1.00
2016.11.02 08:22:45.118,1.02208,1.02229,1.00,1.35
2016.11.02 08:22:45.478,1.0221,1.02229,1.00,1.35
2016.11.02 08:22:45.528,1.02209,1.02228,1.00,1.00
2016.11.02 08:22:45.629,1.02211,1.02229,1.00,1.67
2016.11.02 08:22:46.216,1.02209,1.0223,1.00,1.35
2016.11.02 08:22:46.738,1.02208,1.02229,1.00,1.35
2016.11.02 08:22:46.839,1.0221,1.02229,1.00,1.35
2016.11.02 08:22:47.141,1.02209,1.02229,1.00,1.35
2016.11.02 08:22:47.212,1.02209,1.02229,1.00,1.35
2016.11.02 08:22:47.312,1.02209,1.02229,1.00,1.35
2016.11.02 08:22:47.843,1.0221,1.0223,1.00,1.35
2016.11.02 08:22:48.160,1.02213,1.0223,1.00,1.00
2016.11.02 08:22:48.413,1.02217,1.02235,1.00,1.00
2016.11.02 08:22:48.514,1.02215,1.02233,1.00,1.00
2016.11.02 08:22:48.716,1.02211,1.02233,2.10,1.00
2016.11.02 08:22:48.830,1.02213,1.02233,1.00,1.00
2016.11.02 08:22:49.132,1.0221,1.02231,1.00,1.35
2016.11.02 08:22:49.334,1.0221,1.0223,1.00,1.00
2016.11.02 08:22:49.435,1.02212,1.0223,1.00,1.00
2016.11.02 08:22:50.424,1.02212,1.02229,1.00,1.00
2016.11.02 08:22:50.726,1.02208,1.02231,1.50,1.35
2016.11.02 08:22:51.507,1.02211,1.02231,1.00,2.10
2016.11.02 08:22:51.658,1.02212,1.02231,1.00,1.35
2016.11.02 08:22:52.061,1.02212,1.02231,1.00,2.10
2016.11.02 08:22:52.162,1.02212,1.02231,1.00,2.10
2016.11.02 08:22:52.745,1.02211,1.02231,1.00,2.10
2016.11.02 08:22:53.530,1.02212,1.02233,1.00,1.75
2016.11.02 08:22:54.046,1.02213,1.02236,1.00,3.37
2016.11.02 08:22:54.147,1.02214,1.02236,1.00,1.75
2016.11.02 08:22:54.247,1.02216,1.02237,1.00,6.22
2016.11.02 08:22:54.851,1.02215,1.02234,1.00,1.00
2016.11.02 08:22:55.053,1.02217,1.02238,1.00,2.10
2016.11.02 08:22:55.690,1.02216,1.02238,1.00,3.60
2016.11.02 08:22:57.437,1.02214,1.02233,1.00,1.35
2016.11.02 08:22:57.537,1.02211,1.02231,1.00,1.00
2016.11.02 08:22:57.839,1.02213,1.02231,1.00,1.00
2016.11.02 08:22:58.527,1.02214,1.02231,1.00,1.00
2016.11.02 08:22:59.848,1.02214,1.0223,1.00,1.00
2016.11.02 08:23:00.370,1.02213,1.02231,1.00,1.00
2016.11.02 08:23:00.968,1.02211,1.02231,1.00,1.30
2016.11.02 08:23:01.169,1.02212,1.02232,1.00,1.75
2016.11.02 08:23:01.407,1.02214,1.02234,1.00,1.35
2016.11.02 08:23:01.911,1.02213,1.02234,1.00,1.35
2016.11.02 08:23:02.978,1.02215,1.02234,1.00,1.35
2016.11.02 08:23:03.079,1.02213,1.02231,1.00,2.85
2016.11.02 08:23:03.180,1.02211,1.02231,1.00,2.85
2016.11.02 08:23:03.281,1.02209,1.02231,1.50,2.85
2016.11.02 08:23:03.632,1.02211,1.02231,1.00,2.85
2016.11.02 08:23:03.682,1.02211,1.02231,1.00,2.85
2016.11.02 08:23:04.394,1.02211,1.02231,1.00,2.85
2016.11.02 08:23:04.661,1.02212,1.0223,1.00,1.00
2016.11.02 08:23:05.265,1.02213,1.0223,1.00,1.00
2016.11.02 08:23:05.827,1.02212,1.0223,1.00,1.00
2016.11.02 08:23:06.181,1.02212,1.02231,1.00,3.60
2016.11.02 08:23:06.382,1.0221,1.02231,1.00,2.85
2016.11.02 08:23:06.584,1.0221,1.02232,1.50,1.35
2016.11.02 08:23:06.961,1.02209,1.0223,1.50,1.00
2016.11.02 08:23:07.502,1.02209,1.02232,1.50,2.10
2016.11.02 08:23:08.085,1.02209,1.02232,1.00,1.35
2016.11.02 08:23:08.388,1.02209,1.02231,1.00,1.35
2016.11.02 08:23:08.906,1.02209,1.0223,1.00,1.00
2016.11.02 08:23:08.956,1.02208,1.02231,1.12,1.75
2016.11.02 08:23:09.493,1.02207,1.02231,1.72,1.75
2016.11.02 08:23:11.260,1.02208,1.0223,1.00,1.75
2016.11.02 08:23:11.688,1.02206,1.0223,1.12,1.75
2016.11.02 08:23:12.359,1.02203,1.02227,2.25,2.47
2016.11.02 08:23:12.476,1.02204,1.02226,1.00,1.60
2016.11.02 08:23:12.891,1.02204,1.02226,1.50,1.00
2016.11.02 08:23:14.949,1.02205,1.02226,1.00,1.00
2016.11.02 08:23:16.100,1.02206,1.02227,1.00,1.35
2016.11.02 08:23:16.678,1.02205,1.02227,1.50,1.30
2016.11.02 08:23:16.779,1.02209,1.02229,1.00,1.67
2016.11.02 08:23:16.880,1.02209,1.0223,1.50,1.00
2016.11.02 08:23:16.981,1.02211,1.02232,1.00,1.35
2016.11.02 08:23:17.525,1.02209,1.02232,1.50,1.35
2016.11.02 08:23:17.993,1.02209,1.0223,1.50,1.00
2016.11.02 08:23:18.525,1.02208,1.0223,1.00,1.00
2016.11.02 08:23:20.307,1.02209,1.0223,1.00,1.00
2016.11.02 08:23:21.019,1.02209,1.02232,1.12,1.75
2016.11.02 08:23:21.409,1.02209,1.0223,1.00,1.35
2016.11.02 08:23:21.698,1.02205,1.02228,1.37,1.35
2016.11.02 08:23:21.799,1.02202,1.02227,1.75,2.10
2016.11.02 08:23:22.121,1.02203,1.02225,1.50,1.35
2016.11.02 08:23:22.495,1.02203,1.02225,1.50,1.35
2016.11.02 08:23:22.596,1.02203,1.02225,1.50,1.35
2016.11.02 08:23:23.097,1.02203,1.02225,1.50,1.35
2016.11.02 08:23:23.695,1.02203,1.02225,1.00,1.35
2016.11.02 08:23:24.230,1.02203,1.02225,1.87,1.67
2016.11.02 08:23:24.735,1.02203,1.02226,1.50,3.37
2016.11.02 08:23:26.298,1.02205,1.02226,1.00,3.37
2016.11.02 08:23:26.779,1.02203,1.02226,1.50,3.37
2016.11.02 08:23:28.696,1.02204,1.02226,1.00,3.37
2016.11.02 08:23:28.813,1.02205,1.02224,1.35,1.00
2016.11.02 08:23:29.015,1.02205,1.02227,1.50,1.30
2016.11.02 08:23:29.217,1.02209,1.02232,1.00,2.85
2016.11.02 08:23:29.537,1.02213,1.02234,1.37,1.37
2016.11.02 08:23:29.839,1.02212,1.02231,1.50,2.10
2016.11.02 08:23:29.940,1.02209,1.0223,1.50,1.67
2016.11.02 08:23:30.041,1.02208,1.0223,1.87,2.10
2016.11.02 08:23:30.142,1.02208,1.0223,1.50,3.97
2016.11.02 08:23:31.942,1.02208,1.0223,1.00,1.75
2016.11.02 08:23:32.307,1.0221,1.0223,1.00,1.75
2016.11.02 08:23:32.484,1.02208,1.02229,1.00,1.75
2016.11.02 08:23:33.099,1.02209,1.02229,1.50,1.75
2016.11.02 08:23:34.319,1.02206,1.02226,1.00,1.67
2016.11.02 08:23:35.150,1.02206,1.02226,1.00,1.35
2016.11.02 08:23:35.666,1.02205,1.02226,1.00,2.85
2016.11.02 08:23:37.905,1.02204,1.02226,1.00,1.75
2016.11.02 08:23:39.368,1.02204,1.02226,1.50,2.62
2016.11.02 08:23:39.727,1.02205,1.02225,1.00,1.67
2016.11.02 08:23:39.929,1.02207,1.02229,1.00,3.37
2016.11.02 08:23:40.141,1.0221,1.02228,1.00,1.00
2016.11.02 08:23:40.192,1.02208,1.02228,1.35,1.00
2016.11.02 08:23:40.394,1.02207,1.02222,1.00,2.10
2016.11.02 08:23:40.545,1.022,1.02222,1.50,1.60
2016.11.02 08:23:40.848,1.022,1.02223,1.50,2.47
2016.11.02 08:23:41.139,1.02203,1.02223,1.00,2.47
2016.11.02 08:23:42.145,1.02203,1.02223,2.25,2.47
2016.11.02 08:23:42.274,1.02203,1.02225,2.25,1.30
2016.11.02 08:23:42.576,1.02203,1.02223,1.00,1.00
2016.11.02 08:23:42.627,1.02201,1.02222,1.00,1.00
2016.11.02 08:23:42.728,1.02199,1.02222,1.37,2.47
2016.11.02 08:23:42.778,1.02199,1.02219,1.00,1.00
2016.11.02 08:23:44.193,1.022,1.02219,1.00,1.00
2016.11.02 08:23:44.743,1.02199,1.02219,1.00,1.00
2016.11.02 08:23:46.148,1.02199,1.0222,1.12,2.47
2016.11.02 08:23:46.249,1.02197,1.02218,1.00,1.67
2016.11.02 08:23:46.350,1.02198,1.02215,1.00,1.00
2016.11.02 08:23:46.501,1.02196,1.02215,1.00,1.00
2016.11.02 08:23:46.856,1.02197,1.02219,1.35,1.75
2016.11.02 08:23:50.653,1.02197,1.02219,1.35,3.37
2016.11.02 08:23:51.214,1.02196,1.02219,1.00,3.37
2016.11.02 08:23:51.439,1.02194,1.02219,1.87,3.37
2016.11.02 08:23:52.070,1.02195,1.02219,1.00,3.37
2016.11.02 08:23:52.294,1.02207,1.02219,1.00,2.62
2016.11.02 08:23:52.396,1.02208,1.0222,1.00,2.10
2016.11.02 08:23:52.459,1.02203,1.0222,1.00,2.10
2016.11.02 08:23:52.995,1.02203,1.02218,1.00,1.00
2016.11.02 08:23:53.289,1.02198,1.0222,1.87,1.35
2016.11.02 08:23:53.794,1.02199,1.02222,1.50,1.35
2016.11.02 08:23:55.983,1.02198,1.02222,1.87,1.35
2016.11.02 08:23:56.495,1.02197,1.02218,1.35,1.00
2016.11.02 08:23:56.596,1.02197,1.02219,1.35,1.75
2016.11.02 08:23:56.788,1.02196,1.02219,1.12,1.75
2016.11.02 08:23:57.770,1.02196,1.0222,1.75,1.35
2016.11.02 08:23:58.091,1.02196,1.0222,1.50,1.35
2016.11.02 08:23:58.444,1.02199,1.0222,1.00,1.35
2016.11.02 08:23:59.063,1.02198,1.02216,1.00,1.12
2016.11.02 08:23:59.635,1.02197,1.02216,1.12,1.12
2016.11.02 08:24:00.466,1.02196,1.0222,1.12,2.10
2016.11.02 08:24:00.967,1.02196,1.02216,1.00,1.50
2016.11.02 08:24:01.449,1.02195,1.0221,1.12,1.00
2016.11.02 08:24:01.701,1.02192,1.02216,2.10,1.35
2016.11.02 08:24:01.802,1.02195,1.02216,1.12,1.67
2016.11.02 08:24:01.903,1.02195,1.02216,1.75,1.30
2016.11.02 08:24:02.451,1.02196,1.0221,1.75,1.00
2016.11.02 08:24:02.687,1.02196,1.0221,1.50,1.00
2016.11.02 08:24:02.738,1.02196,1.02217,1.50,1.60
2016.11.02 08:24:03.795,1.02196,1.02217,1.50,2.85
2016.11.02 08:24:03.846,1.02196,1.02214,1.00,2.10
2016.11.02 08:24:04.195,1.02194,1.02211,1.00,2.10
2016.11.02 08:24:04.484,1.02194,1.02213,1.00,2.47
2016.11.02 08:24:05.217,1.02194,1.02211,1.00,2.10
2016.11.02 08:24:05.318,1.02193,1.02214,1.12,2.47
2016.11.02 08:24:05.863,1.02188,1.02212,4.72,2.10
2016.11.02 08:24:06.191,1.02191,1.02213,1.67,1.30
2016.11.02 08:24:06.691,1.02191,1.02212,1.00,1.67
2016.11.02 08:24:06.742,1.02188,1.0221,1.50,2.10
2016.11.02 08:24:07.005,1.02189,1.02207,1.00,1.00
2016.11.02 08:24:07.106,1.02186,1.02207,1.50,1.00
2016.11.02 08:24:07.190,1.02188,1.02207,1.00,1.00
2016.11.02 08:24:07.291,1.02186,1.02207,1.50,1.00
2016.11.02 08:24:07.392,1.02188,1.02207,1.00,1.00
2016.11.02 08:24:08.013,1.02186,1.02207,1.00,1.00
2016.11.02 08:24:08.114,1.02185,1.02212,1.75,2.85
2016.11.02 08:24:08.439,1.02188,1.0221,1.00,1.00
2016.11.02 08:24:08.644,1.02193,1.0221,1.00,1.00
2016.11.02 08:24:08.695,1.02193,1.02216,1.50,1.35
2016.11.02 08:24:08.796,1.02195,1.02219,1.50,2.85
2016.11.02 08:24:10.018,1.02195,1.02216,1.00,1.30
2016.11.02 08:24:10.553,1.02195,1.02217,1.50,1.35
2016.11.02 08:24:10.867,1.02195,1.02215,1.00,1.35
2016.11.02 08:24:11.951,1.02196,1.02215,1.00,1.00
2016.11.02 08:24:12.546,1.02196,1.02218,1.50,2.85
2016.11.02 08:24:12.851,1.02199,1.02219,1.00,2.85
2016.11.02 08:24:13.264,1.02199,1.02211,1.00,1.00
2016.11.02 08:24:13.318,1.02194,1.0221,1.87,1.00
2016.11.02 08:24:13.419,1.02194,1.0221,1.50,1.00
2016.11.02 08:24:14.313,1.02194,1.02211,2.47,1.00
2016.11.02 08:24:14.565,1.02189,1.02207,2.62,2.10
2016.11.02 08:24:14.616,1.02188,1.02207,1.75,2.10
2016.11.02 08:24:14.818,1.02188,1.0221,1.75,3.22
2016.11.02 08:24:15.394,1.02188,1.02207,1.75,2.10
2016.11.02 08:24:15.445,1.02188,1.0221,2.10,3.22
2016.11.02 08:24:15.596,1.02188,1.02207,2.25,2.10
2016.11.02 08:24:16.920,1.02188,1.02208,1.75,2.10
2016.11.02 08:24:17.222,1.02189,1.02208,1.75,2.10
2016.11.02 08:24:17.815,1.02189,1.02209,1.75,2.10
2016.11.02 08:24:17.916,1.02189,1.0221,1.35,1.60
2016.11.02 08:24:18.191,1.02189,1.02209,1.75,2.10
2016.11.02 08:24:18.242,1.02189,1.0221,1.75,1.00
2016.11.02 08:24:18.791,1.02194,1.0221,1.00,1.60
2016.11.02 08:24:18.993,1.02195,1.02211,1.00,1.00
2016.11.02 08:24:19.556,1.02195,1.0221,1.00,1.00
2016.11.02 08:24:20.142,1.02194,1.02211,1.37,1.35
2016.11.02 08:24:20.243,1.0219,1.0221,3.37,2.85
2016.11.02 08:24:20.294,1.0219,1.0221,2.62,1.00
2016.11.02 08:24:20.396,1.0219,1.02209,2.62,2.10
2016.11.02 08:24:20.713,1.02189,1.02209,1.75,2.10
2016.11.02 08:24:20.814,1.02189,1.02209,1.75,2.10
2016.11.02 08:24:20.915,1.0219,1.02207,1.00,2.10
2016.11.02 08:24:21.016,1.02189,1.02207,1.75,2.10
2016.11.02 08:24:21.430,1.02189,1.02207,1.37,2.10
2016.11.02 08:24:21.632,1.02188,1.02209,2.85,2.10
2016.11.02 08:24:21.783,1.02189,1.02209,1.67,1.30
2016.11.02 08:24:21.934,1.02191,1.02209,1.37,2.10
2016.11.02 08:24:22.390,1.02193,1.0221,1.00,1.35
2016.11.02 08:24:22.491,1.02193,1.02209,1.00,2.10
2016.11.02 08:24:22.743,1.02189,1.02209,2.25,2.10
2016.11.02 08:24:23.121,1.02189,1.02208,2.25,2.10
2016.11.02 08:24:23.469,1.02188,1.02206,2.25,2.10
2016.11.02 08:24:24.060,1.02188,1.02207,2.25,2.10
2016.11.02 08:24:24.646,1.02189,1.0221,1.75,2.85
2016.11.02 08:24:24.747,1.02189,1.02207,1.75,2.10
2016.11.02 08:24:24.944,1.02186,1.02205,1.75,2.10
2016.11.02 08:24:25.466,1.02184,1.02205,3.00,2.10
2016.11.02 08:24:25.967,1.02185,1.02206,1.75,2.10
2016.11.02 08:24:26.184,1.02185,1.02207,1.75,2.10
2016.11.02 08:24:26.235,1.02189,1.02207,1.37,2.10
2016.11.02 08:24:26.769,1.02189,1.02207,1.00,2.10
2016.11.02 08:24:27.273,1.02186,1.02207,1.75,2.10
2016.11.02 08:24:27.374,1.02187,1.02207,1.00,2.10
2016.11.02 08:24:27.489,1.02188,1.02204,1.00,2.10
2016.11.02 08:24:27.640,1.02188,1.02206,1.00,2.10
2016.11.02 08:24:27.741,1.0219,1.02203,1.00,2.10
2016.11.02 08:24:27.842,1.02187,1.02203,1.00,2.10
2016.11.02 08:24:28.245,1.02185,1.02203,1.75,2.10
2016.11.02 08:24:28.766,1.02185,1.02203,4.12,2.10
2016.11.02 08:24:29.169,1.02184,1.02203,2.25,2.10
2016.11.02 08:24:29.306,1.02186,1.02203,1.00,2.10
2016.11.02 08:24:29.357,1.02186,1.02203,1.00,2.10
2016.11.02 08:24:29.898,1.02184,1.02203,2.25,2.10
2016.11.02 08:24:30.173,1.02184,1.02206,1.75,3.22
2016.11.02 08:24:31.768,1.02183,1.02203,1.75,2.10
2016.11.02 08:24:32.042,1.02183,1.02203,1.75,2.10
2016.11.02 08:24:32.718,1.02185,1.02203,1.00,2.10
2016.11.02 08:24:32.870,1.02182,1.02203,1.75,2.10
2016.11.02 08:24:33.173,1.02183,1.02203,1.50,2.10
2016.11.02 08:24:33.398,1.02183,1.02202,1.75,2.10
2016.11.02 08:24:33.943,1.02183,1.02202,1.75,2.10
2016.11.02 08:24:34.245,1.02183,1.02204,1.75,2.10
2016.11.02 08:24:34.598,1.02184,1.02203,1.75,2.10
2016.11.02 08:24:34.765,1.02181,1.02203,4.12,2.10
2016.11.02 08:24:34.866,1.02184,1.02203,1.00,2.10
2016.11.02 08:24:35.269,1.02186,1.02202,1.00,2.10
2016.11.02 08:24:35.611,1.02188,1.02202,1.00,2.10
2016.11.02 08:24:35.914,1.02182,1.02199,1.75,2.10
2016.11.02 08:24:36.015,1.02183,1.02197,1.00,2.10
2016.11.02 08:24:36.487,1.02178,1.022,1.75,2.10
2016.11.02 08:24:36.588,1.02184,1.022,1.00,2.10
2016.11.02 08:24:36.843,1.02184,1.022,1.00,2.10
2016.11.02 08:24:37.052,1.02182,1.022,1.00,2.10
2016.11.02 08:24:37.103,1.02178,1.022,4.87,2.10
2016.11.02 08:24:37.824,1.02184,1.02201,1.00,2.10
2016.11.02 08:24:39.241,1.02183,1.02201,1.50,2.10
2016.11.02 08:24:39.767,1.0218,1.02201,4.12,2.10
2016.11.02 08:24:40.568,1.02189,1.02201,1.00,2.10
2016.11.02 08:24:40.669,1.02183,1.02201,1.75,2.10
2016.11.02 08:24:40.921,1.02183,1.02199,1.00,1.50
2016.11.02 08:24:41.970,1.02184,1.02199,1.00,1.50
2016.11.02 08:24:45.302,1.02184,1.02201,1.00,3.22
2016.11.02 08:24:45.353,1.02184,1.02196,1.00,2.10
2016.11.02 08:24:45.472,1.02179,1.02193,1.00,2.10
2016.11.02 08:24:45.976,1.02179,1.02195,1.00,2.10
2016.11.02 08:24:46.489,1.02179,1.02193,1.00,2.10
2016.11.02 08:24:48.398,1.02179,1.02192,1.00,2.10
2016.11.02 08:24:48.918,1.02179,1.02191,1.00,1.50
2016.11.02 08:24:50.290,1.02179,1.02195,1.00,2.10
2016.11.02 08:24:51.242,1.02179,1.02193,1.00,2.10
2016.11.02 08:24:52.200,1.02179,1.02195,1.00,2.10
2016.11.02 08:24:52.452,1.02179,1.02195,1.75,2.10
2016.11.02 08:24:52.553,1.02179,1.02195,1.12,2.10
2016.11.02 08:24:52.654,1.02179,1.02195,1.75,2.10
2016.11.02 08:24:53.225,1.02179,1.02195,1.12,2.10
2016.11.02 08:24:57.914,1.02179,1.02201,1.12,3.60
2016.11.02 08:24:58.219,1.02183,1.022,1.00,2.85
2016.11.02 08:25:00.113,1.02178,1.022,1.50,2.85
2016.11.02 08:25:00.314,1.02175,1.02197,2.25,1.00
2016.11.02 08:25:00.365,1.02174,1.02197,1.50,1.12
2016.11.02 08:25:00.416,1.02173,1.02199,3.00,1.35
2016.11.02 08:25:00.737,1.02179,1.02195,1.00,1.00
2016.11.02 08:25:00.838,1.02174,1.02197,1.50,1.35
2016.11.02 08:25:01.140,1.02174,1.02195,1.50,1.00
2016.11.02 08:25:01.973,1.02174,1.02195,1.50,3.60
2016.11.02 08:25:02.516,1.02174,1.02196,1.50,1.75
2016.11.02 08:25:02.945,1.02178,1.02196,1.00,1.75
2016.11.02 08:25:03.357,1.02174,1.02194,1.00,1.00
2016.11.02 08:25:03.559,1.02178,1.02194,1.00,1.00
2016.11.02 08:25:03.862,1.02174,1.02194,1.00,1.00
2016.11.02 08:25:04.064,1.02179,1.02194,1.00,1.00
2016.11.02 08:25:04.178,1.02173,1.02195,1.12,2.10
2016.11.02 08:25:04.581,1.02169,1.02193,1.75,1.35
2016.11.02 08:25:05.052,1.02174,1.02193,1.00,1.35
2016.11.02 08:25:05.724,1.02173,1.02192,1.00,1.50
2016.11.02 08:25:05.949,1.02169,1.0219,1.00,1.00
2016.11.02 08:25:06.050,1.02169,1.02192,1.75,1.50
2016.11.02 08:25:06.470,1.02169,1.02193,1.12,1.35
2016.11.02 08:25:06.847,1.02173,1.02193,1.00,1.35
2016.11.02 08:25:07.362,1.02174,1.02193,1.00,1.35
2016.11.02 08:25:07.463,1.02168,1.02193,2.25,1.35
2016.11.02 08:25:07.876,1.02174,1.02193,1.00,1.75
2016.11.02 08:25:08.152,1.02174,1.02195,1.12,1.67
2016.11.02 08:25:08.945,1.02174,1.02195,1.00,1.35
2016.11.02 08:25:09.046,1.02176,1.02196,1.00,2.85
2016.11.02 08:25:09.097,1.02176,1.02196,1.00,2.85
2016.11.02 08:25:09.147,1.02179,1.02196,1.00,2.85
2016.11.02 08:25:09.675,1.02179,1.02195,1.00,2.47
2016.11.02 08:25:10.466,1.02179,1.02195,1.00,1.30
2016.11.02 08:25:11.097,1.02179,1.02194,1.00,2.10
2016.11.02 08:25:11.469,1.02173,1.02194,1.50,2.85
2016.11.02 08:25:11.570,1.02179,1.02194,1.00,2.85
2016.11.02 08:25:11.744,1.02174,1.02189,1.00,2.10
2016.11.02 08:25:15.638,1.02174,1.02192,1.00,1.72
2016.11.02 08:25:16.146,1.02173,1.02191,1.00,1.00
2016.11.02 08:25:17.566,1.02173,1.02191,1.00,2.85
2016.11.02 08:25:18.094,1.02173,1.0219,1.00,1.67
2016.11.02 08:25:18.642,1.02173,1.02191,1.00,2.47
2016.11.02 08:25:19.875,1.02174,1.0219,1.00,1.30
2016.11.02 08:25:20.295,1.02174,1.02194,1.00,1.35
2016.11.02 08:25:20.801,1.02174,1.02196,1.12,1.75
2016.11.02 08:25:22.622,1.02173,1.02194,1.50,1.00
2016.11.02 08:25:23.425,1.02173,1.02196,1.00,1.50
2016.11.02 08:25:24.128,1.02173,1.02194,1.37,1.00
2016.11.02 08:25:24.667,1.02173,1.02196,1.37,3.60
2016.11.02 08:25:24.718,1.02173,1.02192,1.12,2.47
2016.11.02 08:25:25.257,1.02174,1.02192,1.00,2.47
2016.11.02 08:25:25.770,1.02173,1.02193,1.00,1.35
2016.11.02 08:25:25.821,1.02173,1.02193,1.12,1.67
2016.11.02 08:25:25.922,1.02173,1.02193,1.12,1.30
2016.11.02 08:25:25.972,1.02174,1.02193,1.00,2.47
2016.11.02 08:25:26.124,1.02174,1.02194,1.37,2.47
2016.11.02 08:25:26.659,1.02179,1.02195,1.00,2.47
2016.11.02 08:25:28.208,1.02174,1.02195,2.25,2.10
2016.11.02 08:25:28.258,1.02175,1.02198,1.35,2.47
2016.11.02 08:25:28.309,1.02176,1.02196,1.00,1.30
2016.11.02 08:25:28.511,1.02178,1.022,1.00,1.75
2016.11.02 08:25:29.430,1.02178,1.022,1.00,1.75
2016.11.02 08:25:29.979,1.02178,1.02198,1.00,1.00
2016.11.02 08:25:30.516,1.02179,1.022,1.00,1.75
2016.11.02 08:25:31.115,1.02179,1.022,1.00,4.12
2016.11.02 08:25:31.468,1.02178,1.02194,1.00,2.10
2016.11.02 08:25:31.999,1.02179,1.02194,1.00,2.10
2016.11.02 08:25:32.502,1.02178,1.02194,1.00,2.10
2016.11.02 08:25:33.544,1.02178,1.02193,1.00,2.10
2016.11.02 08:25:33.834,1.02174,1.02193,1.00,2.85
2016.11.02 08:25:33.935,1.02174,1.02194,1.37,2.47
2016.11.02 08:25:34.238,1.02173,1.02187,1.00,2.10
2016.11.02 08:25:34.390,1.02169,1.02187,1.50,2.10
2016.11.02 08:25:34.591,1.02174,1.02187,1.00,2.10
2016.11.02 08:25:34.710,1.02169,1.02191,1.50,3.60
2016.11.02 08:25:34.911,1.02174,1.02189,1.00,1.30
2016.11.02 08:25:35.689,1.02169,1.02189,1.00,1.30
2016.11.02 08:25:35.892,1.02174,1.02189,1.00,1.30
2016.11.02 08:25:35.993,1.02169,1.02189,1.00,1.30
2016.11.02 08:25:38.188,1.02174,1.02191,1.00,3.22
2016.11.02 08:25:38.592,1.02169,1.0219,1.12,2.10
2016.11.02 08:25:39.118,1.02174,1.0219,1.00,2.10
2016.11.02 08:25:39.420,1.02168,1.02191,1.50,3.22
2016.11.02 08:25:39.965,1.02168,1.02189,1.50,1.30
2016.11.02 08:25:40.250,1.02168,1.0219,1.37,1.60
2016.11.02 08:25:40.607,1.02174,1.02192,1.50,2.10
2016.11.02 08:25:40.809,1.02169,1.02193,1.75,2.85
2016.11.02 08:25:40.859,1.0217,1.0219,1.00,2.47
2016.11.02 08:25:41.382,1.02169,1.02188,1.12,1.30
2016.11.02 08:25:42.258,1.02169,1.02189,1.00,1.35
2016.11.02 08:25:42.619,1.02169,1.02185,1.00,2.10
2016.11.02 08:25:42.719,1.02164,1.02184,1.75,2.10
2016.11.02 08:25:42.770,1.02165,1.02187,1.00,2.10
2016.11.02 08:25:42.921,1.02169,1.02186,1.00,1.35
2016.11.02 08:25:43.022,1.02169,1.02186,1.00,1.30
2016.11.02 08:25:44.536,1.02168,1.02189,1.00,1.75
2016.11.02 08:25:44.687,1.02168,1.0219,1.60,1.75
2016.11.02 08:25:44.738,1.02168,1.02188,1.60,1.00
2016.11.02 08:25:45.040,1.02173,1.02188,1.00,1.00
2016.11.02 08:25:45.694,1.02173,1.02193,1.00,1.75
2016.11.02 08:25:47.790,1.02173,1.02194,1.00,1.75
2016.11.02 08:25:48.313,1.02173,1.02195,1.00,1.75
2016.11.02 08:25:48.615,1.02169,1.02191,1.75,2.47
2016.11.02 08:25:48.817,1.02174,1.02194,1.00,2.10
2016.11.02 08:25:49.132,1.02174,1.02194,1.50,1.72
2016.11.02 08:25:49.183,1.02174,1.02194,1.12,1.97
2016.11.02 08:25:49.336,1.02174,1.02193,1.00,1.00
2016.11.02 08:25:49.437,1.02178,1.02197,1.00,2.85
2016.11.02 08:25:49.682,1.02178,1.02197,1.00,1.60
2016.11.02 08:25:49.783,1.02175,1.02198,1.12,1.35
2016.11.02 08:25:50.304,1.02174,1.02195,1.12,1.67
2016.11.02 08:25:50.405,1.02173,1.02196,1.75,1.12
2016.11.02 08:25:50.707,1.02178,1.02198,1.00,3.00
2016.11.02 08:25:51.220,1.02178,1.02198,1.00,3.00
2016.11.02 08:25:52.340,1.02174,1.02197,2.25,1.75
2016.11.02 08:25:52.390,1.02174,1.02192,1.87,2.10
2016.11.02 08:25:52.895,1.02173,1.02193,1.12,2.10
2016.11.02 08:25:53.828,1.02174,1.02194,1.00,1.00
2016.11.02 08:25:53.929,1.02174,1.02194,1.12,2.10
2016.11.02 08:25:54.450,1.02174,1.02193,1.50,2.10
2016.11.02 08:25:54.813,1.02171,1.02194,1.75,2.10
2016.11.02 08:25:55.092,1.02174,1.02195,1.00,1.12
2016.11.02 08:25:55.142,1.02174,1.02195,1.00,3.22
2016.11.02 08:25:55.444,1.02174,1.02192,1.00,2.47
2016.11.02 08:25:56.376,1.02174,1.02192,1.00,1.30
2016.11.02 08:25:57.116,1.02171,1.02195,1.37,1.75
2016.11.02 08:25:57.494,1.02173,1.02196,1.37,1.75
2016.11.02 08:25:57.545,1.02173,1.02197,1.37,1.75
2016.11.02 08:25:58.220,1.02173,1.02197,1.12,1.75
2016.11.02 08:25:58.321,1.02173,1.02197,1.75,1.75
2016.11.02 08:25:58.643,1.02173,1.02197,1.12,1.75
2016.11.02 08:25:59.247,1.02174,1.02197,1.00,1.75
2016.11.02 08:25:59.748,1.02174,1.02195,1.12,1.50
2016.11.02 08:26:00.556,1.02174,1.02195,1.12,1.75
2016.11.02 08:26:01.310,1.02174,1.02195,1.00,1.50
2016.11.02 08:26:01.518,1.02174,1.02193,1.00,1.00
2016.11.02 08:26:02.023,1.02174,1.02194,1.00,1.00
2016.11.02 08:26:02.543,1.02173,1.02196,1.00,1.75
2016.11.02 08:26:03.204,1.02173,1.02198,1.37,2.10
2016.11.02 08:26:04.024,1.02174,1.02197,1.00,1.75
2016.11.02 08:26:04.494,1.02174,1.02195,1.00,1.00
2016.11.02 08:26:05.068,1.02173,1.02197,1.00,1.75
2016.11.02 08:26:05.219,1.02173,1.02197,1.12,2.25
2016.11.02 08:26:05.756,1.02173,1.02197,1.12,2.25
2016.11.02 08:26:06.625,1.02174,1.02197,1.00,2.25
2016.11.02 08:26:06.956,1.02179,1.02199,2.25,2.10
2016.11.02 08:26:07.101,1.02183,1.02201,1.00,2.47
2016.11.02 08:26:07.719,1.02183,1.02199,1.00,1.67
2016.11.02 08:26:07.872,1.02178,1.02199,2.25,1.67
2016.11.02 08:26:10.050,1.02184,1.02199,1.00,1.67
2016.11.02 08:26:13.753,1.02179,1.02199,1.12,1.67
2016.11.02 08:26:14.171,1.02179,1.02198,1.12,2.47
2016.11.02 08:26:14.739,1.02179,1.02201,1.00,2.10
2016.11.02 08:26:15.128,1.02179,1.02198,1.00,2.85
2016.11.02 08:26:15.279,1.02174,1.02195,1.50,1.72
2016.11.02 08:26:15.481,1.02173,1.02194,1.50,1.60
2016.11.02 08:26:16.475,1.02173,1.02194,1.50,1.00
2016.11.02 08:26:16.526,1.02175,1.02197,1.12,1.35
2016.11.02 08:26:16.828,1.02178,1.02202,1.75,2.47
2016.11.02 08:26:17.329,1.02179,1.02199,1.37,2.10
2016.11.02 08:26:17.875,1.02179,1.02198,1.00,2.10
2016.11.02 08:26:18.198,1.02174,1.02195,1.00,2.10
2016.11.02 08:26:18.528,1.02178,1.02195,1.00,2.10
2016.11.02 08:26:19.295,1.02173,1.02195,1.75,2.47
2016.11.02 08:26:19.397,1.02173,1.02192,1.00,1.30
2016.11.02 08:26:20.284,1.02179,1.02192,1.00,1.30
2016.11.02 08:26:20.853,1.02174,1.02192,1.00,1.72
2016.11.02 08:26:21.054,1.02169,1.02191,1.50,2.47
2016.11.02 08:26:21.121,1.02169,1.02191,1.12,2.47
2016.11.02 08:26:21.173,1.02169,1.02188,1.12,1.12
2016.11.02 08:26:21.476,1.02168,1.02185,1.00,1.30
2016.11.02 08:26:21.677,1.02164,1.02185,1.50,1.30
2016.11.02 08:26:21.980,1.02169,1.02186,1.00,1.30
2016.11.02 08:26:23.351,1.02169,1.02187,1.00,1.30
2016.11.02 08:26:24.254,1.02169,1.02188,1.00,1.97
2016.11.02 08:26:24.576,1.02169,1.02187,1.00,1.35
2016.11.02 08:26:24.784,1.02169,1.02187,1.00,1.72
2016.11.02 08:26:25.052,1.02169,1.02188,1.00,2.10
2016.11.02 08:26:25.304,1.02164,1.02187,1.72,1.35
2016.11.02 08:26:26.356,1.02164,1.02186,1.37,1.00
2016.11.02 08:26:26.877,1.02164,1.02185,1.00,1.00
2016.11.02 08:26:27.652,1.02164,1.02187,1.50,1.12
2016.11.02 08:26:28.246,1.02164,1.02187,1.50,1.37
2016.11.02 08:26:30.570,1.02163,1.02184,1.00,1.72
2016.11.02 08:26:30.872,1.02164,1.02182,1.00,1.50
2016.11.02 08:26:33.103,1.02164,1.02181,1.00,1.50
2016.11.02 08:26:34.504,1.02159,1.02182,1.75,1.50
2016.11.02 08:26:34.703,1.02159,1.02184,2.25,2.10
2016.11.02 08:26:36.704,1.02164,1.02184,1.00,1.50
2016.11.02 08:26:36.935,1.02158,1.02181,2.25,1.30
2016.11.02 08:26:37.086,1.02159,1.0218,1.50,1.37
2016.11.02 08:26:37.590,1.02159,1.02179,1.00,1.60
2016.11.02 08:26:38.107,1.02159,1.0218,1.00,1.75
2016.11.02 08:26:38.617,1.02159,1.02181,1.12,2.10
2016.11.02 08:26:44.465,1.02158,1.02179,1.75,1.60
2016.11.02 08:26:44.768,1.02164,1.0218,1.00,1.72
2016.11.02 08:26:45.725,1.02158,1.0218,1.75,1.72
2016.11.02 08:26:47.186,1.02159,1.02183,3.37,1.97
2016.11.02 08:26:47.287,1.02163,1.02184,1.00,2.47
2016.11.02 08:26:47.441,1.02168,1.02183,1.00,2.85
2016.11.02 08:26:47.542,1.02164,1.02185,1.00,3.60
2016.11.02 08:26:48.046,1.02163,1.02185,1.50,3.60
2016.11.02 08:26:48.197,1.02163,1.02182,1.00,2.10
2016.11.02 08:26:48.307,1.02162,1.02184,1.00,1.00
2016.11.02 08:26:48.665,1.02167,1.02184,1.00,2.10
2016.11.02 08:26:48.716,1.02163,1.02184,1.00,1.60
2016.11.02 08:26:48.817,1.02167,1.02183,1.00,2.10
2016.11.02 08:26:49.135,1.02163,1.02183,1.00,2.10
2016.11.02 08:26:49.236,1.02168,1.02184,1.00,1.60
2016.11.02 08:26:49.794,1.02168,1.02182,1.00,2.10
2016.11.02 08:26:50.860,1.02163,1.02184,1.00,3.60
2016.11.02 08:26:51.238,1.02167,1.02181,1.00,2.10
2016.11.02 08:26:51.289,1.02163,1.02181,1.00,2.10
2016.11.02 08:26:51.440,1.02167,1.02184,1.00,3.60
2016.11.02 08:26:51.490,1.02163,1.02181,1.00,2.10
2016.11.02 08:26:52.035,1.02167,1.02183,1.00,2.10
2016.11.02 08:26:52.085,1.02163,1.02183,1.00,2.10
2016.11.02 08:26:52.237,1.02167,1.02181,1.00,2.10
2016.11.02 08:26:52.287,1.02163,1.02181,1.00,2.10
2016.11.02 08:26:52.388,1.02168,1.02184,1.00,3.60
2016.11.02 08:26:52.439,1.02163,1.02184,1.00,3.60
2016.11.02 08:26:53.226,1.02163,1.02183,1.00,2.47
2016.11.02 08:26:53.679,1.02164,1.02183,1.00,1.35
2016.11.02 08:26:54.235,1.02164,1.02183,1.00,2.85
2016.11.02 08:26:54.744,1.02164,1.02181,1.00,2.10
2016.11.02 08:26:55.337,1.02164,1.02182,1.00,1.35
2016.11.02 08:26:57.834,1.02164,1.02181,1.00,2.10
2016.11.02 08:27:00.181,1.02164,1.02185,1.00,1.75
2016.11.02 08:27:00.710,1.02163,1.02186,1.12,1.75
2016.11.02 08:27:01.215,1.02163,1.02184,1.00,1.75
2016.11.02 08:27:01.721,1.02164,1.02182,1.00,3.22
2016.11.02 08:27:02.152,1.02164,1.02178,1.00,1.00
2016.11.02 08:27:02.203,1.02158,1.02177,1.00,1.00
2016.11.02 08:27:02.354,1.02158,1.02176,1.00,2.47
2016.11.02 08:27:02.556,1.02154,1.02175,1.37,2.62
2016.11.02 08:27:02.860,1.02153,1.02174,1.00,1.37
2016.11.02 08:27:03.401,1.02154,1.02174,1.00,1.50
2016.11.02 08:27:04.224,1.02159,1.02175,1.00,1.75
2016.11.02 08:27:04.325,1.02154,1.02176,1.00,3.60
2016.11.02 08:27:06.451,1.02149,1.02172,2.25,1.72
2016.11.02 08:27:06.988,1.02149,1.02173,4.12,1.00
2016.11.02 08:27:08.788,1.02154,1.02173,1.00,1.72
2016.11.02 08:27:09.298,1.02149,1.02173,3.00,1.72
2016.11.02 08:27:12.148,1.02149,1.02172,1.75,1.00
2016.11.02 08:27:12.350,1.02149,1.0217,1.75,1.00
2016.11.02 08:27:12.908,1.02149,1.02172,1.75,1.75
2016.11.02 08:27:13.764,1.02149,1.02167,1.75,2.10
2016.11.02 08:27:14.079,1.02154,1.02166,1.00,2.10
2016.11.02 08:27:14.281,1.02149,1.02168,1.75,2.10
2016.11.02 08:27:14.936,1.02149,1.02169,1.75,1.00
2016.11.02 08:27:15.075,1.02154,1.02169,1.00,1.60
2016.11.02 08:27:15.227,1.02154,1.0217,1.00,1.35
2016.11.02 08:27:15.328,1.02149,1.0217,1.50,1.35
2016.11.02 08:27:15.430,1.02153,1.0217,1.00,1.72
2016.11.02 08:27:16.320,1.02154,1.02173,1.00,2.10
2016.11.02 08:27:16.858,1.02153,1.02171,1.00,2.10
2016.11.02 08:27:16.909,1.02153,1.02171,1.00,1.12
2016.11.02 08:27:17.111,1.02153,1.02176,1.37,1.67
2016.11.02 08:27:17.211,1.02153,1.02177,1.75,1.72
2016.11.02 08:27:17.538,1.02154,1.02176,1.50,1.67
2016.11.02 08:27:17.852,1.02159,1.02176,1.00,1.67
2016.11.02 08:27:20.935,1.02159,1.02178,1.00,1.35
2016.11.02 08:27:21.439,1.02159,1.02178,1.00,1.35
2016.11.02 08:27:23.178,1.02158,1.02178,1.00,1.35
2016.11.02 08:27:23.229,1.02158,1.02178,1.00,1.35
2016.11.02 08:27:23.330,1.02159,1.02178,1.00,1.35
2016.11.02 08:27:23.707,1.02158,1.02179,1.00,2.10
2016.11.02 08:27:24.248,1.02159,1.02179,1.00,1.60
2016.11.02 08:27:24.636,1.02159,1.02178,1.00,2.85
2016.11.02 08:27:24.887,1.02155,1.02176,1.00,1.60
2016.11.02 08:27:25.003,1.02154,1.02176,1.00,1.97
2016.11.02 08:27:25.506,1.02153,1.02173,1.00,1.72
2016.11.02 08:27:26.022,1.02149,1.02173,1.35,2.10
2016.11.02 08:27:26.123,1.02152,1.02173,1.00,1.35
2016.11.02 08:27:26.224,1.02149,1.02173,1.35,2.10
2016.11.02 08:27:26.771,1.02153,1.02172,1.00,1.67
2016.11.02 08:27:27.074,1.02154,1.02174,1.00,2.10
2016.11.02 08:27:27.903,1.02154,1.02173,1.00,1.00
2016.11.02 08:27:28.549,1.02153,1.02173,1.12,1.12
2016.11.02 08:27:29.953,1.02154,1.02173,1.00,1.12
2016.11.02 08:27:30.550,1.02149,1.02173,2.25,1.12
2016.11.02 08:27:31.095,1.02149,1.02173,1.75,1.50
2016.11.02 08:27:31.146,1.02151,1.02172,1.00,1.00
2016.11.02 08:27:32.897,1.02154,1.02172,1.00,1.00
2016.11.02 08:27:33.199,1.02151,1.02172,1.00,1.00
2016.11.02 08:27:33.250,1.0215,1.02174,2.25,1.37
2016.11.02 08:27:33.351,1.02153,1.02174,1.00,1.00
2016.11.02 08:27:33.771,1.02149,1.02173,1.75,1.37
2016.11.02 08:27:33.872,1.02148,1.02171,1.37,1.50
2016.11.02 08:27:33.973,1.02148,1.0217,1.37,1.37
2016.11.02 08:27:34.275,1.02154,1.02175,1.12,1.37
2016.11.02 08:27:34.359,1.02154,1.02175,1.50,1.12
2016.11.02 08:27:36.765,1.02154,1.02176,1.37,1.75
2016.11.02 08:27:37.449,1.02154,1.02176,1.00,1.75
2016.11.02 08:27:37.650,1.02154,1.02176,1.50,1.50
2016.11.02 08:27:39.867,1.02151,1.02175,1.50,1.12
2016.11.02 08:27:39.968,1.02149,1.02173,1.75,1.00
2016.11.02 08:27:40.650,1.02154,1.02173,1.00,1.00
2016.11.02 08:27:41.310,1.02154,1.02174,1.00,1.12
2016.11.02 08:27:43.881,1.02154,1.02174,1.00,1.75
2016.11.02 08:27:44.408,1.02149,1.0217,1.50,1.00
2016.11.02 08:27:44.458,1.02149,1.02173,1.12,1.75
2016.11.02 08:27:45.106,1.02149,1.02174,1.50,1.75
2016.11.02 08:27:47.274,1.02154,1.02173,1.00,1.75
2016.11.02 08:27:51.079,1.0215,1.02174,1.12,1.75
2016.11.02 08:27:53.989,1.02149,1.02173,2.85,1.75
2016.11.02 08:27:54.090,1.0215,1.02174,1.37,1.75
2016.11.02 08:27:54.496,1.02153,1.02175,1.12,1.12
2016.11.02 08:27:55.007,1.02153,1.02172,1.00,1.00
2016.11.02 08:27:55.209,1.0215,1.02174,1.75,1.12
2016.11.02 08:27:55.728,1.02149,1.02173,1.75,1.00
2016.11.02 08:27:55.829,1.02149,1.02173,1.75,1.50
2016.11.02 08:27:56.343,1.02153,1.02173,1.00,1.50
2016.11.02 08:27:56.738,1.02149,1.02173,1.12,2.25
2016.11.02 08:27:56.990,1.02147,1.02168,1.00,1.00
2016.11.02 08:27:57.041,1.02145,1.02169,1.37,1.75
2016.11.02 08:27:57.354,1.02149,1.02169,1.00,1.75
2016.11.02 08:27:57.505,1.02144,1.02169,2.25,1.75
2016.11.02 08:27:58.009,1.02141,1.02163,1.50,1.00
2016.11.02 08:27:58.125,1.02141,1.02165,1.12,1.75
2016.11.02 08:27:58.326,1.02139,1.02166,2.25,1.75
2016.11.02 08:27:58.514,1.02144,1.02166,1.00,1.50
2016.11.02 08:27:59.018,1.02144,1.02167,1.12,1.50
2016.11.02 08:28:00.019,1.02144,1.02167,1.00,1.75
2016.11.02 08:28:00.550,1.0214,1.02167,1.75,1.75
2016.11.02 08:28:01.523,1.02144,1.02166,1.00,1.75
2016.11.02 08:28:02.702,1.0214,1.02164,1.75,1.75
2016.11.02 08:28:02.753,1.0214,1.02164,1.12,1.75
2016.11.02 08:28:02.854,1.0214,1.02164,1.12,2.25
2016.11.02 08:28:02.955,1.02139,1.02163,2.25,1.75
2016.11.02 08:28:03.674,1.02139,1.02163,1.87,1.75
2016.11.02 08:28:07.570,1.02139,1.02162,1.50,1.12
2016.11.02 08:28:11.561,1.02139,1.02161,1.50,1.00
2016.11.02 08:28:12.088,1.02139,1.02161,1.37,1.37
2016.11.02 08:28:13.537,1.02144,1.02163,1.00,2.25
2016.11.02 08:28:16.092,1.02144,1.02162,1.00,1.00
2016.11.02 08:28:16.192,1.02144,1.02163,1.00,1.75
2016.11.02 08:28:16.728,1.02144,1.02162,1.00,1.50
2016.11.02 08:28:17.271,1.02139,1.02161,2.25,1.00
2016.11.02 08:28:17.322,1.02139,1.02164,2.25,1.75
2016.11.02 08:28:17.440,1.02141,1.02163,1.00,1.50
2016.11.02 08:28:26.072,1.02139,1.02165,2.25,1.75
2016.11.02 08:28:26.324,1.02139,1.02165,2.25,3.37
2016.11.02 08:28:27.029,1.0214,1.02162,1.00,1.00
2016.11.02 08:28:30.784,1.02142,1.02166,1.00,2.62
2016.11.02 08:28:31.036,1.02144,1.02168,1.87,1.75
2016.11.02 08:28:31.087,1.02148,1.02168,1.00,1.75
2016.11.02 08:28:31.652,1.02148,1.0217,1.00,3.37
2016.11.02 08:28:32.746,1.02148,1.0217,1.00,1.75
2016.11.02 08:28:33.148,1.02149,1.02169,1.00,4.12
2016.11.02 08:28:33.249,1.02145,1.02169,1.00,2.62
2016.11.02 08:28:33.350,1.02144,1.02167,1.37,1.50
2016.11.02 08:28:33.484,1.02144,1.02167,1.12,1.75
2016.11.02 08:28:33.686,1.02144,1.02167,1.75,1.50
2016.11.02 08:28:33.988,1.02143,1.02167,1.12,1.75
2016.11.02 08:28:34.662,1.02149,1.02169,1.00,3.37
2016.11.02 08:28:34.712,1.02149,1.02166,1.00,1.00
2016.11.02 08:28:34.763,1.02149,1.02169,1.00,2.62
2016.11.02 08:28:34.914,1.02149,1.0217,1.00,1.75
2016.11.02 08:28:36.054,1.02148,1.0217,1.00,2.25
2016.11.02 08:28:36.604,1.02149,1.0217,1.00,2.25
2016.11.02 08:28:36.756,1.02149,1.0217,1.00,1.75
2016.11.02 08:28:37.503,1.02148,1.02165,1.00,1.00
2016.11.02 08:28:38.296,1.02148,1.02168,1.00,4.12
2016.11.02 08:28:38.397,1.02148,1.0217,1.00,4.12
2016.11.02 08:28:39.868,1.02149,1.02168,1.00,1.75
2016.11.02 08:28:40.069,1.02144,1.02166,1.12,1.50
2016.11.02 08:28:40.170,1.02144,1.02166,1.00,2.62
2016.11.02 08:28:40.674,1.02143,1.02166,1.00,3.37
2016.11.02 08:28:41.569,1.02142,1.02166,1.12,3.37
2016.11.02 08:28:42.153,1.02143,1.02166,1.00,3.37
2016.11.02 08:28:42.455,1.02148,1.02166,1.00,3.37
2016.11.02 08:28:42.693,1.02144,1.02166,1.00,3.37
2016.11.02 08:28:44.072,1.02143,1.02166,1.50,1.75
2016.11.02 08:28:44.328,1.02144,1.02167,1.00,1.00
2016.11.02 08:28:44.580,1.02149,1.02168,1.00,1.75
2016.11.02 08:28:45.170,1.02149,1.02169,1.00,2.25
2016.11.02 08:28:45.220,1.02149,1.02167,1.00,1.00
2016.11.02 08:28:45.471,1.02149,1.02169,1.00,4.12
2016.11.02 08:28:45.622,1.02149,1.02166,1.00,1.00
2016.11.02 08:28:45.673,1.02149,1.02169,1.00,4.12
2016.11.02 08:28:46.311,1.02145,1.02166,1.00,1.00
2016.11.02 08:28:46.412,1.02149,1.02169,1.00,4.87
2016.11.02 08:28:46.513,1.02146,1.02168,1.00,1.00
2016.11.02 08:28:46.614,1.02148,1.02168,1.00,1.00
2016.11.02 08:28:47.516,1.02148,1.02173,1.50,4.12
2016.11.02 08:28:48.085,1.02145,1.0217,1.75,1.75
2016.11.02 08:28:48.141,1.02145,1.02166,1.00,1.00
2016.11.02 08:28:48.191,1.02145,1.02169,1.00,4.87
2016.11.02 08:28:48.633,1.02143,1.02168,1.75,1.75
2016.11.02 08:28:49.154,1.02144,1.02165,1.50,1.00
2016.11.02 08:28:49.658,1.02144,1.02169,1.37,1.75
2016.11.02 08:28:49.708,1.02144,1.02169,1.12,3.37
2016.11.02 08:28:50.017,1.02143,1.02167,1.00,4.12
2016.11.02 08:28:50.616,1.02143,1.02167,1.12,2.25
2016.11.02 08:28:52.000,1.02144,1.02163,1.00,1.00
2016.11.02 08:28:52.101,1.02144,1.02166,1.00,2.25
2016.11.02 08:28:52.364,1.02144,1.02168,1.50,1.50
2016.11.02 08:28:52.515,1.02144,1.02168,1.87,1.75
2016.11.02 08:28:52.616,1.02145,1.02167,1.00,1.00
2016.11.02 08:28:53.001,1.02145,1.02168,1.00,1.35
2016.11.02 08:28:53.638,1.02146,1.02168,1.00,1.50
2016.11.02 08:28:53.739,1.02145,1.02166,1.00,1.00
2016.11.02 08:28:54.243,1.02144,1.02169,1.50,1.75
2016.11.02 08:28:55.221,1.02149,1.0217,1.00,5.62
2016.11.02 08:28:55.897,1.02144,1.0217,2.25,5.62
2016.11.02 08:28:56.818,1.02149,1.02169,1.00,1.75
2016.11.02 08:28:56.946,1.02144,1.02169,1.75,1.75
2016.11.02 08:28:58.016,1.02145,1.02166,1.00,1.37
2016.11.02 08:28:58.318,1.02143,1.02168,2.25,1.75
2016.11.02 08:28:58.584,1.02146,1.02168,1.00,1.50
2016.11.02 08:28:58.735,1.02145,1.02166,1.00,1.00
2016.11.02 08:28:59.239,1.02144,1.02168,1.75,1.75
2016.11.02 08:28:59.417,1.02144,1.02168,1.37,1.75
2016.11.02 08:28:59.619,1.02144,1.02167,1.87,1.00
2016.11.02 08:28:59.720,1.02145,1.02168,1.00,1.75
2016.11.02 08:29:00.223,1.02144,1.02167,1.00,2.25
2016.11.02 08:29:00.453,1.02144,1.02165,1.50,1.00
2016.11.02 08:29:02.028,1.02143,1.02167,1.37,2.25
2016.11.02 08:29:03.153,1.02144,1.02166,1.00,1.75
2016.11.02 08:29:06.152,1.02144,1.02167,1.12,2.25
2016.11.02 08:29:06.668,1.02144,1.02167,1.00,2.25
2016.11.02 08:29:08.776,1.02144,1.02166,1.12,1.75
2016.11.02 08:29:08.877,1.02139,1.02163,2.25,1.50
2016.11.02 08:29:10.475,1.02143,1.02164,1.00,1.00
2016.11.02 08:29:11.181,1.02138,1.02165,2.25,2.25
2016.11.02 08:29:11.708,1.02138,1.02165,4.87,1.75
2016.11.02 08:29:15.244,1.0214,1.02167,1.75,1.75
2016.11.02 08:29:15.294,1.0214,1.02167,1.75,1.50
2016.11.02 08:29:15.345,1.0214,1.02167,1.75,1.50
2016.11.02 08:29:15.867,1.02139,1.02165,1.75,1.75
2016.11.02 08:29:16.068,1.02141,1.02163,1.00,1.50
2016.11.02 08:29:16.169,1.02139,1.02163,1.00,2.25
2016.11.02 08:29:16.852,1.02139,1.02165,1.12,3.37
2016.11.02 08:29:16.902,1.02139,1.02161,1.50,1.00
2016.11.02 08:29:16.953,1.0214,1.02165,1.37,1.75
2016.11.02 08:29:17.270,1.02142,1.02168,1.75,2.25
2016.11.02 08:29:17.438,1.02144,1.02168,1.12,1.75
2016.11.02 08:29:19.044,1.02149,1.02169,1.00,2.10
2016.11.02 08:29:19.148,1.02144,1.02169,1.87,2.10
2016.11.02 08:29:19.780,1.02145,1.02169,1.00,2.10
2016.11.02 08:29:19.942,1.02149,1.02169,1.00,1.75
2016.11.02 08:29:20.043,1.02147,1.02171,1.00,4.12
2016.11.02 08:29:20.094,1.02147,1.02171,1.50,2.25
2016.11.02 08:29:21.454,1.02149,1.02171,1.00,2.10
2016.11.02 08:29:21.958,1.02149,1.0217,1.12,1.35
2016.11.02 08:29:22.594,1.02149,1.02171,1.12,2.10
2016.11.02 08:29:24.550,1.02149,1.02171,1.12,2.10
2016.11.02 08:29:24.867,1.02149,1.0217,1.00,5.47
2016.11.02 08:29:25.594,1.02149,1.0217,1.00,1.35
2016.11.02 08:29:25.897,1.02149,1.0217,1.00,1.50
2016.11.02 08:29:25.948,1.02149,1.02172,1.00,2.25
2016.11.02 08:29:26.120,1.02145,1.02171,1.75,1.75
2016.11.02 08:29:26.221,1.02149,1.02171,1.00,1.50
2016.11.02 08:29:26.473,1.02149,1.02171,1.50,1.50
2016.11.02 08:29:27.357,1.02154,1.02174,1.00,1.75
2016.11.02 08:29:27.758,1.02149,1.02174,1.75,1.75
2016.11.02 08:29:27.910,1.02148,1.02174,1.50,1.75
2016.11.02 08:29:28.790,1.02149,1.02172,1.37,1.00
2016.11.02 08:29:28.992,1.02151,1.02177,1.37,3.97
2016.11.02 08:29:29.394,1.02151,1.02175,1.00,1.50
2016.11.02 08:29:29.696,1.0215,1.02174,1.12,3.37
2016.11.02 08:29:29.948,1.02151,1.02175,1.00,2.25
2016.11.02 08:29:30.499,1.02151,1.02175,1.50,2.25
2016.11.02 08:29:30.920,1.02148,1.02175,2.25,3.37
2016.11.02 08:29:30.971,1.02152,1.02175,1.00,3.37
2016.11.02 08:29:31.022,1.02152,1.02172,1.00,1.00
2016.11.02 08:29:31.226,1.02151,1.02177,1.75,1.75
2016.11.02 08:29:32.068,1.02152,1.02175,1.00,1.75
2016.11.02 08:29:32.597,1.02151,1.02175,1.37,1.75
2016.11.02 08:29:32.748,1.02151,1.02175,1.12,2.25
2016.11.02 08:29:33.322,1.02149,1.02171,1.00,1.75
2016.11.02 08:29:33.843,1.02149,1.02172,1.12,2.10
2016.11.02 08:29:36.036,1.02149,1.0217,1.50,1.00
2016.11.02 08:29:36.137,1.0215,1.02172,1.00,1.00
2016.11.02 08:29:36.238,1.02151,1.02175,1.50,1.75
2016.11.02 08:29:36.742,1.02151,1.02177,1.50,2.25
2016.11.02 08:29:37.111,1.02151,1.02177,1.75,1.75
2016.11.02 08:29:37.263,1.02152,1.02174,1.50,1.00
2016.11.02 08:29:37.339,1.02154,1.02174,1.00,1.00
2016.11.02 08:29:37.921,1.02153,1.02174,1.00,1.00
2016.11.02 08:29:38.302,1.02154,1.02178,1.37,2.10
2016.11.02 08:29:40.222,1.02154,1.02177,1.12,1.50
2016.11.02 08:29:40.524,1.02154,1.02178,1.87,2.10
2016.11.02 08:29:41.348,1.02154,1.02179,1.12,4.87
2016.11.02 08:29:42.322,1.02153,1.02175,2.25,1.00
2016.11.02 08:29:42.745,1.02154,1.02178,1.00,2.62
2016.11.02 08:29:43.048,1.02157,1.02181,1.12,1.75
2016.11.02 08:29:43.249,1.02157,1.02181,1.12,1.75
2016.11.02 08:29:43.753,1.02157,1.02181,1.37,1.75
2016.11.02 08:29:44.126,1.02157,1.02183,1.50,1.75
2016.11.02 08:29:45.173,1.02167,1.0218,1.00,1.00
2016.11.02 08:29:45.223,1.02159,1.02184,2.25,1.75
2016.11.02 08:29:45.324,1.0216,1.02185,1.37,1.75
2016.11.02 08:29:45.828,1.02161,1.02182,1.50,1.00
2016.11.02 08:29:46.969,1.02161,1.02184,1.00,1.75
2016.11.02 08:29:47.492,1.02159,1.02184,2.25,1.75
2016.11.02 08:29:50.777,1.02162,1.02184,1.00,1.00
2016.11.02 08:29:51.657,1.02159,1.02186,2.25,4.12
2016.11.02 08:29:52.649,1.02159,1.02186,2.25,4.12
2016.11.02 08:29:54.548,1.0216,1.02183,1.12,2.62
2016.11.02 08:29:55.076,1.02159,1.02181,1.12,2.25
2016.11.02 08:29:55.278,1.02157,1.02178,1.00,1.00
2016.11.02 08:29:55.795,1.02158,1.02178,1.00,1.00
2016.11.02 08:29:56.693,1.02159,1.02178,1.00,1.00
2016.11.02 08:29:56.895,1.02158,1.02179,1.00,2.25
2016.11.02 08:29:58.061,1.02158,1.02179,1.00,2.10
2016.11.02 08:29:58.111,1.02158,1.02178,1.00,1.12
2016.11.02 08:29:58.693,1.02159,1.02179,1.00,2.10
2016.11.02 08:30:00.284,1.02155,1.02179,1.50,2.10
2016.11.02 08:30:00.804,1.02159,1.02179,1.00,2.10
2016.11.02 08:30:04.891,1.02158,1.02179,1.00,2.10
2016.11.02 08:30:05.905,1.02159,1.02179,1.00,2.10
2016.11.02 08:30:06.007,1.02155,1.02178,1.12,1.35
2016.11.02 08:30:06.209,1.02155,1.02178,1.00,4.87
2016.11.02 08:30:06.311,1.02159,1.02178,1.00,1.00
2016.11.02 08:30:06.852,1.02159,1.02179,1.00,1.12
2016.11.02 08:30:08.868,1.02159,1.0218,1.00,1.50
2016.11.02 08:30:12.719,1.02159,1.0218,1.12,1.50
2016.11.02 08:30:13.851,1.02157,1.02179,1.00,1.50
2016.11.02 08:30:13.902,1.02154,1.02179,1.75,1.50
2016.11.02 08:30:13.980,1.02154,1.02178,1.37,1.75
2016.11.02 08:30:14.540,1.02154,1.02175,1.00,1.00
2016.11.02 08:30:15.087,1.02155,1.02176,1.00,1.00
2016.11.02 08:30:15.509,1.02154,1.02178,2.25,1.75
2016.11.02 08:30:15.865,1.02159,1.02178,1.00,1.00
2016.11.02 08:30:17.250,1.02159,1.0218,1.00,1.00
2016.11.02 08:30:17.686,1.02159,1.02182,1.12,2.25
2016.11.02 08:30:18.225,1.02159,1.0218,1.00,1.75
2016.11.02 08:30:18.783,1.02159,1.0218,1.00,1.75
2016.11.02 08:30:19.312,1.02158,1.02181,1.00,2.25
2016.11.02 08:30:20.106,1.02158,1.0218,1.12,1.75
2016.11.02 08:30:20.646,1.02159,1.02183,1.12,1.75
2016.11.02 08:30:20.697,1.02159,1.02181,1.12,1.00
2016.11.02 08:30:20.798,1.02159,1.02183,1.12,1.75
2016.11.02 08:30:21.062,1.02157,1.02177,1.00,1.00
2016.11.02 08:30:21.215,1.02158,1.02182,1.37,2.25
2016.11.02 08:30:21.416,1.02158,1.0218,1.37,1.00
2016.11.02 08:30:21.568,1.02167,1.02183,1.00,1.75
2016.11.02 08:30:21.618,1.02159,1.02183,1.50,1.75
2016.11.02 08:30:21.769,1.02161,1.02183,1.00,1.50
2016.11.02 08:30:21.820,1.02161,1.02183,1.00,1.50
2016.11.02 08:30:23.618,1.0216,1.02182,1.00,1.50
2016.11.02 08:30:24.526,1.02156,1.0218,1.37,2.25
2016.11.02 08:30:24.577,1.02155,1.0218,1.12,1.75
2016.11.02 08:30:24.627,1.02155,1.02182,1.37,4.72
2016.11.02 08:30:25.170,1.02159,1.0218,1.00,1.75
2016.11.02 08:30:25.698,1.02154,1.0218,2.25,1.75
2016.11.02 08:30:25.849,1.02156,1.02181,1.75,1.75
2016.11.02 08:30:28.521,1.02158,1.02181,1.12,1.75
2016.11.02 08:30:29.098,1.02159,1.02177,1.00,1.00
2016.11.02 08:30:30.646,1.02155,1.02177,1.00,1.00
2016.11.02 08:30:30.937,1.02154,1.02177,1.75,1.60
2016.11.02 08:30:31.142,1.02153,1.02174,1.00,1.37
2016.11.02 08:30:31.596,1.02154,1.02175,1.00,1.00
2016.11.02 08:30:31.823,1.02154,1.02175,1.00,1.37
2016.11.02 08:30:32.075,1.02149,1.02174,1.75,1.75
2016.11.02 08:30:32.591,1.02148,1.02174,2.25,1.75
2016.11.02 08:30:32.759,1.0215,1.02176,1.75,1.75
2016.11.02 08:30:33.234,1.0215,1.02176,1.75,1.75
2016.11.02 08:30:33.766,1.02154,1.02176,1.00,1.75
2016.11.02 08:30:34.257,1.02155,1.02179,1.37,1.75
2016.11.02 08:30:34.806,1.02154,1.02179,1.75,1.75
2016.11.02 08:30:36.051,1.02152,1.02177,1.75,1.00
2016.11.02 08:30:36.152,1.02154,1.02176,1.00,1.00
2016.11.02 08:30:36.656,1.02156,1.02178,1.00,1.00
2016.11.02 08:30:36.959,1.02156,1.0218,1.75,1.12
2016.11.02 08:30:37.064,1.02156,1.0218,1.50,1.75
2016.11.02 08:30:37.592,1.02158,1.0218,1.00,1.75
2016.11.02 08:30:38.759,1.02159,1.02179,1.00,1.00
2016.11.02 08:30:38.860,1.02159,1.0218,1.00,1.75
2016.11.02 08:30:40.168,1.02156,1.0218,1.50,1.75
2016.11.02 08:30:40.743,1.02158,1.0218,1.00,1.75
2016.11.02 08:30:41.468,1.02156,1.0218,1.50,1.75
2016.11.02 08:30:42.756,1.02156,1.02182,1.50,1.75
2016.11.02 08:30:43.423,1.02156,1.02182,1.50,1.75
2016.11.02 08:30:43.802,1.02159,1.02183,1.00,4.12
2016.11.02 08:30:43.953,1.02157,1.02183,1.75,2.25
2016.11.02 08:30:44.054,1.02157,1.02183,1.75,2.25
2016.11.02 08:30:44.357,1.02156,1.02183,1.75,1.75
2016.11.02 08:30:44.907,1.02159,1.02183,1.50,2.25
2016.11.02 08:30:45.836,1.02159,1.02185,1.75,1.75
2016.11.02 08:30:45.887,1.02158,1.02184,1.37,2.25
2016.11.02 08:30:46.199,1.02158,1.02183,1.37,1.75
2016.11.02 08:30:48.396,1.02158,1.02183,1.50,1.75
2016.11.02 08:30:48.648,1.02156,1.02183,1.75,2.25
2016.11.02 08:30:49.094,1.02156,1.02183,1.75,2.25
2016.11.02 08:30:49.757,1.02159,1.02181,1.00,2.25
2016.11.02 08:30:49.961,1.02159,1.02179,1.00,1.50
2016.11.02 08:30:50.062,1.02158,1.02179,1.00,1.12
2016.11.02 08:30:50.314,1.02157,1.02181,2.25,1.37
2016.11.02 08:30:50.365,1.02157,1.02181,2.25,1.12
2016.11.02 08:30:51.199,1.02156,1.02181,1.75,2.25
2016.11.02 08:30:51.704,1.02156,1.02181,1.75,2.25
2016.11.02 08:30:51.758,1.02158,1.0218,1.00,1.00
2016.11.02 08:30:51.909,1.02156,1.02181,1.75,1.87
2016.11.02 08:30:51.995,1.02156,1.0218,1.37,1.50
2016.11.02 08:30:52.056,1.02154,1.0218,3.37,1.37
2016.11.02 08:30:52.358,1.02154,1.02178,2.25,1.37
2016.11.02 08:30:52.710,1.02153,1.02176,1.75,1.12
2016.11.02 08:30:54.809,1.02154,1.02176,1.37,1.50
2016.11.02 08:30:54.910,1.02154,1.02176,1.12,1.75
2016.11.02 08:30:57.007,1.02153,1.02175,1.75,1.12
2016.11.02 08:30:57.902,1.02154,1.02178,2.25,1.37
2016.11.02 08:30:58.104,1.02155,1.02177,1.00,1.00
2016.11.02 08:30:58.154,1.02153,1.02178,1.50,1.75
2016.11.02 08:30:58.205,1.02153,1.02175,1.50,1.00
2016.11.02 08:30:58.306,1.02153,1.02176,1.50,1.37
2016.11.02 08:30:58.608,1.02159,1.02175,1.00,1.00
2016.11.02 08:30:58.817,1.02153,1.02175,2.25,1.00
2016.11.02 08:31:01.863,1.02153,1.02178,2.25,1.75
2016.11.02 08:31:02.462,1.02154,1.02178,1.75,1.75
2016.11.02 08:31:06.002,1.02151,1.02172,3.37,1.00
2016.11.02 08:31:06.204,1.02144,1.02166,1.50,1.00
2016.11.02 08:31:06.304,1.02144,1.02167,1.00,1.75
2016.11.02 08:31:06.846,1.02144,1.02166,1.12,1.75
2016.11.02 08:31:07.564,1.02144,1.02166,1.12,1.75
2016.11.02 08:31:07.615,1.0214,1.02166,1.75,2.25
2016.11.02 08:31:07.921,1.02144,1.02166,1.00,1.35
2016.11.02 08:31:10.236,1.02143,1.02166,1.00,1.75
2016.11.02 08:31:10.909,1.02144,1.02166,1.00,1.75
2016.11.02 08:31:12.317,1.02143,1.02166,1.00,1.75
2016.11.02 08:31:12.531,1.02141,1.02165,1.75,1.50
2016.11.02 08:31:13.865,1.02143,1.02167,1.37,1.75
2016.11.02 08:31:14.434,1.02143,1.02163,1.00,1.00
2016.11.02 08:31:16.955,1.02143,1.02165,1.50,1.00
2016.11.02 08:31:18.164,1.02141,1.02167,2.25,1.50
2016.11.02 08:31:18.816,1.02143,1.02167,1.75,1.50
2016.11.02 08:31:19.821,1.02143,1.02167,1.75,1.75
2016.11.02 08:31:21.803,1.02144,1.02167,1.75,1.37
2016.11.02 08:31:21.853,1.02143,1.02168,2.25,1.12
2016.11.02 08:31:21.954,1.02144,1.02167,1.75,1.37
2016.11.02 08:31:22.260,1.02144,1.02167,1.00,2.25
2016.11.02 08:31:22.361,1.02144,1.02167,1.00,2.25
2016.11.02 08:31:22.463,1.02144,1.02167,1.12,2.25
2016.11.02 08:31:23.166,1.02144,1.02165,1.50,1.00
2016.11.02 08:31:25.234,1.02144,1.02164,1.00,1.00
2016.11.02 08:31:25.675,1.02144,1.02167,1.00,2.25
2016.11.02 08:31:27.376,1.02144,1.02167,1.12,1.75
2016.11.02 08:31:29.494,1.02143,1.02167,1.75,1.37
2016.11.02 08:31:29.595,1.02143,1.02167,1.75,1.12
2016.11.02 08:31:31.548,1.02143,1.02166,1.75,1.00
2016.11.02 08:31:37.452,1.02144,1.02167,1.75,1.12
2016.11.02 08:31:41.953,1.02143,1.02166,2.25,1.00
2016.11.02 08:31:42.667,1.02143,1.02168,2.25,1.50
2016.11.02 08:31:46.810,1.02143,1.02167,1.37,1.75
2016.11.02 08:31:47.114,1.02144,1.02168,3.00,1.12
2016.11.02 08:31:47.416,1.02149,1.02169,1.00,1.75
2016.11.02 08:31:47.517,1.02149,1.02169,1.00,1.50
2016.11.02 08:31:47.843,1.02144,1.02169,2.25,1.75
2016.11.02 08:31:49.862,1.02144,1.02167,1.75,1.00
2016.11.02 08:31:50.491,1.02144,1.02169,1.75,1.37
2016.11.02 08:31:51.004,1.02144,1.02169,1.75,1.75
2016.11.02 08:31:54.344,1.02149,1.02169,1.12,1.12
2016.11.02 08:31:54.912,1.02144,1.02168,1.75,1.00
2016.11.02 08:31:55.416,1.02144,1.02171,1.75,1.75
2016.11.02 08:31:55.951,1.02148,1.02169,1.00,1.00
2016.11.02 08:31:56.472,1.02148,1.0217,1.00,1.50
2016.11.02 08:31:57.046,1.02146,1.02172,2.25,3.00
2016.11.02 08:31:57.743,1.02144,1.0217,3.00,1.75
2016.11.02 08:31:57.945,1.02146,1.02167,1.00,1.00
2016.11.02 08:32:00.640,1.02143,1.02167,1.75,1.35
2016.11.02 08:32:00.970,1.02149,1.0217,1.00,1.00
2016.11.02 08:32:01.071,1.02151,1.02173,1.00,1.50
2016.11.02 08:32:01.122,1.02151,1.02171,1.00,1.00
2016.11.02 08:32:01.424,1.02149,1.02168,1.00,1.00
2016.11.02 08:32:01.747,1.02149,1.02173,1.50,1.75
2016.11.02 08:32:04.663,1.02153,1.02173,1.00,1.75
2016.11.02 08:32:05.670,1.02154,1.02173,1.00,1.75
2016.11.02 08:32:05.972,1.02154,1.02173,1.00,1.50
2016.11.02 08:32:06.745,1.02153,1.02173,1.50,1.00
2016.11.02 08:32:07.248,1.02153,1.02173,1.12,1.37
2016.11.02 08:32:07.774,1.02153,1.02173,1.00,1.12
2016.11.02 08:32:08.348,1.02154,1.02173,1.00,1.12
2016.11.02 08:32:08.665,1.02147,1.02174,1.75,1.50
2016.11.02 08:32:08.740,1.02153,1.02174,1.00,1.50
2016.11.02 08:32:09.093,1.02154,1.02172,1.00,1.50
2016.11.02 08:32:09.194,1.02148,1.02171,1.37,1.50
2016.11.02 08:32:10.086,1.02148,1.0217,1.00,1.50
2016.11.02 08:32:10.389,1.02149,1.02171,1.00,1.50
2016.11.02 08:32:10.630,1.02149,1.02171,1.75,1.00
2016.11.02 08:32:12.494,1.02154,1.02172,1.00,1.37
2016.11.02 08:32:13.880,1.02148,1.0217,1.50,1.00
2016.11.02 08:32:13.981,1.02149,1.02171,1.75,1.00
2016.11.02 08:32:14.182,1.0215,1.02174,1.75,1.12
2016.11.02 08:32:14.283,1.02154,1.02175,1.00,1.50
2016.11.02 08:32:14.593,1.02159,1.02178,1.00,1.75
2016.11.02 08:32:14.753,1.02153,1.02178,1.75,1.75
2016.11.02 08:32:16.860,1.02153,1.02178,1.75,1.75
2016.11.02 08:32:17.393,1.02153,1.02178,1.75,1.75
2016.11.02 08:32:19.876,1.02154,1.02178,1.50,1.75
2016.11.02 08:32:20.420,1.02154,1.02176,1.50,1.00
2016.11.02 08:32:20.594,1.02154,1.02177,1.75,1.37
2016.11.02 08:32:22.993,1.02154,1.02176,1.50,1.00
2016.11.02 08:32:23.094,1.02153,1.02177,1.37,1.75
2016.11.02 08:32:23.605,1.02154,1.02176,1.50,1.75
2016.11.02 08:32:24.096,1.02153,1.02176,1.00,1.75
2016.11.02 08:32:24.297,1.02149,1.0217,1.12,1.50
2016.11.02 08:32:25.116,1.02147,1.02168,1.00,1.00
2016.11.02 08:32:25.217,1.02144,1.02167,1.75,1.75
2016.11.02 08:32:25.520,1.02143,1.02164,1.00,1.75
2016.11.02 08:32:26.047,1.02144,1.02165,1.00,1.75
2016.11.02 08:32:26.249,1.02139,1.02162,1.50,1.75
2016.11.02 08:32:29.602,1.02144,1.02162,1.00,1.75
2016.11.02 08:32:30.153,1.02143,1.02162,1.00,1.75
2016.11.02 08:32:36.282,1.02144,1.02162,1.00,1.75
2016.11.02 08:32:37.213,1.02138,1.02162,1.75,1.75
2016.11.02 08:32:37.284,1.02144,1.02162,1.00,1.75
2016.11.02 08:32:38.641,1.02144,1.02161,1.00,1.75
2016.11.02 08:32:38.692,1.02138,1.02161,1.12,1.75
2016.11.02 08:32:38.743,1.02138,1.02163,1.50,1.75
2016.11.02 08:32:38.995,1.02144,1.0216,1.00,1.00
2016.11.02 08:32:39.146,1.02143,1.02162,1.00,1.12
2016.11.02 08:32:39.327,1.02143,1.02162,1.00,1.37
2016.11.02 08:32:39.632,1.02139,1.02162,1.37,1.50
2016.11.02 08:32:39.787,1.02144,1.0216,1.00,1.00
2016.11.02 08:32:39.838,1.02144,1.02162,1.00,1.50
2016.11.02 08:32:39.939,1.02143,1.02162,1.00,1.75
2016.11.02 08:32:40.040,1.02143,1.02161,1.00,1.00
2016.11.02 08:32:40.142,1.02143,1.02162,1.00,2.25
2016.11.02 08:32:40.306,1.02139,1.02162,1.00,2.25
2016.11.02 08:32:41.937,1.02138,1.0216,1.12,1.75
2016.11.02 08:32:42.596,1.02139,1.0216,1.00,1.75
2016.11.02 08:32:48.329,1.02139,1.02159,1.00,1.50
2016.11.02 08:32:49.719,1.02138,1.02157,1.00,1.12
2016.11.02 08:32:49.799,1.02138,1.02157,1.00,1.75
2016.11.02 08:32:49.850,1.02139,1.02165,2.25,1.50
2016.11.02 08:32:50.544,1.02139,1.02164,3.00,1.30
2016.11.02 08:32:50.859,1.02144,1.02162,1.00,1.75
2016.11.02 08:32:50.970,1.02139,1.02162,1.12,2.25
2016.11.02 08:32:51.071,1.02136,1.0216,1.12,1.75
2016.11.02 08:32:51.373,1.02139,1.02158,1.00,1.00
2016.11.02 08:32:51.474,1.02139,1.02161,1.75,1.35
2016.11.02 08:32:51.625,1.02144,1.02161,1.00,1.50
2016.11.02 08:32:51.759,1.02144,1.02162,1.00,1.12
2016.11.02 08:32:51.860,1.02139,1.02162,1.75,1.75
2016.11.02 08:32:52.061,1.02138,1.0216,1.37,1.37
2016.11.02 08:32:53.676,1.02138,1.02161,1.75,1.37
2016.11.02 08:32:55.469,1.02139,1.02161,1.75,1.00
2016.11.02 08:32:55.671,1.02144,1.02163,1.00,1.12
2016.11.02 08:32:56.821,1.02143,1.02163,1.12,1.12
2016.11.02 08:32:57.746,1.02144,1.02163,1.00,1.12
2016.11.02 08:32:57.998,1.02144,1.02165,1.50,1.00
2016.11.02 08:32:58.518,1.02144,1.02166,1.12,1.75
2016.11.02 08:32:59.072,1.02144,1.02164,1.00,1.37
2016.11.02 08:32:59.585,1.02143,1.02166,1.12,1.75
2016.11.02 08:33:00.867,1.02149,1.02163,1.00,1.12
2016.11.02 08:33:00.968,1.02144,1.02165,1.00,1.67
2016.11.02 08:33:01.360,1.02143,1.02165,1.12,1.35
2016.11.02 08:33:01.794,1.02143,1.02166,1.12,1.75
2016.11.02 08:33:01.895,1.02143,1.02166,1.50,1.75
2016.11.02 08:33:02.420,1.02148,1.02163,1.00,1.12
2016.11.02 08:33:02.531,1.02144,1.02163,1.00,1.12
2016.11.02 08:33:03.633,1.02143,1.02163,1.12,1.12
2016.11.02 08:33:04.141,1.02143,1.02162,1.00,1.00
2016.11.02 08:33:04.693,1.02143,1.02163,1.00,1.50
2016.11.02 08:33:05.298,1.02143,1.02163,1.00,1.50
2016.11.02 08:33:05.891,1.02144,1.02165,1.00,2.85
2016.11.02 08:33:06.395,1.02143,1.02165,1.00,2.10
2016.11.02 08:33:08.345,1.02144,1.02165,1.00,2.10
2016.11.02 08:33:10.091,1.02143,1.02164,1.00,1.50
2016.11.02 08:33:11.556,1.02144,1.02165,1.00,2.10
2016.11.02 08:33:12.080,1.02143,1.02163,1.00,1.37
2016.11.02 08:33:12.794,1.02144,1.02163,1.00,1.37
2016.11.02 08:33:13.296,1.02143,1.02163,1.00,1.37
2016.11.02 08:33:13.893,1.02138,1.02163,3.00,1.37
2016.11.02 08:33:16.842,1.02144,1.02164,1.00,1.00
2016.11.02 08:33:17.435,1.02143,1.02164,1.00,1.00
2016.11.02 08:33:17.985,1.0214,1.02164,1.75,1.12
2016.11.02 08:33:18.507,1.02139,1.02164,4.12,1.00
2016.11.02 08:33:19.809,1.02141,1.02166,2.25,1.12
2016.11.02 08:33:19.909,1.02141,1.02168,2.25,1.12
2016.11.02 08:33:20.450,1.02144,1.02168,2.25,1.75
2016.11.02 08:33:21.521,1.02146,1.02168,1.00,1.00
2016.11.02 08:33:21.572,1.02146,1.02166,1.00,1.00
2016.11.02 08:33:21.623,1.02143,1.02165,1.50,1.00
2016.11.02 08:33:22.198,1.02144,1.02165,1.00,1.00
2016.11.02 08:33:22.707,1.02143,1.02165,1.00,1.00
2016.11.02 08:33:23.681,1.02143,1.02166,1.12,1.75
2016.11.02 08:33:25.169,1.02144,1.02164,1.00,1.00
2016.11.02 08:33:25.270,1.02143,1.02165,1.00,2.25
2016.11.02 08:33:25.422,1.02144,1.02166,1.00,1.75
2016.11.02 08:33:25.647,1.02144,1.02164,1.00,1.75
2016.11.02 08:33:25.950,1.02144,1.02164,1.00,2.25
2016.11.02 08:33:26.000,1.02138,1.02164,2.25,1.75
2016.11.02 08:33:26.152,1.02141,1.02163,1.00,1.00
2016.11.02 08:33:26.796,1.02144,1.02163,1.00,1.00
2016.11.02 08:33:27.282,1.02141,1.02163,1.00,1.00
2016.11.02 08:33:27.685,1.02144,1.02163,1.00,1.00
2016.11.02 08:33:27.887,1.02139,1.02165,3.00,2.10
2016.11.02 08:33:28.074,1.02144,1.02165,1.00,2.10
2016.11.02 08:33:29.396,1.02139,1.02165,2.25,2.10
2016.11.02 08:33:29.699,1.02139,1.02163,1.50,1.50
2016.11.02 08:33:30.018,1.02144,1.02163,1.00,1.50
2016.11.02 08:33:30.173,1.02144,1.02163,1.12,1.12
2016.11.02 08:33:30.895,1.02144,1.02163,1.00,1.50
2016.11.02 08:33:31.443,1.02144,1.02164,1.00,1.75
2016.11.02 08:33:32.008,1.02144,1.02163,1.00,1.00
2016.11.02 08:33:32.643,1.02144,1.02164,1.00,1.00
2016.11.02 08:33:32.993,1.02143,1.02165,1.00,1.35
2016.11.02 08:33:33.510,1.02143,1.02165,1.37,1.50
2016.11.02 08:33:36.304,1.02138,1.02163,4.12,1.35
2016.11.02 08:33:36.355,1.02138,1.02163,2.25,1.35
2016.11.02 08:33:36.556,1.02138,1.02162,2.25,1.00
2016.11.02 08:33:36.632,1.02143,1.02163,1.37,1.12
2016.11.02 08:33:36.784,1.02143,1.02166,1.75,2.10
2016.11.02 08:33:37.827,1.02149,1.02166,1.00,1.50
2016.11.02 08:33:37.996,1.02143,1.02166,1.75,1.50
2016.11.02 08:33:38.516,1.02149,1.02166,1.00,1.50
2016.11.02 08:33:39.192,1.02148,1.02166,1.00,1.50
2016.11.02 08:33:40.678,1.02148,1.02164,1.00,1.12
2016.11.02 08:33:40.829,1.02144,1.02163,1.00,1.00
2016.11.02 08:33:40.879,1.02144,1.02164,1.00,1.75
2016.11.02 08:33:40.980,1.02143,1.02163,1.00,1.00
2016.11.02 08:33:41.591,1.02144,1.02165,1.00,1.75
2016.11.02 08:33:42.630,1.02143,1.02165,1.00,1.75
2016.11.02 08:33:43.169,1.02139,1.02162,1.50,1.12
2016.11.02 08:33:43.220,1.02143,1.02162,1.00,1.12
2016.11.02 08:33:43.455,1.02138,1.02158,1.12,1.00
2016.11.02 08:33:43.607,1.02139,1.02164,1.37,1.75
2016.11.02 08:33:43.947,1.02144,1.02164,1.00,1.75
2016.11.02 08:33:45.104,1.02143,1.02164,1.00,1.75
2016.11.02 08:33:45.406,1.02143,1.02166,1.12,2.10
2016.11.02 08:33:45.715,1.02144,1.02161,1.00,1.00
2016.11.02 08:33:45.816,1.02138,1.02161,1.50,1.12
2016.11.02 08:33:45.870,1.02138,1.02161,1.50,1.50
2016.11.02 08:33:50.599,1.02139,1.02159,1.00,1.50
2016.11.02 08:33:51.700,1.02139,1.0216,1.50,1.50
2016.11.02 08:33:55.160,1.02139,1.0216,1.50,1.00
2016.11.02 08:33:55.666,1.02139,1.0216,1.50,1.50
2016.11.02 08:33:55.930,1.02134,1.02158,2.25,1.12
2016.11.02 08:33:56.495,1.02139,1.02158,1.00,1.00
2016.11.02 08:33:56.890,1.02135,1.02159,1.75,1.75
2016.11.02 08:33:57.426,1.02138,1.02161,1.12,1.75
2016.11.02 08:33:57.627,1.02139,1.0216,1.00,1.00
2016.11.02 08:33:58.141,1.02138,1.02159,1.00,1.50
2016.11.02 08:33:58.512,1.02138,1.02159,1.37,1.00
2016.11.02 08:34:00.319,1.02139,1.02161,1.75,1.12
2016.11.02 08:34:00.945,1.02144,1.02161,1.00,1.12
2016.11.02 08:34:01.243,1.02139,1.02162,1.75,1.50
2016.11.02 08:34:01.758,1.02139,1.02163,2.25,1.50
2016.11.02 08:34:02.407,1.02139,1.02163,2.25,1.12
2016.11.02 08:34:03.044,1.02139,1.02163,2.25,1.50
2016.11.02 08:34:03.353,1.02144,1.02163,1.00,1.50
2016.11.02 08:34:03.578,1.02139,1.02163,2.25,1.12
2016.11.02 08:34:03.652,1.02139,1.02165,1.75,1.75
2016.11.02 08:34:04.944,1.02143,1.02165,1.00,1.75
2016.11.02 08:34:05.532,1.02144,1.02165,1.00,1.75
2016.11.02 08:34:05.582,1.02141,1.02165,1.12,1.75
2016.11.02 08:34:06.142,1.02144,1.02165,1.00,1.75
2016.11.02 08:34:06.991,1.02143,1.02165,1.00,1.75
2016.11.02 08:34:07.523,1.02141,1.02165,1.37,1.75
2016.11.02 08:34:08.046,1.02141,1.02163,1.00,1.00
2016.11.02 08:34:09.262,1.02138,1.02164,2.25,1.75
2016.11.02 08:34:09.603,1.02138,1.02162,1.12,1.75
2016.11.02 08:34:09.948,1.02139,1.02163,1.50,2.25
2016.11.02 08:34:10.498,1.02139,1.02159,1.00,1.00
2016.11.02 08:34:11.016,1.02139,1.02162,1.50,1.75
2016.11.02 08:34:11.856,1.02138,1.02161,1.00,1.75
2016.11.02 08:34:12.057,1.02138,1.02161,1.75,1.75
2016.11.02 08:34:12.365,1.02138,1.02159,1.00,1.00
2016.11.02 08:34:12.869,1.02139,1.02159,1.00,1.00
2016.11.02 08:34:13.416,1.02139,1.0216,1.00,1.00
2016.11.02 08:34:13.466,1.02138,1.02161,1.12,1.75
2016.11.02 08:34:13.567,1.02139,1.0216,1.50,1.00
2016.11.02 08:34:14.087,1.02136,1.0216,1.75,1.37
2016.11.02 08:34:14.188,1.02137,1.02162,1.75,1.12
2016.11.02 08:34:14.289,1.02138,1.02165,2.25,1.75
2016.11.02 08:34:14.693,1.0214,1.02162,1.00,1.00
2016.11.02 08:34:15.768,1.02139,1.02164,2.25,1.75
2016.11.02 08:34:16.305,1.02138,1.02163,1.75,1.50
2016.11.02 08:34:16.769,1.02142,1.02163,1.00,1.50
2016.11.02 08:34:18.898,1.02139,1.02163,1.75,1.37
2016.11.02 08:34:19.167,1.02139,1.02163,1.75,1.37
2016.11.02 08:34:20.195,1.02139,1.02163,1.75,1.37
2016.11.02 08:34:22.194,1.02139,1.02163,1.50,1.50
2016.11.02 08:34:23.386,1.02139,1.02163,2.25,1.12
2016.11.02 08:34:23.487,1.02139,1.02163,2.25,1.50
2016.11.02 08:34:23.587,1.02142,1.02163,1.00,1.00
2016.11.02 08:34:23.688,1.0214,1.02162,1.00,1.00
2016.11.02 08:34:23.789,1.0214,1.02163,1.75,1.00
2016.11.02 08:34:23.991,1.02142,1.02163,1.00,1.00
2016.11.02 08:34:24.499,1.02142,1.02164,1.00,1.00
2016.11.02 08:34:24.599,1.02139,1.02164,1.75,1.00
2016.11.02 08:34:24.902,1.02144,1.02162,1.12,1.00
2016.11.02 08:34:26.568,1.02144,1.02163,1.12,1.00
2016.11.02 08:34:27.141,1.02139,1.02162,1.75,1.12
2016.11.02 08:34:28.597,1.0214,1.02164,1.75,1.12
2016.11.02 08:34:28.698,1.0214,1.02164,1.75,1.12
2016.11.02 08:34:28.799,1.0214,1.02166,2.25,1.50
2016.11.02 08:34:29.001,1.0214,1.02165,1.75,1.50
2016.11.02 08:34:29.289,1.02141,1.02165,4.12,1.00
2016.11.02 08:34:29.591,1.02139,1.02164,2.25,1.50
2016.11.02 08:34:30.097,1.02139,1.02163,2.25,1.50
2016.11.02 08:34:30.901,1.02138,1.02163,6.37,1.50
2016.11.02 08:34:31.069,1.02141,1.02163,1.00,1.50
2016.11.02 08:34:31.586,1.02138,1.02163,3.00,1.12
2016.11.02 08:34:32.117,1.02138,1.02163,3.37,1.37
2016.11.02 08:34:35.141,1.0214,1.02163,1.75,1.37
2016.11.02 08:34:35.192,1.02139,1.02164,2.62,1.00
2016.11.02 08:34:35.243,1.02138,1.02164,2.25,1.50
2016.11.02 08:34:35.344,1.0214,1.02161,1.00,1.50
2016.11.02 08:34:35.445,1.02135,1.02161,1.75,1.75
2016.11.02 08:34:35.545,1.02135,1.02159,1.75,1.75
2016.11.02 08:34:35.646,1.02135,1.02159,1.75,1.50
2016.11.02 08:34:36.167,1.02134,1.02158,1.75,1.00
2016.11.02 08:34:36.218,1.02134,1.02158,1.75,1.75
2016.11.02 08:34:36.342,1.02134,1.02158,1.75,1.12
2016.11.02 08:34:36.443,1.02134,1.02158,1.75,1.12
2016.11.02 08:34:36.544,1.02134,1.02161,2.25,2.25
2016.11.02 08:34:36.947,1.02134,1.02157,1.75,1.50
2016.11.02 08:34:37.476,1.02134,1.02157,1.75,1.12
2016.11.02 08:34:38.008,1.02133,1.02156,1.75,1.12
2016.11.02 08:34:38.409,1.02134,1.02154,1.75,1.00
2016.11.02 08:34:38.560,1.02134,1.02154,1.12,1.50
2016.11.02 08:34:40.936,1.02129,1.02153,1.75,1.12
2016.11.02 08:34:41.037,1.02129,1.02151,1.50,1.37
2016.11.02 08:34:41.551,1.02129,1.02151,1.12,1.50
2016.11.02 08:34:43.441,1.02129,1.02151,1.37,1.50
2016.11.02 08:34:45.610,1.02134,1.02151,1.00,1.12
2016.11.02 08:34:48.355,1.02129,1.02151,1.50,1.37
2016.11.02 08:34:48.563,1.02128,1.02153,2.25,1.75
2016.11.02 08:34:48.714,1.02132,1.02157,2.25,1.72
2016.11.02 08:34:48.815,1.02134,1.02154,1.50,1.00
2016.11.02 08:34:49.366,1.02134,1.02154,1.12,1.12
2016.11.02 08:34:49.987,1.0213,1.02154,1.50,2.10
2016.11.02 08:34:50.852,1.02129,1.02151,1.50,1.37
2016.11.02 08:34:51.385,1.02129,1.02151,1.00,1.75
2016.11.02 08:34:51.895,1.02128,1.02148,1.12,1.12
2016.11.02 08:34:52.549,1.02129,1.02148,1.00,1.12
2016.11.02 08:34:52.982,1.02129,1.0215,1.37,1.50
2016.11.02 08:34:53.681,1.02129,1.02151,1.75,1.50
2016.11.02 08:34:54.186,1.02129,1.02151,1.50,1.50
2016.11.02 08:34:54.715,1.02129,1.02151,1.12,1.50
2016.11.02 08:34:55.996,1.02128,1.02153,1.00,1.75
2016.11.02 08:34:56.248,1.02134,1.02155,1.00,1.00
2016.11.02 08:34:56.762,1.02135,1.02156,1.00,1.00
2016.11.02 08:34:56.813,1.02134,1.02157,1.12,2.10
2016.11.02 08:35:00.034,1.02138,1.02157,1.00,1.72
2016.11.02 08:35:00.084,1.02133,1.02157,1.75,1.72
2016.11.02 08:35:00.235,1.02134,1.02154,1.50,1.00
2016.11.02 08:35:00.286,1.02134,1.02154,1.12,1.12
2016.11.02 08:35:00.337,1.02129,1.02151,1.75,1.00
2016.11.02 08:35:00.639,1.02129,1.02148,1.00,1.12
2016.11.02 08:35:01.299,1.02129,1.02148,1.00,1.37
2016.11.02 08:35:01.349,1.02123,1.02148,2.25,1.50
2016.11.02 08:35:01.551,1.02129,1.02148,1.00,1.50
2016.11.02 08:35:03.550,1.02128,1.02148,1.00,1.50
2016.11.02 08:35:03.752,1.02123,1.02148,1.12,1.75
2016.11.02 08:35:03.853,1.02129,1.02146,1.00,1.50
2016.11.02 08:35:03.954,1.02127,1.02151,1.12,4.12
2016.11.02 08:35:04.153,1.02127,1.02151,1.50,1.50
2016.11.02 08:35:04.684,1.02129,1.02153,1.00,1.75
2016.11.02 08:35:05.196,1.02128,1.02152,1.12,1.75
2016.11.02 08:35:06.144,1.0213,1.02152,1.00,1.00
2016.11.02 08:35:06.448,1.02129,1.02153,2.25,1.75
2016.11.02 08:35:07.101,1.02129,1.02151,2.25,1.00
2016.11.02 08:35:07.648,1.02129,1.02153,1.87,1.75
2016.11.02 08:35:07.950,1.02133,1.02153,1.00,1.75
2016.11.02 08:35:08.176,1.02129,1.02153,1.37,1.75
2016.11.02 08:35:08.852,1.02131,1.02152,1.00,1.50
2016.11.02 08:35:09.073,1.02131,1.02149,1.00,1.00
2016.11.02 08:35:09.175,1.02128,1.02148,1.00,1.00
2016.11.02 08:35:09.328,1.02123,1.0215,2.25,2.25
2016.11.02 08:35:09.582,1.02124,1.02144,1.00,1.00
2016.11.02 08:35:09.733,1.02123,1.02146,1.12,1.75
2016.11.02 08:35:09.885,1.02121,1.02145,1.00,2.25
2016.11.02 08:35:10.187,1.02123,1.02147,1.00,3.37
2016.11.02 08:35:10.288,1.02123,1.02147,1.50,1.50
2016.11.02 08:35:10.424,1.02124,1.02147,1.00,1.75
2016.11.02 08:35:10.677,1.02124,1.02147,1.75,1.12
2016.11.02 08:35:11.188,1.02124,1.02148,1.37,1.75
2016.11.02 08:35:11.491,1.02124,1.02149,1.75,1.12
2016.11.02 08:35:11.541,1.02124,1.02149,1.75,1.37
2016.11.02 08:35:11.692,1.02125,1.02151,1.75,1.50
2016.11.02 08:35:11.743,1.02125,1.02151,1.75,1.50
2016.11.02 08:35:12.015,1.02128,1.02152,1.75,1.12
2016.11.02 08:35:12.549,1.02129,1.02151,1.00,1.00
2016.11.02 08:35:12.982,1.02131,1.02151,1.00,1.00
2016.11.02 08:35:13.285,1.0213,1.02155,2.62,1.12
2016.11.02 08:35:13.335,1.02129,1.02155,3.00,1.12
2016.11.02 08:35:13.386,1.02129,1.02153,2.25,1.00
2016.11.02 08:35:13.675,1.0213,1.02154,1.50,1.75
2016.11.02 08:35:13.776,1.02134,1.02154,1.00,1.75
2016.11.02 08:35:13.927,1.02134,1.02158,1.00,3.00
2016.11.02 08:35:14.028,1.02134,1.02155,1.37,1.00
2016.11.02 08:35:14.179,1.02132,1.02156,1.50,1.50
2016.11.02 08:35:14.631,1.0213,1.02157,1.75,2.25
2016.11.02 08:35:15.135,1.02131,1.02153,1.00,1.00
2016.11.02 08:35:15.459,1.02133,1.02156,1.50,1.75
2016.11.02 08:35:15.862,1.02134,1.02159,2.25,1.75
2016.11.02 08:35:16.401,1.02134,1.02159,2.25,1.75
2016.11.02 08:35:16.974,1.02139,1.02159,1.00,2.25
2016.11.02 08:35:18.086,1.02134,1.02157,1.00,1.37
2016.11.02 08:35:18.288,1.02134,1.02155,1.12,1.12
2016.11.02 08:35:18.448,1.02134,1.02155,1.12,1.75
2016.11.02 08:35:18.979,1.02134,1.02155,1.00,3.37
2016.11.02 08:35:19.182,1.0213,1.02155,1.00,3.37
2016.11.02 08:35:19.283,1.02134,1.02155,1.00,3.37
2016.11.02 08:35:19.334,1.02134,1.02155,1.00,1.75
2016.11.02 08:35:19.435,1.02132,1.02156,1.00,4.12
2016.11.02 08:35:19.486,1.02133,1.02157,1.87,3.37
2016.11.02 08:35:19.815,1.02133,1.02156,1.75,1.12
2016.11.02 08:35:19.865,1.02133,1.02155,1.75,1.12
2016.11.02 08:35:20.774,1.02131,1.02155,1.75,1.00
2016.11.02 08:35:21.548,1.02131,1.02155,1.50,1.87
2016.11.02 08:35:21.600,1.02129,1.02153,1.12,1.75
2016.11.02 08:35:22.078,1.02129,1.02152,1.37,1.00
2016.11.02 08:35:22.621,1.02128,1.0215,1.50,1.00
2016.11.02 08:35:22.873,1.02128,1.02151,1.87,1.00
2016.11.02 08:35:24.497,1.02129,1.02153,2.25,1.50
2016.11.02 08:35:24.994,1.02129,1.02151,1.50,1.00
2016.11.02 08:35:25.620,1.02129,1.02151,1.75,1.00
2016.11.02 08:35:25.771,1.02128,1.02153,1.50,1.75
2016.11.02 08:35:25.822,1.02129,1.02153,1.37,1.37
2016.11.02 08:35:26.167,1.02127,1.02153,2.25,1.75
2016.11.02 08:35:26.470,1.02133,1.02155,1.12,1.75
2016.11.02 08:35:27.025,1.02129,1.02152,1.75,1.00
2016.11.02 08:35:27.176,1.02129,1.02149,1.00,1.00
2016.11.02 08:35:27.328,1.02125,1.02151,1.75,1.50
2016.11.02 08:35:28.113,1.02126,1.0215,1.00,1.75
2016.11.02 08:35:28.742,1.02127,1.02148,1.00,1.50
2016.11.02 08:35:29.019,1.02125,1.0215,2.25,1.37
2016.11.02 08:35:29.069,1.02129,1.0215,1.00,1.00
2016.11.02 08:35:29.610,1.02128,1.02149,1.00,1.00
2016.11.02 08:35:32.549,1.02129,1.02149,1.00,1.00
2016.11.02 08:35:32.650,1.02129,1.02151,1.50,1.50
2016.11.02 08:35:33.012,1.02129,1.02151,1.50,1.50
2016.11.02 08:35:33.515,1.02129,1.02151,1.37,1.75
2016.11.02 08:35:34.047,1.02129,1.02151,1.37,1.37
2016.11.02 08:35:40.953,1.02129,1.02152,1.75,1.50
2016.11.02 08:35:42.012,1.02129,1.02148,1.75,1.00
2016.11.02 08:35:42.124,1.02129,1.02148,1.00,1.12
2016.11.02 08:35:42.175,1.02128,1.02146,1.00,1.00
2016.11.02 08:35:42.376,1.02129,1.0215,1.00,1.00
2016.11.02 08:35:42.750,1.02129,1.02153,1.37,1.75
2016.11.02 08:35:43.643,1.02129,1.02153,1.75,1.50
2016.11.02 08:35:46.069,1.02128,1.02151,1.75,1.50
2016.11.02 08:35:46.927,1.02127,1.02154,4.12,1.50
2016.11.02 08:35:47.431,1.02133,1.02153,1.00,1.00
2016.11.02 08:35:47.664,1.02131,1.02153,1.00,1.00
2016.11.02 08:35:49.086,1.02128,1.02153,1.50,1.75
2016.11.02 08:35:49.388,1.02129,1.02148,1.00,1.50
2016.11.02 08:35:49.558,1.02125,1.02148,1.50,1.75
2016.11.02 08:35:49.659,1.02124,1.02149,1.12,1.75
2016.11.02 08:35:50.062,1.02122,1.02145,2.10,1.00
2016.11.02 08:35:50.214,1.02124,1.02148,1.12,1.75
2016.11.02 08:35:50.468,1.02123,1.0215,2.25,2.25
2016.11.02 08:35:51.308,1.02124,1.02146,1.00,1.75
2016.11.02 08:35:52.182,1.02123,1.02147,1.12,1.75
2016.11.02 08:35:52.795,1.0212,1.02146,1.75,4.12
2016.11.02 08:35:53.496,1.0212,1.02146,1.75,1.75
2016.11.02 08:35:53.697,1.0212,1.02142,1.50,1.00
2016.11.02 08:35:54.249,1.02121,1.02145,1.12,2.25
2016.11.02 08:35:54.598,1.0212,1.02144,1.75,1.50
2016.11.02 08:35:55.147,1.02121,1.02145,1.75,1.37
2016.11.02 08:35:55.198,1.02121,1.02143,1.50,1.00
2016.11.02 08:35:56.100,1.0212,1.02146,1.37,4.12
2016.11.02 08:35:57.193,1.02119,1.02142,1.75,1.12
2016.11.02 08:35:57.666,1.02118,1.0214,2.85,1.00
2016.11.02 08:35:58.185,1.02118,1.02141,2.85,1.00
2016.11.02 08:35:58.735,1.02118,1.02142,3.60,1.12
2016.11.02 08:35:59.685,1.02119,1.02141,1.75,1.00
2016.11.02 08:35:59.807,1.02119,1.0214,1.00,1.00
2016.11.02 08:35:59.908,1.02118,1.0214,2.10,1.00
2016.11.02 08:36:00.706,1.02118,1.0214,2.85,1.00
2016.11.02 08:36:00.807,1.02118,1.0214,2.10,1.00
2016.11.02 08:36:01.459,1.02119,1.0214,1.75,1.00
2016.11.02 08:36:02.954,1.02118,1.02139,2.10,1.00
2016.11.02 08:36:03.105,1.02118,1.02139,2.10,1.00
2016.11.02 08:36:03.644,1.0212,1.0214,1.00,1.00
2016.11.02 08:36:04.595,1.0212,1.02139,1.00,1.00
2016.11.02 08:36:05.749,1.02117,1.02139,1.00,1.50
2016.11.02 08:36:06.029,1.02115,1.02139,1.75,1.00
2016.11.02 08:36:06.130,1.02117,1.02139,1.00,1.50
2016.11.02 08:36:06.634,1.02118,1.0214,1.00,1.50
2016.11.02 08:36:06.959,1.02118,1.02141,1.75,1.12
2016.11.02 08:36:07.487,1.02119,1.0214,1.75,1.00
2016.11.02 08:36:07.993,1.02122,1.02141,1.00,1.00
2016.11.02 08:36:09.443,1.02122,1.02143,1.00,1.00
2016.11.02 08:36:09.976,1.02122,1.02141,1.00,1.00
2016.11.02 08:36:11.444,1.02119,1.02141,1.75,1.12
2016.11.02 08:36:11.995,1.02118,1.02141,1.75,1.00
2016.11.02 08:36:12.146,1.0212,1.02141,1.00,1.00
2016.11.02 08:36:12.268,1.02119,1.02139,1.75,1.00
2016.11.02 08:36:12.369,1.02119,1.02139,1.00,1.00
2016.11.02 08:36:12.470,1.02118,1.02142,1.75,1.50
2016.11.02 08:36:12.571,1.02119,1.02139,1.50,1.00
2016.11.02 08:36:12.672,1.0212,1.02142,1.12,1.50
2016.11.02 08:36:12.722,1.02123,1.02142,1.00,1.37
2016.11.02 08:36:14.158,1.02119,1.02142,1.75,1.50
2016.11.02 08:36:15.766,1.02119,1.02141,1.50,1.50
2016.11.02 08:36:16.170,1.02119,1.02138,1.75,1.00
2016.11.02 08:36:16.770,1.02119,1.02138,1.50,1.00
2016.11.02 08:36:17.302,1.02119,1.0214,1.12,1.50
2016.11.02 08:36:17.757,1.02118,1.02137,1.50,1.00
2016.11.02 08:36:18.059,1.02124,1.02139,1.00,1.50
2016.11.02 08:36:18.172,1.02119,1.02139,1.12,1.50
2016.11.02 08:36:19.199,1.02119,1.02139,1.50,1.00
2016.11.02 08:36:19.720,1.02118,1.0214,1.50,1.75
2016.11.02 08:36:20.412,1.02118,1.02137,1.50,1.00
2016.11.02 08:36:20.865,1.02119,1.0214,1.50,1.50
2016.11.02 08:36:20.966,1.02124,1.02145,1.00,2.25
2016.11.02 08:36:21.067,1.02124,1.02143,1.50,1.00
2016.11.02 08:36:21.666,1.02123,1.02145,1.75,1.12
2016.11.02 08:36:21.767,1.02124,1.02145,1.00,1.00
2016.11.02 08:36:22.298,1.02123,1.02146,1.00,1.75
2016.11.02 08:36:22.840,1.02124,1.02145,1.00,1.50
2016.11.02 08:36:23.205,1.02124,1.02147,1.75,1.37
2016.11.02 08:36:23.507,1.02119,1.02145,2.25,1.12
2016.11.02 08:36:23.709,1.02124,1.02144,1.00,1.37
2016.11.02 08:36:23.990,1.02121,1.02145,1.75,1.12
2016.11.02 08:36:24.092,1.02123,1.02144,1.50,1.00
2016.11.02 08:36:24.601,1.02123,1.02145,1.00,1.75
2016.11.02 08:36:25.137,1.02124,1.02144,1.00,1.37
2016.11.02 08:36:26.399,1.02124,1.02145,1.37,1.12
2016.11.02 08:36:26.819,1.02124,1.02141,1.00,1.37
2016.11.02 08:36:27.242,1.02124,1.02144,1.00,1.75
2016.11.02 08:36:28.580,1.02123,1.02142,1.00,1.00
2016.11.02 08:36:29.105,1.02123,1.02146,1.00,1.75
2016.11.02 08:36:29.965,1.02124,1.02146,1.00,1.75
2016.11.02 08:36:30.491,1.02124,1.02144,1.00,1.00
2016.11.02 08:36:31.459,1.02123,1.02144,1.00,1.00
2016.11.02 08:36:31.993,1.02124,1.02145,1.37,1.00
2016.11.02 08:36:32.526,1.02124,1.02145,1.00,1.00
2016.11.02 08:36:33.062,1.02123,1.02147,1.12,1.75
2016.11.02 08:36:33.515,1.02123,1.02147,1.50,1.75
2016.11.02 08:36:34.041,1.02124,1.02145,1.00,1.75
2016.11.02 08:36:35.287,1.02123,1.02145,1.12,1.75
2016.11.02 08:36:35.616,1.02123,1.02143,1.00,1.75
2016.11.02 08:36:35.717,1.02119,1.02143,1.12,1.75
2016.11.02 08:36:37.336,1.02118,1.02141,1.37,1.50
2016.11.02 08:36:37.638,1.02118,1.02141,1.50,1.75
2016.11.02 08:36:38.213,1.02118,1.02141,1.50,1.50
2016.11.02 08:36:39.632,1.02118,1.0214,1.50,1.12
2016.11.02 08:36:40.133,1.02118,1.0214,1.50,1.50
2016.11.02 08:36:40.744,1.02118,1.02141,1.50,1.50
2016.11.02 08:36:41.277,1.02119,1.02143,1.75,2.10
2016.11.02 08:36:41.831,1.02118,1.02142,1.75,1.50
2016.11.02 08:36:42.344,1.02119,1.02142,1.50,1.12
2016.11.02 08:36:44.326,1.0212,1.02141,1.00,1.37
2016.11.02 08:36:45.368,1.02119,1.02139,1.12,1.30
2016.11.02 08:36:46.248,1.02119,1.0214,1.12,1.35
2016.11.02 08:36:46.957,1.02119,1.02139,1.00,1.35
2016.11.02 08:36:50.149,1.02119,1.02142,1.00,2.25
2016.11.02 08:36:50.331,1.02119,1.02141,1.37,1.50
2016.11.02 08:36:52.692,1.02118,1.02141,2.25,1.00
2016.11.02 08:36:52.814,1.02116,1.02137,4.12,1.00
2016.11.02 08:36:52.865,1.02114,1.02137,1.75,1.12
2016.11.02 08:36:53.067,1.02116,1.02135,1.00,1.00
2016.11.02 08:36:53.218,1.02114,1.02135,1.00,1.00
2016.11.02 08:36:53.979,1.02113,1.02135,1.12,1.12
2016.11.02 08:36:54.728,1.02113,1.02135,1.12,1.50
2016.11.02 08:36:55.801,1.02112,1.02133,1.00,1.50
2016.11.02 08:36:56.126,1.02114,1.02133,1.00,2.10
2016.11.02 08:36:56.607,1.02112,1.02133,1.00,2.10
2016.11.02 08:36:56.798,1.0211,1.02134,1.75,1.35
2016.11.02 08:36:57.493,1.02109,1.02133,1.75,1.72
2016.11.02 08:36:58.305,1.02114,1.02133,1.00,1.72
2016.11.02 08:37:01.927,1.02113,1.02133,1.12,1.72
2016.11.02 08:37:02.512,1.02113,1.02133,1.12,1.35
2016.11.02 08:37:03.975,1.02114,1.02133,1.00,1.35
2016.11.02 08:37:04.328,1.0211,1.02135,1.75,2.10
2016.11.02 08:37:05.144,1.0211,1.02135,1.75,2.10
2016.11.02 08:37:05.805,1.02114,1.02134,1.00,1.60
2016.11.02 08:37:06.421,1.02109,1.02133,1.75,1.30
2016.11.02 08:37:07.544,1.02113,1.02133,1.00,1.30
2016.11.02 08:37:08.046,1.02108,1.02133,2.25,1.72
2016.11.02 08:37:09.038,1.02114,1.02133,1.00,1.30
2016.11.02 08:37:12.718,1.02113,1.02135,1.75,2.10
2016.11.02 08:37:13.042,1.02108,1.0213,3.37,1.60
2016.11.02 08:37:13.143,1.02108,1.02128,1.50,1.00
2016.11.02 08:37:13.244,1.02108,1.02128,1.00,2.10
2016.11.02 08:37:13.763,1.02109,1.02129,1.00,1.60
2016.11.02 08:37:13.864,1.02109,1.02129,1.00,1.00
2016.11.02 08:37:14.266,1.02109,1.02133,1.75,1.72
2016.11.02 08:37:14.592,1.02114,1.02133,1.00,1.72
2016.11.02 08:37:15.144,1.02109,1.02131,1.50,1.30
2016.11.02 08:37:16.817,1.02108,1.0213,1.50,1.12
2016.11.02 08:37:16.867,1.0211,1.0213,1.50,1.12
2016.11.02 08:37:16.981,1.02114,1.02132,1.00,1.00
2016.11.02 08:37:17.137,1.02107,1.02133,2.25,1.75
2016.11.02 08:37:17.188,1.02113,1.02133,1.00,1.75
2016.11.02 08:37:17.544,1.02113,1.02135,1.00,1.50
2016.11.02 08:37:18.051,1.02114,1.02137,1.00,1.75
2016.11.02 08:37:19.767,1.02113,1.02137,1.00,1.75
2016.11.02 08:37:19.968,1.02114,1.02136,1.00,1.00
2016.11.02 08:37:20.170,1.02113,1.02136,1.50,1.75
2016.11.02 08:37:20.549,1.02118,1.02136,1.00,1.75
2016.11.02 08:37:23.254,1.02114,1.02136,1.12,1.75
2016.11.02 08:37:23.456,1.02114,1.02136,1.50,1.00
2016.11.02 08:37:27.511,1.02114,1.02139,1.50,2.25
2016.11.02 08:37:28.042,1.02115,1.02137,1.00,1.00
2016.11.02 08:37:28.662,1.02119,1.02137,1.00,1.00
2016.11.02 08:37:29.093,1.02115,1.02137,1.00,1.00
2016.11.02 08:37:29.375,1.02113,1.02134,1.50,1.12
2016.11.02 08:37:29.476,1.02113,1.02134,1.00,1.00
2016.11.02 08:37:29.964,1.02114,1.02135,1.50,1.72
2016.11.02 08:37:30.064,1.02114,1.02135,1.50,1.12
2016.11.02 08:37:30.596,1.02114,1.02135,1.50,1.72
2016.11.02 08:37:31.128,1.02114,1.02135,1.50,1.12
2016.11.02 08:37:31.495,1.02119,1.02137,1.00,2.10
2016.11.02 08:37:31.596,1.02114,1.02136,1.50,1.35
2016.11.02 08:37:32.194,1.02114,1.02133,1.00,1.30
2016.11.02 08:37:32.895,1.02114,1.02134,1.00,2.10
2016.11.02 08:37:33.454,1.02114,1.02135,1.12,1.97
2016.11.02 08:37:34.034,1.02114,1.02134,1.12,1.12
2016.11.02 08:37:35.816,1.02114,1.02135,1.37,1.12
2016.11.02 08:37:36.022,1.02113,1.02135,1.50,2.10
2016.11.02 08:37:36.073,1.02113,1.02135,1.50,2.10
2016.11.02 08:37:36.621,1.02114,1.02133,1.00,1.00
2016.11.02 08:37:37.730,1.02114,1.02133,1.00,1.37
2016.11.02 08:37:38.262,1.02114,1.02133,1.00,1.75
2016.11.02 08:37:38.616,1.02114,1.02135,1.00,1.50
2016.11.02 08:37:39.437,1.02114,1.02135,1.00,2.10
2016.11.02 08:37:39.690,1.02113,1.02131,1.00,1.00
2016.11.02 08:37:40.009,1.02109,1.0213,1.00,1.75
2016.11.02 08:37:40.799,1.02108,1.02129,1.00,1.50
2016.11.02 08:37:41.783,1.02109,1.02126,1.00,1.00
2016.11.02 08:37:41.934,1.02104,1.02126,1.50,1.50
2016.11.02 08:37:41.985,1.02104,1.02123,1.50,1.00
2016.11.02 08:37:42.489,1.02104,1.02124,1.50,1.12
2016.11.02 08:37:45.250,1.02104,1.02123,1.50,1.00
2016.11.02 08:37:49.733,1.02104,1.02123,1.00,1.12
2016.11.02 08:37:50.245,1.02103,1.02124,1.12,1.37
2016.11.02 08:37:54.038,1.02104,1.02124,1.00,1.72
2016.11.02 08:37:54.745,1.02103,1.02124,1.12,1.72
2016.11.02 08:37:56.176,1.02104,1.02124,1.00,1.72
2016.11.02 08:37:56.663,1.02104,1.02121,1.00,1.00
2016.11.02 08:37:58.244,1.02104,1.02124,1.12,1.72
2016.11.02 08:38:02.281,1.02099,1.02123,3.37,1.00
2016.11.02 08:38:03.269,1.02104,1.02123,1.12,1.37
2016.11.02 08:38:03.804,1.02104,1.02123,1.00,1.75
2016.11.02 08:38:07.155,1.02104,1.02123,1.00,1.75
2016.11.02 08:38:07.307,1.02104,1.02121,1.00,1.12
2016.11.02 08:38:07.644,1.02097,1.02121,2.25,1.12
2016.11.02 08:38:09.351,1.02103,1.02124,1.00,2.10
2016.11.02 08:38:09.834,1.02099,1.02124,1.75,2.10
2016.11.02 08:38:10.247,1.02104,1.02122,1.00,1.50
2016.11.02 08:38:12.203,1.02104,1.02124,1.00,2.10
2016.11.02 08:38:12.445,1.02099,1.02122,1.75,1.12
2016.11.02 08:38:12.495,1.02099,1.02122,1.12,1.75
2016.11.02 08:38:12.799,1.02104,1.02123,1.00,1.75
2016.11.02 08:38:12.899,1.02104,1.02123,1.00,1.50
2016.11.02 08:38:13.441,1.02103,1.02123,1.00,1.50
2016.11.02 08:38:14.367,1.02104,1.02123,1.00,1.50
2016.11.02 08:38:14.886,1.02104,1.0212,1.00,1.00
2016.11.02 08:38:16.397,1.02104,1.02121,1.00,1.75
2016.11.02 08:38:16.914,1.02104,1.02123,1.00,2.25
2016.11.02 08:38:20.594,1.02099,1.0212,1.00,1.00
2016.11.02 08:38:25.266,1.02104,1.0212,1.00,1.00
2016.11.02 08:38:26.255,1.02099,1.0212,1.00,1.00
2016.11.02 08:38:26.406,1.02099,1.0212,1.00,1.50
2016.11.02 08:38:27.543,1.02099,1.02122,1.50,1.75
2016.11.02 08:38:27.654,1.02104,1.02122,1.00,1.75
2016.11.02 08:38:28.836,1.02104,1.02123,1.00,1.75
2016.11.02 08:38:29.038,1.02103,1.02123,1.12,1.12
2016.11.02 08:38:29.499,1.02099,1.02121,1.37,1.50
2016.11.02 08:38:29.902,1.02104,1.02121,1.00,1.50
2016.11.02 08:38:30.195,1.02099,1.02122,1.12,1.75
2016.11.02 08:38:30.820,1.02099,1.02121,1.75,1.50
2016.11.02 08:38:30.921,1.02099,1.0212,1.00,1.00
2016.11.02 08:38:30.971,1.02103,1.0212,1.00,1.00
2016.11.02 08:38:31.262,1.02099,1.02121,1.00,1.00
2016.11.02 08:38:32.363,1.02104,1.02121,1.00,1.00
2016.11.02 08:38:32.954,1.02104,1.02123,1.00,1.75
2016.11.02 08:38:36.501,1.02099,1.02121,1.37,1.37
2016.11.02 08:38:37.748,1.02099,1.02121,1.00,1.75
2016.11.02 08:38:38.414,1.02104,1.02121,1.00,1.50
2016.11.02 08:38:38.528,1.02103,1.02121,1.00,1.50
2016.11.02 08:38:39.316,1.02099,1.02121,1.12,1.50
2016.11.02 08:38:39.499,1.02103,1.02122,1.00,1.75
2016.11.02 08:38:40.022,1.02104,1.02122,1.00,1.75
2016.11.02 08:38:41.720,1.02103,1.02122,1.00,1.75
2016.11.02 08:38:42.248,1.02104,1.02122,1.00,1.75
2016.11.02 08:38:43.099,1.02099,1.02123,1.75,1.75
2016.11.02 08:38:43.200,1.02104,1.02123,1.00,1.75
2016.11.02 08:38:43.743,1.02103,1.02123,1.00,1.75
2016.11.02 08:38:44.610,1.02104,1.02123,1.00,1.75
2016.11.02 08:38:44.761,1.02104,1.02123,1.00,1.50
2016.11.02 08:38:46.633,1.02103,1.02125,1.12,1.75
2016.11.02 08:38:47.991,1.02104,1.02125,1.00,1.75
2016.11.02 08:38:49.967,1.02104,1.02125,1.00,1.75
2016.11.02 08:38:50.168,1.02103,1.02125,1.00,1.50
2016.11.02 08:38:54.546,1.02103,1.02124,1.00,1.50
2016.11.02 08:38:55.051,1.02104,1.02125,1.00,1.75
2016.11.02 08:38:56.627,1.02103,1.02125,1.00,1.75
2016.11.02 08:38:56.901,1.02103,1.02124,1.00,1.12
2016.11.02 08:38:58.445,1.02104,1.02124,1.00,1.12
2016.11.02 08:38:59.016,1.02103,1.02124,1.00,1.12
2016.11.02 08:39:02.746,1.02104,1.02124,1.00,1.12
2016.11.02 08:39:03.258,1.02103,1.02125,1.12,1.75
2016.11.02 08:39:05.751,1.02104,1.02125,1.00,1.75
2016.11.02 08:39:05.902,1.02105,1.02125,1.35,1.00
2016.11.02 08:39:05.953,1.02107,1.02125,1.00,1.00
2016.11.02 08:39:06.003,1.02109,1.02133,1.12,4.12
2016.11.02 08:39:06.104,1.02109,1.02133,1.50,1.75
2016.11.02 08:39:06.205,1.02109,1.02133,1.87,3.37
2016.11.02 08:39:06.508,1.02112,1.02135,1.00,2.62
2016.11.02 08:39:06.810,1.02113,1.02138,1.75,1.75
2016.11.02 08:39:09.048,1.02119,1.02139,1.00,3.37
2016.11.02 08:39:10.697,1.02119,1.0214,1.00,1.75
2016.11.02 08:39:12.145,1.02115,1.0214,1.37,1.87
2016.11.02 08:39:12.246,1.02113,1.02134,1.75,1.00
2016.11.02 08:39:12.549,1.02114,1.02133,1.00,1.00
2016.11.02 08:39:13.665,1.02111,1.02137,2.10,1.75
2016.11.02 08:39:14.068,1.02114,1.02138,1.60,1.75
2016.11.02 08:39:14.264,1.02115,1.02141,2.10,4.12
2016.11.02 08:39:14.365,1.02119,1.02138,1.00,1.00
2016.11.02 08:39:14.667,1.02113,1.02136,1.50,1.12
2016.11.02 08:39:15.392,1.02113,1.02136,1.37,1.50
2016.11.02 08:39:15.893,1.02113,1.02137,1.87,1.75
2016.11.02 08:39:16.837,1.02113,1.02137,2.25,1.75
2016.11.02 08:39:17.943,1.02113,1.02137,1.50,1.75
2016.11.02 08:39:18.944,1.02114,1.02137,1.00,1.75
2016.11.02 08:39:19.882,1.02119,1.02138,1.00,1.75
2016.11.02 08:39:19.933,1.02119,1.02138,1.00,1.75
2016.11.02 08:39:20.135,1.02119,1.02138,1.00,1.00
2016.11.02 08:39:21.358,1.02119,1.02141,1.37,1.37
2016.11.02 08:39:21.661,1.02124,1.02144,1.00,3.37
2016.11.02 08:39:21.862,1.02123,1.02145,1.00,1.75
2016.11.02 08:39:21.963,1.02123,1.02146,1.00,1.75
2016.11.02 08:39:22.634,1.02123,1.02146,1.00,1.75
2016.11.02 08:39:24.367,1.02123,1.02147,1.50,1.75
2016.11.02 08:39:24.753,1.02129,1.02147,1.00,1.75
2016.11.02 08:39:25.650,1.02123,1.02148,2.25,3.37
2016.11.02 08:39:27.576,1.02129,1.02148,1.00,3.37
2016.11.02 08:39:27.953,1.02124,1.02148,1.87,2.62
2016.11.02 08:39:30.467,1.02129,1.02148,1.00,2.62
2016.11.02 08:39:30.568,1.02124,1.02148,1.12,2.62
2016.11.02 08:39:32.287,1.02123,1.02148,1.12,4.12
2016.11.02 08:39:32.388,1.02123,1.02145,2.25,1.00
2016.11.02 08:39:32.489,1.02123,1.02148,2.25,1.75
2016.11.02 08:39:34.213,1.02124,1.02149,1.75,1.75
2016.11.02 08:39:34.722,1.02125,1.02149,1.75,1.75
2016.11.02 08:39:36.429,1.02124,1.02147,1.37,1.75
2016.11.02 08:39:36.479,1.02124,1.02147,1.00,2.25
2016.11.02 08:39:36.872,1.02124,1.02147,1.00,1.75
2016.11.02 08:39:36.973,1.02123,1.02147,1.12,1.75
2016.11.02 08:39:37.499,1.02124,1.02148,1.50,2.62
2016.11.02 08:39:37.600,1.02124,1.02149,2.25,3.37
2016.11.02 08:39:37.801,1.02128,1.02149,1.00,2.25
2016.11.02 08:39:38.003,1.02124,1.02148,1.00,2.62
2016.11.02 08:39:38.104,1.02128,1.02148,1.00,2.62
2016.11.02 08:39:38.204,1.02123,1.02149,1.37,4.87
2016.11.02 08:39:38.305,1.02124,1.02146,1.00,1.00
2016.11.02 08:39:40.103,1.02128,1.02146,1.00,1.00
2016.11.02 08:39:40.204,1.0213,1.02151,1.00,1.00
2016.11.02 08:39:40.255,1.0213,1.02154,1.37,1.75
2016.11.02 08:39:40.373,1.02133,1.02153,1.00,1.00
2016.11.02 08:39:41.840,1.02133,1.02158,1.50,1.75
2016.11.02 08:39:41.941,1.02134,1.02155,1.50,1.00
2016.11.02 08:39:42.192,1.02134,1.02157,1.00,1.75
2016.11.02 08:39:43.193,1.02133,1.02157,1.12,1.75
2016.11.02 08:39:43.294,1.02133,1.02155,1.50,1.00
2016.11.02 08:39:43.934,1.02135,1.02155,1.00,1.00
2016.11.02 08:39:44.035,1.02133,1.02155,2.25,1.00
2016.11.02 08:39:44.337,1.02135,1.02155,1.00,1.00
2016.11.02 08:39:45.690,1.02134,1.02155,1.00,1.00
2016.11.02 08:39:46.722,1.02135,1.02155,1.00,1.00
2016.11.02 08:39:47.117,1.02135,1.0216,1.75,1.50
2016.11.02 08:39:47.958,1.02135,1.0216,1.75,1.75
2016.11.02 08:39:48.492,1.02135,1.0216,1.75,2.25
2016.11.02 08:39:48.593,1.02135,1.02156,1.00,1.00
2016.11.02 08:39:48.802,1.02134,1.0216,2.85,1.75
2016.11.02 08:39:52.513,1.02139,1.02159,1.00,1.75
2016.11.02 08:39:53.044,1.02135,1.02159,1.75,1.75
2016.11.02 08:39:54.544,1.02139,1.02159,1.00,1.75
2016.11.02 08:39:55.317,1.02135,1.02159,1.75,1.75
2016.11.02 08:39:56.404,1.02135,1.02159,1.37,1.75
2016.11.02 08:39:56.455,1.02133,1.02155,1.50,1.37
2016.11.02 08:39:56.807,1.02133,1.02156,1.75,1.50
2016.11.02 08:39:56.908,1.02133,1.02156,1.00,1.75
2016.11.02 08:39:57.411,1.02134,1.02157,1.50,1.50
2016.11.02 08:39:57.944,1.02134,1.02157,1.75,1.50
2016.11.02 08:39:58.045,1.0213,1.02156,2.25,1.50
2016.11.02 08:39:58.490,1.0213,1.02157,1.75,1.75
2016.11.02 08:39:59.093,1.02132,1.02156,1.50,1.75
2016.11.02 08:40:00.251,1.02134,1.02156,1.00,1.75
2016.11.02 08:40:00.515,1.02134,1.02157,1.12,1.75
2016.11.02 08:40:02.748,1.02134,1.02156,1.50,1.50
2016.11.02 08:40:03.216,1.02139,1.02156,1.00,1.00
2016.11.02 08:40:03.659,1.02134,1.02157,1.50,1.37
2016.11.02 08:40:04.062,1.02134,1.02158,1.12,1.75
2016.11.02 08:40:04.364,1.02129,1.02155,2.25,1.75
2016.11.02 08:40:04.904,1.02129,1.02154,1.37,2.25
2016.11.02 08:40:05.476,1.02129,1.02153,2.25,1.50
2016.11.02 08:40:05.599,1.02129,1.02153,2.25,1.50
2016.11.02 08:40:06.961,1.02134,1.02155,1.00,1.75
2016.11.02 08:40:07.062,1.02131,1.02155,1.50,1.75
2016.11.02 08:40:07.163,1.02134,1.02155,1.00,1.12
2016.11.02 08:40:07.264,1.02134,1.02154,1.00,1.50
2016.11.02 08:40:07.793,1.02133,1.02154,1.00,1.50
2016.11.02 08:40:08.465,1.02133,1.02154,1.00,1.75
2016.11.02 08:40:08.969,1.02133,1.02154,1.00,1.75
2016.11.02 08:40:11.162,1.02128,1.02152,2.25,1.75
2016.11.02 08:40:11.364,1.02134,1.02152,1.00,1.75
2016.11.02 08:40:13.551,1.02133,1.02155,1.00,3.37
2016.11.02 08:40:13.675,1.02134,1.02155,1.12,1.50
2016.11.02 08:40:14.197,1.02133,1.02153,1.00,1.00
2016.11.02 08:40:14.349,1.02133,1.02156,1.12,1.50
2016.11.02 08:40:14.746,1.02133,1.02156,1.00,1.75
2016.11.02 08:40:14.947,1.02134,1.02156,1.12,1.75
2016.11.02 08:40:15.416,1.02134,1.02155,1.00,1.75
2016.11.02 08:40:15.668,1.02134,1.02156,1.12,1.75
2016.11.02 08:40:16.236,1.02134,1.02156,1.00,1.75
2016.11.02 08:40:16.853,1.02129,1.02155,1.75,1.75
2016.11.02 08:40:17.111,1.02134,1.02156,1.50,1.00
2016.11.02 08:40:17.413,1.02133,1.02157,1.37,2.10
2016.11.02 08:40:17.665,1.02136,1.02157,1.00,1.00
2016.11.02 08:40:18.207,1.02136,1.02158,1.00,1.50
2016.11.02 08:40:18.358,1.02134,1.02158,2.25,1.12
2016.11.02 08:40:19.796,1.02137,1.02158,1.00,1.00
2016.11.02 08:40:20.098,1.02139,1.02158,1.00,1.00
2016.11.02 08:40:20.555,1.02139,1.0216,1.00,1.00
2016.11.02 08:40:20.656,1.02134,1.02157,2.25,1.00
2016.11.02 08:40:20.757,1.02135,1.02157,1.00,1.50
2016.11.02 08:40:20.858,1.02133,1.02155,1.50,1.00
2016.11.02 08:40:21.373,1.02134,1.02154,1.00,1.00
2016.11.02 08:40:22.004,1.02133,1.02155,1.50,1.50
2016.11.02 08:40:23.747,1.02133,1.02154,1.50,1.00
2016.11.02 08:40:24.049,1.02134,1.02155,1.37,1.12
2016.11.02 08:40:24.100,1.02134,1.02155,1.00,1.50
2016.11.02 08:40:25.865,1.02134,1.02156,1.37,1.50
2016.11.02 08:40:25.966,1.02134,1.02156,1.12,1.50
2016.11.02 08:40:27.493,1.02133,1.02155,1.75,1.12
2016.11.02 08:40:27.896,1.02133,1.02155,1.12,1.12
2016.11.02 08:40:28.049,1.02133,1.02155,1.50,1.12
2016.11.02 08:40:28.550,1.02133,1.02155,1.75,1.12
2016.11.02 08:40:29.457,1.02133,1.02155,1.75,1.00
2016.11.02 08:40:30.015,1.02137,1.02156,1.00,1.00
2016.11.02 08:40:30.559,1.02136,1.02154,1.00,1.00
2016.11.02 08:40:30.659,1.02136,1.02156,1.00,1.00
2016.11.02 08:40:30.995,1.02133,1.02156,1.75,1.00
2016.11.02 08:40:31.096,1.02136,1.02156,1.00,1.00
2016.11.02 08:40:32.618,1.02134,1.02156,1.75,1.00
2016.11.02 08:40:32.718,1.02135,1.02156,1.00,1.50
2016.11.02 08:40:33.242,1.02135,1.02155,1.00,1.00
2016.11.02 08:40:33.815,1.02133,1.02156,1.75,1.50
2016.11.02 08:40:34.349,1.02133,1.02154,1.75,1.00
2016.11.02 08:40:37.198,1.02134,1.02154,1.12,1.12
2016.11.02 08:40:38.214,1.02131,1.02154,1.75,1.00
2016.11.02 08:40:38.315,1.02138,1.02158,1.00,1.37
2016.11.02 08:40:38.365,1.02138,1.02158,1.00,1.00
2016.11.02 08:40:38.894,1.02137,1.02158,1.00,1.00
2016.11.02 08:40:39.996,1.02133,1.02158,1.75,1.37
2016.11.02 08:40:40.097,1.02135,1.02156,1.00,1.00
2016.11.02 08:40:41.001,1.02133,1.02158,1.75,1.75
2016.11.02 08:40:41.297,1.02133,1.02158,1.75,1.75
2016.11.02 08:40:41.775,1.02134,1.02156,1.12,1.50
2016.11.02 08:40:43.010,1.02133,1.02156,1.37,1.50
2016.11.02 08:40:43.634,1.02134,1.02156,1.50,1.00
2016.11.02 08:40:44.342,1.02134,1.02157,1.75,1.00
2016.11.02 08:40:44.719,1.02134,1.02156,1.75,1.37
2016.11.02 08:40:45.971,1.02133,1.02156,1.50,1.00
2016.11.02 08:40:46.458,1.02134,1.02157,1.37,1.00
2016.11.02 08:40:46.875,1.02133,1.02157,1.75,1.00
2016.11.02 08:40:47.361,1.02133,1.02157,1.50,1.37
2016.11.02 08:40:47.412,1.02133,1.02157,1.12,1.75
2016.11.02 08:40:47.946,1.02133,1.02155,1.50,1.00
2016.11.02 08:40:48.471,1.02134,1.02156,1.12,1.12
2016.11.02 08:40:48.717,1.02133,1.02156,1.50,1.37
2016.11.02 08:40:51.544,1.02133,1.02156,1.50,1.50
2016.11.02 08:40:51.595,1.02133,1.02156,1.50,1.12
2016.11.02 08:40:52.234,1.02133,1.02156,1.12,1.50
2016.11.02 08:40:52.767,1.02134,1.02156,1.00,1.50
2016.11.02 08:40:53.396,1.02134,1.02156,1.37,1.37
2016.11.02 08:40:53.922,1.02133,1.02154,1.50,1.00
2016.11.02 08:40:54.546,1.02133,1.02156,1.50,1.37
2016.11.02 08:40:54.750,1.02134,1.02153,1.12,1.00
2016.11.02 08:40:55.053,1.02134,1.02159,1.75,1.37
2016.11.02 08:40:55.471,1.02139,1.0216,1.50,1.00
2016.11.02 08:40:56.254,1.02136,1.02156,2.62,1.00
2016.11.02 08:40:56.430,1.02138,1.02158,1.75,1.00
2016.11.02 08:40:56.631,1.02134,1.02158,2.25,1.00
2016.11.02 08:40:56.782,1.02135,1.02159,1.75,1.00
2016.11.02 08:40:56.934,1.02138,1.02158,1.12,1.12
2016.11.02 08:40:57.062,1.02138,1.02157,1.00,1.37
2016.11.02 08:40:57.119,1.02134,1.02157,1.75,1.50
2016.11.02 08:40:57.521,1.0213,1.02154,3.37,1.00
2016.11.02 08:40:57.572,1.02133,1.02154,1.00,1.37
2016.11.02 08:40:58.088,1.02128,1.02154,3.00,1.12
2016.11.02 08:40:58.648,1.0213,1.02155,1.75,1.12
2016.11.02 08:41:01.960,1.02134,1.02155,1.00,1.12
2016.11.02 08:41:02.500,1.02132,1.02156,1.50,1.50
2016.11.02 08:41:03.330,1.02134,1.02156,1.00,1.50
2016.11.02 08:41:04.318,1.02131,1.02155,1.75,1.12
2016.11.02 08:41:07.776,1.02134,1.02155,1.00,1.12
2016.11.02 08:41:08.299,1.02134,1.02155,1.00,1.37
2016.11.02 08:41:10.758,1.02138,1.02156,1.00,1.50
2016.11.02 08:41:10.809,1.02138,1.02156,1.00,1.50
2016.11.02 08:41:10.960,1.02139,1.02159,1.00,1.50
2016.11.02 08:41:11.245,1.02139,1.0216,1.00,1.75
2016.11.02 08:41:11.793,1.02138,1.02157,1.00,1.50
2016.11.02 08:41:12.447,1.02139,1.02157,1.00,1.50
2016.11.02 08:41:12.548,1.02133,1.02157,2.25,1.50
2016.11.02 08:41:13.193,1.02134,1.02158,1.87,1.50
2016.11.02 08:41:13.344,1.02138,1.02161,1.75,1.00
2016.11.02 08:41:13.480,1.02138,1.02161,1.75,1.37
2016.11.02 08:41:13.997,1.02139,1.0216,1.12,1.50
2016.11.02 08:41:14.300,1.02139,1.0216,1.00,1.50
2016.11.02 08:41:15.644,1.02138,1.02157,1.00,1.00
2016.11.02 08:41:16.345,1.02139,1.02157,1.00,1.00
2016.11.02 08:41:16.820,1.02134,1.02157,1.75,1.00
2016.11.02 08:41:16.921,1.02137,1.02159,1.37,1.00
2016.11.02 08:41:17.440,1.02139,1.02157,1.00,1.00
2016.11.02 08:41:17.541,1.02133,1.02157,1.50,1.75
2016.11.02 08:41:20.900,1.02134,1.02155,1.37,1.00
2016.11.02 08:41:21.377,1.02131,1.02155,1.75,1.50
2016.11.02 08:41:21.630,1.02133,1.02156,1.37,1.50
2016.11.02 08:41:22.159,1.02133,1.02157,1.50,1.50
2016.11.02 08:41:22.690,1.02134,1.02158,1.50,1.50
2016.11.02 08:41:23.411,1.02134,1.02157,1.00,1.37
2016.11.02 08:41:23.613,1.02133,1.02157,1.50,1.50
2016.11.02 08:41:23.915,1.02133,1.02158,1.87,2.25
2016.11.02 08:41:24.138,1.02133,1.02156,1.37,1.00
2016.11.02 08:41:24.239,1.02134,1.02158,1.75,1.75
2016.11.02 08:41:24.743,1.02136,1.02157,1.00,1.00
2016.11.02 08:41:25.116,1.02134,1.02157,1.37,2.25
2016.11.02 08:41:25.620,1.02133,1.02158,1.75,1.75
2016.11.02 08:41:25.836,1.02133,1.02158,1.50,1.75
2016.11.02 08:41:26.818,1.02134,1.02158,1.37,1.75
2016.11.02 08:41:26.933,1.02139,1.02156,1.00,1.50
2016.11.02 08:41:26.984,1.0213,1.02156,2.25,1.75
2016.11.02 08:41:27.237,1.02134,1.02157,1.37,1.75
2016.11.02 08:41:27.628,1.02133,1.02157,1.50,2.25
2016.11.02 08:41:27.679,1.02133,1.02157,1.87,2.25
2016.11.02 08:41:30.453,1.02134,1.02157,1.00,1.75
2016.11.02 08:41:30.554,1.02134,1.02158,2.25,1.75
2016.11.02 08:41:30.655,1.02134,1.0216,3.00,1.75
2016.11.02 08:41:30.767,1.02134,1.0216,3.00,1.75
2016.11.02 08:41:31.170,1.02136,1.0216,1.37,1.75
2016.11.02 08:41:33.675,1.02137,1.02162,1.37,2.25
2016.11.02 08:41:34.450,1.02136,1.0216,1.50,1.50
2016.11.02 08:41:35.671,1.02139,1.02162,1.00,1.75
2016.11.02 08:41:36.225,1.02135,1.02161,2.25,1.50
2016.11.02 08:41:36.749,1.02139,1.02161,1.00,1.50
2016.11.02 08:41:37.650,1.02139,1.02164,1.37,2.25
2016.11.02 08:41:40.596,1.0214,1.02164,1.75,1.50
2016.11.02 08:41:40.899,1.02143,1.02164,1.00,1.75
2016.11.02 08:41:41.573,1.02143,1.02164,1.00,1.75
2016.11.02 08:41:42.802,1.02144,1.02164,1.00,1.75
2016.11.02 08:41:42.903,1.02144,1.02164,1.00,1.75
2016.11.02 08:41:43.677,1.02144,1.02166,1.00,1.75
2016.11.02 08:41:44.857,1.02144,1.02165,1.00,1.75
2016.11.02 08:41:47.499,1.02144,1.02166,1.00,1.75
2016.11.02 08:41:50.421,1.02143,1.02166,1.00,1.75
2016.11.02 08:41:50.930,1.02144,1.02166,1.00,2.25
2016.11.02 08:41:55.937,1.02143,1.02166,1.00,1.75
2016.11.02 08:41:56.090,1.02143,1.02164,2.25,1.00
2016.11.02 08:41:56.141,1.02144,1.02167,1.87,1.37
2016.11.02 08:41:56.193,1.02144,1.02167,2.25,1.00
2016.11.02 08:41:56.344,1.02144,1.02164,1.75,1.00
2016.11.02 08:41:56.395,1.02146,1.02164,1.00,1.00
2016.11.02 08:41:56.495,1.02144,1.02164,1.00,1.50
2016.11.02 08:41:56.546,1.02144,1.02164,1.00,1.50
2016.11.02 08:41:57.059,1.02144,1.02166,1.00,1.75
2016.11.02 08:41:57.109,1.02139,1.02166,2.25,1.75
2016.11.02 08:41:57.613,1.02139,1.02163,2.25,1.50
2016.11.02 08:41:58.142,1.02144,1.02164,1.00,1.75
2016.11.02 08:41:58.733,1.02145,1.02167,1.00,2.62
2016.11.02 08:41:58.873,1.02147,1.02171,1.12,3.37
2016.11.02 08:41:58.924,1.02147,1.02171,1.50,1.50
2016.11.02 08:41:59.696,1.02146,1.02166,1.75,1.00
2016.11.02 08:41:59.797,1.02147,1.02171,1.00,1.50
2016.11.02 08:41:59.849,1.02147,1.02167,1.00,1.50
2016.11.02 08:42:00.163,1.02139,1.02163,1.12,1.75
2016.11.02 08:42:00.465,1.02141,1.02165,1.35,4.12
2016.11.02 08:42:00.566,1.02143,1.02166,1.50,1.37
2016.11.02 08:42:01.077,1.02143,1.02166,1.12,1.75
2016.11.02 08:42:04.164,1.02145,1.02169,1.00,2.62
2016.11.02 08:42:04.466,1.02149,1.02171,1.50,1.50
2016.11.02 08:42:04.995,1.02149,1.02171,1.75,1.00
2016.11.02 08:42:05.993,1.02149,1.02172,1.37,1.50
2016.11.02 08:42:09.535,1.02149,1.02172,1.00,2.10
2016.11.02 08:42:09.870,1.02148,1.02173,1.75,1.75
2016.11.02 08:42:10.326,1.02148,1.02172,1.37,2.25
2016.11.02 08:42:11.070,1.02148,1.02168,1.50,1.00
2016.11.02 08:42:11.601,1.02149,1.02168,1.00,1.00
2016.11.02 08:42:11.934,1.02154,1.02172,1.00,1.75
2016.11.02 08:42:12.450,1.02154,1.02172,1.00,1.50
2016.11.02 08:42:12.769,1.02153,1.02172,1.00,1.75
2016.11.02 08:42:15.121,1.02149,1.02172,1.00,3.37
2016.11.02 08:42:15.222,1.02149,1.02171,1.12,1.75
2016.11.02 08:42:15.323,1.02149,1.02171,1.00,1.75
2016.11.02 08:42:15.626,1.02145,1.02169,1.37,1.75
2016.11.02 08:42:15.726,1.02149,1.02169,1.00,1.00
2016.11.02 08:42:16.041,1.02154,1.02171,1.00,1.75
2016.11.02 08:42:16.294,1.02148,1.02167,1.00,1.50
2016.11.02 08:42:17.444,1.02148,1.02169,1.00,1.75
2016.11.02 08:42:17.973,1.02148,1.02167,1.00,1.12
2016.11.02 08:42:18.542,1.02149,1.02168,1.00,1.50
2016.11.02 08:42:18.966,1.02149,1.0217,1.00,1.12
2016.11.02 08:42:19.112,1.02154,1.0217,1.00,1.12
2016.11.02 08:42:19.414,1.02154,1.02172,1.00,1.75
2016.11.02 08:42:20.104,1.02148,1.02172,1.37,1.75
2016.11.02 08:42:20.238,1.02149,1.02171,1.00,1.00
2016.11.02 08:42:20.439,1.02153,1.02171,1.00,1.00
2016.11.02 08:42:21.536,1.02154,1.02171,1.00,1.12
2016.11.02 08:42:21.738,1.02144,1.02166,1.50,1.00
2016.11.02 08:42:21.878,1.02148,1.02166,1.00,1.00
2016.11.02 08:42:23.108,1.02145,1.0217,1.37,1.75
2016.11.02 08:42:23.209,1.02149,1.02174,1.12,3.97
2016.11.02 08:42:23.259,1.02149,1.02171,1.50,1.00
2016.11.02 08:42:23.310,1.02154,1.02171,1.00,1.00
2016.11.02 08:42:25.481,1.02154,1.02173,1.00,1.00
2016.11.02 08:42:28.050,1.02154,1.02173,1.00,1.50
2016.11.02 08:42:28.100,1.02154,1.02173,1.00,1.75
2016.11.02 08:42:28.697,1.02154,1.02173,1.00,1.75
2016.11.02 08:42:29.418,1.02153,1.02174,1.60,1.75
2016.11.02 08:42:29.469,1.02153,1.02176,1.60,1.75
2016.11.02 08:42:29.569,1.02153,1.02178,2.85,1.75
2016.11.02 08:42:29.620,1.02159,1.02178,1.00,1.75
2016.11.02 08:42:30.547,1.02158,1.02179,1.00,1.50
2016.11.02 08:42:33.949,1.02158,1.02181,1.37,1.50
2016.11.02 08:42:34.524,1.02159,1.02184,1.50,2.62
2016.11.02 08:42:34.574,1.02159,1.02185,1.75,1.75
2016.11.02 08:42:35.744,1.02164,1.02185,1.00,1.75
2016.11.02 08:42:36.053,1.02164,1.02185,1.50,1.50
2016.11.02 08:42:36.355,1.0216,1.02184,1.75,1.75
2016.11.02 08:42:36.845,1.02164,1.02184,1.00,1.75
2016.11.02 08:42:36.946,1.0216,1.02185,1.75,1.75
2016.11.02 08:42:37.601,1.02158,1.02184,1.75,1.50
2016.11.02 08:42:37.702,1.02159,1.02183,1.50,1.50
2016.11.02 08:42:38.248,1.0216,1.02184,1.37,1.75
2016.11.02 08:42:38.628,1.0216,1.02186,2.25,3.37
2016.11.02 08:42:38.679,1.02163,1.02185,1.00,1.00
2016.11.02 08:42:43.012,1.02165,1.02188,1.00,1.75
2016.11.02 08:42:43.113,1.02166,1.02188,1.30,1.75
2016.11.02 08:42:43.164,1.02169,1.02188,1.00,1.75
2016.11.02 08:42:43.466,1.02166,1.02189,1.00,1.87
2016.11.02 08:42:43.516,1.02164,1.02189,1.35,1.87
2016.11.02 08:42:43.727,1.02164,1.02189,1.72,1.75
2016.11.02 08:42:43.778,1.02169,1.02189,1.00,1.75
2016.11.02 08:42:44.908,1.02168,1.02189,1.00,2.25
2016.11.02 08:42:45.027,1.02168,1.02189,1.00,1.75
2016.11.02 08:42:45.844,1.02169,1.02189,1.00,1.75
2016.11.02 08:42:46.096,1.02169,1.02189,1.00,1.00
2016.11.02 08:42:46.629,1.02168,1.02189,2.25,1.00
2016.11.02 08:42:48.146,1.02168,1.02192,1.87,1.75
2016.11.02 08:42:48.363,1.02169,1.02187,1.00,1.37
2016.11.02 08:42:48.515,1.02169,1.0219,1.00,1.75
2016.11.02 08:42:49.085,1.02168,1.02189,1.00,1.75
2016.11.02 08:42:49.996,1.02168,1.0219,1.00,1.75
2016.11.02 08:42:50.047,1.02167,1.02191,1.00,1.37
2016.11.02 08:42:50.098,1.02166,1.02192,1.75,1.87
2016.11.02 08:42:50.148,1.02165,1.0219,1.75,1.37
2016.11.02 08:42:50.652,1.02166,1.02188,1.50,1.00
2016.11.02 08:42:50.753,1.02168,1.02188,1.00,1.00
2016.11.02 08:42:51.275,1.02169,1.02192,1.12,2.25
2016.11.02 08:42:52.398,1.02169,1.0219,1.00,1.75
2016.11.02 08:42:52.995,1.02168,1.0219,1.12,1.75
2016.11.02 08:42:53.146,1.02164,1.02187,1.50,1.12
2016.11.02 08:42:53.247,1.02164,1.02185,1.50,1.00
2016.11.02 08:42:53.348,1.02165,1.02187,1.00,1.50
2016.11.02 08:42:53.550,1.02166,1.0219,1.50,1.37
2016.11.02 08:42:53.617,1.02169,1.0219,1.00,1.00
2016.11.02 08:42:54.200,1.02169,1.02191,1.00,1.00
2016.11.02 08:42:54.865,1.02166,1.02191,1.75,1.50
2016.11.02 08:42:54.915,1.02169,1.02192,1.12,1.75
2016.11.02 08:42:55.117,1.02169,1.02191,1.50,1.00
2016.11.02 08:42:55.369,1.02169,1.02192,1.12,1.75
2016.11.02 08:42:55.892,1.02169,1.02191,1.00,1.75
2016.11.02 08:42:56.855,1.02168,1.02191,1.12,1.75
2016.11.02 08:42:57.175,1.02169,1.02189,1.00,1.75
2016.11.02 08:42:57.487,1.02168,1.02187,1.00,1.75
2016.11.02 08:42:58.507,1.02164,1.02187,1.00,1.75
2016.11.02 08:42:59.738,1.02169,1.02186,1.00,1.75
2016.11.02 08:42:59.894,1.02169,1.02189,1.00,1.75
2016.11.02 08:42:59.968,1.02169,1.02188,1.00,1.00
2016.11.02 08:43:00.371,1.02167,1.02189,1.00,1.50
2016.11.02 08:43:00.668,1.02165,1.02189,1.50,1.50
2016.11.02 08:43:00.769,1.02165,1.02187,1.50,1.00
2016.11.02 08:43:02.528,1.02169,1.02187,1.00,1.00
2016.11.02 08:43:04.230,1.02165,1.02187,1.00,1.50
2016.11.02 08:43:05.441,1.02164,1.02185,1.50,1.12
2016.11.02 08:43:05.944,1.02164,1.02185,1.00,1.50
2016.11.02 08:43:06.246,1.02164,1.02186,1.75,1.12
2016.11.02 08:43:07.234,1.02163,1.02186,1.50,1.37
2016.11.02 08:43:07.285,1.02163,1.02185,1.50,1.00
2016.11.02 08:43:07.335,1.02164,1.02186,1.37,1.37
2016.11.02 08:43:07.549,1.02164,1.02184,1.12,1.00
2016.11.02 08:43:07.600,1.02164,1.02184,1.00,1.75
2016.11.02 08:43:07.751,1.02159,1.02182,1.75,1.12
2016.11.02 08:43:07.953,1.02161,1.02183,1.00,1.37
2016.11.02 08:43:08.295,1.02164,1.02183,1.00,1.00
2016.11.02 08:43:08.437,1.02161,1.02183,1.00,1.00
2016.11.02 08:43:09.060,1.02164,1.02181,1.00,1.37
2016.11.02 08:43:09.262,1.02158,1.0218,1.75,1.12
2016.11.02 08:43:09.564,1.02164,1.02182,1.00,1.75
2016.11.02 08:43:09.688,1.02159,1.02183,1.75,1.12
2016.11.02 08:43:09.739,1.02159,1.02181,1.75,1.00
2016.11.02 08:43:09.790,1.0216,1.02181,1.00,1.50
2016.11.02 08:43:12.646,1.0216,1.0218,1.00,1.00
2016.11.02 08:43:12.980,1.02164,1.02181,1.00,1.00
2016.11.02 08:43:13.766,1.02158,1.02182,2.85,1.37
2016.11.02 08:43:14.169,1.0216,1.02185,2.25,1.75
2016.11.02 08:43:14.220,1.0216,1.02185,2.25,1.37
2016.11.02 08:43:14.472,1.02163,1.02185,1.00,1.37
2016.11.02 08:43:14.788,1.02158,1.02182,1.50,1.50
2016.11.02 08:43:15.463,1.02159,1.02182,1.12,1.50
2016.11.02 08:43:15.564,1.02159,1.02182,1.50,1.50
2016.11.02 08:43:16.065,1.02161,1.02182,1.00,1.50
2016.11.02 08:43:18.000,1.02163,1.02182,1.00,1.00
2016.11.02 08:43:18.296,1.02161,1.02182,1.00,1.00
2016.11.02 08:43:18.397,1.02161,1.02187,2.25,1.50
2016.11.02 08:43:18.734,1.02164,1.02183,1.12,1.00
2016.11.02 08:43:19.211,1.02162,1.02183,1.00,1.50
2016.11.02 08:43:19.882,1.02164,1.02183,1.00,1.50
2016.11.02 08:43:20.385,1.02164,1.02187,1.12,1.75
2016.11.02 08:43:20.815,1.02164,1.02187,1.50,1.50
2016.11.02 08:43:21.442,1.02164,1.02187,1.37,1.50
2016.11.02 08:43:24.398,1.02161,1.02188,3.37,1.75
2016.11.02 08:43:24.903,1.02164,1.02186,1.50,1.50
2016.11.02 08:43:25.957,1.02164,1.02188,2.25,1.75
2016.11.02 08:43:26.259,1.02164,1.02188,3.37,1.12
2016.11.02 08:43:26.360,1.02163,1.02188,1.75,1.50
2016.11.02 08:43:26.410,1.02164,1.02188,1.00,1.50
2016.11.02 08:43:26.663,1.02163,1.02188,2.25,1.12
2016.11.02 08:43:28.500,1.02163,1.02188,1.75,1.37
2016.11.02 08:43:29.023,1.02164,1.02186,1.00,1.00
2016.11.02 08:43:29.501,1.02161,1.02186,2.25,1.00
2016.11.02 08:43:29.803,1.02163,1.02187,1.50,1.50
2016.11.02 08:43:29.954,1.02165,1.02186,1.00,1.00
2016.11.02 08:43:30.497,1.02162,1.02187,1.75,1.50
2016.11.02 08:43:31.393,1.02164,1.02186,1.00,1.12
2016.11.02 08:43:31.802,1.02164,1.02186,1.50,1.50
2016.11.02 08:43:32.309,1.02165,1.02189,1.87,1.37
2016.11.02 08:43:32.360,1.0217,1.02191,1.00,1.00
2016.11.02 08:43:32.964,1.0217,1.0219,1.00,1.00
2016.11.02 08:43:33.495,1.02168,1.0219,1.50,1.50
2016.11.02 08:43:34.121,1.02168,1.0219,1.50,1.50
2016.11.02 08:43:36.643,1.02168,1.02194,2.25,1.12
2016.11.02 08:43:37.841,1.0217,1.02195,1.50,1.75
2016.11.02 08:43:42.144,1.02169,1.02194,1.87,1.75
2016.11.02 08:43:42.694,1.02169,1.02194,1.75,2.25
2016.11.02 08:43:43.199,1.02169,1.02194,2.25,1.75
2016.11.02 08:43:46.547,1.02168,1.02191,1.75,1.12
2016.11.02 08:43:46.688,1.02168,1.02192,1.87,1.75
2016.11.02 08:43:46.840,1.02169,1.02191,1.37,1.00
2016.11.02 08:43:47.614,1.02169,1.02193,1.37,1.75
2016.11.02 08:43:50.643,1.02169,1.02192,1.12,1.75
2016.11.02 08:43:50.972,1.02168,1.0219,1.00,1.75
2016.11.02 08:43:52.450,1.02169,1.02189,1.00,1.75
2016.11.02 08:43:52.602,1.02169,1.02189,1.00,1.37
2016.11.02 08:43:53.394,1.02168,1.0219,1.37,1.37
2016.11.02 08:43:54.178,1.02164,1.0219,2.25,1.50
2016.11.02 08:43:56.254,1.02166,1.02189,1.50,1.00
2016.11.02 08:43:56.304,1.0217,1.02191,1.00,1.50
2016.11.02 08:43:56.355,1.02166,1.02191,4.12,1.12
2016.11.02 08:43:56.958,1.02168,1.02191,1.75,1.37
2016.11.02 08:43:58.015,1.02173,1.02191,1.00,1.37
2016.11.02 08:43:59.855,1.02169,1.02191,1.50,1.37
2016.11.02 08:44:00.194,1.02169,1.02193,1.12,1.75
2016.11.02 08:44:00.244,1.02169,1.02193,1.37,1.75
2016.11.02 08:44:00.609,1.02174,1.02193,1.00,1.50
2016.11.02 08:44:03.249,1.02174,1.02194,1.12,1.37
2016.11.02 08:44:03.400,1.02169,1.02192,1.50,1.37
2016.11.02 08:44:03.893,1.02169,1.02192,1.75,1.12
2016.11.02 08:44:03.994,1.02169,1.02191,1.50,1.50
2016.11.02 08:44:04.145,1.02168,1.02189,1.00,1.00
2016.11.02 08:44:04.535,1.02173,1.02189,1.00,1.00
2016.11.02 08:44:05.735,1.02173,1.02192,1.00,1.50
2016.11.02 08:44:08.646,1.02168,1.02192,1.75,1.50
2016.11.02 08:44:08.798,1.02169,1.0219,1.00,1.37
2016.11.02 08:44:10.535,1.02169,1.02188,1.00,1.00
2016.11.02 08:44:11.499,1.02168,1.02188,1.00,1.00
2016.11.02 08:44:11.751,1.02169,1.02191,1.50,1.50
2016.11.02 08:44:12.018,1.02168,1.02191,1.12,1.75
2016.11.02 08:44:12.566,1.02169,1.0219,1.00,1.50
2016.11.02 08:44:14.241,1.02168,1.02192,1.12,1.75
2016.11.02 08:44:15.135,1.02168,1.0219,1.50,1.12
2016.11.02 08:44:15.348,1.02173,1.0219,1.00,1.12
2016.11.02 08:44:15.549,1.02168,1.02189,1.00,1.50
2016.11.02 08:44:16.030,1.02168,1.02187,1.00,1.00
2016.11.02 08:44:16.545,1.02169,1.02188,1.00,1.00
2016.11.02 08:44:17.097,1.02169,1.02188,1.00,1.50
2016.11.02 08:44:17.642,1.02169,1.02188,1.00,1.50
2016.11.02 08:44:18.593,1.02169,1.02188,1.00,1.12
2016.11.02 08:44:19.094,1.02168,1.02188,1.00,1.00
2016.11.02 08:44:19.643,1.02168,1.02189,1.00,1.00
2016.11.02 08:44:20.450,1.02169,1.02189,1.00,1.00
2016.11.02 08:44:22.816,1.02169,1.0219,1.00,1.75
2016.11.02 08:44:25.493,1.02168,1.02188,1.00,1.50
2016.11.02 08:44:26.106,1.02168,1.02188,1.12,1.50
2016.11.02 08:44:26.207,1.02164,1.02188,2.25,1.37
2016.11.02 08:44:26.963,1.02164,1.02188,1.50,1.75
2016.11.02 08:44:27.432,1.02164,1.02188,2.25,1.37
2016.11.02 08:44:27.483,1.02168,1.0219,1.12,2.25
2016.11.02 08:44:27.534,1.02168,1.0219,1.00,2.25
2016.11.02 08:44:27.584,1.02164,1.02188,2.25,1.75
2016.11.02 08:44:28.295,1.02168,1.02189,1.00,1.75
2016.11.02 08:44:28.496,1.02164,1.02188,2.25,1.75
2016.11.02 08:44:28.648,1.02164,1.02188,1.75,1.37
2016.11.02 08:44:29.050,1.02169,1.0219,1.12,1.37
2016.11.02 08:44:29.925,1.02169,1.0219,1.00,1.37
2016.11.02 08:44:30.442,1.02168,1.02189,1.00,1.75
2016.11.02 08:44:30.991,1.02169,1.02188,1.00,1.50
2016.11.02 08:44:31.258,1.02164,1.02188,2.25,1.50
2016.11.02 08:44:32.287,1.02164,1.02188,1.50,1.50
2016.11.02 08:44:33.465,1.02168,1.02189,1.12,1.00
2016.11.02 08:44:33.992,1.02168,1.0219,1.12,1.12
2016.11.02 08:44:35.153,1.02167,1.0219,1.00,1.37
2016.11.02 08:44:35.468,1.02169,1.02193,1.50,1.75
2016.11.02 08:44:36.652,1.02166,1.02192,1.75,1.75
2016.11.02 08:44:36.804,1.02169,1.02192,1.50,1.37
2016.11.02 08:44:36.905,1.02169,1.02195,1.75,1.50
2016.11.02 08:44:37.428,1.02169,1.02193,2.25,1.12
2016.11.02 08:44:37.616,1.02171,1.02193,1.00,1.50
2016.11.02 08:44:38.177,1.02169,1.02191,1.75,1.12
2016.11.02 08:44:38.500,1.02168,1.02192,1.50,1.75
2016.11.02 08:44:38.954,1.02169,1.02192,1.00,1.75
2016.11.02 08:44:39.793,1.02169,1.02192,1.37,1.75
2016.11.02 08:44:41.446,1.02168,1.02193,3.00,1.12
2016.11.02 08:44:45.165,1.0217,1.02194,1.50,1.50
2016.11.02 08:44:48.395,1.02174,1.02196,1.50,1.50
2016.11.02 08:44:49.091,1.02174,1.02195,1.00,1.00
2016.11.02 08:44:51.583,1.02174,1.02195,1.12,1.37
2016.11.02 08:44:54.872,1.02174,1.02195,1.12,1.50
2016.11.02 08:44:55.398,1.02174,1.02195,1.00,1.00
2016.11.02 08:44:56.730,1.02173,1.02197,1.00,1.00
2016.11.02 08:44:58.547,1.02174,1.02197,1.00,1.00
2016.11.02 08:44:59.499,1.02174,1.02195,1.00,1.00
2016.11.02 08:44:59.744,1.02169,1.02195,1.00,1.00
2016.11.02 08:44:59.845,1.02173,1.02195,1.00,1.00
2016.11.02 08:45:00.200,1.02173,1.02193,1.00,1.00
2016.11.02 08:45:00.351,1.02169,1.02194,1.00,1.00
2016.11.02 08:45:00.871,1.02168,1.02193,1.00,1.00
2016.11.02 08:45:01.405,1.02169,1.02195,1.50,1.00
2016.11.02 08:45:01.557,1.02174,1.02194,1.00,1.00
2016.11.02 08:45:01.840,1.02169,1.02194,1.00,1.00
2016.11.02 08:45:02.193,1.02169,1.02192,1.12,1.00
2016.11.02 08:45:02.730,1.02168,1.02193,2.25,1.00
2016.11.02 08:45:03.034,1.02173,1.02195,1.00,1.12
2016.11.02 08:45:03.341,1.02173,1.02195,1.50,1.37
2016.11.02 08:45:03.871,1.02174,1.02193,1.00,1.00
2016.11.02 08:45:04.520,1.02173,1.02193,1.00,1.12
2016.11.02 08:45:05.405,1.02173,1.02193,1.37,1.00
2016.11.02 08:45:07.547,1.02173,1.02193,1.00,1.00
2016.11.02 08:45:07.648,1.02173,1.02195,1.50,1.00
2016.11.02 08:45:07.749,1.02173,1.02197,1.75,1.12
2016.11.02 08:45:08.014,1.02172,1.02197,2.25,1.00
2016.11.02 08:45:08.115,1.02174,1.02199,3.37,1.50
2016.11.02 08:45:08.166,1.02174,1.02199,3.37,1.12
2016.11.02 08:45:08.696,1.02179,1.02198,1.12,1.00
2016.11.02 08:45:11.255,1.02175,1.02199,1.75,1.12
2016.11.02 08:45:13.040,1.02174,1.02198,2.62,1.00
2016.11.02 08:45:13.328,1.02177,1.02198,1.00,1.50
2016.11.02 08:45:13.832,1.02174,1.02197,3.37,1.00
2016.11.02 08:45:13.933,1.02174,1.02199,3.37,1.12
2016.11.02 08:45:14.760,1.02177,1.02198,1.00,1.00
2016.11.02 08:45:14.861,1.02174,1.02196,1.75,1.12
2016.11.02 08:45:15.547,1.02173,1.02197,2.25,1.00
2016.11.02 08:45:15.850,1.02175,1.02197,1.00,1.50
2016.11.02 08:45:16.745,1.02173,1.02196,1.75,1.00
2016.11.02 08:45:17.097,1.02174,1.02194,1.37,1.12
2016.11.02 08:45:17.645,1.02174,1.02193,1.37,1.00
2016.11.02 08:45:18.145,1.02173,1.02193,1.00,1.12
2016.11.02 08:45:18.466,1.02169,1.02191,1.75,1.00
2016.11.02 08:45:19.045,1.02169,1.02192,1.75,1.00
2016.11.02 08:45:21.756,1.02169,1.02194,1.75,1.50
2016.11.02 08:45:22.376,1.02169,1.02193,1.75,1.50
2016.11.02 08:45:22.711,1.02169,1.02192,1.37,1.50
2016.11.02 08:45:22.762,1.02168,1.0219,1.50,1.50
2016.11.02 08:45:22.863,1.02168,1.0219,1.12,1.75
2016.11.02 08:45:23.394,1.02165,1.0219,1.75,1.12
2016.11.02 08:45:24.191,1.02169,1.02188,1.00,1.00
2016.11.02 08:45:25.347,1.02169,1.02187,1.00,1.00
2016.11.02 08:45:26.197,1.02168,1.02187,1.00,1.00
2016.11.02 08:45:26.838,1.02168,1.02188,1.00,1.50
2016.11.02 08:45:27.400,1.02168,1.02187,1.00,1.00
2016.11.02 08:45:27.913,1.02169,1.02188,1.00,1.00
2016.11.02 08:45:28.285,1.02163,1.02186,4.12,1.00
2016.11.02 08:45:28.335,1.02163,1.02188,4.87,1.00
2016.11.02 08:45:28.839,1.0217,1.02189,1.00,1.00
2016.11.02 08:45:29.387,1.02169,1.02188,1.00,1.00
2016.11.02 08:45:30.419,1.02163,1.02188,2.25,1.00
2016.11.02 08:45:31.113,1.02169,1.02187,1.00,1.00
2016.11.02 08:45:31.265,1.02167,1.02187,1.00,1.00
2016.11.02 08:45:31.719,1.02166,1.02188,3.37,1.00
2016.11.02 08:45:32.038,1.02165,1.02188,1.75,1.12
2016.11.02 08:45:32.542,1.02168,1.02187,1.12,1.00
2016.11.02 08:45:33.044,1.02169,1.02187,1.00,1.12
2016.11.02 08:45:33.397,1.02168,1.02188,1.75,1.00
2016.11.02 08:45:33.498,1.02168,1.02188,1.12,1.00
2016.11.02 08:45:33.666,1.02168,1.02191,1.12,1.50
2016.11.02 08:45:33.917,1.02168,1.02191,1.75,1.50
2016.11.02 08:45:35.059,1.02168,1.02189,1.75,1.00
2016.11.02 08:45:35.587,1.02169,1.0219,1.50,1.12
2016.11.02 08:45:35.853,1.02168,1.02189,1.00,1.00
2016.11.02 08:45:36.004,1.02169,1.02191,1.50,1.12
2016.11.02 08:45:36.709,1.02169,1.02191,1.50,1.37
2016.11.02 08:45:37.317,1.02169,1.02191,1.37,1.00
2016.11.02 08:45:37.368,1.02171,1.02193,1.00,1.50
2016.11.02 08:45:37.654,1.02174,1.02193,1.00,1.00
2016.11.02 08:45:37.756,1.02171,1.02193,1.00,1.50
2016.11.02 08:45:38.197,1.02169,1.02193,2.62,1.12
2016.11.02 08:45:38.348,1.02169,1.02193,1.75,1.12
2016.11.02 08:45:38.499,1.02171,1.02192,1.00,1.37
2016.11.02 08:45:38.844,1.02169,1.02188,1.75,1.00
2016.11.02 08:45:39.351,1.02169,1.02189,1.75,1.00
2016.11.02 08:45:39.543,1.02169,1.02189,1.50,1.00
2016.11.02 08:45:40.141,1.02169,1.0219,1.50,1.00
2016.11.02 08:45:40.444,1.02169,1.02193,1.50,1.50
2016.11.02 08:45:40.746,1.02169,1.02194,4.87,1.12
2016.11.02 08:45:43.301,1.02169,1.02193,4.12,1.00
2016.11.02 08:45:44.072,1.02173,1.02195,1.50,1.50
2016.11.02 08:45:44.485,1.02173,1.02195,1.00,2.25
2016.11.02 08:45:44.687,1.02168,1.02195,2.25,2.25
2016.11.02 08:45:45.955,1.02173,1.02193,1.00,1.75
2016.11.02 08:45:46.198,1.02169,1.02193,2.25,1.75
2016.11.02 08:45:47.245,1.02169,1.02193,2.25,1.50
2016.11.02 08:45:47.497,1.02174,1.02193,1.00,1.50
2016.11.02 08:45:47.788,1.02169,1.02194,2.25,1.75
2016.11.02 08:45:49.060,1.02174,1.02194,1.00,1.75
2016.11.02 08:45:51.018,1.02174,1.02193,1.12,1.00
2016.11.02 08:45:51.419,1.02174,1.02195,1.12,1.12
2016.11.02 08:45:51.722,1.02174,1.02194,1.12,1.37
2016.11.02 08:45:52.040,1.02169,1.02192,1.75,1.12
2016.11.02 08:45:52.141,1.0217,1.02192,1.00,1.50
2016.11.02 08:45:52.646,1.02169,1.02192,1.37,1.50
2016.11.02 08:45:53.195,1.0217,1.02192,1.00,1.50
2016.11.02 08:45:53.737,1.0217,1.02191,1.00,1.00
2016.11.02 08:45:55.155,1.02168,1.02189,1.37,1.12
2016.11.02 08:45:55.205,1.02168,1.02189,1.00,1.50
2016.11.02 08:45:55.723,1.02169,1.02189,1.00,1.00
2016.11.02 08:45:56.277,1.02169,1.02188,1.00,1.00
2016.11.02 08:45:56.821,1.02169,1.0219,1.12,1.50
2016.11.02 08:46:08.759,1.02164,1.0219,1.75,1.75
2016.11.02 08:46:09.162,1.02168,1.02189,1.00,1.00
2016.11.02 08:46:09.263,1.02168,1.02189,1.37,1.00
2016.11.02 08:46:10.767,1.02169,1.02191,1.50,1.37
2016.11.02 08:46:11.401,1.0217,1.02191,1.00,1.00
2016.11.02 08:46:11.944,1.0217,1.02192,1.00,1.50
2016.11.02 08:46:13.172,1.0217,1.02191,1.00,1.00
2016.11.02 08:46:13.493,1.02168,1.02189,1.00,1.00
2016.11.02 08:46:14.196,1.02168,1.02191,1.37,1.75
2016.11.02 08:46:14.499,1.02169,1.02192,1.75,1.50
2016.11.02 08:46:16.794,1.02168,1.02193,1.75,1.50
2016.11.02 08:46:17.390,1.02172,1.02193,1.00,1.50
2016.11.02 08:46:19.093,1.02172,1.02192,1.00,1.00
2016.11.02 08:46:19.854,1.02172,1.02191,1.00,1.00
2016.11.02 08:46:20.156,1.02172,1.02193,1.00,1.50
2016.11.02 08:46:20.879,1.02168,1.02191,1.75,1.37
2016.11.02 08:46:20.929,1.02168,1.02191,1.50,1.37
2016.11.02 08:46:21.081,1.02168,1.02191,1.50,1.00
2016.11.02 08:46:21.584,1.02169,1.02192,1.50,1.37
2016.11.02 08:46:21.635,1.02169,1.02192,1.12,1.75
2016.11.02 08:46:22.794,1.02169,1.02189,1.37,1.00
2016.11.02 08:46:23.297,1.02169,1.02192,1.37,1.50
2016.11.02 08:46:25.513,1.02169,1.0219,1.12,1.37
2016.11.02 08:46:25.715,1.02169,1.02191,1.12,1.50
2016.11.02 08:46:25.816,1.02165,1.02191,4.12,1.00
2016.11.02 08:46:26.213,1.02169,1.02191,1.37,1.37
2016.11.02 08:46:26.515,1.02169,1.02187,1.00,1.00
2016.11.02 08:46:26.666,1.02169,1.02191,1.37,1.37
2016.11.02 08:46:26.926,1.02169,1.02191,1.00,1.37
2016.11.02 08:46:27.530,1.02169,1.02191,1.12,1.50
2016.11.02 08:46:27.581,1.02169,1.02191,1.12,1.12
2016.11.02 08:46:28.074,1.02165,1.02189,2.25,1.00
2016.11.02 08:46:28.175,1.02168,1.02191,1.50,1.12
2016.11.02 08:46:28.226,1.02174,1.02191,1.00,1.37
2016.11.02 08:46:28.377,1.02174,1.02196,1.00,3.37
2016.11.02 08:46:28.428,1.02173,1.02193,1.37,1.00
2016.11.02 08:46:28.529,1.02173,1.02196,1.37,1.50
2016.11.02 08:46:29.046,1.02173,1.02196,1.75,1.12
2016.11.02 08:46:29.604,1.02173,1.02197,1.75,1.12
2016.11.02 08:46:30.023,1.02175,1.02197,1.00,1.37
2016.11.02 08:46:32.119,1.02174,1.02195,1.00,1.37
2016.11.02 08:46:33.140,1.02174,1.02195,1.12,1.75
2016.11.02 08:46:33.513,1.02171,1.02193,1.00,1.12
2016.11.02 08:46:33.726,1.0217,1.02193,1.00,1.37
2016.11.02 08:46:34.268,1.02169,1.02193,1.12,1.75
2016.11.02 08:46:34.696,1.02166,1.02187,1.00,1.00
2016.11.02 08:46:34.747,1.02168,1.02187,1.00,1.12
2016.11.02 08:46:34.848,1.02165,1.02186,1.00,1.00
2016.11.02 08:46:34.949,1.02164,1.02186,1.37,1.50
2016.11.02 08:46:35.464,1.02164,1.02188,1.75,1.12
2016.11.02 08:46:35.789,1.02164,1.02185,1.75,1.00
2016.11.02 08:46:36.091,1.02167,1.02189,1.00,1.50
2016.11.02 08:46:36.142,1.02168,1.0219,1.00,2.62
2016.11.02 08:46:36.293,1.02169,1.02193,1.75,1.12
2016.11.02 08:46:36.404,1.02169,1.02193,4.12,1.12
2016.11.02 08:46:36.555,1.02172,1.02194,1.12,1.75
2016.11.02 08:46:36.656,1.02172,1.02199,4.87,1.75
2016.11.02 08:46:37.170,1.02173,1.02199,1.50,2.25
2016.11.02 08:46:37.486,1.02179,1.02198,1.00,1.75
2016.11.02 08:46:37.637,1.02173,1.02198,2.25,1.75
2016.11.02 08:46:39.664,1.02179,1.02196,1.00,1.50
2016.11.02 08:46:39.866,1.02179,1.02196,1.00,1.00
2016.11.02 08:46:40.377,1.02179,1.02197,1.00,1.50
2016.11.02 08:46:40.478,1.02173,1.02197,1.75,1.50
2016.11.02 08:46:40.579,1.02174,1.02196,1.35,1.00
2016.11.02 08:46:40.685,1.02174,1.02199,1.35,1.75
2016.11.02 08:46:40.988,1.02179,1.02199,1.50,1.00
2016.11.02 08:46:41.294,1.02179,1.02197,1.50,1.00
2016.11.02 08:46:42.486,1.02179,1.02198,1.50,1.00
2016.11.02 08:46:43.110,1.02179,1.022,1.50,1.00
2016.11.02 08:46:43.211,1.02179,1.02197,1.50,1.00
2016.11.02 08:46:44.895,1.02179,1.02198,1.12,1.12
2016.11.02 08:46:44.996,1.02179,1.02196,1.12,1.00
2016.11.02 08:46:45.421,1.02174,1.02195,1.75,1.00
2016.11.02 08:46:45.491,1.02174,1.02195,1.50,1.00
2016.11.02 08:46:46.096,1.02174,1.02195,1.12,1.50
2016.11.02 08:46:46.777,1.02174,1.02195,1.00,1.75
2016.11.02 08:46:47.281,1.02173,1.02193,1.12,1.37
2016.11.02 08:46:48.651,1.02174,1.02194,1.00,1.50
2016.11.02 08:46:48.825,1.02173,1.02194,1.37,1.12
2016.11.02 08:46:49.027,1.02174,1.02198,1.50,1.50
2016.11.02 08:46:49.078,1.02174,1.02198,1.75,1.12
2016.11.02 08:46:49.279,1.02174,1.02198,1.12,1.75
2016.11.02 08:46:49.871,1.02174,1.02195,1.12,1.00
2016.11.02 08:46:49.972,1.0217,1.02195,1.75,1.37
2016.11.02 08:46:50.123,1.02172,1.02194,1.00,1.00
2016.11.02 08:46:50.174,1.02174,1.02194,1.00,1.00
2016.11.02 08:46:50.476,1.02179,1.02194,1.00,1.00
2016.11.02 08:46:50.905,1.02174,1.02194,1.00,1.00
2016.11.02 08:46:51.006,1.02174,1.02195,1.00,1.75
2016.11.02 08:46:51.349,1.02178,1.02193,1.00,1.00
2016.11.02 08:46:51.872,1.02179,1.02196,1.00,1.75
2016.11.02 08:46:52.496,1.02179,1.02199,1.00,1.75
2016.11.02 08:46:53.013,1.02179,1.02198,1.00,2.25
2016.11.02 08:46:53.215,1.02179,1.02199,1.00,1.50
2016.11.02 08:46:53.717,1.02175,1.022,1.75,1.75
2016.11.02 08:46:53.947,1.02175,1.022,1.75,1.75
2016.11.02 08:46:54.491,1.02178,1.022,1.00,1.75
2016.11.02 08:46:55.295,1.02179,1.022,1.00,1.75
2016.11.02 08:46:55.666,1.02183,1.022,1.00,1.75
2016.11.02 08:46:55.716,1.02183,1.02201,1.00,1.50
2016.11.02 08:46:56.220,1.02184,1.02202,1.00,1.75
2016.11.02 08:46:56.514,1.02179,1.02202,1.12,1.75
2016.11.02 08:46:56.988,1.02184,1.02202,1.00,1.75
2016.11.02 08:47:00.901,1.02178,1.02199,1.00,1.00
2016.11.02 08:47:01.493,1.02179,1.02199,1.00,1.00
2016.11.02 08:47:03.140,1.02179,1.02198,1.00,1.75
2016.11.02 08:47:03.468,1.02178,1.02195,1.00,2.25
2016.11.02 08:47:04.007,1.02179,1.02195,1.00,1.37
2016.11.02 08:47:05.345,1.02179,1.02193,1.00,1.00
2016.11.02 08:47:06.215,1.02174,1.02193,1.00,1.00
2016.11.02 08:47:06.748,1.02174,1.02195,1.00,1.75
2016.11.02 08:47:07.271,1.02173,1.02195,1.00,1.75
2016.11.02 08:47:08.302,1.02179,1.02194,1.00,1.75
2016.11.02 08:47:10.353,1.02179,1.02196,1.00,1.50
2016.11.02 08:47:10.826,1.02173,1.02195,1.37,1.37
2016.11.02 08:47:12.692,1.02179,1.02195,1.00,1.37
2016.11.02 08:47:13.502,1.02173,1.02195,1.37,1.37
2016.11.02 08:47:14.277,1.02173,1.02194,1.37,1.50
2016.11.02 08:47:14.942,1.02173,1.02194,1.00,1.75
2016.11.02 08:47:15.143,1.02174,1.02195,1.00,4.12
2016.11.02 08:47:15.539,1.02173,1.02194,1.00,1.50
2016.11.02 08:47:15.640,1.02179,1.02196,1.00,1.75
2016.11.02 08:47:15.842,1.02174,1.02196,1.12,1.75
2016.11.02 08:47:16.393,1.02174,1.02196,1.12,1.50
2016.11.02 08:47:16.845,1.02174,1.02196,1.00,1.75
2016.11.02 08:47:17.500,1.02173,1.02196,1.12,1.75
2016.11.02 08:47:18.125,1.02179,1.02197,1.00,1.75
2016.11.02 08:47:18.512,1.02174,1.02197,1.00,1.75
2016.11.02 08:47:18.714,1.02178,1.02197,1.00,1.75
2016.11.02 08:47:19.409,1.02179,1.02198,1.00,1.75
2016.11.02 08:47:20.634,1.02178,1.02194,1.00,1.50
2016.11.02 08:47:21.822,1.02179,1.02196,1.00,1.75
2016.11.02 08:47:23.543,1.02178,1.02196,1.00,1.75
2016.11.02 08:47:24.808,1.02179,1.02196,1.00,1.75
2016.11.02 08:47:25.346,1.02178,1.02197,1.00,1.75
2016.11.02 08:47:25.627,1.02179,1.02198,1.00,1.50
2016.11.02 08:47:26.192,1.02178,1.02199,1.00,1.75
2016.11.02 08:47:27.172,1.02178,1.02199,1.00,1.50
2016.11.02 08:47:27.690,1.02179,1.02199,1.00,1.50
2016.11.02 08:47:27.791,1.02179,1.02199,1.00,1.75
2016.11.02 08:47:28.332,1.02179,1.02198,1.00,2.25
2016.11.02 08:47:30.449,1.02178,1.02197,1.00,1.75
2016.11.02 08:47:31.331,1.02174,1.02197,1.12,2.25
2016.11.02 08:47:31.382,1.02174,1.02193,1.00,1.00
2016.11.02 08:47:31.845,1.02178,1.02194,1.00,1.37
2016.11.02 08:47:32.460,1.02174,1.02194,1.00,1.37
2016.11.02 08:47:33.645,1.02178,1.02194,1.00,1.37
2016.11.02 08:47:34.146,1.02173,1.02194,1.12,1.37
2016.11.02 08:47:35.493,1.02173,1.02192,1.00,1.00
2016.11.02 08:47:35.994,1.02173,1.02194,1.00,1.75
2016.11.02 08:47:37.044,1.02174,1.02194,1.00,1.75
2016.11.02 08:47:37.188,1.02174,1.02191,1.00,1.75
2016.11.02 08:47:37.239,1.02169,1.02191,1.00,1.75
2016.11.02 08:47:37.340,1.02174,1.02191,1.00,1.75
2016.11.02 08:47:37.441,1.02169,1.02189,1.00,1.75
2016.11.02 08:47:37.592,1.02169,1.02191,1.12,1.50
2016.11.02 08:47:37.744,1.02174,1.02191,1.00,1.50
2016.11.02 08:47:38.304,1.02174,1.02191,1.00,1.12
2016.11.02 08:47:39.293,1.02174,1.02191,1.00,1.50
2016.11.02 08:47:39.344,1.02168,1.02191,1.37,1.50
2016.11.02 08:47:39.394,1.02168,1.02187,1.00,1.75
2016.11.02 08:47:39.680,1.02163,1.02183,1.00,1.75
2016.11.02 08:47:39.731,1.02163,1.02183,1.00,1.75
2016.11.02 08:47:40.033,1.02164,1.02187,1.00,1.75
2016.11.02 08:47:40.084,1.02167,1.02188,1.00,2.62
2016.11.02 08:47:40.134,1.02167,1.02187,1.00,1.00
2016.11.02 08:47:40.336,1.02169,1.02192,1.00,3.37
2016.11.02 08:47:40.566,1.02164,1.02185,1.50,1.00
2016.11.02 08:47:40.616,1.02164,1.02187,1.00,3.37
2016.11.02 08:47:41.146,1.02163,1.02185,1.00,1.75
2016.11.02 08:47:41.297,1.02163,1.02184,1.00,1.00
2016.11.02 08:47:41.902,1.02165,1.02184,1.00,1.00
2016.11.02 08:47:42.003,1.02168,1.02189,1.00,1.00
2016.11.02 08:47:42.154,1.02173,1.02189,1.00,1.00
2016.11.02 08:47:43.068,1.02174,1.02189,1.00,1.00
2016.11.02 08:47:43.471,1.02178,1.02189,1.00,1.00
2016.11.02 08:47:43.572,1.02174,1.02195,1.00,4.87
2016.11.02 08:47:43.673,1.02174,1.02198,1.12,3.37
2016.11.02 08:47:43.845,1.02179,1.02198,1.00,3.37
2016.11.02 08:47:44.249,1.02174,1.02198,1.12,3.37
2016.11.02 08:47:44.552,1.02179,1.02198,1.00,3.37
2016.11.02 08:47:49.591,1.02178,1.02198,1.00,3.37
2016.11.02 08:47:56.819,1.02178,1.02198,1.00,1.75
2016.11.02 08:47:57.341,1.02178,1.02196,1.00,1.00
2016.11.02 08:47:57.895,1.02174,1.02196,1.50,1.00
2016.11.02 08:47:58.165,1.02178,1.02196,1.00,1.00
2016.11.02 08:47:58.956,1.02179,1.02196,1.00,1.00
2016.11.02 08:47:59.274,1.02179,1.02198,1.00,1.75
2016.11.02 08:47:59.791,1.02179,1.02198,1.00,1.75
2016.11.02 08:47:59.892,1.02173,1.02198,1.87,1.75
2016.11.02 08:47:59.943,1.02175,1.02197,1.00,1.00
2016.11.02 08:48:00.195,1.02179,1.02197,1.00,1.00
2016.11.02 08:48:01.755,1.02179,1.02199,1.00,1.75
2016.11.02 08:48:01.855,1.02179,1.02198,1.00,1.75
2016.11.02 08:48:03.597,1.02174,1.02197,1.12,1.50
2016.11.02 08:48:03.748,1.02174,1.02197,1.75,1.00
2016.11.02 08:48:04.256,1.02178,1.02198,1.00,1.50
2016.11.02 08:48:04.769,1.02178,1.02198,1.00,1.12
2016.11.02 08:48:05.341,1.02178,1.02198,1.00,1.50
2016.11.02 08:48:06.166,1.02178,1.02198,1.00,1.75
2016.11.02 08:48:06.667,1.02179,1.02198,1.00,1.75
2016.11.02 08:48:08.890,1.02179,1.02196,1.00,1.75
2016.11.02 08:48:09.599,1.02179,1.02196,1.00,1.12
2016.11.02 08:48:09.875,1.02179,1.02196,1.00,1.75
2016.11.02 08:48:10.191,1.02179,1.02196,1.00,1.12
2016.11.02 08:48:10.292,1.02179,1.02196,1.00,1.50
2016.11.02 08:48:10.498,1.02179,1.02196,1.00,1.00
2016.11.02 08:48:12.275,1.02178,1.02196,1.12,1.00
2016.11.02 08:48:13.305,1.02178,1.02197,1.12,1.00
2016.11.02 08:48:13.808,1.02178,1.02197,1.00,1.50
2016.11.02 08:48:14.983,1.02179,1.02197,1.00,1.12
2016.11.02 08:48:15.530,1.02178,1.02199,1.12,1.50
2016.11.02 08:48:16.594,1.02179,1.02198,1.00,1.00
2016.11.02 08:48:17.241,1.02179,1.02199,1.00,1.00
2016.11.02 08:48:17.392,1.02179,1.02199,1.00,1.50
2016.11.02 08:48:17.991,1.02184,1.02199,1.00,1.50
2016.11.02 08:48:20.298,1.02179,1.02199,1.00,1.50
2016.11.02 08:48:20.348,1.02179,1.02195,1.00,1.00
2016.11.02 08:48:20.499,1.02173,1.02192,1.75,1.00
2016.11.02 08:48:21.045,1.02174,1.02192,1.00,1.50
2016.11.02 08:48:21.594,1.02174,1.02191,1.00,1.00
2016.11.02 08:48:22.717,1.02174,1.0219,1.00,1.00
2016.11.02 08:48:24.714,1.02173,1.0219,1.00,1.00
2016.11.02 08:48:25.815,1.02174,1.0219,1.00,1.00
2016.11.02 08:48:26.389,1.02174,1.02192,1.00,1.50
2016.11.02 08:48:27.758,1.02174,1.02193,1.00,1.00
2016.11.02 08:48:27.859,1.02178,1.02193,1.00,1.00
2016.11.02 08:48:28.362,1.02178,1.02194,1.00,1.00
2016.11.02 08:48:29.363,1.02174,1.02194,1.00,1.00
2016.11.02 08:48:29.464,1.02174,1.02196,1.50,1.50
2016.11.02 08:48:29.514,1.02174,1.02196,1.50,1.75
2016.11.02 08:48:30.058,1.02173,1.02196,1.50,1.75
2016.11.02 08:48:32.361,1.02178,1.02196,1.00,1.75
2016.11.02 08:48:32.563,1.02179,1.02196,1.00,1.12
2016.11.02 08:48:35.731,1.02178,1.02196,1.00,1.12
2016.11.02 08:48:37.540,1.02179,1.02196,1.00,1.12
2016.11.02 08:48:37.655,1.02179,1.02196,1.00,1.50
2016.11.02 08:48:38.543,1.02174,1.02196,1.12,1.50
2016.11.02 08:48:40.557,1.02174,1.02197,1.12,1.50
2016.11.02 08:48:41.128,1.02174,1.02197,1.00,1.75
2016.11.02 08:48:41.757,1.02174,1.02197,1.37,1.50
2016.11.02 08:48:42.309,1.02174,1.02197,1.75,1.37
2016.11.02 08:48:42.360,1.02179,1.02201,1.12,1.75
2016.11.02 08:48:42.461,1.02179,1.02201,1.37,1.37
2016.11.02 08:48:42.562,1.02179,1.02204,1.75,1.75
2016.11.02 08:48:42.663,1.02178,1.02204,1.50,2.25
2016.11.02 08:48:42.864,1.02183,1.02204,1.00,2.25
2016.11.02 08:48:44.862,1.02183,1.02202,1.00,1.75
2016.11.02 08:48:45.392,1.02184,1.02202,1.00,1.75
2016.11.02 08:48:46.263,1.02179,1.02202,1.50,1.75
2016.11.02 08:48:46.461,1.0218,1.02201,1.00,1.00
2016.11.02 08:48:46.562,1.02183,1.02202,1.00,1.00
2016.11.02 08:48:47.197,1.0218,1.02202,1.00,1.00
2016.11.02 08:48:47.247,1.0218,1.02204,1.67,1.50
2016.11.02 08:48:47.785,1.02183,1.02204,1.00,1.75
2016.11.02 08:48:47.886,1.02183,1.02204,1.00,1.12
2016.11.02 08:48:48.389,1.02183,1.02203,1.00,1.00
2016.11.02 08:48:48.894,1.02183,1.02204,1.00,1.50
2016.11.02 08:48:51.680,1.02183,1.02206,1.00,1.75
2016.11.02 08:48:53.788,1.02183,1.02207,1.00,2.25
2016.11.02 08:48:54.294,1.02183,1.02207,1.00,2.25
2016.11.02 08:48:55.792,1.02183,1.02204,1.00,1.00
2016.11.02 08:48:55.893,1.02183,1.02207,1.00,2.25
2016.11.02 08:48:56.493,1.02183,1.02207,1.12,2.25
2016.11.02 08:49:00.579,1.02183,1.02205,1.00,1.75
2016.11.02 08:49:00.914,1.02182,1.02204,1.00,1.00
2016.11.02 08:49:01.016,1.02188,1.02208,1.00,1.75
2016.11.02 08:49:01.590,1.02189,1.02209,1.00,4.12
2016.11.02 08:49:02.999,1.02189,1.02209,1.00,2.25
2016.11.02 08:49:03.100,1.02188,1.02206,1.00,1.00
2016.11.02 08:49:03.318,1.02189,1.0221,1.00,1.00
2016.11.02 08:49:03.520,1.02193,1.02214,1.00,1.75
2016.11.02 08:49:03.621,1.02193,1.02214,1.12,1.37
2016.11.02 08:49:03.671,1.02193,1.02214,1.12,1.75
2016.11.02 08:49:03.973,1.02193,1.02214,1.00,1.75
2016.11.02 08:49:04.417,1.02194,1.02211,1.00,1.50
2016.11.02 08:49:04.518,1.02193,1.0221,1.00,1.50
2016.11.02 08:49:04.619,1.02189,1.0221,1.00,1.50
2016.11.02 08:49:04.821,1.02193,1.02211,1.00,1.50
2016.11.02 08:49:05.289,1.02194,1.02214,1.00,3.37
2016.11.02 08:49:05.818,1.02193,1.02214,1.00,3.37
2016.11.02 08:49:05.979,1.02188,1.02214,2.25,3.37
2016.11.02 08:49:06.130,1.02188,1.02214,3.75,2.62
2016.11.02 08:49:06.231,1.02194,1.02214,1.00,1.00
2016.11.02 08:49:06.735,1.02194,1.02213,1.00,1.00
2016.11.02 08:49:06.892,1.02199,1.02213,1.00,1.00
2016.11.02 08:49:07.578,1.02193,1.02213,1.00,1.00
2016.11.02 08:49:08.092,1.02198,1.02213,1.00,1.00
2016.11.02 08:49:08.466,1.02198,1.02217,1.00,1.75
2016.11.02 08:49:09.905,1.02198,1.02217,1.00,1.75
2016.11.02 08:49:10.442,1.02199,1.02217,1.00,1.75
2016.11.02 08:49:13.299,1.02193,1.02217,2.25,1.75
2016.11.02 08:49:13.752,1.02199,1.02219,1.00,1.75
2016.11.02 08:49:15.604,1.02198,1.02219,1.00,1.75
2016.11.02 08:49:15.908,1.02203,1.02219,1.00,1.75
2016.11.02 08:49:16.411,1.02198,1.02217,1.00,1.75
2016.11.02 08:49:16.513,1.02203,1.02219,1.00,1.75
2016.11.02 08:49:16.614,1.02203,1.02219,1.00,1.50
2016.11.02 08:49:16.716,1.02204,1.02219,1.00,1.75
2016.11.02 08:49:16.929,1.02199,1.02219,1.00,2.25
2016.11.02 08:49:18.101,1.02198,1.02219,1.00,2.25
2016.11.02 08:49:18.822,1.02199,1.02219,1.00,2.25
2016.11.02 08:49:19.852,1.02199,1.02219,1.00,2.25
2016.11.02 08:49:20.118,1.02204,1.02219,1.00,2.25
2016.11.02 08:49:20.322,1.02199,1.02221,1.00,1.75
2016.11.02 08:49:20.423,1.02204,1.02221,1.00,1.75
2016.11.02 08:49:20.524,1.02198,1.0222,1.12,1.50
2016.11.02 08:49:20.893,1.02194,1.02217,1.00,1.75
2016.11.02 08:49:21.196,1.02193,1.02216,2.10,1.37
2016.11.02 08:49:21.246,1.02198,1.02219,1.00,1.75
2016.11.02 08:49:21.398,1.02198,1.02219,1.00,2.25
2016.11.02 08:49:21.448,1.02193,1.02218,2.10,1.75
2016.11.02 08:49:22.244,1.02193,1.02218,1.75,1.75
2016.11.02 08:49:23.336,1.02194,1.02218,1.75,1.50
2016.11.02 08:49:23.538,1.02198,1.02218,1.00,2.25
2016.11.02 08:49:24.227,1.02195,1.02216,1.00,1.00
2016.11.02 08:49:24.429,1.02198,1.02216,1.00,1.00
2016.11.02 08:49:24.932,1.02198,1.0222,1.00,1.75
2016.11.02 08:49:25.756,1.02198,1.02219,1.50,1.50
2016.11.02 08:49:25.957,1.02199,1.02221,1.12,1.12
2016.11.02 08:49:26.097,1.02199,1.02221,1.50,1.37
2016.11.02 08:49:26.148,1.022,1.02222,1.00,1.00
2016.11.02 08:49:26.199,1.02199,1.02223,1.50,1.75
2016.11.02 08:49:26.517,1.02204,1.02221,1.00,3.37
2016.11.02 08:49:27.093,1.02204,1.02218,1.00,1.75
2016.11.02 08:49:27.143,1.02199,1.02218,1.00,3.37
2016.11.02 08:49:27.245,1.02195,1.02214,1.00,1.37
2016.11.02 08:49:27.346,1.02193,1.02213,1.00,1.75
2016.11.02 08:49:27.749,1.02194,1.02215,1.50,1.00
2016.11.02 08:49:27.850,1.02199,1.02215,1.00,1.00
2016.11.02 08:49:28.395,1.02199,1.02218,1.00,1.75
2016.11.02 08:49:28.712,1.02204,1.02218,1.00,1.75
2016.11.02 08:49:29.145,1.02199,1.02219,1.00,4.12
2016.11.02 08:49:29.844,1.02198,1.02219,1.00,3.37
2016.11.02 08:49:29.945,1.02198,1.02218,1.00,1.75
2016.11.02 08:49:30.147,1.02199,1.02216,1.00,3.37
2016.11.02 08:49:30.410,1.02193,1.02216,1.50,1.75
2016.11.02 08:49:30.561,1.02195,1.0222,1.37,2.62
2016.11.02 08:49:30.662,1.02203,1.02221,1.00,1.75
2016.11.02 08:49:30.720,1.02199,1.02221,1.00,1.75
2016.11.02 08:49:32.224,1.02199,1.02219,1.00,4.12
2016.11.02 08:49:32.543,1.02199,1.02216,1.00,2.62
2016.11.02 08:49:32.895,1.02199,1.02217,1.00,1.00
2016.11.02 08:49:33.426,1.02199,1.02219,1.00,1.75
2016.11.02 08:49:33.476,1.02203,1.02219,1.00,1.75
2016.11.02 08:49:33.728,1.02199,1.0222,1.00,1.75
2016.11.02 08:49:33.779,1.02199,1.02218,1.00,1.00
2016.11.02 08:49:33.830,1.02199,1.0222,1.00,2.25
2016.11.02 08:49:34.136,1.02204,1.0222,1.00,2.25
2016.11.02 08:49:35.149,1.02203,1.0222,1.00,1.75
2016.11.02 08:49:35.363,1.02198,1.0222,1.00,2.25
2016.11.02 08:49:35.464,1.02194,1.02213,1.50,1.00
2016.11.02 08:49:35.615,1.02194,1.02219,2.47,3.37
2016.11.02 08:49:35.867,1.02194,1.02221,2.85,2.25
2016.11.02 08:49:36.041,1.02199,1.02221,1.00,2.25
2016.11.02 08:49:36.533,1.02204,1.02221,1.00,1.75
2016.11.02 08:49:36.768,1.02197,1.02221,1.00,1.75
2016.11.02 08:49:37.104,1.02204,1.02221,1.00,1.75
2016.11.02 08:49:37.535,1.02198,1.02221,1.00,1.75
2016.11.02 08:49:38.358,1.02199,1.02218,1.00,1.50
2016.11.02 08:49:38.459,1.02199,1.02218,1.00,1.75
2016.11.02 08:49:38.561,1.02194,1.02218,1.00,1.75
2016.11.02 08:49:38.863,1.02199,1.02219,1.00,1.75
2016.11.02 08:49:39.596,1.02199,1.0222,1.00,2.25
2016.11.02 08:49:40.133,1.02198,1.0222,1.00,2.25
2016.11.02 08:49:40.385,1.02198,1.02221,1.37,1.50
2016.11.02 08:49:40.587,1.02204,1.02221,1.00,1.50
2016.11.02 08:49:45.460,1.02198,1.02219,1.37,1.00
2016.11.02 08:49:45.996,1.02203,1.02223,1.00,4.12
2016.11.02 08:49:46.784,1.02204,1.02222,1.00,1.75
2016.11.02 08:49:47.361,1.02203,1.02222,1.00,1.75
2016.11.02 08:49:48.096,1.02204,1.02223,1.00,3.37
2016.11.02 08:49:49.056,1.02203,1.02223,1.00,3.37
2016.11.02 08:49:49.579,1.02204,1.02223,1.00,5.25
2016.11.02 08:49:50.117,1.02204,1.02223,1.00,2.25
2016.11.02 08:49:50.620,1.02204,1.02221,1.00,1.75
2016.11.02 08:49:50.925,1.02203,1.02217,1.00,1.75
2016.11.02 08:49:51.567,1.02199,1.02217,1.00,1.75
2016.11.02 08:49:52.515,1.02199,1.02216,1.00,1.75
2016.11.02 08:49:52.631,1.02194,1.02218,3.60,1.12
2016.11.02 08:49:52.784,1.02203,1.02219,1.00,1.00
2016.11.02 08:49:53.188,1.02199,1.02219,1.50,1.00
2016.11.02 08:49:53.391,1.0219,1.02215,1.75,1.00
2016.11.02 08:49:53.441,1.0219,1.02216,1.75,1.75
2016.11.02 08:49:53.945,1.02194,1.02215,1.00,1.50
2016.11.02 08:49:54.300,1.02194,1.02214,1.00,1.75
2016.11.02 08:49:54.804,1.02193,1.02212,1.00,1.50
2016.11.02 08:49:55.106,1.02189,1.02211,1.37,1.75
2016.11.02 08:49:55.274,1.02184,1.02207,1.37,1.12
2016.11.02 08:49:55.325,1.02184,1.02207,1.00,1.00
2016.11.02 08:49:55.376,1.02189,1.02207,1.00,1.00
2016.11.02 08:49:55.829,1.02188,1.02209,1.00,1.00
2016.11.02 08:49:56.030,1.02188,1.02211,1.00,1.00
2016.11.02 08:49:56.317,1.02188,1.02209,1.00,1.00
2016.11.02 08:49:56.720,1.02194,1.0221,1.00,1.00
2016.11.02 08:49:56.821,1.02188,1.02209,1.00,1.00
2016.11.02 08:49:57.343,1.02188,1.0221,1.00,1.00
2016.11.02 08:49:57.879,1.02188,1.02209,1.00,1.00
2016.11.02 08:49:57.979,1.02188,1.02211,1.00,1.00
2016.11.02 08:49:58.080,1.02184,1.02211,1.50,1.00
2016.11.02 08:49:58.131,1.02184,1.02209,1.50,1.00
2016.11.02 08:49:58.309,1.02186,1.02212,1.00,1.00
2016.11.02 08:49:58.510,1.02188,1.02213,1.00,1.00
2016.11.02 08:49:58.589,1.02186,1.02213,1.00,1.00
2016.11.02 08:49:59.050,1.02188,1.02213,1.00,1.00
2016.11.02 08:49:59.775,1.02189,1.02213,1.00,1.00
2016.11.02 08:50:00.278,1.02194,1.02212,1.00,1.00
2016.11.02 08:50:00.379,1.02188,1.02212,1.00,1.00
2016.11.02 08:50:00.674,1.02194,1.02213,1.00,1.00
2016.11.02 08:50:00.724,1.02194,1.02215,1.00,1.00
2016.11.02 08:50:01.229,1.02194,1.02214,1.00,1.50
2016.11.02 08:50:01.330,1.02194,1.02214,1.00,1.87
2016.11.02 08:50:01.693,1.02194,1.02214,1.00,2.25
2016.11.02 08:50:02.248,1.02194,1.02212,1.00,1.00
2016.11.02 08:50:02.299,1.02194,1.02213,1.00,1.75
2016.11.02 08:50:02.939,1.02194,1.02213,1.00,1.75
2016.11.02 08:50:04.356,1.02194,1.02213,1.00,1.75
2016.11.02 08:50:04.507,1.02189,1.0221,1.00,1.00
2016.11.02 08:50:07.361,1.02189,1.02213,1.00,2.62
2016.11.02 08:50:08.194,1.02189,1.02211,1.50,1.50
2016.11.02 08:50:08.295,1.02199,1.02214,1.00,1.50
2016.11.02 08:50:08.983,1.02194,1.02216,1.00,1.75
2016.11.02 08:50:09.185,1.02199,1.02214,1.00,1.75
2016.11.02 08:50:09.270,1.02194,1.02214,1.00,1.75
2016.11.02 08:50:09.371,1.02194,1.02215,1.12,1.37
2016.11.02 08:50:09.472,1.02198,1.02214,1.00,1.12
2016.11.02 08:50:09.984,1.02199,1.02219,1.00,1.50
2016.11.02 08:50:11.596,1.02198,1.02219,1.00,1.50
2016.11.02 08:50:11.748,1.02198,1.02216,1.00,1.37
2016.11.02 08:50:11.798,1.02193,1.02216,1.12,1.75
2016.11.02 08:50:12.404,1.02194,1.02216,1.00,1.75
2016.11.02 08:50:12.950,1.02193,1.02215,1.12,1.50
2016.11.02 08:50:13.080,1.02199,1.02215,1.00,1.37
2016.11.02 08:50:13.647,1.02199,1.02215,1.00,1.12
2016.11.02 08:50:14.577,1.02194,1.02215,1.37,1.12
2016.11.02 08:50:16.799,1.02194,1.02215,1.00,1.37
2016.11.02 08:50:17.425,1.02194,1.02212,1.00,1.00
2016.11.02 08:50:18.851,1.02194,1.02214,1.00,1.12
2016.11.02 08:50:20.200,1.02193,1.02214,1.12,1.12
2016.11.02 08:50:21.798,1.02194,1.02214,1.00,1.12
2016.11.02 08:50:23.495,1.02193,1.02214,1.12,1.12
2016.11.02 08:50:24.089,1.02194,1.02216,1.00,1.75
2016.11.02 08:50:24.590,1.02193,1.02215,1.12,1.50
2016.11.02 08:50:25.796,1.02194,1.02215,1.00,1.50
2016.11.02 08:50:29.244,1.02193,1.02215,1.12,1.50
2016.11.02 08:50:29.346,1.02195,1.0222,1.00,4.12
2016.11.02 08:50:29.718,1.02193,1.02215,1.37,1.37
2016.11.02 08:50:29.942,1.02193,1.02213,1.12,1.00
2016.11.02 08:50:30.446,1.02193,1.02214,1.00,1.00
2016.11.02 08:50:30.618,1.02194,1.02215,1.00,1.75
2016.11.02 08:50:30.770,1.02194,1.02215,1.00,1.50
2016.11.02 08:50:31.304,1.02198,1.02215,1.00,1.50
2016.11.02 08:50:31.606,1.02194,1.02215,1.00,1.50
2016.11.02 08:50:31.803,1.02189,1.02214,2.25,1.12
2016.11.02 08:50:31.954,1.0219,1.02215,1.37,1.75
2016.11.02 08:50:32.256,1.02194,1.02213,1.00,1.00
2016.11.02 08:50:32.946,1.02193,1.02213,1.00,1.50
2016.11.02 08:50:33.454,1.02194,1.02211,1.00,1.00
2016.11.02 08:50:33.759,1.02189,1.02212,1.87,1.75
2016.11.02 08:50:33.862,1.02189,1.02215,2.25,1.75
2016.11.02 08:50:34.177,1.02194,1.02215,1.00,2.25
2016.11.02 08:50:34.721,1.02193,1.02213,1.00,1.75
2016.11.02 08:50:38.764,1.02194,1.02213,1.00,1.75
2016.11.02 08:50:42.325,1.02188,1.02213,1.50,1.75
2016.11.02 08:50:42.376,1.02188,1.0221,1.12,1.37
2016.11.02 08:50:42.911,1.02189,1.02209,1.00,1.75
2016.11.02 08:50:43.442,1.02189,1.02206,1.00,1.00
2016.11.02 08:50:44.831,1.02193,1.02206,1.00,1.00
2016.11.02 08:50:44.932,1.02184,1.02209,2.25,1.75
2016.11.02 08:50:44.983,1.02184,1.02209,2.25,1.50
2016.11.02 08:50:45.161,1.02188,1.02213,1.37,1.75
2016.11.02 08:50:45.476,1.02194,1.02213,1.00,1.75
2016.11.02 08:50:46.067,1.02194,1.02213,1.00,1.50
2016.11.02 08:50:46.167,1.02189,1.02213,2.25,1.50
2016.11.02 08:50:46.369,1.02189,1.02212,1.50,1.37
2016.11.02 08:50:46.891,1.02189,1.02212,1.12,1.75
2016.11.02 08:50:49.195,1.02188,1.02211,1.50,1.37
2016.11.02 08:50:49.366,1.02189,1.02211,1.00,1.00
2016.11.02 08:50:52.109,1.02188,1.02211,2.25,1.00
2016.11.02 08:50:52.936,1.02193,1.02212,1.00,1.37
2016.11.02 08:50:53.639,1.02194,1.02214,1.00,1.75
2016.11.02 08:50:53.790,1.02194,1.02214,1.00,1.50
2016.11.02 08:50:54.338,1.02193,1.02215,1.12,1.75
2016.11.02 08:50:55.040,1.02194,1.02215,1.00,1.75
2016.11.02 08:50:55.589,1.02193,1.02215,1.12,1.75
2016.11.02 08:50:56.116,1.02194,1.02216,1.00,1.75
2016.11.02 08:50:56.537,1.02193,1.02215,1.00,1.75
2016.11.02 08:50:57.053,1.02194,1.02213,1.00,1.75
2016.11.02 08:50:57.467,1.02194,1.02214,1.00,1.37
2016.11.02 08:50:59.798,1.02194,1.02215,1.00,1.00
2016.11.02 08:51:00.313,1.02193,1.02214,1.50,1.00
2016.11.02 08:51:01.045,1.02194,1.02214,1.00,1.00
2016.11.02 08:51:01.596,1.02194,1.02216,1.50,1.75
2016.11.02 08:51:03.943,1.02198,1.02217,1.00,1.75
2016.11.02 08:51:04.228,1.02193,1.02217,2.25,1.75
2016.11.02 08:51:05.444,1.02199,1.02217,1.00,1.75
2016.11.02 08:51:10.559,1.02193,1.02217,2.25,1.50
2016.11.02 08:51:10.610,1.02195,1.02217,1.00,1.50
2016.11.02 08:51:10.661,1.02198,1.02217,1.00,1.50
2016.11.02 08:51:10.761,1.02195,1.02217,1.00,1.50
2016.11.02 08:51:10.862,1.02194,1.02217,1.50,1.50
2016.11.02 08:51:11.354,1.02199,1.02216,1.00,1.12
2016.11.02 08:51:11.767,1.02194,1.02217,1.50,1.37
2016.11.02 08:51:11.868,1.02199,1.02217,1.00,1.37
2016.11.02 08:51:12.069,1.02199,1.02218,1.12,1.50
2016.11.02 08:51:12.423,1.02199,1.0222,1.37,1.00
2016.11.02 08:51:13.141,1.02199,1.02219,1.50,1.37
2016.11.02 08:51:13.242,1.02197,1.02219,1.00,1.37
2016.11.02 08:51:16.346,1.02194,1.02219,1.50,1.50
2016.11.02 08:51:16.692,1.02199,1.02215,1.00,1.00
2016.11.02 08:51:16.747,1.02194,1.02215,1.50,1.00
2016.11.02 08:51:16.949,1.02194,1.02215,1.12,1.50
2016.11.02 08:51:17.861,1.02194,1.02214,1.37,1.00
2016.11.02 08:51:18.395,1.02193,1.02214,1.00,1.00
2016.11.02 08:51:19.046,1.02193,1.02214,1.37,1.00
2016.11.02 08:51:19.147,1.02193,1.02215,1.50,1.37
2016.11.02 08:51:19.692,1.02199,1.02216,1.00,1.75
2016.11.02 08:51:19.792,1.02194,1.02218,1.00,5.62
2016.11.02 08:51:20.152,1.02194,1.02215,1.00,1.50
2016.11.02 08:51:20.304,1.02194,1.02215,1.00,1.75
2016.11.02 08:51:20.819,1.02193,1.02214,1.00,1.75
2016.11.02 08:51:22.254,1.02193,1.02214,1.00,1.75
2016.11.02 08:51:22.797,1.02194,1.02213,1.00,1.75
2016.11.02 08:51:23.486,1.02193,1.02213,1.00,1.75
2016.11.02 08:51:23.859,1.02189,1.0221,1.37,1.37
2016.11.02 08:51:24.061,1.02188,1.0221,1.50,1.37
2016.11.02 08:51:25.234,1.02188,1.02211,1.00,1.75
2016.11.02 08:51:25.824,1.02189,1.02213,1.12,2.10
2016.11.02 08:51:29.757,1.02189,1.02212,1.00,1.75
2016.11.02 08:51:30.496,1.02188,1.02209,1.00,1.75
2016.11.02 08:51:30.697,1.02185,1.02209,1.50,1.75
2016.11.02 08:51:30.901,1.02188,1.02212,1.12,1.75
2016.11.02 08:51:30.952,1.02188,1.02212,1.12,1.75
2016.11.02 08:51:31.204,1.02189,1.02212,1.37,1.75
2016.11.02 08:51:32.036,1.02188,1.02209,1.75,1.00
2016.11.02 08:51:32.137,1.02185,1.02209,2.25,1.50
2016.11.02 08:51:32.691,1.02189,1.0221,1.00,1.75
2016.11.02 08:51:32.842,1.02183,1.02203,3.37,1.00
2016.11.02 08:51:33.003,1.02184,1.02202,1.00,1.12
2016.11.02 08:51:33.523,1.02183,1.02201,1.00,1.00
2016.11.02 08:51:35.692,1.02184,1.02201,1.00,1.00
2016.11.02 08:51:36.416,1.02183,1.02201,1.00,1.00
2016.11.02 08:51:36.938,1.02183,1.02203,1.00,1.75
2016.11.02 08:51:37.478,1.02184,1.02203,1.00,1.75
2016.11.02 08:51:38.219,1.02183,1.02203,1.00,1.75
2016.11.02 08:51:38.320,1.02178,1.02203,1.75,1.75
2016.11.02 08:51:38.530,1.02183,1.02203,1.00,1.75
2016.11.02 08:51:39.144,1.02184,1.02203,1.00,1.75
2016.11.02 08:51:43.287,1.02183,1.02203,1.00,1.75
2016.11.02 08:51:43.337,1.02183,1.02203,1.00,1.50
2016.11.02 08:51:43.435,1.02183,1.022,1.00,1.00
2016.11.02 08:51:43.486,1.02179,1.022,1.37,1.12
2016.11.02 08:51:43.537,1.02184,1.022,1.00,1.12
2016.11.02 08:51:44.046,1.02183,1.022,1.00,1.12
2016.11.02 08:51:44.753,1.02184,1.022,1.00,1.12
2016.11.02 08:51:46.094,1.02179,1.022,1.37,1.12
2016.11.02 08:51:46.595,1.02183,1.022,1.00,1.12
2016.11.02 08:51:46.898,1.02183,1.022,1.00,1.75
2016.11.02 08:51:47.513,1.02183,1.022,1.00,1.50
2016.11.02 08:51:48.042,1.02184,1.022,1.00,1.50
2016.11.02 08:51:48.698,1.02183,1.022,1.00,1.50
2016.11.02 08:51:49.447,1.02183,1.02199,1.00,1.00
2016.11.02 08:51:53.810,1.02179,1.02199,1.00,1.50
2016.11.02 08:51:54.450,1.02178,1.02198,1.00,1.00
2016.11.02 08:51:54.845,1.02184,1.02198,1.00,1.00
2016.11.02 08:51:54.946,1.02177,1.02199,1.00,1.00
2016.11.02 08:51:55.047,1.02184,1.02204,1.00,3.37
2016.11.02 08:51:55.098,1.02184,1.02202,1.00,1.00
2016.11.02 08:51:55.250,1.02183,1.02204,1.00,3.60
2016.11.02 08:51:55.351,1.02179,1.02201,1.37,1.67
2016.11.02 08:51:55.462,1.02179,1.02201,1.75,1.30
2016.11.02 08:51:55.513,1.02184,1.02202,1.00,1.50
2016.11.02 08:51:56.042,1.02184,1.022,1.00,1.50
2016.11.02 08:51:56.418,1.02179,1.022,1.00,1.50
2016.11.02 08:51:56.588,1.02179,1.02201,1.50,1.50
2016.11.02 08:51:56.894,1.02184,1.02201,1.00,1.75
2016.11.02 08:51:56.995,1.02184,1.02201,1.00,1.50
2016.11.02 08:52:00.699,1.02183,1.02201,1.00,1.50
2016.11.02 08:52:02.033,1.02184,1.02201,1.00,1.50
2016.11.02 08:52:02.545,1.02184,1.02203,1.00,1.12
2016.11.02 08:52:03.341,1.02184,1.02203,1.00,1.37
2016.11.02 08:52:03.761,1.02189,1.02202,1.00,1.50
2016.11.02 08:52:03.963,1.02189,1.02203,1.00,1.00
2016.11.02 08:52:04.301,1.02189,1.02205,1.00,1.12
2016.11.02 08:52:04.553,1.02189,1.02208,1.00,1.00
2016.11.02 08:52:04.982,1.02189,1.02208,1.00,1.37
2016.11.02 08:52:05.555,1.02189,1.0221,1.37,1.50
2016.11.02 08:52:05.656,1.02189,1.02203,1.00,1.00
2016.11.02 08:52:06.119,1.02189,1.02206,1.00,1.00
2016.11.02 08:52:06.270,1.02186,1.0221,2.25,1.50
2016.11.02 08:52:06.371,1.02186,1.0221,4.12,1.12
2016.11.02 08:52:06.623,1.02189,1.0221,1.00,1.00
2016.11.02 08:52:07.142,1.02189,1.02211,1.00,1.00
2016.11.02 08:52:13.446,1.02189,1.0221,1.50,1.00
2016.11.02 08:52:13.995,1.02189,1.02211,1.50,1.50
2016.11.02 08:52:15.085,1.02189,1.02211,1.50,1.12
2016.11.02 08:52:15.745,1.02191,1.02212,1.00,1.00
2016.11.02 08:52:16.068,1.02194,1.02211,1.00,1.50
2016.11.02 08:52:16.982,1.02189,1.02209,1.50,1.12
2016.11.02 08:52:17.514,1.02189,1.02208,1.00,1.12
2016.11.02 08:52:18.041,1.02184,1.02205,1.50,1.12
2016.11.02 08:52:18.092,1.02184,1.02204,1.00,1.37
2016.11.02 08:52:18.193,1.0218,1.02204,1.75,1.37
2016.11.02 08:52:18.294,1.0218,1.02203,1.75,1.00
2016.11.02 08:52:19.146,1.02183,1.02203,1.00,1.00
2016.11.02 08:52:20.272,1.02184,1.02203,1.00,1.12
2016.11.02 08:52:20.578,1.02184,1.0221,1.75,1.50
2016.11.02 08:52:20.629,1.02189,1.0221,1.00,1.50
2016.11.02 08:52:20.679,1.02184,1.0221,3.37,1.50
2016.11.02 08:52:21.293,1.02188,1.02208,1.12,1.12
2016.11.02 08:52:21.805,1.02185,1.02209,1.75,1.00
2016.11.02 08:52:22.354,1.02189,1.02209,1.00,1.00
2016.11.02 08:52:22.656,1.02188,1.02208,1.12,1.37
2016.11.02 08:52:23.194,1.02188,1.02206,1.00,1.12
2016.11.02 08:52:23.703,1.02189,1.02206,1.00,1.12
2016.11.02 08:52:24.668,1.02189,1.02206,1.00,1.37
2016.11.02 08:52:24.893,1.02188,1.0221,1.00,1.75
2016.11.02 08:52:24.944,1.02192,1.02207,1.00,1.00
2016.11.02 08:52:25.186,1.02188,1.02209,1.00,1.50
2016.11.02 08:52:25.489,1.02184,1.02206,1.50,1.00
2016.11.02 08:52:25.589,1.02188,1.02206,1.00,1.00
2016.11.02 08:52:25.690,1.02184,1.02207,1.00,1.75
2016.11.02 08:52:26.151,1.02184,1.02206,1.50,1.00
2016.11.02 08:52:26.893,1.02189,1.02206,1.00,1.00
2016.11.02 08:52:27.455,1.02189,1.02209,1.00,1.75
2016.11.02 08:52:27.607,1.02186,1.02208,1.00,1.50
2016.11.02 08:52:30.498,1.02184,1.02205,1.37,1.37
2016.11.02 08:52:30.841,1.02179,1.02202,1.37,1.50
2016.11.02 08:52:31.104,1.02183,1.02202,1.00,1.50
2016.11.02 08:52:31.610,1.02184,1.02202,1.00,1.75
2016.11.02 08:52:41.278,1.02178,1.02202,1.12,1.75
2016.11.02 08:52:45.867,1.02178,1.02199,1.12,1.00
2016.11.02 08:52:46.196,1.02184,1.022,1.00,1.12
2016.11.02 08:52:46.297,1.02179,1.022,1.00,1.12
2016.11.02 08:52:46.398,1.02183,1.022,1.00,1.12
2016.11.02 08:52:47.543,1.02183,1.02203,1.00,1.75
2016.11.02 08:52:48.092,1.02183,1.02203,1.00,1.50
2016.11.02 08:52:48.596,1.02184,1.02203,1.00,1.50
2016.11.02 08:52:49.144,1.02183,1.02202,1.00,1.12
2016.11.02 08:52:49.692,1.02184,1.02202,1.00,1.12
2016.11.02 08:52:50.946,1.02184,1.02202,1.00,1.75
2016.11.02 08:52:50.997,1.02181,1.02204,1.00,2.62
2016.11.02 08:52:51.048,1.02181,1.02208,2.25,2.62
2016.11.02 08:52:51.149,1.02182,1.02209,1.75,1.75
2016.11.02 08:52:51.199,1.02188,1.02208,1.00,1.75
2016.11.02 08:52:51.515,1.02183,1.02209,1.75,2.25
2016.11.02 08:52:51.717,1.02188,1.02209,1.00,2.25
2016.11.02 08:52:52.193,1.02188,1.02203,1.00,1.00
2016.11.02 08:52:52.309,1.02185,1.02203,1.00,1.00
2016.11.02 08:52:52.360,1.02183,1.02206,1.75,1.00
2016.11.02 08:52:52.512,1.02189,1.02206,1.00,1.00
2016.11.02 08:52:53.146,1.02188,1.02206,1.00,1.00
2016.11.02 08:52:53.921,1.02189,1.02206,1.00,1.00
2016.11.02 08:52:56.947,1.02188,1.02206,1.00,1.00
2016.11.02 08:52:57.402,1.02188,1.02204,1.00,1.00
2016.11.02 08:52:57.908,1.02189,1.02205,1.00,1.00
2016.11.02 08:52:58.084,1.02189,1.02207,1.00,1.00
2016.11.02 08:52:58.286,1.02189,1.02205,1.00,1.00
2016.11.02 08:53:00.408,1.02188,1.02205,1.00,1.00
2016.11.02 08:53:00.509,1.02185,1.02203,1.00,1.00
2016.11.02 08:53:00.610,1.02183,1.022,1.75,1.00
2016.11.02 08:53:00.833,1.02183,1.02199,1.00,1.00
2016.11.02 08:53:00.984,1.02183,1.02203,1.37,1.12
2016.11.02 08:53:01.248,1.02188,1.02203,1.00,1.00
2016.11.02 08:53:02.712,1.02189,1.02203,1.00,1.00
2016.11.02 08:53:03.407,1.02188,1.02204,1.00,1.00
2016.11.02 08:53:09.878,1.02188,1.02206,1.00,1.50
2016.11.02 08:53:10.275,1.02188,1.02204,1.00,1.00
2016.11.02 08:53:10.375,1.02188,1.02206,1.00,1.12
2016.11.02 08:53:12.267,1.02189,1.02206,1.00,1.12
2016.11.02 08:53:14.282,1.02189,1.02205,1.00,1.00
2016.11.02 08:53:14.802,1.02189,1.02206,1.00,1.12
2016.11.02 08:53:14.954,1.02181,1.02207,4.87,1.37
2016.11.02 08:53:15.055,1.02184,1.02205,1.50,1.50
2016.11.02 08:53:15.105,1.02184,1.02206,1.12,1.75
2016.11.02 08:53:15.472,1.02189,1.02207,1.00,1.75
2016.11.02 08:53:15.827,1.02189,1.02207,1.00,1.75
2016.11.02 08:53:15.877,1.02189,1.02205,1.00,1.00
2016.11.02 08:53:17.351,1.02183,1.02205,1.50,1.12
2016.11.02 08:53:17.553,1.02183,1.02204,1.12,1.12
2016.11.02 08:53:17.657,1.02188,1.02204,1.00,1.00
2016.11.02 08:53:17.959,1.02183,1.02204,1.00,1.00
2016.11.02 08:53:18.519,1.02184,1.02205,1.00,1.00
2016.11.02 08:53:19.051,1.02183,1.02205,1.50,1.00
2016.11.02 08:53:19.600,1.02184,1.02205,1.00,1.50
2016.11.02 08:53:19.651,1.02189,1.02205,1.00,1.50
2016.11.02 08:53:20.199,1.02189,1.02204,1.00,1.00
2016.11.02 08:53:20.249,1.02183,1.02205,1.50,1.00
2016.11.02 08:53:20.300,1.02183,1.02207,1.50,1.50
2016.11.02 08:53:20.402,1.02185,1.02207,1.00,1.50
2016.11.02 08:53:20.540,1.02189,1.02207,1.00,1.50
2016.11.02 08:53:22.649,1.02185,1.02207,1.00,1.00
2016.11.02 08:53:23.558,1.02189,1.02207,1.00,1.00
2016.11.02 08:53:23.896,1.02189,1.02208,1.00,1.75
2016.11.02 08:53:24.064,1.02184,1.02207,1.12,1.75
2016.11.02 08:53:24.266,1.02184,1.02203,1.00,1.00
2016.11.02 08:53:24.471,1.0218,1.02201,1.00,1.00
2016.11.02 08:53:24.600,1.02179,1.02204,2.62,1.50
2016.11.02 08:53:24.701,1.02183,1.02209,1.37,1.75
2016.11.02 08:53:25.091,1.02188,1.02207,1.00,1.00
2016.11.02 08:53:25.426,1.02186,1.02207,1.00,1.50
2016.11.02 08:53:25.527,1.02184,1.02206,1.50,1.37
2016.11.02 08:53:25.578,1.02179,1.02206,2.25,1.50
2016.11.02 08:53:25.729,1.02182,1.02204,1.00,1.37
2016.11.02 08:53:26.131,1.0218,1.02202,1.00,1.50
2016.11.02 08:53:26.193,1.02179,1.02202,1.37,1.50
2016.11.02 08:53:26.496,1.02184,1.02201,1.00,1.75
2016.11.02 08:53:27.221,1.02184,1.02201,1.00,1.75
2016.11.02 08:53:27.727,1.02183,1.022,1.00,1.75
2016.11.02 08:53:28.899,1.02183,1.02202,1.00,1.12
2016.11.02 08:53:29.000,1.02183,1.02205,1.00,1.50
2016.11.02 08:53:29.817,1.02183,1.02204,1.00,1.37
2016.11.02 08:53:30.361,1.02184,1.02201,1.00,1.00
2016.11.02 08:53:30.714,1.02183,1.02205,1.75,1.12
2016.11.02 08:53:30.764,1.02188,1.02206,1.00,1.50
2016.11.02 08:53:30.967,1.02184,1.02206,1.50,1.50
2016.11.02 08:53:31.170,1.02189,1.02208,1.00,1.75
2016.11.02 08:53:32.546,1.02189,1.02207,1.00,1.50
2016.11.02 08:53:33.863,1.02183,1.02208,1.50,1.75
2016.11.02 08:53:34.065,1.02184,1.02209,1.87,4.87
2016.11.02 08:53:34.439,1.02183,1.02205,1.00,2.25
2016.11.02 08:53:34.778,1.02183,1.02202,1.00,1.75
2016.11.02 08:53:34.829,1.02178,1.02202,1.50,1.75
2016.11.02 08:53:35.131,1.02184,1.02202,1.00,1.75
2016.11.02 08:53:35.561,1.02183,1.02204,1.00,1.75
2016.11.02 08:53:36.145,1.02184,1.02204,1.00,1.75
2016.11.02 08:53:36.840,1.02182,1.02204,1.00,1.75
2016.11.02 08:53:36.941,1.02182,1.02202,1.37,1.00
2016.11.02 08:53:37.042,1.02183,1.02208,1.37,1.75
2016.11.02 08:53:38.246,1.02178,1.02206,1.75,2.25
2016.11.02 08:53:38.779,1.02183,1.02206,1.00,2.25
2016.11.02 08:53:39.289,1.02184,1.02205,1.00,5.62
2016.11.02 08:53:39.339,1.02184,1.02205,1.00,1.75
2016.11.02 08:53:39.844,1.02179,1.02204,1.50,3.37
2016.11.02 08:53:40.046,1.0218,1.02202,1.00,1.00
2016.11.02 08:53:40.446,1.02179,1.02206,1.75,4.12
2016.11.02 08:53:44.666,1.02181,1.02208,1.87,2.62
2016.11.02 08:53:44.716,1.02185,1.02211,1.00,2.62
2016.11.02 08:53:44.767,1.02182,1.02212,1.75,4.87
2016.11.02 08:53:45.271,1.02183,1.02213,4.12,3.37
2016.11.02 08:53:46.298,1.02184,1.02211,1.75,4.12
2016.11.02 08:53:46.611,1.02183,1.02206,1.00,1.75
2016.11.02 08:53:47.458,1.02184,1.02206,1.12,1.75
2016.11.02 08:53:47.760,1.02181,1.02209,1.75,1.75
2016.11.02 08:53:48.063,1.02184,1.02208,2.25,1.00
2016.11.02 08:53:48.408,1.02185,1.02213,2.25,1.75
2016.11.02 08:53:48.459,1.02186,1.02216,1.75,2.25
2016.11.02 08:53:52.595,1.02194,1.02216,1.00,1.75
2016.11.02 08:53:52.695,1.02188,1.02216,1.75,2.25
2016.11.02 08:53:52.796,1.0219,1.02214,1.00,1.75
2016.11.02 08:53:55.120,1.02184,1.02213,2.25,3.37
2016.11.02 08:53:55.221,1.02184,1.0221,2.62,1.00
2016.11.02 08:53:55.272,1.02189,1.02212,1.00,1.50
2016.11.02 08:53:57.088,1.02188,1.02211,1.12,2.25
2016.11.02 08:53:57.647,1.02189,1.02212,1.00,1.75
2016.11.02 08:53:58.387,1.02189,1.02211,1.50,1.00
2016.11.02 08:54:00.580,1.02187,1.02214,1.75,1.75
2016.11.02 08:54:00.882,1.02186,1.02215,1.75,4.12
2016.11.02 08:54:01.185,1.02186,1.02215,2.25,4.12
2016.11.02 08:54:02.286,1.02188,1.0221,1.00,1.00
2016.11.02 08:54:05.825,1.02188,1.02211,1.00,1.75
2016.11.02 08:54:08.835,1.02181,1.02209,2.62,1.50
2016.11.02 08:54:09.137,1.02183,1.02211,1.75,4.12
2016.11.02 08:54:09.657,1.02183,1.02212,1.75,4.12
2016.11.02 08:54:23.355,1.02188,1.02213,1.37,2.62
2016.11.02 08:54:23.456,1.02188,1.02217,1.75,1.75
2016.11.02 08:54:23.557,1.02188,1.02213,3.37,1.00
2016.11.02 08:54:24.059,1.02188,1.02217,1.75,1.75
2016.11.02 08:54:24.596,1.02188,1.02217,1.75,3.37
2016.11.02 08:54:24.747,1.02188,1.02217,1.75,1.75
2016.11.02 08:54:24.868,1.02191,1.0222,1.75,2.62
2016.11.02 08:54:24.919,1.02191,1.02221,1.75,1.75
2016.11.02 08:54:24.969,1.02191,1.02218,3.37,1.00
2016.11.02 08:54:25.446,1.0219,1.02219,1.75,1.75
2016.11.02 08:54:25.497,1.0219,1.02219,1.75,3.37
2016.11.02 08:54:30.193,1.02193,1.02215,1.00,1.37
2016.11.02 08:54:30.337,1.02181,1.0221,4.12,1.75
2016.11.02 08:54:30.438,1.02183,1.02205,1.00,1.00
2016.11.02 08:54:30.489,1.02183,1.02208,1.00,1.75
2016.11.02 08:54:30.791,1.02185,1.02214,3.37,1.75
2016.11.02 08:54:31.192,1.02184,1.02212,3.00,1.75
2016.11.02 08:54:31.939,1.02187,1.02209,1.00,1.00
2016.11.02 08:54:34.167,1.02185,1.02215,4.12,4.12
2016.11.02 08:54:34.268,1.02185,1.02215,4.12,1.75
2016.11.02 08:54:36.609,1.02187,1.02212,4.12,1.00
2016.11.02 08:54:37.394,1.02187,1.02216,1.75,4.12
2016.11.02 08:54:37.697,1.02188,1.02213,1.00,1.75
2016.11.02 08:54:38.253,1.02189,1.02209,1.50,1.00
2016.11.02 08:54:38.304,1.02189,1.02212,4.12,1.37
2016.11.02 08:54:38.355,1.02192,1.02219,1.50,2.62
2016.11.02 08:54:38.406,1.02191,1.0222,2.62,4.12
2016.11.02 08:54:38.507,1.02192,1.02221,2.25,1.75
2016.11.02 08:54:38.558,1.02192,1.02221,3.00,1.75
2016.11.02 08:54:38.609,1.02192,1.02221,4.12,1.75
2016.11.02 08:54:38.996,1.02192,1.02221,1.75,3.37
2016.11.02 08:54:39.308,1.02192,1.0222,2.62,1.75
2016.11.02 08:54:39.460,1.02193,1.02221,1.75,4.12
2016.11.02 08:54:39.561,1.02192,1.02218,2.62,1.12
2016.11.02 08:54:39.612,1.02191,1.02218,2.62,1.37
2016.11.02 08:54:39.662,1.0219,1.02218,1.75,2.25
2016.11.02 08:54:40.173,1.0219,1.02217,1.75,1.75
2016.11.02 08:54:40.727,1.0219,1.02217,1.75,1.75
2016.11.02 08:54:41.265,1.02194,1.02215,1.00,1.00
2016.11.02 08:54:41.786,1.02193,1.02215,1.00,1.00
2016.11.02 08:54:41.887,1.02191,1.02217,1.75,1.75
2016.11.02 08:54:42.082,1.02192,1.02214,1.00,1.00
2016.11.02 08:54:45.197,1.02191,1.02218,4.12,1.75
2016.11.02 08:54:45.398,1.02193,1.02217,1.75,1.00
2016.11.02 08:54:46.126,1.02196,1.02222,1.50,2.25
2016.11.02 08:54:46.664,1.02197,1.02222,1.00,1.75
2016.11.02 08:54:47.229,1.02194,1.02222,1.75,1.75
2016.11.02 08:54:47.833,1.02194,1.02222,1.75,1.75
2016.11.02 08:54:48.151,1.02194,1.02222,1.75,1.75
2016.11.02 08:54:48.661,1.02194,1.02222,4.12,1.75
2016.11.02 08:54:48.812,1.02194,1.02223,2.25,3.37
2016.11.02 08:54:49.325,1.02195,1.02223,2.62,1.75
2016.11.02 08:54:49.527,1.02194,1.02223,4.87,1.75
2016.11.02 08:54:50.043,1.02194,1.02219,4.87,1.00
2016.11.02 08:54:50.405,1.02194,1.02223,3.00,3.37
2016.11.02 08:54:51.028,1.02194,1.02217,1.37,1.37
2016.11.02 08:54:51.129,1.02188,1.02217,3.37,2.25
2016.11.02 08:54:51.231,1.02187,1.02213,2.62,1.50
2016.11.02 08:54:51.332,1.02186,1.02213,1.75,1.75
2016.11.02 08:54:52.345,1.02185,1.02211,1.75,1.00
2016.11.02 08:54:52.446,1.02184,1.02214,3.00,3.37
2016.11.02 08:54:52.547,1.02184,1.02213,2.25,3.37
2016.11.02 08:54:53.201,1.02185,1.02213,1.75,2.62
2016.11.02 08:54:53.252,1.02189,1.02211,1.00,1.00
2016.11.02 08:54:53.541,1.02191,1.02213,1.00,1.00
2016.11.02 08:54:54.617,1.02186,1.02216,2.62,1.75
2016.11.02 08:54:54.718,1.02185,1.02216,1.75,1.75
2016.11.02 08:54:55.221,1.02183,1.02216,5.25,1.37
2016.11.02 08:54:55.322,1.02183,1.02216,1.50,1.00
2016.11.02 08:54:55.597,1.02186,1.02214,1.00,1.00
2016.11.02 08:54:56.125,1.02186,1.02215,1.00,1.00
2016.11.02 08:54:56.680,1.02185,1.02215,1.00,1.00
2016.11.02 08:54:57.187,1.02186,1.02216,1.00,1.00
2016.11.02 08:54:57.692,1.02185,1.02216,1.00,1.00
2016.11.02 08:54:58.194,1.02185,1.02215,1.00,1.00
2016.11.02 08:54:58.495,1.02187,1.02216,1.00,1.50
2016.11.02 08:54:58.862,1.02189,1.02217,1.00,1.00
2016.11.02 08:54:59.013,1.02189,1.0222,1.50,1.00
2016.11.02 08:55:00.000,1.02189,1.02219,1.00,1.00
2016.11.02 08:55:00.472,1.02188,1.02216,1.00,1.00
2016.11.02 08:55:00.975,1.02189,1.02217,1.00,1.12
2016.11.02 08:55:01.320,1.02189,1.02216,1.50,1.75
2016.11.02 08:55:02.162,1.02191,1.02216,1.00,1.75
2016.11.02 08:55:02.530,1.02189,1.02211,1.00,1.00
2016.11.02 08:55:02.985,1.02188,1.02216,1.75,1.75
2016.11.02 08:55:03.455,1.02186,1.02214,3.37,1.75
2016.11.02 08:55:03.557,1.02186,1.02216,2.25,1.75
2016.11.02 08:55:04.061,1.02188,1.02216,1.75,1.75
2016.11.02 08:55:05.446,1.02185,1.02214,2.25,3.37
2016.11.02 08:55:11.396,1.02184,1.02212,2.25,1.75
2016.11.02 08:55:11.446,1.02187,1.02209,1.00,1.00
2016.11.02 08:55:11.726,1.02187,1.02212,1.00,3.37
2016.11.02 08:55:11.878,1.02187,1.02209,1.00,1.00
2016.11.02 08:55:12.191,1.02187,1.02212,1.00,3.37
2016.11.02 08:55:12.745,1.02184,1.02211,1.75,1.75
2016.11.02 08:55:13.243,1.02184,1.02212,1.75,2.25
2016.11.02 08:55:13.395,1.02184,1.02212,1.75,1.75
2016.11.02 08:55:13.546,1.02186,1.02208,1.00,1.00
2016.11.02 08:55:14.405,1.02184,1.02208,2.25,1.00
2016.11.02 08:55:14.556,1.02184,1.02212,2.25,2.25
2016.11.02 08:55:15.268,1.02184,1.02212,1.75,3.00
2016.11.02 08:55:15.741,1.02184,1.02212,1.75,3.75
2016.11.02 08:55:17.170,1.02184,1.02212,2.25,3.00
2016.11.02 08:55:24.332,1.02183,1.0221,1.75,1.75
2016.11.02 08:55:24.846,1.02183,1.02209,1.75,1.75
2016.11.02 08:55:29.303,1.02183,1.02209,1.37,1.37
2016.11.02 08:55:29.404,1.02183,1.02209,1.00,1.00
2016.11.02 08:55:29.555,1.02181,1.02208,2.25,1.00
2016.11.02 08:55:29.706,1.02181,1.02208,1.37,1.37
2016.11.02 08:55:30.419,1.02178,1.02206,4.12,1.50
2016.11.02 08:55:31.058,1.02181,1.02203,1.00,1.00
2016.11.02 08:55:31.919,1.02179,1.02206,2.25,1.75
2016.11.02 08:55:32.444,1.02183,1.02204,1.00,1.50
2016.11.02 08:55:32.847,1.0218,1.02204,3.37,1.12
2016.11.02 08:55:33.213,1.02183,1.02203,1.00,1.12
2016.11.02 08:55:33.515,1.0218,1.02205,1.75,1.12
2016.11.02 08:55:35.867,1.02182,1.02206,1.50,1.50
2016.11.02 08:55:36.018,1.02184,1.02206,1.12,1.12
2016.11.02 08:55:37.143,1.0218,1.02205,3.37,1.00
2016.11.02 08:55:37.654,1.02181,1.02206,1.75,1.12
2016.11.02 08:55:38.158,1.02183,1.02206,1.00,1.37
2016.11.02 08:55:38.461,1.02179,1.02205,2.25,1.00
2016.11.02 08:55:41.649,1.0218,1.02207,1.75,2.62
2016.11.02 08:55:41.700,1.0218,1.02206,1.75,1.75
2016.11.02 08:55:41.851,1.02179,1.02206,1.75,4.12
2016.11.02 08:55:41.952,1.02178,1.02202,1.50,1.00
2016.11.02 08:55:42.162,1.02179,1.02207,4.12,1.75
2016.11.02 08:55:42.314,1.02182,1.02204,1.00,1.00
2016.11.02 08:55:42.767,1.02179,1.02206,1.75,2.25
2016.11.02 08:55:43.299,1.02178,1.02206,1.75,2.25
2016.11.02 08:55:44.343,1.02179,1.02208,2.25,6.00
2016.11.02 08:55:44.393,1.02179,1.02208,1.75,4.12
2016.11.02 08:55:45.289,1.02182,1.02207,1.00,1.75
2016.11.02 08:55:45.977,1.02179,1.02205,1.75,1.50
2016.11.02 08:55:46.352,1.02179,1.02206,1.75,1.75
2016.11.02 08:55:47.443,1.02179,1.02204,3.37,1.00
2016.11.02 08:55:49.048,1.02179,1.02206,1.75,1.75
2016.11.02 08:55:49.588,1.0218,1.02205,1.75,1.75
2016.11.02 08:55:49.849,1.02179,1.02204,4.87,1.12
2016.11.02 08:55:54.944,1.02179,1.02204,4.87,1.50
2016.11.02 08:55:55.446,1.02183,1.02206,1.12,1.50
2016.11.02 08:55:55.497,1.02183,1.02206,1.12,1.50
2016.11.02 08:55:56.046,1.02184,1.02206,1.12,1.12
2016.11.02 08:55:56.471,1.02184,1.02207,1.00,1.75
2016.11.02 08:55:57.761,1.02184,1.02207,1.12,1.50
2016.11.02 08:55:59.162,1.02188,1.02207,1.00,1.50
2016.11.02 08:55:59.263,1.02184,1.02207,1.12,1.50
2016.11.02 08:56:02.522,1.02183,1.02207,3.00,1.37
2016.11.02 08:56:02.925,1.02183,1.02209,4.12,1.37
2016.11.02 08:56:02.976,1.02184,1.02209,2.62,1.12
2016.11.02 08:56:03.513,1.02184,1.02208,4.12,1.00
2016.11.02 08:56:04.191,1.02185,1.0221,1.75,1.50
2016.11.02 08:56:04.494,1.02185,1.0221,3.37,1.12
2016.11.02 08:56:04.696,1.02189,1.0221,1.00,1.00
2016.11.02 08:56:05.236,1.02189,1.02209,1.00,1.00
2016.11.02 08:56:05.857,1.02185,1.02209,1.75,1.00
2016.11.02 08:56:06.397,1.02185,1.02209,1.75,1.12
2016.11.02 08:56:07.427,1.02185,1.02209,1.75,1.00
2016.11.02 08:56:08.010,1.02185,1.02209,1.75,1.12
2016.11.02 08:56:08.564,1.02183,1.02207,3.37,1.00
2016.11.02 08:56:08.614,1.02187,1.02207,1.00,1.00
2016.11.02 08:56:08.901,1.02187,1.02205,1.00,1.00
2016.11.02 08:56:09.300,1.02184,1.02206,1.37,1.37
2016.11.02 08:56:09.944,1.02184,1.02208,1.75,1.37
2016.11.02 08:56:09.995,1.02187,1.02208,1.00,1.00
2016.11.02 08:56:10.166,1.02181,1.02205,2.62,1.12
2016.11.02 08:56:10.216,1.02184,1.02205,1.00,1.50
2016.11.02 08:56:10.418,1.02179,1.02204,1.75,1.50
2016.11.02 08:56:12.447,1.02179,1.02204,1.75,1.37
2016.11.02 08:56:12.498,1.02179,1.02204,4.87,1.12
2016.11.02 08:56:13.010,1.02179,1.02204,4.12,1.50
2016.11.02 08:56:14.205,1.02178,1.02203,1.75,1.50
2016.11.02 08:56:19.462,1.02178,1.02201,1.75,1.00
2016.11.02 08:56:19.664,1.02179,1.02201,1.37,1.37
2016.11.02 08:56:20.021,1.02174,1.02196,1.75,1.00
2016.11.02 08:56:20.323,1.02178,1.02199,1.50,1.50
2016.11.02 08:56:20.424,1.02176,1.02201,2.25,1.12
2016.11.02 08:56:20.525,1.02178,1.02201,1.75,1.75
2016.11.02 08:56:20.845,1.02179,1.022,1.75,1.00
2016.11.02 08:56:21.147,1.02179,1.02203,3.00,1.12
2016.11.02 08:56:21.450,1.02179,1.02203,3.37,1.00
2016.11.02 08:56:21.829,1.02183,1.02202,1.12,1.00
2016.11.02 08:56:22.348,1.02181,1.02202,1.75,1.00
2016.11.02 08:56:22.766,1.02181,1.02204,1.75,1.00
2016.11.02 08:56:22.867,1.02184,1.02206,1.50,1.12
2016.11.02 08:56:23.120,1.02184,1.02206,1.75,1.00
2016.11.02 08:56:23.426,1.02181,1.02204,2.62,1.00
2016.11.02 08:56:23.527,1.02179,1.02204,2.25,1.00
2016.11.02 08:56:24.142,1.02184,1.02204,1.00,1.00
2016.11.02 08:56:25.350,1.02184,1.02205,1.00,1.00
2016.11.02 08:56:28.653,1.02184,1.02206,1.00,1.00
2016.11.02 08:56:29.301,1.0218,1.02206,2.25,1.50
2016.11.02 08:56:29.351,1.02178,1.02202,2.62,1.00
2016.11.02 08:56:29.667,1.02177,1.02201,2.25,1.12
2016.11.02 08:56:30.170,1.02179,1.02199,1.50,1.00
2016.11.02 08:56:30.659,1.02179,1.02201,1.50,1.12
2016.11.02 08:56:33.670,1.02176,1.022,3.37,1.00
2016.11.02 08:56:35.126,1.02182,1.022,1.00,1.00
2016.11.02 08:56:35.227,1.02187,1.022,1.00,1.00
2016.11.02 08:56:35.278,1.02189,1.02209,1.37,2.25
2016.11.02 08:56:35.379,1.02192,1.02216,1.00,1.75
2016.11.02 08:56:35.914,1.02191,1.02216,1.12,2.25
2016.11.02 08:56:36.444,1.02191,1.02216,1.50,3.00
2016.11.02 08:56:37.274,1.02197,1.02218,1.00,3.37
2016.11.02 08:56:37.375,1.02198,1.02216,1.00,1.50
2016.11.02 08:56:37.577,1.02197,1.02221,1.50,1.75
2016.11.02 08:56:37.678,1.022,1.02223,1.00,1.75
2016.11.02 08:56:37.982,1.02203,1.02227,1.37,1.75
2016.11.02 08:56:38.486,1.02206,1.02225,1.00,1.00
2016.11.02 08:56:38.956,1.02202,1.02223,1.50,1.00
2016.11.02 08:56:39.006,1.02202,1.02223,1.12,2.25
2016.11.02 08:56:39.057,1.02199,1.02222,1.00,2.25
2016.11.02 08:56:39.610,1.02199,1.02217,1.00,1.00
2016.11.02 08:56:40.056,1.02199,1.02225,1.50,3.37
2016.11.02 08:56:42.231,1.02197,1.02221,1.50,1.75
2016.11.02 08:56:42.331,1.02198,1.02219,1.00,1.00
2016.11.02 08:56:42.993,1.02199,1.02219,1.00,1.00
2016.11.02 08:56:43.263,1.02202,1.02219,1.00,1.00
2016.11.02 08:56:43.364,1.02204,1.02226,1.00,1.75
2016.11.02 08:56:43.465,1.02208,1.02229,1.00,2.62
2016.11.02 08:56:43.566,1.02208,1.02227,1.00,1.00
2016.11.02 08:56:44.059,1.0221,1.0223,1.00,1.00
2016.11.02 08:56:44.361,1.02209,1.02232,1.75,1.37
2016.11.02 08:56:44.563,1.02212,1.02236,1.12,2.25
2016.11.02 08:56:44.614,1.02212,1.02236,1.12,2.25
2016.11.02 08:56:44.664,1.0221,1.02234,1.12,1.75
2016.11.02 08:56:45.141,1.02208,1.02231,1.37,1.75
2016.11.02 08:56:45.192,1.02206,1.02231,1.75,1.75
2016.11.02 08:56:45.693,1.02206,1.02231,1.75,1.75
2016.11.02 08:56:47.264,1.02207,1.02229,1.50,1.00
2016.11.02 08:56:48.433,1.02205,1.02231,1.75,2.25
2016.11.02 08:56:50.002,1.02207,1.02228,1.37,1.00
2016.11.02 08:56:52.061,1.02207,1.02228,1.00,1.00
2016.11.02 08:56:52.896,1.02206,1.02228,1.50,1.00
2016.11.02 08:56:52.967,1.0221,1.02233,1.00,2.62
2016.11.02 08:56:53.018,1.0221,1.02234,1.12,3.22
2016.11.02 08:56:53.069,1.02213,1.02234,1.00,2.62
2016.11.02 08:56:53.225,1.02212,1.02234,1.37,1.35
2016.11.02 08:56:53.427,1.02213,1.02234,1.50,1.00
2016.11.02 08:56:53.528,1.02214,1.0224,1.75,3.60
2016.11.02 08:56:53.628,1.02214,1.02238,1.12,1.35
2016.11.02 08:56:54.091,1.02215,1.02239,1.50,1.35
2016.11.02 08:56:54.595,1.02216,1.02241,1.12,1.75
2016.11.02 08:56:55.101,1.02215,1.02239,1.00,3.37
2016.11.02 08:56:55.605,1.02213,1.02237,1.00,2.10
2016.11.02 08:56:56.003,1.02212,1.02233,1.00,1.35
2016.11.02 08:56:56.155,1.02209,1.02232,1.50,1.75
2016.11.02 08:56:56.205,1.02209,1.02232,1.12,1.75
2016.11.02 08:56:56.507,1.02209,1.02235,1.37,3.37
2016.11.02 08:56:56.558,1.02209,1.02234,1.75,1.75
2016.11.02 08:56:56.737,1.02209,1.02234,1.12,2.10
2016.11.02 08:56:56.838,1.02211,1.02234,1.00,2.10
2016.11.02 08:56:58.139,1.02211,1.02234,1.75,1.67
2016.11.02 08:56:58.242,1.02212,1.02234,1.12,1.35
2016.11.02 08:56:58.444,1.02212,1.02234,1.50,1.67
2016.11.02 08:56:59.007,1.02212,1.02232,1.00,1.00
2016.11.02 08:56:59.547,1.02213,1.02235,1.12,1.35
2016.11.02 08:57:00.518,1.02214,1.02236,1.00,1.60
2016.11.02 08:57:00.909,1.02214,1.02234,1.00,1.35
2016.11.02 08:57:01.061,1.02214,1.02234,1.00,1.67
2016.11.02 08:57:01.570,1.02213,1.02234,1.50,1.35
2016.11.02 08:57:02.739,1.02213,1.02234,1.50,1.30
2016.11.02 08:57:03.244,1.02213,1.02234,1.87,1.67
2016.11.02 08:57:04.172,1.02214,1.02234,1.00,1.67
2016.11.02 08:57:04.713,1.02214,1.02235,1.00,1.60
2016.11.02 08:57:05.248,1.02214,1.02234,1.00,1.67
2016.11.02 08:57:05.764,1.02214,1.02234,1.00,1.35
2016.11.02 08:57:06.267,1.02214,1.02234,1.00,1.67
2016.11.02 08:57:06.803,1.02214,1.02234,1.12,1.30
2016.11.02 08:57:07.726,1.02214,1.02235,1.00,1.35
2016.11.02 08:57:08.134,1.02216,1.02235,1.00,1.60
2016.11.02 08:57:08.672,1.02215,1.02235,1.00,2.85
2016.11.02 08:57:08.773,1.02213,1.02235,1.00,2.85
2016.11.02 08:57:09.277,1.02213,1.02233,1.00,1.67
2016.11.02 08:57:09.781,1.02212,1.02235,1.12,1.75
2016.11.02 08:57:09.831,1.02213,1.02235,1.00,1.75
2016.11.02 08:57:11.467,1.02213,1.02237,1.12,3.22
2016.11.02 08:57:11.993,1.02214,1.02237,1.00,3.22
2016.11.02 08:57:12.942,1.02216,1.02237,1.00,3.22
2016.11.02 08:57:13.455,1.02215,1.02237,1.00,3.22
2016.11.02 08:57:14.849,1.02214,1.02237,1.00,3.22
2016.11.02 08:57:15.785,1.02213,1.02237,1.12,3.97
2016.11.02 08:57:16.771,1.02213,1.02237,1.12,1.35
2016.11.02 08:57:16.972,1.02213,1.02237,1.12,4.72
2016.11.02 08:57:19.140,1.02209,1.02232,1.75,3.22
2016.11.02 08:57:19.291,1.02209,1.02228,1.00,1.30
2016.11.02 08:57:19.392,1.02204,1.02228,1.12,2.10
2016.11.02 08:57:19.493,1.02203,1.02228,1.50,2.10
2016.11.02 08:57:19.957,1.02208,1.02227,1.00,1.75
2016.11.02 08:57:20.008,1.02203,1.02227,1.50,1.75
2016.11.02 08:57:20.512,1.02204,1.02229,1.37,4.12
2016.11.02 08:57:21.102,1.02204,1.02228,1.12,1.35
2016.11.02 08:57:24.996,1.02205,1.02226,1.00,1.00
2016.11.02 08:57:25.230,1.02208,1.02226,1.00,1.00
2016.11.02 08:57:25.704,1.02205,1.02226,1.00,1.00
2016.11.02 08:57:26.006,1.02204,1.02225,1.12,1.50
2016.11.02 08:57:26.309,1.02199,1.02221,1.50,1.35
2016.11.02 08:57:26.644,1.02204,1.02221,1.00,1.35
2016.11.02 08:57:27.046,1.02198,1.02221,1.75,1.35
2016.11.02 08:57:27.564,1.02198,1.02219,1.50,1.30
2016.11.02 08:57:28.091,1.02198,1.02219,1.50,1.35
2016.11.02 08:57:29.642,1.02203,1.02219,1.00,2.85
2016.11.02 08:57:30.160,1.02204,1.02219,1.00,1.00
2016.11.02 08:57:30.800,1.02204,1.02218,1.00,1.00
2016.11.02 08:57:31.314,1.02203,1.0222,1.00,1.35
2016.11.02 08:57:32.145,1.02204,1.0222,1.00,2.85
2016.11.02 08:57:32.974,1.02203,1.0222,1.00,2.85
2016.11.02 08:57:37.320,1.02199,1.0222,1.12,3.60
2016.11.02 08:57:46.696,1.02199,1.02219,1.37,3.60
2016.11.02 08:57:47.337,1.02204,1.02219,1.00,3.22
2016.11.02 08:57:47.832,1.02199,1.02219,1.37,3.22
2016.11.02 08:57:48.032,1.02203,1.02219,1.00,3.22
2016.11.02 08:57:49.445,1.02199,1.02219,1.37,3.22
2016.11.02 08:57:52.303,1.02204,1.02219,1.00,1.72
2016.11.02 08:57:52.354,1.02199,1.02218,1.37,2.10
2016.11.02 08:57:52.405,1.02199,1.02214,1.00,2.10
2016.11.02 08:57:53.869,1.02198,1.02214,1.00,2.85
2016.11.02 08:57:55.144,1.02194,1.02214,1.00,2.85
2016.11.02 08:57:57.293,1.02198,1.02213,1.00,1.35
2016.11.02 08:57:57.516,1.02194,1.02212,1.00,2.47
2016.11.02 08:57:59.295,1.02193,1.02212,1.00,3.22
2016.11.02 08:58:00.221,1.02193,1.02207,1.00,2.10
2016.11.02 08:58:00.272,1.02189,1.02207,1.50,2.10
2016.11.02 08:58:00.373,1.02193,1.02209,1.00,2.47
2016.11.02 08:58:00.474,1.02188,1.02207,1.00,3.60
2016.11.02 08:58:00.835,1.02189,1.02206,1.00,1.12
2016.11.02 08:58:00.935,1.02183,1.02207,2.25,2.10
2016.11.02 08:58:01.036,1.02183,1.02207,2.25,1.37
2016.11.02 08:58:01.288,1.02189,1.02211,1.12,1.50
2016.11.02 08:58:03.390,1.02193,1.02213,1.00,1.75
2016.11.02 08:58:04.252,1.02193,1.02211,1.00,1.00
2016.11.02 08:58:04.504,1.02198,1.02223,1.00,2.85
2016.11.02 08:58:04.751,1.02203,1.02223,1.00,2.85
2016.11.02 08:58:05.259,1.022,1.02223,1.00,2.10
2016.11.02 08:58:05.513,1.02204,1.02223,1.00,2.10
2016.11.02 08:58:05.614,1.02198,1.02223,1.50,2.10
2016.11.02 08:58:06.243,1.02199,1.02223,1.00,2.85
2016.11.02 08:58:07.116,1.02203,1.02223,1.00,2.85
2016.11.02 08:58:07.217,1.02199,1.02223,1.00,2.85
2016.11.02 08:58:08.069,1.02198,1.02222,1.50,1.75
2016.11.02 08:58:09.619,1.02204,1.02222,1.00,1.75
2016.11.02 08:58:10.192,1.02203,1.02223,1.00,2.85
2016.11.02 08:58:10.420,1.02198,1.02223,1.50,2.85
2016.11.02 08:58:11.351,1.02198,1.02217,1.00,1.37
2016.11.02 08:58:11.854,1.02199,1.0222,1.00,4.12
2016.11.02 08:58:12.256,1.02203,1.02221,1.00,2.62
2016.11.02 08:58:12.307,1.02203,1.02222,1.00,1.75
2016.11.02 08:58:12.358,1.02203,1.02224,1.12,1.35
2016.11.02 08:58:12.459,1.02203,1.02224,1.12,1.67
2016.11.02 08:58:13.047,1.02204,1.02224,1.00,1.35
2016.11.02 08:58:14.446,1.02203,1.02224,1.00,1.35
2016.11.02 08:58:14.693,1.02203,1.02224,1.50,1.35
2016.11.02 08:58:15.291,1.02204,1.02224,1.00,1.35
2016.11.02 08:58:16.846,1.02204,1.02224,1.00,1.67
2016.11.02 08:58:17.447,1.02203,1.02224,1.00,1.35
2016.11.02 08:58:18.558,1.02203,1.02225,1.35,1.35
2016.11.02 08:58:18.870,1.02205,1.02226,1.00,2.62
2016.11.02 08:58:18.971,1.02199,1.02222,1.35,1.37
2016.11.02 08:58:19.072,1.02198,1.02222,2.25,1.87
2016.11.02 08:58:19.599,1.02199,1.02223,2.25,1.75
2016.11.02 08:58:19.937,1.02205,1.02227,2.10,2.62
2016.11.02 08:58:20.139,1.02209,1.02228,1.00,1.00
2016.11.02 08:58:20.592,1.02209,1.0223,1.00,2.62
2016.11.02 08:58:21.015,1.02208,1.02231,1.00,1.35
2016.11.02 08:58:21.468,1.02209,1.02228,1.00,1.87
2016.11.02 08:58:21.843,1.02209,1.02231,1.00,2.10
2016.11.02 08:58:22.358,1.02208,1.02231,1.00,1.35
2016.11.02 08:58:22.894,1.02209,1.02232,1.00,2.25
2016.11.02 08:58:23.444,1.02208,1.02232,1.50,2.25
2016.11.02 08:58:24.396,1.02208,1.02232,1.87,2.25
2016.11.02 08:58:24.915,1.02208,1.02229,1.50,1.00
2016.11.02 08:58:26.568,1.02208,1.02232,1.50,3.37
2016.11.02 08:58:27.151,1.02209,1.02232,1.00,3.37
2016.11.02 08:58:27.593,1.02209,1.02229,1.00,1.00
2016.11.02 08:58:29.095,1.0221,1.02229,1.00,1.00
2016.11.02 08:58:29.353,1.02214,1.02229,1.00,1.00
2016.11.02 08:58:30.703,1.02213,1.02232,1.00,1.75
2016.11.02 08:58:31.374,1.0221,1.02232,1.00,1.75
2016.11.02 08:58:31.576,1.02214,1.02232,1.00,1.75
2016.11.02 08:58:32.379,1.02214,1.02232,1.00,1.75
2016.11.02 08:58:32.880,1.02214,1.0223,1.00,1.00
2016.11.02 08:58:33.393,1.02214,1.02232,1.00,1.75
2016.11.02 08:58:34.896,1.0221,1.02234,1.00,3.37
2016.11.02 08:58:35.283,1.02214,1.02232,1.00,1.35
2016.11.02 08:58:36.088,1.02209,1.02229,1.12,1.12
2016.11.02 08:58:36.139,1.02209,1.02226,1.00,1.12
2016.11.02 08:58:36.263,1.02203,1.02223,1.60,1.00
2016.11.02 08:58:36.314,1.02204,1.02225,1.35,1.75
2016.11.02 08:58:36.817,1.02204,1.0222,1.00,1.00
2016.11.02 08:58:37.208,1.02204,1.02225,1.00,1.75
2016.11.02 08:58:37.800,1.02203,1.02226,1.00,1.75
2016.11.02 08:58:38.304,1.02204,1.02226,1.00,1.75
2016.11.02 08:58:38.556,1.02206,1.02227,2.10,2.62
2016.11.02 08:58:38.657,1.02206,1.0223,2.10,3.37
2016.11.02 08:58:38.707,1.02209,1.0223,1.00,1.75
2016.11.02 08:58:39.390,1.02209,1.0223,1.00,1.75
2016.11.02 08:58:43.018,1.02208,1.0223,1.00,1.35
2016.11.02 08:58:43.118,1.02205,1.02228,1.30,1.50
2016.11.02 08:58:43.270,1.02206,1.0223,1.12,2.10
2016.11.02 08:58:43.320,1.02209,1.0223,1.00,2.10
2016.11.02 08:58:43.868,1.02209,1.0223,1.12,1.67
2016.11.02 08:58:43.918,1.02213,1.0223,1.00,1.67
2016.11.02 08:58:44.193,1.02209,1.0223,1.12,1.67
2016.11.02 08:58:44.857,1.02209,1.02231,1.30,1.30
2016.11.02 08:58:44.958,1.0221,1.02229,1.00,1.00
2016.11.02 08:58:45.260,1.02214,1.02232,1.00,1.35
2016.11.02 08:58:45.617,1.02214,1.02232,1.00,1.35
2016.11.02 08:58:45.680,1.02209,1.02232,1.87,1.35
2016.11.02 08:58:46.649,1.02209,1.02231,2.25,1.60
2016.11.02 08:58:46.700,1.02214,1.02231,1.00,1.60
2016.11.02 08:58:46.751,1.02214,1.02231,1.00,1.00
2016.11.02 08:58:48.119,1.02211,1.02231,1.00,1.00
2016.11.02 08:58:48.529,1.02214,1.02231,1.00,1.00
2016.11.02 08:58:48.630,1.0221,1.02232,1.00,1.35
2016.11.02 08:58:48.731,1.02214,1.02232,1.00,1.35
2016.11.02 08:58:48.882,1.02214,1.0223,1.00,1.00
2016.11.02 08:58:49.235,1.02212,1.02232,1.00,1.35
2016.11.02 08:58:49.394,1.0221,1.02232,1.12,1.35
2016.11.02 08:58:51.808,1.02209,1.02229,2.10,1.00
2016.11.02 08:58:52.028,1.02209,1.02232,2.10,5.47
2016.11.02 08:58:52.331,1.02204,1.02225,1.37,1.37
2016.11.02 08:58:52.382,1.02204,1.02224,1.00,1.00
2016.11.02 08:58:52.433,1.02204,1.02226,1.00,2.62
2016.11.02 08:58:53.168,1.02204,1.02219,1.00,1.00
2016.11.02 08:58:53.219,1.02201,1.02219,1.00,1.00
2016.11.02 08:58:53.421,1.02204,1.02219,1.00,1.00
2016.11.02 08:58:53.967,1.02204,1.02223,1.00,1.75
2016.11.02 08:58:54.488,1.02203,1.02223,1.00,1.75
2016.11.02 08:58:56.842,1.02203,1.02223,1.00,1.75
2016.11.02 08:58:57.375,1.02204,1.02223,1.00,1.75
2016.11.02 08:58:57.892,1.02203,1.02223,1.00,1.75
2016.11.02 08:58:59.102,1.02204,1.02223,1.00,1.75
2016.11.02 08:58:59.793,1.02204,1.02225,1.00,1.75
2016.11.02 08:59:00.178,1.02204,1.02223,1.00,1.00
2016.11.02 08:59:00.680,1.02204,1.02222,1.00,1.00
2016.11.02 08:59:01.316,1.02203,1.02222,1.00,1.00
2016.11.02 08:59:01.902,1.02204,1.02222,1.00,1.00
2016.11.02 08:59:02.908,1.02202,1.02222,1.00,1.00
2016.11.02 08:59:03.422,1.02203,1.02222,1.00,1.00
2016.11.02 08:59:05.215,1.02203,1.02222,1.60,1.00
2016.11.02 08:59:05.467,1.02205,1.02229,1.00,5.62
2016.11.02 08:59:05.719,1.02207,1.02226,1.00,1.00
2016.11.02 08:59:06.314,1.02208,1.02231,1.50,3.97
2016.11.02 08:59:06.617,1.02208,1.02231,1.87,1.35
2016.11.02 08:59:07.065,1.0221,1.02229,1.00,1.00
2016.11.02 08:59:07.594,1.02211,1.02234,1.00,4.87
2016.11.02 08:59:08.163,1.02212,1.02235,1.35,3.37
2016.11.02 08:59:09.943,1.02214,1.02235,1.00,3.37
2016.11.02 08:59:10.356,1.02212,1.02235,1.35,3.37
2016.11.02 08:59:10.627,1.02214,1.02235,1.00,3.37
2016.11.02 08:59:11.658,1.02213,1.02235,1.35,3.37
2016.11.02 08:59:13.773,1.02214,1.02235,1.00,3.37
2016.11.02 08:59:17.735,1.02214,1.02237,1.00,1.75
2016.11.02 08:59:18.038,1.02214,1.02237,1.00,3.37
2016.11.02 08:59:19.481,1.02213,1.02237,1.35,3.37
2016.11.02 08:59:19.834,1.02213,1.02234,1.00,1.00
2016.11.02 08:59:20.679,1.02214,1.02234,1.00,1.00
2016.11.02 08:59:21.182,1.02213,1.02234,2.10,1.00
2016.11.02 08:59:21.584,1.02213,1.02234,3.60,1.00
2016.11.02 08:59:27.726,1.02215,1.02239,1.60,2.25
2016.11.02 08:59:28.180,1.02219,1.02239,1.00,1.75
2016.11.02 08:59:28.230,1.02219,1.02239,1.00,1.75
2016.11.02 08:59:28.281,1.02216,1.02239,1.35,1.75
2016.11.02 08:59:28.382,1.02219,1.02236,1.00,1.00
2016.11.02 08:59:28.634,1.02219,1.0224,2.10,1.00
2016.11.02 08:59:29.062,1.02221,1.02242,1.00,1.00
2016.11.02 08:59:29.520,1.02221,1.02245,2.85,2.62
2016.11.02 08:59:30.018,1.02221,1.02242,2.85,1.00
2016.11.02 08:59:30.521,1.02221,1.02245,1.12,1.75
2016.11.02 08:59:30.927,1.02219,1.02245,1.12,1.75
2016.11.02 08:59:32.542,1.02219,1.0224,1.50,1.00
2016.11.02 08:59:32.844,1.02217,1.02242,1.12,1.75
2016.11.02 08:59:33.492,1.02214,1.02241,2.25,2.25
2016.11.02 08:59:34.048,1.02214,1.02241,2.25,1.75
2016.11.02 08:59:34.794,1.02219,1.02242,1.00,2.25
2016.11.02 08:59:37.151,1.02219,1.02241,1.00,1.75
2016.11.02 08:59:37.555,1.02218,1.02239,1.00,2.25
2016.11.02 08:59:37.776,1.02218,1.02237,1.00,1.00
2016.11.02 08:59:38.767,1.02219,1.0224,1.00,1.75
2016.11.02 08:59:41.454,1.02219,1.0224,1.00,1.75
2016.11.02 08:59:41.505,1.02214,1.02239,1.12,1.75
2016.11.02 08:59:41.606,1.02218,1.02239,1.00,1.75
2016.11.02 08:59:41.656,1.02218,1.02239,1.00,1.50
2016.11.02 08:59:42.666,1.02219,1.02238,1.00,1.12
2016.11.02 08:59:44.302,1.02214,1.02239,2.25,1.50
2016.11.02 08:59:44.469,1.02219,1.02239,1.00,1.50
2016.11.02 08:59:44.880,1.02215,1.0224,1.50,1.75
2016.11.02 08:59:45.105,1.02219,1.02241,1.00,1.75
2016.11.02 08:59:45.951,1.02219,1.02241,1.00,2.25
2016.11.02 08:59:46.002,1.02216,1.02241,1.12,4.12
2016.11.02 08:59:46.103,1.02218,1.02241,1.00,2.25
2016.11.02 08:59:46.792,1.02218,1.02235,1.00,1.00
2016.11.02 08:59:47.341,1.02219,1.0224,1.00,1.75
2016.11.02 08:59:47.392,1.02219,1.02238,1.00,1.00
2016.11.02 08:59:49.398,1.02224,1.02238,1.00,1.00
2016.11.02 08:59:49.716,1.02218,1.02238,1.00,1.00
2016.11.02 08:59:51.614,1.02219,1.02238,1.00,1.00
2016.11.02 08:59:51.816,1.02224,1.02243,1.00,3.37
2016.11.02 08:59:52.000,1.02219,1.02243,1.50,3.37
2016.11.02 08:59:52.100,1.02223,1.02243,1.00,4.12
2016.11.02 08:59:52.202,1.02218,1.02243,1.12,4.12
2016.11.02 08:59:52.790,1.02224,1.02241,1.00,4.12
2016.11.02 08:59:52.941,1.02218,1.02238,1.00,1.75
2016.11.02 08:59:53.244,1.02215,1.02237,1.00,1.75
2016.11.02 08:59:53.446,1.02213,1.02238,1.87,1.75
2016.11.02 08:59:53.547,1.02219,1.02237,1.00,1.75
2016.11.02 08:59:54.432,1.02215,1.02236,1.00,1.00
2016.11.02 08:59:54.996,1.02214,1.02236,1.50,1.50
2016.11.02 08:59:56.148,1.02218,1.02239,1.00,2.25
2016.11.02 08:59:57.152,1.02214,1.02238,1.00,1.75
2016.11.02 08:59:57.202,1.02214,1.02235,1.00,1.75
2016.11.02 08:59:58.152,1.02211,1.02235,1.75,1.75
2016.11.02 08:59:58.454,1.02219,1.02233,1.00,1.12
2016.11.02 08:59:58.555,1.02213,1.02233,1.12,1.12
2016.11.02 08:59:59.095,1.02214,1.02237,1.00,1.75
2016.11.02 08:59:59.922,1.02213,1.02237,1.12,1.75
