2013.01.31 13:00:00.322,1.04363,1.04378,1.50,1.50
2013.01.31 13:00:00.872,1.04362,1.04378,2.25,1.38
2013.01.31 13:00:01.674,1.04358,1.04378,2.63,1.41
2013.01.31 13:00:02.935,1.0436,1.04379,1.50,2.40
2013.01.31 13:00:03.173,1.04357,1.04378,1.50,2.10
2013.01.31 13:00:03.901,1.04357,1.04379,2.25,1.35
2013.01.31 13:00:04.331,1.0436,1.04382,2.25,1.50
2013.01.31 13:00:04.767,1.04364,1.04384,1.50,1.72
2013.01.31 13:00:08.134,1.04361,1.04383,2.25,2.10
2013.01.31 13:00:10.274,1.04357,1.04379,3.00,1.35
2013.01.31 13:00:16.502,1.0436,1.0438,1.50,1.35
2013.01.31 13:00:18.559,1.0436,1.04383,2.25,3.67
2013.01.31 13:00:19.162,1.04357,1.04379,3.75,1.35
2013.01.31 13:00:21.424,1.04362,1.04378,1.50,1.35
2013.01.31 13:00:21.702,1.04357,1.0438,1.50,2.85
2013.01.31 13:00:30.302,1.0436,1.04379,1.50,1.35
2013.01.31 13:00:30.422,1.04362,1.0438,1.50,1.13
2013.01.31 13:00:30.722,1.04362,1.04383,1.73,1.73
2013.01.31 13:00:30.923,1.04362,1.04383,2.48,2.48
2013.01.31 13:00:30.982,1.04362,1.04383,2.25,2.48
2013.01.31 13:00:31.120,1.04362,1.04383,1.50,2.48
2013.01.31 13:00:31.729,1.04362,1.04384,3.98,1.35
2013.01.31 13:00:31.869,1.04366,1.04384,1.50,1.35
2013.01.31 13:00:33.642,1.04367,1.0439,1.50,2.10
2013.01.31 13:00:34.294,1.04366,1.04389,1.50,1.35
2013.01.31 13:00:37.222,1.04366,1.04386,1.50,1.73
2013.01.31 13:00:37.772,1.04364,1.04386,2.25,1.73
2013.01.31 13:00:49.972,1.04366,1.04386,1.50,1.73
2013.01.31 13:00:50.032,1.04367,1.04389,2.25,1.35
2013.01.31 13:00:50.152,1.04368,1.04388,1.50,1.35
2013.01.31 13:00:50.463,1.04367,1.04388,2.25,1.68
2013.01.31 13:00:50.822,1.04365,1.04387,1.50,2.10
2013.01.31 13:00:50.881,1.04365,1.04387,1.50,2.10
2013.01.31 13:00:53.642,1.04365,1.04384,1.50,2.48
2013.01.31 13:01:01.723,1.04361,1.04381,1.50,2.48
2013.01.31 13:01:06.452,1.04364,1.04383,1.50,1.35
2013.01.31 13:01:10.458,1.04361,1.04384,3.00,2.85
2013.01.31 13:01:11.118,1.04362,1.04384,2.85,2.85
2013.01.31 13:01:11.572,1.04362,1.04384,3.60,2.85
2013.01.31 13:01:11.632,1.04361,1.04383,2.25,1.73
2013.01.31 13:01:11.692,1.04361,1.04383,2.25,2.22
2013.01.31 13:01:12.517,1.04361,1.04379,1.50,1.35
2013.01.31 13:01:14.032,1.04359,1.0438,1.50,1.35
2013.01.31 13:01:14.392,1.04355,1.04378,1.73,1.73
2013.01.31 13:01:14.572,1.04355,1.04376,1.50,2.48
2013.01.31 13:01:14.871,1.04351,1.04374,5.48,1.35
2013.01.31 13:01:14.992,1.04351,1.04373,2.25,2.36
2013.01.31 13:01:15.052,1.04351,1.04373,1.50,2.36
2013.01.31 13:01:15.969,1.04352,1.04374,1.50,3.11
2013.01.31 13:01:18.122,1.04352,1.04369,2.25,1.36
2013.01.31 13:01:18.243,1.04352,1.04372,2.25,1.35
2013.01.31 13:01:18.485,1.04352,1.04372,3.00,1.05
2013.01.31 13:01:19.392,1.04352,1.04375,2.25,2.48
2013.01.31 13:01:20.364,1.04355,1.04376,2.25,1.35
2013.01.31 13:01:20.482,1.04355,1.04377,2.48,2.85
2013.01.31 13:01:22.376,1.04356,1.04377,1.73,2.10
2013.01.31 13:01:22.802,1.04355,1.04375,2.25,1.73
2013.01.31 13:01:24.644,1.04352,1.04375,2.25,2.48
2013.01.31 13:01:24.841,1.04352,1.04375,2.25,3.23
2013.01.31 13:01:25.381,1.04355,1.04377,2.25,3.00
2013.01.31 13:01:25.442,1.04355,1.04377,2.25,3.05
2013.01.31 13:01:25.872,1.04354,1.04375,2.25,3.08
2013.01.31 13:01:28.222,1.04353,1.04374,1.50,1.32
2013.01.31 13:01:28.411,1.04352,1.04374,2.25,2.07
2013.01.31 13:01:28.915,1.04352,1.04374,1.50,2.07
2013.01.31 13:01:30.101,1.04352,1.04374,2.25,1.32
2013.01.31 13:01:30.222,1.04356,1.04377,1.50,2.47
2013.01.31 13:01:30.352,1.04356,1.04378,1.50,2.47
2013.01.31 13:01:30.412,1.04356,1.04378,1.50,2.10
2013.01.31 13:01:30.857,1.04356,1.04378,1.50,2.48
2013.01.31 13:01:32.159,1.04358,1.04381,1.50,3.23
2013.01.31 13:01:32.382,1.04358,1.04379,2.25,1.43
2013.01.31 13:01:32.684,1.04358,1.04379,2.25,1.36
2013.01.31 13:01:32.742,1.04358,1.0438,2.25,1.73
2013.01.31 13:01:35.552,1.04363,1.04381,1.50,1.73
2013.01.31 13:01:38.462,1.04361,1.04379,2.25,1.47
2013.01.31 13:01:39.652,1.04359,1.04377,1.50,1.73
2013.01.31 13:01:40.192,1.04359,1.04378,3.60,1.47
2013.01.31 13:01:40.312,1.04363,1.04378,1.50,1.35
2013.01.31 13:01:43.342,1.04363,1.04384,1.50,1.73
2013.01.31 13:01:44.798,1.04363,1.04384,2.25,1.73
2013.01.31 13:01:47.892,1.04363,1.04384,1.50,1.73
2013.01.31 13:01:49.639,1.04363,1.04384,3.00,1.73
2013.01.31 13:01:50.460,1.04361,1.04382,3.23,1.35
2013.01.31 13:01:50.537,1.04364,1.04383,1.50,1.73
2013.01.31 13:01:58.331,1.04364,1.04387,2.25,3.44
2013.01.31 13:02:03.092,1.04364,1.04385,2.25,1.73
2013.01.31 13:02:04.826,1.04364,1.04385,2.25,1.35
2013.01.31 13:02:11.753,1.04364,1.04385,3.00,1.73
2013.01.31 13:02:12.278,1.04367,1.04385,1.50,1.73
2013.01.31 13:02:30.382,1.04369,1.04386,1.35,1.35
2013.01.31 13:02:30.682,1.04372,1.04392,2.10,1.35
2013.01.31 13:02:32.174,1.04372,1.04392,1.50,2.48
2013.01.31 13:02:33.276,1.04372,1.04392,2.10,1.35
2013.01.31 13:02:35.047,1.04372,1.04393,1.50,1.29
2013.01.31 13:02:37.408,1.04372,1.04392,1.50,1.35
2013.01.31 13:02:38.073,1.04371,1.04395,3.00,2.10
2013.01.31 13:02:40.604,1.04371,1.04391,2.25,1.35
2013.01.31 13:02:42.692,1.04371,1.04392,1.50,1.35
2013.01.31 13:02:49.754,1.04371,1.04393,1.50,2.85
2013.01.31 13:02:49.883,1.04374,1.04393,1.50,1.73
2013.01.31 13:02:55.927,1.04374,1.04397,2.25,2.48
2013.01.31 13:02:56.271,1.04376,1.04401,2.25,3.85
2013.01.31 13:02:56.332,1.04376,1.04401,2.48,3.60
2013.01.31 13:02:56.392,1.04376,1.04401,2.48,4.35
2013.01.31 13:02:56.512,1.04377,1.04398,1.50,3.68
2013.01.31 13:02:56.806,1.04377,1.04398,1.73,2.48
2013.01.31 13:02:56.993,1.04377,1.04397,3.00,1.54
2013.01.31 13:02:57.212,1.04377,1.044,3.00,3.23
2013.01.31 13:02:57.855,1.04377,1.044,3.00,3.23
2013.01.31 13:02:58.423,1.04377,1.044,2.25,2.48
2013.01.31 13:02:59.116,1.04377,1.044,2.25,3.23
2013.01.31 13:03:09.673,1.04377,1.04397,1.50,1.32
2013.01.31 13:03:10.222,1.04377,1.04398,2.25,1.73
2013.01.31 13:03:14.046,1.04377,1.044,2.25,3.60
2013.01.31 13:03:14.212,1.04377,1.044,2.48,3.23
2013.01.31 13:03:16.641,1.04382,1.04403,3.23,2.48
2013.01.31 13:03:16.944,1.04386,1.04408,2.48,1.35
2013.01.31 13:03:17.333,1.04386,1.04407,2.25,1.27
2013.01.31 13:03:19.685,1.04386,1.04404,1.50,1.73
2013.01.31 13:03:20.153,1.04386,1.044,1.50,1.73
2013.01.31 13:03:20.213,1.04383,1.044,1.50,1.73
2013.01.31 13:03:21.854,1.04381,1.04399,1.50,1.73
2013.01.31 13:03:22.392,1.04378,1.044,3.00,1.35
2013.01.31 13:03:23.362,1.04378,1.04396,2.25,1.65
2013.01.31 13:03:23.622,1.04378,1.04396,1.50,2.40
2013.01.31 13:03:23.863,1.04376,1.04396,2.25,2.40
2013.01.31 13:03:28.636,1.04372,1.04394,1.35,2.48
2013.01.31 13:03:29.933,1.04373,1.04395,2.63,1.35
2013.01.31 13:04:03.443,1.04372,1.04391,2.25,1.05
2013.01.31 13:04:03.629,1.04371,1.04389,1.50,1.35
2013.01.31 13:04:03.952,1.0437,1.04391,1.50,1.05
2013.01.31 13:04:04.015,1.04373,1.04393,1.50,1.05
2013.01.31 13:04:04.785,1.04373,1.04396,3.00,2.85
2013.01.31 13:04:10.455,1.04375,1.04395,2.25,1.35
2013.01.31 13:04:10.512,1.04375,1.04392,2.25,1.54
2013.01.31 13:04:11.608,1.04372,1.04392,2.25,1.69
2013.01.31 13:04:11.700,1.04372,1.04392,2.25,1.35
2013.01.31 13:04:21.206,1.04374,1.04394,2.25,1.35
2013.01.31 13:04:30.093,1.04378,1.04395,1.88,1.35
2013.01.31 13:04:30.153,1.04378,1.04396,2.63,1.35
2013.01.31 13:04:35.642,1.0438,1.04398,2.25,1.10
2013.01.31 13:04:35.823,1.04377,1.04398,1.35,1.85
2013.01.31 13:04:35.883,1.04377,1.04398,1.35,1.35
2013.01.31 13:04:36.432,1.04374,1.04393,2.25,1.35
2013.01.31 13:04:50.863,1.04368,1.04388,1.50,1.35
2013.01.31 13:04:50.923,1.04368,1.04388,1.50,1.35
2013.01.31 13:04:54.820,1.04371,1.04389,1.73,1.80
2013.01.31 13:04:55.002,1.04373,1.04392,1.50,1.35
2013.01.31 13:04:55.321,1.04373,1.04393,2.25,1.80
2013.01.31 13:04:59.582,1.04373,1.04393,1.50,1.35
2013.01.31 13:05:00.092,1.04371,1.04392,1.73,1.50
2013.01.31 13:05:00.422,1.04371,1.04393,1.73,2.63
2013.01.31 13:05:16.758,1.04374,1.04393,3.23,1.13
2013.01.31 13:05:17.093,1.04372,1.04392,1.73,1.13
2013.01.31 13:05:20.346,1.04374,1.04393,1.73,3.15
2013.01.31 13:05:23.944,1.04374,1.04393,1.73,1.13
2013.01.31 13:05:27.832,1.0438,1.04398,2.48,1.35
2013.01.31 13:05:28.489,1.04376,1.04398,3.08,1.35
2013.01.31 13:05:29.116,1.0438,1.044,2.48,1.13
2013.01.31 13:05:29.572,1.04383,1.04404,1.73,3.23
2013.01.31 13:05:31.211,1.04383,1.04404,1.73,3.23
2013.01.31 13:05:31.332,1.04383,1.04404,1.73,2.63
2013.01.31 13:05:32.224,1.04383,1.04404,1.73,3.23
2013.01.31 13:05:32.772,1.04383,1.04404,1.73,2.63
2013.01.31 13:05:33.387,1.04383,1.04404,3.23,1.58
2013.01.31 13:05:34.057,1.04383,1.04404,3.23,1.13
2013.01.31 13:05:36.294,1.04383,1.04405,1.73,1.05
2013.01.31 13:05:36.652,1.04387,1.04407,1.73,2.10
2013.01.31 13:05:36.713,1.04387,1.04407,1.73,2.10
2013.01.31 13:05:36.772,1.04387,1.04407,1.73,2.48
2013.01.31 13:05:37.377,1.04387,1.04407,1.73,1.88
2013.01.31 13:05:37.814,1.04384,1.04407,1.73,2.85
2013.01.31 13:05:39.924,1.04386,1.04407,1.58,3.60
2013.01.31 13:05:40.703,1.04386,1.04407,1.58,2.48
2013.01.31 13:05:45.754,1.04386,1.04407,1.58,3.23
2013.01.31 13:05:46.583,1.04384,1.044,1.73,1.50
2013.01.31 13:05:53.522,1.04384,1.04404,1.73,2.63
2013.01.31 13:05:54.875,1.04382,1.04403,2.48,1.13
2013.01.31 13:05:56.284,1.04384,1.04404,1.73,2.63
2013.01.31 13:05:57.093,1.04384,1.04404,1.73,2.63
2013.01.31 13:06:23.852,1.04386,1.04406,1.73,2.10
2013.01.31 13:06:31.012,1.04386,1.04403,1.73,1.50
2013.01.31 13:06:31.132,1.04386,1.04402,1.73,1.88
2013.01.31 13:06:31.433,1.04386,1.04399,1.73,1.50
2013.01.31 13:06:33.797,1.04382,1.04399,2.48,2.25
2013.01.31 13:06:39.243,1.04379,1.04394,1.73,1.50
2013.01.31 13:06:39.482,1.04375,1.04394,1.73,2.25
2013.01.31 13:06:41.733,1.04375,1.04397,1.73,2.55
2013.01.31 13:06:41.792,1.04376,1.04397,1.73,2.33
2013.01.31 13:06:42.112,1.04379,1.04397,2.14,1.50
2013.01.31 13:06:44.738,1.04379,1.044,1.54,2.25
2013.01.31 13:06:45.583,1.04381,1.04403,1.73,1.88
2013.01.31 13:06:45.822,1.04379,1.044,3.72,1.13
2013.01.31 13:06:46.062,1.04377,1.04399,3.23,2.25
2013.01.31 13:06:46.183,1.04377,1.04399,1.73,3.23
2013.01.31 13:06:46.422,1.04377,1.04399,1.73,2.63
2013.01.31 13:06:46.975,1.04379,1.04399,1.73,1.88
2013.01.31 13:06:47.552,1.04379,1.04399,1.73,1.88
2013.01.31 13:06:47.883,1.04375,1.04398,1.73,1.73
2013.01.31 13:06:48.658,1.04375,1.04398,1.73,2.55
2013.01.31 13:06:49.163,1.04378,1.04399,1.73,1.88
2013.01.31 13:06:49.523,1.04381,1.04401,1.73,2.25
2013.01.31 13:06:50.072,1.04382,1.04401,1.73,1.88
2013.01.31 13:06:50.686,1.04383,1.04401,1.58,1.88
2013.01.31 13:06:51.184,1.04382,1.04401,2.33,2.63
2013.01.31 13:06:53.432,1.04382,1.04401,1.73,1.50
2013.01.31 13:06:56.403,1.04386,1.04404,1.73,1.73
2013.01.31 13:06:56.522,1.04386,1.04405,2.85,1.13
2013.01.31 13:06:56.763,1.04385,1.04407,2.25,2.10
2013.01.31 13:06:59.104,1.04382,1.04405,2.48,2.48
2013.01.31 13:06:59.376,1.04381,1.04399,1.73,1.50
2013.01.31 13:06:59.966,1.04378,1.04399,2.10,2.48
2013.01.31 13:07:00.513,1.04378,1.04399,2.10,1.88
2013.01.31 13:07:01.023,1.04378,1.04399,2.10,2.33
2013.01.31 13:07:02.773,1.04382,1.04396,1.73,1.50
2013.01.31 13:07:02.953,1.04382,1.044,1.73,1.13
2013.01.31 13:07:03.474,1.0438,1.04396,1.73,1.50
2013.01.31 13:07:03.533,1.0438,1.04396,1.73,1.50
2013.01.31 13:07:06.202,1.04377,1.04392,1.73,1.50
2013.01.31 13:07:07.383,1.04377,1.04397,1.73,1.88
2013.01.31 13:07:12.282,1.04378,1.04397,1.73,1.88
2013.01.31 13:07:14.544,1.04378,1.04397,1.73,1.88
2013.01.31 13:07:16.283,1.04382,1.04397,1.73,1.50
2013.01.31 13:07:16.344,1.04382,1.04397,1.73,1.50
2013.01.31 13:07:16.895,1.04382,1.04401,1.73,2.63
2013.01.31 13:07:18.573,1.0438,1.04401,1.45,2.63
2013.01.31 13:07:18.775,1.04377,1.04397,1.73,1.50
2013.01.31 13:07:19.203,1.04376,1.04397,1.73,1.88
2013.01.31 13:07:21.793,1.04376,1.04397,1.73,1.88
2013.01.31 13:07:24.923,1.04375,1.04397,1.58,1.88
2013.01.31 13:07:25.322,1.04373,1.04397,3.83,2.10
2013.01.31 13:07:25.443,1.04376,1.04397,1.73,1.88
2013.01.31 13:07:28.592,1.04376,1.04396,1.73,1.13
2013.01.31 13:07:28.713,1.04373,1.04394,1.73,2.25
2013.01.31 13:07:29.527,1.04373,1.04393,1.73,1.50
2013.01.31 13:07:30.088,1.04373,1.04389,1.73,1.50
2013.01.31 13:07:30.274,1.04372,1.04389,1.73,2.48
2013.01.31 13:07:30.484,1.04372,1.04389,1.50,3.60
2013.01.31 13:07:31.342,1.04367,1.04386,1.73,1.35
2013.01.31 13:07:51.422,1.04367,1.04383,1.73,1.50
2013.01.31 13:07:51.543,1.04367,1.04383,1.73,1.50
2013.01.31 13:07:56.164,1.04367,1.04387,1.73,1.88
2013.01.31 13:07:56.689,1.04367,1.04387,1.73,1.88
2013.01.31 13:07:57.254,1.04367,1.04387,1.73,1.50
2013.01.31 13:08:02.282,1.04367,1.04387,1.73,1.88
2013.01.31 13:08:03.291,1.04364,1.04385,2.14,1.13
2013.01.31 13:08:24.853,1.04366,1.04386,1.73,1.88
2013.01.31 13:08:24.976,1.04371,1.0439,1.58,2.25
2013.01.31 13:08:25.093,1.04371,1.04393,1.58,3.00
2013.01.31 13:08:25.482,1.04371,1.04393,2.33,2.25
2013.01.31 13:08:25.633,1.04371,1.04393,2.33,1.50
2013.01.31 13:08:25.873,1.04373,1.04396,1.27,2.63
2013.01.31 13:08:46.072,1.04376,1.04396,1.73,1.50
2013.01.31 13:08:46.132,1.04376,1.04396,1.73,1.50
2013.01.31 13:08:49.202,1.04376,1.04396,1.73,1.50
2013.01.31 13:08:50.792,1.04373,1.04396,2.01,2.25
2013.01.31 13:08:50.973,1.04376,1.04396,1.58,2.25
2013.01.31 13:08:55.814,1.04376,1.04396,1.58,2.25
2013.01.31 13:08:56.702,1.04377,1.04396,1.58,1.50
2013.01.31 13:09:00.392,1.04377,1.04398,1.58,1.13
2013.01.31 13:09:03.664,1.04376,1.04397,1.73,1.50
2013.01.31 13:09:04.438,1.04376,1.04396,1.73,1.50
2013.01.31 13:09:06.893,1.04374,1.04396,1.23,2.25
2013.01.31 13:09:10.812,1.04376,1.04396,1.73,1.50
2013.01.31 13:09:11.388,1.04376,1.04396,1.73,1.88
2013.01.31 13:09:14.678,1.04377,1.04398,1.73,1.13
2013.01.31 13:09:17.233,1.04377,1.04398,1.73,1.13
2013.01.31 13:09:17.462,1.04377,1.04398,1.73,1.13
2013.01.31 13:09:17.763,1.04377,1.04398,1.73,1.50
2013.01.31 13:09:18.393,1.04377,1.04396,1.73,1.50
2013.01.31 13:09:18.514,1.04373,1.04396,4.35,2.10
2013.01.31 13:09:18.635,1.04373,1.04396,3.60,2.10
2013.01.31 13:09:19.586,1.04373,1.04395,1.35,1.35
2013.01.31 13:09:20.923,1.04376,1.04396,1.73,2.10
2013.01.31 13:09:21.781,1.04373,1.04395,1.95,1.35
2013.01.31 13:09:34.321,1.04372,1.04396,2.48,1.35
2013.01.31 13:09:34.523,1.04376,1.04398,1.73,1.88
2013.01.31 13:09:35.167,1.04376,1.04398,1.73,1.88
2013.01.31 13:09:35.720,1.04376,1.04398,1.73,1.88
2013.01.31 13:09:36.864,1.04378,1.04399,2.48,1.13
2013.01.31 13:09:37.166,1.04382,1.04403,1.73,1.13
2013.01.31 13:09:38.065,1.04381,1.04401,1.58,2.25
2013.01.31 13:09:43.891,1.04382,1.04404,2.48,1.50
2013.01.31 13:09:44.441,1.04382,1.04404,1.73,1.50
2013.01.31 13:09:47.083,1.04382,1.04404,2.48,1.50
2013.01.31 13:09:50.050,1.04382,1.04404,2.48,1.50
2013.01.31 13:09:51.973,1.04382,1.04404,2.48,1.50
2013.01.31 13:09:56.325,1.04382,1.04404,1.73,3.38
2013.01.31 13:09:56.385,1.04381,1.04403,1.58,1.13
2013.01.31 13:10:00.295,1.0438,1.044,1.73,2.25
2013.01.31 13:10:00.614,1.04378,1.044,1.73,3.75
2013.01.31 13:10:01.299,1.04378,1.04397,1.73,1.50
2013.01.31 13:10:07.513,1.04377,1.04395,1.73,1.73
2013.01.31 13:10:41.514,1.04373,1.04396,1.73,4.73
2013.01.31 13:10:42.783,1.04373,1.04396,1.73,4.73
2013.01.31 13:10:44.362,1.04373,1.04396,1.73,6.23
2013.01.31 13:10:47.672,1.04373,1.04396,1.50,6.23
2013.01.31 13:11:07.752,1.04373,1.04396,3.00,2.48
2013.01.31 13:11:07.993,1.04377,1.044,1.50,4.73
2013.01.31 13:11:08.242,1.04377,1.04397,1.50,2.11
2013.01.31 13:11:10.723,1.04374,1.04397,1.50,3.61
2013.01.31 13:11:20.684,1.04376,1.04397,1.50,2.11
2013.01.31 13:11:20.987,1.04376,1.04398,1.73,2.48
2013.01.31 13:11:21.055,1.0438,1.04402,1.50,1.73
2013.01.31 13:11:21.233,1.04377,1.04402,2.25,3.23
2013.01.31 13:11:21.803,1.04377,1.04398,1.50,2.25
2013.01.31 13:11:22.113,1.04377,1.04393,2.25,1.25
2013.01.31 13:11:22.188,1.04377,1.04396,2.25,3.15
2013.01.31 13:11:23.674,1.04373,1.04394,2.25,1.73
2013.01.31 13:11:23.735,1.04373,1.04392,1.50,1.38
2013.01.31 13:11:23.973,1.04373,1.04396,2.25,3.15
2013.01.31 13:11:30.141,1.04373,1.04394,2.25,1.63
2013.01.31 13:11:37.494,1.04373,1.04396,1.50,3.53
2013.01.31 13:11:38.854,1.04373,1.04397,2.25,1.63
2013.01.31 13:11:43.544,1.04376,1.04397,1.50,1.63
2013.01.31 13:11:44.804,1.04376,1.04397,1.69,1.63
2013.01.31 13:11:46.873,1.04376,1.04397,1.88,1.63
2013.01.31 13:11:53.016,1.04376,1.04397,1.88,1.63
2013.01.31 13:11:53.656,1.04376,1.04397,1.88,1.63
2013.01.31 13:12:13.023,1.04377,1.04396,1.13,1.73
2013.01.31 13:12:13.702,1.04377,1.04396,1.13,1.50
2013.01.31 13:12:19.414,1.04378,1.044,1.13,1.73
2013.01.31 13:12:19.953,1.0438,1.04403,2.44,3.06
2013.01.31 13:12:20.765,1.04381,1.044,1.92,2.48
2013.01.31 13:12:21.003,1.04378,1.04399,1.13,1.25
2013.01.31 13:12:22.860,1.04372,1.04394,1.69,1.73
2013.01.31 13:12:22.983,1.04373,1.04396,1.50,1.73
2013.01.31 13:12:32.085,1.04372,1.04396,3.00,1.73
2013.01.31 13:12:33.323,1.04376,1.04398,1.73,2.85
2013.01.31 13:12:34.774,1.04376,1.04398,1.73,1.73
2013.01.31 13:12:35.123,1.04376,1.04398,1.73,2.48
2013.01.31 13:12:35.403,1.04376,1.04398,1.50,3.11
2013.01.31 13:12:41.042,1.04371,1.04391,1.73,1.73
2013.01.31 13:12:41.224,1.04371,1.04391,1.50,1.73
2013.01.31 13:12:41.756,1.04369,1.04391,1.50,2.48
2013.01.31 13:12:56.123,1.04374,1.04391,2.25,1.73
2013.01.31 13:12:56.304,1.04374,1.04395,3.00,1.95
2013.01.31 13:13:00.654,1.04373,1.04394,1.50,1.32
2013.01.31 13:13:01.014,1.04371,1.0439,2.25,1.43
2013.01.31 13:13:01.556,1.04369,1.04388,2.25,2.18
2013.01.31 13:13:03.404,1.04369,1.04388,2.25,1.43
2013.01.31 13:13:03.464,1.04369,1.04392,2.25,1.73
2013.01.31 13:13:03.704,1.04373,1.04388,1.50,2.31
2013.01.31 13:13:04.123,1.0437,1.04392,2.25,1.38
2013.01.31 13:13:05.685,1.0437,1.04393,2.25,3.63
2013.01.31 13:13:05.757,1.04373,1.04393,1.50,2.13
2013.01.31 13:13:06.867,1.0437,1.04393,2.25,1.38
2013.01.31 13:13:07.114,1.04367,1.04389,1.73,3.23
2013.01.31 13:13:07.174,1.04367,1.04388,1.50,1.23
2013.01.31 13:13:07.678,1.04368,1.04388,1.50,1.23
2013.01.31 13:13:09.733,1.04366,1.04388,2.25,1.23
2013.01.31 13:13:26.404,1.04367,1.04389,1.50,2.48
2013.01.31 13:13:26.464,1.04369,1.04389,1.50,1.73
2013.01.31 13:13:30.087,1.04369,1.0439,2.25,1.73
2013.01.31 13:13:30.382,1.04372,1.04393,1.73,1.73
2013.01.31 13:13:30.623,1.04372,1.04393,1.50,3.09
2013.01.31 13:13:31.566,1.04373,1.04393,1.50,2.34
2013.01.31 13:13:31.873,1.04375,1.04393,1.50,1.59
2013.01.31 13:13:47.982,1.0437,1.04393,1.50,1.59
2013.01.31 13:13:48.103,1.04367,1.04389,1.50,2.48
2013.01.31 13:13:48.343,1.04367,1.04388,1.50,2.16
2013.01.31 13:13:49.254,1.04368,1.04388,1.50,1.41
2013.01.31 13:13:49.314,1.04368,1.0439,1.50,1.73
2013.01.31 13:13:49.796,1.04367,1.04387,2.25,1.56
2013.01.31 13:13:51.959,1.04368,1.04388,1.50,1.56
2013.01.31 13:13:52.084,1.04368,1.04389,1.50,1.73
2013.01.31 13:13:52.264,1.04368,1.04388,1.50,2.49
2013.01.31 13:13:52.777,1.04365,1.04387,2.25,1.73
2013.01.31 13:13:57.144,1.04363,1.04385,1.50,1.73
2013.01.31 13:13:57.695,1.04365,1.04387,2.25,1.59
2013.01.31 13:13:58.153,1.04364,1.04386,1.50,2.10
2013.01.31 13:13:59.363,1.04365,1.04386,2.10,1.35
2013.01.31 13:13:59.483,1.04363,1.04384,1.50,2.13
2013.01.31 13:14:01.408,1.04363,1.04384,2.25,1.38
2013.01.31 13:14:01.703,1.04363,1.04386,2.25,2.85
2013.01.31 13:14:05.103,1.04361,1.04382,1.73,2.10
2013.01.31 13:14:05.163,1.04361,1.04382,1.50,2.25
2013.01.31 13:14:05.713,1.0436,1.04382,1.50,3.07
2013.01.31 13:14:09.059,1.04357,1.0438,3.00,1.35
2013.01.31 13:14:10.915,1.0436,1.04381,1.50,1.13
2013.01.31 13:14:13.675,1.04357,1.04379,2.25,1.35
2013.01.31 13:14:14.189,1.04359,1.04378,1.50,1.73
2013.01.31 13:14:20.835,1.04357,1.04378,3.00,1.35
2013.01.31 13:14:24.643,1.04357,1.04378,3.00,1.35
2013.01.31 13:14:28.893,1.04358,1.04378,1.50,1.35
2013.01.31 13:14:30.168,1.04358,1.04378,1.50,1.89
2013.01.31 13:14:30.475,1.04358,1.04378,2.25,1.14
2013.01.31 13:14:30.533,1.04358,1.0438,2.25,2.10
2013.01.31 13:14:35.123,1.04365,1.04383,1.50,2.49
2013.01.31 13:14:35.243,1.04365,1.04383,2.25,1.35
2013.01.31 13:14:36.173,1.04365,1.04383,1.50,1.73
2013.01.31 13:14:36.294,1.04365,1.04383,1.50,2.09
2013.01.31 13:14:38.536,1.04365,1.04383,2.25,1.34
2013.01.31 13:14:39.903,1.04365,1.04383,1.50,1.34
2013.01.31 13:14:43.061,1.04365,1.04384,2.25,1.71
2013.01.31 13:14:44.863,1.04361,1.04383,2.25,1.71
2013.01.31 13:14:45.677,1.0436,1.04383,2.25,1.34
2013.01.31 13:14:45.985,1.0436,1.04378,1.50,1.27
2013.01.31 13:14:46.808,1.0436,1.04378,2.25,1.27
2013.01.31 13:14:46.994,1.04363,1.04382,3.00,1.19
2013.01.31 13:14:47.473,1.04363,1.04385,3.00,1.35
2013.01.31 13:14:48.863,1.04362,1.04383,3.00,1.34
2013.01.31 13:14:49.164,1.04363,1.04381,1.50,1.73
2013.01.31 13:14:49.223,1.04363,1.04384,1.50,1.80
2013.01.31 13:14:50.176,1.04363,1.04382,2.85,1.35
2013.01.31 13:14:50.356,1.04364,1.04379,2.10,1.73
2013.01.31 13:14:50.426,1.04362,1.04379,1.13,1.73
2013.01.31 13:14:50.485,1.04362,1.0438,1.13,1.73
2013.01.31 13:14:50.546,1.04364,1.04384,2.25,2.55
2013.01.31 13:14:50.605,1.04365,1.04385,1.73,1.43
2013.01.31 13:14:51.273,1.04366,1.04387,1.50,1.52
2013.01.31 13:14:51.453,1.04366,1.04389,2.48,2.48
2013.01.31 13:14:51.693,1.04366,1.04388,1.50,2.20
2013.01.31 13:14:52.753,1.04367,1.04388,1.50,1.45
2013.01.31 13:14:52.816,1.04367,1.04389,1.50,2.48
2013.01.31 13:14:53.630,1.04367,1.04389,1.50,3.23
2013.01.31 13:14:53.694,1.04364,1.04387,2.25,1.41
2013.01.31 13:14:54.264,1.04364,1.04387,2.25,1.41
2013.01.31 13:14:54.816,1.04367,1.04389,1.50,2.48
2013.01.31 13:14:55.853,1.04366,1.04389,1.73,3.23
2013.01.31 13:14:55.974,1.04366,1.04388,1.50,1.47
2013.01.31 13:14:58.303,1.0436,1.04377,1.50,1.73
2013.01.31 13:14:58.424,1.0436,1.04377,1.50,1.73
2013.01.31 13:14:59.254,1.04356,1.04374,1.73,1.73
2013.01.31 13:14:59.436,1.04355,1.04374,3.98,1.73
2013.01.31 13:15:00.885,1.04361,1.04382,1.50,2.64
2013.01.31 13:15:00.947,1.04361,1.04382,1.73,2.10
2013.01.31 13:15:01.254,1.04358,1.04382,1.88,1.73
2013.01.31 13:15:01.395,1.04357,1.04382,5.63,2.48
2013.01.31 13:15:01.455,1.04362,1.04383,1.50,1.59
2013.01.31 13:15:03.077,1.04359,1.04384,1.13,3.09
2013.01.31 13:15:06.613,1.04359,1.04379,1.13,1.58
2013.01.31 13:15:06.915,1.04354,1.04378,1.50,3.48
2013.01.31 13:15:09.135,1.04361,1.04378,1.35,2.73
2013.01.31 13:15:09.194,1.04361,1.04378,1.35,2.10
2013.01.31 13:15:17.174,1.0436,1.04379,2.25,2.31
2013.01.31 13:15:20.691,1.04352,1.04376,1.35,2.48
2013.01.31 13:15:20.817,1.04353,1.04378,2.25,1.56
2013.01.31 13:15:23.784,1.04356,1.04379,3.23,1.35
2013.01.31 13:15:26.994,1.0436,1.04379,1.73,1.35
2013.01.31 13:15:27.354,1.0436,1.04381,1.73,2.10
2013.01.31 13:15:28.293,1.0436,1.04379,1.73,1.35
2013.01.31 13:15:28.944,1.04358,1.04381,1.13,2.85
2013.01.31 13:15:31.596,1.04357,1.04377,1.35,1.73
2013.01.31 13:15:31.713,1.04353,1.04377,2.25,2.48
2013.01.31 13:15:32.073,1.04349,1.04372,2.25,1.73
2013.01.31 13:15:32.433,1.04348,1.04373,3.98,2.86
2013.01.31 13:15:32.494,1.04353,1.04373,1.50,1.73
2013.01.31 13:15:38.523,1.04356,1.04373,1.73,1.73
2013.01.31 13:15:40.653,1.04356,1.04374,1.73,2.10
2013.01.31 13:15:40.993,1.04353,1.04374,1.50,1.73
2013.01.31 13:15:41.113,1.04353,1.04374,1.50,1.73
2013.01.31 13:15:43.683,1.04351,1.04371,1.73,1.73
2013.01.31 13:15:43.744,1.04348,1.04371,3.00,2.48
2013.01.31 13:15:51.414,1.04351,1.04369,1.50,1.73
2013.01.31 13:15:51.475,1.04351,1.04369,1.50,1.73
2013.01.31 13:15:51.600,1.04353,1.04371,1.50,1.73
2013.01.31 13:15:52.564,1.04353,1.04378,2.25,3.48
2013.01.31 13:15:53.118,1.04353,1.04378,3.00,3.11
2013.01.31 13:15:53.544,1.04354,1.04378,1.50,2.36
2013.01.31 13:15:53.785,1.04358,1.0438,1.50,2.10
2013.01.31 13:16:12.924,1.04362,1.04386,3.00,2.11
2013.01.31 13:16:13.205,1.04366,1.04386,1.50,1.73
2013.01.31 13:16:14.225,1.04362,1.04386,2.25,2.36
2013.01.31 13:16:14.404,1.04366,1.04386,1.50,1.73
2013.01.31 13:16:15.444,1.04362,1.04385,3.00,1.25
2013.01.31 13:16:17.240,1.04362,1.04383,1.50,1.25
2013.01.31 13:16:18.705,1.04356,1.04375,2.10,2.48
2013.01.31 13:16:18.824,1.04352,1.04375,2.63,2.48
2013.01.31 13:16:18.884,1.04352,1.04375,2.25,2.48
2013.01.31 13:16:19.115,1.04352,1.04374,2.25,1.20
2013.01.31 13:16:21.095,1.04352,1.04375,3.00,1.95
2013.01.31 13:16:21.275,1.04355,1.04375,1.50,1.73
2013.01.31 13:16:23.075,1.04352,1.04375,3.00,2.48
2013.01.31 13:16:23.134,1.04352,1.04375,3.00,2.48
2013.01.31 13:16:23.254,1.04352,1.04373,3.00,1.54
2013.01.31 13:16:27.501,1.04352,1.04375,3.00,2.48
2013.01.31 13:16:29.345,1.04352,1.04371,1.50,1.73
2013.01.31 13:16:29.524,1.04356,1.04371,1.73,1.73
2013.01.31 13:16:29.735,1.04356,1.04371,1.50,1.73
2013.01.31 13:16:31.726,1.04352,1.04371,1.50,1.73
2013.01.31 13:17:03.904,1.04352,1.04364,1.50,1.50
2013.01.31 13:17:04.459,1.04347,1.04364,1.50,1.73
2013.01.31 13:17:04.935,1.04347,1.04364,1.50,1.73
2013.01.31 13:17:05.535,1.0434,1.04361,1.73,1.73
2013.01.31 13:17:05.895,1.04339,1.04357,1.73,1.73
2013.01.31 13:17:07.235,1.04334,1.04357,2.10,2.48
2013.01.31 13:17:07.295,1.04334,1.04354,1.35,1.73
2013.01.31 13:17:07.855,1.0433,1.04351,3.08,1.50
2013.01.31 13:17:08.335,1.04331,1.04351,1.73,1.73
2013.01.31 13:17:08.454,1.0433,1.04351,1.58,1.73
2013.01.31 13:17:08.515,1.0433,1.04348,1.92,1.50
2013.01.31 13:17:08.756,1.04326,1.04344,2.40,1.50
2013.01.31 13:17:08.876,1.04325,1.04346,2.40,1.50
2013.01.31 13:17:09.115,1.04323,1.04343,4.50,1.50
2013.01.31 13:17:09.174,1.04323,1.04343,3.00,1.73
2013.01.31 13:17:09.884,1.04321,1.0434,1.73,1.73
2013.01.31 13:17:12.820,1.04321,1.04343,1.73,2.48
2013.01.31 13:17:16.980,1.04321,1.04343,1.73,2.48
2013.01.31 13:17:17.414,1.04319,1.0434,1.35,1.73
2013.01.31 13:17:18.666,1.04319,1.04339,1.35,1.50
2013.01.31 13:17:19.308,1.04319,1.04341,1.35,2.48
2013.01.31 13:17:22.844,1.0432,1.04343,1.58,3.23
2013.01.31 13:17:22.926,1.0432,1.04343,1.58,2.48
2013.01.31 13:17:25.344,1.0432,1.04342,1.73,2.03
2013.01.31 13:17:28.325,1.04317,1.04339,1.77,2.25
2013.01.31 13:17:28.638,1.04317,1.04335,1.02,1.73
2013.01.31 13:17:28.705,1.04316,1.04335,1.54,1.73
2013.01.31 13:17:29.064,1.04316,1.04338,2.48,1.73
2013.01.31 13:17:29.585,1.04317,1.0434,1.73,3.23
2013.01.31 13:17:32.885,1.04319,1.04337,1.73,1.73
2013.01.31 13:17:33.250,1.04316,1.04337,3.00,1.73
2013.01.31 13:17:33.590,1.0432,1.04339,1.50,1.27
2013.01.31 13:17:33.715,1.04322,1.0434,1.35,2.85
2013.01.31 13:17:36.074,1.04323,1.04344,1.35,2.48
2013.01.31 13:17:36.314,1.04324,1.04345,2.48,1.73
2013.01.31 13:17:38.384,1.04324,1.04348,3.83,2.48
2013.01.31 13:17:38.504,1.04327,1.04349,2.48,1.35
2013.01.31 13:17:38.744,1.04327,1.04349,3.00,1.73
2013.01.31 13:17:41.145,1.0433,1.04353,2.48,2.10
2013.01.31 13:17:41.834,1.04327,1.04349,3.98,1.73
2013.01.31 13:17:42.015,1.04328,1.04348,1.50,1.73
2013.01.31 13:17:42.274,1.04329,1.04349,2.48,1.35
2013.01.31 13:17:46.865,1.04328,1.04348,1.35,1.73
2013.01.31 13:17:47.581,1.04332,1.04352,1.73,2.10
2013.01.31 13:17:48.074,1.04328,1.04352,2.48,1.73
2013.01.31 13:17:52.924,1.0433,1.04355,2.48,1.73
2013.01.31 13:17:54.274,1.04331,1.04351,1.73,1.50
2013.01.31 13:17:54.438,1.04331,1.04351,1.73,1.50
2013.01.31 13:17:56.524,1.04329,1.04351,2.48,1.50
2013.01.31 13:17:58.484,1.0433,1.04356,2.48,3.23
2013.01.31 13:17:58.844,1.04328,1.04351,1.58,2.48
2013.01.31 13:18:00.845,1.04324,1.04344,2.48,1.50
2013.01.31 13:18:01.144,1.04324,1.04344,1.73,1.50
2013.01.31 13:18:01.206,1.04324,1.04344,1.50,1.73
2013.01.31 13:18:03.769,1.0432,1.04344,2.25,3.00
2013.01.31 13:18:10.333,1.04317,1.04342,2.48,2.48
2013.01.31 13:18:12.364,1.04317,1.04342,2.85,2.48
2013.01.31 13:18:16.168,1.04317,1.04342,2.85,2.48
2013.01.31 13:18:18.714,1.04317,1.04341,2.25,1.23
2013.01.31 13:18:23.097,1.04317,1.04341,1.88,1.23
2013.01.31 13:18:28.372,1.04317,1.04341,3.38,2.73
2013.01.31 13:18:33.594,1.04317,1.04337,2.25,1.73
2013.01.31 13:18:34.533,1.04317,1.04334,1.50,1.73
2013.01.31 13:18:36.198,1.04317,1.0434,3.00,2.48
2013.01.31 13:18:50.344,1.04315,1.04336,1.50,1.73
2013.01.31 13:18:50.525,1.04318,1.04336,1.73,1.73
2013.01.31 13:18:50.885,1.04316,1.04336,1.73,1.73
2013.01.31 13:18:51.005,1.04315,1.04336,1.13,1.73
2013.01.31 13:18:56.095,1.04315,1.04335,1.50,1.73
2013.01.31 13:18:56.645,1.04319,1.04338,1.50,1.73
2013.01.31 13:18:56.704,1.0432,1.04343,2.48,3.23
2013.01.31 13:19:10.344,1.0432,1.0434,1.73,2.48
2013.01.31 13:19:10.864,1.04317,1.0434,1.58,2.48
2013.01.31 13:19:11.044,1.04316,1.04339,1.35,2.48
2013.01.31 13:19:11.384,1.04314,1.04335,2.25,1.50
2013.01.31 13:19:11.504,1.04314,1.04336,2.33,1.73
2013.01.31 13:19:11.745,1.04318,1.04339,1.50,2.10
2013.01.31 13:19:12.104,1.04319,1.04339,1.58,1.35
2013.01.31 13:19:12.225,1.04317,1.04339,3.75,2.10
2013.01.31 13:19:25.635,1.04315,1.04337,1.50,1.73
2013.01.31 13:19:25.874,1.0432,1.04337,1.73,1.73
2013.01.31 13:19:28.374,1.04316,1.04339,2.29,3.23
2013.01.31 13:19:28.494,1.04316,1.04337,1.88,1.73
2013.01.31 13:19:31.634,1.04317,1.04337,2.25,1.73
2013.01.31 13:19:31.937,1.04322,1.04341,2.25,1.98
2013.01.31 13:19:32.588,1.0432,1.0434,2.25,1.41
2013.01.31 13:19:35.734,1.04324,1.04343,2.25,1.41
2013.01.31 13:19:35.794,1.04324,1.04344,2.25,2.10
2013.01.31 13:19:40.925,1.04324,1.04345,2.25,1.38
2013.01.31 13:19:40.985,1.04324,1.04346,3.08,2.48
2013.01.31 13:19:44.114,1.04326,1.04349,2.25,1.73
2013.01.31 13:19:44.175,1.0433,1.04352,2.33,1.73
2013.01.31 13:19:44.657,1.04328,1.04349,1.92,2.48
2013.01.31 13:19:44.715,1.04328,1.04349,1.69,2.48
2013.01.31 13:19:45.443,1.04323,1.04345,2.25,1.73
2013.01.31 13:19:45.745,1.04325,1.04347,1.73,2.85
2013.01.31 13:19:48.155,1.04325,1.04346,2.25,1.47
2013.01.31 13:19:48.455,1.04325,1.0435,3.23,3.23
2013.01.31 13:19:53.845,1.04323,1.04345,2.25,1.36
2013.01.31 13:19:54.364,1.04326,1.04346,1.50,1.73
2013.01.31 13:20:01.053,1.04326,1.04346,1.50,1.73
2013.01.31 13:20:01.365,1.04323,1.04346,2.25,2.79
2013.01.31 13:20:01.615,1.04323,1.04345,2.25,1.73
2013.01.31 13:20:02.155,1.04323,1.04342,1.50,1.20
2013.01.31 13:20:02.215,1.04321,1.04341,1.50,1.20
2013.01.31 13:20:02.924,1.04321,1.04344,2.25,3.23
2013.01.31 13:20:03.284,1.04321,1.04339,1.50,1.73
2013.01.31 13:20:04.495,1.04321,1.04344,1.50,3.98
2013.01.31 13:20:07.545,1.04323,1.04345,1.50,1.73
2013.01.31 13:20:08.605,1.04323,1.04339,1.50,1.73
2013.01.31 13:20:11.515,1.04317,1.04336,1.50,1.56
2013.01.31 13:20:11.756,1.04317,1.0434,2.10,2.85
2013.01.31 13:20:15.625,1.04321,1.04343,3.60,2.58
2013.01.31 13:20:15.865,1.04325,1.04345,2.85,1.35
2013.01.31 13:20:16.217,1.04325,1.04345,1.58,1.35
2013.01.31 13:20:16.455,1.04325,1.04345,1.35,2.10
2013.01.31 13:20:19.065,1.04321,1.04341,1.35,2.48
2013.01.31 13:20:19.185,1.0432,1.04339,1.58,1.73
2013.01.31 13:20:19.606,1.04317,1.04339,2.48,1.73
2013.01.31 13:20:19.677,1.04319,1.04339,1.50,1.73
2013.01.31 13:20:21.175,1.04318,1.04338,1.50,2.48
2013.01.31 13:20:21.914,1.04316,1.04338,1.50,2.48
2013.01.31 13:20:22.844,1.04316,1.04335,3.00,2.48
2013.01.31 13:20:23.445,1.04316,1.04337,2.25,1.23
2013.01.31 13:20:24.122,1.04316,1.04337,2.25,1.23
2013.01.31 13:20:24.917,1.04319,1.04337,1.50,1.23
2013.01.31 13:20:25.215,1.04321,1.04339,3.75,1.35
2013.01.31 13:20:25.807,1.04323,1.04339,1.50,2.10
2013.01.31 13:20:29.044,1.04321,1.04339,2.25,1.35
2013.01.31 13:20:29.104,1.0432,1.04338,1.50,1.35
2013.01.31 13:20:29.164,1.0432,1.04338,1.73,1.13
2013.01.31 13:20:29.346,1.0432,1.0434,1.73,2.10
2013.01.31 13:20:29.405,1.0432,1.0434,1.73,1.73
2013.01.31 13:20:29.525,1.0432,1.04343,1.73,1.50
2013.01.31 13:20:30.314,1.0432,1.04343,1.73,1.50
2013.01.31 13:20:31.051,1.04319,1.04343,2.77,2.25
2013.01.31 13:20:31.265,1.04319,1.04339,1.73,1.73
2013.01.31 13:20:34.137,1.04319,1.0434,1.38,1.50
2013.01.31 13:20:34.632,1.04319,1.04344,2.48,4.73
2013.01.31 13:20:34.710,1.0432,1.04344,1.73,4.73
2013.01.31 13:20:35.576,1.0432,1.04343,1.73,1.50
2013.01.31 13:20:36.065,1.04318,1.04339,1.73,1.50
2013.01.31 13:20:39.748,1.04318,1.04341,2.48,2.48
2013.01.31 13:20:40.994,1.04316,1.04338,1.73,2.25
2013.01.31 13:20:41.335,1.04313,1.04336,2.48,1.50
2013.01.31 13:20:41.515,1.04313,1.04335,2.48,2.85
2013.01.31 13:20:41.574,1.04312,1.0433,2.33,1.50
2013.01.31 13:20:41.980,1.0431,1.0433,1.58,2.25
2013.01.31 13:20:42.551,1.0431,1.0433,1.58,1.50
2013.01.31 13:20:45.356,1.04309,1.0433,1.58,2.25
2013.01.31 13:20:45.477,1.04307,1.04325,3.23,1.50
2013.01.31 13:20:45.714,1.04307,1.04325,2.48,1.73
2013.01.31 13:20:46.466,1.04307,1.04329,1.73,2.85
2013.01.31 13:20:49.916,1.04311,1.0433,1.73,1.73
2013.01.31 13:20:50.039,1.04311,1.0433,1.73,1.50
2013.01.31 13:20:50.345,1.04313,1.04335,2.48,2.85
2013.01.31 13:20:50.527,1.04315,1.04338,3.23,1.13
2013.01.31 13:20:50.856,1.04315,1.04338,3.23,1.50
2013.01.31 13:20:51.410,1.04315,1.04339,3.23,3.23
2013.01.31 13:20:51.571,1.04315,1.04339,2.48,3.23
2013.01.31 13:20:51.766,1.04312,1.04336,2.85,3.23
2013.01.31 13:20:52.246,1.0431,1.04331,1.73,1.50
2013.01.31 13:20:52.486,1.0431,1.04333,2.48,1.50
2013.01.31 13:20:53.295,1.04314,1.04337,2.48,2.25
2013.01.31 13:20:55.246,1.04325,1.04344,1.73,1.73
2013.01.31 13:20:55.307,1.04325,1.04344,1.73,1.73
2013.01.31 13:20:55.485,1.04322,1.04341,1.73,1.73
2013.01.31 13:20:55.685,1.04322,1.04343,1.73,1.50
2013.01.31 13:20:56.105,1.04322,1.04344,2.85,1.50
2013.01.31 13:20:56.576,1.04322,1.04343,2.85,1.50
2013.01.31 13:20:56.695,1.04322,1.04341,2.10,1.73
2013.01.31 13:20:56.935,1.04322,1.04344,1.73,1.50
2013.01.31 13:20:57.055,1.04324,1.04344,1.73,1.50
2013.01.31 13:20:58.347,1.04328,1.04344,1.50,1.50
2013.01.31 13:21:06.578,1.04326,1.04344,1.73,1.50
2013.01.31 13:21:07.425,1.04323,1.04344,3.04,1.13
2013.01.31 13:21:07.855,1.04329,1.04346,1.73,1.50
2013.01.31 13:21:07.980,1.04329,1.04348,1.73,2.25
2013.01.31 13:21:08.524,1.04331,1.04348,1.43,1.50
2013.01.31 13:21:09.030,1.04331,1.04351,1.43,2.25
2013.01.31 13:21:11.734,1.04331,1.04347,1.43,1.50
2013.01.31 13:21:12.096,1.04324,1.04345,2.77,1.13
2013.01.31 13:21:12.344,1.04326,1.04344,1.27,1.13
2013.01.31 13:21:12.485,1.04324,1.04344,2.48,1.13
2013.01.31 13:21:13.126,1.04324,1.04344,1.73,1.13
2013.01.31 13:21:13.305,1.04327,1.04344,1.73,1.13
2013.01.31 13:21:14.416,1.04327,1.04349,1.73,1.50
2013.01.31 13:21:14.536,1.04327,1.04349,1.73,1.73
2013.01.31 13:21:19.854,1.04326,1.04345,1.73,1.50
2013.01.31 13:21:23.076,1.04326,1.0435,2.48,3.45
2013.01.31 13:21:23.199,1.04327,1.0435,1.36,3.23
2013.01.31 13:21:23.266,1.04327,1.0435,1.36,2.63
2013.01.31 13:21:24.277,1.04331,1.0435,1.23,2.25
2013.01.31 13:21:25.560,1.04329,1.0435,1.23,1.50
2013.01.31 13:21:25.884,1.04326,1.04346,2.25,1.13
2013.01.31 13:21:26.004,1.04326,1.04346,1.73,1.13
2013.01.31 13:21:26.615,1.04326,1.04346,2.48,1.50
2013.01.31 13:21:28.175,1.04329,1.0435,1.73,2.48
2013.01.31 13:21:28.355,1.04329,1.0435,1.73,2.25
2013.01.31 13:21:34.916,1.04327,1.0435,1.61,2.25
2013.01.31 13:21:35.035,1.04326,1.0435,2.48,3.23
2013.01.31 13:21:37.585,1.04329,1.0435,2.48,1.73
2013.01.31 13:21:37.716,1.04329,1.04352,2.48,2.48
2013.01.31 13:21:37.836,1.0433,1.04352,1.73,1.50
2013.01.31 13:21:37.955,1.04332,1.04352,1.41,1.50
2013.01.31 13:21:39.026,1.04332,1.04353,1.41,1.50
2013.01.31 13:21:41.678,1.04331,1.04353,1.41,3.00
2013.01.31 13:21:42.685,1.04332,1.04353,1.41,2.25
2013.01.31 13:21:46.184,1.04331,1.04353,1.41,3.00
2013.01.31 13:21:54.881,1.04332,1.04353,2.91,1.50
2013.01.31 13:21:57.080,1.04332,1.04353,2.16,1.50
2013.01.31 13:21:57.385,1.04328,1.04346,2.48,1.13
2013.01.31 13:21:57.504,1.04328,1.04349,2.48,1.13
2013.01.31 13:21:58.017,1.04328,1.04349,2.48,1.50
2013.01.31 13:21:58.074,1.04328,1.04348,1.73,1.50
2013.01.31 13:22:00.324,1.04328,1.0435,1.73,1.50
2013.01.31 13:22:19.850,1.04328,1.0435,2.48,1.50
2013.01.31 13:22:19.916,1.04331,1.0435,1.56,1.50
2013.01.31 13:22:30.884,1.0433,1.04351,1.34,2.25
2013.01.31 13:22:31.315,1.04329,1.04348,1.73,1.50
2013.01.31 13:22:31.498,1.04328,1.0435,1.20,1.50
2013.01.31 13:22:31.854,1.04331,1.0435,1.20,2.25
2013.01.31 13:22:42.566,1.04331,1.04352,1.20,1.50
2013.01.31 13:22:43.668,1.04331,1.04352,1.20,2.25
2013.01.31 13:22:58.847,1.04331,1.04354,1.20,3.38
2013.01.31 13:23:04.345,1.04331,1.04353,2.70,3.00
2013.01.31 13:23:13.455,1.04334,1.04354,2.88,1.50
2013.01.31 13:23:13.575,1.04336,1.04357,1.38,3.00
2013.01.31 13:23:13.635,1.04336,1.04357,1.38,2.25
2013.01.31 13:23:14.314,1.04336,1.04358,2.88,1.50
2013.01.31 13:23:14.495,1.04336,1.04359,2.48,3.23
2013.01.31 13:23:17.764,1.04332,1.04353,2.02,2.25
2013.01.31 13:23:17.824,1.04332,1.04353,1.73,2.25
2013.01.31 13:23:23.106,1.04332,1.04354,1.73,2.48
2013.01.31 13:23:23.345,1.04335,1.04355,2.48,1.13
2013.01.31 13:23:30.945,1.04335,1.04352,1.73,1.50
2013.01.31 13:23:31.005,1.04335,1.04352,1.73,1.50
2013.01.31 13:23:33.044,1.04335,1.04356,2.48,1.73
2013.01.31 13:23:33.105,1.04335,1.04356,2.48,1.50
2013.01.31 13:23:37.735,1.04335,1.04353,1.73,1.50
2013.01.31 13:23:38.128,1.04332,1.04354,2.48,1.73
2013.01.31 13:23:38.197,1.04332,1.04354,2.48,1.50
2013.01.31 13:23:41.565,1.04337,1.04358,1.34,1.88
2013.01.31 13:23:45.936,1.04339,1.04354,1.73,1.13
2013.01.31 13:23:46.484,1.04333,1.04354,2.84,1.88
2013.01.31 13:23:50.435,1.04333,1.04353,2.09,1.50
2013.01.31 13:23:50.615,1.04333,1.04353,1.73,1.50
2013.01.31 13:23:57.073,1.04333,1.04353,1.73,1.50
2013.01.31 13:24:06.141,1.04333,1.04351,1.73,1.13
2013.01.31 13:24:11.575,1.04332,1.04353,2.48,1.50
2013.01.31 13:24:11.755,1.04332,1.04354,2.48,1.73
2013.01.31 13:24:12.005,1.04333,1.04354,1.23,1.50
2013.01.31 13:24:12.741,1.04333,1.04355,1.98,2.25
2013.01.31 13:24:13.154,1.04336,1.04357,2.48,1.13
2013.01.31 13:24:13.975,1.04337,1.04357,1.98,2.25
2013.01.31 13:24:15.504,1.04337,1.04358,1.98,2.25
2013.01.31 13:24:17.447,1.04337,1.04358,1.98,4.73
2013.01.31 13:24:17.507,1.04333,1.04354,1.27,1.50
2013.01.31 13:24:18.805,1.04332,1.04355,2.48,1.73
2013.01.31 13:24:19.852,1.04332,1.04351,1.73,2.10
2013.01.31 13:24:19.918,1.04332,1.04349,1.73,2.33
2013.01.31 13:24:22.415,1.04328,1.04347,1.73,1.35
2013.01.31 13:24:22.608,1.04326,1.04349,3.23,2.33
2013.01.31 13:24:26.726,1.04326,1.04349,3.23,2.48
2013.01.31 13:24:29.276,1.04326,1.04349,3.23,2.48
2013.01.31 13:24:29.818,1.04326,1.04347,3.23,1.35
2013.01.31 13:24:30.409,1.04326,1.04345,3.23,1.35
2013.01.31 13:24:31.716,1.04326,1.04347,2.48,1.35
2013.01.31 13:24:37.177,1.04324,1.04345,2.48,1.35
2013.01.31 13:24:39.455,1.04324,1.04345,2.48,1.58
2013.01.31 13:24:41.636,1.04331,1.04349,1.50,1.73
2013.01.31 13:24:41.756,1.04331,1.04348,1.73,1.50
2013.01.31 13:24:42.420,1.04331,1.04349,1.73,1.73
2013.01.31 13:24:42.932,1.04331,1.04349,1.73,1.50
2013.01.31 13:24:43.176,1.04327,1.04351,1.73,3.08
2013.01.31 13:24:43.536,1.04331,1.04351,1.73,1.35
2013.01.31 13:24:43.776,1.04328,1.04353,2.33,3.98
2013.01.31 13:24:48.235,1.04327,1.04349,1.73,2.48
2013.01.31 13:24:48.305,1.04326,1.04349,2.48,2.48
2013.01.31 13:24:48.787,1.04321,1.04345,3.23,1.73
2013.01.31 13:24:48.905,1.04334,1.04346,1.50,2.48
2013.01.31 13:24:49.085,1.04334,1.0435,1.50,1.58
2013.01.31 13:24:49.415,1.04329,1.0435,1.50,1.73
2013.01.31 13:24:49.595,1.04329,1.0435,2.25,1.73
2013.01.31 13:24:49.907,1.04331,1.04351,1.73,1.73
2013.01.31 13:24:50.628,1.04331,1.04351,1.73,1.50
2013.01.31 13:24:50.836,1.04328,1.04351,1.23,2.25
2013.01.31 13:24:51.015,1.04328,1.04348,1.73,1.50
2013.01.31 13:24:51.796,1.04331,1.04352,1.73,1.50
2013.01.31 13:24:54.824,1.04333,1.04355,2.48,1.35
2013.01.31 13:24:56.845,1.04337,1.04358,2.48,4.20
2013.01.31 13:24:59.906,1.04337,1.04358,1.73,4.35
2013.01.31 13:24:59.967,1.04337,1.04358,1.73,4.13
2013.01.31 13:25:04.057,1.04338,1.04358,1.73,1.50
2013.01.31 13:25:04.615,1.04343,1.04358,1.73,1.50
2013.01.31 13:25:05.269,1.04341,1.04362,1.73,2.25
2013.01.31 13:25:06.407,1.04339,1.04359,1.41,1.50
2013.01.31 13:25:06.474,1.04338,1.04359,1.73,1.50
2013.01.31 13:25:06.845,1.04337,1.04359,2.48,2.10
2013.01.31 13:25:07.385,1.04343,1.0436,1.35,1.65
2013.01.31 13:25:07.505,1.04344,1.04362,1.73,1.35
2013.01.31 13:25:08.506,1.0434,1.04361,2.25,1.58
2013.01.31 13:25:08.685,1.0434,1.04363,3.23,3.83
2013.01.31 13:25:10.705,1.04347,1.04365,1.13,1.73
2013.01.31 13:25:10.765,1.04347,1.04365,1.13,1.50
2013.01.31 13:25:11.006,1.04346,1.04364,2.25,1.58
2013.01.31 13:25:11.204,1.04344,1.04364,3.23,1.35
2013.01.31 13:25:15.835,1.04347,1.04364,1.73,1.35
2013.01.31 13:25:16.015,1.0434,1.04359,1.73,1.35
2013.01.31 13:25:18.407,1.04336,1.04358,1.13,2.33
2013.01.31 13:25:19.755,1.04332,1.04355,4.50,3.23
2013.01.31 13:25:20.105,1.04332,1.04354,2.25,1.58
2013.01.31 13:25:20.225,1.04328,1.04351,2.48,1.73
2013.01.31 13:25:20.285,1.04327,1.04349,1.50,2.48
2013.01.31 13:25:20.956,1.04326,1.04349,3.00,2.48
2013.01.31 13:25:21.457,1.04326,1.04349,3.00,2.48
2013.01.31 13:25:34.105,1.04326,1.04349,3.00,2.48
2013.01.31 13:25:34.286,1.0433,1.04349,1.58,2.48
2013.01.31 13:25:44.376,1.0433,1.04351,1.58,1.73
2013.01.31 13:25:44.930,1.0433,1.04351,1.58,2.48
2013.01.31 13:25:47.365,1.04329,1.04351,1.73,1.73
2013.01.31 13:25:54.224,1.04333,1.04351,1.50,1.05
2013.01.31 13:25:54.735,1.0433,1.04351,2.25,1.05
2013.01.31 13:26:00.835,1.04333,1.04352,1.50,1.20
2013.01.31 13:26:02.145,1.0433,1.04352,2.25,1.20
2013.01.31 13:26:14.426,1.04326,1.04338,1.73,2.10
2013.01.31 13:26:14.606,1.04322,1.04336,1.50,2.10
2013.01.31 13:26:14.669,1.04314,1.04336,1.13,4.13
2013.01.31 13:26:14.737,1.0431,1.04331,2.25,1.23
2013.01.31 13:26:16.117,1.04311,1.04333,1.50,1.35
2013.01.31 13:26:16.356,1.04309,1.04331,2.25,1.36
2013.01.31 13:26:19.397,1.04307,1.0433,1.50,2.48
2013.01.31 13:26:19.816,1.04303,1.04323,1.50,1.35
2013.01.31 13:26:20.116,1.04297,1.04321,1.50,3.04
2013.01.31 13:26:37.160,1.04298,1.0432,1.50,1.54
2013.01.31 13:26:37.921,1.04298,1.04321,2.25,3.04
2013.01.31 13:26:38.406,1.04298,1.04316,2.25,1.47
2013.01.31 13:26:38.708,1.04298,1.0432,2.25,1.35
2013.01.31 13:26:38.826,1.043,1.04321,1.50,2.73
2013.01.31 13:26:38.946,1.04302,1.04321,1.35,2.10
2013.01.31 13:26:39.806,1.04293,1.04313,2.48,1.73
2013.01.31 13:26:39.866,1.04293,1.04313,1.73,1.73
2013.01.31 13:26:40.506,1.04292,1.04314,2.25,1.35
2013.01.31 13:26:44.676,1.04291,1.04311,1.35,1.35
2013.01.31 13:26:45.315,1.04293,1.04313,2.25,1.80
2013.01.31 13:26:46.356,1.04291,1.04309,2.85,1.35
2013.01.31 13:26:49.085,1.04285,1.04307,1.35,2.48
2013.01.31 13:26:49.145,1.04285,1.04307,1.13,2.48
2013.01.31 13:26:49.205,1.04284,1.04306,1.50,1.35
2013.01.31 13:26:49.714,1.04283,1.04306,3.23,2.85
2013.01.31 13:26:51.417,1.04283,1.04305,2.85,1.58
2013.01.31 13:26:51.820,1.04283,1.04302,1.88,2.48
2013.01.31 13:26:52.175,1.04283,1.04302,2.63,1.73
2013.01.31 13:26:52.675,1.04283,1.04303,1.88,1.73
2013.01.31 13:26:53.036,1.04284,1.04297,1.88,1.73
2013.01.31 13:26:53.556,1.04283,1.04297,1.17,1.73
2013.01.31 13:26:54.006,1.04283,1.04301,1.17,2.48
2013.01.31 13:26:55.396,1.04284,1.04302,1.17,1.73
2013.01.31 13:26:58.466,1.04283,1.04302,1.17,1.73
2013.01.31 13:26:58.525,1.04283,1.04302,1.39,1.73
2013.01.31 13:26:58.716,1.04283,1.04302,1.17,2.48
2013.01.31 13:26:59.075,1.04284,1.04299,1.17,1.73
2013.01.31 13:27:02.836,1.04278,1.04293,1.05,1.73
2013.01.31 13:27:02.955,1.04272,1.04293,1.28,1.73
2013.01.31 13:27:03.526,1.04271,1.04293,2.25,1.73
2013.01.31 13:27:05.906,1.04269,1.04291,3.00,1.73
2013.01.31 13:27:06.926,1.04273,1.04294,1.50,1.73
2013.01.31 13:27:07.415,1.04269,1.04294,3.00,3.23
2013.01.31 13:27:09.273,1.04268,1.04283,1.50,1.50
2013.01.31 13:27:09.586,1.04262,1.04285,3.00,1.54
2013.01.31 13:27:10.064,1.04263,1.04287,1.50,3.23
2013.01.31 13:27:10.366,1.04263,1.04283,1.50,1.73
2013.01.31 13:27:12.105,1.04262,1.04284,2.48,1.73
2013.01.31 13:27:12.357,1.0426,1.04281,1.50,1.73
2013.01.31 13:27:12.536,1.0426,1.04281,1.73,1.73
2013.01.31 13:27:13.645,1.04259,1.0428,1.73,1.73
2013.01.31 13:27:15.075,1.0426,1.04286,2.48,3.60
2013.01.31 13:27:19.793,1.0427,1.04288,2.25,1.13
2013.01.31 13:27:19.858,1.04268,1.04289,2.25,1.73
2013.01.31 13:27:20.146,1.04267,1.0429,1.58,1.35
2013.01.31 13:27:20.269,1.04265,1.04288,2.25,1.35
2013.01.31 13:27:21.346,1.04266,1.04289,2.25,1.59
2013.01.31 13:27:21.585,1.04267,1.0429,1.58,1.35
2013.01.31 13:27:24.589,1.04266,1.04288,2.48,1.13
2013.01.31 13:27:25.529,1.04269,1.04292,2.25,1.35
2013.01.31 13:27:26.608,1.04268,1.04289,1.35,2.48
2013.01.31 13:27:26.666,1.04266,1.04289,1.50,2.48
2013.01.31 13:27:26.916,1.04265,1.04288,2.48,1.35
2013.01.31 13:27:27.845,1.04266,1.04289,1.58,3.23
2013.01.31 13:27:30.087,1.04268,1.04289,1.35,2.85
2013.01.31 13:27:34.815,1.04269,1.04289,2.25,1.73
2013.01.31 13:27:35.065,1.04269,1.04289,1.50,2.10
2013.01.31 13:27:35.133,1.04266,1.04289,1.73,3.60
2013.01.31 13:27:35.199,1.04266,1.04285,1.50,2.48
2013.01.31 13:27:36.625,1.04266,1.04289,2.25,1.58
2013.01.31 13:27:37.165,1.04262,1.04283,2.48,1.35
2013.01.31 13:27:38.095,1.04268,1.04287,1.50,1.35
2013.01.31 13:27:38.555,1.04269,1.04287,2.25,1.35
2013.01.31 13:27:38.727,1.04269,1.04288,2.25,1.35
2013.01.31 13:27:39.755,1.04273,1.04294,2.48,1.35
2013.01.31 13:27:40.116,1.04278,1.04297,1.35,2.48
2013.01.31 13:27:40.237,1.04278,1.04299,1.35,2.85
2013.01.31 13:27:40.295,1.04279,1.043,1.35,2.85
2013.01.31 13:27:41.436,1.04277,1.04298,2.48,1.35
2013.01.31 13:27:41.556,1.04277,1.04298,2.25,1.35
2013.01.31 13:27:41.977,1.04277,1.043,2.48,1.13
2013.01.31 13:27:43.316,1.04282,1.04303,1.50,1.35
2013.01.31 13:27:44.675,1.04284,1.04303,1.50,1.35
2013.01.31 13:27:45.108,1.0428,1.04303,2.25,2.48
2013.01.31 13:27:45.725,1.04285,1.04303,1.50,1.35
2013.01.31 13:27:46.027,1.04282,1.04303,1.50,1.35
2013.01.31 13:27:46.087,1.04282,1.04299,1.50,1.27
2013.01.31 13:27:47.936,1.04281,1.04295,1.50,2.09
2013.01.31 13:27:48.057,1.0428,1.04294,1.50,1.73
2013.01.31 13:27:48.115,1.04274,1.04294,2.25,1.73
2013.01.31 13:27:48.175,1.04272,1.04288,1.50,1.69
2013.01.31 13:27:48.295,1.04271,1.04288,3.00,1.32
2013.01.31 13:27:48.355,1.04275,1.04291,2.10,2.07
2013.01.31 13:27:48.487,1.04275,1.04293,2.85,1.05
2013.01.31 13:27:48.725,1.04276,1.04297,2.48,2.55
2013.01.31 13:27:48.785,1.04276,1.04298,2.48,1.35
2013.01.31 13:27:50.326,1.04276,1.04298,3.23,1.35
2013.01.31 13:27:50.625,1.0428,1.04298,2.25,1.35
2013.01.31 13:27:51.459,1.0428,1.04293,1.50,1.73
2013.01.31 13:27:51.527,1.0428,1.04293,1.50,1.73
2013.01.31 13:27:51.707,1.0428,1.04297,1.50,1.73
2013.01.31 13:27:51.766,1.0428,1.043,2.25,1.71
2013.01.31 13:27:52.065,1.0428,1.04301,2.25,1.35
2013.01.31 13:27:52.706,1.04282,1.04302,1.50,1.35
2013.01.31 13:27:54.145,1.04282,1.04302,1.50,1.35
2013.01.31 13:27:57.235,1.04281,1.04304,1.73,2.18
2013.01.31 13:27:57.365,1.04283,1.04304,1.73,1.43
2013.01.31 13:27:57.485,1.04283,1.04304,1.73,1.05
2013.01.31 13:27:57.726,1.04284,1.04305,1.58,2.10
2013.01.31 13:27:57.965,1.04288,1.04307,1.73,2.70
2013.01.31 13:27:59.629,1.04288,1.04309,1.73,2.10
2013.01.31 13:27:59.696,1.04287,1.04308,2.25,1.20
2013.01.31 13:27:59.996,1.04284,1.04306,2.10,1.05
2013.01.31 13:28:00.115,1.04284,1.04304,1.35,1.13
2013.01.31 13:28:00.596,1.04287,1.04306,1.73,1.20
2013.01.31 13:28:02.104,1.04288,1.04308,1.73,1.35
2013.01.31 13:28:02.346,1.04286,1.04306,1.50,2.48
2013.01.31 13:28:02.855,1.04286,1.04306,1.50,2.85
2013.01.31 13:28:03.205,1.04289,1.04306,1.50,1.35
2013.01.31 13:28:03.667,1.04289,1.04303,1.50,1.73
2013.01.31 13:28:04.026,1.04289,1.04304,1.50,1.43
2013.01.31 13:28:04.897,1.04291,1.04306,1.50,1.73
2013.01.31 13:28:05.467,1.0429,1.04306,1.50,1.35
2013.01.31 13:28:05.525,1.0429,1.04308,1.50,1.95
2013.01.31 13:28:05.706,1.04289,1.04306,1.50,2.48
2013.01.31 13:28:06.445,1.04285,1.04308,2.25,1.73
2013.01.31 13:28:07.466,1.04282,1.04304,2.25,1.67
2013.01.31 13:28:08.545,1.04288,1.04304,1.50,1.67
2013.01.31 13:28:10.185,1.04288,1.04306,1.50,2.10
2013.01.31 13:28:10.426,1.04284,1.04304,2.25,1.35
2013.01.31 13:28:11.147,1.04284,1.04304,2.25,1.35
2013.01.31 13:28:11.889,1.04284,1.04304,1.50,1.35
2013.01.31 13:28:15.396,1.04283,1.04304,1.50,1.35
2013.01.31 13:28:16.425,1.04283,1.04305,2.25,2.42
2013.01.31 13:28:16.606,1.04284,1.04306,3.00,1.35
2013.01.31 13:28:24.075,1.04282,1.04306,1.73,2.48
2013.01.31 13:28:27.245,1.04289,1.04306,1.50,1.35
2013.01.31 13:28:28.105,1.0429,1.04308,1.50,2.48
2013.01.31 13:28:29.188,1.04289,1.04308,1.50,2.10
2013.01.31 13:28:29.676,1.04285,1.04308,2.48,3.60
2013.01.31 13:28:29.802,1.04285,1.04307,2.48,1.35
2013.01.31 13:28:30.046,1.04282,1.04301,2.48,1.58
2013.01.31 13:28:30.566,1.04279,1.04301,3.98,2.48
2013.01.31 13:28:30.686,1.04279,1.04301,3.75,2.48
2013.01.31 13:28:31.046,1.04282,1.04304,1.73,2.85
2013.01.31 13:28:32.237,1.04282,1.04304,2.48,1.73
2013.01.31 13:28:32.595,1.04283,1.04307,1.73,3.08
2013.01.31 13:28:32.896,1.04287,1.04308,1.73,2.48
2013.01.31 13:28:33.545,1.04287,1.04308,1.50,2.55
2013.01.31 13:28:33.726,1.04284,1.04304,1.50,1.73
2013.01.31 13:28:33.846,1.04281,1.04303,2.25,1.95
2013.01.31 13:28:33.965,1.04281,1.04304,2.48,2.48
2013.01.31 13:28:35.816,1.04278,1.04299,3.23,1.73
2013.01.31 13:28:35.996,1.04278,1.04299,1.50,2.33
2013.01.31 13:28:36.562,1.04276,1.04297,1.73,2.85
2013.01.31 13:28:37.115,1.04276,1.04293,1.73,1.50
2013.01.31 13:28:37.485,1.04279,1.043,1.50,2.85
2013.01.31 13:28:37.845,1.04282,1.043,2.48,1.13
2013.01.31 13:28:38.346,1.04279,1.04301,3.23,2.85
2013.01.31 13:28:38.526,1.04273,1.04296,3.23,1.73
2013.01.31 13:28:38.976,1.04273,1.04296,3.00,1.73
2013.01.31 13:28:39.037,1.04273,1.04296,1.50,3.23
2013.01.31 13:28:42.665,1.0427,1.04292,1.73,1.73
2013.01.31 13:28:44.426,1.04269,1.04286,1.73,1.50
2013.01.31 13:28:44.486,1.04269,1.04286,1.50,1.73
2013.01.31 13:28:44.546,1.04263,1.04286,2.48,1.73
2013.01.31 13:28:45.431,1.04263,1.04286,2.48,2.10
2013.01.31 13:28:46.134,1.04263,1.04286,2.48,2.10
2013.01.31 13:28:52.081,1.04266,1.04287,1.73,1.35
2013.01.31 13:28:53.197,1.0427,1.04289,1.58,2.48
2013.01.31 13:28:53.666,1.0427,1.04289,1.58,1.88
2013.01.31 13:28:54.186,1.0427,1.04289,1.58,1.50
2013.01.31 13:28:54.246,1.0427,1.04289,1.35,1.50
2013.01.31 13:28:54.449,1.04271,1.04293,2.25,1.95
2013.01.31 13:28:54.646,1.04271,1.04292,1.50,1.35
2013.01.31 13:28:54.985,1.04271,1.04292,1.50,1.35
2013.01.31 13:28:55.046,1.04271,1.04292,1.50,1.35
2013.01.31 13:28:56.485,1.0427,1.04292,1.50,1.35
2013.01.31 13:28:56.665,1.04268,1.04286,2.25,1.50
2013.01.31 13:28:57.006,1.04264,1.04285,1.73,2.25
2013.01.31 13:28:57.265,1.04262,1.04285,2.48,3.60
2013.01.31 13:28:59.287,1.04269,1.04283,3.30,1.50
2013.01.31 13:29:00.508,1.04269,1.04285,3.30,1.73
2013.01.31 13:29:00.565,1.04269,1.04288,3.30,3.98
2013.01.31 13:29:00.925,1.04262,1.04284,2.48,1.13
2013.01.31 13:29:01.543,1.04261,1.04283,2.40,1.50
2013.01.31 13:29:02.205,1.04261,1.04283,2.18,1.50
2013.01.31 13:29:02.393,1.04262,1.04283,1.35,1.50
2013.01.31 13:29:02.695,1.04265,1.04283,1.35,1.50
2013.01.31 13:29:03.265,1.04267,1.04285,2.10,1.50
2013.01.31 13:29:03.325,1.04267,1.04289,2.10,1.50
2013.01.31 13:29:03.825,1.04267,1.04285,2.85,1.50
2013.01.31 13:29:04.685,1.04263,1.04285,1.35,3.00
2013.01.31 13:29:04.746,1.04263,1.04285,1.50,3.60
2013.01.31 13:29:04.865,1.04261,1.04283,2.25,1.35
2013.01.31 13:29:05.506,1.04263,1.04283,1.50,2.25
2013.01.31 13:29:05.626,1.04263,1.04286,1.50,1.13
2013.01.31 13:29:06.206,1.04263,1.04288,3.75,2.25
2013.01.31 13:29:07.166,1.04265,1.04288,1.50,2.25
2013.01.31 13:29:07.225,1.04267,1.0429,1.50,3.00
2013.01.31 13:29:07.657,1.0427,1.0429,1.50,1.50
2013.01.31 13:29:07.985,1.04266,1.04288,1.50,2.25
2013.01.31 13:29:08.665,1.04267,1.04287,1.50,1.50
2013.01.31 13:29:09.170,1.04265,1.04287,1.65,2.25
2013.01.31 13:29:09.375,1.04263,1.04287,2.25,1.50
2013.01.31 13:29:09.555,1.04268,1.04291,1.50,1.35
2013.01.31 13:29:09.616,1.04268,1.04294,2.25,3.38
2013.01.31 13:29:09.796,1.04268,1.04294,3.75,2.25
2013.01.31 13:29:12.716,1.04268,1.04291,2.25,1.50
2013.01.31 13:29:13.299,1.04268,1.0429,2.25,2.10
2013.01.31 13:29:13.656,1.04265,1.04282,1.50,1.50
2013.01.31 13:29:13.896,1.04259,1.04282,3.00,1.50
2013.01.31 13:29:14.651,1.04262,1.04282,1.50,1.50
2013.01.31 13:29:15.195,1.04261,1.04284,1.50,2.25
2013.01.31 13:29:15.683,1.04261,1.04286,2.25,1.50
2013.01.31 13:29:16.295,1.04267,1.04288,1.50,3.00
2013.01.31 13:29:16.815,1.04268,1.04288,1.35,1.50
2013.01.31 13:29:16.876,1.04268,1.0429,1.35,1.50
2013.01.31 13:29:17.406,1.04268,1.04291,1.35,1.50
2013.01.31 13:29:17.626,1.04267,1.04284,3.00,1.50
2013.01.31 13:29:17.806,1.04261,1.04282,1.50,2.25
2013.01.31 13:29:17.925,1.04262,1.04282,1.50,2.25
2013.01.31 13:29:18.799,1.04262,1.04282,1.50,2.25
2013.01.31 13:29:18.976,1.04267,1.04284,1.35,1.50
2013.01.31 13:29:19.035,1.04267,1.04289,2.10,1.50
2013.01.31 13:29:19.095,1.04267,1.04291,2.10,2.25
2013.01.31 13:29:19.406,1.04272,1.04294,1.50,2.25
2013.01.31 13:29:19.646,1.04276,1.04301,3.60,3.38
2013.01.31 13:29:19.885,1.04276,1.04301,3.60,2.25
2013.01.31 13:29:20.126,1.04279,1.04301,1.35,1.50
2013.01.31 13:29:20.247,1.04279,1.04303,2.85,1.50
2013.01.31 13:29:20.775,1.04282,1.04306,2.25,1.13
2013.01.31 13:29:20.836,1.04282,1.04307,2.25,2.25
2013.01.31 13:29:21.015,1.04286,1.04307,1.35,2.25
2013.01.31 13:29:21.713,1.04283,1.04307,1.32,1.50
2013.01.31 13:29:21.780,1.04283,1.04305,2.25,1.50
2013.01.31 13:29:22.086,1.04283,1.04309,1.50,2.25
2013.01.31 13:29:22.266,1.0428,1.04305,1.35,2.25
2013.01.31 13:29:22.565,1.04277,1.04299,1.50,1.50
2013.01.31 13:29:22.746,1.04276,1.04299,2.25,2.25
2013.01.31 13:29:22.865,1.04276,1.04294,2.25,1.50
2013.01.31 13:29:23.242,1.04272,1.04294,1.50,1.50
2013.01.31 13:29:23.785,1.04272,1.04294,1.50,1.50
2013.01.31 13:29:23.845,1.04272,1.04298,1.50,2.25
2013.01.31 13:29:23.905,1.04281,1.04298,1.50,1.50
2013.01.31 13:29:23.966,1.04284,1.04306,1.35,2.25
2013.01.31 13:29:24.027,1.04284,1.04306,1.35,2.25
2013.01.31 13:29:24.145,1.04281,1.04306,1.73,2.25
2013.01.31 13:29:24.206,1.04281,1.04305,1.35,1.50
2013.01.31 13:29:24.506,1.04281,1.04306,1.54,3.00
2013.01.31 13:29:24.975,1.04282,1.04303,1.35,1.50
2013.01.31 13:29:26.165,1.04282,1.04303,1.35,1.50
2013.01.31 13:29:26.495,1.04284,1.04303,1.88,1.50
2013.01.31 13:29:28.563,1.04284,1.04303,1.88,1.50
2013.01.31 13:29:28.867,1.04276,1.04297,2.10,1.50
2013.01.31 13:29:29.165,1.04276,1.04294,1.35,1.50
2013.01.31 13:29:29.525,1.04268,1.04291,1.35,2.25
2013.01.31 13:29:29.767,1.04269,1.04291,1.50,1.50
2013.01.31 13:29:30.356,1.04269,1.0429,1.50,1.50
2013.01.31 13:29:30.421,1.04266,1.04288,2.10,1.50
2013.01.31 13:29:31.029,1.04269,1.04288,1.50,1.50
2013.01.31 13:29:31.365,1.04266,1.04288,1.50,1.50
2013.01.31 13:29:31.486,1.04266,1.04283,1.50,1.50
2013.01.31 13:29:31.847,1.04258,1.04283,2.25,2.25
2013.01.31 13:29:31.976,1.04258,1.04282,1.50,1.50
2013.01.31 13:29:32.096,1.04257,1.04281,1.50,3.00
2013.01.31 13:29:33.113,1.04257,1.04281,1.50,3.00
2013.01.31 13:29:33.176,1.04259,1.04281,1.50,1.50
2013.01.31 13:29:33.296,1.04259,1.04284,1.50,2.25
2013.01.31 13:29:34.376,1.0426,1.04284,3.00,2.25
2013.01.31 13:29:34.578,1.0426,1.04284,2.25,2.25
2013.01.31 13:29:35.465,1.0426,1.04284,2.25,1.50
2013.01.31 13:29:35.586,1.0426,1.04284,2.25,2.25
2013.01.31 13:29:36.315,1.0426,1.04284,3.00,2.25
2013.01.31 13:29:36.376,1.04264,1.04284,1.50,1.50
2013.01.31 13:29:36.806,1.04264,1.04287,2.25,1.50
2013.01.31 13:29:36.866,1.04264,1.04287,1.50,1.50
2013.01.31 13:29:36.929,1.04263,1.04287,2.25,2.25
2013.01.31 13:29:38.216,1.04261,1.04282,1.50,1.50
2013.01.31 13:29:38.396,1.0426,1.04281,2.25,1.50
2013.01.31 13:29:38.928,1.0426,1.04283,1.50,2.25
2013.01.31 13:29:40.309,1.04259,1.04283,1.50,2.25
2013.01.31 13:29:43.915,1.04259,1.04283,2.25,2.25
2013.01.31 13:29:44.095,1.04265,1.04284,1.50,1.50
2013.01.31 13:29:44.276,1.04256,1.04283,3.00,3.00
2013.01.31 13:29:44.395,1.04257,1.04283,2.25,2.25
2013.01.31 13:29:45.050,1.04258,1.04283,1.50,2.25
2013.01.31 13:29:45.326,1.04255,1.04283,2.25,1.50
2013.01.31 13:29:45.445,1.04273,1.04283,1.05,1.50
2013.01.31 13:29:45.765,1.04256,1.04283,1.50,1.50
2013.01.31 13:29:46.008,1.04256,1.04285,2.25,1.50
2013.01.31 13:29:46.946,1.04261,1.04289,1.50,3.00
2013.01.31 13:29:47.132,1.04258,1.04289,1.50,3.00
2013.01.31 13:29:47.671,1.04258,1.04289,1.50,1.50
2013.01.31 13:29:48.539,1.04259,1.04289,1.50,2.25
2013.01.31 13:29:49.239,1.04258,1.04288,1.50,2.25
2013.01.31 13:29:50.326,1.04255,1.04288,1.50,1.50
2013.01.31 13:29:50.665,1.04255,1.04288,1.50,1.50
2013.01.31 13:29:50.906,1.04254,1.04288,1.50,1.50
2013.01.31 13:29:54.836,1.04254,1.04287,1.50,1.50
2013.01.31 13:29:55.627,1.04251,1.04285,1.50,2.63
2013.01.31 13:29:56.058,1.04247,1.04282,2.25,1.50
2013.01.31 13:29:56.180,1.04248,1.04294,1.50,1.73
2013.01.31 13:29:56.248,1.04248,1.04294,1.50,1.50
2013.01.31 13:29:56.721,1.04245,1.04293,1.50,1.50
2013.01.31 13:29:58.054,1.04244,1.04293,1.50,1.50
2013.01.31 13:30:00.708,1.04243,1.04294,1.50,2.25
2013.01.31 13:30:01.311,1.04237,1.04288,1.50,1.50
2013.01.31 13:30:01.497,1.04232,1.04285,1.50,1.50
2013.01.31 13:30:01.579,1.04232,1.04285,1.50,1.50
2013.01.31 13:30:01.696,1.04226,1.04285,1.50,1.50
2013.01.31 13:30:01.818,1.04228,1.04289,1.50,2.25
2013.01.31 13:30:01.878,1.04229,1.04289,1.50,1.50
2013.01.31 13:30:02.238,1.04225,1.04247,1.50,1.50
2013.01.31 13:30:02.359,1.04225,1.04253,1.50,1.50
2013.01.31 13:30:02.492,1.04226,1.04252,1.50,1.50
2013.01.31 13:30:02.877,1.04207,1.04257,1.50,2.25
2013.01.31 13:30:02.997,1.04207,1.04256,1.50,1.50
2013.01.31 13:30:03.178,1.04207,1.04253,1.50,1.50
2013.01.31 13:30:03.547,1.04218,1.04254,1.50,2.25
2013.01.31 13:30:04.247,1.04242,1.04254,1.50,2.25
2013.01.31 13:30:04.579,1.04242,1.04268,1.50,1.50
2013.01.31 13:30:04.826,1.04243,1.04273,1.35,1.50
2013.01.31 13:30:05.357,1.04242,1.04274,1.35,1.50
2013.01.31 13:30:05.696,1.04237,1.04249,1.35,1.50
2013.01.31 13:30:05.756,1.04191,1.04243,1.73,1.50
2013.01.31 13:30:05.955,1.04197,1.04242,2.25,1.50
2013.01.31 13:30:06.415,1.0421,1.04243,4.50,1.50
2013.01.31 13:30:06.475,1.04192,1.04243,1.50,1.50
2013.01.31 13:30:06.836,1.04192,1.04239,1.73,2.25
2013.01.31 13:30:06.897,1.04193,1.04238,1.73,1.50
2013.01.31 13:30:07.455,1.04193,1.04236,1.50,1.50
2013.01.31 13:30:07.778,1.04192,1.04245,1.73,3.00
2013.01.31 13:30:08.135,1.04213,1.04245,1.50,2.25
2013.01.31 13:30:08.256,1.04218,1.04256,2.25,1.50
2013.01.31 13:30:08.618,1.04234,1.04263,1.50,1.50
2013.01.31 13:30:08.675,1.04234,1.04263,1.50,1.50
2013.01.31 13:30:08.795,1.04223,1.04269,1.73,1.50
2013.01.31 13:30:08.916,1.04223,1.04269,1.73,1.50
2013.01.31 13:30:09.105,1.04223,1.04269,1.73,1.50
2013.01.31 13:30:09.893,1.04233,1.04263,2.25,2.25
2013.01.31 13:30:10.197,1.0424,1.04263,6.00,1.50
2013.01.31 13:30:10.376,1.04232,1.04273,1.50,1.50
2013.01.31 13:30:10.935,1.04223,1.04272,1.73,1.50
2013.01.31 13:30:11.004,1.04223,1.04269,1.73,1.50
2013.01.31 13:30:11.241,1.04235,1.04269,1.50,1.50
2013.01.31 13:30:11.548,1.04239,1.04273,1.50,1.50
2013.01.31 13:30:11.867,1.04239,1.04269,1.50,1.50
2013.01.31 13:30:12.227,1.04224,1.04254,1.50,1.50
2013.01.31 13:30:12.579,1.04227,1.04259,1.50,1.73
2013.01.31 13:30:12.946,1.04233,1.04261,1.50,1.28
2013.01.31 13:30:13.246,1.04225,1.04261,1.88,2.78
2013.01.31 13:30:13.366,1.04229,1.04259,1.50,1.50
2013.01.31 13:30:13.426,1.04241,1.04259,1.50,1.50
2013.01.31 13:30:13.607,1.04229,1.04252,1.50,1.50
2013.01.31 13:30:13.667,1.04237,1.04252,1.50,1.50
2013.01.31 13:30:13.726,1.04238,1.04261,1.50,1.50
2013.01.31 13:30:13.847,1.04234,1.04256,1.50,2.25
2013.01.31 13:30:14.026,1.04223,1.04247,2.25,2.25
2013.01.31 13:30:14.148,1.04223,1.04247,1.50,2.25
2013.01.31 13:30:15.270,1.04223,1.04246,2.25,1.50
2013.01.31 13:30:15.577,1.04229,1.04249,1.50,3.00
2013.01.31 13:30:15.707,1.04229,1.04249,1.50,1.13
2013.01.31 13:30:15.826,1.04227,1.04248,1.50,1.13
2013.01.31 13:30:16.007,1.04227,1.0425,1.50,1.13
2013.01.31 13:30:16.126,1.04229,1.04251,1.50,3.75
2013.01.31 13:30:16.427,1.04234,1.04249,1.50,1.13
2013.01.31 13:30:16.486,1.04236,1.04253,1.50,1.13
2013.01.31 13:30:16.606,1.04228,1.04251,3.00,7.13
2013.01.31 13:30:16.666,1.04231,1.04251,1.50,6.75
2013.01.31 13:30:16.986,1.04236,1.04258,1.50,1.13
2013.01.31 13:30:17.535,1.04236,1.0426,1.50,7.13
2013.01.31 13:30:17.609,1.04239,1.04259,4.05,7.13
2013.01.31 13:30:17.736,1.04239,1.04261,4.05,1.50
2013.01.31 13:30:17.916,1.04239,1.04258,4.80,1.50
2013.01.31 13:30:18.037,1.04239,1.04262,4.80,6.75
2013.01.31 13:30:18.157,1.04241,1.04263,3.00,1.50
2013.01.31 13:30:18.219,1.04241,1.04265,3.00,3.00
2013.01.31 13:30:18.277,1.04241,1.04267,3.00,2.25
2013.01.31 13:30:18.339,1.04247,1.04271,1.50,2.25
2013.01.31 13:30:18.659,1.0425,1.04275,2.25,2.25
2013.01.31 13:30:19.017,1.04252,1.04276,1.50,1.13
2013.01.31 13:30:19.376,1.04259,1.04277,2.25,2.25
2013.01.31 13:30:19.557,1.04257,1.04281,2.25,1.50
2013.01.31 13:30:19.675,1.0426,1.04286,2.25,2.25
2013.01.31 13:30:19.977,1.04269,1.04293,2.25,1.50
2013.01.31 13:30:20.216,1.0427,1.04297,1.73,1.20
2013.01.31 13:30:20.355,1.04271,1.04296,1.50,1.35
2013.01.31 13:30:20.476,1.04271,1.04299,1.50,1.73
2013.01.31 13:30:20.726,1.04267,1.04299,1.73,1.73
2013.01.31 13:30:20.966,1.0427,1.04298,2.22,2.33
2013.01.31 13:30:21.266,1.04275,1.04304,1.73,1.20
2013.01.31 13:30:21.326,1.04277,1.04308,1.38,1.65
2013.01.31 13:30:21.691,1.04278,1.04307,1.73,1.20
2013.01.31 13:30:21.818,1.04281,1.04312,1.43,1.20
2013.01.31 13:30:22.428,1.04276,1.04308,1.32,1.35
2013.01.31 13:30:22.546,1.0428,1.04311,2.09,1.35
2013.01.31 13:30:22.726,1.04276,1.04306,1.73,1.35
2013.01.31 13:30:22.967,1.04276,1.04308,3.23,1.13
2013.01.31 13:30:23.328,1.04276,1.04312,2.09,1.95
2013.01.31 13:30:23.567,1.04291,1.04315,2.10,1.50
2013.01.31 13:30:23.686,1.04291,1.04315,1.73,1.50
2013.01.31 13:30:23.747,1.04291,1.04321,1.73,1.80
2013.01.31 13:30:23.806,1.04291,1.04314,1.73,1.13
2013.01.31 13:30:24.106,1.04272,1.04302,1.73,1.13
2013.01.31 13:30:24.225,1.04275,1.04302,2.48,1.35
2013.01.31 13:30:24.467,1.04273,1.04304,1.50,1.73
2013.01.31 13:30:24.587,1.04269,1.04304,1.73,1.73
2013.01.31 13:30:25.126,1.04271,1.04303,1.50,2.85
2013.01.31 13:30:25.330,1.04271,1.04303,1.73,2.85
2013.01.31 13:30:25.401,1.04271,1.043,3.23,1.50
2013.01.31 13:30:25.726,1.04272,1.043,1.47,1.50
2013.01.31 13:30:25.786,1.04271,1.043,3.23,2.18
2013.01.31 13:30:25.967,1.04274,1.043,1.50,2.18
2013.01.31 13:30:26.028,1.04268,1.04293,2.48,1.50
2013.01.31 13:30:26.146,1.04265,1.04291,1.73,1.50
2013.01.31 13:30:26.206,1.04265,1.04291,1.73,1.73
2013.01.31 13:30:26.676,1.04265,1.04289,1.73,1.50
2013.01.31 13:30:26.774,1.04265,1.04293,1.73,1.73
2013.01.31 13:30:27.318,1.04267,1.04295,4.50,1.73
2013.01.31 13:30:27.387,1.04267,1.04295,5.25,1.73
2013.01.31 13:30:27.447,1.04267,1.04295,5.48,1.73
2013.01.31 13:30:28.446,1.04267,1.04295,1.50,2.48
2013.01.31 13:30:28.506,1.04264,1.0429,2.48,1.73
2013.01.31 13:30:28.626,1.04265,1.0429,1.73,1.73
2013.01.31 13:30:29.106,1.04262,1.04294,2.48,1.73
2013.01.31 13:30:29.466,1.04262,1.04296,2.48,3.75
2013.01.31 13:30:30.006,1.04261,1.04292,1.73,1.20
2013.01.31 13:30:30.436,1.04257,1.0429,1.73,2.48
2013.01.31 13:30:30.976,1.04257,1.0429,1.73,2.85
2013.01.31 13:30:31.449,1.04259,1.04291,1.73,2.93
2013.01.31 13:30:31.686,1.0426,1.04294,2.48,2.48
2013.01.31 13:30:31.906,1.04263,1.0429,1.73,1.13
2013.01.31 13:30:32.368,1.04263,1.04294,1.73,2.48
2013.01.31 13:30:33.271,1.04263,1.04289,1.73,1.13
2013.01.31 13:30:33.396,1.04263,1.04289,2.48,1.13
2013.01.31 13:30:33.756,1.04267,1.04291,1.73,1.35
2013.01.31 13:30:33.876,1.0428,1.04298,7.50,1.73
2013.01.31 13:30:34.545,1.04281,1.04298,7.50,1.73
2013.01.31 13:30:35.314,1.0428,1.04299,7.50,1.73
2013.01.31 13:30:35.616,1.04264,1.04284,1.73,2.25
2013.01.31 13:30:35.677,1.04264,1.04284,2.48,2.25
2013.01.31 13:30:36.036,1.04271,1.04293,1.73,1.50
2013.01.31 13:30:36.097,1.04271,1.04292,1.50,1.28
2013.01.31 13:30:36.456,1.04265,1.04288,1.50,1.13
2013.01.31 13:30:37.008,1.04262,1.04287,1.73,2.25
2013.01.31 13:30:37.422,1.04262,1.04289,1.73,8.25
2013.01.31 13:30:37.846,1.0426,1.04285,2.48,1.50
2013.01.31 13:30:37.966,1.0426,1.04285,1.50,1.73
2013.01.31 13:30:38.087,1.0426,1.04284,1.50,1.88
2013.01.31 13:30:38.457,1.04262,1.04286,1.73,1.50
2013.01.31 13:30:39.234,1.04266,1.04289,1.50,1.73
2013.01.31 13:30:39.368,1.04263,1.04288,1.73,3.00
2013.01.31 13:30:39.426,1.04263,1.04285,1.50,1.35
2013.01.31 13:30:39.726,1.0426,1.04284,2.48,1.35
2013.01.31 13:30:39.947,1.04258,1.04284,1.73,1.35
2013.01.31 13:30:40.346,1.04258,1.04284,2.48,1.35
2013.01.31 13:30:40.527,1.04261,1.04285,1.73,2.25
2013.01.31 13:30:41.326,1.0426,1.04285,2.48,2.48
2013.01.31 13:30:41.446,1.04261,1.04285,1.73,2.25
2013.01.31 13:30:41.896,1.0426,1.0428,1.50,2.25
2013.01.31 13:30:42.018,1.04256,1.04282,4.73,3.75
2013.01.31 13:30:42.136,1.04253,1.04279,2.48,1.13
2013.01.31 13:30:42.677,1.0426,1.04282,1.73,7.50
2013.01.31 13:30:43.596,1.04262,1.04285,1.50,2.10
2013.01.31 13:30:43.996,1.04262,1.04284,1.50,1.73
2013.01.31 13:30:44.056,1.04262,1.04284,1.50,1.73
2013.01.31 13:30:44.117,1.04266,1.04284,1.50,1.73
2013.01.31 13:30:44.437,1.04268,1.04289,1.50,1.73
2013.01.31 13:30:46.116,1.04271,1.04291,1.50,1.73
2013.01.31 13:30:46.386,1.04271,1.04291,1.50,1.73
2013.01.31 13:30:46.628,1.04274,1.04291,1.50,1.50
2013.01.31 13:30:47.056,1.04272,1.0429,1.50,1.50
2013.01.31 13:30:47.356,1.04271,1.0429,1.50,1.50
2013.01.31 13:30:47.476,1.04271,1.04293,1.73,1.50
2013.01.31 13:30:48.026,1.04276,1.04298,1.50,1.50
2013.01.31 13:30:48.766,1.04281,1.04302,1.50,2.85
2013.01.31 13:30:51.788,1.04285,1.04301,1.50,1.73
2013.01.31 13:30:53.136,1.04285,1.04303,1.50,1.69
2013.01.31 13:30:56.596,1.04281,1.04306,1.50,2.48
2013.01.31 13:30:57.406,1.04281,1.04306,1.73,2.25
2013.01.31 13:30:57.526,1.04281,1.04306,1.50,2.48
2013.01.31 13:30:57.645,1.04281,1.04306,1.50,2.48
2013.01.31 13:30:57.706,1.04281,1.04306,1.73,2.25
2013.01.31 13:30:58.429,1.04283,1.04308,1.50,1.73
2013.01.31 13:30:58.498,1.04283,1.04308,1.50,1.73
2013.01.31 13:30:58.617,1.04284,1.0431,1.50,2.85
2013.01.31 13:30:58.677,1.04292,1.0431,1.50,1.35
2013.01.31 13:30:58.736,1.04292,1.0431,1.50,1.13
2013.01.31 13:30:58.857,1.04289,1.04311,1.50,1.35
2013.01.31 13:30:58.916,1.04291,1.04311,1.50,1.35
2013.01.31 13:30:59.636,1.0429,1.04317,2.48,2.25
2013.01.31 13:30:59.757,1.04287,1.04314,3.23,2.25
2013.01.31 13:31:00.157,1.04287,1.04314,1.73,3.00
2013.01.31 13:31:00.349,1.04286,1.04312,1.73,2.48
2013.01.31 13:31:00.877,1.04284,1.04307,3.90,2.25
2013.01.31 13:31:00.937,1.04284,1.04307,2.40,2.25
2013.01.31 13:31:01.258,1.04292,1.04314,1.50,1.13
2013.01.31 13:31:01.317,1.0429,1.04314,1.65,1.13
2013.01.31 13:31:02.061,1.04291,1.04315,1.73,2.48
2013.01.31 13:31:02.133,1.04291,1.04315,1.73,2.48
2013.01.31 13:31:02.701,1.04292,1.04315,1.50,3.08
2013.01.31 13:31:02.830,1.04292,1.04315,1.73,2.85
2013.01.31 13:31:03.360,1.04291,1.04315,2.48,2.85
2013.01.31 13:31:04.176,1.04291,1.04313,2.48,1.35
2013.01.31 13:31:04.418,1.04289,1.0431,1.73,1.50
2013.01.31 13:31:04.737,1.04286,1.0431,3.98,2.25
2013.01.31 13:31:06.436,1.0429,1.04313,2.48,3.00
2013.01.31 13:31:06.498,1.0429,1.04313,2.48,3.00
2013.01.31 13:31:06.874,1.0429,1.04313,1.73,3.75
2013.01.31 13:31:07.066,1.0429,1.04313,1.50,3.75
2013.01.31 13:31:07.690,1.0429,1.04313,1.73,3.75
2013.01.31 13:31:09.396,1.04283,1.04306,3.83,1.50
2013.01.31 13:31:09.626,1.04287,1.04308,1.73,2.25
2013.01.31 13:31:10.177,1.04295,1.04313,1.50,1.50
2013.01.31 13:31:10.856,1.04297,1.04317,1.50,1.73
2013.01.31 13:31:10.922,1.043,1.04321,1.50,1.73
2013.01.31 13:31:11.046,1.04302,1.0432,1.73,1.50
2013.01.31 13:31:11.407,1.04304,1.04323,1.73,1.50
2013.01.31 13:31:11.527,1.04304,1.04323,1.50,1.50
2013.01.31 13:31:11.586,1.04302,1.04319,3.23,1.50
2013.01.31 13:31:12.346,1.04302,1.04318,1.50,1.35
2013.01.31 13:31:12.406,1.04295,1.04317,2.48,2.25
2013.01.31 13:31:12.926,1.04293,1.04313,2.48,1.35
2013.01.31 13:31:14.646,1.04292,1.04314,1.73,2.25
2013.01.31 13:31:15.187,1.04299,1.04321,1.50,3.08
2013.01.31 13:31:15.310,1.043,1.04323,2.48,8.10
2013.01.31 13:31:15.377,1.043,1.04323,2.48,7.50
2013.01.31 13:31:15.946,1.043,1.04322,2.48,1.50
2013.01.31 13:31:16.065,1.04302,1.04326,2.48,2.85
2013.01.31 13:31:16.187,1.04302,1.04319,2.48,1.50
2013.01.31 13:31:16.365,1.04298,1.04321,1.73,1.50
2013.01.31 13:31:16.606,1.043,1.04323,2.48,2.25
2013.01.31 13:31:20.236,1.04298,1.0432,1.73,1.50
2013.01.31 13:31:20.965,1.04297,1.0432,3.23,2.25
2013.01.31 13:31:21.176,1.04297,1.0432,3.23,1.50
2013.01.31 13:31:21.866,1.04298,1.0432,1.73,1.50
2013.01.31 13:31:21.925,1.04299,1.04323,2.48,3.75
2013.01.31 13:31:23.597,1.04299,1.04323,2.48,2.25
2013.01.31 13:31:25.066,1.04299,1.04322,3.23,1.35
2013.01.31 13:31:25.379,1.04298,1.04318,2.10,1.50
2013.01.31 13:31:25.616,1.04299,1.04322,2.48,1.50
2013.01.31 13:31:25.678,1.04302,1.04322,1.25,1.50
2013.01.31 13:31:25.736,1.04306,1.04326,1.73,1.50
2013.01.31 13:31:25.795,1.04307,1.0433,2.48,1.88
2013.01.31 13:31:26.197,1.0431,1.04332,2.48,3.38
2013.01.31 13:31:26.652,1.0431,1.04332,2.48,2.25
2013.01.31 13:31:27.205,1.04311,1.04336,2.48,3.00
2013.01.31 13:31:27.951,1.04314,1.04338,2.48,1.50
2013.01.31 13:31:28.463,1.04314,1.04337,2.48,1.35
2013.01.31 13:31:28.586,1.04314,1.04338,2.48,1.88
2013.01.31 13:31:29.090,1.04317,1.0434,3.23,3.00
2013.01.31 13:31:29.336,1.04317,1.04337,1.73,1.50
2013.01.31 13:31:30.366,1.04317,1.0434,2.48,3.00
2013.01.31 13:31:30.644,1.04319,1.04339,1.50,2.25
2013.01.31 13:31:31.214,1.0432,1.04339,1.73,2.25
2013.01.31 13:31:33.796,1.04319,1.04341,1.73,2.25
2013.01.31 13:31:35.386,1.04317,1.04341,2.09,2.25
2013.01.31 13:31:35.506,1.0432,1.04343,1.73,3.00
2013.01.31 13:31:35.733,1.04318,1.04341,3.23,2.25
2013.01.31 13:31:35.917,1.04319,1.0434,1.73,1.50
2013.01.31 13:31:36.156,1.04318,1.04338,1.50,1.35
2013.01.31 13:31:36.337,1.04315,1.04338,2.48,3.60
2013.01.31 13:31:37.637,1.04318,1.04338,1.50,2.10
2013.01.31 13:31:38.106,1.04318,1.04338,2.25,2.10
2013.01.31 13:31:38.227,1.04318,1.04338,2.25,1.35
2013.01.31 13:31:38.476,1.0432,1.04339,2.48,1.50
2013.01.31 13:31:38.985,1.04322,1.04344,2.25,3.23
2013.01.31 13:31:41.077,1.04322,1.04344,2.25,3.98
2013.01.31 13:31:41.618,1.04319,1.04342,2.25,1.73
2013.01.31 13:31:41.677,1.04322,1.04343,2.48,2.63
2013.01.31 13:31:41.861,1.04322,1.04343,2.48,2.25
2013.01.31 13:31:42.297,1.0432,1.04343,2.48,2.25
2013.01.31 13:31:42.596,1.0432,1.04343,2.48,1.50
2013.01.31 13:31:43.136,1.04323,1.04347,1.35,3.23
2013.01.31 13:31:43.376,1.04324,1.04342,2.25,1.50
2013.01.31 13:31:43.614,1.04318,1.04341,3.23,1.50
2013.01.31 13:31:44.416,1.04321,1.04344,2.48,2.85
2013.01.31 13:31:45.393,1.04321,1.04343,2.48,1.50
2013.01.31 13:31:46.156,1.04321,1.04342,1.73,2.25
2013.01.31 13:31:46.456,1.04318,1.04342,2.48,3.00
2013.01.31 13:31:47.320,1.0432,1.04344,2.48,2.85
2013.01.31 13:31:47.387,1.0432,1.04344,1.73,2.85
2013.01.31 13:31:47.747,1.04313,1.04337,1.73,2.25
2013.01.31 13:31:48.176,1.04315,1.04337,1.73,1.50
2013.01.31 13:31:48.236,1.04315,1.04337,1.73,1.50
2013.01.31 13:31:48.747,1.04316,1.04338,2.48,2.25
2013.01.31 13:31:49.947,1.04316,1.04338,2.48,2.85
2013.01.31 13:31:50.129,1.04316,1.04338,2.48,2.25
2013.01.31 13:31:50.368,1.04316,1.04338,2.48,3.00
2013.01.31 13:31:51.936,1.04316,1.04336,1.73,1.50
2013.01.31 13:31:52.056,1.04316,1.04336,1.73,1.50
2013.01.31 13:31:52.855,1.04316,1.04338,1.73,1.50
2013.01.31 13:31:53.671,1.04316,1.04339,1.73,1.50
2013.01.31 13:31:54.086,1.04316,1.04339,1.73,1.50
2013.01.31 13:31:54.265,1.04315,1.04339,2.48,1.50
2013.01.31 13:32:02.486,1.0431,1.04333,3.23,1.50
2013.01.31 13:32:02.666,1.0431,1.04333,2.48,2.25
2013.01.31 13:32:07.041,1.04309,1.04332,2.85,2.25
2013.01.31 13:32:07.227,1.04305,1.0433,3.23,3.00
2013.01.31 13:32:07.405,1.04305,1.0433,1.73,3.23
2013.01.31 13:32:07.646,1.04305,1.0433,2.48,3.23
2013.01.31 13:32:09.107,1.04303,1.04326,2.48,3.00
2013.01.31 13:32:09.166,1.04303,1.04319,1.50,1.43
2013.01.31 13:32:09.419,1.04297,1.04316,1.73,1.35
2013.01.31 13:32:09.487,1.04297,1.04316,1.50,1.35
2013.01.31 13:32:09.956,1.04297,1.04311,1.50,1.50
2013.01.31 13:32:10.607,1.04291,1.04311,1.73,2.25
2013.01.31 13:32:10.825,1.04296,1.04313,1.73,1.50
2013.01.31 13:32:11.208,1.04296,1.04311,1.73,1.50
2013.01.31 13:32:11.506,1.04296,1.04314,1.73,2.25
2013.01.31 13:32:12.257,1.04296,1.04313,1.73,2.10
2013.01.31 13:32:12.318,1.04296,1.0431,1.73,1.50
2013.01.31 13:32:12.856,1.04288,1.0431,1.73,2.25
2013.01.31 13:32:13.096,1.04287,1.0431,2.85,2.25
2013.01.31 13:32:13.966,1.04286,1.04308,1.73,1.50
2013.01.31 13:32:14.086,1.04288,1.04311,2.48,3.23
2013.01.31 13:32:14.266,1.04285,1.04307,1.58,2.25
2013.01.31 13:32:14.386,1.04284,1.04304,1.73,1.50
2013.01.31 13:32:14.506,1.04284,1.04304,1.50,1.73
2013.01.31 13:32:14.995,1.04282,1.04303,1.50,2.25
2013.01.31 13:32:15.115,1.04278,1.043,1.35,2.25
2013.01.31 13:32:15.356,1.04281,1.04303,2.85,1.50
2013.01.31 13:32:15.477,1.04281,1.04304,3.60,1.50
2013.01.31 13:32:16.016,1.04286,1.04305,1.50,1.50
2013.01.31 13:32:16.906,1.04286,1.04308,2.25,2.10
2013.01.31 13:32:16.966,1.04286,1.04309,3.23,1.50
2013.01.31 13:32:17.416,1.04286,1.04308,1.73,1.50
2013.01.31 13:32:17.736,1.0429,1.04308,1.50,1.50
2013.01.31 13:32:18.538,1.0429,1.04306,1.50,1.50
2013.01.31 13:32:18.656,1.0429,1.04309,2.25,1.58
2013.01.31 13:32:19.198,1.04293,1.04313,1.50,2.29
2013.01.31 13:32:19.496,1.0429,1.04309,1.73,1.35
2013.01.31 13:32:20.586,1.04287,1.04309,1.73,2.10
2013.01.31 13:32:20.787,1.04287,1.04306,1.50,2.25
2013.01.31 13:32:21.029,1.04276,1.04301,5.85,2.10
2013.01.31 13:32:24.566,1.04278,1.04302,3.83,2.25
2013.01.31 13:32:24.925,1.04289,1.0431,1.50,7.50
2013.01.31 13:32:25.106,1.04292,1.0431,1.35,7.50
2013.01.31 13:32:25.346,1.04295,1.04315,1.73,1.50
2013.01.31 13:32:25.862,1.04295,1.04317,2.48,5.33
2013.01.31 13:32:25.986,1.04298,1.04317,3.23,4.58
2013.01.31 13:32:26.106,1.04298,1.04317,1.73,5.93
2013.01.31 13:32:26.226,1.04298,1.04317,1.50,1.43
2013.01.31 13:32:26.896,1.04298,1.04321,1.50,2.29
2013.01.31 13:32:26.957,1.04301,1.04322,1.73,1.69
2013.01.31 13:32:27.316,1.04301,1.04322,2.25,1.35
2013.01.31 13:32:27.437,1.04301,1.04324,2.48,1.13
2013.01.31 13:32:28.722,1.04307,1.0433,1.73,3.75
2013.01.31 13:32:28.846,1.04309,1.0433,1.73,2.25
2013.01.31 13:32:30.416,1.04309,1.04331,1.73,1.13
2013.01.31 13:32:30.597,1.04308,1.04326,2.25,1.50
2013.01.31 13:32:31.301,1.04308,1.04326,1.50,1.50
2013.01.31 13:32:34.257,1.0431,1.04329,1.50,1.50
2013.01.31 13:32:34.496,1.04311,1.04332,1.50,1.73
2013.01.31 13:32:35.269,1.04311,1.04332,1.73,1.50
2013.01.31 13:32:36.366,1.04311,1.04334,2.48,3.38
2013.01.31 13:32:36.546,1.04311,1.04333,2.48,1.50
2013.01.31 13:32:36.906,1.04317,1.04339,2.25,1.13
2013.01.31 13:32:37.027,1.0432,1.0434,1.73,1.88
2013.01.31 13:32:37.086,1.0432,1.0434,3.23,1.13
2013.01.31 13:32:37.148,1.04325,1.04343,1.50,1.35
2013.01.31 13:32:37.387,1.0433,1.0435,1.50,2.33
2013.01.31 13:32:37.746,1.04336,1.04355,1.50,3.00
2013.01.31 13:32:38.130,1.04338,1.04355,1.50,1.73
2013.01.31 13:32:38.556,1.04336,1.04354,1.73,1.88
2013.01.31 13:32:38.859,1.04323,1.04335,1.73,1.35
2013.01.31 13:32:39.217,1.04325,1.04344,1.73,1.69
2013.01.31 13:32:39.396,1.04325,1.04343,3.23,1.69
2013.01.31 13:32:40.050,1.04325,1.04347,2.48,1.35
2013.01.31 13:32:40.788,1.04327,1.04349,1.50,1.13
2013.01.31 13:32:41.746,1.04329,1.04349,1.50,1.13
2013.01.31 13:32:42.547,1.04327,1.04351,3.53,2.10
2013.01.31 13:32:42.776,1.04329,1.04351,1.50,2.10
2013.01.31 13:32:43.606,1.04331,1.04351,2.10,1.50
2013.01.31 13:32:43.906,1.04336,1.04356,1.50,2.63
2013.01.31 13:32:44.866,1.04337,1.04358,2.63,1.35
2013.01.31 13:32:44.926,1.04337,1.04358,2.63,1.35
2013.01.31 13:32:45.483,1.04338,1.0436,1.73,1.13
2013.01.31 13:32:50.400,1.04336,1.04363,3.98,2.63
2013.01.31 13:32:51.826,1.04344,1.04364,1.50,1.13
2013.01.31 13:32:51.904,1.04344,1.04364,1.50,1.13
2013.01.31 13:32:52.026,1.04347,1.04365,1.50,1.50
2013.01.31 13:32:52.587,1.04344,1.04365,2.48,1.13
2013.01.31 13:32:55.302,1.04344,1.04365,2.48,1.13
2013.01.31 13:32:55.487,1.04341,1.04363,3.23,1.13
2013.01.31 13:32:56.076,1.04337,1.04361,3.23,2.63
2013.01.31 13:32:57.756,1.04337,1.04359,2.48,1.35
2013.01.31 13:32:58.329,1.04337,1.04359,3.23,1.35
2013.01.31 13:32:58.466,1.04337,1.04361,3.23,2.85
2013.01.31 13:32:58.775,1.04337,1.04361,3.23,2.63
2013.01.31 13:33:01.336,1.04334,1.04357,2.48,1.50
2013.01.31 13:33:01.456,1.04334,1.04356,2.48,1.50
2013.01.31 13:33:01.766,1.04331,1.04351,1.73,1.50
2013.01.31 13:33:02.546,1.04329,1.04354,2.48,1.73
2013.01.31 13:33:03.145,1.0433,1.04355,2.33,3.00
2013.01.31 13:33:03.267,1.0433,1.04355,2.33,3.00
2013.01.31 13:33:03.626,1.0433,1.04352,1.58,2.25
2013.01.31 13:33:06.675,1.04329,1.04354,3.98,1.13
2013.01.31 13:33:06.796,1.04332,1.04354,3.23,1.13
2013.01.31 13:33:07.297,1.04333,1.04354,1.50,1.50
2013.01.31 13:33:08.176,1.04333,1.04357,2.25,2.10
2013.01.31 13:33:08.236,1.04333,1.04357,2.48,1.88
2013.01.31 13:33:08.356,1.04334,1.04357,1.73,1.13
2013.01.31 13:33:08.506,1.04338,1.04362,2.25,2.63
2013.01.31 13:33:08.566,1.04338,1.04362,2.48,2.40
2013.01.31 13:33:08.686,1.04338,1.04359,3.23,1.50
2013.01.31 13:33:09.056,1.04341,1.04359,1.50,1.50
2013.01.31 13:33:09.176,1.04337,1.04357,2.48,1.35
2013.01.31 13:33:09.236,1.0434,1.04358,1.73,1.35
2013.01.31 13:33:09.615,1.04342,1.04364,1.95,3.00
2013.01.31 13:33:09.676,1.04349,1.04364,1.50,1.50
2013.01.31 13:33:10.247,1.04345,1.04365,3.23,1.13
2013.01.31 13:33:12.356,1.04349,1.04367,1.50,2.25
2013.01.31 13:33:12.966,1.0435,1.04366,1.73,2.25
2013.01.31 13:33:15.136,1.0435,1.04366,2.25,1.88
2013.01.31 13:33:15.437,1.04347,1.04367,1.73,2.63
2013.01.31 13:33:15.796,1.04347,1.04366,1.73,3.00
2013.01.31 13:33:17.477,1.04349,1.04364,1.50,1.13
2013.01.31 13:33:18.016,1.04345,1.04367,3.23,3.00
2013.01.31 13:33:18.526,1.04345,1.04363,1.50,1.13
2013.01.31 13:33:18.870,1.04341,1.04363,1.73,1.13
2013.01.31 13:33:18.997,1.0434,1.04363,3.00,1.35
2013.01.31 13:33:19.115,1.04343,1.04363,1.50,1.35
2013.01.31 13:33:19.235,1.04343,1.04364,1.50,1.35
2013.01.31 13:33:21.316,1.04347,1.04366,2.25,2.10
2013.01.31 13:33:21.747,1.04349,1.04366,1.50,1.88
2013.01.31 13:33:27.355,1.04349,1.04367,1.50,2.25
2013.01.31 13:33:29.715,1.04349,1.04366,1.50,2.10
2013.01.31 13:33:31.746,1.04347,1.04366,2.25,3.23
2013.01.31 13:33:31.927,1.04347,1.04366,2.25,2.25
2013.01.31 13:33:31.988,1.04347,1.04366,3.00,2.25
2013.01.31 13:33:32.354,1.04351,1.04367,1.50,1.88
2013.01.31 13:33:32.848,1.04351,1.04367,1.50,1.88
2013.01.31 13:33:33.429,1.04351,1.04366,1.50,1.88
2013.01.31 13:33:34.636,1.04355,1.04367,2.25,1.88
2013.01.31 13:33:35.196,1.04355,1.04366,2.85,1.16
2013.01.31 13:33:35.457,1.04355,1.04366,2.85,1.16
2013.01.31 13:33:35.521,1.04355,1.04366,2.85,1.16
2013.01.31 13:33:36.208,1.04355,1.04372,2.85,1.59
2013.01.31 13:33:36.457,1.04355,1.04374,2.25,1.62
2013.01.31 13:33:41.996,1.04354,1.04373,2.25,1.62
2013.01.31 13:33:43.246,1.04354,1.04373,2.25,1.19
2013.01.31 13:33:43.389,1.04354,1.04378,2.25,1.41
2013.01.31 13:33:43.505,1.04354,1.04378,2.25,1.35
2013.01.31 13:33:44.256,1.04357,1.04379,1.50,2.85
2013.01.31 13:33:44.516,1.04358,1.0438,2.85,2.10
2013.01.31 13:33:44.636,1.04358,1.04381,3.60,2.10
2013.01.31 13:33:45.117,1.04363,1.04384,3.00,1.80
2013.01.31 13:33:45.296,1.04368,1.04385,1.50,1.73
2013.01.31 13:33:45.597,1.04367,1.04385,1.50,1.50
2013.01.31 13:33:47.046,1.04367,1.04388,1.50,2.63
2013.01.31 13:33:47.367,1.04367,1.04388,1.50,1.13
2013.01.31 13:33:47.679,1.04365,1.04388,2.25,1.58
2013.01.31 13:33:48.053,1.04367,1.04389,1.50,1.65
2013.01.31 13:33:48.178,1.04369,1.0439,1.50,3.38
2013.01.31 13:33:48.296,1.04369,1.04393,2.48,3.15
2013.01.31 13:33:48.606,1.04369,1.04393,1.58,3.90
2013.01.31 13:33:48.807,1.04368,1.04393,3.98,3.38
2013.01.31 13:33:48.866,1.04368,1.04393,3.75,3.60
2013.01.31 13:33:49.388,1.04368,1.04389,2.25,2.25
2013.01.31 13:33:49.746,1.04362,1.04381,1.50,1.50
2013.01.31 13:33:50.046,1.04364,1.04385,2.25,1.35
2013.01.31 13:33:50.603,1.04364,1.04383,2.25,1.13
2013.01.31 13:33:50.886,1.04364,1.04382,1.50,1.13
2013.01.31 13:33:51.038,1.04362,1.04382,3.75,1.13
2013.01.31 13:33:51.916,1.04361,1.04383,1.73,1.13
2013.01.31 13:33:51.976,1.04358,1.04381,2.25,2.48
2013.01.31 13:33:52.099,1.04358,1.04381,3.00,2.48
2013.01.31 13:33:52.586,1.04358,1.04381,2.25,2.48
2013.01.31 13:33:52.896,1.04358,1.04379,3.00,1.50
2013.01.31 13:33:53.206,1.04355,1.04378,2.25,2.48
2013.01.31 13:33:55.378,1.04355,1.04378,2.25,3.23
2013.01.31 13:33:55.496,1.04357,1.04378,1.50,2.25
2013.01.31 13:34:00.580,1.04357,1.04378,1.50,2.48
2013.01.31 13:34:01.277,1.04357,1.04377,2.25,1.50
2013.01.31 13:34:06.049,1.04354,1.04377,2.25,3.08
2013.01.31 13:34:06.226,1.04354,1.04377,2.25,3.08
2013.01.31 13:34:06.406,1.04354,1.04377,2.25,3.83
2013.01.31 13:34:13.625,1.04354,1.04377,1.50,3.23
2013.01.31 13:34:13.746,1.04351,1.04375,1.50,2.48
2013.01.31 13:34:13.926,1.04351,1.04371,1.50,1.50
2013.01.31 13:34:14.246,1.04348,1.04371,3.23,2.25
2013.01.31 13:34:14.968,1.0435,1.04371,1.73,2.25
2013.01.31 13:34:18.550,1.04347,1.04372,2.48,2.25
2013.01.31 13:34:18.726,1.04345,1.04367,1.13,2.25
2013.01.31 13:34:20.896,1.0434,1.04362,2.48,1.50
2013.01.31 13:34:21.017,1.04339,1.04359,1.73,1.50
2013.01.31 13:34:25.426,1.04339,1.04359,1.73,2.25
2013.01.31 13:34:26.798,1.04337,1.04359,1.73,2.25
2013.01.31 13:34:26.977,1.04337,1.04359,1.50,2.48
2013.01.31 13:34:27.216,1.04337,1.04359,1.73,2.25
2013.01.31 13:34:28.459,1.04337,1.04359,1.73,2.25
2013.01.31 13:34:29.376,1.04337,1.04359,2.48,2.25
2013.01.31 13:34:29.497,1.04341,1.04359,1.35,2.25
2013.01.31 13:34:30.054,1.04341,1.04363,1.35,2.25
2013.01.31 13:34:30.117,1.04342,1.04363,1.35,1.50
2013.01.31 13:34:30.686,1.04343,1.04366,2.33,2.25
2013.01.31 13:34:33.425,1.04344,1.04366,1.58,1.50
2013.01.31 13:34:36.796,1.04343,1.04366,2.25,1.73
2013.01.31 13:34:38.776,1.04347,1.0437,2.25,2.48
2013.01.31 13:34:39.497,1.04344,1.04367,2.48,1.50
2013.01.31 13:34:40.336,1.04344,1.04367,2.25,1.73
2013.01.31 13:34:40.607,1.04344,1.04365,1.50,1.73
2013.01.31 13:34:40.666,1.0434,1.04363,3.75,1.50
2013.01.31 13:34:40.726,1.0434,1.0436,2.25,1.50
2013.01.31 13:34:41.086,1.04337,1.0436,2.25,1.73
2013.01.31 13:34:41.695,1.04337,1.04358,2.25,1.73
2013.01.31 13:34:41.756,1.04337,1.04358,2.25,2.48
2013.01.31 13:34:42.058,1.04333,1.04351,2.25,1.58
2013.01.31 13:34:42.509,1.04333,1.04351,1.50,1.73
2013.01.31 13:34:42.874,1.04333,1.04351,2.25,1.73
2013.01.31 13:34:42.938,1.04333,1.04354,2.25,1.73
2013.01.31 13:34:43.021,1.04333,1.04354,2.25,1.73
2013.01.31 13:34:43.266,1.04333,1.04356,2.25,2.48
2013.01.31 13:34:43.387,1.04333,1.04355,1.50,1.73
2013.01.31 13:34:45.096,1.04333,1.04356,2.25,2.48
2013.01.31 13:34:45.839,1.04336,1.04358,1.50,1.73
2013.01.31 13:34:45.957,1.04334,1.04357,1.50,2.48
2013.01.31 13:34:46.017,1.04334,1.04356,1.50,1.73
2013.01.31 13:34:46.386,1.04334,1.04354,2.25,1.73
2013.01.31 13:34:50.256,1.04332,1.04352,2.25,1.35
2013.01.31 13:34:51.736,1.04331,1.04352,2.25,1.35
2013.01.31 13:34:53.878,1.04331,1.04354,2.25,2.48
2013.01.31 13:34:55.348,1.04329,1.04351,3.00,2.48
2013.01.31 13:34:55.466,1.04329,1.04351,3.75,2.48
2013.01.31 13:34:56.417,1.04334,1.04351,1.50,2.25
2013.01.31 13:34:56.479,1.04335,1.04354,2.25,1.73
2013.01.31 13:34:58.347,1.04335,1.04358,2.25,1.73
2013.01.31 13:34:58.467,1.04335,1.0436,3.23,2.48
2013.01.31 13:34:59.017,1.04335,1.0436,3.23,2.48
2013.01.31 13:35:05.016,1.04335,1.04359,2.48,1.73
2013.01.31 13:35:05.076,1.04335,1.04359,2.25,1.73
2013.01.31 13:35:07.186,1.04335,1.04357,2.25,1.73
2013.01.31 13:35:09.936,1.0433,1.04353,2.48,1.50
2013.01.31 13:35:11.581,1.04332,1.04355,2.25,2.48
2013.01.31 13:35:12.137,1.04332,1.04357,2.25,2.48
2013.01.31 13:35:12.666,1.04332,1.04355,1.50,1.73
2013.01.31 13:35:14.527,1.04332,1.04354,1.50,1.73
2013.01.31 13:35:24.787,1.04332,1.04354,1.50,1.73
2013.01.31 13:35:25.136,1.04332,1.04352,1.50,1.35
2013.01.31 13:35:25.496,1.04329,1.04354,2.48,2.85
2013.01.31 13:35:25.616,1.04333,1.04355,1.50,3.98
2013.01.31 13:35:26.808,1.04333,1.04354,1.50,1.73
2013.01.31 13:35:27.197,1.04333,1.04351,2.25,1.73
2013.01.31 13:35:28.149,1.04329,1.04351,2.25,2.48
2013.01.31 13:35:28.597,1.04326,1.04349,2.63,2.48
2013.01.31 13:35:29.017,1.0433,1.04349,1.50,1.50
2013.01.31 13:35:29.377,1.04333,1.04354,1.73,2.25
2013.01.31 13:35:29.497,1.04333,1.04355,1.73,3.00
2013.01.31 13:35:29.978,1.04335,1.04357,1.50,1.50
2013.01.31 13:35:30.378,1.04335,1.04358,2.25,3.23
2013.01.31 13:35:30.558,1.04335,1.04358,2.48,3.00
2013.01.31 13:35:33.276,1.0434,1.04361,1.50,1.50
2013.01.31 13:35:33.879,1.0434,1.04361,1.50,1.73
2013.01.31 13:35:33.996,1.04335,1.04358,2.25,1.73
2013.01.31 13:35:34.236,1.04339,1.04358,1.50,2.25
2013.01.31 13:35:37.106,1.04336,1.04359,3.23,2.25
2013.01.31 13:35:37.986,1.04336,1.04358,2.25,2.48
2013.01.31 13:35:38.406,1.04336,1.04357,1.50,2.25
2013.01.31 13:35:41.566,1.04332,1.04354,2.85,2.25
2013.01.31 13:35:43.076,1.04333,1.04354,1.50,2.48
2013.01.31 13:35:45.276,1.04333,1.04354,1.50,2.48
2013.01.31 13:35:47.857,1.04333,1.04353,2.25,1.73
2013.01.31 13:35:47.916,1.04333,1.04353,2.25,1.73
2013.01.31 13:35:49.896,1.04335,1.04354,2.25,1.73
2013.01.31 13:35:53.827,1.04333,1.04355,1.50,3.23
2013.01.31 13:35:54.325,1.04326,1.0435,2.25,3.23
2013.01.31 13:35:55.788,1.04328,1.0435,1.50,2.25
2013.01.31 13:35:55.856,1.0433,1.0435,1.50,1.50
2013.01.31 13:35:56.180,1.04331,1.04353,1.50,2.48
2013.01.31 13:35:56.486,1.04335,1.04351,1.50,1.50
2013.01.31 13:35:56.846,1.04333,1.0435,2.48,2.25
2013.01.31 13:35:57.659,1.04333,1.04354,1.73,2.25
2013.01.31 13:35:57.958,1.04335,1.04355,2.93,1.50
2013.01.31 13:35:58.017,1.04335,1.04355,2.18,1.50
2013.01.31 13:35:58.886,1.04337,1.04359,1.50,3.23
2013.01.31 13:35:59.604,1.04338,1.04361,2.25,4.73
2013.01.31 13:35:59.666,1.04338,1.0436,1.50,1.73
2013.01.31 13:35:59.726,1.04338,1.0436,1.50,1.50
2013.01.31 13:36:00.310,1.04336,1.04358,3.23,1.50
2013.01.31 13:36:01.357,1.04337,1.04358,1.58,2.25
2013.01.31 13:36:01.861,1.04334,1.04354,1.73,2.25
2013.01.31 13:36:02.167,1.04335,1.04358,1.73,2.25
2013.01.31 13:36:02.286,1.04335,1.04358,1.73,2.48
2013.01.31 13:36:03.263,1.04335,1.04358,1.73,1.73
2013.01.31 13:36:03.768,1.04338,1.04359,1.73,1.73
2013.01.31 13:36:04.689,1.04339,1.04359,1.50,1.73
2013.01.31 13:36:05.647,1.04337,1.04358,1.73,1.73
2013.01.31 13:36:06.201,1.04339,1.04358,1.58,1.73
2013.01.31 13:36:06.386,1.04337,1.04358,1.28,1.73
2013.01.31 13:36:07.087,1.04335,1.04358,3.23,2.48
2013.01.31 13:36:07.207,1.04332,1.04354,1.88,2.48
2013.01.31 13:36:07.626,1.04331,1.04354,4.88,2.48
2013.01.31 13:36:08.166,1.04331,1.04354,4.88,3.23
2013.01.31 13:36:08.507,1.04333,1.04351,1.13,1.50
2013.01.31 13:36:08.866,1.04327,1.04347,1.73,1.73
2013.01.31 13:36:09.756,1.04333,1.04353,1.73,2.10
2013.01.31 13:36:11.105,1.04333,1.04356,2.48,2.48
2013.01.31 13:36:11.631,1.04331,1.04354,1.73,2.48
2013.01.31 13:36:12.216,1.04331,1.04354,1.73,3.98
2013.01.31 13:36:16.808,1.0433,1.04354,2.48,4.73
2013.01.31 13:36:18.788,1.04331,1.04354,1.73,3.98
2013.01.31 13:36:19.027,1.04333,1.04354,1.73,2.25
2013.01.31 13:36:21.807,1.04334,1.04358,2.48,3.23
2013.01.31 13:36:26.921,1.04337,1.04359,1.73,1.50
2013.01.31 13:36:28.341,1.04336,1.04357,1.36,1.50
2013.01.31 13:36:34.916,1.04337,1.04359,1.73,1.50
2013.01.31 13:36:35.926,1.04339,1.04363,2.48,3.23
2013.01.31 13:36:35.987,1.0434,1.04363,1.36,1.50
2013.01.31 13:36:36.419,1.04346,1.04364,1.23,1.50
2013.01.31 13:36:39.047,1.04341,1.04364,2.37,2.25
2013.01.31 13:36:40.687,1.04344,1.04365,1.73,1.50
2013.01.31 13:36:41.302,1.04344,1.04367,1.58,2.63
2013.01.31 13:36:41.367,1.04344,1.04364,1.58,1.50
2013.01.31 13:36:41.607,1.04342,1.04364,1.58,3.23
2013.01.31 13:36:41.847,1.04342,1.04361,1.73,2.25
2013.01.31 13:36:47.376,1.0434,1.04364,3.23,3.60
2013.01.31 13:36:47.937,1.04351,1.04367,1.50,2.70
2013.01.31 13:36:48.056,1.04351,1.04368,1.73,1.05
2013.01.31 13:36:48.177,1.04347,1.04368,3.23,1.05
2013.01.31 13:36:48.367,1.04357,1.04374,2.48,1.73
2013.01.31 13:36:48.427,1.04357,1.04376,2.25,1.35
2013.01.31 13:36:48.487,1.0436,1.04376,1.50,1.35
2013.01.31 13:36:48.607,1.04357,1.04379,2.48,1.73
2013.01.31 13:36:48.916,1.04357,1.04378,2.48,2.48
2013.01.31 13:36:49.786,1.0436,1.04379,1.50,1.35
2013.01.31 13:36:50.326,1.04361,1.04379,1.50,1.35
2013.01.31 13:36:50.688,1.04361,1.0438,1.50,1.41
2013.01.31 13:36:54.338,1.04367,1.04384,1.50,1.35
2013.01.31 13:36:54.457,1.04366,1.04384,1.50,1.69
2013.01.31 13:36:54.652,1.04365,1.04385,2.25,1.61
2013.01.31 13:36:56.307,1.04366,1.04385,1.50,1.61
2013.01.31 13:36:56.426,1.04365,1.04388,2.25,2.48
2013.01.31 13:36:56.488,1.04368,1.04389,1.50,2.10
2013.01.31 13:36:56.736,1.04365,1.04388,1.50,2.48
2013.01.31 13:36:58.067,1.04364,1.04386,4.73,1.73
2013.01.31 13:36:58.186,1.04364,1.04385,3.00,1.36
2013.01.31 13:36:58.807,1.04365,1.04385,1.50,1.36
2013.01.31 13:37:01.382,1.04365,1.04385,2.25,1.36
2013.01.31 13:37:02.307,1.04365,1.04385,2.25,1.36
2013.01.31 13:37:06.266,1.04361,1.04383,3.75,1.73
2013.01.31 13:37:06.446,1.04361,1.0438,1.50,2.48
2013.01.31 13:37:06.506,1.0436,1.0438,1.50,2.48
2013.01.31 13:37:06.694,1.04357,1.0438,3.75,2.48
2013.01.31 13:37:09.716,1.04357,1.04378,3.00,1.73
2013.01.31 13:37:09.897,1.04357,1.04375,2.25,1.36
2013.01.31 13:37:10.206,1.04357,1.04378,3.00,1.35
2013.01.31 13:37:12.924,1.04357,1.0438,3.00,2.48
2013.01.31 13:37:13.328,1.04357,1.04377,3.00,1.34
2013.01.31 13:37:13.749,1.04357,1.04376,1.50,1.34
2013.01.31 13:37:19.556,1.04357,1.04377,2.25,1.11
2013.01.31 13:37:19.767,1.04362,1.04382,1.50,3.17
2013.01.31 13:37:22.316,1.04363,1.04383,2.25,1.20
2013.01.31 13:37:24.836,1.04363,1.04383,1.50,1.35
2013.01.31 13:37:27.808,1.04363,1.04383,2.25,1.35
2013.01.31 13:37:30.556,1.04363,1.04382,1.50,1.35
2013.01.31 13:37:31.144,1.04362,1.04382,1.50,2.85
2013.01.31 13:37:34.856,1.04362,1.04382,1.50,2.10
2013.01.31 13:37:43.096,1.04362,1.04382,1.50,2.85
2013.01.31 13:37:45.107,1.04363,1.04384,3.00,1.95
2013.01.31 13:37:45.706,1.04366,1.04388,1.50,1.42
2013.01.31 13:37:45.767,1.04366,1.04388,1.50,1.13
2013.01.31 13:37:49.148,1.04367,1.04387,2.25,1.73
2013.01.31 13:37:49.207,1.04367,1.04386,2.25,1.45
2013.01.31 13:37:49.446,1.04367,1.04386,1.50,1.35
2013.01.31 13:37:49.507,1.04367,1.04386,2.25,1.35
2013.01.31 13:37:51.878,1.04369,1.04389,1.50,1.35
2013.01.31 13:37:51.998,1.04372,1.04389,1.50,1.35
2013.01.31 13:37:53.306,1.04372,1.04391,1.50,2.10
2013.01.31 13:37:56.387,1.04371,1.04391,1.50,2.85
2013.01.31 13:37:57.079,1.0437,1.04391,1.73,2.85
2013.01.31 13:38:00.110,1.04369,1.04391,1.50,2.95
2013.01.31 13:38:01.256,1.04365,1.04387,3.75,1.36
2013.01.31 13:38:01.556,1.04363,1.04385,3.75,1.73
2013.01.31 13:38:01.797,1.04363,1.04383,1.50,2.42
2013.01.31 13:38:02.036,1.04362,1.04383,1.50,2.10
2013.01.31 13:38:04.885,1.04362,1.04383,1.50,2.48
2013.01.31 13:38:16.877,1.0436,1.0438,1.73,2.48
2013.01.31 13:38:16.996,1.0436,1.0438,1.50,2.93
2013.01.31 13:38:18.606,1.04358,1.0438,3.75,2.93
2013.01.31 13:38:18.727,1.04362,1.0438,1.50,2.48
2013.01.31 13:38:19.502,1.04362,1.04383,1.50,2.48
2013.01.31 13:38:24.387,1.0436,1.04383,2.25,5.10
2013.01.31 13:38:24.507,1.04358,1.0438,1.50,2.22
2013.01.31 13:38:24.567,1.04357,1.0438,2.25,2.97
2013.01.31 13:38:25.077,1.04356,1.04377,2.25,1.73
2013.01.31 13:38:25.736,1.04356,1.04377,2.25,1.73
2013.01.31 13:38:25.928,1.04356,1.04377,2.25,1.73
2013.01.31 13:38:29.566,1.04356,1.04377,2.25,2.48
2013.01.31 13:38:29.627,1.04357,1.04377,1.50,2.48
2013.01.31 13:38:29.806,1.04357,1.0438,1.73,2.48
2013.01.31 13:38:31.543,1.04358,1.0438,2.33,2.48
2013.01.31 13:38:31.787,1.04357,1.0438,1.50,3.72
2013.01.31 13:38:32.317,1.04355,1.0438,4.73,4.09
2013.01.31 13:38:33.968,1.04354,1.04375,2.48,1.58
2013.01.31 13:38:34.269,1.04352,1.04374,1.50,1.73
2013.01.31 13:38:34.590,1.04348,1.04366,2.25,2.10
2013.01.31 13:38:35.049,1.04346,1.04369,5.10,2.48
2013.01.31 13:38:35.568,1.04351,1.04373,2.25,2.48
2013.01.31 13:38:37.637,1.04353,1.04374,2.25,1.73
2013.01.31 13:38:38.147,1.04351,1.04371,3.00,1.53
2013.01.31 13:38:38.524,1.0435,1.04372,1.50,1.73
2013.01.31 13:38:38.829,1.04349,1.0437,2.25,1.20
2013.01.31 13:38:40.166,1.0435,1.04372,1.50,2.48
2013.01.31 13:38:40.527,1.04349,1.04369,4.50,2.33
2013.01.31 13:38:40.868,1.04349,1.04369,2.25,1.47
2013.01.31 13:38:40.990,1.04349,1.04371,2.25,2.43
2013.01.31 13:38:41.546,1.0435,1.04372,1.73,2.48
2013.01.31 13:38:42.726,1.04349,1.04371,3.00,1.29
2013.01.31 13:38:47.840,1.04345,1.04364,1.50,1.73
2013.01.31 13:38:47.906,1.04346,1.04366,1.50,3.23
2013.01.31 13:38:48.358,1.04347,1.04366,1.50,1.73
2013.01.31 13:38:48.865,1.04347,1.0437,2.48,3.23
2013.01.31 13:38:50.437,1.04347,1.04368,1.73,1.50
2013.01.31 13:38:50.770,1.04346,1.04368,1.73,1.73
2013.01.31 13:38:53.189,1.04343,1.04361,1.73,1.13
2013.01.31 13:38:53.308,1.04343,1.04361,1.50,1.35
2013.01.31 13:38:54.267,1.04343,1.04364,2.48,2.48
2013.01.31 13:38:56.619,1.04347,1.04365,1.73,1.73
2013.01.31 13:38:56.677,1.04347,1.04365,1.73,2.48
2013.01.31 13:38:56.977,1.04347,1.04368,2.48,2.48
2013.01.31 13:38:59.686,1.04346,1.04365,1.73,1.50
2013.01.31 13:38:59.806,1.04343,1.04363,2.48,1.73
2013.01.31 13:39:00.227,1.0434,1.04362,3.23,1.50
2013.01.31 13:39:00.287,1.04341,1.04363,2.93,1.50
2013.01.31 13:39:00.646,1.04341,1.04363,2.48,1.50
2013.01.31 13:39:00.707,1.04341,1.04363,2.97,1.50
2013.01.31 13:39:01.066,1.04344,1.04363,1.73,1.73
2013.01.31 13:39:23.619,1.04344,1.04367,1.73,2.48
2013.01.31 13:39:26.698,1.04344,1.04366,2.48,1.58
2013.01.31 13:39:28.777,1.04344,1.04366,1.73,1.58
2013.01.31 13:39:33.393,1.04344,1.04366,2.48,1.58
2013.01.31 13:39:39.178,1.04347,1.04368,1.73,1.35
2013.01.31 13:39:39.747,1.04347,1.04369,1.73,2.48
2013.01.31 13:39:42.344,1.04346,1.04369,1.73,2.48
2013.01.31 13:39:42.527,1.04345,1.04368,2.10,2.10
2013.01.31 13:39:42.587,1.04346,1.04368,1.73,1.35
2013.01.31 13:39:42.946,1.04346,1.04369,1.73,2.48
2013.01.31 13:39:43.518,1.04345,1.04367,2.48,1.73
2013.01.31 13:39:45.397,1.04352,1.04372,1.73,2.10
2013.01.31 13:39:46.633,1.04352,1.04374,1.73,1.73
2013.01.31 13:39:47.843,1.04352,1.0437,1.73,1.73
2013.01.31 13:39:48.146,1.04349,1.04365,1.73,1.50
2013.01.31 13:39:48.507,1.04347,1.04365,1.73,2.25
2013.01.31 13:39:48.566,1.04343,1.04365,1.73,2.48
2013.01.31 13:39:48.626,1.04343,1.04365,1.73,2.48
2013.01.31 13:39:49.060,1.04338,1.04361,5.48,2.48
2013.01.31 13:39:49.608,1.04338,1.04361,5.48,2.48
2013.01.31 13:39:53.030,1.04336,1.04358,1.73,2.48
2013.01.31 13:40:00.437,1.04335,1.04358,2.48,2.48
2013.01.31 13:40:00.605,1.04336,1.04358,1.73,2.48
2013.01.31 13:40:03.431,1.04337,1.04358,1.73,2.48
2013.01.31 13:40:03.558,1.04338,1.04358,1.73,2.48
2013.01.31 13:40:05.847,1.04341,1.04365,1.73,2.48
2013.01.31 13:40:06.027,1.04343,1.04368,2.48,3.23
2013.01.31 13:40:07.506,1.04343,1.04364,1.73,1.73
2013.01.31 13:40:07.576,1.04343,1.04364,1.50,1.73
2013.01.31 13:40:14.446,1.04343,1.04368,2.25,3.72
2013.01.31 13:40:14.566,1.04345,1.04368,1.73,2.48
2013.01.31 13:40:17.127,1.04349,1.04371,1.50,5.10
2013.01.31 13:40:17.307,1.0435,1.04371,1.50,3.23
2013.01.31 13:40:17.367,1.04354,1.04371,2.10,1.73
2013.01.31 13:40:17.427,1.04357,1.04374,1.35,1.80
2013.01.31 13:40:17.728,1.04356,1.04377,1.50,1.73
2013.01.31 13:40:17.967,1.04356,1.04375,2.48,2.25
2013.01.31 13:40:18.557,1.04355,1.04375,1.73,2.48
2013.01.31 13:40:21.596,1.04353,1.04375,1.73,2.48
2013.01.31 13:40:21.717,1.04355,1.04378,1.73,2.25
2013.01.31 13:40:26.126,1.04356,1.04378,1.73,2.25
2013.01.31 13:40:29.598,1.04356,1.04378,1.73,2.25
2013.01.31 13:40:38.497,1.04352,1.04375,1.73,1.73
2013.01.31 13:40:38.676,1.04352,1.04375,3.23,2.33
2013.01.31 13:40:38.979,1.04355,1.04372,1.50,1.73
2013.01.31 13:40:43.896,1.04355,1.04376,2.25,2.48
2013.01.31 13:40:44.017,1.04355,1.04377,2.48,1.73
2013.01.31 13:40:49.476,1.04355,1.04377,2.48,1.13
2013.01.31 13:40:58.043,1.04355,1.04379,2.48,1.73
2013.01.31 13:40:58.917,1.04355,1.04377,1.73,1.50
2013.01.31 13:41:03.882,1.04354,1.04374,1.73,1.50
2013.01.31 13:41:04.007,1.04354,1.04374,1.73,1.73
2013.01.31 13:41:15.666,1.04354,1.04374,1.73,2.25
2013.01.31 13:41:15.727,1.04354,1.04374,1.73,1.50
2013.01.31 13:41:18.398,1.04354,1.04375,2.48,1.13
2013.01.31 13:41:18.827,1.04353,1.04375,2.48,1.13
2013.01.31 13:41:19.860,1.04353,1.04375,3.23,1.13
2013.01.31 13:41:24.965,1.04357,1.04375,1.50,1.35
2013.01.31 13:41:25.029,1.04357,1.04374,1.50,1.73
2013.01.31 13:41:25.149,1.04355,1.04373,1.73,3.00
2013.01.31 13:41:27.197,1.0435,1.04373,2.48,3.75
2013.01.31 13:41:27.957,1.0435,1.04373,2.48,3.75
2013.01.31 13:41:30.309,1.0435,1.04373,2.48,3.75
2013.01.31 13:41:30.667,1.04353,1.04373,1.73,1.50
2013.01.31 13:41:30.848,1.04353,1.04376,3.23,1.13
2013.01.31 13:41:33.228,1.04353,1.04374,1.73,1.50
2013.01.31 13:41:33.587,1.04351,1.04373,1.73,1.50
2013.01.31 13:41:33.767,1.04351,1.04373,2.36,1.50
2013.01.31 13:41:34.277,1.04353,1.04376,3.23,1.88
2013.01.31 13:41:35.757,1.04353,1.04376,3.23,2.10
2013.01.31 13:41:40.227,1.04353,1.04374,1.73,2.25
2013.01.31 13:41:40.893,1.04353,1.04374,1.73,2.25
2013.01.31 13:41:42.682,1.04354,1.04376,2.48,3.60
2013.01.31 13:41:43.307,1.04353,1.04374,1.73,2.25
2013.01.31 13:41:44.169,1.04353,1.04375,3.23,2.48
2013.01.31 13:41:45.336,1.04353,1.04375,3.23,2.48
2013.01.31 13:41:47.176,1.04353,1.04375,3.23,2.48
2013.01.31 13:41:47.361,1.04353,1.04375,3.23,2.48
2013.01.31 13:41:47.839,1.04357,1.04379,1.73,2.48
2013.01.31 13:41:48.219,1.04364,1.04381,1.73,2.25
2013.01.31 13:41:48.538,1.04358,1.04379,1.80,2.25
2013.01.31 13:41:48.598,1.04358,1.04379,1.58,2.48
2013.01.31 13:41:49.821,1.04357,1.04379,2.33,3.23
2013.01.31 13:41:50.828,1.04358,1.04379,1.73,1.73
2013.01.31 13:41:51.010,1.04356,1.04378,3.98,1.73
2013.01.31 13:41:51.427,1.04355,1.04378,2.48,1.73
2013.01.31 13:41:52.088,1.04355,1.04375,1.73,1.50
2013.01.31 13:41:53.220,1.04347,1.04371,3.87,1.50
2013.01.31 13:41:53.331,1.04347,1.04371,3.87,1.50
2013.01.31 13:41:53.519,1.04347,1.04369,1.61,2.25
2013.01.31 13:41:53.914,1.04347,1.04368,2.36,1.50
2013.01.31 13:41:53.982,1.04347,1.04368,1.73,1.73
2013.01.31 13:42:00.372,1.04347,1.04368,1.73,1.73
2013.01.31 13:42:00.677,1.0435,1.04369,1.73,1.50
2013.01.31 13:42:01.445,1.0435,1.04369,1.73,1.50
2013.01.31 13:42:02.717,1.0435,1.04371,1.73,2.25
2013.01.31 13:42:05.677,1.0435,1.0437,1.73,1.50
2013.01.31 13:42:08.647,1.0435,1.0437,1.73,1.50
2013.01.31 13:42:09.018,1.04352,1.0437,1.29,1.50
2013.01.31 13:42:17.161,1.04356,1.04376,1.50,1.50
2013.01.31 13:42:17.817,1.04351,1.04374,3.88,2.25
2013.01.31 13:42:18.324,1.04351,1.04374,3.88,3.00
2013.01.31 13:42:20.868,1.04351,1.04374,3.13,3.00
2013.01.31 13:42:25.331,1.04352,1.04374,1.63,3.00
2013.01.31 13:42:25.388,1.04351,1.04374,2.48,3.23
2013.01.31 13:42:32.041,1.04349,1.04372,2.40,2.25
2013.01.31 13:42:32.257,1.04351,1.04372,1.56,2.25
2013.01.31 13:42:33.418,1.04348,1.04372,3.90,1.50
2013.01.31 13:42:33.477,1.04348,1.04372,3.90,2.25
2013.01.31 13:42:34.800,1.04348,1.04372,3.90,2.25
2013.01.31 13:42:35.107,1.04351,1.04372,1.38,2.25
2013.01.31 13:42:35.776,1.04351,1.04374,2.88,3.00
2013.01.31 13:42:38.541,1.04351,1.04373,2.13,1.50
2013.01.31 13:42:38.777,1.04351,1.04373,1.73,2.48
2013.01.31 13:42:53.383,1.04351,1.04374,2.48,3.98
2013.01.31 13:42:53.446,1.04351,1.04374,2.75,3.00
2013.01.31 13:42:59.318,1.04352,1.04375,1.73,3.00
2013.01.31 13:43:08.696,1.04352,1.04375,2.48,2.25
2013.01.31 13:43:09.418,1.04352,1.04374,1.73,1.50
2013.01.31 13:43:09.484,1.04352,1.04374,1.73,2.48
2013.01.31 13:43:10.797,1.04352,1.04374,1.73,2.48
2013.01.31 13:43:16.416,1.04352,1.04374,1.73,2.48
2013.01.31 13:43:20.920,1.04352,1.04374,2.48,2.48
2013.01.31 13:43:21.037,1.04352,1.04372,2.48,1.50
2013.01.31 13:43:21.368,1.04352,1.04372,2.48,1.50
2013.01.31 13:43:26.945,1.04351,1.0437,1.73,2.25
2013.01.31 13:43:27.008,1.0435,1.04366,1.35,1.50
2013.01.31 13:43:27.367,1.04351,1.04368,2.38,1.50
2013.01.31 13:43:27.787,1.04347,1.04365,1.35,1.50
2013.01.31 13:43:27.967,1.04346,1.04365,2.22,2.25
2013.01.31 13:43:28.027,1.04344,1.04365,1.73,2.25
2013.01.31 13:43:28.207,1.04342,1.04362,1.43,2.25
2013.01.31 13:43:28.387,1.04341,1.04362,1.80,1.50
2013.01.31 13:43:28.456,1.04341,1.04362,1.35,1.50
2013.01.31 13:43:28.698,1.04342,1.04362,1.47,1.50
2013.01.31 13:43:33.727,1.04342,1.04364,2.97,1.50
2013.01.31 13:43:35.726,1.04342,1.04362,1.47,1.50
2013.01.31 13:43:36.027,1.04341,1.04359,1.10,2.25
2013.01.31 13:43:36.087,1.04337,1.04359,1.20,2.25
2013.01.31 13:43:37.181,1.04337,1.04359,1.20,3.00
2013.01.31 13:43:39.260,1.04342,1.04359,1.43,3.00
2013.01.31 13:43:41.657,1.04342,1.04362,1.43,2.25
2013.01.31 13:43:45.177,1.04342,1.04362,1.43,2.25
2013.01.31 13:43:55.110,1.04341,1.04362,1.43,3.00
2013.01.31 13:43:58.667,1.04342,1.04362,1.43,1.50
2013.01.31 13:44:00.041,1.04342,1.04363,1.43,1.50
2013.01.31 13:44:00.392,1.04342,1.04363,1.43,1.50
2013.01.31 13:44:01.380,1.04342,1.04364,1.43,1.50
2013.01.31 13:44:01.497,1.04342,1.04366,1.43,2.25
2013.01.31 13:44:01.557,1.04346,1.04367,1.59,2.25
2013.01.31 13:44:01.777,1.04345,1.04367,2.85,3.23
2013.01.31 13:44:02.126,1.04346,1.04367,1.73,1.73
2013.01.31 13:44:02.388,1.04346,1.04367,2.36,1.50
2013.01.31 13:44:02.967,1.04346,1.04367,1.73,1.50
2013.01.31 13:44:03.027,1.04345,1.04367,2.48,2.25
2013.01.31 13:44:05.187,1.04345,1.04367,3.23,2.25
2013.01.31 13:44:05.546,1.04346,1.04367,1.29,1.50
2013.01.31 13:44:07.517,1.04347,1.0437,1.73,3.75
2013.01.31 13:44:16.586,1.04347,1.0437,1.73,3.00
2013.01.31 13:44:16.767,1.04347,1.04364,1.73,1.50
2013.01.31 13:44:23.837,1.04347,1.04364,1.73,1.50
2013.01.31 13:44:26.607,1.04347,1.04364,2.48,1.50
2013.01.31 13:44:27.567,1.0435,1.04368,1.73,1.50
2013.01.31 13:44:28.350,1.04346,1.04369,3.81,1.50
2013.01.31 13:44:28.794,1.04346,1.04371,3.81,3.00
2013.01.31 13:44:29.220,1.0435,1.04371,1.52,2.25
2013.01.31 13:44:29.407,1.04345,1.04364,1.52,1.50
2013.01.31 13:44:29.587,1.04348,1.04367,1.35,2.25
2013.01.31 13:44:29.648,1.04348,1.04367,1.29,1.50
2013.01.31 13:44:30.367,1.04348,1.04367,1.67,2.25
2013.01.31 13:44:32.485,1.04348,1.04367,1.67,1.50
2013.01.31 13:44:34.349,1.04348,1.04367,1.67,2.25
2013.01.31 13:44:38.849,1.04349,1.04371,1.67,3.00
2013.01.31 13:44:38.907,1.04347,1.04368,1.35,1.50
2013.01.31 13:44:40.059,1.04346,1.04367,2.48,1.50
2013.01.31 13:44:40.444,1.04348,1.04371,1.25,2.25
2013.01.31 13:44:43.805,1.04351,1.0437,1.62,1.50
2013.01.31 13:44:44.367,1.04348,1.0437,1.62,1.50
2013.01.31 13:44:56.167,1.04351,1.0437,1.25,1.50
2013.01.31 13:44:57.577,1.04348,1.0437,1.62,1.50
2013.01.31 13:44:57.757,1.04346,1.04367,1.12,1.50
2013.01.31 13:45:00.028,1.04346,1.04368,1.50,2.25
2013.01.31 13:45:01.407,1.04346,1.04366,1.50,1.50
2013.01.31 13:45:02.327,1.04351,1.04366,1.59,1.50
2013.01.31 13:45:02.567,1.04351,1.04369,1.96,2.25
2013.01.31 13:45:08.247,1.04349,1.04371,2.85,2.25
2013.01.31 13:45:16.379,1.0435,1.04369,1.73,1.88
2013.01.31 13:45:16.995,1.04351,1.04369,1.73,1.88
2013.01.31 13:45:19.267,1.04351,1.04369,1.73,1.50
2013.01.31 13:45:22.427,1.04349,1.04371,3.23,3.38
2013.01.31 13:45:24.388,1.04349,1.04369,1.73,1.50
2013.01.31 13:45:28.485,1.04349,1.04373,3.23,2.10
2013.01.31 13:45:28.820,1.04349,1.04373,3.23,8.48
2013.01.31 13:45:29.568,1.04349,1.04373,2.48,9.23
2013.01.31 13:45:35.338,1.04346,1.04369,2.77,2.25
2013.01.31 13:45:38.947,1.04347,1.04369,1.73,2.25
2013.01.31 13:45:44.154,1.04347,1.04369,1.73,2.48
2013.01.31 13:45:46.847,1.04346,1.04369,3.23,2.48
2013.01.31 13:45:47.027,1.04346,1.04369,3.23,2.85
2013.01.31 13:45:47.087,1.04346,1.04369,3.23,2.85
2013.01.31 13:45:47.743,1.04346,1.04367,1.73,2.25
2013.01.31 13:45:52.606,1.04347,1.04367,1.73,1.50
2013.01.31 13:45:55.687,1.04347,1.0437,1.73,2.48
2013.01.31 13:45:57.308,1.04345,1.0437,2.48,2.48
2013.01.31 13:45:57.627,1.04345,1.04368,3.23,7.73
2013.01.31 13:45:58.079,1.04345,1.04368,2.48,7.73
2013.01.31 13:45:59.598,1.04345,1.04368,3.23,8.70
2013.01.31 13:46:00.077,1.04348,1.0437,2.25,8.10
2013.01.31 13:46:01.817,1.04352,1.0437,1.50,2.48
2013.01.31 13:46:04.127,1.04351,1.0437,1.35,2.48
2013.01.31 13:46:04.619,1.04353,1.0437,1.50,1.73
2013.01.31 13:46:06.028,1.04352,1.0437,1.50,2.48
2013.01.31 13:46:09.078,1.04353,1.0437,1.50,1.73
2013.01.31 13:46:09.267,1.04353,1.04372,1.73,1.50
2013.01.31 13:46:09.783,1.04353,1.04373,1.73,1.50
2013.01.31 13:46:10.507,1.04353,1.04374,1.73,1.73
2013.01.31 13:46:11.379,1.04352,1.04374,3.23,8.10
2013.01.31 13:46:13.139,1.04353,1.04374,1.73,1.35
2013.01.31 13:46:14.288,1.04353,1.04372,1.73,1.50
2013.01.31 13:46:19.627,1.04352,1.04372,1.58,2.25
2013.01.31 13:46:20.087,1.04353,1.04372,1.73,1.50
2013.01.31 13:46:20.327,1.04351,1.04374,3.98,1.35
2013.01.31 13:46:23.161,1.04352,1.04373,1.73,1.13
2013.01.31 13:46:23.217,1.04352,1.04373,1.73,1.13
2013.01.31 13:46:23.722,1.04352,1.04373,1.73,1.13
2013.01.31 13:46:24.519,1.04353,1.04373,1.35,1.35
2013.01.31 13:46:25.111,1.04352,1.04373,1.73,1.35
2013.01.31 13:46:31.307,1.04349,1.04373,3.23,3.45
2013.01.31 13:46:31.787,1.04349,1.04368,1.73,1.13
2013.01.31 13:46:31.966,1.04349,1.04368,1.73,1.50
2013.01.31 13:46:32.327,1.04347,1.04369,2.48,3.30
2013.01.31 13:46:34.651,1.04347,1.04366,1.73,1.13
2013.01.31 13:46:34.717,1.04347,1.04366,1.50,1.35
2013.01.31 13:46:35.228,1.04345,1.04365,2.48,1.35
2013.01.31 13:46:36.208,1.04345,1.04364,2.48,1.35
2013.01.31 13:46:36.327,1.04348,1.04364,1.50,1.35
2013.01.31 13:46:36.880,1.04348,1.04365,1.50,1.35
2013.01.31 13:46:40.798,1.04346,1.04365,1.73,1.35
2013.01.31 13:46:42.008,1.04345,1.04364,2.48,1.35
2013.01.31 13:46:42.518,1.04345,1.04364,2.48,1.35
2013.01.31 13:46:43.151,1.04345,1.04364,2.48,1.35
2013.01.31 13:46:45.226,1.04345,1.04366,2.48,1.35
2013.01.31 13:46:45.747,1.04345,1.04364,2.48,1.35
2013.01.31 13:46:46.385,1.04345,1.04365,2.48,1.35
2013.01.31 13:46:49.880,1.04345,1.04364,2.48,1.35
2013.01.31 13:46:51.779,1.04346,1.04364,1.73,1.35
2013.01.31 13:46:52.108,1.04346,1.04364,1.73,1.80
2013.01.31 13:46:54.788,1.04343,1.04363,2.48,1.58
2013.01.31 13:46:56.109,1.04343,1.04361,2.48,1.13
2013.01.31 13:46:56.227,1.04343,1.04363,1.50,1.73
2013.01.31 13:46:56.347,1.04341,1.04362,2.48,1.35
2013.01.31 13:46:56.407,1.04341,1.04362,2.25,1.35
2013.01.31 13:46:56.528,1.04338,1.0436,3.00,1.73
2013.01.31 13:46:56.587,1.04338,1.04361,3.75,1.73
2013.01.31 13:46:58.308,1.04338,1.04358,2.25,1.35
2013.01.31 13:47:05.238,1.04336,1.04357,1.73,1.35
2013.01.31 13:47:05.790,1.04334,1.04355,2.48,1.35
2013.01.31 13:47:20.088,1.04335,1.04354,2.48,1.35
2013.01.31 13:47:20.204,1.04335,1.04353,1.73,1.13
2013.01.31 13:47:27.547,1.04335,1.04354,2.48,1.35
2013.01.31 13:47:31.509,1.04335,1.04354,2.48,1.35
2013.01.31 13:47:33.067,1.04335,1.04354,2.48,1.35
2013.01.31 13:47:33.751,1.04335,1.04354,2.48,1.35
2013.01.31 13:47:35.149,1.04335,1.04354,2.48,1.35
2013.01.31 13:47:35.507,1.04338,1.04355,1.50,1.35
2013.01.31 13:47:35.867,1.0434,1.04356,1.50,1.73
2013.01.31 13:47:36.388,1.04341,1.04358,1.73,1.35
2013.01.31 13:47:40.132,1.04341,1.04361,3.23,1.13
2013.01.31 13:47:41.421,1.04341,1.04362,2.48,1.13
2013.01.31 13:47:47.547,1.04342,1.04365,2.48,1.73
2013.01.31 13:47:49.742,1.04348,1.04362,1.73,1.13
2013.01.31 13:47:51.358,1.04348,1.04369,1.73,1.95
2013.01.31 13:47:51.547,1.04352,1.04364,1.73,1.13
2013.01.31 13:47:51.907,1.04352,1.0437,2.18,1.13
2013.01.31 13:47:51.967,1.04352,1.04369,1.73,1.13
2013.01.31 13:47:54.077,1.04352,1.04371,1.73,1.13
2013.01.31 13:47:54.407,1.04352,1.04374,2.73,2.33
2013.01.31 13:47:54.620,1.04352,1.04373,3.48,1.13
2013.01.31 13:48:09.907,1.04351,1.04373,1.23,1.13
2013.01.31 13:48:10.468,1.04349,1.04369,1.73,2.25
2013.01.31 13:48:26.398,1.04347,1.04368,2.10,1.35
2013.01.31 13:48:26.577,1.04347,1.04368,1.73,1.35
2013.01.31 13:48:26.698,1.04347,1.04368,1.73,1.35
2013.01.31 13:48:26.758,1.04347,1.04368,1.73,1.13
2013.01.31 13:48:37.911,1.0435,1.04368,1.35,1.13
2013.01.31 13:48:38.909,1.0435,1.04368,1.35,1.13
2013.01.31 13:48:40.297,1.0435,1.04367,1.50,1.73
2013.01.31 13:48:40.717,1.0435,1.04367,1.50,1.73
2013.01.31 13:48:41.137,1.0435,1.04368,1.50,2.10
2013.01.31 13:48:41.317,1.04353,1.04368,1.50,1.35
2013.01.31 13:48:41.841,1.04353,1.04368,1.50,1.73
2013.01.31 13:48:42.849,1.04349,1.04367,1.50,2.10
2013.01.31 13:48:42.968,1.04346,1.04367,2.25,1.73
2013.01.31 13:48:44.708,1.04346,1.04366,1.50,1.35
2013.01.31 13:48:44.890,1.04347,1.04366,2.48,1.35
2013.01.31 13:48:47.157,1.04347,1.04367,2.48,1.35
2013.01.31 13:48:50.316,1.04345,1.04367,1.35,1.35
2013.01.31 13:48:50.537,1.04344,1.04368,1.50,3.98
2013.01.31 13:48:51.357,1.04345,1.04368,1.50,3.98
2013.01.31 13:48:51.477,1.04347,1.04369,3.23,1.35
2013.01.31 13:48:52.204,1.0435,1.04371,1.50,2.10
2013.01.31 13:48:52.738,1.04349,1.04371,4.43,2.10
2013.01.31 13:48:53.278,1.04345,1.04367,2.25,1.73
2013.01.31 13:48:53.836,1.04345,1.04369,2.25,3.23
2013.01.31 13:48:54.027,1.04346,1.04369,1.73,2.48
2013.01.31 13:48:54.577,1.0435,1.04371,2.25,2.48
2013.01.31 13:48:55.129,1.04354,1.04371,1.50,2.48
2013.01.31 13:48:58.417,1.0435,1.04369,2.25,1.73
2013.01.31 13:48:58.478,1.0435,1.04369,2.25,2.00
2013.01.31 13:48:58.960,1.0435,1.04372,1.50,2.48
2013.01.31 13:48:59.137,1.04347,1.04368,2.48,1.35
2013.01.31 13:48:59.259,1.04347,1.0437,3.23,1.35
2013.01.31 13:48:59.803,1.04347,1.04371,2.48,1.73
2013.01.31 13:48:59.927,1.04351,1.04371,1.50,1.73
2013.01.31 13:49:00.467,1.04351,1.04371,1.50,1.35
2013.01.31 13:49:07.238,1.0435,1.04371,2.25,1.35
2013.01.31 13:49:07.818,1.04351,1.04373,1.50,1.35
2013.01.31 13:49:08.359,1.04354,1.0437,1.50,1.35
2013.01.31 13:49:14.897,1.04354,1.04374,2.25,1.35
2013.01.31 13:49:14.957,1.04354,1.04374,2.48,1.35
2013.01.31 13:49:15.650,1.04355,1.04372,2.25,1.35
2013.01.31 13:49:16.137,1.04359,1.04378,1.50,1.35
2013.01.31 13:49:16.317,1.04357,1.0438,3.23,2.48
2013.01.31 13:49:16.617,1.04358,1.0438,2.48,2.48
2013.01.31 13:49:16.760,1.04358,1.04379,1.50,1.35
2013.01.31 13:49:17.678,1.04356,1.04379,2.25,2.10
2013.01.31 13:49:17.857,1.04359,1.04379,1.50,2.10
2013.01.31 13:49:18.171,1.04359,1.04379,2.48,1.73
2013.01.31 13:49:22.258,1.04366,1.04383,1.50,1.35
2013.01.31 13:49:29.107,1.04366,1.04383,2.25,1.35
2013.01.31 13:49:29.169,1.04366,1.04384,2.25,1.35
2013.01.31 13:49:29.349,1.04366,1.04386,3.00,1.20
2013.01.31 13:49:29.530,1.04366,1.04388,3.23,1.20
2013.01.31 13:49:29.820,1.04366,1.04389,3.23,3.45
2013.01.31 13:49:30.357,1.04372,1.04388,1.50,1.35
2013.01.31 13:49:30.749,1.04366,1.04389,3.98,2.85
2013.01.31 13:49:30.845,1.04366,1.04388,3.23,1.35
2013.01.31 13:49:31.182,1.0437,1.04388,1.73,1.13
2013.01.31 13:49:31.308,1.0437,1.04388,1.73,1.13
2013.01.31 13:49:31.527,1.04366,1.04388,3.98,1.35
2013.01.31 13:49:31.630,1.04366,1.04388,3.98,1.35
2013.01.31 13:49:31.748,1.04366,1.04388,3.75,1.95
2013.01.31 13:49:36.569,1.04366,1.04387,2.25,1.73
2013.01.31 13:49:36.628,1.04366,1.04387,3.00,1.73
2013.01.31 13:49:37.553,1.04366,1.04387,3.00,1.73
2013.01.31 13:49:37.634,1.04366,1.04387,3.00,1.73
2013.01.31 13:49:41.528,1.04363,1.04386,3.00,3.00
2013.01.31 13:49:41.767,1.04363,1.04384,2.25,1.35
2013.01.31 13:49:44.769,1.04361,1.04383,1.50,4.73
2013.01.31 13:49:44.829,1.04361,1.04383,1.50,3.98
2013.01.31 13:49:45.187,1.04358,1.04378,1.50,1.35
2013.01.31 13:49:46.325,1.04357,1.04376,3.00,1.35
2013.01.31 13:49:46.875,1.04358,1.04378,1.50,2.85
2013.01.31 13:49:48.317,1.04353,1.04376,3.23,1.35
2013.01.31 13:49:48.538,1.04353,1.04374,1.50,1.73
2013.01.31 13:49:48.658,1.04353,1.04374,1.73,1.73
2013.01.31 13:49:50.208,1.04353,1.04374,1.50,1.73
2013.01.31 13:49:51.198,1.04353,1.04375,3.00,1.27
2013.01.31 13:49:51.317,1.04353,1.04376,3.23,1.35
2013.01.31 13:49:51.438,1.04353,1.04375,3.00,1.56
2013.01.31 13:49:51.738,1.04355,1.04375,1.73,1.35
2013.01.31 13:49:55.459,1.04355,1.04376,1.50,1.35
2013.01.31 13:50:18.026,1.04356,1.04377,1.13,3.57
2013.01.31 13:50:23.249,1.04356,1.04377,2.63,2.07
2013.01.31 13:50:24.138,1.04359,1.04377,1.13,1.32
2013.01.31 13:50:34.968,1.04362,1.04377,1.58,1.09
2013.01.31 13:50:35.957,1.04362,1.04377,1.58,1.32
2013.01.31 13:50:36.138,1.04361,1.04382,1.13,2.01
2013.01.31 13:50:36.378,1.04365,1.04384,1.13,1.63
2013.01.31 13:50:36.448,1.04365,1.04386,1.13,3.23
2013.01.31 13:50:36.507,1.04365,1.04386,1.13,2.48
2013.01.31 13:50:55.518,1.04365,1.04383,1.13,1.45
2013.01.31 13:50:55.996,1.04362,1.04383,3.15,1.45
2013.01.31 13:50:56.160,1.04362,1.04383,3.15,1.45
2013.01.31 13:50:56.881,1.04362,1.04383,3.15,1.45
2013.01.31 13:51:00.640,1.04362,1.04382,1.65,2.20
2013.01.31 13:51:05.479,1.0436,1.0438,2.03,1.73
2013.01.31 13:51:05.788,1.04362,1.04378,1.13,1.27
2013.01.31 13:51:05.968,1.04361,1.04383,1.50,2.75
2013.01.31 13:51:06.329,1.04361,1.04383,1.88,3.50
2013.01.31 13:51:06.939,1.04361,1.04383,1.88,3.50
2013.01.31 13:51:07.767,1.04361,1.04382,1.50,1.25
2013.01.31 13:51:07.888,1.04362,1.04381,1.50,1.56
2013.01.31 13:51:08.431,1.04359,1.04383,4.20,3.23
2013.01.31 13:51:08.878,1.04359,1.0438,3.45,1.73
2013.01.31 13:51:08.998,1.04359,1.0438,2.10,1.73
2013.01.31 13:51:09.058,1.04357,1.0438,1.88,1.73
2013.01.31 13:51:09.588,1.04357,1.0438,1.50,1.73
2013.01.31 13:51:12.288,1.04358,1.04377,1.13,1.73
2013.01.31 13:51:12.903,1.04358,1.04377,1.13,1.73
2013.01.31 13:51:23.089,1.04358,1.04379,1.13,2.48
2013.01.31 13:51:23.890,1.04357,1.04379,1.65,2.48
2013.01.31 13:51:26.112,1.04359,1.04381,1.50,1.34
2013.01.31 13:51:27.378,1.04359,1.04381,1.88,1.34
2013.01.31 13:51:27.890,1.04359,1.04383,2.55,1.73
2013.01.31 13:51:31.428,1.04362,1.04383,1.50,1.73
2013.01.31 13:51:32.859,1.04362,1.04383,2.25,1.73
2013.01.31 13:51:33.039,1.04363,1.04386,2.33,4.35
2013.01.31 13:51:39.128,1.04363,1.04386,1.35,2.10
2013.01.31 13:51:39.188,1.04363,1.04387,1.35,2.48
2013.01.31 13:51:41.888,1.04366,1.04387,1.73,1.73
2013.01.31 13:51:44.099,1.04367,1.04387,1.73,1.73
2013.01.31 13:51:44.339,1.04371,1.04392,1.73,1.73
2013.01.31 13:51:44.709,1.04376,1.04392,2.25,1.73
2013.01.31 13:51:45.357,1.04378,1.044,2.10,1.73
2013.01.31 13:51:46.439,1.04378,1.044,2.10,1.73
2013.01.31 13:51:46.788,1.04378,1.04397,1.50,1.73
2013.01.31 13:51:48.911,1.04377,1.04399,2.10,2.48
2013.01.31 13:51:50.159,1.04377,1.04399,3.30,2.48
2013.01.31 13:51:55.080,1.04378,1.04399,1.05,2.48
2013.01.31 13:51:56.032,1.04377,1.04399,2.55,2.48
2013.01.31 13:51:57.023,1.04377,1.04399,1.50,3.23
2013.01.31 13:52:00.049,1.04377,1.04398,2.48,1.73
2013.01.31 13:52:00.648,1.04377,1.04397,2.10,1.73
2013.01.31 13:52:01.135,1.04377,1.04397,1.50,1.73
2013.01.31 13:52:02.448,1.04377,1.04399,3.00,2.48
2013.01.31 13:52:02.998,1.04377,1.04399,2.85,2.48
2013.01.31 13:52:04.541,1.04384,1.04402,1.50,1.35
2013.01.31 13:52:06.339,1.04384,1.04403,2.25,1.35
2013.01.31 13:52:06.582,1.04386,1.04409,3.98,1.05
2013.01.31 13:52:06.805,1.04386,1.04409,3.60,1.05
2013.01.31 13:52:08.453,1.04386,1.04407,2.85,1.05
2013.01.31 13:52:09.898,1.04394,1.04407,2.25,1.05
2013.01.31 13:52:09.958,1.04397,1.04413,1.50,1.05
2013.01.31 13:52:10.019,1.04397,1.04416,1.73,1.35
2013.01.31 13:52:10.258,1.04395,1.04416,1.13,1.29
2013.01.31 13:52:10.869,1.04392,1.04411,1.88,1.35
2013.01.31 13:52:10.928,1.04391,1.04411,1.50,1.35
2013.01.31 13:52:12.279,1.04391,1.0441,2.33,2.25
2013.01.31 13:52:13.292,1.0439,1.0441,1.35,2.25
2013.01.31 13:52:13.588,1.04389,1.0441,1.13,2.48
2013.01.31 13:52:13.830,1.04387,1.0441,1.73,2.25
2013.01.31 13:52:14.029,1.04389,1.04411,2.48,1.35
2013.01.31 13:52:19.938,1.04387,1.0441,4.35,2.48
2013.01.31 13:52:20.068,1.04387,1.0441,2.63,2.48
2013.01.31 13:52:20.368,1.04387,1.0441,1.73,2.48
2013.01.31 13:52:26.810,1.04392,1.0441,1.50,1.73
2013.01.31 13:52:27.508,1.0439,1.0441,1.50,1.73
2013.01.31 13:52:28.288,1.04387,1.04409,3.00,2.48
2013.01.31 13:52:28.810,1.04387,1.04409,2.63,2.48
2013.01.31 13:52:28.929,1.04387,1.04407,2.85,1.35
2013.01.31 13:52:36.408,1.04392,1.04407,1.50,1.35
2013.01.31 13:52:36.982,1.0439,1.04407,1.35,1.35
2013.01.31 13:52:37.459,1.04389,1.04409,2.48,1.35
2013.01.31 13:52:41.888,1.04387,1.04407,1.88,1.35
2013.01.31 13:52:41.948,1.04387,1.04411,1.88,4.28
2013.01.31 13:52:45.042,1.04387,1.0441,2.33,1.73
2013.01.31 13:52:45.802,1.0439,1.0441,1.50,1.73
2013.01.31 13:52:50.488,1.04387,1.04409,1.88,2.48
2013.01.31 13:52:52.668,1.04387,1.04409,1.50,2.48
2013.01.31 13:52:52.848,1.04387,1.04409,1.73,3.23
2013.01.31 13:52:53.028,1.04388,1.04409,1.73,2.48
2013.01.31 13:52:53.578,1.04392,1.04409,1.73,2.25
2013.01.31 13:52:54.378,1.04391,1.04409,1.50,2.48
2013.01.31 13:52:54.818,1.04387,1.04409,1.73,2.48
2013.01.31 13:52:55.358,1.04387,1.04407,1.73,2.48
2013.01.31 13:52:55.479,1.04387,1.04407,1.50,2.48
2013.01.31 13:53:01.078,1.04381,1.04403,1.73,2.48
2013.01.31 13:53:01.573,1.04381,1.04401,1.73,2.48
2013.01.31 13:53:01.699,1.04382,1.04401,1.73,1.73
2013.01.31 13:53:01.759,1.04382,1.04401,1.50,1.73
2013.01.31 13:53:02.088,1.04382,1.04401,1.50,1.73
2013.01.31 13:53:02.148,1.04386,1.04401,1.50,1.73
2013.01.31 13:53:03.592,1.04387,1.04403,1.50,1.73
2013.01.31 13:53:05.140,1.04386,1.04403,1.50,1.73
2013.01.31 13:53:06.129,1.04381,1.04403,1.73,2.48
2013.01.31 13:53:06.599,1.04387,1.04403,1.50,2.48
2013.01.31 13:53:11.878,1.04387,1.04403,1.50,1.73
2013.01.31 13:53:12.611,1.04386,1.04403,1.50,1.73
2013.01.31 13:53:17.149,1.04387,1.04406,1.50,1.73
2013.01.31 13:53:17.328,1.04387,1.0441,1.50,3.23
2013.01.31 13:53:18.208,1.04382,1.04403,1.88,2.48
2013.01.31 13:53:18.328,1.04382,1.04403,1.13,1.73
2013.01.31 13:53:19.598,1.04384,1.04405,1.50,1.73
2013.01.31 13:53:22.400,1.04382,1.04404,2.25,2.48
2013.01.31 13:53:23.960,1.04383,1.04405,1.50,3.23
2013.01.31 13:53:25.318,1.04383,1.04404,1.73,1.73
2013.01.31 13:53:25.379,1.04383,1.04405,2.48,1.73
2013.01.31 13:53:25.738,1.04393,1.0441,2.25,1.73
2013.01.31 13:53:25.798,1.04393,1.0441,2.48,1.73
2013.01.31 13:53:26.185,1.04392,1.04411,1.35,1.50
2013.01.31 13:53:27.389,1.04389,1.04409,1.56,2.25
2013.01.31 13:53:28.349,1.04392,1.04409,1.73,2.25
2013.01.31 13:53:28.599,1.04388,1.04409,1.35,2.25
2013.01.31 13:53:28.660,1.04388,1.04409,1.35,2.25
2013.01.31 13:53:28.988,1.04395,1.04409,1.73,1.50
2013.01.31 13:53:29.678,1.04391,1.04409,1.73,1.50
2013.01.31 13:53:33.121,1.04387,1.04409,1.58,2.25
2013.01.31 13:53:33.178,1.04387,1.04408,1.58,1.13
2013.01.31 13:53:33.238,1.04386,1.04408,3.23,1.35
2013.01.31 13:53:33.419,1.04392,1.0441,1.50,2.48
2013.01.31 13:53:33.478,1.04392,1.0441,1.73,2.48
2013.01.31 13:53:35.116,1.04392,1.04408,1.73,1.13
2013.01.31 13:53:35.548,1.0439,1.04408,1.73,1.13
2013.01.31 13:53:35.749,1.0439,1.04408,1.73,1.13
2013.01.31 13:53:37.439,1.04387,1.04408,1.73,1.35
2013.01.31 13:53:38.639,1.04386,1.04406,2.48,1.35
2013.01.31 13:53:43.799,1.04381,1.04405,1.73,2.48
2013.01.31 13:53:47.313,1.04381,1.04401,1.73,1.50
2013.01.31 13:53:52.046,1.04381,1.04401,1.73,2.25
2013.01.31 13:54:04.112,1.04381,1.04401,1.73,1.50
2013.01.31 13:54:04.380,1.04382,1.04404,2.48,3.98
2013.01.31 13:54:16.538,1.04381,1.04406,3.23,3.60
2013.01.31 13:54:16.668,1.04381,1.04406,3.23,3.60
2013.01.31 13:54:17.291,1.04381,1.04406,3.23,4.35
2013.01.31 13:54:19.868,1.04381,1.04406,3.23,5.10
2013.01.31 13:54:20.379,1.04385,1.04406,2.33,3.23
2013.01.31 13:54:20.438,1.04386,1.04406,1.73,1.50
2013.01.31 13:54:20.558,1.04386,1.04408,1.73,3.00
2013.01.31 13:54:22.408,1.04388,1.04408,1.73,1.73
2013.01.31 13:54:24.609,1.04385,1.04407,2.48,1.73
2013.01.31 13:54:24.967,1.04387,1.04408,1.73,2.25
2013.01.31 13:54:30.430,1.04391,1.0441,1.73,1.50
2013.01.31 13:54:35.838,1.04391,1.04412,1.73,1.50
2013.01.31 13:54:37.560,1.04391,1.04412,1.73,2.25
2013.01.31 13:54:41.206,1.04391,1.04412,1.73,1.50
2013.01.31 13:54:46.609,1.04391,1.04415,1.73,2.48
2013.01.31 13:55:00.005,1.04391,1.04413,1.73,1.50
2013.01.31 13:55:09.718,1.04391,1.04416,3.23,3.98
2013.01.31 13:55:11.479,1.04392,1.04411,1.73,1.50
2013.01.31 13:55:15.693,1.04392,1.04413,3.23,1.50
2013.01.31 13:55:17.028,1.04392,1.04415,3.23,3.23
2013.01.31 13:55:21.799,1.04392,1.04415,3.23,3.23
2013.01.31 13:55:22.361,1.04392,1.04415,3.23,3.98
2013.01.31 13:55:29.138,1.04392,1.04415,3.60,3.23
2013.01.31 13:55:30.014,1.04394,1.04415,1.35,3.23
2013.01.31 13:55:33.739,1.04394,1.04413,1.35,1.50
2013.01.31 13:55:33.960,1.04394,1.04409,1.35,1.50
2013.01.31 13:55:34.449,1.04389,1.04409,1.35,2.25
2013.01.31 13:55:34.695,1.04391,1.04409,1.35,2.25
2013.01.31 13:55:35.021,1.04389,1.04411,2.85,1.73
2013.01.31 13:55:35.568,1.04393,1.04413,2.10,1.73
2013.01.31 13:55:36.110,1.04393,1.04413,1.73,1.73
2013.01.31 13:55:36.170,1.04393,1.04413,1.73,1.73
2013.01.31 13:55:37.198,1.04393,1.04408,1.50,1.73
2013.01.31 13:55:37.843,1.04389,1.04408,2.25,1.73
2013.01.31 13:55:38.848,1.04385,1.04408,2.48,3.23
2013.01.31 13:55:40.869,1.04384,1.04406,1.35,1.73
2013.01.31 13:55:40.930,1.04387,1.04406,1.73,1.73
2013.01.31 13:55:41.288,1.04388,1.04408,2.48,1.50
2013.01.31 13:55:41.420,1.0439,1.04411,1.73,1.73
2013.01.31 13:55:42.769,1.0439,1.04409,1.73,1.50
2013.01.31 13:55:42.948,1.0439,1.04411,1.50,1.73
2013.01.31 13:55:43.188,1.04388,1.0441,1.73,2.85
2013.01.31 13:55:44.539,1.04393,1.04413,1.35,2.25
2013.01.31 13:55:45.631,1.04393,1.04413,2.10,2.25
2013.01.31 13:55:45.958,1.04392,1.04413,1.35,3.23
2013.01.31 13:55:48.508,1.04393,1.04413,1.35,3.00
2013.01.31 13:55:49.259,1.04392,1.04413,1.35,2.48
2013.01.31 13:55:54.630,1.04393,1.04414,1.35,3.23
2013.01.31 13:55:54.811,1.04396,1.04414,1.73,1.50
2013.01.31 13:55:55.328,1.04396,1.04417,2.48,1.73
2013.01.31 13:55:56.340,1.04394,1.04417,2.10,1.73
2013.01.31 13:55:56.519,1.04394,1.04417,2.10,2.48
2013.01.31 13:55:56.719,1.04394,1.04417,2.10,2.48
2013.01.31 13:56:08.938,1.04396,1.04418,3.23,1.50
2013.01.31 13:56:12.502,1.04396,1.04418,3.23,2.25
2013.01.31 13:56:12.862,1.04396,1.04416,2.48,1.58
2013.01.31 13:56:13.593,1.04393,1.04413,1.35,1.50
2013.01.31 13:56:17.249,1.04392,1.04415,2.85,3.98
2013.01.31 13:56:17.309,1.04392,1.04414,2.10,2.10
2013.01.31 13:56:17.431,1.04392,1.04414,2.10,2.10
2013.01.31 13:56:20.590,1.04388,1.04411,2.48,2.48
2013.01.31 13:56:21.801,1.04391,1.04411,1.35,1.73
2013.01.31 13:56:31.078,1.04388,1.04412,2.85,1.73
2013.01.31 13:56:32.309,1.04391,1.04411,1.58,1.73
2013.01.31 13:56:32.548,1.044,1.04422,1.50,1.73
2013.01.31 13:56:32.789,1.04401,1.04422,2.48,1.73
2013.01.31 13:56:32.909,1.04401,1.04424,3.60,1.73
2013.01.31 13:56:33.031,1.04406,1.04426,1.73,2.40
2013.01.31 13:56:33.091,1.04403,1.04424,2.10,1.73
2013.01.31 13:56:33.391,1.04401,1.04419,1.73,1.73
2013.01.31 13:56:33.450,1.04401,1.04424,2.48,2.85
2013.01.31 13:56:34.181,1.04398,1.04419,1.73,1.50
2013.01.31 13:56:35.839,1.04393,1.04414,2.48,1.50
2013.01.31 13:56:35.959,1.04393,1.04413,1.73,3.00
2013.01.31 13:56:36.762,1.04391,1.0441,1.35,2.25
2013.01.31 13:56:37.023,1.04388,1.04409,2.85,1.73
2013.01.31 13:56:37.152,1.04388,1.04409,1.35,2.48
2013.01.31 13:56:37.610,1.04388,1.04409,2.48,1.73
2013.01.31 13:56:37.790,1.04388,1.04409,2.48,1.73
2013.01.31 13:56:38.629,1.04389,1.04409,2.25,1.35
2013.01.31 13:56:38.690,1.04389,1.04409,2.48,1.13
2013.01.31 13:56:38.808,1.04389,1.0441,2.48,1.73
2013.01.31 13:56:39.311,1.0439,1.04409,2.48,1.50
2013.01.31 13:56:40.730,1.04386,1.04409,3.23,3.00
2013.01.31 13:56:40.969,1.04386,1.04405,1.73,1.50
2013.01.31 13:56:41.330,1.0439,1.04412,1.73,2.25
2013.01.31 13:56:41.448,1.0439,1.04412,1.73,1.73
2013.01.31 13:56:41.569,1.04389,1.04412,2.48,2.48
2013.01.31 13:56:41.928,1.04391,1.04412,1.73,1.50
2013.01.31 13:56:45.998,1.04391,1.04412,1.73,2.25
2013.01.31 13:56:46.598,1.04389,1.04412,3.04,2.25
2013.01.31 13:56:46.718,1.04389,1.04406,1.73,1.50
2013.01.31 13:56:46.901,1.04387,1.04406,2.48,1.13
2013.01.31 13:56:47.810,1.04388,1.04405,1.50,1.35
2013.01.31 13:56:47.891,1.04388,1.04406,2.25,1.35
2013.01.31 13:56:49.642,1.04386,1.04405,2.85,1.35
2013.01.31 13:56:50.079,1.04387,1.04408,1.73,1.13
2013.01.31 13:56:52.169,1.04388,1.04411,2.48,1.73
2013.01.31 13:56:52.818,1.04389,1.04412,1.35,3.23
2013.01.31 13:56:52.998,1.04392,1.04414,3.23,1.73
2013.01.31 13:56:54.419,1.04396,1.0442,1.73,3.23
2013.01.31 13:56:54.719,1.04402,1.04421,2.48,1.73
2013.01.31 13:56:59.308,1.04402,1.04421,2.48,1.73
2013.01.31 13:56:59.699,1.044,1.04424,1.73,3.00
2013.01.31 13:56:59.759,1.044,1.04424,1.73,3.75
2013.01.31 13:57:00.312,1.04399,1.04424,3.23,4.50
2013.01.31 13:57:00.468,1.04399,1.04423,2.48,2.48
2013.01.31 13:57:03.158,1.04403,1.04424,2.25,2.48
2013.01.31 13:57:03.339,1.04408,1.04423,1.73,1.50
2013.01.31 13:57:03.518,1.04404,1.04423,2.25,1.73
2013.01.31 13:57:03.580,1.04404,1.04423,1.50,2.48
2013.01.31 13:57:05.260,1.04402,1.04423,2.48,3.23
2013.01.31 13:57:05.911,1.04402,1.04424,2.48,2.48
2013.01.31 13:57:06.030,1.04405,1.04427,2.48,2.03
2013.01.31 13:57:06.149,1.04405,1.04426,2.48,1.58
2013.01.31 13:57:06.551,1.04405,1.04423,1.50,1.73
2013.01.31 13:57:06.789,1.04404,1.04425,1.73,1.73
2013.01.31 13:57:07.239,1.04404,1.04426,1.73,1.05
2013.01.31 13:57:07.419,1.04403,1.04426,2.48,1.28
2013.01.31 13:57:11.209,1.04405,1.04427,2.48,2.55
2013.01.31 13:57:11.768,1.04404,1.04425,1.73,1.50
2013.01.31 13:57:19.650,1.0441,1.04427,1.73,1.80
2013.01.31 13:57:20.009,1.0441,1.04428,1.73,2.55
2013.01.31 13:57:22.499,1.04406,1.04428,2.10,2.55
2013.01.31 13:57:26.509,1.04411,1.04426,1.73,1.50
2013.01.31 13:57:27.122,1.04411,1.04428,1.73,1.05
2013.01.31 13:57:30.261,1.04405,1.04426,2.48,1.05
2013.01.31 13:57:30.648,1.04405,1.04426,2.48,1.80
2013.01.31 13:57:30.833,1.04405,1.04426,2.48,2.03
2013.01.31 13:57:34.079,1.04407,1.04426,1.73,1.28
2013.01.31 13:57:34.399,1.0441,1.04427,2.48,1.80
2013.01.31 13:57:34.704,1.0441,1.04427,2.25,1.28
2013.01.31 13:57:34.959,1.04404,1.04426,3.23,1.73
2013.01.31 13:57:36.133,1.04404,1.04423,1.73,1.50
2013.01.31 13:57:36.498,1.04397,1.04418,2.10,1.50
2013.01.31 13:57:36.618,1.04397,1.0442,2.10,1.73
2013.01.31 13:57:38.688,1.04404,1.0442,1.50,1.73
2013.01.31 13:57:39.019,1.04404,1.0442,1.73,1.50
2013.01.31 13:57:44.199,1.04401,1.0442,1.73,2.25
2013.01.31 13:57:51.909,1.04404,1.0442,1.73,1.50
2013.01.31 13:57:55.715,1.04402,1.0442,1.73,2.25
2013.01.31 13:57:56.741,1.04404,1.0442,1.73,1.50
2013.01.31 13:57:57.029,1.04404,1.04418,1.73,1.50
2013.01.31 13:58:00.569,1.04404,1.04423,1.73,2.25
2013.01.31 13:58:03.418,1.04404,1.04426,1.73,3.23
2013.01.31 13:58:08.808,1.04404,1.04423,1.73,1.50
2013.01.31 13:58:08.868,1.04404,1.04423,1.73,1.50
2013.01.31 13:58:10.750,1.04404,1.04418,1.73,1.50
2013.01.31 13:58:15.709,1.04401,1.04421,1.73,2.25
2013.01.31 13:58:17.788,1.04399,1.04419,1.58,2.48
2013.01.31 13:58:19.990,1.04401,1.04419,1.73,2.25
2013.01.31 13:58:21.393,1.04398,1.04413,2.10,1.50
2013.01.31 13:58:22.230,1.04398,1.04417,2.10,1.50
2013.01.31 13:58:28.443,1.04399,1.04417,2.33,1.50
2013.01.31 13:58:28.798,1.04399,1.04417,2.04,1.50
2013.01.31 13:58:28.980,1.04395,1.04417,2.85,1.50
2013.01.31 13:58:29.680,1.04394,1.04417,2.48,2.48
2013.01.31 13:58:31.930,1.04394,1.04417,2.48,3.23
2013.01.31 13:58:32.050,1.04397,1.0442,3.23,1.73
2013.01.31 13:58:32.621,1.04397,1.04419,1.73,2.48
2013.01.31 13:58:32.739,1.04397,1.04419,1.73,2.48
2013.01.31 13:58:32.906,1.04397,1.04419,1.73,1.73
2013.01.31 13:58:36.299,1.04397,1.04419,1.73,2.48
2013.01.31 13:58:37.119,1.04394,1.04418,2.48,1.50
2013.01.31 13:58:37.240,1.04392,1.04415,3.23,1.73
2013.01.31 13:58:38.192,1.04397,1.04415,1.73,2.48
2013.01.31 13:58:38.728,1.04397,1.04415,1.73,1.50
2013.01.31 13:58:39.199,1.04397,1.04418,1.73,1.50
2013.01.31 13:58:39.379,1.04398,1.04418,1.58,1.50
2013.01.31 13:58:39.650,1.04401,1.04422,1.73,3.00
2013.01.31 13:58:43.648,1.04403,1.04422,1.58,1.50
2013.01.31 13:58:44.501,1.04401,1.04418,1.73,1.50
2013.01.31 13:58:45.651,1.04398,1.04418,2.23,1.50
2013.01.31 13:58:45.769,1.04397,1.04418,1.73,1.50
2013.01.31 13:58:45.829,1.04401,1.04418,1.73,1.50
2013.01.31 13:58:46.150,1.04401,1.04418,1.73,1.50
2013.01.31 13:58:47.220,1.04398,1.04417,1.45,1.50
2013.01.31 13:58:47.279,1.04396,1.04416,1.73,1.50
2013.01.31 13:58:47.809,1.04396,1.04418,3.23,1.50
2013.01.31 13:58:48.346,1.044,1.04421,2.48,1.73
2013.01.31 13:58:49.619,1.044,1.0442,1.73,1.73
2013.01.31 13:58:50.094,1.04397,1.04416,1.73,1.50
2013.01.31 13:58:52.029,1.04396,1.04418,3.23,1.50
2013.01.31 13:58:52.540,1.04396,1.04417,2.85,1.73
2013.01.31 13:58:52.599,1.04396,1.04417,2.48,1.73
2013.01.31 13:58:58.830,1.04397,1.04419,2.48,1.50
2013.01.31 13:58:58.952,1.04397,1.0442,2.48,6.60
2013.01.31 13:59:00.138,1.04397,1.04419,1.73,1.50
2013.01.31 13:59:00.379,1.04395,1.04418,1.35,2.48
2013.01.31 13:59:02.191,1.04395,1.04417,2.48,1.73
2013.01.31 13:59:02.250,1.04396,1.04421,3.60,3.23
2013.01.31 13:59:07.439,1.04396,1.04418,2.48,1.50
2013.01.31 13:59:08.020,1.04396,1.04418,2.48,1.73
2013.01.31 13:59:08.409,1.04396,1.04418,2.25,2.48
2013.01.31 13:59:08.857,1.04393,1.04414,1.50,1.73
2013.01.31 13:59:10.741,1.04393,1.04414,1.73,1.73
2013.01.31 13:59:11.204,1.04393,1.04416,2.85,1.35
2013.01.31 13:59:11.329,1.04393,1.04415,2.85,1.73
2013.01.31 13:59:12.020,1.04395,1.04417,2.55,1.88
2013.01.31 13:59:12.528,1.04395,1.04417,2.10,1.50
2013.01.31 13:59:13.213,1.04397,1.04418,2.48,1.50
2013.01.31 13:59:15.439,1.04397,1.04418,2.48,1.50
2013.01.31 13:59:16.099,1.04397,1.04414,2.48,1.73
2013.01.31 13:59:20.259,1.04397,1.04419,2.48,3.75
2013.01.31 13:59:24.668,1.04397,1.04419,1.73,3.00
2013.01.31 13:59:24.848,1.04394,1.04417,2.48,2.48
2013.01.31 13:59:25.349,1.04393,1.04415,2.48,1.73
2013.01.31 13:59:25.899,1.04393,1.04416,2.48,2.48
2013.01.31 13:59:26.489,1.04396,1.04417,2.48,1.50
2013.01.31 13:59:26.608,1.04396,1.04419,2.48,3.23
2013.01.31 13:59:29.745,1.04396,1.04419,2.48,3.98
2013.01.31 13:59:30.222,1.04396,1.04419,2.48,3.23
2013.01.31 13:59:30.459,1.04393,1.04413,2.25,1.73
2013.01.31 13:59:30.840,1.04393,1.04413,2.48,1.50
2013.01.31 13:59:31.451,1.04393,1.04413,1.73,1.73
2013.01.31 13:59:31.849,1.04393,1.04413,2.48,1.73
2013.01.31 13:59:32.029,1.04393,1.04414,2.48,1.13
2013.01.31 13:59:32.089,1.04393,1.04414,2.48,1.13
2013.01.31 13:59:32.642,1.04391,1.04409,2.48,1.73
2013.01.31 13:59:33.203,1.04391,1.04409,2.25,2.10
2013.01.31 13:59:33.891,1.04391,1.04411,2.48,2.48
2013.01.31 13:59:35.052,1.04385,1.04405,1.73,1.50
2013.01.31 13:59:36.319,1.04385,1.04408,3.23,1.50
2013.01.31 13:59:36.988,1.04388,1.04411,2.48,1.73
2013.01.31 13:59:37.070,1.04388,1.04411,2.48,1.73
2013.01.31 13:59:38.681,1.04388,1.04413,2.48,3.98
2013.01.31 13:59:38.920,1.04388,1.04408,2.48,1.50
2013.01.31 13:59:39.560,1.04386,1.04408,1.73,1.73
2013.01.31 13:59:39.621,1.04386,1.04408,1.73,1.73
2013.01.31 13:59:40.491,1.04386,1.04408,1.50,1.73
2013.01.31 13:59:41.332,1.04386,1.04408,1.50,1.73
2013.01.31 13:59:44.659,1.04384,1.04404,1.50,1.73
2013.01.31 13:59:45.398,1.04384,1.04406,2.25,1.50
2013.01.31 13:59:45.724,1.04384,1.04406,2.25,1.50
2013.01.31 13:59:46.152,1.04384,1.04407,2.25,1.50
2013.01.31 13:59:46.340,1.04384,1.04408,2.48,2.48
2013.01.31 13:59:46.700,1.04384,1.04404,2.25,1.73
2013.01.31 13:59:46.938,1.04384,1.04405,1.73,1.35
2013.01.31 13:59:47.542,1.04386,1.04407,2.25,2.63
2013.01.31 13:59:49.299,1.04386,1.04408,2.25,1.73
2013.01.31 13:59:49.882,1.04386,1.04404,2.25,1.73
2013.01.31 13:59:50.001,1.04386,1.04404,2.25,1.73
2013.01.31 13:59:50.860,1.04386,1.04405,2.25,2.29
2013.01.31 13:59:53.561,1.04386,1.04404,2.25,1.73
2013.01.31 13:59:54.331,1.04382,1.04402,2.25,1.73
2013.01.31 13:59:55.150,1.04381,1.044,1.50,1.73
2013.01.31 13:59:56.359,1.04379,1.04399,1.58,1.73
2013.01.31 13:59:56.419,1.04378,1.04399,3.75,1.73
2013.01.31 13:59:57.019,1.04379,1.04399,1.50,1.73
2013.01.31 13:59:59.289,1.04376,1.04399,3.00,2.48
2013.01.31 13:59:59.410,1.04379,1.04399,1.50,1.73
