2016.02.16 18:00:00.793,0.98366,0.98402,1.75,1.75
2016.02.16 18:00:01.215,0.98366,0.98401,1.75,3.00
2016.02.16 18:00:01.647,0.98364,0.98401,4.50,1.75
2016.02.16 18:00:01.948,0.98364,0.984,1.75,3.00
2016.02.16 18:00:02.251,0.98364,0.98397,1.75,2.25
2016.02.16 18:00:02.755,0.98364,0.98399,3.00,2.25
2016.02.16 18:00:02.987,0.98372,0.98397,1.00,1.00
2016.02.16 18:00:03.232,0.9837,0.98395,1.00,1.00
2016.02.16 18:00:03.930,0.98372,0.98397,1.00,1.00
2016.02.16 18:00:04.738,0.98369,0.98394,1.00,1.00
2016.02.16 18:00:05.040,0.98362,0.98397,1.75,1.75
2016.02.16 18:00:05.141,0.98364,0.98388,1.00,1.00
2016.02.16 18:00:05.242,0.98365,0.9839,1.00,1.00
2016.02.16 18:00:05.457,0.98367,0.98392,1.00,1.00
2016.02.16 18:00:05.791,0.98365,0.9839,1.00,1.00
2016.02.16 18:00:07.449,0.98364,0.984,1.75,3.00
2016.02.16 18:00:07.953,0.98365,0.98401,2.25,1.75
2016.02.16 18:00:08.956,0.98369,0.98401,1.75,1.75
2016.02.16 18:00:09.682,0.98369,0.98404,1.75,1.75
2016.02.16 18:00:10.266,0.98369,0.98402,1.75,3.00
2016.02.16 18:00:10.616,0.98368,0.98403,2.25,3.00
2016.02.16 18:00:11.473,0.98368,0.98405,3.00,3.75
2016.02.16 18:00:11.821,0.9837,0.98405,1.75,1.75
2016.02.16 18:00:12.174,0.9837,0.98405,1.75,1.75
2016.02.16 18:00:12.367,0.98376,0.98401,1.00,1.00
2016.02.16 18:00:12.468,0.9837,0.98405,1.75,1.75
2016.02.16 18:00:14.282,0.98371,0.98396,1.00,1.00
2016.02.16 18:00:14.383,0.98368,0.984,1.37,3.75
2016.02.16 18:00:14.686,0.98368,0.98401,1.75,1.75
2016.02.16 18:00:14.994,0.98368,0.98401,2.25,1.75
2016.02.16 18:00:15.397,0.98369,0.98397,1.00,2.25
2016.02.16 18:00:15.599,0.98369,0.98394,1.50,1.00
2016.02.16 18:00:15.651,0.98369,0.98401,2.25,2.25
2016.02.16 18:00:15.803,0.98376,0.98401,1.00,1.00
2016.02.16 18:00:15.854,0.98373,0.98404,1.75,1.50
2016.02.16 18:00:15.905,0.98373,0.98406,1.75,1.75
2016.02.16 18:00:16.258,0.98373,0.98408,1.75,3.00
2016.02.16 18:00:16.587,0.98379,0.98404,1.00,1.00
2016.02.16 18:00:19.305,0.98376,0.98401,1.00,1.00
2016.02.16 18:00:19.864,0.98374,0.98409,1.75,3.00
2016.02.16 18:00:19.965,0.98378,0.98403,1.00,1.00
2016.02.16 18:00:21.410,0.98374,0.98409,2.25,1.75
2016.02.16 18:00:21.511,0.9838,0.98405,1.00,1.00
2016.02.16 18:00:21.612,0.98374,0.98407,1.75,1.75
2016.02.16 18:00:21.713,0.98374,0.98407,2.25,1.75
2016.02.16 18:00:22.234,0.98376,0.98401,1.00,1.00
2016.02.16 18:00:22.893,0.98369,0.98404,1.75,2.25
2016.02.16 18:00:23.116,0.98368,0.98401,1.75,1.75
2016.02.16 18:00:23.499,0.98368,0.98402,1.75,1.75
2016.02.16 18:00:23.801,0.98369,0.98402,3.00,1.75
2016.02.16 18:00:24.524,0.98374,0.98405,1.75,1.75
2016.02.16 18:00:24.750,0.98377,0.98403,1.00,1.37
2016.02.16 18:00:24.801,0.98372,0.98397,1.00,1.00
2016.02.16 18:00:25.009,0.98369,0.98404,1.75,2.25
2016.02.16 18:00:26.030,0.98369,0.98405,3.75,1.75
2016.02.16 18:00:28.285,0.98372,0.98407,1.75,1.75
2016.02.16 18:00:28.787,0.98372,0.98407,3.00,1.75
2016.02.16 18:00:30.285,0.98374,0.98407,1.75,1.75
2016.02.16 18:00:30.335,0.98374,0.98407,1.75,1.75
2016.02.16 18:00:33.013,0.98374,0.98409,1.75,1.75
2016.02.16 18:00:38.616,0.98374,0.98409,1.75,3.00
2016.02.16 18:00:42.122,0.98374,0.98407,1.50,3.00
2016.02.16 18:00:42.223,0.98373,0.98398,1.00,1.00
2016.02.16 18:00:42.526,0.9837,0.98404,1.50,3.00
2016.02.16 18:00:43.029,0.98369,0.98405,2.25,2.25
2016.02.16 18:00:43.331,0.98373,0.98407,1.75,2.25
2016.02.16 18:00:46.662,0.98374,0.98408,2.25,1.75
2016.02.16 18:00:51.140,0.98379,0.98415,2.25,1.75
2016.02.16 18:00:51.241,0.98378,0.98414,1.75,1.75
2016.02.16 18:00:51.653,0.98376,0.98412,1.75,2.25
2016.02.16 18:00:53.627,0.98376,0.98411,1.50,2.25
2016.02.16 18:00:53.678,0.98376,0.9841,1.50,2.25
2016.02.16 18:00:54.165,0.98375,0.9841,1.75,1.75
2016.02.16 18:00:54.470,0.98372,0.9841,3.75,2.25
2016.02.16 18:00:55.176,0.98376,0.98411,1.75,2.25
2016.02.16 18:00:56.845,0.98376,0.98411,1.75,3.00
2016.02.16 18:00:58.952,0.98381,0.98406,1.00,1.00
2016.02.16 18:00:59.154,0.98376,0.98412,2.25,1.75
2016.02.16 18:00:59.571,0.98374,0.98412,3.75,1.75
2016.02.16 18:00:59.749,0.98388,0.98413,1.00,1.00
2016.02.16 18:01:00.275,0.98381,0.98416,2.25,1.75
2016.02.16 18:01:01.160,0.98384,0.9842,3.00,1.75
2016.02.16 18:01:01.261,0.98392,0.98417,1.00,1.00
2016.02.16 18:01:02.361,0.98385,0.98421,1.75,3.00
2016.02.16 18:01:04.574,0.98385,0.98421,3.75,2.25
2016.02.16 18:01:05.669,0.98385,0.98421,1.75,1.75
2016.02.16 18:01:08.493,0.98387,0.98422,1.75,1.75
2016.02.16 18:01:15.381,0.98387,0.98423,3.00,1.75
2016.02.16 18:01:16.409,0.98392,0.98417,1.00,1.00
2016.02.16 18:01:16.599,0.98386,0.98421,1.75,1.75
2016.02.16 18:01:17.382,0.98386,0.9842,1.75,2.25
2016.02.16 18:01:17.698,0.98386,0.98421,1.75,3.00
2016.02.16 18:01:18.188,0.98392,0.98417,1.00,1.00
2016.02.16 18:01:19.126,0.98389,0.98426,1.75,3.75
2016.02.16 18:01:19.445,0.98389,0.98424,1.75,2.25
2016.02.16 18:01:19.747,0.98389,0.98425,1.75,2.25
2016.02.16 18:01:22.114,0.98392,0.98417,1.00,1.00
2016.02.16 18:01:23.247,0.98389,0.98423,1.75,1.75
2016.02.16 18:01:27.018,0.9839,0.98425,1.75,3.00
2016.02.16 18:01:27.428,0.98395,0.9842,1.00,1.00
2016.02.16 18:01:32.906,0.98389,0.98426,2.25,3.00
2016.02.16 18:01:32.956,0.98393,0.98418,1.00,1.00
2016.02.16 18:01:33.792,0.98389,0.98426,3.75,3.00
2016.02.16 18:01:33.843,0.98389,0.98426,3.75,1.75
2016.02.16 18:01:35.920,0.98398,0.98423,1.00,1.00
2016.02.16 18:01:37.248,0.98399,0.98425,1.00,1.00
2016.02.16 18:01:37.349,0.98398,0.98429,2.25,1.37
2016.02.16 18:01:37.450,0.98407,0.98432,1.00,1.00
2016.02.16 18:01:39.822,0.984,0.98435,1.75,1.75
2016.02.16 18:01:39.873,0.984,0.98435,1.75,1.75
2016.02.16 18:01:40.625,0.984,0.98435,1.75,1.75
2016.02.16 18:01:40.676,0.984,0.98435,3.00,1.75
2016.02.16 18:01:43.152,0.98403,0.98436,2.25,1.75
2016.02.16 18:01:47.563,0.98407,0.98432,1.00,1.00
2016.02.16 18:01:47.766,0.98398,0.9843,1.50,1.75
2016.02.16 18:01:50.052,0.98399,0.98427,1.75,1.75
2016.02.16 18:01:50.102,0.98399,0.98427,1.75,1.75
2016.02.16 18:01:50.153,0.98399,0.98429,1.75,1.50
2016.02.16 18:01:50.204,0.98399,0.98429,1.75,1.50
2016.02.16 18:01:50.406,0.98401,0.98435,2.25,1.75
2016.02.16 18:01:50.456,0.98401,0.98436,2.25,1.75
2016.02.16 18:01:50.608,0.98399,0.98436,2.25,1.75
2016.02.16 18:01:50.739,0.98405,0.9843,1.00,1.00
2016.02.16 18:01:55.610,0.98398,0.98434,3.00,1.75
2016.02.16 18:01:55.760,0.98397,0.98432,2.25,2.25
2016.02.16 18:01:55.811,0.98404,0.98432,1.00,2.62
2016.02.16 18:01:55.963,0.98398,0.9843,1.37,3.00
2016.02.16 18:01:56.014,0.98398,0.98426,1.00,2.25
2016.02.16 18:01:56.065,0.98394,0.98426,2.25,2.25
2016.02.16 18:01:56.418,0.98394,0.98427,1.50,3.75
2016.02.16 18:01:56.569,0.98394,0.98424,1.12,2.25
2016.02.16 18:01:56.620,0.98394,0.98425,1.37,2.25
2016.02.16 18:01:56.671,0.98394,0.98427,1.75,3.00
2016.02.16 18:01:57.899,0.98393,0.98425,1.75,1.75
2016.02.16 18:01:58.000,0.98393,0.9842,1.50,1.00
2016.02.16 18:02:01.906,0.98393,0.98427,2.25,1.75
2016.02.16 18:02:01.957,0.98393,0.9843,2.25,2.25
2016.02.16 18:02:02.058,0.98395,0.98431,2.25,2.25
2016.02.16 18:02:03.988,0.98399,0.98431,1.75,1.75
2016.02.16 18:02:04.236,0.98407,0.98432,1.00,1.00
2016.02.16 18:02:08.705,0.98402,0.98436,2.25,2.25
2016.02.16 18:02:09.207,0.98403,0.98438,1.75,1.75
2016.02.16 18:02:10.007,0.98401,0.98437,1.75,1.75
2016.02.16 18:02:10.555,0.984,0.98434,2.25,1.75
2016.02.16 18:02:11.708,0.98402,0.98433,2.25,1.00
2016.02.16 18:02:12.646,0.98402,0.98437,1.75,1.75
2016.02.16 18:02:12.696,0.98402,0.98437,1.75,1.75
2016.02.16 18:02:12.747,0.98402,0.98437,3.00,1.75
2016.02.16 18:02:13.300,0.98402,0.98437,3.00,1.75
2016.02.16 18:02:14.447,0.98402,0.98437,1.75,1.75
2016.02.16 18:02:14.950,0.98407,0.98432,1.00,1.00
2016.02.16 18:02:23.366,0.98401,0.98439,3.00,1.75
2016.02.16 18:02:23.528,0.98407,0.98432,1.00,1.00
2016.02.16 18:02:23.630,0.98402,0.98439,2.25,1.75
2016.02.16 18:02:24.135,0.98402,0.98439,3.00,1.75
2016.02.16 18:02:24.438,0.98408,0.98438,1.00,2.25
2016.02.16 18:02:26.655,0.98404,0.98438,1.75,1.75
2016.02.16 18:02:27.164,0.98409,0.98434,1.00,1.00
2016.02.16 18:02:28.461,0.98404,0.98439,1.75,2.25
2016.02.16 18:02:28.764,0.98406,0.98436,1.00,3.00
2016.02.16 18:02:28.937,0.984,0.98433,1.50,2.25
2016.02.16 18:02:28.988,0.98396,0.98433,1.75,2.25
2016.02.16 18:02:29.039,0.98399,0.98434,1.75,2.25
2016.02.16 18:02:30.877,0.98398,0.98435,3.00,2.25
2016.02.16 18:02:30.927,0.98399,0.98436,1.75,1.75
2016.02.16 18:02:31.350,0.98399,0.98436,3.00,1.75
2016.02.16 18:02:31.852,0.98407,0.98432,1.00,1.00
2016.02.16 18:02:33.595,0.98404,0.98439,1.75,2.25
2016.02.16 18:02:33.696,0.98404,0.98441,1.75,1.75
2016.02.16 18:02:34.070,0.98404,0.98441,2.25,3.00
2016.02.16 18:02:34.171,0.98405,0.98441,1.75,1.75
2016.02.16 18:02:34.664,0.98406,0.98441,1.75,3.00
2016.02.16 18:02:34.815,0.98411,0.98436,1.00,1.00
2016.02.16 18:02:37.302,0.98405,0.9844,2.25,1.75
2016.02.16 18:02:37.353,0.98409,0.98434,1.00,1.00
2016.02.16 18:02:40.186,0.98405,0.98439,2.25,1.75
2016.02.16 18:02:40.237,0.98405,0.98439,2.25,1.75
2016.02.16 18:02:40.287,0.98411,0.98439,1.00,1.75
2016.02.16 18:02:44.602,0.98406,0.9844,2.25,1.75
2016.02.16 18:02:45.104,0.98406,0.9844,2.25,1.75
2016.02.16 18:02:46.710,0.98406,0.98441,1.75,2.25
2016.02.16 18:02:47.261,0.9841,0.98435,1.00,1.00
2016.02.16 18:02:50.851,0.98406,0.9844,1.75,2.25
2016.02.16 18:02:53.037,0.98404,0.98434,3.00,1.00
2016.02.16 18:02:53.339,0.98404,0.98437,1.75,1.75
2016.02.16 18:02:57.352,0.98409,0.9844,1.37,1.75
2016.02.16 18:02:57.403,0.98409,0.9844,1.75,1.75
2016.02.16 18:02:59.471,0.98409,0.9844,1.50,1.75
2016.02.16 18:02:59.835,0.98409,0.9844,1.75,1.75
2016.02.16 18:03:00.135,0.98408,0.9844,1.75,1.75
2016.02.16 18:03:00.716,0.98409,0.98434,1.00,1.00
2016.02.16 18:03:07.395,0.98409,0.9844,1.50,1.75
2016.02.16 18:03:07.445,0.98411,0.98436,1.00,1.00
2016.02.16 18:03:08.800,0.98409,0.9844,1.87,1.75
2016.02.16 18:03:08.851,0.98409,0.98439,1.87,1.75
2016.02.16 18:03:14.616,0.98409,0.98439,1.37,1.75
2016.02.16 18:03:14.868,0.98409,0.98439,1.12,1.75
2016.02.16 18:03:14.918,0.98409,0.98439,1.12,1.75
2016.02.16 18:03:15.176,0.98409,0.98439,1.12,1.75
2016.02.16 18:03:15.797,0.98404,0.98438,2.25,1.75
2016.02.16 18:03:15.898,0.98404,0.98438,2.25,1.75
2016.02.16 18:03:16.050,0.98409,0.98438,1.00,1.75
2016.02.16 18:03:16.631,0.98408,0.98439,1.50,1.75
2016.02.16 18:03:17.801,0.98404,0.98437,2.25,1.75
2016.02.16 18:03:17.902,0.98407,0.98432,1.00,1.00
2016.02.16 18:03:18.545,0.98404,0.98437,2.25,1.75
2016.02.16 18:03:18.596,0.98404,0.98437,2.25,1.75
2016.02.16 18:03:41.527,0.98404,0.98438,1.75,1.75
2016.02.16 18:03:42.032,0.98404,0.98437,1.75,1.75
2016.02.16 18:03:42.334,0.98407,0.98432,1.00,1.00
2016.02.16 18:03:42.731,0.98404,0.98439,1.75,3.00
2016.02.16 18:03:43.235,0.98404,0.98437,1.75,1.75
2016.02.16 18:03:43.286,0.98404,0.98437,1.75,1.75
2016.02.16 18:03:45.538,0.98404,0.98439,1.75,1.75
2016.02.16 18:03:46.044,0.98406,0.98439,1.75,1.75
2016.02.16 18:03:49.059,0.98404,0.98439,2.25,3.00
2016.02.16 18:03:56.566,0.98403,0.98438,2.25,3.75
2016.02.16 18:03:56.868,0.98398,0.9843,1.75,1.75
2016.02.16 18:04:00.367,0.98399,0.98432,1.50,3.75
2016.02.16 18:04:00.418,0.98399,0.98431,1.50,2.25
2016.02.16 18:04:12.146,0.98398,0.98428,1.12,2.25
2016.02.16 18:04:12.669,0.98399,0.98428,1.00,2.25
2016.02.16 18:04:13.866,0.98398,0.98428,1.12,2.25
2016.02.16 18:04:15.330,0.98399,0.98428,1.00,2.25
2016.02.16 18:04:19.255,0.98398,0.98428,1.12,2.25
2016.02.16 18:04:19.801,0.98399,0.98428,1.00,2.25
2016.02.16 18:04:19.953,0.98399,0.98431,1.37,3.00
2016.02.16 18:04:30.324,0.98398,0.9843,1.37,2.25
2016.02.16 18:04:30.375,0.98398,0.98422,1.00,1.00
2016.02.16 18:04:30.876,0.98399,0.98422,1.00,1.00
2016.02.16 18:04:32.282,0.98398,0.98422,1.00,1.00
2016.02.16 18:04:32.804,0.98399,0.98422,1.00,1.00
2016.02.16 18:04:36.854,0.98398,0.98422,1.00,1.00
2016.02.16 18:04:38.066,0.98399,0.98422,1.00,1.00
2016.02.16 18:04:38.524,0.98397,0.98422,1.00,1.00
2016.02.16 18:04:38.879,0.98399,0.98422,1.00,1.00
2016.02.16 18:04:39.653,0.98397,0.98422,1.00,1.00
2016.02.16 18:04:40.705,0.98398,0.98422,1.00,1.00
2016.02.16 18:04:41.207,0.98399,0.98422,1.00,1.00
2016.02.16 18:04:45.376,0.98398,0.98422,1.00,1.00
2016.02.16 18:04:47.217,0.98399,0.98429,1.00,2.25
2016.02.16 18:04:47.361,0.98399,0.98431,1.12,2.25
2016.02.16 18:04:55.567,0.98398,0.98431,1.37,4.50
2016.02.16 18:04:55.618,0.98398,0.98429,1.12,2.25
2016.02.16 18:05:03.802,0.98399,0.98429,1.00,2.25
2016.02.16 18:05:06.422,0.98398,0.98429,1.12,2.25
2016.02.16 18:05:07.065,0.98399,0.98429,1.00,2.25
2016.02.16 18:05:07.318,0.98399,0.98434,2.25,1.75
2016.02.16 18:05:07.989,0.98401,0.98435,1.75,2.25
2016.02.16 18:05:08.040,0.98401,0.98436,1.75,1.75
2016.02.16 18:05:08.141,0.98401,0.98436,1.75,1.75
2016.02.16 18:05:08.454,0.98404,0.98436,1.50,1.75
2016.02.16 18:05:08.927,0.98407,0.98432,1.00,1.00
2016.02.16 18:05:10.197,0.98407,0.98431,1.00,1.00
2016.02.16 18:05:10.779,0.98407,0.98432,1.00,1.00
2016.02.16 18:05:13.613,0.98404,0.98436,1.75,1.75
2016.02.16 18:05:13.664,0.98405,0.9843,1.00,1.00
2016.02.16 18:05:13.715,0.98404,0.98436,2.25,1.75
2016.02.16 18:05:14.247,0.98403,0.98437,1.75,2.25
2016.02.16 18:05:18.903,0.98401,0.98434,1.75,2.25
2016.02.16 18:05:18.954,0.98402,0.98427,1.00,1.00
2016.02.16 18:05:19.005,0.98399,0.98432,1.75,1.75
2016.02.16 18:05:19.266,0.98399,0.98425,1.12,1.75
2016.02.16 18:05:20.224,0.98398,0.98425,1.37,2.25
2016.02.16 18:05:20.841,0.98401,0.98429,1.37,1.87
2016.02.16 18:05:20.892,0.98401,0.98436,1.75,1.75
2016.02.16 18:05:26.773,0.984,0.98433,1.75,1.75
2016.02.16 18:05:27.082,0.98397,0.98429,1.50,1.75
2016.02.16 18:05:31.945,0.98393,0.9843,4.50,2.25
2016.02.16 18:05:31.996,0.98394,0.98431,3.00,1.75
2016.02.16 18:05:32.600,0.98395,0.98431,1.75,2.25
2016.02.16 18:05:35.177,0.984,0.98425,1.00,1.00
2016.02.16 18:05:38.616,0.98395,0.98431,2.25,1.75
2016.02.16 18:05:38.818,0.984,0.98436,2.25,1.75
2016.02.16 18:05:39.070,0.98398,0.98436,1.75,3.00
2016.02.16 18:05:39.526,0.98397,0.98432,3.00,1.75
2016.02.16 18:05:39.577,0.98397,0.98432,1.75,3.00
2016.02.16 18:05:41.452,0.98394,0.98429,3.75,1.75
2016.02.16 18:05:41.553,0.98398,0.98423,1.00,1.00
2016.02.16 18:05:43.306,0.98394,0.98428,2.25,2.25
2016.02.16 18:05:43.771,0.98394,0.98429,2.25,3.00
2016.02.16 18:05:47.626,0.98397,0.98428,1.00,2.25
2016.02.16 18:05:48.001,0.98394,0.98429,2.25,4.50
2016.02.16 18:05:48.526,0.98394,0.98429,2.25,3.00
2016.02.16 18:05:51.537,0.98393,0.98427,1.75,3.00
2016.02.16 18:05:51.588,0.98393,0.98427,1.75,2.25
2016.02.16 18:05:52.611,0.98394,0.98425,1.50,2.25
2016.02.16 18:05:58.531,0.98389,0.98427,2.25,4.50
2016.02.16 18:05:59.065,0.98389,0.98425,2.25,2.25
2016.02.16 18:06:00.667,0.9839,0.98427,2.25,1.75
2016.02.16 18:06:01.272,0.98398,0.98423,1.00,1.00
2016.02.16 18:06:01.675,0.98394,0.98419,1.00,1.00
2016.02.16 18:06:16.680,0.98389,0.98423,1.75,1.75
2016.02.16 18:06:17.194,0.98393,0.98418,1.00,1.00
2016.02.16 18:06:24.800,0.98389,0.98422,1.75,3.00
2016.02.16 18:06:24.850,0.98388,0.98422,1.75,3.00
2016.02.16 18:06:27.393,0.98388,0.98422,1.75,1.75
2016.02.16 18:06:28.011,0.98388,0.98422,1.75,1.75
2016.02.16 18:06:35.556,0.98389,0.98423,1.75,1.75
2016.02.16 18:06:35.657,0.98393,0.98418,1.00,1.00
2016.02.16 18:06:36.958,0.98391,0.98416,1.00,1.00
2016.02.16 18:06:40.263,0.98389,0.98423,1.75,1.87
2016.02.16 18:06:50.774,0.98386,0.98418,1.75,1.75
2016.02.16 18:06:51.075,0.98383,0.98414,1.75,1.75
2016.02.16 18:06:51.378,0.98383,0.98413,1.75,1.75
2016.02.16 18:06:52.179,0.98389,0.98414,1.00,1.00
2016.02.16 18:06:52.462,0.98384,0.98418,2.25,1.75
2016.02.16 18:06:52.966,0.98389,0.98417,1.00,1.75
2016.02.16 18:06:53.979,0.98389,0.98418,1.12,2.25
2016.02.16 18:06:55.276,0.98392,0.98417,1.00,1.00
2016.02.16 18:06:55.783,0.98389,0.98423,3.00,1.75
2016.02.16 18:06:57.085,0.98392,0.98417,1.00,1.00
2016.02.16 18:06:57.186,0.98394,0.98417,1.00,1.00
2016.02.16 18:06:57.722,0.98394,0.98424,1.12,2.25
2016.02.16 18:06:59.610,0.98394,0.98423,1.12,1.75
2016.02.16 18:06:59.762,0.98394,0.98423,1.12,1.75
2016.02.16 18:07:00.489,0.9839,0.98423,1.75,1.75
2016.02.16 18:07:01.692,0.98393,0.98419,1.00,1.00
2016.02.16 18:07:02.095,0.98392,0.98417,1.00,1.00
2016.02.16 18:07:03.096,0.98389,0.98422,2.25,2.25
2016.02.16 18:07:04.005,0.98386,0.98418,1.75,3.00
2016.02.16 18:07:04.308,0.98379,0.9841,2.25,1.75
2016.02.16 18:07:04.509,0.98385,0.9841,1.00,1.00
2016.02.16 18:07:04.711,0.98381,0.98414,3.00,1.75
2016.02.16 18:07:05.091,0.98379,0.98414,4.50,1.75
2016.02.16 18:07:08.602,0.9838,0.98413,2.25,1.50
2016.02.16 18:07:09.005,0.98382,0.98415,2.25,1.50
2016.02.16 18:07:09.106,0.9839,0.98415,1.00,1.00
2016.02.16 18:07:10.227,0.98382,0.98415,2.25,2.25
2016.02.16 18:07:10.429,0.98378,0.98411,1.75,2.25
2016.02.16 18:07:10.781,0.98379,0.9841,1.75,1.75
2016.02.16 18:07:11.003,0.98391,0.98416,1.00,1.00
2016.02.16 18:07:11.205,0.98394,0.98424,1.87,2.25
2016.02.16 18:07:11.305,0.98395,0.98429,2.25,2.25
2016.02.16 18:07:11.407,0.98398,0.98433,1.75,3.00
2016.02.16 18:07:11.508,0.98399,0.98434,1.75,1.75
2016.02.16 18:07:12.235,0.98396,0.98431,2.25,1.75
2016.02.16 18:07:12.337,0.984,0.98425,1.00,1.00
2016.02.16 18:07:12.639,0.98394,0.98428,1.75,2.25
2016.02.16 18:07:13.239,0.98393,0.98429,1.75,1.75
2016.02.16 18:07:21.033,0.984,0.98431,3.75,1.87
2016.02.16 18:07:21.084,0.98404,0.98436,1.37,1.75
2016.02.16 18:07:21.135,0.98404,0.9844,2.25,3.00
2016.02.16 18:07:21.236,0.98407,0.98441,1.87,1.75
2016.02.16 18:07:21.437,0.98407,0.98442,1.87,4.50
2016.02.16 18:07:22.276,0.98407,0.9844,1.50,1.50
2016.02.16 18:07:22.327,0.98407,0.98439,1.75,1.12
2016.02.16 18:07:22.843,0.98413,0.98439,1.00,1.12
2016.02.16 18:07:23.332,0.98413,0.98446,1.37,1.75
2016.02.16 18:07:23.433,0.98415,0.98449,1.75,1.37
2016.02.16 18:07:23.639,0.98418,0.98449,1.87,1.50
2016.02.16 18:07:24.254,0.98414,0.98446,2.25,1.00
2016.02.16 18:07:24.355,0.98414,0.98449,1.50,2.25
2016.02.16 18:07:25.126,0.98414,0.98445,1.75,1.00
2016.02.16 18:07:25.643,0.98417,0.98447,1.00,1.75
2016.02.16 18:07:25.744,0.9841,0.98445,1.37,2.25
2016.02.16 18:07:25.845,0.9841,0.98442,1.12,1.75
2016.02.16 18:07:26.111,0.98413,0.9844,1.00,1.50
2016.02.16 18:07:26.462,0.98418,0.98447,1.37,1.87
2016.02.16 18:07:26.563,0.98422,0.9845,1.00,1.75
2016.02.16 18:07:26.724,0.98422,0.98453,1.00,1.50
2016.02.16 18:07:26.775,0.98419,0.98453,1.37,1.50
2016.02.16 18:07:26.826,0.98419,0.98453,1.00,1.75
2016.02.16 18:07:26.876,0.98419,0.98453,1.37,1.75
2016.02.16 18:07:26.927,0.98425,0.9845,1.00,1.00
2016.02.16 18:07:26.978,0.98419,0.98451,1.75,1.75
2016.02.16 18:07:27.280,0.98419,0.98451,1.75,1.75
2016.02.16 18:07:30.948,0.98424,0.98452,1.00,2.25
2016.02.16 18:07:31.150,0.98425,0.98456,1.00,2.25
2016.02.16 18:07:31.201,0.98428,0.98456,1.00,2.25
2016.02.16 18:07:31.251,0.98428,0.98462,1.87,1.75
2016.02.16 18:07:31.352,0.98432,0.98465,1.75,1.75
2016.02.16 18:07:37.384,0.98427,0.9846,2.25,1.50
2016.02.16 18:07:37.485,0.98431,0.98456,1.00,1.00
2016.02.16 18:07:37.754,0.98425,0.98458,1.75,2.25
2016.02.16 18:07:37.856,0.98425,0.98457,1.50,1.75
2016.02.16 18:07:38.159,0.98428,0.98453,1.00,1.00
2016.02.16 18:07:38.488,0.98424,0.98457,3.00,1.50
2016.02.16 18:07:39.162,0.98434,0.98459,1.00,1.00
2016.02.16 18:07:41.350,0.98434,0.98462,1.12,1.75
2016.02.16 18:07:42.152,0.98434,0.98458,1.37,1.00
2016.02.16 18:07:43.627,0.98434,0.98462,1.00,1.75
2016.02.16 18:07:44.883,0.98434,0.98459,1.50,1.00
2016.02.16 18:07:45.294,0.98432,0.98457,1.00,1.00
2016.02.16 18:07:45.598,0.98424,0.98455,1.75,1.75
2016.02.16 18:07:45.923,0.98423,0.98451,1.50,1.75
2016.02.16 18:07:47.297,0.98424,0.98451,1.00,1.75
2016.02.16 18:07:48.793,0.98419,0.98448,1.50,1.75
2016.02.16 18:07:52.481,0.98419,0.98448,1.12,1.75
2016.02.16 18:07:52.805,0.98418,0.98449,1.75,1.75
2016.02.16 18:07:53.859,0.98423,0.98449,1.00,1.75
2016.02.16 18:07:55.820,0.98424,0.98449,1.00,1.75
2016.02.16 18:07:56.369,0.98423,0.98449,1.00,1.75
2016.02.16 18:07:56.788,0.98424,0.98451,1.00,2.25
2016.02.16 18:07:57.323,0.98419,0.98451,1.75,2.25
2016.02.16 18:07:59.384,0.98419,0.98453,2.25,1.75
2016.02.16 18:07:59.900,0.98428,0.98454,1.00,1.75
2016.02.16 18:08:00.203,0.98423,0.98454,1.50,1.75
2016.02.16 18:08:13.590,0.98425,0.98454,1.00,1.75
2016.02.16 18:08:13.640,0.98428,0.98454,1.00,1.75
2016.02.16 18:08:13.943,0.98427,0.98458,1.75,1.75
2016.02.16 18:08:14.253,0.98424,0.98458,3.00,2.25
2016.02.16 18:08:14.556,0.98424,0.98458,1.75,3.75
2016.02.16 18:08:15.334,0.98423,0.98453,1.37,1.75
2016.02.16 18:08:15.649,0.98422,0.98447,1.00,1.00
2016.02.16 18:08:16.913,0.98418,0.9845,1.75,1.75
2016.02.16 18:08:16.963,0.98418,0.9845,1.75,1.75
2016.02.16 18:08:17.115,0.98418,0.9845,1.75,1.75
2016.02.16 18:08:17.629,0.98422,0.98447,1.00,1.00
2016.02.16 18:08:17.960,0.98418,0.9845,1.75,1.75
2016.02.16 18:08:18.264,0.98418,0.98443,1.00,1.00
2016.02.16 18:08:20.109,0.98419,0.98443,1.00,1.00
2016.02.16 18:08:20.425,0.98419,0.98449,1.37,2.25
2016.02.16 18:08:21.032,0.98415,0.98449,1.75,2.25
2016.02.16 18:08:25.845,0.98419,0.98452,2.25,1.75
2016.02.16 18:08:26.179,0.98419,0.98451,1.75,2.25
2016.02.16 18:08:27.874,0.9842,0.98451,3.37,1.37
2016.02.16 18:08:28.190,0.98428,0.9846,1.75,1.75
2016.02.16 18:08:30.324,0.98419,0.9845,1.75,1.50
2016.02.16 18:08:30.476,0.98418,0.9845,1.75,1.75
2016.02.16 18:08:30.851,0.98423,0.98448,1.00,1.00
2016.02.16 18:08:32.375,0.9842,0.98454,1.75,1.75
2016.02.16 18:08:32.678,0.98424,0.98459,2.25,1.75
2016.02.16 18:08:32.982,0.98434,0.98459,1.50,1.00
2016.02.16 18:08:33.084,0.98435,0.9847,2.25,2.25
2016.02.16 18:08:33.286,0.98439,0.98464,1.00,1.00
2016.02.16 18:08:33.788,0.98434,0.98469,1.75,3.00
2016.02.16 18:08:34.144,0.98438,0.98469,1.50,1.75
2016.02.16 18:08:39.470,0.98444,0.98473,1.00,2.25
2016.02.16 18:08:39.672,0.98447,0.98481,1.75,3.00
2016.02.16 18:08:40.209,0.98447,0.98481,1.50,2.25
2016.02.16 18:08:53.926,0.98449,0.98474,1.00,1.00
2016.02.16 18:08:56.736,0.98449,0.98483,1.75,2.25
2016.02.16 18:09:09.569,0.98449,0.98479,1.50,1.75
2016.02.16 18:09:10.079,0.98443,0.98478,1.75,1.75
2016.02.16 18:09:10.810,0.9844,0.9847,2.25,1.00
2016.02.16 18:09:10.861,0.98439,0.9847,1.75,1.75
2016.02.16 18:09:11.030,0.98439,0.98466,1.75,1.00
2016.02.16 18:09:11.081,0.98433,0.98465,1.75,1.75
2016.02.16 18:09:11.613,0.98439,0.98465,1.00,1.75
2016.02.16 18:09:12.358,0.98434,0.98465,1.75,1.75
2016.02.16 18:09:16.279,0.98434,0.98466,1.50,3.75
2016.02.16 18:09:16.607,0.98434,0.98466,1.75,2.25
2016.02.16 18:09:18.287,0.98433,0.98466,1.50,1.75
2016.02.16 18:09:20.830,0.98439,0.98465,1.00,1.75
2016.02.16 18:09:20.945,0.98434,0.98465,1.12,1.75
2016.02.16 18:09:22.368,0.98439,0.98465,1.00,1.75
2016.02.16 18:09:22.998,0.98438,0.98465,1.00,1.75
2016.02.16 18:09:23.619,0.98434,0.98465,1.12,1.75
2016.02.16 18:09:24.173,0.98439,0.98467,1.00,3.75
2016.02.16 18:09:28.527,0.98439,0.98461,1.00,1.00
2016.02.16 18:09:28.578,0.98436,0.98461,1.00,1.00
2016.02.16 18:09:30.346,0.98439,0.98461,1.00,1.00
2016.02.16 18:09:32.643,0.98436,0.98461,1.00,1.00
2016.02.16 18:09:33.938,0.98438,0.98461,1.00,1.00
2016.02.16 18:09:36.707,0.98436,0.98461,1.00,1.00
2016.02.16 18:09:36.825,0.98438,0.98461,1.00,1.00
2016.02.16 18:09:41.324,0.98436,0.98461,1.00,1.00
2016.02.16 18:09:44.386,0.98434,0.98466,1.75,2.25
2016.02.16 18:09:44.703,0.98438,0.98463,1.00,1.00
2016.02.16 18:09:44.932,0.98433,0.98467,1.75,1.75
2016.02.16 18:09:45.591,0.98429,0.9846,2.25,2.62
2016.02.16 18:09:45.641,0.98427,0.9846,2.25,3.00
2016.02.16 18:09:45.789,0.98426,0.98453,2.25,1.00
2016.02.16 18:09:45.840,0.98424,0.98452,1.12,1.75
2016.02.16 18:09:46.396,0.98419,0.98451,1.75,1.75
2016.02.16 18:09:46.446,0.98419,0.98451,1.75,1.75
2016.02.16 18:09:46.846,0.98418,0.98451,2.25,2.25
2016.02.16 18:09:51.197,0.98424,0.98451,1.00,2.25
2016.02.16 18:09:51.788,0.98423,0.98451,1.12,2.25
2016.02.16 18:09:52.766,0.98424,0.98451,1.00,2.25
2016.02.16 18:09:53.378,0.98423,0.98451,1.12,2.25
2016.02.16 18:09:57.139,0.98424,0.98451,1.00,2.25
2016.02.16 18:10:01.066,0.98423,0.9845,1.12,1.75
2016.02.16 18:10:02.208,0.98424,0.9845,1.00,1.75
2016.02.16 18:10:02.762,0.98424,0.9845,1.00,1.75
2016.02.16 18:10:03.317,0.9842,0.98445,1.00,1.00
2016.02.16 18:10:03.418,0.98418,0.98448,1.50,2.25
2016.02.16 18:10:03.468,0.98418,0.98443,1.50,1.00
2016.02.16 18:10:03.969,0.98419,0.98443,1.00,1.00
2016.02.16 18:10:04.373,0.98418,0.98447,1.00,2.25
2016.02.16 18:10:04.877,0.98414,0.98447,1.75,1.75
2016.02.16 18:10:08.051,0.98414,0.98443,1.37,1.75
2016.02.16 18:10:08.102,0.98414,0.98438,1.00,1.00
2016.02.16 18:10:09.189,0.98413,0.98438,1.50,1.00
2016.02.16 18:10:09.919,0.98414,0.98438,1.00,1.00
2016.02.16 18:10:10.429,0.98413,0.98438,1.50,1.00
2016.02.16 18:10:12.445,0.98414,0.98438,1.00,1.00
2016.02.16 18:10:14.205,0.98413,0.98438,1.50,1.00
2016.02.16 18:10:14.306,0.98413,0.98442,1.50,1.75
2016.02.16 18:10:14.357,0.98413,0.98442,1.75,1.37
2016.02.16 18:10:14.818,0.98418,0.98441,1.00,1.50
2016.02.16 18:10:14.869,0.98414,0.98441,1.00,1.12
2016.02.16 18:10:14.920,0.98414,0.98441,1.00,1.37
2016.02.16 18:10:15.424,0.98414,0.9844,1.00,1.12
2016.02.16 18:10:15.726,0.98419,0.98443,1.00,1.12
2016.02.16 18:10:16.031,0.98414,0.9844,1.00,1.00
2016.02.16 18:10:17.746,0.98414,0.98441,1.00,1.00
2016.02.16 18:10:20.622,0.98414,0.98442,1.00,2.25
2016.02.16 18:10:21.058,0.98409,0.98441,1.37,2.25
2016.02.16 18:10:21.108,0.98409,0.98441,1.00,2.25
2016.02.16 18:10:21.159,0.98407,0.98437,1.00,1.00
2016.02.16 18:10:21.260,0.98405,0.98435,1.00,1.00
2016.02.16 18:10:21.623,0.98403,0.98433,1.75,1.75
2016.02.16 18:10:22.127,0.98403,0.98436,1.50,2.25
2016.02.16 18:10:22.379,0.98408,0.98431,1.00,1.00
2016.02.16 18:10:22.880,0.98409,0.98431,1.00,1.00
2016.02.16 18:10:23.412,0.98409,0.98439,1.12,1.75
2016.02.16 18:10:23.934,0.98408,0.98441,1.50,2.25
2016.02.16 18:10:23.985,0.98408,0.98441,1.75,1.75
2016.02.16 18:10:24.035,0.98409,0.98441,1.75,1.75
2016.02.16 18:10:24.362,0.98414,0.98448,1.75,3.00
2016.02.16 18:10:24.664,0.98413,0.9845,2.25,1.75
2016.02.16 18:10:25.307,0.98414,0.98451,4.50,2.25
2016.02.16 18:10:25.866,0.98413,0.98447,4.50,1.75
2016.02.16 18:10:30.458,0.98418,0.98447,1.50,1.75
2016.02.16 18:10:30.509,0.98418,0.98447,1.12,1.75
2016.02.16 18:10:30.560,0.98418,0.98444,1.37,1.00
2016.02.16 18:10:36.241,0.98424,0.9845,1.00,1.75
2016.02.16 18:10:36.796,0.98422,0.98447,1.00,1.00
2016.02.16 18:10:36.897,0.98424,0.98447,1.00,1.00
2016.02.16 18:10:37.239,0.98419,0.98442,1.00,2.25
2016.02.16 18:10:37.416,0.98409,0.98439,1.37,1.75
2016.02.16 18:10:46.807,0.98409,0.98439,1.37,1.75
2016.02.16 18:10:47.378,0.98409,0.98432,1.00,1.00
2016.02.16 18:10:50.844,0.98408,0.98432,1.00,1.00
2016.02.16 18:10:52.597,0.98409,0.98432,1.00,1.00
2016.02.16 18:10:53.399,0.98408,0.98432,1.00,1.00
2016.02.16 18:10:54.369,0.98409,0.98432,1.00,1.00
2016.02.16 18:10:59.667,0.98408,0.98432,1.00,1.00
2016.02.16 18:11:00.530,0.98408,0.98436,1.37,1.75
2016.02.16 18:11:00.631,0.98409,0.98434,1.00,1.00
2016.02.16 18:11:02.442,0.98409,0.9844,1.50,1.75
2016.02.16 18:11:02.644,0.9841,0.98446,1.75,2.25
2016.02.16 18:11:03.072,0.9841,0.98446,1.75,2.25
2016.02.16 18:11:03.224,0.98409,0.98446,1.75,1.75
2016.02.16 18:11:03.362,0.98412,0.98444,1.75,2.25
2016.02.16 18:11:03.414,0.98413,0.98448,1.75,1.75
2016.02.16 18:11:03.468,0.98413,0.98448,1.50,3.00
2016.02.16 18:11:03.721,0.9842,0.98455,1.75,3.00
2016.02.16 18:11:03.822,0.9842,0.98456,1.75,3.00
2016.02.16 18:11:04.344,0.98419,0.98453,1.75,1.75
2016.02.16 18:11:04.647,0.98422,0.98452,1.00,2.25
2016.02.16 18:11:04.748,0.98419,0.98455,1.75,5.25
2016.02.16 18:11:04.849,0.98419,0.98454,1.75,3.00
2016.02.16 18:11:07.574,0.98419,0.98453,1.75,1.75
2016.02.16 18:11:07.625,0.98419,0.98454,2.25,3.00
2016.02.16 18:11:08.381,0.98419,0.98454,1.75,4.50
2016.02.16 18:11:08.928,0.98421,0.98446,1.00,1.00
2016.02.16 18:11:08.978,0.98424,0.98454,1.00,3.00
2016.02.16 18:11:09.130,0.98419,0.98452,1.75,1.75
2016.02.16 18:11:09.231,0.98418,0.98452,2.25,1.75
2016.02.16 18:11:09.546,0.98419,0.98452,1.75,1.75
2016.02.16 18:11:16.479,0.98419,0.9845,1.75,1.75
2016.02.16 18:11:16.680,0.9842,0.98445,1.00,1.00
2016.02.16 18:11:20.361,0.98419,0.98451,1.75,1.75
2016.02.16 18:11:20.894,0.98419,0.98452,1.75,1.75
2016.02.16 18:11:21.396,0.98424,0.98452,1.00,1.75
2016.02.16 18:11:21.497,0.98426,0.98451,1.00,1.00
2016.02.16 18:11:22.350,0.98423,0.98458,2.25,1.75
2016.02.16 18:11:22.857,0.98428,0.98459,1.50,2.25
2016.02.16 18:11:23.170,0.98429,0.9846,1.37,3.00
2016.02.16 18:11:23.220,0.98429,0.9846,1.75,1.75
2016.02.16 18:11:23.271,0.98429,0.98458,1.50,1.50
2016.02.16 18:11:23.322,0.98429,0.98458,1.12,1.75
2016.02.16 18:11:23.473,0.98429,0.98458,1.00,2.25
2016.02.16 18:11:23.897,0.98426,0.98457,1.00,2.25
2016.02.16 18:11:24.553,0.98425,0.98457,1.50,1.75
2016.02.16 18:11:25.060,0.98428,0.98458,1.12,2.25
2016.02.16 18:11:27.580,0.98425,0.98457,1.50,2.25
2016.02.16 18:11:27.681,0.98424,0.98457,1.75,2.25
2016.02.16 18:11:27.731,0.98428,0.98453,1.00,1.00
2016.02.16 18:11:27.883,0.98426,0.98458,1.75,1.75
2016.02.16 18:11:28.386,0.98429,0.98461,1.75,3.00
2016.02.16 18:11:31.796,0.98429,0.98461,1.75,1.75
2016.02.16 18:11:31.847,0.98429,0.98461,1.75,1.75
2016.02.16 18:11:31.898,0.98431,0.98461,1.00,1.75
2016.02.16 18:11:32.201,0.98426,0.98458,1.75,1.75
2016.02.16 18:11:32.252,0.98426,0.98458,1.75,1.75
2016.02.16 18:11:34.325,0.98429,0.98459,1.00,3.75
2016.02.16 18:11:36.168,0.98424,0.98459,3.00,3.00
2016.02.16 18:11:38.042,0.98429,0.98459,1.00,3.75
2016.02.16 18:11:38.545,0.98428,0.98459,1.12,3.00
2016.02.16 18:11:39.150,0.98429,0.98459,1.00,3.75
2016.02.16 18:11:40.353,0.98424,0.98458,1.75,1.75
2016.02.16 18:11:40.877,0.98429,0.98457,1.00,1.75
2016.02.16 18:11:41.435,0.98424,0.98457,2.25,1.75
2016.02.16 18:11:43.111,0.98424,0.98455,1.75,1.75
2016.02.16 18:11:43.637,0.98424,0.98456,1.50,3.00
2016.02.16 18:11:43.939,0.98421,0.98453,1.50,2.25
2016.02.16 18:11:43.990,0.98421,0.98446,1.00,1.00
2016.02.16 18:11:45.127,0.98421,0.98453,1.50,2.25
2016.02.16 18:11:45.178,0.98418,0.98452,1.75,1.75
2016.02.16 18:11:45.229,0.98422,0.98452,1.00,1.75
2016.02.16 18:11:46.299,0.98417,0.98452,2.25,1.75
2016.02.16 18:11:47.004,0.98418,0.98452,1.75,3.00
2016.02.16 18:11:47.306,0.98419,0.98444,1.37,2.25
2016.02.16 18:11:47.546,0.98422,0.98451,1.12,2.25
2016.02.16 18:11:47.899,0.9842,0.98452,1.50,2.25
2016.02.16 18:11:51.436,0.98423,0.98448,1.00,1.00
2016.02.16 18:11:51.537,0.98421,0.98447,1.00,1.00
2016.02.16 18:11:51.696,0.98419,0.98453,2.25,3.00
2016.02.16 18:11:52.224,0.98419,0.98453,1.75,2.25
2016.02.16 18:11:52.628,0.98419,0.98454,2.25,2.25
2016.02.16 18:11:52.931,0.98431,0.98456,1.00,1.00
2016.02.16 18:11:55.441,0.98433,0.98458,1.00,1.00
2016.02.16 18:11:55.849,0.98429,0.98463,1.75,2.25
2016.02.16 18:11:56.756,0.98429,0.98463,1.75,1.75
2016.02.16 18:11:58.680,0.98426,0.98456,1.87,1.87
2016.02.16 18:11:58.731,0.98421,0.98455,1.50,2.25
2016.02.16 18:11:58.781,0.98424,0.98455,1.00,2.25
2016.02.16 18:12:00.777,0.98423,0.98454,1.00,1.75
2016.02.16 18:12:01.323,0.98424,0.98454,1.00,1.75
2016.02.16 18:12:03.426,0.98423,0.98454,1.00,1.75
2016.02.16 18:12:03.934,0.98424,0.98454,1.00,1.75
2016.02.16 18:12:04.186,0.98419,0.98444,1.50,1.00
2016.02.16 18:12:04.287,0.98423,0.98444,1.00,1.00
2016.02.16 18:12:04.388,0.98419,0.98444,1.50,1.00
2016.02.16 18:12:04.632,0.98424,0.98444,1.00,1.00
2016.02.16 18:12:05.838,0.98424,0.98451,1.00,1.75
2016.02.16 18:12:06.249,0.98419,0.98451,1.75,1.75
2016.02.16 18:12:06.703,0.98424,0.98451,1.00,2.25
2016.02.16 18:12:07.459,0.98419,0.98452,1.75,1.75
2016.02.16 18:12:07.560,0.98423,0.98456,1.50,3.75
2016.02.16 18:12:07.676,0.98424,0.98456,1.75,1.50
2016.02.16 18:12:07.777,0.98429,0.98461,1.50,2.25
2016.02.16 18:12:07.928,0.98433,0.98461,1.00,2.25
2016.02.16 18:12:07.979,0.98433,0.98462,1.50,1.75
2016.02.16 18:12:08.080,0.98433,0.98462,1.75,2.25
2016.02.16 18:12:08.282,0.98433,0.98463,1.12,2.25
2016.02.16 18:12:08.786,0.98434,0.98461,1.00,1.75
2016.02.16 18:12:09.784,0.98433,0.98461,1.12,1.75
2016.02.16 18:12:11.998,0.98434,0.98461,1.00,1.75
2016.02.16 18:12:12.855,0.98429,0.98461,1.75,1.75
2016.02.16 18:12:13.409,0.98428,0.98462,1.75,2.25
2016.02.16 18:12:13.853,0.98434,0.98459,1.00,1.00
2016.02.16 18:12:14.005,0.98428,0.98462,1.75,2.25
2016.02.16 18:12:14.056,0.98432,0.98457,1.00,1.00
2016.02.16 18:12:16.186,0.98428,0.98462,1.75,3.00
2016.02.16 18:12:16.729,0.98428,0.98461,1.75,3.00
2016.02.16 18:12:17.300,0.98428,0.98461,1.75,1.75
2016.02.16 18:12:17.830,0.98428,0.98461,1.75,1.75
2016.02.16 18:12:18.186,0.98424,0.98459,2.25,1.75
2016.02.16 18:12:18.287,0.98423,0.98459,1.75,1.75
2016.02.16 18:12:18.388,0.98424,0.98459,3.00,1.75
2016.02.16 18:12:18.489,0.98425,0.98459,2.25,1.75
2016.02.16 18:12:21.182,0.98429,0.9846,1.50,1.75
2016.02.16 18:12:21.803,0.98429,0.9846,1.37,2.25
2016.02.16 18:12:21.904,0.98429,0.98459,1.50,2.25
2016.02.16 18:12:22.005,0.98429,0.98459,1.37,1.75
2016.02.16 18:12:22.106,0.98429,0.98459,1.12,1.75
2016.02.16 18:12:23.017,0.98423,0.98456,1.50,2.25
2016.02.16 18:12:23.119,0.98423,0.98448,1.50,1.00
2016.02.16 18:12:23.220,0.98423,0.98453,1.12,2.25
2016.02.16 18:12:23.725,0.98424,0.98451,1.00,1.75
2016.02.16 18:12:24.308,0.98419,0.98451,1.75,1.75
2016.02.16 18:12:24.815,0.98419,0.9845,1.50,1.75
2016.02.16 18:12:25.705,0.98419,0.98452,1.75,3.00
2016.02.16 18:12:26.021,0.98419,0.98444,1.50,1.00
2016.02.16 18:12:26.222,0.98421,0.98446,1.00,1.00
2016.02.16 18:12:26.523,0.98419,0.98451,1.50,2.25
2016.02.16 18:12:26.940,0.98419,0.98452,1.75,3.00
2016.02.16 18:12:27.394,0.98418,0.98452,1.75,3.00
2016.02.16 18:12:27.646,0.98418,0.98452,1.75,1.75
2016.02.16 18:12:27.898,0.9842,0.9845,1.00,2.25
2016.02.16 18:12:28.285,0.98423,0.9845,1.00,3.00
2016.02.16 18:12:28.386,0.98419,0.9845,1.50,2.25
2016.02.16 18:12:31.556,0.98423,0.9845,1.00,2.25
2016.02.16 18:12:31.859,0.98423,0.98452,1.00,3.00
2016.02.16 18:12:32.010,0.98418,0.98451,1.50,2.25
2016.02.16 18:12:32.325,0.98423,0.98452,1.00,3.75
2016.02.16 18:12:32.426,0.98419,0.98451,1.37,2.25
2016.02.16 18:12:32.577,0.98424,0.98451,1.00,3.00
2016.02.16 18:12:32.628,0.98424,0.98453,1.00,1.75
2016.02.16 18:12:32.729,0.98424,0.98456,1.75,2.25
2016.02.16 18:12:32.931,0.98423,0.98458,1.75,1.75
2016.02.16 18:12:33.032,0.98424,0.98459,1.75,1.75
2016.02.16 18:12:33.355,0.98428,0.98462,1.75,2.25
2016.02.16 18:12:34.611,0.98428,0.9846,1.75,2.25
2016.02.16 18:12:34.662,0.98429,0.9846,1.12,2.25
2016.02.16 18:12:35.008,0.98429,0.98461,1.37,3.75
2016.02.16 18:12:35.210,0.98429,0.98459,1.00,2.25
2016.02.16 18:12:35.815,0.98429,0.98459,1.37,1.75
2016.02.16 18:12:36.145,0.98429,0.9846,1.00,2.25
2016.02.16 18:12:37.163,0.98428,0.98459,1.12,1.75
2016.02.16 18:12:37.930,0.98428,0.98458,1.00,2.25
2016.02.16 18:12:38.031,0.98428,0.98459,1.50,1.75
2016.02.16 18:12:38.534,0.98428,0.98453,1.50,1.00
2016.02.16 18:12:39.039,0.98429,0.98453,1.00,1.00
2016.02.16 18:12:40.589,0.98428,0.98453,1.00,1.00
2016.02.16 18:12:41.100,0.98429,0.98453,1.00,1.00
2016.02.16 18:12:41.615,0.98428,0.98453,1.50,1.00
2016.02.16 18:12:42.355,0.98428,0.98458,1.00,2.25
2016.02.16 18:12:42.456,0.98428,0.98459,1.50,2.25
2016.02.16 18:12:44.975,0.98425,0.98458,1.75,2.25
2016.02.16 18:12:45.278,0.98425,0.9846,1.75,1.75
2016.02.16 18:12:50.593,0.98427,0.98452,1.00,1.00
2016.02.16 18:12:51.493,0.98428,0.98452,1.00,1.00
2016.02.16 18:12:51.995,0.98427,0.98452,1.00,1.00
2016.02.16 18:12:54.705,0.98425,0.98449,1.00,1.00
2016.02.16 18:12:54.958,0.98428,0.98453,1.00,1.00
2016.02.16 18:12:57.566,0.98426,0.98451,1.00,1.00
2016.02.16 18:12:57.869,0.98418,0.98449,1.12,2.25
2016.02.16 18:12:58.385,0.98419,0.98449,1.00,2.25
2016.02.16 18:12:59.332,0.98418,0.98449,1.12,2.25
2016.02.16 18:12:59.877,0.98419,0.98449,1.00,3.00
2016.02.16 18:13:00.734,0.98415,0.98449,1.75,3.00
2016.02.16 18:13:01.296,0.98419,0.98449,1.00,3.00
2016.02.16 18:13:01.955,0.98418,0.98449,1.12,2.25
2016.02.16 18:13:06.817,0.98419,0.98449,1.00,2.25
2016.02.16 18:13:08.401,0.98419,0.98447,1.00,2.25
2016.02.16 18:13:08.552,0.98413,0.98447,2.25,3.00
2016.02.16 18:13:08.864,0.98418,0.98447,1.00,3.00
2016.02.16 18:13:09.066,0.98414,0.98447,1.75,2.25
2016.02.16 18:13:09.167,0.98414,0.98448,1.75,1.75
2016.02.16 18:13:09.518,0.98419,0.98449,1.00,3.75
2016.02.16 18:13:10.175,0.98418,0.98449,1.00,3.00
2016.02.16 18:13:10.686,0.98419,0.98449,1.00,3.00
2016.02.16 18:13:12.923,0.98418,0.98449,1.00,3.00
2016.02.16 18:13:13.785,0.98419,0.98449,1.00,3.00
2016.02.16 18:13:14.325,0.98418,0.98447,1.00,1.75
2016.02.16 18:13:14.627,0.98408,0.9844,1.75,2.25
2016.02.16 18:13:14.929,0.98409,0.98438,1.00,3.00
2016.02.16 18:13:16.701,0.98409,0.98431,1.00,1.00
2016.02.16 18:13:17.327,0.98408,0.98436,1.12,1.75
2016.02.16 18:13:17.851,0.98409,0.98436,1.00,2.25
2016.02.16 18:13:18.979,0.98408,0.98436,1.12,1.75
2016.02.16 18:13:19.281,0.98409,0.98443,1.75,1.75
2016.02.16 18:13:19.583,0.98414,0.98446,1.75,1.75
2016.02.16 18:13:19.634,0.98414,0.98439,1.00,1.00
2016.02.16 18:13:19.836,0.98409,0.98442,1.75,1.75
2016.02.16 18:13:20.186,0.98408,0.98441,1.75,2.25
2016.02.16 18:13:20.690,0.98408,0.98441,2.25,2.25
2016.02.16 18:13:20.740,0.98409,0.98443,1.75,1.75
2016.02.16 18:13:21.042,0.98409,0.98442,1.50,2.25
2016.02.16 18:13:22.576,0.9841,0.98442,1.50,2.25
2016.02.16 18:13:22.626,0.98414,0.98439,1.00,1.00
2016.02.16 18:13:22.929,0.98409,0.98445,2.25,3.00
2016.02.16 18:13:23.232,0.98403,0.98436,1.50,3.00
2016.02.16 18:13:23.805,0.98404,0.98435,2.25,2.25
2016.02.16 18:13:23.856,0.98405,0.9843,1.00,1.00
2016.02.16 18:13:24.159,0.98404,0.98437,2.25,2.62
2016.02.16 18:13:24.662,0.98404,0.98438,1.75,2.25
2016.02.16 18:13:27.425,0.98403,0.98437,2.25,4.12
2016.02.16 18:13:27.476,0.98404,0.98437,1.50,4.12
2016.02.16 18:13:28.738,0.98403,0.98438,2.25,2.25
2016.02.16 18:13:28.789,0.98404,0.9844,1.75,3.00
2016.02.16 18:13:28.840,0.98404,0.98434,2.25,1.00
2016.02.16 18:13:29.156,0.98405,0.9844,1.75,2.25
2016.02.16 18:13:29.661,0.98408,0.98439,1.00,1.75
2016.02.16 18:13:29.995,0.98408,0.98439,1.75,1.75
2016.02.16 18:13:32.534,0.98405,0.98437,1.75,2.25
2016.02.16 18:13:32.584,0.98404,0.98437,1.75,2.25
2016.02.16 18:13:33.055,0.98409,0.98437,1.00,2.25
2016.02.16 18:13:33.260,0.98404,0.98436,1.50,3.00
2016.02.16 18:13:33.461,0.98404,0.98433,1.00,2.25
2016.02.16 18:13:33.777,0.98404,0.98435,1.37,3.00
2016.02.16 18:13:33.878,0.984,0.98436,2.25,1.75
2016.02.16 18:13:35.709,0.98408,0.98436,1.00,1.75
2016.02.16 18:13:36.268,0.98403,0.98436,2.25,1.75
2016.02.16 18:13:36.840,0.98408,0.98436,1.50,1.75
2016.02.16 18:13:41.559,0.98408,0.98436,1.12,1.75
2016.02.16 18:13:42.072,0.98409,0.98436,1.00,1.75
2016.02.16 18:13:42.775,0.98409,0.98436,1.00,1.75
2016.02.16 18:13:43.035,0.98409,0.98436,1.00,1.75
2016.02.16 18:13:44.131,0.98404,0.98436,2.25,1.75
2016.02.16 18:13:44.982,0.98408,0.98436,1.00,1.75
2016.02.16 18:13:45.083,0.98408,0.98432,1.00,1.00
2016.02.16 18:13:45.888,0.98408,0.98436,1.00,1.75
2016.02.16 18:13:46.090,0.98408,0.98432,1.00,1.00
2016.02.16 18:13:46.789,0.98407,0.98432,1.00,1.00
2016.02.16 18:13:48.997,0.98404,0.98435,1.50,1.75
2016.02.16 18:13:49.985,0.98404,0.98436,1.50,2.25
2016.02.16 18:13:50.035,0.98406,0.98431,1.00,1.00
2016.02.16 18:13:50.190,0.98408,0.98436,1.50,1.75
2016.02.16 18:13:50.493,0.98404,0.98435,1.75,1.75
2016.02.16 18:13:50.808,0.98408,0.98437,1.50,1.75
2016.02.16 18:13:53.383,0.9841,0.98441,1.87,1.37
2016.02.16 18:13:53.434,0.98418,0.98442,1.00,1.00
2016.02.16 18:13:53.787,0.98414,0.98447,1.75,2.25
2016.02.16 18:13:54.199,0.98413,0.98447,2.25,2.25
2016.02.16 18:13:54.580,0.98413,0.98444,3.00,1.00
2016.02.16 18:13:55.574,0.98412,0.98446,2.25,2.25
2016.02.16 18:13:55.624,0.98418,0.98443,1.00,1.00
2016.02.16 18:13:56.780,0.98411,0.98445,3.00,1.75
2016.02.16 18:13:57.183,0.98415,0.98443,1.00,1.75
2016.02.16 18:13:57.896,0.9841,0.9844,2.25,1.00
2016.02.16 18:14:00.090,0.98412,0.98445,2.25,1.75
2016.02.16 18:14:00.598,0.98414,0.98447,1.75,2.25
2016.02.16 18:14:01.103,0.98414,0.98447,1.75,1.75
2016.02.16 18:14:01.505,0.98414,0.98443,1.75,1.00
2016.02.16 18:14:08.605,0.98414,0.98449,1.75,1.75
2016.02.16 18:14:08.706,0.9842,0.98447,1.00,1.50
2016.02.16 18:14:09.009,0.98409,0.9844,1.75,1.50
2016.02.16 18:14:09.059,0.98409,0.9844,1.75,1.75
2016.02.16 18:14:09.757,0.98409,0.98441,1.75,1.75
2016.02.16 18:14:09.808,0.98409,0.98441,1.75,1.75
2016.02.16 18:14:10.342,0.98409,0.98442,1.75,2.25
2016.02.16 18:14:10.443,0.98409,0.98442,1.75,1.75
2016.02.16 18:14:12.449,0.98409,0.98439,1.75,1.75
2016.02.16 18:14:12.550,0.9841,0.98435,1.00,1.00
2016.02.16 18:14:20.390,0.98409,0.98439,1.75,1.75
2016.02.16 18:14:20.440,0.98412,0.98437,1.00,1.00
2016.02.16 18:14:20.988,0.98409,0.98439,1.75,1.75
2016.02.16 18:14:21.628,0.98409,0.98439,1.75,1.75
2016.02.16 18:14:22.310,0.98405,0.9844,3.00,1.75
2016.02.16 18:14:22.361,0.9841,0.98435,1.00,1.00
2016.02.16 18:14:23.715,0.98405,0.9844,1.75,1.75
2016.02.16 18:14:23.768,0.98405,0.9844,1.75,3.00
2016.02.16 18:14:23.970,0.9841,0.98435,1.00,1.00
2016.02.16 18:14:24.273,0.98409,0.9844,1.37,3.00
2016.02.16 18:14:24.726,0.98408,0.98433,1.50,1.00
2016.02.16 18:14:24.856,0.98409,0.9844,1.37,3.00
2016.02.16 18:14:24.909,0.9841,0.98435,1.00,1.00
2016.02.16 18:14:27.221,0.98409,0.9844,1.37,1.75
2016.02.16 18:14:27.816,0.98408,0.98433,1.00,1.00
2016.02.16 18:14:27.917,0.98405,0.9844,1.75,1.75
2016.02.16 18:14:27.968,0.98405,0.9844,3.00,1.75
2016.02.16 18:14:32.609,0.98409,0.98441,2.25,1.37
2016.02.16 18:14:32.660,0.98417,0.98442,1.00,1.00
2016.02.16 18:14:38.548,0.98413,0.98448,1.75,2.25
2016.02.16 18:14:38.800,0.98418,0.98443,1.00,1.00
2016.02.16 18:14:38.992,0.98424,0.98448,1.00,3.00
2016.02.16 18:14:39.296,0.98424,0.98448,1.00,1.75
2016.02.16 18:14:41.390,0.98423,0.98449,1.00,3.00
2016.02.16 18:14:41.893,0.98424,0.98449,1.00,2.25
2016.02.16 18:14:43.251,0.98423,0.98449,1.00,2.25
2016.02.16 18:14:43.453,0.98415,0.98449,2.25,3.75
2016.02.16 18:14:43.504,0.98415,0.98448,2.25,2.25
2016.02.16 18:14:50.332,0.98413,0.98445,1.87,2.25
2016.02.16 18:14:50.775,0.98414,0.98441,1.00,2.25
2016.02.16 18:14:51.357,0.98413,0.98441,1.00,3.00
2016.02.16 18:14:53.270,0.98413,0.9844,1.00,2.25
2016.02.16 18:14:53.472,0.98413,0.98435,1.00,1.00
2016.02.16 18:14:55.985,0.9841,0.98435,1.00,1.00
2016.02.16 18:14:56.086,0.98408,0.98433,1.50,1.00
2016.02.16 18:14:56.398,0.98408,0.98438,1.00,3.00
2016.02.16 18:14:58.859,0.98409,0.98437,1.00,1.75
2016.02.16 18:15:00.166,0.98408,0.98435,1.00,1.75
2016.02.16 18:15:00.671,0.98409,0.98433,1.00,1.75
2016.02.16 18:15:01.074,0.98414,0.98433,1.00,1.75
2016.02.16 18:15:01.832,0.98413,0.98435,1.00,1.75
2016.02.16 18:15:02.254,0.98409,0.98436,1.00,3.75
2016.02.16 18:15:02.406,0.98403,0.98436,2.25,3.00
2016.02.16 18:15:02.457,0.98407,0.98436,1.37,2.25
2016.02.16 18:15:02.598,0.98414,0.98439,1.00,1.00
2016.02.16 18:15:04.279,0.98409,0.98441,1.75,1.75
2016.02.16 18:15:06.407,0.98409,0.98439,1.12,1.75
2016.02.16 18:15:10.717,0.98408,0.98435,1.75,1.12
2016.02.16 18:15:10.818,0.9841,0.98441,1.75,1.75
2016.02.16 18:15:15.389,0.9841,0.98441,1.75,1.75
2016.02.16 18:15:15.440,0.9841,0.98441,1.75,1.75
2016.02.16 18:15:16.837,0.98409,0.98441,2.25,1.75
2016.02.16 18:15:17.601,0.98415,0.9844,1.00,1.00
2016.02.16 18:15:17.702,0.98417,0.98442,1.00,1.00
2016.02.16 18:15:18.005,0.98418,0.98453,1.75,3.00
2016.02.16 18:15:27.200,0.98419,0.98452,1.75,2.25
2016.02.16 18:15:27.251,0.98419,0.98452,1.75,3.75
2016.02.16 18:15:33.437,0.98419,0.98452,1.75,2.25
2016.02.16 18:15:50.479,0.98424,0.98454,1.00,3.00
2016.02.16 18:15:51.226,0.98419,0.98452,2.25,1.75
2016.02.16 18:15:56.306,0.98424,0.98455,1.75,1.75
2016.02.16 18:15:56.407,0.98428,0.98457,1.75,1.75
2016.02.16 18:15:56.710,0.98433,0.98464,1.37,2.25
2016.02.16 18:16:04.709,0.98431,0.98464,2.25,2.25
2016.02.16 18:16:04.760,0.98435,0.9846,1.00,1.00
2016.02.16 18:16:10.939,0.98431,0.98463,1.75,1.75
2016.02.16 18:16:11.242,0.98428,0.98461,1.75,2.25
2016.02.16 18:16:11.343,0.98432,0.98457,1.00,1.00
2016.02.16 18:16:12.112,0.98428,0.98461,1.75,1.75
2016.02.16 18:16:12.639,0.98428,0.9846,1.75,1.75
2016.02.16 18:16:15.083,0.98428,0.98463,1.75,2.25
2016.02.16 18:16:16.709,0.98428,0.98463,2.25,1.75
2016.02.16 18:16:16.759,0.98428,0.98463,2.25,1.75
2016.02.16 18:16:19.332,0.98433,0.98465,1.75,2.25
2016.02.16 18:16:19.383,0.98433,0.98466,2.25,2.25
2016.02.16 18:16:19.434,0.98433,0.98465,4.12,2.25
2016.02.16 18:16:19.484,0.98433,0.98463,3.37,2.25
2016.02.16 18:16:19.535,0.98438,0.98463,1.50,1.87
2016.02.16 18:16:19.590,0.98438,0.98473,1.37,2.25
2016.02.16 18:16:19.747,0.9844,0.98471,1.37,1.00
2016.02.16 18:16:20.050,0.98442,0.98475,1.12,2.25
2016.02.16 18:16:20.151,0.98442,0.98477,1.37,3.00
2016.02.16 18:16:21.795,0.98444,0.98472,1.00,1.75
2016.02.16 18:16:22.085,0.98431,0.98465,1.75,1.75
2016.02.16 18:16:22.598,0.98434,0.98465,1.00,2.25
2016.02.16 18:16:23.806,0.9843,0.98466,1.75,3.75
2016.02.16 18:16:24.309,0.9843,0.98466,1.75,2.25
2016.02.16 18:16:25.012,0.98432,0.98468,1.75,3.00
2016.02.16 18:16:25.214,0.98437,0.9847,1.37,2.25
2016.02.16 18:16:25.265,0.98441,0.98466,1.00,1.00
2016.02.16 18:16:25.316,0.98437,0.98473,3.00,1.75
2016.02.16 18:16:25.828,0.98438,0.98471,1.75,1.75
2016.02.16 18:16:26.601,0.98438,0.98471,1.75,1.75
2016.02.16 18:16:26.868,0.98439,0.98477,2.25,3.75
2016.02.16 18:16:26.969,0.9844,0.98474,1.75,1.37
2016.02.16 18:16:27.020,0.9844,0.9847,1.50,1.87
2016.02.16 18:16:27.070,0.98438,0.9847,1.75,2.25
2016.02.16 18:16:27.121,0.98438,0.98468,1.50,2.25
2016.02.16 18:16:27.222,0.98433,0.98468,1.75,2.25
2016.02.16 18:16:27.508,0.98431,0.98465,1.75,2.25
2016.02.16 18:16:27.847,0.98431,0.98466,1.75,3.75
2016.02.16 18:16:28.150,0.98429,0.98464,1.75,2.25
2016.02.16 18:16:28.453,0.98422,0.98459,2.25,2.25
2016.02.16 18:16:28.804,0.98419,0.98455,1.75,2.25
2016.02.16 18:16:28.855,0.98422,0.98457,2.25,1.75
2016.02.16 18:16:29.411,0.98424,0.98457,1.75,1.75
2016.02.16 18:16:29.909,0.98425,0.98459,2.25,1.75
2016.02.16 18:16:30.569,0.98426,0.98459,2.25,1.75
2016.02.16 18:16:38.683,0.98427,0.98461,1.75,1.75
2016.02.16 18:16:39.371,0.98431,0.98461,1.00,1.50
2016.02.16 18:16:39.592,0.98431,0.98451,1.00,1.00
2016.02.16 18:16:39.744,0.98422,0.98454,3.00,1.00
2016.02.16 18:16:39.795,0.98418,0.98453,1.75,1.75
2016.02.16 18:16:39.978,0.98417,0.98447,1.75,1.00
2016.02.16 18:16:40.079,0.98414,0.98451,1.75,1.75
2016.02.16 18:16:40.382,0.98416,0.98451,1.75,1.50
2016.02.16 18:16:41.787,0.98417,0.98455,2.25,1.75
2016.02.16 18:16:41.889,0.98425,0.98455,1.00,1.00
2016.02.16 18:16:42.405,0.98416,0.98455,2.25,1.50
2016.02.16 18:16:42.808,0.98421,0.98457,1.75,1.50
2016.02.16 18:16:42.909,0.98423,0.98457,1.75,1.00
2016.02.16 18:16:43.506,0.98422,0.98456,1.75,1.00
2016.02.16 18:16:43.912,0.98424,0.98458,1.75,1.12
2016.02.16 18:16:44.462,0.98424,0.98457,2.25,1.00
2016.02.16 18:16:44.874,0.98426,0.98457,1.00,2.25
2016.02.16 18:16:45.177,0.98421,0.98457,1.75,1.50
2016.02.16 18:16:45.278,0.98421,0.98455,1.75,1.50
2016.02.16 18:16:46.721,0.9842,0.98455,1.75,1.00
2016.02.16 18:16:48.493,0.98424,0.98456,1.75,1.00
2016.02.16 18:16:48.644,0.98424,0.9846,2.25,1.75
2016.02.16 18:16:48.695,0.98429,0.9846,1.00,1.50
2016.02.16 18:16:48.997,0.98428,0.98461,1.75,1.12
2016.02.16 18:16:49.916,0.98427,0.98461,1.75,1.00
2016.02.16 18:16:50.599,0.98429,0.98461,1.75,1.50
2016.02.16 18:16:52.748,0.98432,0.98462,1.00,1.50
2016.02.16 18:16:53.269,0.98432,0.98461,1.00,1.00
2016.02.16 18:16:53.799,0.98432,0.98463,1.00,1.00
2016.02.16 18:16:54.462,0.98432,0.98461,1.00,1.00
2016.02.16 18:16:55.017,0.98429,0.98461,1.75,1.50
2016.02.16 18:16:56.518,0.9843,0.98461,1.75,1.00
2016.02.16 18:16:56.820,0.9843,0.98461,1.75,1.00
2016.02.16 18:16:59.325,0.98429,0.98462,1.75,1.00
2016.02.16 18:16:59.545,0.98429,0.98462,1.75,1.12
2016.02.16 18:17:00.052,0.98429,0.98461,1.75,1.00
2016.02.16 18:17:00.575,0.98428,0.98461,1.75,1.00
2016.02.16 18:17:01.096,0.98434,0.98462,1.00,1.00
2016.02.16 18:17:01.600,0.98427,0.98462,1.75,1.12
2016.02.16 18:17:02.153,0.98429,0.98462,1.75,1.00
2016.02.16 18:17:03.937,0.98429,0.98461,1.75,1.00
2016.02.16 18:17:04.441,0.98428,0.98461,1.75,1.00
2016.02.16 18:17:05.228,0.98429,0.98462,1.75,1.12
2016.02.16 18:17:05.279,0.98429,0.98462,1.75,1.00
2016.02.16 18:17:05.380,0.98435,0.98471,1.50,2.25
2016.02.16 18:17:05.430,0.98435,0.98471,1.75,2.25
2016.02.16 18:17:05.481,0.98437,0.98471,1.75,1.50
2016.02.16 18:17:05.532,0.98438,0.98471,1.87,1.37
2016.02.16 18:17:05.582,0.98441,0.98475,1.75,1.12
2016.02.16 18:17:05.683,0.98443,0.98471,1.12,1.00
2016.02.16 18:17:06.138,0.98442,0.98477,1.75,2.25
2016.02.16 18:17:06.485,0.98442,0.98477,1.75,1.12
2016.02.16 18:17:06.586,0.98442,0.98471,1.75,1.00
2016.02.16 18:17:06.788,0.98438,0.98472,1.75,1.00
2016.02.16 18:17:07.357,0.98443,0.98472,1.00,1.00
2016.02.16 18:17:07.558,0.98438,0.98469,1.00,1.00
2016.02.16 18:17:07.760,0.98438,0.98467,1.00,1.00
2016.02.16 18:17:08.084,0.98438,0.98471,1.75,1.00
2016.02.16 18:17:08.286,0.98438,0.98471,1.75,1.12
2016.02.16 18:17:08.790,0.98437,0.98471,1.75,1.00
2016.02.16 18:17:09.307,0.98438,0.98472,1.75,1.00
2016.02.16 18:17:09.961,0.98438,0.98471,1.75,1.00
2016.02.16 18:17:10.493,0.98437,0.98471,1.75,1.12
2016.02.16 18:17:11.273,0.98443,0.98472,1.00,1.00
2016.02.16 18:17:14.498,0.98438,0.98472,1.75,1.37
2016.02.16 18:17:14.851,0.98434,0.98471,3.00,2.25
2016.02.16 18:17:15.003,0.9843,0.98466,2.25,1.75
2016.02.16 18:17:15.053,0.98435,0.98466,2.62,1.37
2016.02.16 18:17:15.205,0.98439,0.98471,2.25,2.25
2016.02.16 18:17:15.407,0.98441,0.98472,2.25,1.87
2016.02.16 18:17:17.197,0.9844,0.98472,2.25,1.75
2016.02.16 18:17:17.500,0.98436,0.98471,3.75,2.25
2016.02.16 18:17:18.004,0.9844,0.98473,2.25,1.50
2016.02.16 18:17:20.002,0.98439,0.98474,1.75,1.75
2016.02.16 18:17:20.103,0.98437,0.98474,1.75,2.25
2016.02.16 18:17:20.205,0.9844,0.98465,1.00,1.00
2016.02.16 18:17:20.306,0.98429,0.98465,2.25,1.75
2016.02.16 18:17:20.709,0.98429,0.98464,1.75,1.75
2016.02.16 18:17:23.497,0.98435,0.98465,3.00,1.87
2016.02.16 18:17:23.548,0.98435,0.9847,3.00,1.37
2016.02.16 18:17:23.784,0.98436,0.98471,1.75,1.37
2016.02.16 18:17:23.986,0.98436,0.98471,1.37,1.75
2016.02.16 18:17:24.087,0.98437,0.98471,2.25,1.37
2016.02.16 18:17:24.389,0.98439,0.98471,3.00,1.00
2016.02.16 18:17:25.054,0.98439,0.98473,3.00,1.37
2016.02.16 18:17:30.366,0.98441,0.98474,1.75,1.75
2016.02.16 18:17:30.859,0.9844,0.98475,3.00,1.75
2016.02.16 18:17:32.283,0.9844,0.98468,2.25,1.00
2016.02.16 18:17:32.334,0.98435,0.98468,2.25,1.50
2016.02.16 18:17:32.636,0.98439,0.98473,1.75,1.75
2016.02.16 18:17:33.140,0.9844,0.98471,1.75,1.00
2016.02.16 18:17:33.671,0.98441,0.98472,1.75,1.12
2016.02.16 18:17:34.125,0.98442,0.98476,3.00,2.25
2016.02.16 18:17:34.175,0.9845,0.98475,1.00,1.00
2016.02.16 18:17:35.248,0.98441,0.9847,2.25,1.00
2016.02.16 18:17:35.450,0.98437,0.98468,2.25,1.37
2016.02.16 18:17:35.552,0.9844,0.98465,1.00,1.00
2016.02.16 18:17:37.021,0.98434,0.98465,2.25,1.12
2016.02.16 18:17:37.356,0.98438,0.98467,2.25,1.00
2016.02.16 18:17:37.458,0.98438,0.98471,2.25,1.75
2016.02.16 18:17:37.560,0.98438,0.98471,1.75,1.75
2016.02.16 18:17:38.059,0.98438,0.98471,3.00,1.75
2016.02.16 18:17:38.362,0.9843,0.98466,3.00,1.75
2016.02.16 18:17:38.566,0.9843,0.98464,1.75,1.75
2016.02.16 18:17:40.664,0.98428,0.98463,1.75,2.25
2016.02.16 18:17:40.765,0.98433,0.98458,1.00,1.00
2016.02.16 18:17:41.751,0.9843,0.98466,1.75,2.25
2016.02.16 18:17:43.354,0.98433,0.98458,1.00,1.00
2016.02.16 18:17:46.140,0.98425,0.98463,3.75,2.25
2016.02.16 18:17:46.313,0.98431,0.98456,1.00,1.00
2016.02.16 18:17:47.553,0.98426,0.98461,2.25,1.75
2016.02.16 18:17:47.604,0.98425,0.98463,3.75,2.25
2016.02.16 18:17:47.655,0.98428,0.98463,2.25,2.25
2016.02.16 18:17:47.706,0.98429,0.98466,2.25,1.75
2016.02.16 18:17:48.012,0.98429,0.98466,1.75,2.25
2016.02.16 18:17:48.315,0.98429,0.98466,2.25,1.75
2016.02.16 18:17:48.617,0.98428,0.98465,1.75,2.25
2016.02.16 18:17:48.952,0.98429,0.98466,2.25,1.75
2016.02.16 18:17:49.002,0.98434,0.98459,1.00,1.00
2016.02.16 18:17:49.053,0.98428,0.98467,3.00,2.25
2016.02.16 18:17:49.104,0.98436,0.98461,1.00,1.00
2016.02.16 18:17:49.255,0.9843,0.98468,3.00,2.25
2016.02.16 18:17:49.568,0.98432,0.9847,2.25,3.00
2016.02.16 18:17:49.872,0.98428,0.98466,2.25,2.25
2016.02.16 18:17:50.774,0.98429,0.98466,3.00,1.75
2016.02.16 18:17:51.077,0.98432,0.9847,2.25,2.25
2016.02.16 18:17:52.288,0.98428,0.98468,2.62,3.00
2016.02.16 18:17:52.976,0.9843,0.98468,2.25,2.25
2016.02.16 18:17:53.279,0.98432,0.9847,2.25,2.25
2016.02.16 18:17:55.390,0.98429,0.98467,2.25,2.25
2016.02.16 18:17:57.430,0.98427,0.98465,2.25,2.25
2016.02.16 18:17:57.938,0.98436,0.98461,1.00,1.00
2016.02.16 18:17:59.976,0.98428,0.98466,3.00,1.75
2016.02.16 18:18:00.578,0.98428,0.98466,3.00,3.00
2016.02.16 18:18:05.307,0.98436,0.98461,1.00,1.00
2016.02.16 18:18:07.441,0.98434,0.98459,1.00,1.00
2016.02.16 18:18:07.997,0.98427,0.98466,4.50,1.75
2016.02.16 18:18:08.047,0.98428,0.98466,2.25,1.75
2016.02.16 18:18:09.931,0.98428,0.98466,3.75,2.25
2016.02.16 18:18:10.456,0.98429,0.98467,2.25,3.00
2016.02.16 18:18:15.520,0.98429,0.98466,3.00,1.75
2016.02.16 18:18:15.570,0.98434,0.98459,1.00,1.00
2016.02.16 18:18:15.621,0.98429,0.98466,1.75,1.75
2016.02.16 18:18:16.138,0.98429,0.98466,2.25,1.75
2016.02.16 18:18:16.239,0.98428,0.98466,1.12,3.00
2016.02.16 18:18:16.741,0.98429,0.98466,2.25,1.75
2016.02.16 18:18:18.451,0.98438,0.98463,1.00,1.00
2016.02.16 18:18:18.653,0.98431,0.98468,1.75,2.25
2016.02.16 18:18:18.966,0.98431,0.98469,2.25,2.25
2016.02.16 18:18:19.771,0.9843,0.98468,2.25,3.00
2016.02.16 18:18:20.074,0.98434,0.98459,1.00,1.00
2016.02.16 18:18:20.584,0.9843,0.98467,3.00,1.75
2016.02.16 18:18:20.841,0.9843,0.98467,2.25,1.75
2016.02.16 18:18:21.761,0.9843,0.98466,3.00,1.75
2016.02.16 18:18:24.261,0.98431,0.98469,2.25,2.25
2016.02.16 18:18:24.669,0.9843,0.98466,2.25,1.75
2016.02.16 18:18:29.170,0.98432,0.98471,2.25,2.25
2016.02.16 18:18:29.271,0.98434,0.98474,2.25,3.00
2016.02.16 18:18:29.574,0.98439,0.98464,1.00,1.00
2016.02.16 18:18:29.876,0.98434,0.98472,2.25,1.87
2016.02.16 18:18:30.643,0.98435,0.98472,2.25,1.75
2016.02.16 18:18:30.946,0.98436,0.98471,3.75,1.75
2016.02.16 18:18:31.461,0.98437,0.98471,2.25,1.75
2016.02.16 18:18:32.679,0.98437,0.98471,2.25,1.75
2016.02.16 18:18:32.729,0.98435,0.98471,2.25,2.25
2016.02.16 18:18:32.780,0.98434,0.98469,1.75,2.25
2016.02.16 18:18:36.385,0.98429,0.98466,1.75,2.25
2016.02.16 18:18:49.816,0.9843,0.98467,3.00,1.75
2016.02.16 18:18:50.155,0.98438,0.98476,3.75,2.25
2016.02.16 18:18:50.509,0.98436,0.98472,1.75,1.75
2016.02.16 18:18:51.147,0.98435,0.98471,1.75,1.75
2016.02.16 18:18:51.651,0.98434,0.98472,2.25,1.75
2016.02.16 18:18:52.693,0.98438,0.98471,2.25,1.75
2016.02.16 18:18:52.744,0.98439,0.98471,2.25,1.75
2016.02.16 18:18:55.294,0.98438,0.98472,2.25,1.75
2016.02.16 18:18:55.829,0.98436,0.98472,3.00,2.25
2016.02.16 18:18:55.930,0.98445,0.9847,1.00,1.00
2016.02.16 18:18:59.735,0.98445,0.98468,1.00,1.00
2016.02.16 18:18:59.837,0.98434,0.98468,2.25,1.75
2016.02.16 18:18:59.888,0.98434,0.98468,3.75,1.75
2016.02.16 18:18:59.939,0.98442,0.98467,1.00,1.00
2016.02.16 18:19:07.421,0.98439,0.98471,1.75,1.75
2016.02.16 18:19:07.471,0.9844,0.98465,1.00,1.00
2016.02.16 18:19:07.973,0.98437,0.98471,1.75,2.25
2016.02.16 18:19:08.034,0.98437,0.98471,1.75,2.25
2016.02.16 18:19:08.805,0.98437,0.98471,1.75,2.25
2016.02.16 18:19:09.313,0.98444,0.98469,1.00,1.00
2016.02.16 18:19:16.519,0.98439,0.98472,3.00,2.25
2016.02.16 18:19:16.620,0.9844,0.98472,2.25,1.50
2016.02.16 18:19:21.133,0.9844,0.98471,2.25,1.50
2016.02.16 18:19:21.235,0.98445,0.9847,1.00,1.00
2016.02.16 18:19:23.649,0.9844,0.98472,1.75,1.50
2016.02.16 18:19:24.175,0.9844,0.98474,3.00,1.75
2016.02.16 18:19:42.543,0.9844,0.98475,1.75,1.75
2016.02.16 18:19:42.845,0.98443,0.98473,2.25,1.00
2016.02.16 18:19:43.006,0.9844,0.98473,2.25,1.75
2016.02.16 18:19:45.756,0.98439,0.98472,2.25,1.50
2016.02.16 18:19:45.857,0.98438,0.98472,2.25,2.25
2016.02.16 18:19:51.749,0.98439,0.98472,2.25,2.25
2016.02.16 18:19:52.280,0.98447,0.98472,1.00,2.25
2016.02.16 18:19:54.198,0.98447,0.98471,1.00,1.00
2016.02.16 18:19:54.542,0.98439,0.98471,3.00,1.75
2016.02.16 18:19:54.861,0.9844,0.98467,1.75,1.00
2016.02.16 18:19:55.428,0.98442,0.98472,1.75,1.75
2016.02.16 18:19:55.781,0.98442,0.98472,1.75,1.75
2016.02.16 18:19:56.398,0.98439,0.98471,2.25,1.75
2016.02.16 18:19:59.499,0.98442,0.98471,1.12,2.25
2016.02.16 18:19:59.600,0.98435,0.98467,1.75,1.75
2016.02.16 18:19:59.701,0.98431,0.98461,3.00,1.37
2016.02.16 18:19:59.752,0.98431,0.98461,1.75,1.75
2016.02.16 18:20:00.904,0.98428,0.98462,2.25,1.75
2016.02.16 18:20:01.337,0.98427,0.98462,3.00,2.25
2016.02.16 18:20:02.976,0.98427,0.98461,2.25,2.25
2016.02.16 18:20:03.077,0.98432,0.98457,1.00,1.00
2016.02.16 18:20:04.302,0.98427,0.98459,3.00,1.75
2016.02.16 18:20:04.803,0.98427,0.9846,1.75,1.75
2016.02.16 18:20:04.854,0.98427,0.9846,1.75,1.75
2016.02.16 18:20:08.419,0.98427,0.98458,2.25,1.00
2016.02.16 18:20:08.640,0.98426,0.98461,1.75,2.25
2016.02.16 18:20:15.672,0.98425,0.9846,3.00,1.75
2016.02.16 18:20:15.978,0.9843,0.98463,1.75,1.75
2016.02.16 18:20:16.322,0.98435,0.9847,1.75,3.00
2016.02.16 18:20:16.624,0.98435,0.98469,1.75,1.75
2016.02.16 18:20:17.139,0.98436,0.9847,2.25,1.75
2016.02.16 18:20:18.764,0.98438,0.98471,3.00,1.50
2016.02.16 18:20:24.060,0.98437,0.9847,1.75,1.37
2016.02.16 18:20:24.111,0.98437,0.9847,1.75,1.75
2016.02.16 18:20:24.363,0.98436,0.98466,1.75,1.00
2016.02.16 18:20:25.148,0.98442,0.98474,1.50,3.00
2016.02.16 18:20:25.250,0.98439,0.98473,2.25,1.75
2016.02.16 18:20:28.559,0.98444,0.98476,1.75,1.75
2016.02.16 18:20:33.614,0.98445,0.98471,1.00,1.87
2016.02.16 18:20:33.917,0.9844,0.98472,3.00,2.25
2016.02.16 18:20:34.701,0.98444,0.98476,1.75,2.25
2016.02.16 18:20:34.751,0.98448,0.98473,1.00,1.00
2016.02.16 18:20:35.310,0.98446,0.9848,1.75,1.75
2016.02.16 18:20:35.411,0.98449,0.98483,1.50,2.25
2016.02.16 18:20:35.462,0.98453,0.98478,1.00,1.00
2016.02.16 18:20:35.513,0.98451,0.98481,3.00,1.37
2016.02.16 18:20:35.563,0.98451,0.98481,3.00,1.00
2016.02.16 18:20:35.835,0.98449,0.98481,3.00,1.37
2016.02.16 18:20:35.886,0.98455,0.9848,1.00,1.00
2016.02.16 18:20:36.189,0.98449,0.98482,1.75,2.25
2016.02.16 18:20:36.239,0.98448,0.98482,1.75,2.25
2016.02.16 18:20:36.694,0.98449,0.98479,1.75,1.00
2016.02.16 18:20:37.623,0.9845,0.98481,3.00,1.37
2016.02.16 18:20:38.139,0.98457,0.98481,1.00,1.00
2016.02.16 18:20:38.790,0.98457,0.98482,1.00,1.50
2016.02.16 18:20:39.293,0.98457,0.98481,1.00,1.00
2016.02.16 18:20:39.813,0.98457,0.98482,1.00,1.00
2016.02.16 18:20:40.802,0.98451,0.98485,1.75,1.75
2016.02.16 18:20:40.853,0.98451,0.98485,1.75,1.75
2016.02.16 18:20:40.903,0.98451,0.9848,1.75,1.00
2016.02.16 18:20:41.389,0.98458,0.98483,1.00,1.00
2016.02.16 18:20:41.692,0.98453,0.98486,1.75,1.75
2016.02.16 18:20:42.239,0.98453,0.98487,1.75,2.25
2016.02.16 18:20:42.493,0.98458,0.98483,1.00,1.00
2016.02.16 18:20:45.617,0.98452,0.98487,1.75,2.25
2016.02.16 18:20:46.122,0.98452,0.98485,1.75,1.75
2016.02.16 18:20:47.321,0.98454,0.98487,1.75,1.75
2016.02.16 18:20:47.653,0.98453,0.98482,1.75,1.37
2016.02.16 18:20:47.704,0.98452,0.98485,1.75,1.75
2016.02.16 18:20:48.121,0.98453,0.98481,1.75,1.00
2016.02.16 18:20:48.432,0.98453,0.98486,3.00,2.25
2016.02.16 18:20:58.021,0.98453,0.98486,3.00,1.75
2016.02.16 18:20:58.072,0.98457,0.98482,1.00,1.00
2016.02.16 18:21:01.043,0.98451,0.98483,1.75,1.75
2016.02.16 18:21:01.366,0.98446,0.98478,1.75,1.75
2016.02.16 18:21:01.669,0.9845,0.98475,1.00,1.00
2016.02.16 18:21:03.223,0.98448,0.98482,1.75,3.75
2016.02.16 18:21:03.772,0.98448,0.98482,1.75,2.25
2016.02.16 18:21:04.791,0.98447,0.9848,1.50,2.25
2016.02.16 18:21:05.369,0.98446,0.98481,1.75,1.75
2016.02.16 18:21:06.540,0.98449,0.98481,1.75,1.75
2016.02.16 18:21:06.993,0.98448,0.98481,1.75,3.00
2016.02.16 18:21:08.646,0.98446,0.98481,1.75,4.50
2016.02.16 18:21:08.697,0.98445,0.9848,1.75,2.25
2016.02.16 18:21:10.299,0.98444,0.98481,1.75,3.00
2016.02.16 18:21:10.400,0.98444,0.98481,1.75,3.00
2016.02.16 18:21:10.818,0.98444,0.98481,1.75,1.75
2016.02.16 18:21:11.120,0.98444,0.98479,1.75,2.25
2016.02.16 18:21:12.183,0.98444,0.98481,1.75,3.00
2016.02.16 18:21:19.724,0.98443,0.9848,1.75,2.25
2016.02.16 18:21:20.208,0.98443,0.98481,3.75,2.25
2016.02.16 18:21:21.673,0.98444,0.9848,1.75,2.25
2016.02.16 18:21:21.724,0.98441,0.98479,1.75,2.25
2016.02.16 18:21:21.875,0.98441,0.98476,1.75,2.25
2016.02.16 18:21:21.926,0.98444,0.98469,1.00,1.00
2016.02.16 18:21:28.105,0.98439,0.98476,2.25,3.75
2016.02.16 18:21:28.607,0.9844,0.98476,2.25,2.25
2016.02.16 18:21:30.241,0.98443,0.98476,1.75,1.75
2016.02.16 18:21:30.515,0.98443,0.98477,1.75,1.75
2016.02.16 18:21:30.817,0.98444,0.98475,1.50,2.25
2016.02.16 18:21:32.820,0.98438,0.9847,1.87,3.00
2016.02.16 18:21:32.870,0.98435,0.98469,1.50,3.00
2016.02.16 18:21:32.921,0.98433,0.98457,1.00,1.00
2016.02.16 18:21:33.325,0.98433,0.98466,1.75,2.25
2016.02.16 18:21:34.932,0.98433,0.98465,1.50,2.25
2016.02.16 18:21:35.300,0.98436,0.98465,1.37,2.25
2016.02.16 18:21:35.351,0.98436,0.98469,1.75,1.75
2016.02.16 18:21:35.704,0.98438,0.98471,1.75,2.25
2016.02.16 18:21:35.754,0.98438,0.98472,1.75,1.75
2016.02.16 18:21:37.048,0.98441,0.98472,1.75,1.75
2016.02.16 18:21:37.351,0.98442,0.98475,1.75,2.25
2016.02.16 18:21:38.228,0.98443,0.98475,1.75,2.25
2016.02.16 18:21:38.278,0.98445,0.9847,1.00,1.00
2016.02.16 18:21:38.815,0.98442,0.98475,1.75,2.25
2016.02.16 18:21:38.866,0.98443,0.98468,1.00,1.00
2016.02.16 18:21:39.168,0.98443,0.98476,1.75,1.75
2016.02.16 18:21:39.476,0.9844,0.98475,1.75,2.25
2016.02.16 18:21:39.778,0.98441,0.98475,1.75,1.75
2016.02.16 18:21:39.980,0.98443,0.98468,1.00,1.00
2016.02.16 18:21:40.675,0.98444,0.98468,1.00,1.00
2016.02.16 18:21:44.588,0.98443,0.98468,1.00,1.00
2016.02.16 18:21:44.798,0.98441,0.98473,1.37,2.25
2016.02.16 18:21:45.101,0.98442,0.98474,1.50,2.25
2016.02.16 18:21:45.642,0.98439,0.98473,1.50,2.25
2016.02.16 18:21:45.693,0.98439,0.98472,1.50,2.25
2016.02.16 18:21:46.197,0.98441,0.98472,1.00,2.25
2016.02.16 18:21:46.399,0.98441,0.98474,1.75,2.25
2016.02.16 18:21:50.329,0.98443,0.98474,1.75,2.25
2016.02.16 18:21:50.380,0.98443,0.98476,1.75,3.00
2016.02.16 18:21:52.038,0.98441,0.98475,1.75,1.75
2016.02.16 18:21:52.089,0.98441,0.98472,1.12,2.25
2016.02.16 18:21:52.392,0.98442,0.98473,1.50,2.25
2016.02.16 18:21:53.934,0.98442,0.98473,1.75,2.25
2016.02.16 18:21:53.984,0.98442,0.98476,1.75,2.25
2016.02.16 18:21:54.035,0.98442,0.98476,1.75,2.25
2016.02.16 18:21:54.086,0.98443,0.98477,1.75,1.75
2016.02.16 18:22:00.261,0.98443,0.98476,1.75,1.75
2016.02.16 18:22:00.312,0.98443,0.98474,1.75,1.75
2016.02.16 18:22:00.925,0.98439,0.98472,1.75,1.75
2016.02.16 18:22:01.978,0.9844,0.98471,1.75,1.50
2016.02.16 18:22:02.028,0.9844,0.98471,1.75,1.50
2016.02.16 18:22:04.401,0.98441,0.98472,1.75,1.75
2016.02.16 18:22:07.065,0.98438,0.98467,2.25,1.50
2016.02.16 18:22:07.116,0.98438,0.98467,2.25,1.75
2016.02.16 18:22:07.823,0.98439,0.98467,1.75,1.37
2016.02.16 18:22:08.781,0.98441,0.98467,1.75,1.37
2016.02.16 18:22:08.831,0.98444,0.98469,1.00,1.00
2016.02.16 18:22:13.299,0.98444,0.98466,1.00,1.00
2016.02.16 18:22:13.554,0.98444,0.98469,1.00,1.00
2016.02.16 18:22:13.655,0.98444,0.98465,1.00,1.00
2016.02.16 18:22:13.705,0.98435,0.9846,1.00,1.00
2016.02.16 18:22:13.807,0.98434,0.98464,1.00,2.25
2016.02.16 18:22:14.651,0.98433,0.98464,1.12,3.00
2016.02.16 18:22:14.920,0.98434,0.98459,1.00,1.00
2016.02.16 18:22:15.122,0.98433,0.98464,1.75,1.75
2016.02.16 18:22:19.934,0.98433,0.98465,1.75,2.25
2016.02.16 18:22:24.620,0.98432,0.98466,1.75,1.75
2016.02.16 18:22:24.938,0.98432,0.98466,1.75,3.00
2016.02.16 18:22:27.038,0.98432,0.98457,1.00,1.00
2016.02.16 18:22:28.652,0.98432,0.98466,1.75,3.00
2016.02.16 18:22:38.537,0.98432,0.98465,1.75,1.75
2016.02.16 18:22:38.587,0.98432,0.98465,1.75,1.75
2016.02.16 18:22:45.770,0.98433,0.98467,1.75,3.75
2016.02.16 18:22:45.871,0.98434,0.98459,1.00,1.00
2016.02.16 18:22:46.475,0.98432,0.98466,1.75,1.75
2016.02.16 18:22:46.576,0.98432,0.98466,1.75,1.75
2016.02.16 18:22:51.700,0.98433,0.98466,1.12,2.25
2016.02.16 18:22:52.226,0.98432,0.98466,1.75,1.75
2016.02.16 18:22:52.908,0.98435,0.98467,1.00,2.25
2016.02.16 18:22:53.229,0.98435,0.98469,1.75,1.75
2016.02.16 18:22:54.463,0.98434,0.98467,1.75,1.75
2016.02.16 18:22:54.514,0.98434,0.98467,1.75,1.75
2016.02.16 18:22:57.957,0.98431,0.98466,1.75,1.75
2016.02.16 18:22:58.466,0.98431,0.98466,1.75,3.00
2016.02.16 18:23:00.274,0.98434,0.98465,1.37,2.25
2016.02.16 18:23:00.577,0.98434,0.98463,1.00,2.25
2016.02.16 18:23:01.199,0.98434,0.98464,1.12,2.25
2016.02.16 18:23:07.491,0.98428,0.98461,1.87,1.75
2016.02.16 18:23:07.622,0.98429,0.98454,1.00,1.00
2016.02.16 18:23:07.724,0.98424,0.98458,2.25,1.75
2016.02.16 18:23:08.600,0.98423,0.98454,1.50,1.75
2016.02.16 18:23:08.701,0.98419,0.98453,2.25,2.25
2016.02.16 18:23:09.205,0.98422,0.98447,1.00,1.00
2016.02.16 18:23:09.762,0.98423,0.98447,1.00,1.00
2016.02.16 18:23:10.064,0.98421,0.98457,1.75,3.00
2016.02.16 18:23:10.367,0.98424,0.98456,1.50,2.25
2016.02.16 18:23:11.806,0.98427,0.98456,1.00,2.25
2016.02.16 18:23:12.169,0.98434,0.98459,1.50,1.00
2016.02.16 18:23:12.321,0.98431,0.98456,1.50,1.00
2016.02.16 18:23:12.624,0.98433,0.98456,1.00,1.00
2016.02.16 18:23:12.725,0.98431,0.98456,1.50,1.00
2016.02.16 18:23:12.826,0.98433,0.98456,1.00,1.00
2016.02.16 18:23:13.128,0.98434,0.98465,1.50,2.25
2016.02.16 18:23:13.624,0.98434,0.98464,1.00,2.25
2016.02.16 18:23:15.346,0.98435,0.98464,1.00,2.25
2016.02.16 18:23:15.447,0.98432,0.98464,1.50,2.25
2016.02.16 18:23:16.755,0.98434,0.98459,1.00,1.00
2016.02.16 18:23:19.953,0.98435,0.98459,1.00,1.00
2016.02.16 18:23:20.758,0.98434,0.98459,1.50,1.00
2016.02.16 18:23:21.043,0.98434,0.98467,1.75,2.25
2016.02.16 18:23:21.361,0.98434,0.98469,1.75,3.00
2016.02.16 18:23:21.563,0.98434,0.98469,1.75,3.00
2016.02.16 18:23:22.550,0.98433,0.98465,1.50,2.25
2016.02.16 18:23:23.083,0.98432,0.98465,1.12,2.25
2016.02.16 18:23:23.134,0.98432,0.98465,1.50,2.25
2016.02.16 18:23:23.185,0.98434,0.98459,1.00,1.00
2016.02.16 18:23:23.638,0.98431,0.98466,1.75,2.25
2016.02.16 18:23:23.689,0.98436,0.98461,1.00,1.00
2016.02.16 18:23:23.790,0.98431,0.98466,1.75,3.00
2016.02.16 18:23:27.661,0.98433,0.98466,1.75,1.75
2016.02.16 18:23:28.165,0.98433,0.98466,1.75,1.75
2016.02.16 18:23:29.036,0.98433,0.98467,1.75,1.75
2016.02.16 18:23:29.087,0.98436,0.98461,1.00,1.00
2016.02.16 18:23:30.069,0.98429,0.98466,2.25,3.00
2016.02.16 18:23:30.734,0.9843,0.98465,1.75,2.25
2016.02.16 18:23:31.274,0.9843,0.98461,1.75,1.75
2016.02.16 18:23:31.577,0.98432,0.98462,1.75,1.75
2016.02.16 18:23:33.259,0.98432,0.98462,1.75,1.75
2016.02.16 18:23:33.309,0.98432,0.98466,1.75,1.75
2016.02.16 18:23:33.411,0.98434,0.98459,1.00,1.00
2016.02.16 18:23:34.136,0.98431,0.98461,1.50,1.75
2016.02.16 18:23:34.187,0.98431,0.98461,1.50,1.75
2016.02.16 18:23:35.277,0.98434,0.98464,1.00,2.25
2016.02.16 18:23:35.378,0.98436,0.98461,1.00,1.00
2016.02.16 18:23:35.681,0.98433,0.98461,1.75,1.00
2016.02.16 18:23:35.787,0.98433,0.98467,2.25,3.00
2016.02.16 18:23:38.802,0.98431,0.98464,1.75,2.25
2016.02.16 18:23:38.853,0.98431,0.98464,1.75,2.25
2016.02.16 18:23:46.964,0.98434,0.98466,1.75,1.75
2016.02.16 18:23:47.267,0.98442,0.98471,1.75,1.50
2016.02.16 18:23:47.317,0.98442,0.98471,1.75,1.50
2016.02.16 18:23:47.953,0.98443,0.98472,1.75,1.12
2016.02.16 18:23:48.356,0.98446,0.98471,1.00,1.00
2016.02.16 18:23:56.776,0.98444,0.98474,1.50,1.75
2016.02.16 18:23:56.877,0.98444,0.98469,1.50,1.00
2016.02.16 18:23:59.003,0.98439,0.98469,1.37,1.75
2016.02.16 18:23:59.053,0.98434,0.98469,2.25,3.00
2016.02.16 18:23:59.154,0.98434,0.98467,1.50,3.00
2016.02.16 18:23:59.205,0.98434,0.98466,1.37,2.25
2016.02.16 18:23:59.709,0.98434,0.98458,1.00,1.00
2016.02.16 18:24:02.795,0.98434,0.98461,1.37,1.75
2016.02.16 18:24:02.846,0.98435,0.9846,1.00,1.00
2016.02.16 18:24:02.897,0.98434,0.98461,1.75,1.37
2016.02.16 18:24:02.998,0.98436,0.98471,1.75,2.25
2016.02.16 18:24:03.132,0.98433,0.98467,2.62,3.00
2016.02.16 18:24:03.183,0.98431,0.98466,1.75,2.25
2016.02.16 18:24:03.385,0.98435,0.98466,1.50,1.87
2016.02.16 18:24:03.487,0.98437,0.98468,1.75,1.75
2016.02.16 18:24:04.670,0.9844,0.98467,1.50,1.00
2016.02.16 18:24:18.500,0.98439,0.98469,1.37,2.25
2016.02.16 18:24:18.551,0.98439,0.98469,1.00,2.25
2016.02.16 18:24:18.759,0.98439,0.9847,1.87,2.25
2016.02.16 18:24:18.810,0.98439,0.98471,2.25,1.75
2016.02.16 18:24:19.112,0.98441,0.98471,1.75,1.75
2016.02.16 18:24:19.314,0.98445,0.9847,1.00,1.00
2016.02.16 18:24:20.821,0.98447,0.98472,1.00,1.00
2016.02.16 18:24:24.334,0.9844,0.98475,2.25,1.75
2016.02.16 18:24:25.829,0.98443,0.98479,1.75,3.00
2016.02.16 18:24:30.713,0.98443,0.98477,1.75,1.75
2016.02.16 18:24:31.173,0.98447,0.98472,1.00,1.00
2016.02.16 18:24:31.627,0.9844,0.98475,1.75,2.25
2016.02.16 18:24:33.834,0.98441,0.98476,1.75,1.75
2016.02.16 18:24:33.935,0.98445,0.9847,1.00,1.00
2016.02.16 18:24:34.749,0.98447,0.98472,1.00,1.00
2016.02.16 18:24:35.093,0.98444,0.98469,1.00,1.00
2016.02.16 18:24:35.558,0.9844,0.98477,1.75,1.75
2016.02.16 18:24:39.944,0.98442,0.98476,2.25,1.75
2016.02.16 18:24:40.247,0.98439,0.98476,3.75,1.75
2016.02.16 18:24:46.484,0.98447,0.98472,1.00,1.00
2016.02.16 18:24:48.650,0.9844,0.98476,2.62,1.75
2016.02.16 18:24:48.700,0.98445,0.9847,1.00,1.00
2016.02.16 18:24:52.051,0.9844,0.98476,3.00,1.75
2016.02.16 18:24:52.603,0.9844,0.98476,2.25,1.75
2016.02.16 18:24:53.656,0.98439,0.98476,3.75,1.75
2016.02.16 18:24:53.707,0.98445,0.9847,1.00,1.00
2016.02.16 18:24:55.262,0.98441,0.98476,2.25,1.75
2016.02.16 18:25:01.061,0.98441,0.98476,4.12,1.75
2016.02.16 18:25:01.362,0.98448,0.98479,1.00,2.25
2016.02.16 18:25:02.792,0.98443,0.9848,1.75,2.25
2016.02.16 18:25:08.692,0.98441,0.98476,2.25,1.75
2016.02.16 18:25:11.435,0.98439,0.98476,1.75,1.75
2016.02.16 18:25:12.729,0.98439,0.98475,1.75,2.25
2016.02.16 18:25:13.236,0.98445,0.9847,1.00,1.00
2016.02.16 18:25:16.702,0.98438,0.98474,4.87,2.25
2016.02.16 18:25:16.753,0.98438,0.98474,3.00,2.25
2016.02.16 18:25:20.646,0.98439,0.98475,1.75,2.25
2016.02.16 18:25:22.455,0.9844,0.98476,2.25,1.75
2016.02.16 18:25:26.419,0.98444,0.98469,1.00,1.00
2016.02.16 18:25:40.666,0.98438,0.98473,1.75,2.25
2016.02.16 18:25:47.504,0.98438,0.98474,2.25,2.25
2016.02.16 18:25:48.042,0.98439,0.98475,1.75,2.25
2016.02.16 18:25:49.607,0.98443,0.98473,1.00,2.25
2016.02.16 18:25:51.676,0.98439,0.98475,1.75,2.25
2016.02.16 18:25:51.779,0.98445,0.9847,1.00,1.00
2016.02.16 18:25:52.182,0.9844,0.98476,2.25,1.75
2016.02.16 18:25:52.283,0.9844,0.98476,2.25,1.75
2016.02.16 18:25:52.584,0.98446,0.98479,1.75,2.25
2016.02.16 18:25:52.634,0.98446,0.98481,1.75,2.25
2016.02.16 18:25:52.685,0.98449,0.98482,1.75,2.25
2016.02.16 18:25:52.786,0.98455,0.9848,1.00,1.00
2016.02.16 18:25:53.089,0.98451,0.98487,3.00,2.25
2016.02.16 18:25:53.492,0.9845,0.98488,1.75,2.25
2016.02.16 18:25:54.045,0.98449,0.98488,1.75,2.25
2016.02.16 18:25:55.797,0.98447,0.9848,2.25,1.87
2016.02.16 18:25:55.898,0.98443,0.9848,2.25,2.25
2016.02.16 18:25:55.999,0.98443,0.98479,2.25,2.25
2016.02.16 18:25:56.555,0.98443,0.98479,2.25,2.25
2016.02.16 18:25:58.117,0.98444,0.9848,3.00,2.25
2016.02.16 18:25:58.168,0.98444,0.98482,2.25,3.75
2016.02.16 18:26:01.848,0.98446,0.98481,2.25,1.75
2016.02.16 18:26:02.100,0.98448,0.98481,2.25,1.50
2016.02.16 18:26:02.436,0.98449,0.98484,1.75,2.25
2016.02.16 18:26:02.953,0.98449,0.98484,1.75,2.25
2016.02.16 18:26:05.636,0.98454,0.98481,1.37,1.37
2016.02.16 18:26:05.687,0.98454,0.98481,1.75,1.00
2016.02.16 18:26:06.954,0.98451,0.98487,3.00,1.75
2016.02.16 18:26:07.722,0.98457,0.98487,1.00,1.75
2016.02.16 18:26:08.339,0.98455,0.98481,1.00,1.37
2016.02.16 18:26:08.642,0.98447,0.98476,2.25,1.37
2016.02.16 18:26:08.692,0.98445,0.98482,1.75,3.75
2016.02.16 18:26:08.845,0.98443,0.98476,1.75,1.75
2016.02.16 18:26:08.895,0.98443,0.98476,1.75,1.75
2016.02.16 18:26:10.447,0.98442,0.98476,1.75,1.75
2016.02.16 18:26:10.951,0.98445,0.9847,1.00,1.00
2016.02.16 18:26:20.988,0.98437,0.98471,2.25,1.75
2016.02.16 18:26:21.039,0.98436,0.98471,1.75,1.75
2016.02.16 18:26:21.089,0.98436,0.98471,1.75,1.75
2016.02.16 18:26:21.628,0.98436,0.98471,1.75,2.25
2016.02.16 18:26:21.930,0.98439,0.98475,1.75,3.00
2016.02.16 18:26:24.086,0.98437,0.98472,1.75,2.25
2016.02.16 18:26:24.338,0.98439,0.98464,1.00,1.00
2016.02.16 18:26:25.094,0.98433,0.98467,1.75,1.75
2016.02.16 18:26:25.145,0.98437,0.98462,1.00,1.00
2016.02.16 18:26:25.585,0.98433,0.98468,1.75,1.75
2016.02.16 18:26:25.939,0.98436,0.98461,1.00,1.00
2016.02.16 18:26:25.989,0.98429,0.98464,3.75,1.75
2016.02.16 18:26:26.524,0.98429,0.98462,1.75,1.75
2016.02.16 18:26:36.323,0.98427,0.98462,1.75,1.75
2016.02.16 18:26:36.525,0.98427,0.98461,1.75,2.25
2016.02.16 18:26:36.897,0.98428,0.98454,1.00,1.37
2016.02.16 18:26:37.048,0.9842,0.98453,1.12,2.25
2016.02.16 18:26:37.099,0.98429,0.98454,1.12,2.25
2016.02.16 18:26:37.150,0.98429,0.98457,1.12,1.12
2016.02.16 18:26:37.355,0.98427,0.98458,1.00,1.00
2016.02.16 18:26:37.506,0.98427,0.98461,1.00,2.25
2016.02.16 18:26:37.814,0.98425,0.98457,1.50,1.00
2016.02.16 18:26:38.031,0.98425,0.98461,1.50,1.75
2016.02.16 18:26:38.132,0.98427,0.98458,1.00,1.00
2016.02.16 18:26:39.186,0.98427,0.98457,1.50,1.00
2016.02.16 18:26:39.237,0.98426,0.98457,1.00,1.75
2016.02.16 18:26:39.338,0.9842,0.98454,1.75,1.75
2016.02.16 18:26:39.541,0.98417,0.98453,1.75,1.75
2016.02.16 18:26:39.642,0.98417,0.98453,1.75,1.75
2016.02.16 18:26:39.898,0.98423,0.98456,1.00,1.75
2016.02.16 18:26:39.948,0.98423,0.98459,1.12,1.75
2016.02.16 18:26:39.999,0.98423,0.9846,1.37,1.75
2016.02.16 18:26:40.050,0.98423,0.9846,1.75,1.75
2016.02.16 18:26:40.237,0.98428,0.98462,1.37,2.25
2016.02.16 18:26:40.288,0.98428,0.98462,1.75,2.25
2016.02.16 18:26:40.338,0.98428,0.98462,1.50,2.25
2016.02.16 18:26:40.441,0.98427,0.98462,1.75,2.25
2016.02.16 18:26:47.875,0.98432,0.98461,1.00,1.00
2016.02.16 18:26:47.976,0.98429,0.9846,1.00,1.00
2016.02.16 18:26:50.545,0.98429,0.98458,1.00,1.00
2016.02.16 18:26:50.697,0.98425,0.98456,1.00,1.00
2016.02.16 18:26:50.751,0.98421,0.98451,1.75,1.00
2016.02.16 18:26:51.136,0.98422,0.98451,1.75,1.00
2016.02.16 18:26:51.186,0.98424,0.98456,1.75,1.00
2016.02.16 18:26:51.854,0.98427,0.98456,1.00,1.00
2016.02.16 18:26:51.955,0.98424,0.98456,1.75,1.75
2016.02.16 18:26:54.653,0.98427,0.98461,1.75,1.75
2016.02.16 18:26:54.704,0.98433,0.98458,1.00,1.00
2016.02.16 18:26:56.776,0.98431,0.98456,1.00,1.00
2016.02.16 18:27:00.200,0.98427,0.98461,1.75,3.00
2016.02.16 18:27:00.659,0.98427,0.98461,1.75,1.75
2016.02.16 18:27:00.962,0.9843,0.98461,1.00,3.00
2016.02.16 18:27:02.594,0.98428,0.98457,1.00,2.25
2016.02.16 18:27:02.695,0.98428,0.98458,1.12,2.25
2016.02.16 18:27:03.006,0.98425,0.9845,1.00,1.00
2016.02.16 18:27:03.309,0.98424,0.98457,1.75,1.75
2016.02.16 18:27:04.507,0.98428,0.98461,1.75,1.75
2016.02.16 18:27:10.276,0.98429,0.98461,1.75,3.00
2016.02.16 18:27:10.479,0.98424,0.98458,1.75,1.75
2016.02.16 18:27:10.580,0.98422,0.98456,1.75,1.75
2016.02.16 18:27:10.883,0.9842,0.98453,1.75,2.25
2016.02.16 18:27:12.504,0.98418,0.98453,1.75,1.75
2016.02.16 18:27:12.807,0.9842,0.98453,1.75,2.25
2016.02.16 18:27:14.004,0.98416,0.9845,1.75,2.25
2016.02.16 18:27:27.851,0.98415,0.9844,1.00,1.00
2016.02.16 18:27:28.053,0.98407,0.98445,1.75,1.75
2016.02.16 18:27:29.214,0.98409,0.98446,1.75,3.00
2016.02.16 18:27:31.915,0.98409,0.98444,2.25,2.25
2016.02.16 18:27:31.965,0.98409,0.98444,2.25,3.75
2016.02.16 18:27:32.016,0.98409,0.98442,1.75,3.00
2016.02.16 18:27:32.066,0.98409,0.98441,1.75,2.25
2016.02.16 18:27:32.233,0.98409,0.9844,1.00,2.25
2016.02.16 18:27:37.453,0.98405,0.9844,1.75,2.25
2016.02.16 18:27:38.682,0.98408,0.9844,1.00,2.25
2016.02.16 18:27:39.452,0.98409,0.9844,1.00,2.25
2016.02.16 18:27:42.162,0.98409,0.98441,1.75,2.25
2016.02.16 18:27:45.085,0.98409,0.98442,1.75,2.25
2016.02.16 18:27:45.136,0.98412,0.98438,1.00,1.00
2016.02.16 18:27:45.186,0.98414,0.98438,1.00,1.00
2016.02.16 18:27:45.489,0.98408,0.98441,1.75,2.25
2016.02.16 18:27:46.898,0.98409,0.98441,1.12,2.25
2016.02.16 18:27:50.211,0.98409,0.98438,1.00,2.25
2016.02.16 18:27:50.814,0.98409,0.98439,1.12,3.75
2016.02.16 18:27:51.334,0.98409,0.98439,1.12,2.25
2016.02.16 18:27:56.453,0.98406,0.98431,1.00,1.00
2016.02.16 18:28:01.438,0.98404,0.98436,1.37,2.25
2016.02.16 18:28:01.960,0.98404,0.98429,1.50,1.00
2016.02.16 18:28:02.294,0.98403,0.98438,1.75,2.25
2016.02.16 18:28:02.951,0.98403,0.98436,1.50,2.25
2016.02.16 18:28:03.102,0.98404,0.98436,1.50,2.25
2016.02.16 18:28:03.153,0.98406,0.98437,1.37,2.25
2016.02.16 18:28:03.204,0.98406,0.98442,1.50,2.25
2016.02.16 18:28:03.862,0.98405,0.98441,1.75,1.50
2016.02.16 18:28:04.165,0.98404,0.98441,1.75,1.50
2016.02.16 18:28:04.468,0.98404,0.98437,1.12,2.25
2016.02.16 18:28:05.924,0.98403,0.98439,1.37,2.25
2016.02.16 18:28:10.355,0.98403,0.98436,1.87,1.87
2016.02.16 18:28:11.180,0.98405,0.98439,1.75,2.25
2016.02.16 18:28:11.563,0.98408,0.98442,1.75,3.00
2016.02.16 18:28:11.867,0.98408,0.9844,1.75,1.75
2016.02.16 18:28:12.019,0.98405,0.98438,1.50,2.25
2016.02.16 18:28:12.170,0.98404,0.98432,1.75,1.00
2016.02.16 18:28:12.736,0.98406,0.9844,1.75,2.25
2016.02.16 18:28:13.080,0.98407,0.98437,1.00,2.25
2016.02.16 18:28:14.277,0.98406,0.98438,1.50,2.25
2016.02.16 18:28:14.786,0.98407,0.9844,1.50,2.25
2016.02.16 18:28:15.181,0.98405,0.98436,1.75,2.25
2016.02.16 18:28:15.590,0.98404,0.98439,1.75,2.25
2016.02.16 18:28:15.691,0.98404,0.98438,1.75,2.25
2016.02.16 18:28:17.097,0.98409,0.98438,1.00,2.25
2016.02.16 18:28:18.091,0.98409,0.98435,1.00,2.25
2016.02.16 18:28:18.293,0.98409,0.98437,1.00,2.25
2016.02.16 18:28:18.394,0.98409,0.98435,1.00,2.25
2016.02.16 18:28:19.300,0.98409,0.98436,1.00,2.25
2016.02.16 18:28:19.847,0.98404,0.98436,1.75,2.25
2016.02.16 18:28:20.114,0.98399,0.98429,1.00,2.25
2016.02.16 18:28:20.679,0.98399,0.9843,1.12,1.75
2016.02.16 18:28:20.831,0.98403,0.98431,1.00,3.00
2016.02.16 18:28:20.932,0.98403,0.98433,1.75,1.75
2016.02.16 18:28:21.201,0.98403,0.98427,1.00,1.00
2016.02.16 18:28:21.302,0.98403,0.98435,1.75,2.25
2016.02.16 18:28:21.605,0.98403,0.98433,1.00,2.25
2016.02.16 18:28:21.706,0.98404,0.98429,1.00,1.00
2016.02.16 18:28:22.993,0.98403,0.98434,1.50,3.00
2016.02.16 18:28:23.094,0.98399,0.98431,1.50,2.25
2016.02.16 18:28:23.145,0.98399,0.98424,1.50,1.00
2016.02.16 18:28:25.919,0.98398,0.98429,1.12,2.25
2016.02.16 18:28:27.001,0.98398,0.9843,1.37,1.75
2016.02.16 18:28:27.282,0.98398,0.98429,1.50,2.25
2016.02.16 18:28:28.613,0.98398,0.9843,1.50,3.00
2016.02.16 18:28:28.714,0.98398,0.98422,1.00,1.00
2016.02.16 18:28:28.815,0.98398,0.9843,1.50,1.75
2016.02.16 18:28:29.067,0.98404,0.98431,1.00,2.25
2016.02.16 18:28:29.118,0.98404,0.98426,1.00,1.00
2016.02.16 18:28:29.219,0.98406,0.98431,1.00,1.00
2016.02.16 18:28:29.320,0.98404,0.98436,1.50,3.00
2016.02.16 18:28:29.637,0.98404,0.98437,1.75,2.25
2016.02.16 18:28:30.037,0.98404,0.98436,1.50,2.25
2016.02.16 18:28:30.339,0.98404,0.98434,1.00,3.00
2016.02.16 18:28:30.731,0.98404,0.98432,1.00,2.25
2016.02.16 18:28:30.940,0.98399,0.98432,1.12,3.00
2016.02.16 18:28:31.392,0.98399,0.98429,1.00,2.25
2016.02.16 18:28:32.076,0.98392,0.98427,1.75,2.25
2016.02.16 18:28:32.127,0.98393,0.98427,1.50,3.00
2016.02.16 18:28:32.631,0.98394,0.98425,1.50,1.75
2016.02.16 18:28:32.934,0.98394,0.98423,1.00,2.25
2016.02.16 18:28:33.599,0.98394,0.98424,1.00,2.25
2016.02.16 18:28:33.751,0.98393,0.98426,1.75,3.00
2016.02.16 18:28:33.953,0.98396,0.98421,1.00,1.00
2016.02.16 18:28:34.004,0.98394,0.98424,1.37,2.25
2016.02.16 18:28:34.054,0.98394,0.98424,1.00,2.25
2016.02.16 18:28:34.105,0.98394,0.98422,1.00,2.25
2016.02.16 18:28:34.257,0.98388,0.98422,1.75,2.25
2016.02.16 18:28:34.818,0.98394,0.98422,1.00,2.25
2016.02.16 18:28:34.919,0.98394,0.98416,1.00,1.00
2016.02.16 18:28:35.373,0.98394,0.98426,1.12,2.25
2016.02.16 18:28:35.835,0.98394,0.98427,1.75,2.25
2016.02.16 18:28:35.937,0.98394,0.98427,1.12,2.25
2016.02.16 18:28:36.642,0.98394,0.98422,1.00,3.00
2016.02.16 18:28:39.513,0.98389,0.98422,1.75,2.25
2016.02.16 18:28:39.954,0.98393,0.98422,1.00,2.25
2016.02.16 18:28:40.444,0.98388,0.98413,1.50,1.00
2016.02.16 18:28:41.556,0.98391,0.98416,1.00,1.00
2016.02.16 18:28:41.859,0.98395,0.9842,1.00,1.00
2016.02.16 18:28:43.743,0.98389,0.98422,1.75,1.75
2016.02.16 18:28:43.883,0.9839,0.98415,1.00,1.00
2016.02.16 18:28:44.236,0.98389,0.98422,1.75,1.75
2016.02.16 18:28:44.490,0.98388,0.98423,1.75,1.75
2016.02.16 18:28:45.547,0.98389,0.98424,1.75,3.00
2016.02.16 18:28:45.950,0.98388,0.98421,1.75,1.75
2016.02.16 18:28:46.359,0.98388,0.98422,2.25,1.75
2016.02.16 18:28:48.258,0.98389,0.98422,1.75,1.75
2016.02.16 18:28:54.379,0.98396,0.98421,1.00,1.00
2016.02.16 18:28:55.586,0.9839,0.98425,1.75,3.00
2016.02.16 18:28:55.889,0.98389,0.98423,1.75,1.75
2016.02.16 18:28:57.371,0.9839,0.98426,1.75,1.75
2016.02.16 18:28:58.099,0.98393,0.98425,1.50,2.25
2016.02.16 18:28:58.510,0.98393,0.98423,1.00,2.25
2016.02.16 18:28:59.014,0.98399,0.98423,1.00,2.25
2016.02.16 18:28:59.853,0.98393,0.98423,1.00,2.25
2016.02.16 18:29:00.107,0.98399,0.98423,1.00,2.25
2016.02.16 18:29:00.611,0.98399,0.98426,1.00,2.25
2016.02.16 18:29:00.712,0.98399,0.98422,1.00,1.00
2016.02.16 18:29:00.763,0.98399,0.98428,1.37,1.75
2016.02.16 18:29:00.813,0.98399,0.9843,1.75,2.25
2016.02.16 18:29:01.178,0.98399,0.98429,1.12,3.00
2016.02.16 18:29:01.692,0.98394,0.98419,1.00,1.00
2016.02.16 18:29:01.793,0.98394,0.98423,1.00,2.25
2016.02.16 18:29:08.137,0.98393,0.98423,1.12,2.25
2016.02.16 18:29:09.297,0.98393,0.98425,1.75,2.25
2016.02.16 18:29:09.599,0.98393,0.98424,1.12,2.25
2016.02.16 18:29:09.901,0.98393,0.98425,1.75,2.25
2016.02.16 18:29:16.845,0.98394,0.98424,1.00,2.25
2016.02.16 18:29:17.929,0.98399,0.98424,1.00,2.25
2016.02.16 18:29:19.733,0.98399,0.98425,1.00,2.25
2016.02.16 18:29:21.063,0.98399,0.98427,1.00,3.00
2016.02.16 18:29:23.257,0.98401,0.98434,1.75,3.00
2016.02.16 18:29:23.358,0.98401,0.98434,1.75,1.75
2016.02.16 18:29:25.428,0.98403,0.98437,2.25,1.75
2016.02.16 18:29:25.529,0.98408,0.98437,1.00,1.75
2016.02.16 18:29:25.832,0.98405,0.98438,1.50,3.00
2016.02.16 18:29:28.620,0.98406,0.98438,1.50,2.25
2016.02.16 18:29:29.191,0.98406,0.9844,1.75,3.75
2016.02.16 18:29:29.683,0.98403,0.98436,1.50,3.00
2016.02.16 18:29:30.036,0.98403,0.98437,2.25,3.00
2016.02.16 18:29:30.881,0.98408,0.98437,1.00,2.25
2016.02.16 18:29:31.371,0.98408,0.9844,1.50,2.25
2016.02.16 18:29:31.623,0.98412,0.9844,1.00,2.25
2016.02.16 18:29:31.674,0.98412,0.98444,1.50,2.25
2016.02.16 18:29:32.070,0.9841,0.98443,1.50,2.25
2016.02.16 18:29:32.272,0.98409,0.98434,1.50,1.00
2016.02.16 18:29:32.675,0.9841,0.98439,1.00,2.25
2016.02.16 18:29:32.725,0.98408,0.98439,1.12,2.25
2016.02.16 18:29:33.394,0.98409,0.98439,1.00,2.25
2016.02.16 18:29:37.572,0.98409,0.9844,1.50,2.25
2016.02.16 18:29:38.549,0.98409,0.98438,1.37,2.25
2016.02.16 18:29:38.600,0.98408,0.98437,1.50,2.25
2016.02.16 18:29:39.104,0.98409,0.98437,1.50,2.25
2016.02.16 18:29:40.664,0.98405,0.98437,1.75,2.25
2016.02.16 18:29:41.186,0.98408,0.98437,1.00,2.25
2016.02.16 18:29:42.348,0.98409,0.98437,1.00,2.25
2016.02.16 18:29:45.526,0.98409,0.9844,1.12,3.00
2016.02.16 18:29:45.779,0.98409,0.98436,1.00,1.75
2016.02.16 18:29:46.260,0.98404,0.98436,1.75,1.75
2016.02.16 18:29:47.735,0.98408,0.98437,1.00,2.25
2016.02.16 18:29:48.246,0.98404,0.98437,1.75,2.25
2016.02.16 18:29:48.296,0.98404,0.98435,1.50,2.25
2016.02.16 18:29:48.801,0.98403,0.98436,1.50,2.25
2016.02.16 18:29:51.202,0.98399,0.98435,3.00,1.75
2016.02.16 18:29:51.505,0.984,0.98436,1.75,3.00
2016.02.16 18:29:51.807,0.984,0.98436,2.25,1.75
2016.02.16 18:29:52.219,0.98404,0.98429,1.00,1.00
2016.02.16 18:29:53.801,0.98404,0.98437,1.50,2.25
2016.02.16 18:29:53.902,0.98404,0.98437,1.75,1.75
2016.02.16 18:29:55.601,0.984,0.98437,1.75,2.25
2016.02.16 18:29:55.853,0.98406,0.98431,1.00,1.00
2016.02.16 18:30:12.438,0.98399,0.98437,2.25,2.25
2016.02.16 18:30:12.539,0.98399,0.98436,2.25,2.25
2016.02.16 18:30:13.718,0.98399,0.98434,1.50,2.25
2016.02.16 18:30:13.768,0.98399,0.98433,1.50,2.25
2016.02.16 18:30:13.819,0.98399,0.98431,1.37,2.25
2016.02.16 18:30:14.350,0.98399,0.98423,1.00,1.00
2016.02.16 18:30:15.023,0.98399,0.98431,1.37,2.25
2016.02.16 18:30:15.275,0.98399,0.98436,2.25,2.25
2016.02.16 18:30:15.326,0.984,0.98436,1.75,2.25
2016.02.16 18:30:15.585,0.98407,0.98432,1.00,1.00
2016.02.16 18:30:27.309,0.98402,0.98439,3.00,2.25
2016.02.16 18:30:27.561,0.98417,0.98442,1.00,1.00
2016.02.16 18:30:27.612,0.98415,0.98449,1.75,2.25
2016.02.16 18:30:28.162,0.98415,0.98451,1.75,2.25
2016.02.16 18:30:30.472,0.98415,0.98448,1.75,2.25
2016.02.16 18:30:30.973,0.98415,0.98448,1.75,2.25
2016.02.16 18:30:34.986,0.98409,0.98445,2.25,2.25
2016.02.16 18:30:35.155,0.98403,0.9844,1.75,1.75
2016.02.16 18:30:35.205,0.98403,0.98438,1.75,2.25
2016.02.16 18:30:35.256,0.98404,0.98438,1.75,2.25
2016.02.16 18:30:35.710,0.9841,0.98439,1.37,2.25
2016.02.16 18:30:35.765,0.9841,0.98445,1.37,3.00
2016.02.16 18:30:36.427,0.9841,0.98445,1.00,2.25
2016.02.16 18:30:36.528,0.9841,0.98447,1.12,2.25
2016.02.16 18:30:38.708,0.9841,0.98446,1.00,3.00
2016.02.16 18:30:41.302,0.9841,0.98447,1.00,1.87
2016.02.16 18:30:41.953,0.9841,0.9844,1.00,1.00
2016.02.16 18:30:43.629,0.9841,0.98446,1.37,1.75
2016.02.16 18:30:44.137,0.98411,0.98447,1.37,1.75
2016.02.16 18:30:44.458,0.98411,0.98446,1.37,1.75
2016.02.16 18:30:44.572,0.98404,0.98437,1.00,1.75
2016.02.16 18:30:44.774,0.98409,0.98437,1.00,1.75
2016.02.16 18:30:44.824,0.98409,0.98432,1.00,1.00
2016.02.16 18:30:45.026,0.98403,0.98432,1.00,1.00
2016.02.16 18:30:45.469,0.98408,0.98432,1.00,1.00
2016.02.16 18:30:46.522,0.98403,0.98432,1.00,1.00
2016.02.16 18:30:47.064,0.98404,0.98432,1.00,1.00
2016.02.16 18:30:48.506,0.98409,0.98432,1.00,1.00
2016.02.16 18:30:48.657,0.98403,0.98432,1.00,1.00
2016.02.16 18:30:48.857,0.98408,0.98432,1.00,1.00
2016.02.16 18:30:49.956,0.98404,0.98432,1.00,1.00
2016.02.16 18:30:50.057,0.98409,0.98432,1.00,1.00
2016.02.16 18:30:52.485,0.98404,0.98432,1.00,1.00
2016.02.16 18:30:53.453,0.98408,0.98432,1.00,1.00
2016.02.16 18:30:53.604,0.98404,0.98432,1.00,1.00
2016.02.16 18:30:53.705,0.98406,0.9844,1.00,3.75
2016.02.16 18:30:53.755,0.98406,0.98441,1.00,2.25
2016.02.16 18:30:54.170,0.98409,0.98441,1.00,1.75
2016.02.16 18:30:54.221,0.98409,0.98441,1.00,1.75
2016.02.16 18:30:54.725,0.98408,0.98441,1.00,1.75
2016.02.16 18:30:55.282,0.98408,0.98438,1.37,1.00
2016.02.16 18:30:56.826,0.98412,0.98442,1.00,1.00
2016.02.16 18:30:56.927,0.98413,0.98449,1.50,1.75
2016.02.16 18:30:57.489,0.98415,0.98451,1.00,3.00
2016.02.16 18:30:58.883,0.98414,0.98447,1.12,1.75
2016.02.16 18:30:59.236,0.98416,0.98451,1.00,3.00
2016.02.16 18:30:59.526,0.98414,0.98451,1.12,3.75
2016.02.16 18:31:00.875,0.98415,0.98447,1.00,1.75
2016.02.16 18:31:01.409,0.98414,0.98449,1.87,1.75
2016.02.16 18:31:01.763,0.98414,0.9845,1.00,3.00
2016.02.16 18:31:01.864,0.98414,0.98449,1.12,1.75
2016.02.16 18:31:02.516,0.98414,0.98449,1.12,1.75
2016.02.16 18:31:02.667,0.98414,0.98444,1.00,1.00
2016.02.16 18:31:02.768,0.98414,0.98446,1.00,1.75
2016.02.16 18:31:03.272,0.98413,0.98447,1.00,2.25
2016.02.16 18:31:03.543,0.98408,0.9844,1.37,1.50
2016.02.16 18:31:03.593,0.98409,0.9844,1.00,1.75
2016.02.16 18:31:03.896,0.98404,0.98438,2.25,2.25
2016.02.16 18:31:06.781,0.98404,0.98438,1.50,3.00
2016.02.16 18:31:06.832,0.98404,0.98438,1.75,3.00
2016.02.16 18:31:06.883,0.98408,0.98433,1.00,1.00
2016.02.16 18:31:07.034,0.98404,0.98439,1.75,3.00
2016.02.16 18:31:07.085,0.98406,0.98431,1.00,1.00
2016.02.16 18:31:07.136,0.98408,0.98439,1.37,2.25
2016.02.16 18:31:07.186,0.98408,0.98441,1.75,2.25
2016.02.16 18:31:07.470,0.98409,0.98441,1.75,1.75
2016.02.16 18:31:07.521,0.98409,0.98441,1.37,3.00
2016.02.16 18:31:07.834,0.98409,0.98439,1.12,2.25
2016.02.16 18:31:08.836,0.98409,0.98439,1.50,2.25
2016.02.16 18:31:08.886,0.9841,0.98435,1.00,1.00
2016.02.16 18:31:09.088,0.98409,0.98439,1.12,1.75
2016.02.16 18:31:09.443,0.98406,0.98431,1.00,1.00
2016.02.16 18:31:09.493,0.98403,0.98437,1.75,3.00
2016.02.16 18:31:10.009,0.98403,0.98435,1.75,1.75
2016.02.16 18:31:12.798,0.98398,0.98428,3.00,1.50
2016.02.16 18:31:13.101,0.98404,0.98419,1.00,1.00
2016.02.16 18:31:13.152,0.98399,0.98419,1.00,1.00
2016.02.16 18:31:13.716,0.98398,0.98427,1.00,2.25
2016.02.16 18:31:13.817,0.98399,0.98428,1.00,3.00
2016.02.16 18:31:13.868,0.98399,0.98431,1.00,2.25
2016.02.16 18:31:14.170,0.98399,0.98436,1.00,1.75
2016.02.16 18:31:14.674,0.98398,0.98433,1.12,1.75
2016.02.16 18:31:14.838,0.98398,0.98436,2.25,2.25
2016.02.16 18:31:14.890,0.98398,0.98436,2.25,1.75
2016.02.16 18:31:15.041,0.98403,0.98438,1.37,3.75
2016.02.16 18:31:15.563,0.98403,0.98437,1.75,3.00
2016.02.16 18:31:22.507,0.98404,0.98438,1.75,1.75
2016.02.16 18:31:23.021,0.98404,0.98437,1.37,1.75
2016.02.16 18:31:23.122,0.98404,0.98436,1.37,3.00
2016.02.16 18:31:23.821,0.98399,0.98433,1.75,2.25
2016.02.16 18:31:24.123,0.98399,0.9843,1.12,2.25
2016.02.16 18:31:24.426,0.98394,0.98427,1.75,2.25
2016.02.16 18:31:24.810,0.98399,0.98427,1.00,2.25
2016.02.16 18:31:27.943,0.98398,0.98427,1.00,2.25
2016.02.16 18:31:30.072,0.98398,0.98427,1.00,3.75
2016.02.16 18:31:30.180,0.98393,0.98425,1.37,2.25
2016.02.16 18:31:30.641,0.98399,0.98425,1.00,2.25
2016.02.16 18:31:30.742,0.98399,0.98427,1.00,2.25
2016.02.16 18:31:31.179,0.98394,0.98427,1.75,3.00
2016.02.16 18:31:31.230,0.98394,0.98426,1.37,2.25
2016.02.16 18:31:31.331,0.98394,0.98418,1.00,1.00
2016.02.16 18:31:31.834,0.98393,0.98418,1.50,1.00
2016.02.16 18:31:36.139,0.98394,0.98425,1.37,1.75
2016.02.16 18:31:36.240,0.98399,0.98422,1.00,1.00
2016.02.16 18:31:41.646,0.98399,0.98429,1.00,3.00
2016.02.16 18:31:41.747,0.98394,0.98426,1.37,2.25
2016.02.16 18:31:41.848,0.98394,0.98425,1.12,2.25
2016.02.16 18:31:41.949,0.98398,0.98425,1.00,2.25
2016.02.16 18:31:42.530,0.98393,0.98425,1.50,2.25
2016.02.16 18:31:42.631,0.98399,0.98425,1.00,2.25
2016.02.16 18:31:43.064,0.98404,0.98425,1.00,2.25
2016.02.16 18:31:43.392,0.98399,0.98425,1.00,2.25
2016.02.16 18:31:47.443,0.98398,0.98425,1.00,2.25
2016.02.16 18:31:47.796,0.98394,0.98425,1.50,2.25
2016.02.16 18:31:48.055,0.98388,0.98422,1.75,2.25
2016.02.16 18:31:48.357,0.98384,0.98416,2.62,1.75
2016.02.16 18:31:48.458,0.98384,0.98414,1.00,3.00
2016.02.16 18:31:48.963,0.98384,0.98413,1.12,1.75
2016.02.16 18:31:50.175,0.98384,0.98411,1.00,1.75
2016.02.16 18:31:50.276,0.98384,0.98414,1.50,2.25
2016.02.16 18:31:50.378,0.98384,0.98416,1.75,1.75
2016.02.16 18:31:50.700,0.98381,0.98415,2.25,1.75
2016.02.16 18:31:51.366,0.98384,0.98419,2.25,2.25
2016.02.16 18:31:51.467,0.98385,0.98422,3.00,1.75
2016.02.16 18:31:51.668,0.98393,0.98418,1.00,1.00
2016.02.16 18:31:52.991,0.98388,0.98424,1.75,1.75
2016.02.16 18:31:53.042,0.98389,0.98424,2.25,1.75
2016.02.16 18:31:53.386,0.9839,0.98425,2.25,1.75
2016.02.16 18:31:53.487,0.98398,0.98423,1.00,1.00
2016.02.16 18:31:54.006,0.9839,0.98428,3.00,1.75
2016.02.16 18:31:54.057,0.98396,0.98421,1.00,1.00
2016.02.16 18:31:54.158,0.98392,0.9843,2.25,3.75
2016.02.16 18:31:55.672,0.98392,0.98424,2.25,1.75
2016.02.16 18:31:55.773,0.98389,0.98421,1.75,1.75
2016.02.16 18:31:55.874,0.98389,0.98423,1.75,1.75
2016.02.16 18:31:57.320,0.9839,0.98425,2.25,2.25
2016.02.16 18:31:57.371,0.98391,0.98426,2.25,1.75
2016.02.16 18:31:57.922,0.98394,0.98425,1.75,1.75
2016.02.16 18:31:57.973,0.98394,0.98425,1.75,1.75
2016.02.16 18:32:00.007,0.98394,0.98421,1.50,1.75
2016.02.16 18:32:00.058,0.98394,0.98421,1.50,1.75
2016.02.16 18:32:01.009,0.98399,0.98424,1.00,1.75
2016.02.16 18:32:01.211,0.98393,0.98422,1.75,1.75
2016.02.16 18:32:01.995,0.98394,0.98421,1.00,2.25
2016.02.16 18:32:03.390,0.98394,0.98421,1.37,2.25
2016.02.16 18:32:03.491,0.98393,0.98422,1.75,2.25
2016.02.16 18:32:03.693,0.98393,0.98422,1.37,2.25
2016.02.16 18:32:03.895,0.98393,0.98422,1.75,2.25
2016.02.16 18:32:04.298,0.98399,0.98418,1.00,1.00
2016.02.16 18:32:05.790,0.98399,0.98424,1.00,1.75
2016.02.16 18:32:06.044,0.98396,0.98428,1.50,2.25
2016.02.16 18:32:06.095,0.98393,0.98425,1.12,1.75
2016.02.16 18:32:06.146,0.98389,0.98425,2.25,3.00
2016.02.16 18:32:06.197,0.9839,0.98424,1.75,2.25
2016.02.16 18:32:06.499,0.98391,0.98423,1.37,2.25
2016.02.16 18:32:06.601,0.98394,0.98428,1.75,2.25
2016.02.16 18:32:06.702,0.98394,0.9843,3.75,1.75
2016.02.16 18:32:06.904,0.98399,0.98431,1.50,2.25
2016.02.16 18:32:07.227,0.98396,0.98428,1.37,2.25
2016.02.16 18:32:07.530,0.98394,0.98426,2.25,1.75
2016.02.16 18:32:07.984,0.98389,0.98421,2.25,1.50
2016.02.16 18:32:08.299,0.98385,0.98418,1.75,2.25
2016.02.16 18:32:08.603,0.98387,0.98413,1.37,1.00
2016.02.16 18:32:08.704,0.98387,0.9842,1.12,2.25
2016.02.16 18:32:10.240,0.98387,0.9842,1.50,2.25
2016.02.16 18:32:10.290,0.98387,0.9842,1.75,2.25
2016.02.16 18:32:10.910,0.98387,0.9842,1.50,3.75
2016.02.16 18:32:11.085,0.98387,0.98422,1.75,2.25
2016.02.16 18:32:12.415,0.98386,0.98419,1.50,2.25
2016.02.16 18:32:12.516,0.98385,0.98418,1.75,3.00
2016.02.16 18:32:12.718,0.98386,0.9842,1.75,3.00
2016.02.16 18:32:13.021,0.98384,0.98418,2.25,1.75
2016.02.16 18:32:16.600,0.98386,0.9842,1.75,1.75
2016.02.16 18:32:16.757,0.98384,0.9842,1.75,2.25
2016.02.16 18:32:16.808,0.98387,0.98412,1.00,1.00
2016.02.16 18:32:17.161,0.98386,0.98419,1.75,1.75
2016.02.16 18:32:17.212,0.98389,0.98414,1.00,1.00
2016.02.16 18:32:17.464,0.98386,0.9842,1.75,1.75
2016.02.16 18:32:17.515,0.98391,0.98416,1.00,1.00
2016.02.16 18:32:17.565,0.98387,0.98421,1.50,1.75
2016.02.16 18:32:17.977,0.98388,0.9842,2.25,2.25
2016.02.16 18:32:18.028,0.98388,0.98421,1.75,2.25
2016.02.16 18:32:18.230,0.98385,0.9842,1.50,2.25
2016.02.16 18:32:18.331,0.98387,0.98419,1.00,2.25
2016.02.16 18:32:18.432,0.98387,0.98419,1.37,2.25
2016.02.16 18:32:18.533,0.98389,0.98414,1.00,1.00
2016.02.16 18:32:18.835,0.98384,0.98419,1.75,2.25
2016.02.16 18:32:18.936,0.98383,0.98419,2.25,3.75
2016.02.16 18:32:19.037,0.98383,0.98417,2.25,2.25
2016.02.16 18:32:19.138,0.98383,0.98418,1.75,2.25
2016.02.16 18:32:19.602,0.98385,0.9842,1.75,1.75
2016.02.16 18:32:20.906,0.98385,0.9842,3.00,1.75
2016.02.16 18:32:21.225,0.98386,0.9842,1.75,1.75
2016.02.16 18:32:22.579,0.98386,0.9842,1.75,1.75
2016.02.16 18:32:23.038,0.9839,0.98415,1.00,1.00
2016.02.16 18:32:23.849,0.98385,0.98421,1.75,3.75
2016.02.16 18:32:24.376,0.98384,0.98418,2.25,1.75
2016.02.16 18:32:24.940,0.98385,0.9842,1.75,2.25
2016.02.16 18:32:25.041,0.98385,0.98421,1.75,2.25
2016.02.16 18:32:26.081,0.98385,0.98421,1.75,3.75
2016.02.16 18:32:26.132,0.98385,0.9842,1.75,2.25
2016.02.16 18:32:26.434,0.98385,0.9842,1.75,3.00
2016.02.16 18:32:26.909,0.98384,0.98419,2.25,1.75
2016.02.16 18:32:27.017,0.98384,0.9842,2.25,2.25
2016.02.16 18:32:27.319,0.98384,0.98419,2.25,3.00
2016.02.16 18:32:27.883,0.98384,0.98418,1.75,2.25
2016.02.16 18:32:27.933,0.98385,0.9841,1.00,1.00
2016.02.16 18:32:28.426,0.98384,0.98418,1.75,1.75
2016.02.16 18:32:31.756,0.9839,0.98415,1.00,1.00
2016.02.16 18:32:32.058,0.98386,0.98419,1.75,1.75
2016.02.16 18:32:32.437,0.98386,0.9842,1.75,1.75
2016.02.16 18:32:32.488,0.98386,0.9842,1.75,1.75
2016.02.16 18:32:32.538,0.98386,0.98415,1.75,1.00
2016.02.16 18:32:33.119,0.98385,0.98421,1.75,3.75
2016.02.16 18:32:33.464,0.98386,0.98419,1.75,1.75
2016.02.16 18:32:33.566,0.98386,0.98419,1.75,1.75
2016.02.16 18:32:33.875,0.98386,0.9842,1.75,1.75
2016.02.16 18:32:34.127,0.98388,0.9842,1.75,1.75
2016.02.16 18:32:34.487,0.98388,0.9842,1.75,1.75
2016.02.16 18:32:36.441,0.9839,0.9842,1.00,2.25
2016.02.16 18:32:37.658,0.98385,0.9842,1.75,3.00
2016.02.16 18:32:38.199,0.98384,0.98419,1.75,1.75
2016.02.16 18:32:41.221,0.98389,0.9842,1.00,1.75
2016.02.16 18:32:41.985,0.98384,0.98419,2.25,1.75
2016.02.16 18:32:51.432,0.98386,0.98419,1.75,1.75
2016.02.16 18:32:51.768,0.98385,0.9842,1.75,1.75
2016.02.16 18:32:54.347,0.98387,0.98421,1.75,3.75
2016.02.16 18:32:54.398,0.98388,0.98413,1.00,1.00
2016.02.16 18:32:54.449,0.98385,0.98421,1.75,3.75
2016.02.16 18:32:54.955,0.98386,0.98419,1.75,1.75
2016.02.16 18:32:57.941,0.98389,0.98421,1.75,3.00
2016.02.16 18:32:57.991,0.98389,0.98421,1.75,1.75
2016.02.16 18:32:58.092,0.98389,0.98421,1.75,1.75
2016.02.16 18:32:59.056,0.98389,0.98419,1.37,1.75
2016.02.16 18:32:59.107,0.98389,0.98413,1.00,1.00
2016.02.16 18:32:59.871,0.98389,0.98419,1.37,1.75
2016.02.16 18:33:00.395,0.98389,0.98421,1.75,1.75
2016.02.16 18:33:03.082,0.98388,0.9842,1.37,2.25
2016.02.16 18:33:03.133,0.98386,0.98419,1.75,2.25
2016.02.16 18:33:03.359,0.9838,0.98409,1.75,1.00
2016.02.16 18:33:03.661,0.98378,0.98412,1.37,3.00
2016.02.16 18:33:03.712,0.98378,0.9841,1.37,2.25
2016.02.16 18:33:03.813,0.98377,0.98411,1.75,2.25
2016.02.16 18:33:04.115,0.98377,0.9841,1.75,2.25
2016.02.16 18:33:04.760,0.98379,0.9841,1.50,2.25
2016.02.16 18:33:04.811,0.9838,0.98405,1.00,1.00
2016.02.16 18:33:06.658,0.98379,0.98411,1.37,2.25
2016.02.16 18:33:07.112,0.98376,0.98409,1.75,2.25
2016.02.16 18:33:07.414,0.98376,0.98411,1.75,3.00
2016.02.16 18:33:08.880,0.98375,0.9841,1.75,2.25
2016.02.16 18:33:09.585,0.98373,0.98406,1.75,1.75
2016.02.16 18:33:09.636,0.98373,0.98406,3.00,2.25
2016.02.16 18:33:09.690,0.98374,0.98405,1.37,2.25
2016.02.16 18:33:09.741,0.98374,0.98404,1.12,3.00
2016.02.16 18:33:09.791,0.98373,0.98403,1.37,2.25
2016.02.16 18:33:09.978,0.98374,0.98404,1.00,3.00
2016.02.16 18:33:10.029,0.9837,0.98404,1.75,1.75
2016.02.16 18:33:10.332,0.98377,0.98402,1.00,1.00
2016.02.16 18:33:10.382,0.98373,0.98404,1.75,1.37
2016.02.16 18:33:10.534,0.98373,0.98398,1.00,1.00
2016.02.16 18:33:10.584,0.98368,0.98403,1.75,2.25
2016.02.16 18:33:10.735,0.98367,0.98392,1.50,1.00
2016.02.16 18:33:13.552,0.9837,0.98392,1.00,1.00
2016.02.16 18:33:13.837,0.9837,0.98402,1.75,2.25
2016.02.16 18:33:13.938,0.98373,0.98398,1.00,1.00
2016.02.16 18:33:15.076,0.98368,0.98402,1.75,2.25
2016.02.16 18:33:15.127,0.9837,0.98405,1.75,3.00
2016.02.16 18:33:16.014,0.98367,0.98403,3.00,2.25
2016.02.16 18:33:16.115,0.98367,0.98402,1.75,2.25
2016.02.16 18:33:16.533,0.98369,0.98405,1.75,2.25
2016.02.16 18:33:19.290,0.98367,0.98402,1.75,2.25
2016.02.16 18:33:19.602,0.98371,0.98402,1.75,2.25
2016.02.16 18:33:19.652,0.98371,0.98406,1.75,3.00
2016.02.16 18:33:19.762,0.98371,0.98406,1.75,1.75
2016.02.16 18:33:21.826,0.9837,0.98405,1.75,1.75
2016.02.16 18:33:21.877,0.98374,0.98399,1.00,1.00
2016.02.16 18:33:22.287,0.98371,0.98406,1.75,1.75
2016.02.16 18:33:24.006,0.98372,0.98407,1.75,3.00
2016.02.16 18:33:24.396,0.98368,0.98403,2.25,2.25
2016.02.16 18:33:24.447,0.98371,0.98396,1.00,1.00
2016.02.16 18:33:24.498,0.98366,0.98403,1.75,2.25
2016.02.16 18:33:24.548,0.98373,0.98398,1.00,1.00
2016.02.16 18:33:25.792,0.98367,0.98403,1.75,2.25
2016.02.16 18:33:25.894,0.9837,0.98395,1.00,1.00
2016.02.16 18:33:26.096,0.98367,0.984,1.75,2.25
2016.02.16 18:33:26.197,0.98368,0.98393,1.00,1.00
2016.02.16 18:33:26.915,0.98363,0.98399,2.25,2.25
2016.02.16 18:33:26.966,0.98366,0.98391,1.00,1.00
2016.02.16 18:33:27.508,0.98364,0.98399,1.75,2.25
2016.02.16 18:33:27.559,0.98364,0.984,1.75,1.75
2016.02.16 18:33:27.609,0.98364,0.984,1.75,3.00
2016.02.16 18:33:27.660,0.98363,0.98396,1.75,1.75
2016.02.16 18:33:28.792,0.98363,0.98399,2.25,2.25
2016.02.16 18:33:28.893,0.9837,0.98395,1.00,1.00
2016.02.16 18:33:28.994,0.98366,0.98402,2.25,3.00
2016.02.16 18:33:29.095,0.98369,0.98404,1.75,1.75
2016.02.16 18:33:29.196,0.98369,0.98404,1.75,1.75
2016.02.16 18:33:29.731,0.98369,0.98401,2.25,1.75
2016.02.16 18:33:29.782,0.98367,0.98401,3.00,1.75
2016.02.16 18:33:29.983,0.98365,0.98399,3.00,1.75
2016.02.16 18:33:30.286,0.98364,0.98399,2.25,1.75
2016.02.16 18:33:30.588,0.98366,0.98401,1.75,1.75
2016.02.16 18:33:31.644,0.98369,0.98402,1.75,2.25
2016.02.16 18:33:31.694,0.98369,0.98404,1.75,1.75
2016.02.16 18:33:32.319,0.98367,0.98402,2.25,1.75
2016.02.16 18:33:32.370,0.98371,0.98396,1.00,1.00
2016.02.16 18:33:32.723,0.98365,0.98399,1.75,1.75
2016.02.16 18:33:32.773,0.98367,0.98392,1.00,1.00
2016.02.16 18:33:37.683,0.98364,0.984,2.25,2.25
2016.02.16 18:33:37.734,0.98364,0.98401,2.25,3.00
2016.02.16 18:33:38.227,0.98361,0.98397,2.25,1.75
2016.02.16 18:33:38.278,0.9836,0.98397,1.75,3.00
2016.02.16 18:33:41.758,0.98363,0.98396,1.75,1.75
2016.02.16 18:33:41.859,0.98363,0.98396,1.75,3.00
2016.02.16 18:33:42.416,0.98366,0.98398,1.50,2.25
2016.02.16 18:33:42.468,0.98366,0.984,1.75,2.25
2016.02.16 18:33:43.723,0.98363,0.98398,1.75,1.75
2016.02.16 18:33:44.227,0.98362,0.98396,1.75,1.75
2016.02.16 18:33:44.531,0.98362,0.98398,1.75,3.00
2016.02.16 18:33:47.030,0.98362,0.98398,1.75,2.25
2016.02.16 18:33:47.232,0.98368,0.98401,2.25,1.50
2016.02.16 18:33:48.168,0.98368,0.984,2.25,1.75
2016.02.16 18:33:48.218,0.98365,0.98399,2.25,1.75
2016.02.16 18:33:48.420,0.98364,0.98399,1.75,1.75
2016.02.16 18:33:48.747,0.98364,0.984,3.00,1.75
2016.02.16 18:33:49.516,0.98364,0.98399,1.75,1.75
2016.02.16 18:33:51.280,0.98364,0.98399,1.75,1.75
2016.02.16 18:33:51.532,0.98367,0.98401,2.25,1.75
2016.02.16 18:33:54.163,0.98364,0.98399,2.25,2.25
2016.02.16 18:33:54.214,0.98366,0.98392,1.00,1.00
2016.02.16 18:33:54.567,0.98361,0.98396,1.75,1.75
2016.02.16 18:33:54.618,0.98364,0.98389,1.00,1.00
2016.02.16 18:33:54.769,0.98359,0.98393,1.75,1.75
2016.02.16 18:33:54.820,0.98362,0.98387,1.00,1.00
2016.02.16 18:33:55.172,0.98359,0.98394,1.75,3.00
2016.02.16 18:33:55.511,0.9836,0.98396,1.75,2.25
2016.02.16 18:33:56.021,0.9836,0.98396,3.00,2.25
2016.02.16 18:33:57.251,0.98362,0.98396,2.25,1.75
2016.02.16 18:33:57.453,0.98363,0.98396,1.75,1.75
2016.02.16 18:33:57.554,0.98364,0.98401,2.25,3.00
2016.02.16 18:33:57.655,0.98371,0.98396,1.00,1.00
2016.02.16 18:33:57.812,0.98363,0.98401,3.00,3.00
2016.02.16 18:34:00.688,0.98364,0.98399,1.75,1.75
2016.02.16 18:34:00.739,0.98364,0.98399,1.75,3.00
2016.02.16 18:34:02.445,0.98364,0.984,1.75,1.75
2016.02.16 18:34:03.275,0.98363,0.984,3.00,2.25
2016.02.16 18:34:03.326,0.98367,0.98392,1.00,1.00
2016.02.16 18:34:03.880,0.98364,0.984,1.75,3.00
2016.02.16 18:34:03.930,0.9837,0.98395,1.00,1.00
2016.02.16 18:34:04.366,0.98364,0.98401,1.75,3.75
2016.02.16 18:34:04.467,0.98368,0.98393,1.00,1.00
2016.02.16 18:34:05.089,0.98363,0.98398,1.75,3.00
2016.02.16 18:34:05.240,0.98363,0.98398,1.75,1.75
2016.02.16 18:34:06.191,0.98365,0.98399,1.50,1.75
2016.02.16 18:34:06.292,0.98365,0.98399,1.50,3.00
2016.02.16 18:34:07.579,0.98362,0.98399,1.75,3.00
2016.02.16 18:34:07.680,0.98362,0.98399,1.75,1.75
2016.02.16 18:34:07.882,0.98364,0.98399,1.75,3.00
2016.02.16 18:34:08.408,0.98363,0.98396,1.75,1.75
2016.02.16 18:34:08.660,0.98368,0.98393,1.00,1.00
2016.02.16 18:34:08.912,0.98364,0.98397,1.75,1.75
2016.02.16 18:34:08.963,0.98371,0.98396,1.00,1.00
2016.02.16 18:34:09.214,0.98364,0.98399,2.25,1.75
2016.02.16 18:34:09.265,0.98369,0.98394,1.00,1.00
2016.02.16 18:34:10.021,0.98368,0.98402,2.25,2.25
2016.02.16 18:34:10.072,0.98369,0.98405,3.00,1.75
2016.02.16 18:34:10.843,0.98368,0.98402,1.75,1.75
2016.02.16 18:34:10.894,0.98368,0.98402,1.75,1.75
2016.02.16 18:34:10.945,0.98365,0.98399,3.00,1.75
2016.02.16 18:34:11.493,0.98367,0.98401,1.75,1.75
2016.02.16 18:34:11.544,0.98373,0.98398,1.00,1.00
2016.02.16 18:34:11.695,0.98368,0.98404,1.75,3.00
2016.02.16 18:34:11.948,0.98368,0.98401,1.75,1.75
2016.02.16 18:34:12.105,0.98368,0.98403,2.25,1.75
2016.02.16 18:34:12.448,0.98368,0.98403,3.75,1.75
2016.02.16 18:34:12.550,0.98371,0.98396,1.00,1.00
2016.02.16 18:34:13.054,0.98367,0.98403,2.25,1.75
2016.02.16 18:34:13.387,0.98372,0.98401,1.00,1.75
2016.02.16 18:34:13.489,0.98368,0.98401,1.75,1.75
2016.02.16 18:34:13.920,0.98367,0.98401,1.75,1.75
2016.02.16 18:34:13.971,0.98371,0.98396,1.00,1.00
2016.02.16 18:34:14.022,0.98369,0.98401,1.75,1.50
2016.02.16 18:34:14.072,0.98369,0.98401,1.75,1.50
2016.02.16 18:34:14.654,0.98369,0.98404,3.75,1.75
2016.02.16 18:34:14.705,0.9837,0.98404,2.25,1.75
2016.02.16 18:34:26.830,0.98375,0.984,1.00,1.00
2016.02.16 18:34:26.931,0.98367,0.98402,2.25,2.25
2016.02.16 18:34:27.297,0.9837,0.98401,2.25,1.50
2016.02.16 18:34:31.637,0.98378,0.98403,1.00,1.00
2016.02.16 18:34:31.947,0.98376,0.98401,1.00,1.00
2016.02.16 18:34:33.554,0.98371,0.98406,2.25,1.75
2016.02.16 18:34:33.755,0.98369,0.98406,3.00,1.75
2016.02.16 18:34:33.957,0.98371,0.98406,2.25,1.75
2016.02.16 18:34:34.058,0.98376,0.98401,1.00,1.00
2016.02.16 18:34:35.659,0.98371,0.98406,2.25,1.75
2016.02.16 18:34:35.962,0.98369,0.98407,2.25,4.12
2016.02.16 18:34:36.305,0.98368,0.98402,2.25,1.75
2016.02.16 18:34:36.607,0.98364,0.98398,1.75,2.25
2016.02.16 18:34:36.658,0.9837,0.98395,1.00,1.00
2016.02.16 18:34:37.416,0.98363,0.984,1.75,2.25
2016.02.16 18:34:37.920,0.98363,0.98399,1.75,2.25
2016.02.16 18:34:38.222,0.98363,0.98398,1.75,2.25
2016.02.16 18:34:38.374,0.98363,0.98399,1.75,2.25
2016.02.16 18:34:40.291,0.98365,0.98401,1.75,2.25
2016.02.16 18:34:40.543,0.98375,0.984,1.00,1.00
2016.02.16 18:34:40.644,0.98373,0.98398,1.00,1.00
2016.02.16 18:34:40.946,0.98368,0.98401,1.75,2.25
2016.02.16 18:34:41.349,0.98364,0.984,1.75,3.00
2016.02.16 18:34:41.647,0.98363,0.984,2.25,1.75
2016.02.16 18:34:41.748,0.98369,0.984,1.12,2.25
2016.02.16 18:34:41.849,0.98369,0.98403,1.50,2.25
2016.02.16 18:34:41.950,0.98369,0.98403,1.75,3.75
2016.02.16 18:34:42.253,0.98369,0.98401,1.50,2.25
2016.02.16 18:34:42.454,0.98369,0.98406,3.00,2.25
2016.02.16 18:34:42.555,0.98371,0.98406,2.25,1.75
2016.02.16 18:34:42.860,0.98371,0.98406,1.75,1.75
2016.02.16 18:34:44.253,0.98374,0.98399,1.00,1.00
2016.02.16 18:34:44.564,0.9837,0.98404,2.25,1.75
2016.02.16 18:34:46.766,0.98372,0.98405,3.00,1.75
2016.02.16 18:34:53.861,0.98377,0.98403,1.00,1.37
2016.02.16 18:34:54.386,0.98368,0.98401,1.75,1.75
2016.02.16 18:34:56.479,0.98369,0.984,1.75,1.75
2016.02.16 18:34:56.580,0.98369,0.984,1.75,1.75
2016.02.16 18:34:58.665,0.98372,0.98405,1.75,3.00
2016.02.16 18:34:58.716,0.98372,0.98405,1.75,1.75
2016.02.16 18:34:59.901,0.98372,0.98406,1.75,3.75
2016.02.16 18:35:00.203,0.98369,0.98402,2.25,1.75
2016.02.16 18:35:00.707,0.9837,0.98395,1.00,1.00
2016.02.16 18:35:00.808,0.98364,0.98399,1.75,3.00
2016.02.16 18:35:01.127,0.98366,0.98401,1.75,3.00
2016.02.16 18:35:01.177,0.98363,0.98397,3.00,1.75
2016.02.16 18:35:01.278,0.9837,0.98397,1.00,1.50
2016.02.16 18:35:01.803,0.98364,0.98396,1.75,1.75
2016.02.16 18:35:02.226,0.98364,0.984,1.75,1.75
2016.02.16 18:35:04.477,0.98363,0.98399,3.00,1.75
2016.02.16 18:35:04.527,0.98371,0.98396,1.00,1.00
2016.02.16 18:35:04.880,0.98365,0.98401,1.75,1.75
2016.02.16 18:35:04.931,0.98369,0.98394,1.00,1.00
2016.02.16 18:35:04.981,0.98365,0.98401,1.75,1.75
2016.02.16 18:35:05.032,0.98365,0.98401,1.75,1.75
2016.02.16 18:35:05.594,0.98363,0.98398,1.75,1.75
2016.02.16 18:35:05.927,0.98363,0.98396,1.75,2.25
2016.02.16 18:35:06.230,0.98363,0.98389,1.50,1.00
2016.02.16 18:35:06.280,0.98362,0.98395,1.50,3.00
2016.02.16 18:35:06.586,0.98363,0.98395,1.75,2.25
2016.02.16 18:35:06.737,0.98366,0.98391,1.00,1.00
2016.02.16 18:35:07.291,0.98365,0.98398,1.75,3.00
2016.02.16 18:35:07.342,0.98368,0.98394,1.00,1.00
2016.02.16 18:35:07.392,0.98365,0.98398,1.75,1.75
2016.02.16 18:35:07.911,0.98365,0.98399,1.75,1.75
2016.02.16 18:35:08.214,0.98364,0.98396,1.50,2.25
2016.02.16 18:35:09.519,0.98362,0.98394,1.75,1.75
2016.02.16 18:35:09.821,0.98363,0.98396,1.75,1.75
2016.02.16 18:35:10.916,0.98366,0.98391,1.00,1.00
2016.02.16 18:35:11.419,0.9836,0.98393,1.75,1.75
2016.02.16 18:35:14.028,0.98363,0.98395,2.25,1.50
2016.02.16 18:35:14.330,0.98368,0.98401,3.00,1.75
2016.02.16 18:35:14.607,0.98368,0.98402,1.75,1.75
2016.02.16 18:35:14.917,0.98371,0.98401,1.00,1.75
2016.02.16 18:35:15.222,0.98366,0.98398,1.75,1.75
2016.02.16 18:35:15.525,0.98368,0.98402,1.75,2.25
2016.02.16 18:35:16.690,0.9837,0.98404,1.75,1.75
2016.02.16 18:35:16.741,0.9837,0.98404,1.75,1.75
2016.02.16 18:35:18.844,0.98371,0.98403,1.75,1.75
2016.02.16 18:35:21.009,0.98371,0.98403,1.75,1.75
2016.02.16 18:35:21.510,0.98371,0.98403,1.75,1.75
2016.02.16 18:35:25.003,0.9837,0.98403,1.75,1.75
2016.02.16 18:35:25.053,0.98373,0.98398,1.00,1.00
2016.02.16 18:35:25.215,0.9837,0.98404,1.75,1.75
2016.02.16 18:35:25.768,0.98372,0.98405,1.75,1.75
2016.02.16 18:35:30.867,0.98373,0.98405,1.75,1.75
2016.02.16 18:35:30.918,0.98373,0.98405,1.75,1.75
2016.02.16 18:35:33.411,0.98372,0.98405,1.75,1.75
2016.02.16 18:35:33.462,0.98372,0.98405,1.75,1.75
2016.02.16 18:35:36.798,0.98372,0.98405,1.75,1.75
2016.02.16 18:35:37.714,0.98372,0.98405,1.75,1.75
2016.02.16 18:35:37.765,0.98374,0.98399,1.00,1.00
2016.02.16 18:35:37.816,0.98372,0.98405,1.75,1.75
2016.02.16 18:35:37.866,0.98376,0.98401,1.00,1.00
2016.02.16 18:35:37.917,0.98373,0.98405,2.25,1.75
2016.02.16 18:35:38.172,0.98383,0.98408,1.00,1.00
2016.02.16 18:35:38.223,0.98386,0.98411,1.00,1.50
2016.02.16 18:35:38.526,0.98382,0.98414,2.25,1.50
2016.02.16 18:35:39.816,0.98384,0.98413,1.75,1.37
2016.02.16 18:35:40.075,0.98384,0.98416,1.75,1.75
2016.02.16 18:35:40.277,0.98384,0.98419,2.25,2.25
2016.02.16 18:35:40.936,0.98388,0.9842,1.75,3.00
2016.02.16 18:35:40.987,0.98388,0.9842,1.75,1.75
2016.02.16 18:35:41.340,0.98388,0.98421,1.75,2.25
2016.02.16 18:35:41.492,0.98389,0.98421,1.75,1.75
2016.02.16 18:35:41.995,0.98391,0.98422,1.00,3.75
2016.02.16 18:35:42.297,0.98387,0.98422,1.75,2.25
2016.02.16 18:35:44.467,0.98388,0.9842,1.75,1.75
2016.02.16 18:35:45.043,0.98386,0.98418,1.75,1.50
2016.02.16 18:35:45.194,0.98386,0.98421,1.75,2.25
2016.02.16 18:35:45.721,0.98387,0.9842,1.75,1.75
2016.02.16 18:35:47.901,0.98388,0.9842,1.75,1.75
2016.02.16 18:35:47.952,0.9839,0.98415,1.00,1.00
2016.02.16 18:35:48.053,0.98386,0.98421,1.75,1.75
2016.02.16 18:35:48.456,0.98385,0.98419,1.75,1.75
2016.02.16 18:35:50.535,0.98386,0.98419,1.75,1.75
2016.02.16 18:35:50.586,0.98386,0.98419,1.75,1.75
2016.02.16 18:35:50.888,0.98386,0.98419,1.75,1.75
2016.02.16 18:35:52.153,0.98389,0.98419,1.12,1.75
2016.02.16 18:35:52.468,0.98389,0.98419,1.50,1.75
2016.02.16 18:35:56.856,0.98389,0.9842,1.75,1.75
2016.02.16 18:35:56.907,0.98392,0.98417,1.00,1.00
2016.02.16 18:35:57.493,0.98388,0.9842,1.75,1.75
2016.02.16 18:35:57.996,0.98389,0.98421,1.75,1.75
2016.02.16 18:35:58.148,0.98389,0.9842,1.75,1.75
2016.02.16 18:35:58.597,0.98391,0.98417,1.00,1.37
2016.02.16 18:35:58.899,0.98385,0.98418,1.75,1.75
2016.02.16 18:36:00.707,0.98386,0.98418,1.75,1.75
2016.02.16 18:36:01.219,0.98385,0.98419,1.75,1.75
2016.02.16 18:36:01.522,0.98387,0.9842,1.75,1.75
2016.02.16 18:36:03.407,0.98391,0.98419,1.00,1.75
2016.02.16 18:36:04.396,0.98385,0.98419,1.75,1.75
2016.02.16 18:36:04.900,0.98392,0.98417,1.00,1.00
2016.02.16 18:36:06.054,0.98389,0.9842,1.50,1.75
2016.02.16 18:36:06.216,0.98389,0.9842,1.50,1.75
2016.02.16 18:36:08.367,0.98386,0.98421,1.75,3.75
2016.02.16 18:36:08.619,0.9839,0.98415,1.00,1.00
2016.02.16 18:36:09.000,0.98389,0.98422,1.75,1.75
2016.02.16 18:36:09.201,0.98399,0.98424,1.00,1.00
2016.02.16 18:36:10.822,0.98397,0.98428,2.25,1.75
2016.02.16 18:36:10.873,0.98398,0.98431,2.25,1.75
2016.02.16 18:36:10.974,0.98405,0.9843,1.00,1.00
2016.02.16 18:36:11.175,0.98398,0.98431,2.62,1.00
2016.02.16 18:36:11.277,0.98398,0.98431,1.75,1.12
2016.02.16 18:36:11.428,0.98393,0.98428,1.75,1.37
2016.02.16 18:36:11.479,0.98393,0.98428,1.75,1.75
2016.02.16 18:36:11.807,0.98393,0.98427,1.75,1.00
2016.02.16 18:36:12.616,0.98398,0.9843,1.37,1.75
2016.02.16 18:36:16.114,0.98396,0.98431,1.75,1.75
2016.02.16 18:36:16.165,0.98396,0.98429,1.75,1.50
2016.02.16 18:36:16.215,0.98396,0.98429,1.75,1.50
2016.02.16 18:36:16.719,0.98394,0.98429,2.25,1.75
2016.02.16 18:36:19.622,0.98395,0.98428,3.00,1.75
2016.02.16 18:36:20.140,0.98395,0.98429,3.00,1.75
2016.02.16 18:36:21.839,0.98395,0.9843,1.75,1.75
2016.02.16 18:36:21.890,0.984,0.98425,1.00,1.00
2016.02.16 18:36:21.941,0.98395,0.9843,1.75,1.75
2016.02.16 18:36:21.992,0.98398,0.98427,1.75,1.12
2016.02.16 18:36:22.042,0.98398,0.98427,1.75,1.37
2016.02.16 18:36:22.345,0.98399,0.98423,1.00,1.00
2016.02.16 18:36:22.500,0.984,0.98425,1.00,1.00
2016.02.16 18:36:23.354,0.98395,0.98429,3.00,1.75
2016.02.16 18:36:23.859,0.98395,0.98429,3.00,1.75
2016.02.16 18:36:29.045,0.98397,0.98427,1.75,1.50
2016.02.16 18:36:29.146,0.98397,0.98427,1.75,1.50
2016.02.16 18:36:29.247,0.98395,0.98427,1.75,1.50
2016.02.16 18:36:29.751,0.98395,0.98427,1.75,1.75
2016.02.16 18:36:32.038,0.98397,0.98432,1.75,1.75
2016.02.16 18:36:32.189,0.98392,0.98417,2.25,1.00
2016.02.16 18:36:33.866,0.98392,0.98422,1.12,2.25
2016.02.16 18:36:34.118,0.98391,0.98423,1.75,1.75
2016.02.16 18:36:36.244,0.98398,0.98423,1.00,1.75
2016.02.16 18:36:36.617,0.98394,0.98421,1.12,1.75
2016.02.16 18:36:37.025,0.98398,0.98424,1.00,3.00
2016.02.16 18:36:38.260,0.98394,0.98421,1.12,1.75
2016.02.16 18:36:38.832,0.98399,0.98424,1.00,3.00
2016.02.16 18:36:38.934,0.98394,0.98421,1.12,1.75
2016.02.16 18:36:39.236,0.98399,0.98424,1.00,3.00
2016.02.16 18:36:40.318,0.98394,0.98421,1.12,1.75
2016.02.16 18:36:41.338,0.98398,0.98424,1.00,2.25
2016.02.16 18:36:41.389,0.98398,0.98426,1.12,2.25
2016.02.16 18:36:41.440,0.98399,0.98423,1.00,1.00
2016.02.16 18:36:41.490,0.98399,0.98431,1.37,2.25
2016.02.16 18:36:41.541,0.98399,0.98433,1.75,3.00
2016.02.16 18:36:41.692,0.98398,0.98433,2.25,1.75
2016.02.16 18:36:41.743,0.98404,0.98429,1.00,1.00
2016.02.16 18:36:56.704,0.98404,0.98433,1.50,1.75
2016.02.16 18:37:04.151,0.98403,0.98428,1.00,1.75
2016.02.16 18:37:04.202,0.98399,0.98427,1.00,1.75
2016.02.16 18:37:04.253,0.98399,0.98418,1.00,1.00
2016.02.16 18:37:04.303,0.98394,0.98418,1.00,1.00
2016.02.16 18:37:04.433,0.98398,0.98425,1.37,2.25
2016.02.16 18:37:04.483,0.98398,0.98427,1.75,1.75
2016.02.16 18:37:04.534,0.98398,0.9843,2.25,1.75
2016.02.16 18:37:06.828,0.98399,0.98431,1.75,1.75
2016.02.16 18:37:07.362,0.98399,0.98431,1.75,1.75
2016.02.16 18:37:18.792,0.98399,0.98427,1.00,1.75
2016.02.16 18:37:18.944,0.98393,0.98416,1.00,1.00
2016.02.16 18:37:19.236,0.98391,0.98416,1.00,1.00
2016.02.16 18:37:19.393,0.98389,0.98414,2.25,1.00
2016.02.16 18:37:30.895,0.98391,0.98421,1.12,2.25
2016.02.16 18:37:31.401,0.98392,0.98422,1.12,2.25
2016.02.16 18:37:34.405,0.9839,0.98421,1.12,2.25
2016.02.16 18:37:35.011,0.9839,0.98422,1.75,2.25
2016.02.16 18:37:35.420,0.98394,0.98422,1.00,2.25
2016.02.16 18:37:35.749,0.98391,0.98422,1.50,2.25
2016.02.16 18:37:36.703,0.9839,0.98423,1.75,1.75
2016.02.16 18:37:37.012,0.98388,0.98422,1.75,1.75
2016.02.16 18:37:37.315,0.98386,0.98419,1.75,1.75
2016.02.16 18:37:37.831,0.98394,0.98421,1.00,2.25
2016.02.16 18:37:37.932,0.98395,0.98427,1.50,1.87
2016.02.16 18:37:38.033,0.98395,0.98427,1.75,1.75
2016.02.16 18:37:38.429,0.98397,0.98429,1.75,1.75
2016.02.16 18:37:39.022,0.98403,0.98432,1.00,2.25
2016.02.16 18:37:39.123,0.98403,0.98436,1.75,2.25
2016.02.16 18:37:40.322,0.98398,0.98433,1.75,1.75
2016.02.16 18:37:42.504,0.98399,0.98434,1.75,1.75
2016.02.16 18:37:48.538,0.98397,0.98431,1.75,1.75
2016.02.16 18:37:57.553,0.98396,0.98421,1.00,1.00
2016.02.16 18:37:57.654,0.9839,0.98425,1.75,2.25
2016.02.16 18:37:58.158,0.98394,0.98419,1.00,1.00
2016.02.16 18:37:58.478,0.9839,0.98426,1.75,1.75
2016.02.16 18:37:59.133,0.98395,0.98431,1.75,1.75
2016.02.16 18:38:00.524,0.98398,0.98428,1.37,1.75
2016.02.16 18:38:00.575,0.98398,0.98422,1.00,1.00
2016.02.16 18:38:01.110,0.98399,0.98422,1.00,1.00
2016.02.16 18:38:01.161,0.98399,0.98428,1.12,1.75
2016.02.16 18:38:04.234,0.98392,0.98428,1.75,1.75
2016.02.16 18:38:04.284,0.98392,0.98428,1.75,3.00
2016.02.16 18:38:05.274,0.98389,0.98426,1.75,2.25
2016.02.16 18:38:05.576,0.98391,0.98427,1.75,2.25
2016.02.16 18:38:09.901,0.98391,0.98429,3.00,2.25
2016.02.16 18:38:10.204,0.98394,0.98432,2.25,2.25
2016.02.16 18:38:10.984,0.98393,0.98431,3.75,2.25
2016.02.16 18:38:11.287,0.98396,0.98434,2.25,2.25
2016.02.16 18:38:11.989,0.98393,0.98431,2.25,2.25
2016.02.16 18:38:13.403,0.98394,0.98432,2.25,3.75
2016.02.16 18:38:13.945,0.98394,0.98432,2.25,2.25
2016.02.16 18:38:16.006,0.98396,0.98427,3.00,1.00
2016.02.16 18:38:17.673,0.98395,0.98431,2.25,2.25
2016.02.16 18:38:17.774,0.98392,0.9843,2.25,2.25
2016.02.16 18:38:17.986,0.98397,0.98422,1.00,1.00
2016.02.16 18:38:18.470,0.9839,0.98425,2.25,2.25
2016.02.16 18:38:18.571,0.98387,0.98425,2.25,2.25
2016.02.16 18:38:18.773,0.98392,0.98417,1.00,1.00
2016.02.16 18:38:19.482,0.98389,0.98425,1.75,3.75
2016.02.16 18:38:20.091,0.98389,0.98425,1.75,2.25
2016.02.16 18:38:20.504,0.98389,0.98424,1.75,2.25
2016.02.16 18:38:20.609,0.98389,0.98426,1.75,3.75
2016.02.16 18:38:21.148,0.98394,0.98419,1.00,1.00
2016.02.16 18:38:23.813,0.98392,0.98417,1.00,1.00
2016.02.16 18:38:25.404,0.98388,0.9842,1.75,2.25
2016.02.16 18:38:25.505,0.98389,0.9842,1.37,2.25
2016.02.16 18:38:27.302,0.98388,0.98422,1.50,2.25
2016.02.16 18:38:27.806,0.98391,0.98416,1.00,1.00
2016.02.16 18:38:30.641,0.98386,0.98423,2.25,2.25
2016.02.16 18:38:30.692,0.98393,0.98418,1.00,1.00
2016.02.16 18:38:30.943,0.98388,0.98422,1.75,2.25
2016.02.16 18:38:31.473,0.98384,0.98422,2.25,2.25
2016.02.16 18:38:31.826,0.98389,0.98425,1.75,2.25
2016.02.16 18:38:32.399,0.98389,0.98419,1.75,1.00
2016.02.16 18:38:32.715,0.98389,0.98424,1.75,2.25
2016.02.16 18:38:33.018,0.98391,0.98416,1.00,1.00
2016.02.16 18:38:34.213,0.98384,0.9842,3.00,2.25
2016.02.16 18:38:34.735,0.98388,0.9842,1.75,2.25
2016.02.16 18:38:37.327,0.98388,0.98421,1.75,2.25
2016.02.16 18:38:37.428,0.98388,0.98423,1.75,2.25
2016.02.16 18:38:44.048,0.9839,0.98421,1.00,2.25
2016.02.16 18:38:46.009,0.98388,0.98422,1.75,2.25
2016.02.16 18:38:48.241,0.98389,0.98424,1.75,2.25
2016.02.16 18:38:48.544,0.98389,0.98426,1.75,2.25
2016.02.16 18:38:48.943,0.98389,0.98423,1.75,2.25
2016.02.16 18:38:49.161,0.98393,0.98418,1.00,1.00
2016.02.16 18:38:49.565,0.98389,0.98423,1.75,2.25
2016.02.16 18:38:50.096,0.98389,0.98423,1.75,2.25
2016.02.16 18:38:52.684,0.98389,0.98424,1.75,3.75
2016.02.16 18:38:53.207,0.98389,0.98424,1.75,2.25
2016.02.16 18:38:55.947,0.98389,0.98425,3.00,2.25
2016.02.16 18:38:56.052,0.98389,0.98427,3.00,1.75
2016.02.16 18:38:56.753,0.98389,0.98425,1.75,2.25
2016.02.16 18:38:57.276,0.98387,0.98425,2.25,2.25
2016.02.16 18:38:59.685,0.98393,0.98427,1.87,2.25
2016.02.16 18:38:59.735,0.984,0.98425,1.00,1.00
2016.02.16 18:38:59.887,0.98397,0.98432,2.25,1.75
2016.02.16 18:38:59.938,0.98397,0.98432,2.25,1.75
2016.02.16 18:39:00.889,0.98397,0.98426,2.25,1.00
2016.02.16 18:39:01.202,0.98397,0.98431,2.25,1.75
2016.02.16 18:39:03.500,0.98395,0.98429,3.75,1.37
2016.02.16 18:39:03.601,0.98394,0.98429,3.00,3.00
2016.02.16 18:39:03.652,0.98394,0.98429,1.75,3.00
2016.02.16 18:39:03.703,0.98394,0.9843,1.75,3.75
2016.02.16 18:39:04.207,0.98395,0.98431,2.25,2.25
2016.02.16 18:39:04.257,0.98395,0.98432,2.25,2.25
2016.02.16 18:39:04.870,0.98397,0.98431,2.25,1.75
2016.02.16 18:39:05.415,0.98397,0.98431,2.25,1.75
2016.02.16 18:39:07.176,0.98403,0.98431,1.00,1.75
2016.02.16 18:39:07.277,0.98396,0.9843,1.75,1.75
2016.02.16 18:39:07.790,0.98396,0.9843,1.75,1.75
2016.02.16 18:39:09.525,0.98397,0.98429,2.25,1.75
2016.02.16 18:39:09.576,0.98398,0.98431,1.75,2.25
2016.02.16 18:39:12.777,0.98403,0.9843,1.00,1.50
2016.02.16 18:39:16.203,0.98401,0.98431,1.00,1.75
2016.02.16 18:39:17.785,0.98394,0.98428,1.75,1.75
2016.02.16 18:39:17.886,0.98393,0.98428,1.75,1.75
2016.02.16 18:39:18.088,0.9839,0.98425,1.75,1.75
2016.02.16 18:39:18.189,0.9839,0.98425,1.75,1.75
2016.02.16 18:39:19.405,0.98389,0.98422,3.75,1.75
2016.02.16 18:39:19.908,0.98389,0.98422,1.75,1.75
2016.02.16 18:39:20.009,0.98393,0.98418,1.00,1.00
2016.02.16 18:39:20.312,0.98389,0.9842,1.75,1.75
2016.02.16 18:39:20.548,0.98393,0.98418,1.00,1.00
2016.02.16 18:39:21.203,0.98391,0.98424,1.75,1.75
2016.02.16 18:39:21.716,0.98392,0.98425,1.75,1.75
2016.02.16 18:39:22.047,0.98391,0.98423,1.75,1.75
2016.02.16 18:39:22.098,0.98393,0.98425,1.75,1.75
2016.02.16 18:39:22.199,0.98399,0.98424,1.00,1.00
2016.02.16 18:39:22.401,0.98394,0.98427,1.75,1.75
2016.02.16 18:39:22.602,0.98399,0.98424,1.00,1.00
2016.02.16 18:39:22.704,0.98394,0.98429,3.00,1.75
2016.02.16 18:39:22.905,0.984,0.98428,1.00,1.75
2016.02.16 18:39:23.107,0.98394,0.98427,1.75,1.75
2016.02.16 18:39:23.633,0.98397,0.98422,1.00,1.00
2016.02.16 18:39:23.734,0.98389,0.9842,2.25,1.37
2016.02.16 18:39:23.785,0.98387,0.9842,3.00,1.50
2016.02.16 18:39:23.836,0.98387,0.9842,1.75,1.50
2016.02.16 18:39:24.138,0.98388,0.9842,1.75,1.75
2016.02.16 18:39:24.509,0.98387,0.98422,1.75,2.25
2016.02.16 18:39:24.618,0.98393,0.98418,1.00,1.00
2016.02.16 18:39:24.920,0.9839,0.98424,1.75,1.75
2016.02.16 18:39:25.021,0.98391,0.98424,1.75,1.75
2016.02.16 18:39:28.925,0.98389,0.98421,1.75,1.50
2016.02.16 18:39:29.026,0.98389,0.9842,1.75,1.75
2016.02.16 18:39:30.628,0.9839,0.98422,1.75,1.75
2016.02.16 18:39:31.162,0.98391,0.98423,1.75,1.75
2016.02.16 18:39:32.939,0.98395,0.98424,1.00,1.75
2016.02.16 18:39:33.450,0.98388,0.98421,1.75,2.25
2016.02.16 18:39:33.761,0.98386,0.98419,1.75,1.75
2016.02.16 18:39:34.310,0.98386,0.98418,1.75,1.75
2016.02.16 18:39:39.523,0.98386,0.98419,1.75,1.75
2016.02.16 18:39:40.027,0.98386,0.98419,1.75,1.75
2016.02.16 18:39:46.451,0.98388,0.98421,1.75,2.25
2016.02.16 18:39:46.552,0.98394,0.98419,1.00,1.00
2016.02.16 18:40:02.282,0.98388,0.98421,1.75,1.75
2016.02.16 18:40:02.384,0.98391,0.98416,1.00,1.00
2016.02.16 18:40:03.507,0.98386,0.98418,1.75,1.75
2016.02.16 18:40:04.122,0.98386,0.98419,1.75,1.75
2016.02.16 18:40:08.213,0.98388,0.98421,1.50,2.25
2016.02.16 18:40:08.331,0.98393,0.98421,1.00,1.75
2016.02.16 18:40:08.382,0.98393,0.98424,1.50,3.00
2016.02.16 18:40:09.190,0.98394,0.98425,1.87,2.62
2016.02.16 18:40:09.291,0.98401,0.98426,1.00,1.00
2016.02.16 18:40:09.392,0.98398,0.98427,1.75,1.75
2016.02.16 18:40:09.935,0.98395,0.9843,3.00,1.75
2016.02.16 18:40:10.439,0.98397,0.98431,1.75,1.75
2016.02.16 18:40:11.074,0.98397,0.98431,1.75,1.75
2016.02.16 18:40:11.397,0.98396,0.98428,1.75,1.50
2016.02.16 18:40:11.599,0.98389,0.98421,1.75,1.75
2016.02.16 18:40:11.700,0.98389,0.98424,1.75,3.00
2016.02.16 18:40:14.489,0.9839,0.98421,1.12,2.25
2016.02.16 18:40:14.792,0.98384,0.98415,1.37,2.25
2016.02.16 18:40:15.001,0.98382,0.98418,1.75,1.75
2016.02.16 18:40:15.404,0.98382,0.98417,1.75,2.25
2016.02.16 18:40:15.908,0.98381,0.98417,3.00,3.00
2016.02.16 18:40:17.282,0.98384,0.98414,1.00,2.25
2016.02.16 18:40:19.834,0.9838,0.98416,1.75,2.25
2016.02.16 18:40:20.362,0.9838,0.98417,1.75,3.00
2016.02.16 18:40:22.629,0.98384,0.98415,1.00,3.00
2016.02.16 18:40:23.133,0.9838,0.98415,1.75,1.75
2016.02.16 18:40:23.234,0.98384,0.98415,1.00,3.00
2016.02.16 18:40:23.599,0.9838,0.98415,1.75,1.75
2016.02.16 18:40:24.123,0.9838,0.98415,1.75,3.00
2016.02.16 18:40:24.225,0.98383,0.98408,1.00,1.00
2016.02.16 18:40:25.024,0.98381,0.98413,1.75,1.75
2016.02.16 18:40:25.125,0.98385,0.9841,1.00,1.00
2016.02.16 18:40:25.522,0.98383,0.98408,1.00,1.00
2016.02.16 18:40:26.027,0.98385,0.9841,1.00,1.00
2016.02.16 18:40:26.624,0.98381,0.98416,1.75,3.75
2016.02.16 18:40:29.101,0.98379,0.98413,1.75,1.75
2016.02.16 18:40:29.152,0.98379,0.98413,1.75,1.75
2016.02.16 18:40:29.618,0.98383,0.98416,1.75,1.75
2016.02.16 18:40:30.557,0.98384,0.98418,1.75,1.75
2016.02.16 18:40:30.931,0.98384,0.98418,1.75,1.75
2016.02.16 18:40:31.862,0.98385,0.98414,1.75,1.00
2016.02.16 18:40:33.467,0.98384,0.98417,1.75,1.75
2016.02.16 18:40:33.971,0.98383,0.98418,1.75,1.75
2016.02.16 18:40:36.029,0.98384,0.98419,1.75,1.75
2016.02.16 18:40:37.759,0.98382,0.98419,3.75,1.75
2016.02.16 18:40:38.635,0.98381,0.98416,1.75,1.75
2016.02.16 18:40:39.139,0.98382,0.98417,3.00,1.75
2016.02.16 18:40:45.713,0.98384,0.98419,1.75,1.75
2016.02.16 18:40:48.615,0.98382,0.98417,1.75,1.75
2016.02.16 18:40:53.071,0.98385,0.9842,1.75,1.75
2016.02.16 18:40:54.184,0.98388,0.98421,1.75,1.75
2016.02.16 18:40:54.285,0.98395,0.9842,1.00,1.00
2016.02.16 18:40:54.487,0.98389,0.98424,1.75,1.75
2016.02.16 18:40:54.789,0.98387,0.98421,1.75,1.75
2016.02.16 18:40:55.131,0.98387,0.9842,2.25,1.75
2016.02.16 18:40:55.434,0.98389,0.98421,1.75,1.75
2016.02.16 18:40:55.790,0.98388,0.98413,1.50,1.00
2016.02.16 18:41:03.951,0.98389,0.98413,1.00,1.00
2016.02.16 18:41:04.428,0.98389,0.98418,1.75,1.75
2016.02.16 18:41:04.933,0.98386,0.98418,1.75,1.75
2016.02.16 18:41:05.135,0.98383,0.98418,2.25,1.75
2016.02.16 18:41:05.286,0.98388,0.98418,1.00,1.75
2016.02.16 18:41:05.636,0.98388,0.98418,1.12,1.75
2016.02.16 18:41:09.013,0.98388,0.98421,1.75,1.75
2016.02.16 18:41:09.554,0.98393,0.98422,1.00,1.75
2016.02.16 18:41:11.414,0.98394,0.98419,1.00,1.00
2016.02.16 18:41:12.819,0.98393,0.98424,1.12,3.00
2016.02.16 18:41:14.563,0.98389,0.98421,2.25,3.00
2016.02.16 18:41:14.868,0.98389,0.98412,1.00,1.00
2016.02.16 18:41:15.177,0.98389,0.98418,1.50,1.75
2016.02.16 18:41:19.408,0.98384,0.98416,1.75,1.75
2016.02.16 18:41:19.459,0.98384,0.98416,1.75,1.75
2016.02.16 18:41:22.218,0.98388,0.98418,1.50,2.25
2016.02.16 18:41:22.268,0.98388,0.98419,1.75,1.75
2016.02.16 18:41:24.835,0.98388,0.98419,1.50,1.75
2016.02.16 18:41:24.886,0.98388,0.98419,1.50,1.75
2016.02.16 18:41:25.037,0.98388,0.98419,1.75,1.75
2016.02.16 18:41:25.752,0.98389,0.98418,1.75,1.75
2016.02.16 18:41:27.129,0.98395,0.98423,1.37,1.87
2016.02.16 18:41:27.180,0.98395,0.98427,3.00,1.12
2016.02.16 18:41:27.382,0.98399,0.98432,1.75,1.75
2016.02.16 18:41:29.158,0.98401,0.98426,1.00,1.00
2016.02.16 18:41:29.563,0.98398,0.98423,1.00,1.00
2016.02.16 18:41:30.338,0.98397,0.98431,1.75,2.25
2016.02.16 18:41:30.641,0.98397,0.98431,1.75,3.75
2016.02.16 18:41:30.691,0.98398,0.98423,1.00,1.00
2016.02.16 18:41:31.934,0.98397,0.9843,1.75,1.75
2016.02.16 18:41:31.984,0.984,0.98425,1.00,1.00
2016.02.16 18:41:34.451,0.98394,0.98426,1.75,1.75
2016.02.16 18:41:34.773,0.98391,0.98425,1.75,2.25
2016.02.16 18:41:34.874,0.98389,0.98419,1.75,1.00
2016.02.16 18:41:34.975,0.98389,0.98423,1.75,1.75
2016.02.16 18:41:35.076,0.98392,0.98425,1.75,1.75
2016.02.16 18:41:35.379,0.98396,0.98429,1.75,1.75
2016.02.16 18:41:39.475,0.98396,0.9843,1.75,3.00
2016.02.16 18:41:39.777,0.98395,0.98426,1.50,2.25
2016.02.16 18:41:42.164,0.98389,0.98422,2.25,1.75
2016.02.16 18:41:42.215,0.98391,0.98416,1.00,1.00
2016.02.16 18:41:42.508,0.98384,0.98419,3.00,1.75
2016.02.16 18:41:44.851,0.98384,0.98419,1.75,1.75
2016.02.16 18:41:44.902,0.98384,0.98419,1.75,3.00
2016.02.16 18:41:46.062,0.98384,0.98417,1.75,1.75
2016.02.16 18:41:46.604,0.98384,0.98418,1.75,1.75
2016.02.16 18:41:58.994,0.98391,0.98416,1.00,1.00
2016.02.16 18:42:03.722,0.98383,0.98419,1.75,1.75
2016.02.16 18:42:04.025,0.9839,0.98415,1.00,1.00
2016.02.16 18:42:04.400,0.98394,0.98419,1.00,1.00
2016.02.16 18:42:04.715,0.98379,0.98411,1.12,2.25
2016.02.16 18:42:05.017,0.98379,0.98413,1.75,1.75
2016.02.16 18:42:07.921,0.9838,0.98405,1.00,1.00
2016.02.16 18:42:08.337,0.98379,0.98414,1.75,2.25
2016.02.16 18:42:09.340,0.98379,0.98413,1.50,2.25
2016.02.16 18:42:12.226,0.98383,0.98414,1.12,2.25
2016.02.16 18:42:13.238,0.98379,0.98407,1.00,2.25
2016.02.16 18:42:13.339,0.98379,0.98411,1.75,1.75
2016.02.16 18:42:16.521,0.98378,0.98411,1.75,2.25
2016.02.16 18:42:16.723,0.98378,0.98405,1.50,1.00
2016.02.16 18:42:17.570,0.98378,0.98407,1.75,1.00
2016.02.16 18:42:18.750,0.98378,0.98413,1.75,3.00
2016.02.16 18:42:19.276,0.98378,0.9841,1.75,1.75
2016.02.16 18:42:22.386,0.98379,0.98411,1.75,1.75
2016.02.16 18:42:22.436,0.98381,0.98406,1.00,1.00
2016.02.16 18:42:25.644,0.98379,0.98409,2.25,1.37
2016.02.16 18:42:25.745,0.98379,0.98414,3.00,1.75
2016.02.16 18:42:27.352,0.98384,0.98412,1.75,1.00
2016.02.16 18:42:29.938,0.98384,0.98417,1.75,1.75
2016.02.16 18:42:30.392,0.98385,0.98415,1.00,1.75
2016.02.16 18:42:33.160,0.98383,0.98412,1.00,1.75
2016.02.16 18:42:33.376,0.98379,0.98412,1.12,3.00
2016.02.16 18:42:33.582,0.98378,0.98409,1.50,3.00
2016.02.16 18:42:36.864,0.98379,0.98409,1.00,3.00
2016.02.16 18:42:37.421,0.98374,0.98409,2.25,3.00
2016.02.16 18:42:44.586,0.98378,0.98407,1.37,1.75
2016.02.16 18:42:44.687,0.98379,0.98404,1.00,1.00
2016.02.16 18:42:44.889,0.98384,0.98404,1.00,1.00
2016.02.16 18:42:45.473,0.98379,0.98404,1.00,1.00
2016.02.16 18:42:45.574,0.98378,0.98409,1.12,3.00
2016.02.16 18:42:47.903,0.98378,0.98406,1.37,1.75
2016.02.16 18:42:48.004,0.9838,0.98405,1.00,1.00
2016.02.16 18:42:48.105,0.98374,0.98405,1.75,1.50
2016.02.16 18:42:48.276,0.98374,0.98401,1.50,1.00
2016.02.16 18:42:48.327,0.9837,0.98404,1.75,1.75
2016.02.16 18:42:50.518,0.98371,0.98404,1.75,1.75
2016.02.16 18:42:50.720,0.98375,0.984,1.00,1.00
2016.02.16 18:42:50.880,0.9837,0.98402,1.75,1.75
2016.02.16 18:42:50.981,0.98373,0.98405,1.50,1.75
2016.02.16 18:42:51.083,0.98375,0.984,1.00,1.00
2016.02.16 18:42:51.184,0.98373,0.98405,1.75,1.75
2016.02.16 18:42:51.285,0.98373,0.98405,2.25,1.75
2016.02.16 18:42:51.789,0.98375,0.984,1.00,1.00
2016.02.16 18:42:53.117,0.98374,0.98405,1.75,1.75
2016.02.16 18:42:53.168,0.98374,0.98405,1.75,1.75
2016.02.16 18:42:53.219,0.98374,0.98405,1.75,1.75
2016.02.16 18:42:53.370,0.98374,0.98407,1.75,1.75
2016.02.16 18:42:53.723,0.98374,0.98405,1.75,1.75
2016.02.16 18:42:54.257,0.98374,0.98405,1.75,1.37
2016.02.16 18:42:55.617,0.98379,0.98405,1.00,1.37
2016.02.16 18:42:56.719,0.98374,0.98407,2.25,1.75
2016.02.16 18:42:57.220,0.98374,0.98406,1.75,1.75
2016.02.16 18:42:58.321,0.98374,0.98406,1.75,1.75
2016.02.16 18:42:59.089,0.98379,0.98407,1.12,1.75
2016.02.16 18:42:59.240,0.98379,0.98408,1.50,1.75
2016.02.16 18:42:59.442,0.98375,0.98408,3.00,1.75
2016.02.16 18:42:59.745,0.9838,0.98405,1.00,1.00
2016.02.16 18:42:59.866,0.98382,0.98405,1.00,1.00
2016.02.16 18:43:00.169,0.9838,0.98415,1.75,1.75
2016.02.16 18:43:00.471,0.98379,0.98411,1.75,1.75
2016.02.16 18:43:00.522,0.98381,0.98406,1.00,1.00
2016.02.16 18:43:00.723,0.98374,0.98408,2.25,1.75
2016.02.16 18:43:01.113,0.98374,0.98406,1.50,1.75
2016.02.16 18:43:01.164,0.98374,0.98406,1.50,3.00
2016.02.16 18:43:01.215,0.98374,0.98405,1.12,2.25
2016.02.16 18:43:01.607,0.98374,0.98407,1.75,3.00
2016.02.16 18:43:02.010,0.98378,0.98403,1.00,1.00
2016.02.16 18:43:02.212,0.98373,0.98408,2.25,3.00
2016.02.16 18:43:02.563,0.98374,0.98405,1.12,1.75
2016.02.16 18:43:03.715,0.98374,0.98407,2.25,3.00
2016.02.16 18:43:04.227,0.98374,0.98408,1.75,1.75
2016.02.16 18:43:07.010,0.98374,0.98407,1.75,1.75
2016.02.16 18:43:07.061,0.98374,0.98407,1.75,3.00
2016.02.16 18:43:07.940,0.98373,0.9841,2.25,3.00
2016.02.16 18:43:09.339,0.98376,0.98401,1.00,1.00
2016.02.16 18:43:09.843,0.98374,0.98405,1.12,2.25
2016.02.16 18:43:10.146,0.98374,0.98408,1.75,3.00
2016.02.16 18:43:13.960,0.98371,0.98406,2.25,1.75
2016.02.16 18:43:14.363,0.98369,0.98405,1.75,2.25
2016.02.16 18:43:14.464,0.98371,0.98396,1.00,1.00
2016.02.16 18:43:14.722,0.98369,0.98403,2.25,2.25
2016.02.16 18:43:14.773,0.98373,0.98398,1.00,1.00
2016.02.16 18:43:14.874,0.98373,0.98405,1.75,1.75
2016.02.16 18:43:16.643,0.98373,0.98404,1.75,1.75
2016.02.16 18:43:16.948,0.9837,0.98405,3.00,1.75
2016.02.16 18:43:17.465,0.98369,0.98404,3.00,1.75
2016.02.16 18:43:17.768,0.98372,0.98406,1.75,1.75
2016.02.16 18:43:18.826,0.98373,0.98406,1.75,1.75
2016.02.16 18:43:18.877,0.98373,0.98406,1.75,1.75
2016.02.16 18:43:21.365,0.98373,0.98406,1.75,1.75
2016.02.16 18:43:21.416,0.98373,0.98406,1.75,1.75
2016.02.16 18:43:21.691,0.98373,0.98405,1.37,3.00
2016.02.16 18:43:21.993,0.98375,0.984,1.00,1.00
2016.02.16 18:43:22.849,0.98373,0.98404,1.37,1.75
2016.02.16 18:43:22.899,0.98373,0.98404,1.37,1.75
2016.02.16 18:43:23.201,0.98374,0.98405,1.75,1.75
2016.02.16 18:43:29.590,0.98378,0.98407,1.12,1.75
2016.02.16 18:43:29.641,0.98378,0.98407,1.50,1.75
2016.02.16 18:43:29.792,0.98375,0.9841,1.75,1.75
2016.02.16 18:43:30.096,0.98376,0.9841,2.25,1.75
2016.02.16 18:43:30.607,0.98374,0.98406,3.00,1.12
2016.02.16 18:43:31.011,0.98374,0.98404,3.00,1.00
2016.02.16 18:43:31.214,0.98374,0.98406,3.00,1.12
2016.02.16 18:43:31.315,0.98374,0.98406,1.75,1.75
2016.02.16 18:43:31.747,0.98374,0.98407,3.00,1.50
2016.02.16 18:43:32.223,0.98376,0.98407,2.25,1.12
2016.02.16 18:43:32.526,0.98378,0.9841,2.25,1.50
2016.02.16 18:43:32.628,0.98376,0.9841,2.25,1.75
2016.02.16 18:43:33.003,0.98377,0.98408,2.25,1.37
2016.02.16 18:43:33.416,0.98378,0.98409,2.25,1.12
2016.02.16 18:43:33.517,0.98377,0.98409,2.25,1.75
2016.02.16 18:43:36.363,0.98382,0.98408,1.00,1.50
2016.02.16 18:43:36.413,0.98379,0.9841,1.75,1.75
2016.02.16 18:43:36.718,0.98379,0.98413,1.75,3.00
2016.02.16 18:43:37.221,0.98374,0.98412,3.00,1.75
2016.02.16 18:43:37.882,0.98374,0.98411,3.00,1.75
2016.02.16 18:43:37.933,0.98379,0.98404,1.00,1.00
2016.02.16 18:43:42.096,0.98373,0.98409,1.75,1.75
2016.02.16 18:43:42.147,0.98373,0.98409,1.75,3.00
2016.02.16 18:43:42.895,0.98374,0.98406,1.50,1.75
2016.02.16 18:43:42.945,0.98374,0.98399,1.50,1.00
2016.02.16 18:43:42.996,0.98374,0.98407,2.25,2.25
2016.02.16 18:43:43.047,0.98374,0.98408,2.25,3.00
2016.02.16 18:43:43.198,0.98376,0.98408,2.25,2.25
2016.02.16 18:43:43.391,0.98378,0.98414,3.00,1.75
2016.02.16 18:43:43.838,0.98378,0.98412,1.75,1.75
2016.02.16 18:43:44.140,0.98373,0.9841,1.75,1.75
2016.02.16 18:43:46.123,0.98369,0.98406,3.00,2.25
2016.02.16 18:43:46.426,0.98373,0.98406,1.75,1.75
2016.02.16 18:43:46.527,0.98379,0.98406,1.00,1.75
2016.02.16 18:43:46.863,0.98373,0.98409,1.75,3.00
2016.02.16 18:43:47.166,0.98379,0.98409,1.00,2.25
2016.02.16 18:43:48.270,0.98379,0.98403,1.00,1.00
2016.02.16 18:43:52.346,0.98384,0.98403,1.00,1.00
2016.02.16 18:43:53.639,0.98384,0.98408,1.00,1.75
2016.02.16 18:43:54.442,0.98378,0.98408,1.75,1.75
2016.02.16 18:43:54.882,0.98384,0.98407,1.00,1.75
2016.02.16 18:43:57.404,0.98379,0.98409,1.50,1.75
2016.02.16 18:43:58.918,0.98383,0.98409,1.00,1.75
2016.02.16 18:43:59.069,0.98379,0.98409,1.50,1.75
2016.02.16 18:43:59.472,0.98383,0.98408,1.00,1.75
2016.02.16 18:44:01.346,0.98378,0.98408,1.75,1.75
2016.02.16 18:44:01.799,0.98384,0.98407,1.00,1.75
2016.02.16 18:44:05.578,0.98378,0.9841,1.75,1.75
2016.02.16 18:44:05.628,0.98378,0.9841,1.75,1.37
2016.02.16 18:44:05.679,0.98383,0.98415,1.12,1.75
2016.02.16 18:44:05.730,0.98383,0.98415,1.12,1.50
2016.02.16 18:44:05.780,0.98385,0.98419,1.75,1.75
2016.02.16 18:44:05.984,0.98393,0.98417,1.00,1.00
2016.02.16 18:44:06.034,0.98393,0.98423,1.37,1.50
2016.02.16 18:44:06.085,0.98398,0.98423,1.00,1.00
2016.02.16 18:44:06.236,0.98397,0.9843,1.75,3.00
2016.02.16 18:44:06.406,0.98404,0.98432,1.75,1.75
2016.02.16 18:44:06.710,0.98404,0.98432,1.00,1.75
2016.02.16 18:44:06.812,0.98404,0.98435,1.12,1.75
2016.02.16 18:44:06.963,0.98408,0.98438,1.00,1.75
2016.02.16 18:44:07.013,0.98408,0.98438,1.00,1.75
2016.02.16 18:44:07.328,0.98408,0.98438,1.00,1.75
2016.02.16 18:44:07.379,0.98404,0.98438,1.12,1.75
2016.02.16 18:44:07.681,0.98404,0.98437,1.00,1.75
2016.02.16 18:44:08.821,0.98404,0.98438,1.00,1.75
2016.02.16 18:44:08.871,0.98404,0.98439,1.37,1.75
2016.02.16 18:44:08.922,0.98406,0.98436,1.00,1.00
2016.02.16 18:44:09.023,0.98404,0.98439,1.75,1.75
2016.02.16 18:44:09.477,0.98409,0.98442,1.75,1.12
2016.02.16 18:44:10.240,0.98409,0.98443,1.37,1.75
2016.02.16 18:44:10.291,0.98409,0.9844,1.00,1.50
2016.02.16 18:44:12.844,0.98409,0.98437,1.00,1.00
2016.02.16 18:44:13.386,0.98404,0.98436,1.75,1.00
2016.02.16 18:44:14.500,0.98404,0.98437,1.75,1.75
2016.02.16 18:44:14.601,0.98404,0.98437,1.50,1.75
2016.02.16 18:44:14.702,0.98406,0.98436,1.00,1.00
2016.02.16 18:44:14.857,0.98409,0.98436,1.00,1.00
2016.02.16 18:44:15.388,0.98409,0.98438,1.50,1.00
2016.02.16 18:44:15.924,0.98409,0.98439,1.50,1.00
2016.02.16 18:44:16.227,0.98409,0.98441,1.00,1.75
2016.02.16 18:44:16.630,0.98406,0.98439,1.75,1.00
2016.02.16 18:44:16.731,0.98406,0.98441,1.75,1.75
2016.02.16 18:44:17.099,0.9841,0.98441,1.00,1.00
2016.02.16 18:44:17.603,0.98409,0.98443,1.75,1.50
2016.02.16 18:44:18.205,0.98413,0.98443,1.00,1.50
2016.02.16 18:44:19.270,0.98408,0.98442,1.50,1.50
2016.02.16 18:44:19.322,0.98408,0.98439,1.50,1.50
2016.02.16 18:44:19.675,0.98408,0.98439,1.37,1.75
2016.02.16 18:44:20.013,0.98414,0.98439,1.00,1.75
2016.02.16 18:44:20.918,0.98414,0.98439,1.00,1.00
2016.02.16 18:44:21.422,0.98414,0.9844,1.00,1.12
2016.02.16 18:44:21.473,0.98406,0.9844,2.25,1.12
2016.02.16 18:44:21.725,0.98419,0.98444,1.00,1.75
2016.02.16 18:44:22.529,0.98419,0.98447,1.00,1.75
2016.02.16 18:44:23.076,0.98419,0.98448,1.00,1.75
2016.02.16 18:44:23.228,0.98414,0.98448,1.12,1.75
2016.02.16 18:44:23.441,0.98408,0.98446,1.75,1.75
2016.02.16 18:44:23.592,0.98413,0.98447,1.00,1.75
2016.02.16 18:44:24.130,0.98413,0.98445,1.50,1.75
2016.02.16 18:44:25.542,0.98414,0.98447,1.50,1.75
2016.02.16 18:44:28.154,0.98414,0.98441,1.50,1.00
2016.02.16 18:44:28.382,0.98414,0.98443,1.50,1.00
2016.02.16 18:44:36.292,0.98414,0.98441,1.50,1.00
2016.02.16 18:44:36.595,0.98414,0.98438,1.00,1.00
2016.02.16 18:44:36.746,0.98414,0.9844,1.00,1.00
2016.02.16 18:44:38.057,0.98414,0.98441,1.00,1.00
2016.02.16 18:44:38.500,0.98414,0.98443,1.75,1.00
2016.02.16 18:44:40.463,0.98413,0.98444,1.75,1.12
2016.02.16 18:44:40.808,0.98413,0.98442,1.75,1.00
2016.02.16 18:44:41.010,0.98413,0.98444,1.75,1.12
2016.02.16 18:44:41.357,0.98413,0.98441,1.75,1.00
2016.02.16 18:44:44.572,0.98413,0.98441,1.75,1.00
2016.02.16 18:44:44.673,0.98409,0.98442,1.75,1.00
2016.02.16 18:44:44.724,0.98409,0.98442,1.75,1.00
2016.02.16 18:44:44.775,0.98414,0.98447,1.00,2.25
2016.02.16 18:44:45.077,0.98419,0.98453,1.75,1.50
2016.02.16 18:44:45.340,0.98418,0.98453,5.55,1.12
2016.02.16 18:44:45.643,0.9842,0.98455,1.75,1.00
2016.02.16 18:44:46.146,0.98424,0.98454,1.50,1.12
2016.02.16 18:44:47.635,0.98423,0.98453,1.75,1.00
2016.02.16 18:44:48.139,0.98423,0.98452,1.75,1.00
2016.02.16 18:44:48.370,0.98423,0.98454,1.75,1.12
2016.02.16 18:44:49.044,0.98423,0.98453,1.75,1.00
2016.02.16 18:44:49.551,0.98423,0.98454,1.75,1.12
2016.02.16 18:44:49.602,0.98423,0.98452,1.75,1.00
2016.02.16 18:44:50.918,0.98424,0.9845,1.50,1.00
2016.02.16 18:44:51.019,0.98424,0.98453,1.50,1.00
2016.02.16 18:44:51.354,0.98424,0.98453,1.50,1.00
2016.02.16 18:44:51.979,0.98418,0.98452,1.12,1.50
2016.02.16 18:44:52.030,0.98423,0.98446,1.00,1.00
2016.02.16 18:44:52.130,0.98415,0.98443,1.00,1.00
2016.02.16 18:44:52.181,0.98413,0.98443,1.75,1.37
2016.02.16 18:44:53.054,0.98418,0.98442,1.00,1.00
2016.02.16 18:44:53.695,0.98417,0.98442,1.00,1.00
2016.02.16 18:44:54.411,0.98413,0.98444,1.75,1.75
2016.02.16 18:44:54.462,0.98413,0.98444,1.75,1.75
2016.02.16 18:44:54.797,0.98414,0.98443,1.00,1.75
2016.02.16 18:44:56.908,0.9841,0.98439,1.75,1.00
2016.02.16 18:44:58.302,0.98411,0.98444,2.25,1.75
2016.02.16 18:44:58.353,0.98418,0.98443,1.00,1.00
2016.02.16 18:44:59.080,0.98411,0.98443,2.25,1.50
2016.02.16 18:44:59.181,0.98408,0.98441,3.00,1.75
2016.02.16 18:45:05.532,0.9841,0.98445,2.25,1.75
2016.02.16 18:45:06.063,0.9841,0.98444,2.25,1.75
2016.02.16 18:45:08.288,0.98412,0.98449,1.75,3.00
2016.02.16 18:45:08.340,0.98413,0.98449,2.25,1.75
2016.02.16 18:45:08.542,0.98414,0.98445,1.75,1.75
2016.02.16 18:45:08.744,0.98413,0.98448,1.75,1.75
2016.02.16 18:45:09.098,0.98414,0.98447,1.75,1.75
2016.02.16 18:45:09.300,0.98416,0.98441,1.00,1.00
2016.02.16 18:45:09.488,0.98414,0.98443,1.50,1.75
2016.02.16 18:45:09.539,0.98414,0.98439,1.50,1.00
2016.02.16 18:45:10.511,0.98414,0.98444,1.75,1.75
2016.02.16 18:45:10.879,0.98414,0.98444,1.50,1.75
2016.02.16 18:45:11.780,0.98414,0.98444,1.75,1.75
2016.02.16 18:45:11.831,0.98418,0.98443,1.00,1.00
2016.02.16 18:45:11.932,0.98414,0.98445,3.00,1.37
2016.02.16 18:45:12.255,0.98416,0.98451,1.75,1.75
2016.02.16 18:45:12.608,0.98413,0.98446,4.12,1.75
2016.02.16 18:45:12.709,0.98417,0.98442,1.00,1.00
2016.02.16 18:45:13.011,0.98413,0.98446,1.75,1.75
2016.02.16 18:45:13.544,0.98414,0.98445,1.75,1.75
2016.02.16 18:45:13.846,0.98414,0.98444,1.50,1.75
2016.02.16 18:45:14.048,0.98417,0.98442,1.00,1.00
2016.02.16 18:45:14.327,0.98419,0.98442,1.00,1.00
2016.02.16 18:45:14.528,0.98417,0.98442,1.00,1.00
2016.02.16 18:45:18.193,0.98418,0.98442,1.00,1.00
2016.02.16 18:45:18.716,0.98418,0.98448,1.75,1.75
2016.02.16 18:45:19.600,0.98414,0.9845,1.75,1.75
2016.02.16 18:45:19.650,0.98418,0.98443,1.00,1.00
2016.02.16 18:45:20.704,0.98414,0.98446,1.75,1.75
2016.02.16 18:45:20.755,0.98414,0.98446,1.75,1.75
2016.02.16 18:45:22.761,0.98414,0.98447,1.75,1.75
2016.02.16 18:45:23.073,0.98414,0.98447,2.25,1.75
2016.02.16 18:45:23.547,0.98416,0.98448,2.25,1.75
2016.02.16 18:45:23.850,0.98421,0.98446,1.00,1.00
2016.02.16 18:45:24.267,0.98414,0.98446,1.75,1.75
2016.02.16 18:45:25.638,0.98418,0.98444,1.00,1.37
2016.02.16 18:45:25.946,0.98414,0.98445,1.50,1.75
2016.02.16 18:45:30.446,0.98414,0.98444,1.50,1.75
2016.02.16 18:45:30.969,0.98417,0.98442,1.00,1.00
2016.02.16 18:45:31.596,0.98419,0.98442,1.00,1.00
2016.02.16 18:45:33.107,0.98417,0.98442,1.00,1.00
2016.02.16 18:45:33.258,0.98419,0.98442,1.00,1.00
2016.02.16 18:45:33.569,0.98414,0.98444,1.50,1.75
2016.02.16 18:45:40.862,0.98414,0.98444,1.50,1.75
2016.02.16 18:45:41.189,0.98409,0.9844,1.75,1.75
2016.02.16 18:45:41.800,0.98409,0.98442,1.75,1.75
2016.02.16 18:45:41.850,0.98413,0.98438,1.00,1.00
2016.02.16 18:45:42.398,0.98414,0.98438,1.00,1.00
2016.02.16 18:45:44.974,0.98414,0.98445,1.37,1.75
2016.02.16 18:45:45.075,0.98414,0.98445,1.50,1.75
2016.02.16 18:45:48.097,0.98414,0.98441,1.50,1.00
2016.02.16 18:45:48.799,0.98414,0.98447,1.50,3.00
2016.02.16 18:46:07.426,0.98413,0.98446,1.75,1.75
2016.02.16 18:46:10.537,0.98414,0.98441,1.37,1.50
2016.02.16 18:46:10.588,0.98409,0.98434,1.00,1.00
2016.02.16 18:46:10.755,0.98408,0.9844,1.37,2.25
2016.02.16 18:46:11.284,0.98408,0.98432,1.00,1.00
2016.02.16 18:46:11.840,0.98408,0.98441,3.00,3.00
2016.02.16 18:46:11.890,0.98409,0.98445,1.75,1.75
2016.02.16 18:46:11.941,0.98409,0.9844,3.00,1.00
2016.02.16 18:46:14.344,0.98408,0.98439,3.00,1.87
2016.02.16 18:46:14.395,0.98408,0.98439,1.12,2.25
2016.02.16 18:46:14.900,0.98409,0.98439,1.00,2.25
2016.02.16 18:46:15.746,0.98408,0.98439,1.12,3.00
2016.02.16 18:46:16.100,0.98408,0.98438,1.50,1.75
2016.02.16 18:46:19.254,0.98409,0.98439,1.00,3.00
2016.02.16 18:46:19.847,0.98409,0.98438,1.12,1.75
2016.02.16 18:46:19.948,0.98409,0.98434,1.50,1.00
2016.02.16 18:46:22.475,0.98409,0.98439,1.12,3.00
2016.02.16 18:46:22.727,0.98408,0.98439,1.50,1.75
2016.02.16 18:46:37.469,0.98409,0.98439,1.00,3.00
2016.02.16 18:46:38.002,0.98409,0.98433,1.37,1.00
2016.02.16 18:46:38.053,0.98414,0.98441,1.00,2.25
2016.02.16 18:46:38.154,0.98414,0.98444,1.00,1.75
2016.02.16 18:46:38.865,0.98409,0.98444,1.75,1.75
2016.02.16 18:46:39.169,0.98414,0.98444,1.00,1.75
2016.02.16 18:46:39.378,0.98409,0.98444,1.75,1.75
2016.02.16 18:46:39.480,0.98415,0.98446,1.37,2.25
2016.02.16 18:46:39.581,0.98418,0.98452,2.25,2.25
2016.02.16 18:46:39.732,0.98416,0.98452,1.75,1.75
2016.02.16 18:46:39.833,0.98424,0.98453,1.00,3.00
2016.02.16 18:46:40.832,0.98419,0.98452,1.75,1.75
2016.02.16 18:46:41.387,0.98418,0.98453,1.75,1.75
2016.02.16 18:46:41.437,0.98424,0.98449,1.00,1.00
2016.02.16 18:46:42.212,0.98424,0.98455,1.50,1.75
2016.02.16 18:46:42.262,0.98424,0.98455,1.75,1.75
2016.02.16 18:46:44.396,0.98423,0.98459,2.25,1.75
2016.02.16 18:46:44.901,0.98434,0.98458,1.00,1.75
2016.02.16 18:46:45.265,0.98428,0.98457,1.12,1.12
2016.02.16 18:46:45.315,0.9843,0.98459,2.25,1.37
2016.02.16 18:46:45.622,0.98433,0.98461,1.00,3.00
2016.02.16 18:46:45.975,0.98439,0.98459,1.00,1.00
2016.02.16 18:46:46.640,0.98434,0.98461,1.50,1.75
2016.02.16 18:46:46.741,0.98439,0.98463,1.00,1.75
2016.02.16 18:46:47.261,0.98438,0.98462,1.00,1.50
2016.02.16 18:46:48.653,0.98434,0.98466,1.75,1.75
2016.02.16 18:46:48.754,0.98439,0.98467,1.12,1.75
2016.02.16 18:46:49.935,0.98438,0.9847,1.50,1.75
2016.02.16 18:46:50.438,0.98436,0.98467,1.80,1.75
2016.02.16 18:46:50.489,0.98438,0.98463,1.00,1.00
2016.02.16 18:46:58.920,0.98434,0.98468,3.00,1.75
2016.02.16 18:46:59.072,0.98439,0.98472,1.75,1.75
2016.02.16 18:46:59.763,0.98435,0.98469,2.55,1.75
2016.02.16 18:47:00.266,0.98433,0.98469,3.75,1.75
2016.02.16 18:47:05.287,0.98438,0.98469,1.50,3.00
2016.02.16 18:47:06.105,0.98438,0.98469,1.12,3.00
2016.02.16 18:47:07.449,0.98439,0.98469,1.00,2.25
2016.02.16 18:47:08.001,0.98434,0.98469,2.25,2.25
2016.02.16 18:47:08.454,0.98439,0.9847,1.37,3.00
2016.02.16 18:47:09.003,0.98439,0.9847,1.37,1.75
2016.02.16 18:47:11.765,0.98436,0.98465,1.75,1.00
2016.02.16 18:47:16.686,0.98433,0.98469,3.75,3.00
2016.02.16 18:47:17.007,0.98434,0.9847,3.75,1.75
2016.02.16 18:47:23.476,0.98439,0.9847,1.00,2.25
2016.02.16 18:47:23.779,0.98438,0.98464,1.37,1.00
2016.02.16 18:47:29.035,0.98438,0.98463,1.50,1.00
2016.02.16 18:47:30.202,0.98439,0.9847,1.37,1.75
2016.02.16 18:47:30.454,0.98436,0.9847,2.25,1.75
2016.02.16 18:47:32.718,0.98442,0.9847,1.00,1.75
2016.02.16 18:47:34.347,0.98439,0.9847,1.12,1.75
2016.02.16 18:47:34.599,0.98443,0.98468,1.00,1.75
2016.02.16 18:47:38.914,0.98438,0.98467,1.50,1.75
2016.02.16 18:47:39.222,0.98443,0.98467,1.00,1.75
2016.02.16 18:47:40.308,0.98439,0.98467,1.12,1.75
2016.02.16 18:47:48.580,0.98437,0.98462,1.00,1.50
2016.02.16 18:47:48.681,0.98433,0.98461,1.75,1.87
2016.02.16 18:47:48.782,0.98433,0.98453,1.00,1.00
2016.02.16 18:47:48.933,0.98429,0.98453,1.00,1.00
2016.02.16 18:47:48.984,0.98429,0.98454,1.00,1.75
2016.02.16 18:47:49.672,0.98429,0.98454,1.00,1.75
2016.02.16 18:47:49.723,0.98429,0.98454,1.00,1.50
2016.02.16 18:47:51.127,0.98428,0.98456,1.12,1.75
2016.02.16 18:47:54.495,0.98429,0.98455,1.00,1.75
2016.02.16 18:47:56.514,0.98429,0.98456,1.75,1.75
2016.02.16 18:47:56.921,0.98433,0.9846,1.00,1.75
2016.02.16 18:47:57.022,0.98433,0.98463,1.75,1.75
2016.02.16 18:47:57.073,0.98433,0.98463,1.75,1.75
2016.02.16 18:47:57.597,0.98434,0.98465,1.75,1.75
2016.02.16 18:47:59.509,0.98434,0.98466,2.25,1.75
2016.02.16 18:48:07.593,0.98435,0.98465,2.25,1.00
2016.02.16 18:48:08.053,0.98443,0.98467,1.00,1.00
2016.02.16 18:48:08.570,0.98443,0.98468,1.00,1.50
2016.02.16 18:48:09.505,0.98438,0.98468,1.75,1.50
2016.02.16 18:48:09.555,0.98441,0.98466,1.00,1.00
2016.02.16 18:48:12.522,0.98441,0.98465,1.00,1.00
2016.02.16 18:48:13.036,0.98441,0.98466,1.00,1.00
2016.02.16 18:48:14.341,0.98444,0.98469,1.00,1.50
2016.02.16 18:48:15.158,0.98446,0.98471,1.00,1.00
2016.02.16 18:48:15.860,0.98441,0.98475,2.25,1.75
2016.02.16 18:48:16.361,0.98442,0.98475,1.75,1.75
2016.02.16 18:48:16.754,0.98441,0.98474,1.75,1.75
2016.02.16 18:48:19.249,0.98443,0.98475,2.25,1.37
2016.02.16 18:48:19.552,0.98452,0.98477,1.00,1.50
2016.02.16 18:48:19.603,0.98452,0.98475,1.00,1.00
2016.02.16 18:48:19.754,0.98444,0.98469,1.00,1.00
2016.02.16 18:48:20.057,0.98441,0.98472,2.25,1.50
2016.02.16 18:48:20.447,0.98441,0.98469,2.25,1.00
2016.02.16 18:48:20.498,0.98435,0.98469,1.75,1.75
2016.02.16 18:48:20.851,0.98436,0.98471,4.05,1.75
2016.02.16 18:48:21.772,0.98446,0.98471,1.00,1.00
2016.02.16 18:48:26.083,0.98441,0.98466,1.00,1.00
2016.02.16 18:48:26.385,0.98445,0.9847,1.00,1.00
2016.02.16 18:48:26.950,0.98439,0.98477,1.80,2.25
2016.02.16 18:48:27.274,0.9844,0.98478,2.25,3.00
2016.02.16 18:48:27.376,0.98445,0.9847,1.00,1.00
2016.02.16 18:48:27.976,0.9844,0.98478,2.25,2.25
2016.02.16 18:48:29.788,0.98439,0.98474,1.80,1.75
2016.02.16 18:48:29.889,0.98442,0.98467,1.00,1.00
2016.02.16 18:48:30.192,0.98433,0.98471,3.00,2.25
2016.02.16 18:48:30.991,0.98432,0.9847,3.00,2.25
2016.02.16 18:48:31.293,0.98433,0.98471,2.25,2.25
2016.02.16 18:48:31.596,0.98435,0.98473,2.25,2.25
2016.02.16 18:48:35.463,0.98436,0.98473,1.80,3.75
2016.02.16 18:48:35.514,0.9844,0.98465,1.00,1.00
2016.02.16 18:48:35.885,0.98439,0.98473,1.80,2.25
2016.02.16 18:48:35.936,0.98439,0.98476,1.80,2.25
2016.02.16 18:48:36.037,0.9844,0.98478,2.25,2.25
2016.02.16 18:48:36.341,0.98439,0.98477,3.00,2.25
2016.02.16 18:48:36.845,0.98441,0.98479,2.25,2.25
2016.02.16 18:48:37.408,0.98443,0.98481,2.25,2.25
2016.02.16 18:48:37.911,0.98444,0.98484,3.00,2.25
2016.02.16 18:48:44.283,0.98447,0.98484,2.25,2.25
2016.02.16 18:48:44.586,0.98449,0.98486,3.00,1.75
2016.02.16 18:48:45.141,0.98449,0.98484,1.75,3.00
2016.02.16 18:48:46.090,0.98446,0.98483,4.50,1.75
2016.02.16 18:48:46.191,0.98454,0.98479,1.00,1.00
2016.02.16 18:48:47.092,0.98449,0.98485,1.75,1.75
2016.02.16 18:48:47.594,0.98449,0.98484,3.00,1.75
2016.02.16 18:48:47.896,0.98449,0.98484,1.75,1.75
2016.02.16 18:48:49.350,0.98448,0.98483,1.75,1.75
2016.02.16 18:48:49.451,0.98448,0.98483,1.75,1.75
2016.02.16 18:48:58.840,0.9845,0.9848,1.75,1.75
2016.02.16 18:48:58.891,0.98453,0.98484,1.12,1.75
2016.02.16 18:48:58.942,0.98459,0.98484,1.37,1.37
2016.02.16 18:48:58.992,0.98459,0.9849,1.75,1.75
2016.02.16 18:48:59.709,0.98459,0.98488,1.75,1.75
2016.02.16 18:48:59.810,0.9846,0.98485,1.00,1.00
2016.02.16 18:49:00.012,0.98459,0.98486,1.12,1.75
2016.02.16 18:49:00.113,0.98453,0.98486,1.75,1.75
2016.02.16 18:49:01.082,0.98453,0.98485,1.75,1.75
2016.02.16 18:49:02.113,0.98459,0.98486,1.00,1.75
2016.02.16 18:49:03.893,0.98453,0.98486,1.75,1.75
2016.02.16 18:49:03.994,0.98457,0.98486,1.00,1.75
2016.02.16 18:49:05.632,0.98453,0.98483,1.37,1.75
2016.02.16 18:49:06.245,0.98453,0.98482,1.00,1.75
2016.02.16 18:49:06.953,0.98453,0.98481,1.50,1.75
2016.02.16 18:49:08.257,0.98453,0.98476,1.00,1.00
2016.02.16 18:49:08.609,0.98451,0.98476,1.00,1.00
2016.02.16 18:49:08.811,0.9845,0.98484,1.75,3.00
2016.02.16 18:49:08.862,0.98456,0.98481,1.00,1.00
2016.02.16 18:49:08.912,0.98453,0.98486,2.25,1.75
2016.02.16 18:49:09.227,0.98459,0.98487,1.50,1.75
2016.02.16 18:49:10.066,0.98459,0.98491,1.75,1.75
2016.02.16 18:49:23.482,0.98458,0.98489,3.00,1.12
2016.02.16 18:49:27.653,0.98467,0.985,2.25,1.50
2016.02.16 18:49:27.704,0.9847,0.98502,2.25,1.75
2016.02.16 18:49:27.906,0.98474,0.98502,1.75,1.37
2016.02.16 18:49:28.208,0.98478,0.98507,1.75,1.75
2016.02.16 18:49:28.410,0.98484,0.98515,1.12,1.75
2016.02.16 18:49:28.461,0.98484,0.98517,1.50,2.25
2016.02.16 18:49:28.763,0.98489,0.98518,1.50,1.75
2016.02.16 18:49:31.109,0.98484,0.98509,1.50,1.50
2016.02.16 18:49:31.411,0.98483,0.98509,1.00,1.00
2016.02.16 18:49:31.912,0.98484,0.98509,1.00,1.00
2016.02.16 18:49:34.112,0.9848,0.98509,1.00,1.00
2016.02.16 18:49:34.270,0.98484,0.98509,1.00,1.00
2016.02.16 18:49:40.164,0.98483,0.98509,1.00,1.00
2016.02.16 18:49:40.342,0.98483,0.98511,1.00,1.00
2016.02.16 18:49:40.860,0.98483,0.9851,1.12,1.00
2016.02.16 18:49:42.300,0.98484,0.9851,1.00,1.00
2016.02.16 18:49:42.952,0.98484,0.98509,1.00,1.00
2016.02.16 18:49:43.229,0.98484,0.98507,1.00,1.00
2016.02.16 18:49:43.747,0.98484,0.9851,1.00,1.75
2016.02.16 18:49:44.107,0.98479,0.98504,1.00,1.00
2016.02.16 18:49:44.157,0.98483,0.98504,1.00,1.00
2016.02.16 18:49:44.258,0.98479,0.98504,1.00,2.25
2016.02.16 18:49:44.311,0.98479,0.98501,1.00,1.75
2016.02.16 18:49:44.371,0.98474,0.98501,1.37,1.75
2016.02.16 18:49:45.008,0.98473,0.98501,1.75,1.37
2016.02.16 18:49:45.058,0.98477,0.98501,1.00,1.00
2016.02.16 18:49:45.563,0.98477,0.98502,1.00,1.00
2016.02.16 18:49:46.710,0.98473,0.98503,1.75,1.75
2016.02.16 18:49:47.224,0.98474,0.98501,1.75,1.75
2016.02.16 18:49:48.379,0.98474,0.98498,1.75,1.00
2016.02.16 18:49:48.430,0.98473,0.98498,1.37,1.37
2016.02.16 18:49:49.150,0.98474,0.98502,1.75,1.50
2016.02.16 18:49:49.491,0.98479,0.98505,1.75,1.12
2016.02.16 18:49:49.995,0.98479,0.98504,1.75,1.00
2016.02.16 18:49:50.247,0.98477,0.98502,1.00,1.50
2016.02.16 18:49:50.857,0.98479,0.98506,1.50,1.75
2016.02.16 18:49:50.958,0.98482,0.98506,1.00,1.00
2016.02.16 18:49:51.437,0.98479,0.98506,1.37,1.75
2016.02.16 18:49:51.538,0.98474,0.98502,1.75,1.12
2016.02.16 18:49:51.589,0.98474,0.98499,1.75,1.00
2016.02.16 18:49:53.243,0.98474,0.98501,1.75,1.00
2016.02.16 18:49:53.445,0.98474,0.98499,1.75,1.00
2016.02.16 18:49:53.790,0.98468,0.98492,1.75,1.00
2016.02.16 18:49:53.841,0.98468,0.98492,1.00,1.75
2016.02.16 18:49:54.747,0.98468,0.98494,1.50,1.75
2016.02.16 18:49:55.459,0.98463,0.98494,1.75,1.75
2016.02.16 18:49:55.560,0.98463,0.98495,2.25,1.75
2016.02.16 18:49:56.105,0.98468,0.98495,1.00,1.75
2016.02.16 18:49:56.244,0.98469,0.98495,1.50,1.75
2016.02.16 18:49:56.758,0.98467,0.98492,1.00,1.00
2016.02.16 18:49:57.588,0.98469,0.98492,1.00,1.00
2016.02.16 18:49:58.541,0.98463,0.98496,3.75,1.75
2016.02.16 18:49:58.693,0.98466,0.98498,2.25,1.37
2016.02.16 18:49:59.263,0.98469,0.98496,1.75,1.00
2016.02.16 18:49:59.768,0.98469,0.98497,1.75,1.75
2016.02.16 18:49:59.868,0.98469,0.98497,1.75,1.12
2016.02.16 18:50:00.383,0.98469,0.98496,1.75,1.00
2016.02.16 18:50:00.552,0.98469,0.98496,1.75,1.75
2016.02.16 18:50:04.096,0.98472,0.98497,1.00,1.00
2016.02.16 18:50:04.297,0.98468,0.98502,2.25,1.75
2016.02.16 18:50:05.369,0.98473,0.98497,1.00,1.00
2016.02.16 18:50:05.631,0.98473,0.98499,1.75,1.50
2016.02.16 18:50:06.297,0.98468,0.98497,1.75,1.00
2016.02.16 18:50:06.398,0.98472,0.98497,1.00,1.50
2016.02.16 18:50:06.449,0.98472,0.98493,1.00,1.00
2016.02.16 18:50:06.600,0.98467,0.98492,1.00,1.00
2016.02.16 18:50:06.752,0.98464,0.98493,1.75,1.50
2016.02.16 18:50:07.301,0.98463,0.98494,1.37,1.75
2016.02.16 18:50:07.402,0.98463,0.98494,1.75,1.75
2016.02.16 18:50:09.186,0.98463,0.98493,1.75,1.75
2016.02.16 18:50:12.038,0.98463,0.98494,1.75,1.75
2016.02.16 18:50:12.831,0.98463,0.98495,2.25,1.37
2016.02.16 18:50:12.881,0.98465,0.98495,5.25,1.00
2016.02.16 18:50:12.932,0.98468,0.98502,2.25,1.75
2016.02.16 18:50:12.984,0.98469,0.98502,2.25,1.75
2016.02.16 18:50:13.387,0.98473,0.98501,1.75,1.00
2016.02.16 18:50:13.555,0.98474,0.98499,1.50,1.00
2016.02.16 18:50:13.606,0.98474,0.98502,1.50,1.37
2016.02.16 18:50:13.908,0.98473,0.98501,1.75,1.12
2016.02.16 18:50:14.436,0.98473,0.985,1.75,1.00
2016.02.16 18:50:16.771,0.98473,0.985,1.75,1.37
2016.02.16 18:50:18.710,0.98469,0.98495,2.25,1.00
2016.02.16 18:50:18.812,0.98468,0.98496,1.12,1.75
2016.02.16 18:50:19.369,0.98469,0.98496,1.12,1.50
2016.02.16 18:50:19.419,0.98469,0.98497,1.50,1.75
2016.02.16 18:50:19.822,0.98472,0.98497,1.00,1.50
2016.02.16 18:50:20.565,0.98469,0.98497,1.75,1.50
2016.02.16 18:50:20.867,0.98464,0.98497,1.75,1.75
2016.02.16 18:50:21.371,0.98463,0.98496,1.75,1.75
2016.02.16 18:50:21.422,0.98468,0.98493,1.00,1.00
2016.02.16 18:50:21.724,0.98463,0.98496,3.00,1.50
2016.02.16 18:50:22.036,0.98463,0.98497,1.75,1.75
2016.02.16 18:50:22.288,0.9847,0.98495,1.00,1.00
2016.02.16 18:50:24.136,0.98463,0.98499,3.00,1.75
2016.02.16 18:50:24.187,0.98464,0.98499,2.25,1.75
2016.02.16 18:50:24.339,0.98467,0.985,2.25,1.50
2016.02.16 18:50:24.389,0.98475,0.985,1.00,1.50
2016.02.16 18:50:25.645,0.98474,0.985,1.37,1.50
2016.02.16 18:50:26.349,0.98474,0.98498,1.00,1.00
2016.02.16 18:50:27.236,0.98474,0.98501,1.50,1.50
2016.02.16 18:50:30.964,0.98474,0.98499,1.37,1.50
2016.02.16 18:50:31.015,0.98474,0.98499,1.00,1.75
2016.02.16 18:50:33.022,0.98474,0.98501,1.50,1.75
2016.02.16 18:50:33.434,0.98474,0.98501,1.00,1.75
2016.02.16 18:50:35.835,0.98469,0.98497,1.75,1.50
2016.02.16 18:50:36.136,0.9847,0.98495,1.00,1.00
2016.02.16 18:50:36.288,0.98468,0.98497,1.75,1.50
2016.02.16 18:50:36.825,0.98469,0.98497,1.75,1.50
2016.02.16 18:50:37.894,0.98469,0.98499,1.75,1.50
2016.02.16 18:50:37.945,0.98474,0.98499,1.00,1.50
2016.02.16 18:50:38.097,0.98473,0.985,1.75,1.37
2016.02.16 18:50:38.600,0.98476,0.985,1.00,1.00
2016.02.16 18:50:39.118,0.98474,0.985,1.37,1.37
2016.02.16 18:50:39.169,0.98474,0.985,1.00,1.75
2016.02.16 18:50:39.672,0.98473,0.98501,1.12,1.75
2016.02.16 18:50:40.253,0.98479,0.98501,1.00,1.75
2016.02.16 18:50:40.995,0.98474,0.98502,1.00,1.75
2016.02.16 18:50:41.197,0.98475,0.985,1.00,1.50
2016.02.16 18:50:42.737,0.98475,0.98499,1.00,1.00
2016.02.16 18:50:43.363,0.98475,0.985,1.00,1.00
2016.02.16 18:50:44.227,0.98478,0.985,1.00,1.00
2016.02.16 18:50:45.405,0.98479,0.985,1.00,1.00
2016.02.16 18:50:45.708,0.98479,0.98508,1.00,1.75
2016.02.16 18:50:46.286,0.98478,0.98511,1.37,1.75
2016.02.16 18:50:46.337,0.9848,0.98512,1.87,2.25
2016.02.16 18:50:46.388,0.98484,0.98513,1.75,1.75
2016.02.16 18:50:46.540,0.98484,0.98515,1.75,1.75
2016.02.16 18:50:46.591,0.98484,0.98514,1.75,1.50
2016.02.16 18:50:46.945,0.98493,0.98516,1.00,1.75
2016.02.16 18:50:48.506,0.98488,0.98517,1.75,1.75
2016.02.16 18:50:51.712,0.98493,0.98515,1.00,1.75
2016.02.16 18:50:52.214,0.98494,0.98517,1.00,1.75
2016.02.16 18:50:52.764,0.98494,0.98516,1.00,1.75
2016.02.16 18:50:52.916,0.98489,0.98516,1.00,1.75
2016.02.16 18:50:53.017,0.98483,0.98512,1.75,1.75
2016.02.16 18:50:53.067,0.98483,0.98512,1.37,1.75
2016.02.16 18:50:53.370,0.98483,0.98512,1.00,3.00
2016.02.16 18:50:53.981,0.98479,0.98508,1.50,1.75
2016.02.16 18:50:54.182,0.98479,0.98506,1.50,1.50
2016.02.16 18:50:54.502,0.98483,0.98508,1.00,1.75
2016.02.16 18:50:54.744,0.98479,0.98508,1.12,1.75
2016.02.16 18:50:55.077,0.98484,0.98508,1.00,1.75
2016.02.16 18:50:55.240,0.98479,0.98508,1.75,1.75
2016.02.16 18:50:55.756,0.98479,0.98506,1.50,1.75
2016.02.16 18:50:56.059,0.98475,0.9851,2.25,1.75
2016.02.16 18:50:56.109,0.98475,0.9851,2.25,1.75
2016.02.16 18:50:56.210,0.98479,0.9851,1.50,1.75
2016.02.16 18:50:56.883,0.98479,0.98508,1.00,1.75
2016.02.16 18:50:57.659,0.98479,0.98506,1.00,1.75
2016.02.16 18:51:00.295,0.98479,0.98502,1.12,1.00
2016.02.16 18:51:01.350,0.9848,0.9851,1.00,2.25
2016.02.16 18:51:01.451,0.9849,0.98511,1.37,1.87
2016.02.16 18:51:01.552,0.98498,0.98524,1.37,1.37
2016.02.16 18:51:01.653,0.98496,0.98529,2.25,1.75
2016.02.16 18:51:02.184,0.98504,0.9853,1.00,1.75
2016.02.16 18:51:05.030,0.98498,0.98528,1.75,1.75
2016.02.16 18:51:05.081,0.98498,0.98525,1.75,1.37
2016.02.16 18:51:05.182,0.98498,0.98525,1.50,1.50
2016.02.16 18:51:05.233,0.98503,0.98525,1.00,1.50
2016.02.16 18:51:05.334,0.98498,0.98525,1.12,1.50
2016.02.16 18:51:06.018,0.98499,0.98524,1.00,1.75
2016.02.16 18:51:06.170,0.98499,0.98524,1.00,1.75
2016.02.16 18:51:06.394,0.98498,0.98525,1.00,1.75
2016.02.16 18:51:06.445,0.98504,0.98525,1.00,1.75
2016.02.16 18:51:06.546,0.98504,0.98526,1.00,1.75
2016.02.16 18:51:06.647,0.98498,0.98526,1.75,1.75
2016.02.16 18:51:07.185,0.98498,0.98524,1.50,1.37
2016.02.16 18:51:07.236,0.98503,0.98524,1.00,1.37
2016.02.16 18:51:07.337,0.98499,0.98522,1.00,1.37
2016.02.16 18:51:07.388,0.98499,0.9852,1.00,1.37
2016.02.16 18:51:07.672,0.98494,0.98519,1.00,1.75
2016.02.16 18:51:07.773,0.98493,0.98518,1.00,1.75
2016.02.16 18:51:08.076,0.98493,0.98524,1.37,2.25
2016.02.16 18:51:08.177,0.98494,0.98526,1.75,1.75
2016.02.16 18:51:08.278,0.98494,0.98526,1.75,1.75
2016.02.16 18:51:08.813,0.985,0.98525,1.00,1.00
2016.02.16 18:51:10.465,0.985,0.98524,1.00,1.00
2016.02.16 18:51:10.566,0.98498,0.98524,1.12,1.50
2016.02.16 18:51:10.616,0.98498,0.98522,1.00,1.37
2016.02.16 18:51:11.137,0.98498,0.9852,1.00,1.75
2016.02.16 18:51:11.289,0.98493,0.98522,1.12,1.75
2016.02.16 18:51:11.692,0.98489,0.9852,1.50,1.75
2016.02.16 18:51:12.079,0.98494,0.98521,1.00,1.75
2016.02.16 18:51:12.828,0.98489,0.98519,1.75,1.75
2016.02.16 18:51:13.418,0.98494,0.9852,1.00,1.75
2016.02.16 18:51:14.224,0.98494,0.98518,1.00,1.75
2016.02.16 18:51:14.477,0.98489,0.98518,1.75,1.50
2016.02.16 18:51:14.602,0.98489,0.98518,1.75,1.50
2016.02.16 18:51:14.703,0.98494,0.98518,1.00,1.50
2016.02.16 18:51:15.258,0.98488,0.98518,1.75,1.50
2016.02.16 18:51:17.109,0.98488,0.98518,1.75,1.50
2016.02.16 18:51:17.210,0.98488,0.9852,1.50,1.75
2016.02.16 18:51:17.312,0.98488,0.98515,1.50,1.00
2016.02.16 18:51:18.338,0.98489,0.98519,1.75,1.75
2016.02.16 18:51:18.852,0.98489,0.98516,1.50,1.75
2016.02.16 18:51:24.711,0.98489,0.98517,1.12,1.75
2016.02.16 18:51:25.273,0.98489,0.98517,1.50,1.75
2016.02.16 18:51:26.261,0.98489,0.98517,1.12,1.75
2016.02.16 18:51:26.762,0.98489,0.98516,1.37,1.75
2016.02.16 18:51:27.816,0.98488,0.98514,1.12,1.37
2016.02.16 18:51:30.627,0.98488,0.98514,1.37,1.75
2016.02.16 18:51:31.131,0.98488,0.98517,1.50,1.75
2016.02.16 18:51:31.524,0.98488,0.98517,1.12,1.75
2016.02.16 18:51:31.712,0.98489,0.98514,1.00,1.00
2016.02.16 18:51:32.174,0.98488,0.98517,1.37,1.75
2016.02.16 18:51:32.478,0.98486,0.98519,1.75,1.75
2016.02.16 18:51:32.630,0.98494,0.98519,1.50,1.00
2016.02.16 18:51:37.975,0.98493,0.98524,1.75,1.75
2016.02.16 18:51:38.025,0.98496,0.98521,1.00,1.00
2016.02.16 18:51:38.159,0.98493,0.98524,2.25,1.37
2016.02.16 18:51:38.461,0.98499,0.98527,1.75,1.75
2016.02.16 18:51:38.967,0.98499,0.98524,1.75,1.37
2016.02.16 18:51:39.169,0.98493,0.98524,1.75,1.50
2016.02.16 18:51:39.220,0.98497,0.98522,1.00,1.00
2016.02.16 18:51:40.172,0.98497,0.98518,1.00,1.00
2016.02.16 18:51:40.324,0.98493,0.98517,1.00,1.00
2016.02.16 18:51:40.829,0.98494,0.98517,1.00,1.00
2016.02.16 18:51:43.707,0.98494,0.98518,1.00,1.75
2016.02.16 18:51:46.703,0.9849,0.98515,1.00,1.00
2016.02.16 18:51:47.014,0.98493,0.98515,1.00,1.00
2016.02.16 18:51:47.453,0.9849,0.98515,1.00,1.00
2016.02.16 18:51:56.675,0.98488,0.98517,1.75,1.50
2016.02.16 18:51:56.776,0.98488,0.98517,1.75,1.12
2016.02.16 18:52:04.583,0.98488,0.98516,1.75,1.00
2016.02.16 18:52:05.837,0.98494,0.98516,1.00,1.37
2016.02.16 18:52:08.685,0.9849,0.98515,1.00,1.00
2016.02.16 18:52:10.049,0.98494,0.98515,1.00,1.00
2016.02.16 18:52:10.160,0.9849,0.98515,1.00,1.00
2016.02.16 18:52:10.261,0.98494,0.98515,1.00,1.00
2016.02.16 18:52:10.381,0.9849,0.98515,1.00,1.00
2016.02.16 18:52:10.482,0.98493,0.98515,1.00,1.00
2016.02.16 18:52:10.583,0.9849,0.98515,1.00,1.00
2016.02.16 18:52:10.684,0.98494,0.98515,1.00,1.00
2016.02.16 18:52:11.257,0.98489,0.98517,1.75,1.50
2016.02.16 18:52:11.359,0.98494,0.98517,1.00,1.75
2016.02.16 18:52:11.460,0.98488,0.98517,1.75,1.75
2016.02.16 18:52:11.564,0.98494,0.98517,1.00,1.75
2016.02.16 18:52:11.665,0.98489,0.98517,1.50,1.75
2016.02.16 18:52:11.929,0.98478,0.9851,1.75,2.25
2016.02.16 18:52:11.982,0.98478,0.98506,1.50,1.75
2016.02.16 18:52:12.084,0.98486,0.9851,1.00,2.25
2016.02.16 18:52:12.185,0.98486,0.98518,3.00,1.75
2016.02.16 18:52:12.437,0.98489,0.98522,2.25,1.75
2016.02.16 18:52:12.487,0.9849,0.98522,2.25,1.75
2016.02.16 18:52:12.538,0.98491,0.98522,2.25,1.50
2016.02.16 18:52:13.042,0.98499,0.98525,1.12,1.75
2016.02.16 18:52:13.724,0.98498,0.98521,1.37,1.00
2016.02.16 18:52:14.226,0.98498,0.98524,1.37,1.50
2016.02.16 18:52:17.334,0.98499,0.98524,1.00,1.50
2016.02.16 18:52:18.358,0.98499,0.98522,1.12,1.12
2016.02.16 18:52:18.559,0.98499,0.98522,1.00,1.37
2016.02.16 18:52:20.838,0.98498,0.98524,1.00,1.75
2016.02.16 18:52:24.153,0.98498,0.98524,1.00,1.75
2016.02.16 18:52:24.254,0.98491,0.98524,1.75,1.75
2016.02.16 18:52:24.355,0.98489,0.98519,3.00,1.37
2016.02.16 18:52:24.658,0.98487,0.98518,2.25,1.50
2016.02.16 18:52:25.117,0.98499,0.9852,1.00,1.75
2016.02.16 18:52:25.369,0.98493,0.98522,1.75,2.25
2016.02.16 18:52:25.672,0.98499,0.98522,1.00,1.75
2016.02.16 18:52:26.024,0.98494,0.98521,1.50,1.75
2016.02.16 18:52:28.360,0.98494,0.98521,1.50,1.50
2016.02.16 18:52:28.411,0.98494,0.98521,1.75,1.12
2016.02.16 18:52:30.188,0.98499,0.98522,1.00,1.75
2016.02.16 18:52:30.390,0.98488,0.98522,3.75,1.75
2016.02.16 18:52:30.793,0.98493,0.98523,1.12,2.25
2016.02.16 18:52:31.096,0.98488,0.98511,1.00,1.00
2016.02.16 18:52:31.347,0.98488,0.98521,2.25,2.25
2016.02.16 18:52:31.398,0.98494,0.98522,1.00,3.00
2016.02.16 18:52:32.234,0.98494,0.98521,1.00,2.25
2016.02.16 18:52:32.782,0.98494,0.98523,1.00,3.00
2016.02.16 18:52:33.028,0.98499,0.98523,1.00,3.00
2016.02.16 18:52:35.487,0.98493,0.98523,1.12,2.25
2016.02.16 18:52:35.629,0.98493,0.98522,1.00,2.25
2016.02.16 18:52:35.780,0.98491,0.98521,1.12,1.75
2016.02.16 18:52:37.371,0.98494,0.98522,1.00,2.25
2016.02.16 18:52:38.523,0.98493,0.98522,1.00,2.25
2016.02.16 18:52:38.902,0.9849,0.98522,1.50,3.00
2016.02.16 18:52:39.219,0.98489,0.98523,3.75,2.25
2016.02.16 18:52:39.421,0.98499,0.98524,1.50,1.00
2016.02.16 18:52:39.522,0.98495,0.98529,1.75,3.00
2016.02.16 18:52:40.026,0.98499,0.98528,1.00,2.25
2016.02.16 18:52:42.700,0.98499,0.98527,1.00,3.00
2016.02.16 18:52:43.154,0.98493,0.98527,2.25,3.00
2016.02.16 18:52:43.692,0.98498,0.98527,1.00,3.00
2016.02.16 18:52:46.043,0.98498,0.98517,1.00,1.00
2016.02.16 18:52:46.144,0.98494,0.98517,1.00,1.00
2016.02.16 18:52:48.876,0.98493,0.98517,1.00,1.00
2016.02.16 18:52:49.777,0.98494,0.98517,1.00,1.00
2016.02.16 18:52:51.457,0.98494,0.98522,1.00,2.25
2016.02.16 18:52:51.973,0.98493,0.98522,1.00,2.25
2016.02.16 18:52:54.824,0.98498,0.98522,1.00,2.25
2016.02.16 18:52:54.925,0.98494,0.98522,1.00,2.25
2016.02.16 18:52:55.177,0.98498,0.98522,1.00,2.25
2016.02.16 18:52:55.228,0.98498,0.98523,1.00,2.25
2016.02.16 18:52:55.667,0.98498,0.98522,1.00,2.25
2016.02.16 18:52:56.230,0.98498,0.98518,1.00,1.00
2016.02.16 18:52:56.331,0.98498,0.9852,1.00,2.25
2016.02.16 18:52:56.432,0.98498,0.98523,1.00,2.25
2016.02.16 18:52:56.833,0.98494,0.98523,1.00,2.25
2016.02.16 18:52:56.885,0.98494,0.98522,1.00,2.25
2016.02.16 18:53:00.442,0.98494,0.9852,1.00,2.25
2016.02.16 18:53:00.543,0.98488,0.98516,1.12,2.25
2016.02.16 18:53:00.689,0.98486,0.98511,1.00,1.75
2016.02.16 18:53:00.740,0.9848,0.98505,1.00,1.00
2016.02.16 18:53:00.841,0.98479,0.98502,1.00,1.00
2016.02.16 18:53:01.351,0.98478,0.98502,1.00,1.00
2016.02.16 18:53:01.969,0.98484,0.98508,1.00,1.75
2016.02.16 18:53:02.272,0.98484,0.98508,1.00,3.00
2016.02.16 18:53:02.656,0.98479,0.98507,1.00,1.75
2016.02.16 18:53:04.671,0.98479,0.98506,1.00,3.00
2016.02.16 18:53:06.353,0.98473,0.98506,1.75,3.00
2016.02.16 18:53:07.347,0.98479,0.98506,1.00,2.25
2016.02.16 18:53:14.074,0.98479,0.98502,1.00,1.00
2016.02.16 18:53:14.175,0.98478,0.985,1.00,1.00
2016.02.16 18:53:15.482,0.98479,0.985,1.00,1.00
2016.02.16 18:53:16.062,0.98475,0.985,1.00,1.00
2016.02.16 18:53:16.364,0.98478,0.985,1.00,1.00
2016.02.16 18:53:17.065,0.98479,0.985,1.00,1.00
2016.02.16 18:53:17.919,0.98479,0.98508,1.00,1.75
2016.02.16 18:53:19.474,0.98478,0.98508,1.12,1.75
2016.02.16 18:53:19.804,0.98478,0.98506,1.00,2.25
2016.02.16 18:53:20.353,0.98474,0.98504,1.37,1.75
2016.02.16 18:53:20.605,0.98474,0.98503,1.00,2.25
2016.02.16 18:53:20.807,0.98469,0.98503,1.75,2.25
2016.02.16 18:53:21.110,0.98469,0.985,1.50,2.25
2016.02.16 18:53:21.415,0.98465,0.98497,1.75,2.25
2016.02.16 18:53:21.717,0.98468,0.985,1.50,2.25
2016.02.16 18:53:22.609,0.98469,0.98497,1.00,2.25
2016.02.16 18:53:24.837,0.98469,0.98498,1.37,1.75
2016.02.16 18:53:25.199,0.98471,0.98496,1.00,1.00
2016.02.16 18:53:28.292,0.98464,0.98496,1.75,2.32
2016.02.16 18:53:28.343,0.98464,0.98494,1.75,1.75
2016.02.16 18:53:28.444,0.98463,0.98491,1.00,2.25
2016.02.16 18:53:28.777,0.98463,0.9849,1.00,2.25
2016.02.16 18:53:28.929,0.98463,0.98486,1.00,1.00
2016.02.16 18:53:29.231,0.98464,0.98489,1.00,1.00
2016.02.16 18:53:29.332,0.98463,0.98498,2.25,2.25
2016.02.16 18:53:29.641,0.98468,0.985,1.50,1.75
2016.02.16 18:53:29.968,0.98469,0.98501,1.75,1.75
2016.02.16 18:53:30.271,0.98469,0.98493,1.37,1.12
2016.02.16 18:53:30.574,0.98464,0.98491,1.00,2.25
2016.02.16 18:53:32.091,0.98463,0.98491,1.00,3.00
2016.02.16 18:53:32.434,0.98468,0.98491,1.00,3.00
2016.02.16 18:53:34.103,0.98464,0.98491,1.00,3.00
2016.02.16 18:53:34.843,0.98469,0.98491,1.00,3.00
2016.02.16 18:53:35.546,0.98468,0.9849,1.00,1.75
2016.02.16 18:53:35.747,0.98463,0.9849,1.00,1.75
2016.02.16 18:53:40.123,0.98464,0.9849,1.00,1.75
2016.02.16 18:53:40.686,0.98468,0.9849,1.00,1.75
2016.02.16 18:53:40.787,0.98459,0.98488,1.00,1.75
2016.02.16 18:53:41.039,0.98463,0.98489,1.00,3.00
2016.02.16 18:53:41.342,0.98463,0.98487,1.00,2.25
2016.02.16 18:53:43.134,0.98464,0.98488,1.00,2.25
2016.02.16 18:53:43.185,0.98464,0.98492,1.00,3.75
2016.02.16 18:53:44.120,0.98463,0.98489,1.00,1.75
2016.02.16 18:53:44.669,0.98464,0.9849,1.00,1.75
2016.02.16 18:53:44.770,0.98463,0.98489,1.00,2.25
2016.02.16 18:53:45.301,0.98469,0.98489,1.00,2.25
2016.02.16 18:53:45.452,0.98469,0.98486,1.00,1.00
2016.02.16 18:53:45.553,0.98463,0.98486,1.00,1.00
2016.02.16 18:53:45.762,0.98469,0.98486,1.00,1.00
2016.02.16 18:53:46.428,0.98464,0.98486,1.00,1.00
2016.02.16 18:53:46.479,0.98464,0.98491,1.00,3.00
2016.02.16 18:53:46.828,0.98463,0.98488,1.00,2.25
2016.02.16 18:53:47.654,0.98463,0.98489,1.00,1.75
2016.02.16 18:53:47.855,0.98458,0.98487,1.00,2.25
2016.02.16 18:53:48.521,0.98463,0.98487,1.00,2.25
2016.02.16 18:53:48.811,0.98458,0.98487,1.00,2.25
2016.02.16 18:53:48.937,0.98463,0.98487,1.00,2.25
2016.02.16 18:53:49.240,0.98463,0.98485,1.00,2.25
2016.02.16 18:53:49.831,0.98459,0.98485,1.00,2.25
2016.02.16 18:53:49.983,0.98459,0.98485,1.00,1.75
2016.02.16 18:53:50.494,0.98459,0.98478,1.00,1.00
2016.02.16 18:53:51.121,0.98453,0.98478,1.50,1.00
2016.02.16 18:53:51.379,0.98459,0.98478,1.00,1.00
2016.02.16 18:53:57.309,0.98454,0.98478,1.00,1.00
2016.02.16 18:53:57.360,0.98454,0.98481,1.00,2.25
2016.02.16 18:53:57.663,0.98453,0.98476,1.00,2.25
2016.02.16 18:53:58.182,0.98454,0.98469,1.00,1.00
2016.02.16 18:53:58.283,0.98454,0.98471,1.00,1.00
2016.02.16 18:53:58.597,0.98459,0.98478,1.00,2.25
2016.02.16 18:54:00.151,0.98449,0.98478,1.00,2.25
2016.02.16 18:54:00.201,0.98449,0.98477,1.00,2.25
2016.02.16 18:54:00.302,0.98444,0.98474,1.50,2.25
2016.02.16 18:54:00.403,0.98458,0.98476,1.00,2.25
2016.02.16 18:54:00.605,0.98459,0.98471,1.00,1.00
2016.02.16 18:54:00.821,0.98459,0.98479,1.00,1.75
2016.02.16 18:54:01.807,0.98459,0.98479,1.00,2.25
2016.02.16 18:54:02.408,0.98459,0.98482,1.00,3.00
2016.02.16 18:54:04.380,0.98459,0.98475,1.00,1.00
2016.02.16 18:54:04.481,0.98464,0.98482,1.00,3.00
2016.02.16 18:54:04.633,0.98464,0.98485,1.00,1.75
2016.02.16 18:54:05.139,0.98464,0.98486,1.00,1.75
2016.02.16 18:54:07.868,0.98463,0.98486,1.00,1.75
2016.02.16 18:54:09.051,0.98464,0.98486,1.00,1.75
2016.02.16 18:54:10.634,0.98463,0.98486,1.00,1.75
2016.02.16 18:54:11.079,0.98459,0.98484,1.00,3.00
2016.02.16 18:54:11.382,0.98459,0.98481,1.00,2.25
2016.02.16 18:54:12.082,0.98459,0.9848,1.00,1.75
2016.02.16 18:54:12.586,0.98459,0.98476,1.00,1.00
2016.02.16 18:54:12.790,0.98463,0.98476,1.00,1.00
2016.02.16 18:54:13.931,0.98459,0.98476,1.00,1.00
2016.02.16 18:54:14.131,0.98464,0.98476,1.00,1.00
2016.02.16 18:54:16.699,0.98464,0.98481,1.00,2.25
2016.02.16 18:54:18.002,0.98464,0.98482,1.00,3.75
2016.02.16 18:54:18.574,0.98463,0.98475,1.00,1.00
2016.02.16 18:54:18.912,0.98463,0.9848,1.00,2.25
2016.02.16 18:54:19.458,0.98463,0.98479,1.00,2.25
2016.02.16 18:54:25.994,0.98463,0.9848,1.00,2.25
2016.02.16 18:54:26.096,0.98463,0.98483,1.00,3.00
2016.02.16 18:54:26.297,0.98464,0.98486,1.00,3.00
2016.02.16 18:54:28.503,0.98464,0.98484,1.00,3.00
2016.02.16 18:54:31.203,0.98458,0.98477,1.00,1.00
2016.02.16 18:54:31.707,0.98459,0.98485,1.00,3.00
2016.02.16 18:54:32.627,0.98454,0.98485,1.37,3.00
2016.02.16 18:54:32.728,0.98458,0.98483,1.00,1.75
2016.02.16 18:54:33.232,0.98458,0.98484,1.00,1.75
2016.02.16 18:54:33.824,0.98459,0.98485,1.00,1.75
2016.02.16 18:54:34.027,0.98459,0.98484,1.12,1.50
2016.02.16 18:54:36.791,0.98459,0.98484,1.00,1.75
2016.02.16 18:54:37.316,0.98458,0.98484,1.00,1.75
2016.02.16 18:54:38.881,0.98459,0.98484,1.00,1.75
2016.02.16 18:54:39.234,0.98458,0.98487,1.00,1.75
2016.02.16 18:54:39.483,0.98458,0.9849,1.75,1.75
2016.02.16 18:54:40.015,0.98458,0.9849,1.37,3.00
2016.02.16 18:54:40.066,0.98458,0.98482,1.00,1.00
2016.02.16 18:54:40.267,0.98459,0.98484,1.50,1.00
2016.02.16 18:54:42.620,0.98464,0.98484,1.00,1.00
2016.02.16 18:54:42.730,0.98459,0.98484,1.50,1.00
2016.02.16 18:54:44.911,0.98459,0.98488,1.12,1.75
2016.02.16 18:54:45.432,0.98459,0.98488,1.00,1.75
2016.02.16 18:54:45.840,0.98464,0.98489,1.00,1.75
2016.02.16 18:54:45.941,0.98459,0.98491,1.75,1.75
2016.02.16 18:54:46.244,0.98464,0.98494,1.00,2.25
2016.02.16 18:54:46.546,0.98465,0.98497,1.75,2.25
2016.02.16 18:54:47.232,0.98464,0.98495,1.50,3.00
2016.02.16 18:54:48.354,0.98458,0.98492,1.75,2.25
2016.02.16 18:54:48.556,0.98458,0.98494,1.75,1.75
2016.02.16 18:54:49.571,0.9846,0.98496,1.75,3.00
2016.02.16 18:54:50.361,0.98463,0.98487,1.00,1.00
2016.02.16 18:54:50.870,0.98464,0.98487,1.00,1.00
2016.02.16 18:54:51.374,0.98459,0.98492,1.75,1.75
2016.02.16 18:54:53.266,0.98458,0.98493,1.75,1.75
2016.02.16 18:54:56.048,0.98459,0.98494,1.75,3.00
2016.02.16 18:54:56.249,0.98459,0.98492,1.12,2.25
2016.02.16 18:55:04.597,0.98458,0.98489,1.12,3.00
2016.02.16 18:55:07.126,0.98459,0.98488,1.00,1.75
2016.02.16 18:55:07.630,0.98453,0.98488,1.75,1.75
2016.02.16 18:55:08.138,0.98459,0.98487,1.00,1.75
2016.02.16 18:55:08.461,0.98459,0.98487,1.00,2.25
2016.02.16 18:55:09.091,0.98454,0.98487,1.75,3.00
2016.02.16 18:55:09.433,0.98458,0.98487,1.00,3.00
2016.02.16 18:55:10.847,0.9845,0.98487,1.75,3.00
2016.02.16 18:55:11.170,0.98464,0.98487,1.00,2.25
2016.02.16 18:55:11.840,0.98464,0.98482,1.00,1.00
2016.02.16 18:55:15.568,0.98463,0.98482,1.00,1.00
2016.02.16 18:55:15.700,0.98464,0.98488,1.00,2.25
2016.02.16 18:55:15.902,0.98464,0.9849,1.00,2.25
2016.02.16 18:55:16.103,0.98464,0.98489,1.00,3.00
2016.02.16 18:55:16.701,0.98464,0.98488,1.00,1.75
2016.02.16 18:55:19.524,0.98464,0.98488,1.00,1.75
2016.02.16 18:55:19.625,0.98464,0.98488,1.00,1.75
2016.02.16 18:55:20.144,0.98463,0.98487,1.00,1.75
2016.02.16 18:55:20.629,0.98464,0.98486,1.00,1.00
2016.02.16 18:55:21.325,0.98468,0.98486,1.00,1.00
2016.02.16 18:55:21.426,0.98463,0.98486,1.00,1.00
2016.02.16 18:55:21.529,0.98466,0.98491,1.00,1.00
2016.02.16 18:55:21.633,0.98469,0.98491,1.00,1.00
2016.02.16 18:55:21.935,0.98469,0.9849,1.00,1.75
2016.02.16 18:55:22.650,0.98464,0.98492,1.00,1.75
2016.02.16 18:55:22.953,0.98463,0.98493,1.75,1.75
2016.02.16 18:55:23.004,0.98463,0.98492,1.37,2.25
2016.02.16 18:55:23.540,0.98463,0.98492,1.00,2.25
2016.02.16 18:55:24.051,0.98463,0.98494,1.50,2.25
2016.02.16 18:55:25.364,0.98459,0.98493,2.25,2.25
2016.02.16 18:55:27.804,0.98464,0.98492,1.00,1.75
2016.02.16 18:55:28.057,0.98464,0.98494,1.12,2.25
2016.02.16 18:55:28.513,0.98464,0.98491,1.00,1.75
2016.02.16 18:55:28.665,0.98459,0.98493,1.75,3.00
2016.02.16 18:55:29.219,0.98464,0.98492,1.00,1.75
2016.02.16 18:55:29.421,0.98464,0.98494,1.00,1.75
2016.02.16 18:55:29.925,0.98464,0.98488,1.00,1.00
2016.02.16 18:55:30.563,0.98463,0.98488,1.00,1.00
2016.02.16 18:55:31.757,0.98464,0.98488,1.00,1.00
2016.02.16 18:55:32.636,0.98463,0.98488,1.00,1.00
2016.02.16 18:55:32.939,0.98459,0.98494,1.75,2.25
2016.02.16 18:55:33.498,0.98463,0.98494,1.00,2.25
2016.02.16 18:55:33.750,0.98459,0.98491,1.12,2.25
2016.02.16 18:55:39.033,0.98458,0.9849,1.12,2.25
2016.02.16 18:55:39.184,0.9846,0.98485,1.00,1.00
2016.02.16 18:55:40.385,0.98458,0.9849,1.50,2.25
2016.02.16 18:55:43.298,0.98463,0.9849,1.00,2.25
2016.02.16 18:55:43.850,0.98454,0.98491,3.00,2.25
2016.02.16 18:55:43.900,0.98454,0.98492,3.00,2.25
2016.02.16 18:55:44.280,0.98458,0.98489,1.12,2.25
2016.02.16 18:55:44.786,0.98458,0.98491,1.50,2.25
2016.02.16 18:55:44.887,0.98458,0.98482,1.00,1.00
2016.02.16 18:55:45.204,0.98458,0.9849,1.50,2.25
2016.02.16 18:55:45.947,0.98458,0.98489,1.12,2.25
2016.02.16 18:55:46.459,0.98459,0.98489,1.00,2.25
2016.02.16 18:55:48.129,0.98458,0.98489,1.12,2.25
2016.02.16 18:55:48.280,0.98459,0.98484,1.00,1.00
2016.02.16 18:55:50.202,0.98458,0.98491,1.37,3.75
2016.02.16 18:55:50.303,0.98458,0.98489,1.12,2.25
2016.02.16 18:55:51.024,0.98458,0.98489,1.50,2.25
2016.02.16 18:55:51.075,0.98458,0.9849,1.75,2.25
2016.02.16 18:55:51.176,0.98458,0.98489,1.12,2.25
2016.02.16 18:55:51.700,0.98458,0.9849,1.75,2.25
2016.02.16 18:55:57.491,0.98459,0.98489,1.00,2.25
2016.02.16 18:55:57.743,0.98454,0.98479,1.50,1.00
2016.02.16 18:55:57.894,0.98454,0.98483,1.00,2.25
2016.02.16 18:55:58.718,0.98458,0.98483,1.00,2.25
2016.02.16 18:55:58.769,0.98458,0.98486,1.00,2.25
2016.02.16 18:55:58.870,0.98458,0.98489,1.12,2.25
2016.02.16 18:55:59.072,0.98459,0.98484,1.00,1.00
2016.02.16 18:56:00.406,0.98459,0.9849,1.12,3.00
2016.02.16 18:56:00.507,0.98459,0.98486,1.00,2.25
2016.02.16 18:56:00.809,0.98458,0.98485,1.00,2.25
2016.02.16 18:56:01.122,0.98459,0.98482,1.00,2.25
2016.02.16 18:56:01.575,0.98459,0.98485,1.00,2.25
2016.02.16 18:56:02.010,0.98459,0.98484,1.00,2.25
2016.02.16 18:56:02.111,0.98459,0.98485,1.00,2.25
2016.02.16 18:56:03.780,0.98459,0.98485,1.00,2.25
2016.02.16 18:56:05.221,0.98459,0.98481,1.00,2.25
2016.02.16 18:56:05.624,0.98459,0.98482,1.00,2.25
2016.02.16 18:56:05.883,0.98454,0.98482,1.00,2.25
2016.02.16 18:56:07.432,0.98453,0.98482,1.00,2.25
2016.02.16 18:56:07.584,0.98453,0.98481,1.00,2.25
2016.02.16 18:56:08.156,0.98453,0.98479,1.00,2.25
2016.02.16 18:56:08.735,0.98453,0.98481,1.00,2.25
2016.02.16 18:56:09.503,0.98453,0.98479,1.00,2.25
2016.02.16 18:56:10.039,0.98454,0.98478,1.00,2.25
2016.02.16 18:56:10.724,0.98454,0.98479,1.00,2.25
2016.02.16 18:56:10.775,0.98454,0.98474,1.00,1.00
2016.02.16 18:56:11.807,0.98454,0.98478,1.00,2.25
2016.02.16 18:56:14.369,0.98449,0.98478,1.00,2.25
2016.02.16 18:56:14.671,0.98459,0.98478,1.00,2.25
2016.02.16 18:56:18.963,0.98458,0.98478,1.00,2.25
2016.02.16 18:56:19.150,0.98458,0.98482,1.00,2.62
2016.02.16 18:56:19.679,0.98459,0.98482,1.00,2.25
2016.02.16 18:56:20.183,0.98458,0.98482,1.00,2.25
2016.02.16 18:56:22.944,0.98458,0.9848,1.00,2.25
2016.02.16 18:56:23.909,0.98459,0.98472,1.00,1.00
2016.02.16 18:56:24.453,0.98458,0.98472,1.00,1.00
2016.02.16 18:56:26.137,0.98448,0.9848,1.37,2.25
2016.02.16 18:56:26.188,0.98448,0.98481,1.50,2.25
2016.02.16 18:56:26.455,0.98458,0.98481,1.00,2.25
2016.02.16 18:56:26.901,0.98454,0.98481,1.00,2.25
2016.02.16 18:56:27.148,0.98458,0.98481,1.00,2.25
2016.02.16 18:56:27.317,0.98454,0.98481,1.00,2.25
2016.02.16 18:56:27.447,0.98454,0.98479,1.00,2.25
2016.02.16 18:56:28.551,0.98458,0.98479,1.00,2.25
2016.02.16 18:56:28.998,0.98448,0.98479,1.12,2.25
2016.02.16 18:56:29.099,0.98444,0.98481,1.75,2.25
2016.02.16 18:56:29.301,0.98454,0.98481,1.00,2.25
2016.02.16 18:56:30.302,0.98459,0.98481,1.00,2.25
2016.02.16 18:56:31.191,0.98453,0.98481,1.00,2.25
2016.02.16 18:56:31.292,0.98459,0.98481,1.00,2.25
2016.02.16 18:56:35.173,0.98458,0.98481,1.00,2.25
2016.02.16 18:56:36.141,0.98459,0.98481,1.00,2.25
2016.02.16 18:56:36.459,0.98459,0.98483,1.00,2.25
2016.02.16 18:56:36.761,0.98458,0.98485,1.37,2.25
2016.02.16 18:56:36.812,0.98458,0.98492,1.75,2.25
2016.02.16 18:56:37.014,0.98463,0.98492,1.00,2.25
2016.02.16 18:56:37.266,0.98459,0.98492,1.50,3.00
2016.02.16 18:56:37.367,0.98459,0.98488,1.12,2.25
2016.02.16 18:56:37.771,0.98459,0.98486,1.00,2.25
2016.02.16 18:56:38.102,0.98459,0.98484,1.00,2.25
2016.02.16 18:56:38.404,0.98459,0.98481,1.00,2.25
2016.02.16 18:56:38.556,0.98458,0.98483,1.00,3.75
2016.02.16 18:56:38.657,0.98458,0.98484,1.00,2.25
2016.02.16 18:56:38.859,0.98459,0.98481,1.00,2.25
2016.02.16 18:56:39.383,0.98458,0.98482,1.00,2.25
2016.02.16 18:56:39.433,0.98453,0.98482,1.00,2.25
2016.02.16 18:56:39.534,0.98459,0.98482,1.00,2.25
2016.02.16 18:56:40.424,0.98453,0.98482,1.00,2.25
2016.02.16 18:56:40.957,0.98459,0.98482,1.00,2.25
2016.02.16 18:56:41.112,0.98453,0.98482,1.00,2.25
2016.02.16 18:56:42.765,0.98453,0.98481,1.00,2.25
2016.02.16 18:56:42.967,0.98459,0.98474,1.00,1.00
2016.02.16 18:56:43.068,0.98453,0.98474,1.00,1.00
2016.02.16 18:56:43.377,0.98458,0.9848,1.00,2.25
2016.02.16 18:56:43.644,0.98454,0.9848,1.00,2.25
2016.02.16 18:56:44.047,0.98459,0.9848,1.00,2.25
2016.02.16 18:56:44.148,0.98454,0.9848,1.00,2.25
2016.02.16 18:56:46.130,0.98458,0.9848,1.00,2.25
2016.02.16 18:56:46.443,0.98458,0.98479,1.00,2.25
2016.02.16 18:56:46.494,0.98453,0.98483,1.12,1.75
2016.02.16 18:56:46.595,0.98458,0.98484,1.50,1.37
2016.02.16 18:56:46.897,0.98464,0.98492,1.00,2.25
2016.02.16 18:56:47.909,0.98463,0.98492,1.00,2.25
2016.02.16 18:56:49.243,0.98469,0.98492,1.00,2.25
2016.02.16 18:56:49.294,0.98469,0.98494,1.00,2.25
2016.02.16 18:56:49.345,0.98463,0.98494,1.50,2.25
2016.02.16 18:56:49.403,0.98466,0.98499,2.25,1.75
2016.02.16 18:56:49.807,0.98469,0.98507,3.00,2.62
2016.02.16 18:56:50.520,0.98474,0.98509,1.75,2.25
2016.02.16 18:56:50.902,0.98473,0.98509,1.75,2.25
2016.02.16 18:56:51.003,0.9848,0.98515,2.25,3.00
2016.02.16 18:56:51.711,0.9848,0.98505,1.00,1.00
2016.02.16 18:56:52.171,0.98473,0.9851,1.75,2.25
2016.02.16 18:56:52.474,0.98471,0.98509,2.25,2.25
2016.02.16 18:56:53.079,0.98479,0.98511,1.37,3.75
2016.02.16 18:56:53.231,0.98479,0.98511,1.00,2.25
2016.02.16 18:56:53.967,0.98479,0.9851,1.00,2.25
2016.02.16 18:56:56.677,0.98479,0.98507,1.00,2.25
2016.02.16 18:56:57.937,0.98474,0.98499,1.00,1.00
2016.02.16 18:56:58.088,0.98468,0.98504,1.75,2.25
2016.02.16 18:56:58.311,0.98468,0.98505,1.75,2.25
2016.02.16 18:57:01.096,0.98469,0.985,2.25,1.00
2016.02.16 18:57:01.557,0.98468,0.98506,2.25,2.25
2016.02.16 18:57:01.607,0.98473,0.98507,2.25,2.25
2016.02.16 18:57:01.658,0.98473,0.98511,2.25,3.00
2016.02.16 18:57:01.810,0.98474,0.98509,1.75,2.25
2016.02.16 18:57:02.232,0.98474,0.98508,1.50,2.25
2016.02.16 18:57:02.334,0.98474,0.98504,1.12,2.25
2016.02.16 18:57:02.737,0.98468,0.98507,4.50,2.25
2016.02.16 18:57:03.194,0.98474,0.98508,1.75,2.25
2016.02.16 18:57:03.245,0.98478,0.98503,1.00,1.00
2016.02.16 18:57:03.598,0.9847,0.98509,2.25,2.25
2016.02.16 18:57:03.649,0.98469,0.98509,3.00,2.25
2016.02.16 18:57:03.800,0.98475,0.98506,1.00,2.25
2016.02.16 18:57:04.517,0.98474,0.98509,1.75,1.75
2016.02.16 18:57:05.024,0.98474,0.98507,1.75,2.25
2016.02.16 18:57:06.740,0.98468,0.98505,3.00,2.25
2016.02.16 18:57:06.841,0.98469,0.98504,1.75,2.25
2016.02.16 18:57:07.043,0.98469,0.98494,1.50,1.00
2016.02.16 18:57:07.200,0.98469,0.98502,1.50,3.75
2016.02.16 18:57:07.707,0.98469,0.98499,1.50,2.25
2016.02.16 18:57:07.758,0.98469,0.98499,1.12,2.25
2016.02.16 18:57:07.809,0.98463,0.98498,1.75,2.25
2016.02.16 18:57:08.112,0.98463,0.98499,3.00,2.25
2016.02.16 18:57:08.163,0.98463,0.98501,3.00,2.25
2016.02.16 18:57:08.436,0.98464,0.98504,2.25,2.25
2016.02.16 18:57:08.537,0.98468,0.98506,2.25,2.25
2016.02.16 18:57:09.041,0.98468,0.98504,1.75,2.25
2016.02.16 18:57:09.620,0.98469,0.98503,1.75,2.25
2016.02.16 18:57:09.672,0.9847,0.98495,1.00,1.00
2016.02.16 18:57:10.428,0.98465,0.98503,2.25,1.75
2016.02.16 18:57:13.249,0.98469,0.98494,1.00,1.00
2016.02.16 18:57:13.350,0.98466,0.98502,2.25,2.25
2016.02.16 18:57:13.451,0.98468,0.98506,2.25,2.25
2016.02.16 18:57:17.826,0.98474,0.98509,1.75,2.25
2016.02.16 18:57:18.572,0.98473,0.98508,1.75,3.00
2016.02.16 18:57:18.623,0.98475,0.985,1.00,1.00
2016.02.16 18:57:20.662,0.98474,0.98508,1.75,2.25
2016.02.16 18:57:21.241,0.98474,0.98509,1.75,3.00
2016.02.16 18:57:27.468,0.98474,0.98509,1.75,2.25
2016.02.16 18:57:27.569,0.98474,0.98511,1.75,2.25
2016.02.16 18:57:31.381,0.98474,0.98511,1.75,2.25
2016.02.16 18:57:31.483,0.9848,0.98505,1.00,1.00
2016.02.16 18:57:33.747,0.98479,0.9851,1.50,2.25
2016.02.16 18:57:34.091,0.98484,0.98503,1.00,1.00
2016.02.16 18:57:34.394,0.98476,0.98501,1.00,1.00
2016.02.16 18:57:35.048,0.98479,0.98501,1.00,1.00
2016.02.16 18:57:40.321,0.98476,0.98501,1.00,1.00
2016.02.16 18:57:40.472,0.98473,0.98504,1.75,1.75
2016.02.16 18:57:40.523,0.98474,0.98499,1.00,1.00
2016.02.16 18:57:44.669,0.98474,0.98507,1.50,2.25
2016.02.16 18:57:44.821,0.98474,0.98509,1.75,3.00
2016.02.16 18:57:44.871,0.98474,0.98507,1.75,2.25
2016.02.16 18:57:45.536,0.9847,0.98507,1.75,2.25
2016.02.16 18:57:47.404,0.98469,0.98505,1.75,2.25
2016.02.16 18:57:48.039,0.98465,0.98503,3.00,2.25
2016.02.16 18:57:48.089,0.98465,0.98504,3.00,1.75
2016.02.16 18:57:48.191,0.98472,0.98503,1.00,2.25
2016.02.16 18:57:48.292,0.98465,0.98504,2.25,1.75
2016.02.16 18:57:48.831,0.98474,0.98498,1.00,1.00
2016.02.16 18:57:50.410,0.98474,0.98496,1.00,1.00
2016.02.16 18:57:51.263,0.98471,0.98496,1.00,1.00
2016.02.16 18:57:51.464,0.98474,0.98496,1.00,1.00
2016.02.16 18:57:52.139,0.98471,0.98496,1.00,1.00
2016.02.16 18:57:53.542,0.98474,0.98496,1.00,1.00
2016.02.16 18:57:53.744,0.98474,0.98505,1.50,2.25
2016.02.16 18:57:56.326,0.98473,0.98505,1.00,2.25
2016.02.16 18:57:56.945,0.98469,0.98502,1.75,2.25
2016.02.16 18:57:57.147,0.98469,0.985,1.00,2.25
2016.02.16 18:57:57.248,0.98464,0.98498,1.75,2.25
2016.02.16 18:57:57.563,0.98464,0.98488,1.37,1.00
2016.02.16 18:57:57.613,0.98459,0.98495,1.75,2.25
2016.02.16 18:57:58.251,0.98459,0.98495,1.75,2.25
2016.02.16 18:58:01.052,0.98467,0.98505,2.25,2.25
2016.02.16 18:58:01.593,0.98474,0.98498,1.00,1.00
2016.02.16 18:58:02.138,0.98473,0.98498,1.00,1.00
2016.02.16 18:58:02.516,0.98468,0.98503,1.75,3.00
2016.02.16 18:58:02.768,0.98474,0.98506,1.50,1.75
2016.02.16 18:58:03.020,0.98474,0.98501,1.50,1.00
2016.02.16 18:58:03.358,0.98474,0.98505,1.50,1.75
2016.02.16 18:58:06.734,0.98474,0.98507,1.50,2.25
2016.02.16 18:58:07.238,0.98474,0.98508,1.75,3.00
2016.02.16 18:58:10.346,0.98474,0.98502,1.75,1.00
2016.02.16 18:58:10.764,0.98478,0.98509,1.75,1.75
2016.02.16 18:58:11.085,0.98478,0.98512,1.75,1.75
2016.02.16 18:58:12.566,0.98478,0.98509,1.75,1.75
2016.02.16 18:58:13.482,0.98474,0.98504,1.75,1.50
2016.02.16 18:58:13.806,0.98474,0.98507,1.75,1.75
2016.02.16 18:58:13.857,0.98479,0.98504,1.00,1.00
2016.02.16 18:58:17.479,0.98474,0.98506,1.37,3.00
2016.02.16 18:58:17.782,0.98471,0.98508,1.75,2.25
2016.02.16 18:58:18.084,0.98474,0.98511,1.75,3.00
2016.02.16 18:58:18.593,0.98474,0.98498,1.00,1.00
2016.02.16 18:58:19.097,0.98473,0.98507,1.75,2.25
2016.02.16 18:58:19.198,0.98474,0.9851,1.75,3.00
2016.02.16 18:58:19.500,0.98474,0.98509,1.75,1.75
2016.02.16 18:58:19.802,0.98473,0.98506,1.75,3.00
2016.02.16 18:58:21.167,0.98474,0.98504,1.00,2.25
2016.02.16 18:58:21.469,0.98474,0.98503,1.00,2.25
2016.02.16 18:58:21.520,0.98468,0.98503,1.75,2.25
2016.02.16 18:58:21.621,0.98474,0.98503,1.00,2.25
2016.02.16 18:58:21.879,0.98469,0.98503,1.50,2.25
2016.02.16 18:58:22.165,0.98474,0.98503,1.00,2.25
2016.02.16 18:58:23.084,0.98468,0.98503,1.75,2.25
2016.02.16 18:58:23.305,0.98474,0.98503,1.00,2.25
2016.02.16 18:58:24.807,0.98473,0.98503,1.00,2.25
2016.02.16 18:58:26.490,0.98473,0.98498,1.50,1.00
2016.02.16 18:58:26.792,0.98473,0.98507,1.75,2.62
2016.02.16 18:58:27.199,0.98479,0.98507,1.00,2.25
2016.02.16 18:58:30.995,0.98469,0.98507,2.25,2.25
2016.02.16 18:58:31.298,0.98478,0.98507,1.00,2.25
2016.02.16 18:58:31.646,0.98478,0.98508,1.12,2.25
2016.02.16 18:58:31.875,0.98484,0.98508,1.00,2.25
2016.02.16 18:58:32.097,0.98479,0.98508,1.00,2.25
2016.02.16 18:58:32.967,0.98483,0.98508,1.00,2.25
2016.02.16 18:58:33.435,0.98479,0.98508,1.00,2.25
2016.02.16 18:58:33.755,0.98484,0.98508,1.00,2.25
2016.02.16 18:58:34.504,0.98479,0.98508,1.00,2.25
2016.02.16 18:58:35.597,0.98478,0.98508,1.12,2.25
2016.02.16 18:58:37.010,0.98478,0.98507,1.12,2.25
2016.02.16 18:58:37.262,0.98478,0.98505,1.00,2.25
2016.02.16 18:58:37.685,0.98473,0.98505,1.37,2.25
2016.02.16 18:58:39.105,0.98479,0.98505,1.00,2.25
2016.02.16 18:58:39.564,0.98474,0.98505,1.12,2.25
2016.02.16 18:58:39.914,0.98474,0.98503,1.12,2.25
2016.02.16 18:58:40.471,0.98474,0.98499,1.00,2.25
2016.02.16 18:58:40.786,0.98474,0.98498,1.00,2.25
2016.02.16 18:58:42.663,0.98473,0.98498,1.00,2.25
2016.02.16 18:58:42.995,0.98473,0.98495,1.00,1.75
2016.02.16 18:58:43.334,0.98474,0.98491,1.00,2.25
2016.02.16 18:58:43.747,0.98473,0.98494,1.00,2.25
2016.02.16 18:58:44.402,0.98464,0.98494,1.12,2.25
2016.02.16 18:58:44.453,0.98464,0.98496,1.50,1.75
2016.02.16 18:58:44.775,0.98473,0.98493,1.00,2.25
2016.02.16 18:58:44.876,0.98473,0.98495,1.00,2.25
2016.02.16 18:58:45.086,0.98469,0.98495,1.00,2.25
2016.02.16 18:58:45.188,0.98474,0.98495,1.00,2.25
2016.02.16 18:58:47.485,0.98469,0.98495,1.00,2.25
2016.02.16 18:58:47.916,0.98458,0.98494,1.75,3.00
2016.02.16 18:58:48.168,0.98473,0.98496,1.00,3.75
2016.02.16 18:58:48.679,0.98473,0.98494,1.00,2.25
2016.02.16 18:58:49.207,0.98473,0.98495,1.00,2.25
2016.02.16 18:58:49.257,0.98474,0.98498,1.00,2.25
2016.02.16 18:58:49.308,0.98474,0.985,1.00,3.75
2016.02.16 18:58:49.409,0.98474,0.98501,1.00,2.25
2016.02.16 18:58:49.460,0.98479,0.98497,1.00,1.00
2016.02.16 18:58:49.671,0.98474,0.98499,1.50,1.00
2016.02.16 18:58:50.136,0.98478,0.98499,1.00,1.00
2016.02.16 18:58:50.484,0.98479,0.98504,1.00,2.25
2016.02.16 18:58:51.679,0.98478,0.98504,1.00,2.25
2016.02.16 18:58:52.789,0.98479,0.98505,1.00,2.25
2016.02.16 18:58:52.840,0.98479,0.98499,1.00,1.00
2016.02.16 18:58:53.254,0.98479,0.98504,1.00,1.00
2016.02.16 18:58:53.405,0.98479,0.98511,1.50,2.25
2016.02.16 18:58:53.813,0.98479,0.98509,1.00,2.25
2016.02.16 18:58:54.361,0.98478,0.98509,1.12,2.25
2016.02.16 18:58:54.663,0.98479,0.98507,1.00,2.25
2016.02.16 18:58:55.390,0.98478,0.98507,1.00,2.25
2016.02.16 18:58:55.642,0.98478,0.98502,1.00,1.00
2016.02.16 18:58:57.039,0.98479,0.98502,1.00,1.00
2016.02.16 18:58:57.140,0.98479,0.98512,1.50,3.37
2016.02.16 18:58:57.484,0.98479,0.98508,1.00,2.25
2016.02.16 18:59:00.316,0.98479,0.98505,1.00,2.25
2016.02.16 18:59:00.633,0.98478,0.98504,1.00,2.25
2016.02.16 18:59:00.684,0.98473,0.98504,1.12,2.25
2016.02.16 18:59:00.735,0.98473,0.98501,1.00,2.25
2016.02.16 18:59:01.839,0.98473,0.98498,1.00,2.25
2016.02.16 18:59:02.141,0.98469,0.98498,1.00,2.25
2016.02.16 18:59:02.343,0.98474,0.98498,1.00,2.25
2016.02.16 18:59:02.687,0.98468,0.98498,1.00,2.25
2016.02.16 18:59:04.515,0.98469,0.98498,1.00,2.25
2016.02.16 18:59:05.099,0.98474,0.98498,1.00,2.25
2016.02.16 18:59:05.855,0.98469,0.98498,1.00,2.25
2016.02.16 18:59:06.090,0.98469,0.98499,1.12,2.25
2016.02.16 18:59:07.637,0.98474,0.98494,1.00,1.00
2016.02.16 18:59:09.578,0.98473,0.98502,1.00,2.25
2016.02.16 18:59:09.881,0.98473,0.98496,1.00,2.25
2016.02.16 18:59:10.271,0.98469,0.98498,1.00,2.25
2016.02.16 18:59:10.473,0.98469,0.98495,1.00,2.25
2016.02.16 18:59:10.675,0.98469,0.98496,1.00,2.25
2016.02.16 18:59:11.142,0.98474,0.98497,1.00,2.25
2016.02.16 18:59:11.193,0.98474,0.98502,1.00,2.25
2016.02.16 18:59:13.343,0.98473,0.98502,1.00,2.25
2016.02.16 18:59:13.677,0.98473,0.98506,1.37,2.25
2016.02.16 18:59:13.832,0.98473,0.98505,1.00,2.25
2016.02.16 18:59:15.185,0.98474,0.98505,1.00,2.25
2016.02.16 18:59:17.958,0.98469,0.98501,1.00,1.87
2016.02.16 18:59:18.060,0.98469,0.98498,1.00,2.25
2016.02.16 18:59:18.262,0.98466,0.98496,1.00,2.25
2016.02.16 18:59:18.464,0.98464,0.98494,1.50,2.25
2016.02.16 18:59:18.766,0.98459,0.98493,1.75,2.25
2016.02.16 18:59:19.349,0.98464,0.98493,1.00,2.25
2016.02.16 18:59:20.139,0.98463,0.98493,1.00,2.25
2016.02.16 18:59:20.189,0.98463,0.98495,1.37,2.25
2016.02.16 18:59:20.292,0.98465,0.9849,1.00,1.00
2016.02.16 18:59:20.457,0.98464,0.98495,1.50,2.25
2016.02.16 18:59:20.987,0.98464,0.98495,1.12,2.25
2016.02.16 18:59:22.796,0.98464,0.98485,1.00,1.00
2016.02.16 18:59:23.192,0.98463,0.98489,1.00,2.25
2016.02.16 18:59:23.731,0.98463,0.98483,1.00,1.00
2016.02.16 18:59:23.782,0.98459,0.98483,1.00,1.00
2016.02.16 18:59:23.997,0.98463,0.98483,1.00,1.00
2016.02.16 18:59:25.654,0.98458,0.98486,1.12,1.75
2016.02.16 18:59:25.755,0.98458,0.98484,1.00,2.25
2016.02.16 18:59:26.071,0.98458,0.98482,1.00,2.25
2016.02.16 18:59:26.121,0.98453,0.98482,1.00,2.25
2016.02.16 18:59:26.222,0.98449,0.98478,1.75,1.75
2016.02.16 18:59:26.273,0.98449,0.98478,1.37,3.00
2016.02.16 18:59:26.576,0.98449,0.98477,1.00,2.25
2016.02.16 18:59:27.487,0.98449,0.98472,1.00,1.00
2016.02.16 18:59:27.587,0.98449,0.9847,1.00,1.00
2016.02.16 18:59:27.689,0.98448,0.98472,1.00,1.00
2016.02.16 18:59:27.790,0.98448,0.98477,1.00,2.25
2016.02.16 18:59:28.639,0.98444,0.98477,1.50,2.25
2016.02.16 18:59:28.690,0.98444,0.9848,1.75,3.00
2016.02.16 18:59:29.218,0.98448,0.98479,1.00,1.75
2016.02.16 18:59:30.372,0.98449,0.9848,1.00,3.00
2016.02.16 18:59:33.381,0.98449,0.98477,1.00,2.25
2016.02.16 18:59:34.187,0.98449,0.98471,1.00,1.00
2016.02.16 18:59:36.898,0.98454,0.98478,1.00,2.25
2016.02.16 18:59:36.999,0.98448,0.98478,1.12,2.25
2016.02.16 18:59:39.206,0.98448,0.98477,1.00,2.25
2016.02.16 18:59:39.525,0.98448,0.98479,1.00,2.25
2016.02.16 18:59:40.887,0.98448,0.98477,1.00,2.25
2016.02.16 18:59:44.030,0.98448,0.98478,1.12,2.25
2016.02.16 18:59:49.670,0.98453,0.98478,1.00,2.25
2016.02.16 18:59:49.771,0.98449,0.98478,1.00,2.25
2016.02.16 18:59:50.829,0.98448,0.98478,1.12,3.00
2016.02.16 18:59:51.333,0.98449,0.98478,1.00,3.00
2016.02.16 18:59:52.242,0.98449,0.98477,1.00,2.25
2016.02.16 18:59:53.600,0.98453,0.98477,1.00,2.25
2016.02.16 18:59:53.701,0.98453,0.98479,1.00,2.25
2016.02.16 18:59:53.802,0.98453,0.98481,1.00,4.50
2016.02.16 18:59:56.739,0.98453,0.9848,1.00,2.25
2016.02.16 18:59:57.312,0.98453,0.9848,1.00,2.25
2016.02.16 18:59:57.783,0.98448,0.9848,1.75,2.25
