2014.01.10 03:00:00.216,0.96552,0.96573,1.00,1.53
2014.01.10 03:00:00.336,0.96562,0.96575,1.00,3.45
2014.01.10 03:00:00.456,0.96562,0.96578,1.00,4.20
2014.01.10 03:00:01.201,0.96562,0.96578,1.00,4.20
2014.01.10 03:00:08.156,0.96557,0.96573,1.00,1.55
2014.01.10 03:00:08.659,0.96557,0.96573,1.00,1.53
2014.01.10 03:00:21.136,0.96551,0.96574,1.00,1.15
2014.01.10 03:00:21.491,0.96551,0.96574,1.15,1.65
2014.01.10 03:00:21.885,0.96556,0.96575,1.00,1.15
2014.01.10 03:00:36.426,0.96556,0.96574,1.00,3.45
2014.01.10 03:00:36.678,0.96546,0.96567,1.20,3.00
2014.01.10 03:00:36.729,0.96546,0.96567,1.13,3.08
2014.01.10 03:00:36.981,0.96546,0.96564,1.00,1.15
2014.01.10 03:00:51.425,0.96546,0.96564,1.00,1.53
2014.01.10 03:00:53.172,0.96546,0.96563,1.00,2.70
2014.01.10 03:00:53.967,0.96546,0.96562,1.00,2.70
2014.01.10 03:01:00.395,0.96542,0.96558,1.00,1.28
2014.01.10 03:01:00.844,0.96537,0.96553,1.00,1.00
2014.01.10 03:01:01.496,0.96537,0.96553,1.00,1.28
2014.01.10 03:01:11.076,0.96532,0.96553,1.10,1.53
2014.01.10 03:01:11.653,0.96532,0.96552,1.00,1.53
2014.01.10 03:01:14.589,0.96526,0.96544,1.53,1.00
2014.01.10 03:01:15.029,0.96526,0.96544,1.20,1.00
2014.01.10 03:01:15.575,0.96532,0.96548,1.00,1.53
2014.01.10 03:01:16.056,0.96532,0.96553,1.00,2.03
2014.01.10 03:01:23.105,0.96532,0.96553,1.00,1.65
2014.01.10 03:01:31.025,0.96532,0.96553,1.00,1.65
2014.01.10 03:01:31.684,0.96532,0.96553,1.00,1.65
2014.01.10 03:01:31.906,0.96527,0.96548,1.15,1.38
2014.01.10 03:01:35.382,0.96527,0.96548,1.18,1.45
2014.01.10 03:01:35.734,0.96527,0.96548,1.00,1.55
2014.01.10 03:01:36.241,0.96527,0.96548,1.10,1.53
2014.01.10 03:01:36.507,0.96527,0.96545,1.00,2.25
2014.01.10 03:01:36.659,0.96523,0.96542,1.38,1.15
2014.01.10 03:01:36.711,0.96521,0.9654,1.38,2.33
2014.01.10 03:01:36.762,0.96521,0.9654,1.00,2.33
2014.01.10 03:01:37.583,0.96521,0.96543,1.13,1.15
2014.01.10 03:01:37.634,0.96526,0.96543,1.00,1.15
2014.01.10 03:01:39.655,0.96526,0.96545,1.00,1.28
2014.01.10 03:01:39.706,0.96526,0.96545,1.00,1.28
2014.01.10 03:01:40.134,0.96532,0.96545,1.00,1.28
2014.01.10 03:01:40.287,0.96532,0.9655,1.00,1.53
2014.01.10 03:01:40.794,0.96537,0.96551,1.00,2.33
2014.01.10 03:01:41.056,0.96537,0.96552,1.00,1.15
2014.01.10 03:01:50.584,0.96542,0.96555,1.00,4.88
2014.01.10 03:01:52.161,0.96537,0.96555,1.00,4.88
2014.01.10 03:01:52.344,0.96532,0.96553,1.00,1.28
2014.01.10 03:01:57.075,0.96537,0.96555,1.00,5.25
2014.01.10 03:02:04.114,0.96532,0.96553,1.00,1.53
2014.01.10 03:02:17.866,0.96526,0.96549,1.53,1.20
2014.01.10 03:02:17.916,0.96526,0.96549,1.55,1.18
2014.01.10 03:02:19.329,0.96526,0.96549,1.58,1.15
2014.01.10 03:02:50.630,0.96526,0.96548,1.10,2.70
2014.01.10 03:02:50.681,0.96522,0.96543,1.20,1.15
2014.01.10 03:02:50.731,0.96522,0.96543,1.18,1.08
2014.01.10 03:02:50.984,0.96526,0.96545,1.10,1.18
2014.01.10 03:02:51.084,0.96523,0.96549,3.83,1.55
2014.01.10 03:02:51.336,0.96526,0.96549,1.28,1.55
2014.01.10 03:02:53.437,0.96526,0.96549,3.45,1.08
2014.01.10 03:02:54.383,0.96531,0.96554,1.15,1.55
2014.01.10 03:02:55.274,0.96531,0.96554,1.10,1.53
2014.01.10 03:02:55.476,0.96531,0.96554,1.08,1.15
2014.01.10 03:02:55.526,0.96531,0.96554,1.15,1.18
2014.01.10 03:02:55.594,0.96527,0.96549,2.70,1.00
2014.01.10 03:02:55.745,0.96526,0.96549,1.65,1.00
2014.01.10 03:02:56.427,0.96531,0.96554,1.00,1.15
2014.01.10 03:02:57.894,0.96526,0.96549,1.65,1.38
2014.01.10 03:02:58.099,0.96526,0.96549,1.20,1.53
2014.01.10 03:02:58.203,0.96526,0.96549,1.15,1.45
2014.01.10 03:02:58.508,0.96532,0.96548,1.00,2.03
2014.01.10 03:02:59.143,0.96532,0.96548,1.00,4.20
2014.01.10 03:03:00.404,0.96527,0.96543,1.00,1.18
2014.01.10 03:03:00.603,0.96532,0.96548,1.00,4.20
2014.01.10 03:03:03.154,0.96527,0.96543,1.00,1.18
2014.01.10 03:03:21.613,0.96522,0.96538,1.20,1.00
2014.01.10 03:03:24.472,0.96526,0.96544,1.00,1.65
2014.01.10 03:03:31.612,0.96526,0.96544,1.00,1.65
2014.01.10 03:03:31.663,0.96521,0.96539,1.15,1.00
2014.01.10 03:03:36.678,0.96517,0.96538,1.15,1.00
2014.01.10 03:03:36.730,0.96517,0.96538,1.15,1.00
2014.01.10 03:03:36.831,0.96522,0.96538,1.00,1.00
2014.01.10 03:03:40.683,0.96517,0.96538,1.15,1.13
2014.01.10 03:03:41.288,0.96517,0.96538,1.15,1.18
2014.01.10 03:03:41.339,0.96522,0.96538,1.00,1.18
2014.01.10 03:03:41.857,0.96522,0.96538,1.10,1.00
2014.01.10 03:03:42.315,0.96516,0.96533,2.70,1.00
2014.01.10 03:03:42.416,0.96512,0.96533,4.58,1.00
2014.01.10 03:03:43.062,0.96517,0.96538,1.18,1.65
2014.01.10 03:03:49.662,0.96512,0.96533,4.20,1.00
2014.01.10 03:03:58.132,0.96516,0.96539,1.15,1.90
2014.01.10 03:03:58.693,0.96516,0.96538,1.08,3.08
2014.01.10 03:03:59.207,0.96516,0.96538,1.00,2.70
2014.01.10 03:03:59.562,0.96512,0.96533,1.18,1.08
2014.01.10 03:04:00.066,0.96512,0.96533,1.18,1.10
2014.01.10 03:04:00.116,0.96516,0.96539,1.00,4.20
2014.01.10 03:04:00.670,0.96516,0.96539,1.08,1.90
2014.01.10 03:04:00.721,0.96516,0.96539,1.15,1.90
2014.01.10 03:04:00.882,0.96511,0.96534,5.25,1.00
2014.01.10 03:04:02.864,0.96516,0.96539,1.15,1.90
2014.01.10 03:04:04.240,0.96516,0.96539,1.15,1.90
2014.01.10 03:04:04.341,0.96522,0.96543,1.00,6.00
2014.01.10 03:04:05.016,0.96522,0.96538,1.00,1.00
2014.01.10 03:04:08.405,0.96522,0.96543,1.13,1.53
2014.01.10 03:04:08.506,0.96522,0.96543,1.28,1.55
2014.01.10 03:04:10.470,0.96522,0.96543,1.15,1.18
2014.01.10 03:04:16.032,0.96522,0.96543,1.15,1.65
2014.01.10 03:04:17.052,0.96527,0.96548,1.00,3.83
2014.01.10 03:04:17.851,0.96527,0.96543,1.00,1.18
2014.01.10 03:04:18.401,0.96521,0.96543,1.15,1.18
2014.01.10 03:04:19.832,0.96518,0.96539,2.33,1.00
2014.01.10 03:04:20.084,0.96516,0.96539,1.28,1.55
2014.01.10 03:04:20.386,0.96526,0.96544,1.00,3.08
2014.01.10 03:04:25.551,0.96521,0.96544,1.00,3.83
2014.01.10 03:04:34.609,0.96521,0.96544,1.08,3.83
2014.01.10 03:04:34.902,0.96527,0.96546,1.00,1.90
2014.01.10 03:04:35.206,0.96527,0.96544,1.00,1.10
2014.01.10 03:04:43.811,0.96532,0.96548,1.00,1.90
2014.01.10 03:04:51.621,0.96527,0.96543,1.00,1.00
2014.01.10 03:04:52.855,0.96521,0.96539,1.15,1.00
2014.01.10 03:04:53.056,0.96521,0.96539,1.15,1.00
2014.01.10 03:05:10.871,0.96527,0.96543,1.00,1.28
2014.01.10 03:05:13.657,0.96527,0.96543,1.00,1.28
2014.01.10 03:05:25.401,0.96522,0.96543,1.08,1.08
2014.01.10 03:05:25.452,0.96522,0.96543,1.15,1.00
2014.01.10 03:05:38.958,0.96523,0.96543,1.15,1.00
2014.01.10 03:05:39.292,0.96532,0.96548,1.00,1.38
2014.01.10 03:05:39.343,0.96532,0.96548,1.00,1.13
2014.01.10 03:05:41.604,0.96527,0.96543,1.15,1.00
2014.01.10 03:05:41.930,0.96526,0.96549,2.03,1.48
2014.01.10 03:05:41.981,0.96526,0.96549,1.28,1.55
2014.01.10 03:05:42.976,0.96526,0.96549,1.28,1.55
2014.01.10 03:05:46.168,0.96526,0.96549,1.28,1.55
2014.01.10 03:05:46.971,0.96526,0.96553,1.65,2.33
2014.01.10 03:05:47.022,0.96526,0.96554,2.40,1.15
2014.01.10 03:05:47.072,0.96536,0.96557,1.00,3.08
2014.01.10 03:05:47.223,0.96536,0.96559,1.00,1.53
2014.01.10 03:05:51.403,0.96531,0.96554,1.28,1.10
2014.01.10 03:05:56.369,0.96536,0.96559,1.00,1.53
2014.01.10 03:05:56.521,0.96536,0.96559,1.15,1.53
2014.01.10 03:05:56.882,0.96541,0.96564,1.00,6.00
2014.01.10 03:05:57.200,0.96541,0.96564,1.28,1.53
2014.01.10 03:05:57.638,0.96541,0.96564,1.18,1.53
2014.01.10 03:06:02.417,0.96541,0.96564,1.08,1.65
2014.01.10 03:06:02.920,0.96542,0.96558,1.00,1.00
2014.01.10 03:06:04.581,0.96536,0.96559,1.53,1.20
2014.01.10 03:06:04.745,0.96537,0.96559,2.70,1.10
2014.01.10 03:06:17.119,0.96542,0.96563,1.18,1.65
2014.01.10 03:06:23.940,0.96542,0.96563,1.18,1.08
2014.01.10 03:06:24.478,0.96542,0.96563,1.15,1.00
2014.01.10 03:06:30.651,0.96547,0.96568,1.00,1.65
2014.01.10 03:06:31.256,0.96547,0.96568,1.18,1.58
2014.01.10 03:06:32.633,0.96542,0.96563,3.83,1.00
2014.01.10 03:06:35.171,0.96546,0.96563,2.33,1.00
2014.01.10 03:06:39.561,0.96552,0.96568,1.20,1.00
2014.01.10 03:06:40.726,0.96552,0.96568,1.18,1.00
2014.01.10 03:06:40.887,0.96552,0.96568,1.20,1.00
2014.01.10 03:06:41.099,0.96552,0.96573,1.20,1.90
2014.01.10 03:06:41.639,0.96552,0.96573,1.20,1.65
2014.01.10 03:06:56.570,0.96552,0.96573,1.15,1.00
2014.01.10 03:07:12.329,0.96556,0.96579,1.18,1.90
2014.01.10 03:07:15.656,0.96552,0.96574,1.15,1.13
2014.01.10 03:07:30.630,0.96551,0.96574,3.08,1.38
2014.01.10 03:07:31.501,0.96551,0.96574,3.08,1.13
2014.01.10 03:07:36.617,0.96551,0.96574,1.65,1.00
2014.01.10 03:07:41.169,0.96551,0.96573,1.15,1.00
2014.01.10 03:07:46.100,0.96551,0.96568,1.15,1.00
2014.01.10 03:07:46.252,0.96551,0.96568,1.18,1.00
2014.01.10 03:07:46.510,0.96547,0.96568,1.15,1.10
2014.01.10 03:07:50.759,0.96546,0.96569,4.20,1.08
2014.01.10 03:07:50.860,0.96551,0.96574,1.15,1.90
2014.01.10 03:07:50.961,0.96551,0.96574,1.15,1.45
2014.01.10 03:07:51.062,0.96551,0.96574,1.15,1.48
2014.01.10 03:07:54.943,0.96551,0.96574,1.28,1.20
2014.01.10 03:07:55.119,0.9655,0.96569,2.70,1.00
2014.01.10 03:07:55.343,0.96551,0.96574,1.28,1.48
2014.01.10 03:07:55.396,0.96551,0.96574,1.65,1.15
2014.01.10 03:07:55.503,0.96551,0.96574,1.65,1.10
2014.01.10 03:07:55.806,0.96554,0.96579,3.08,1.45
2014.01.10 03:07:56.109,0.96557,0.96578,1.65,1.13
2014.01.10 03:07:56.432,0.96557,0.96574,1.15,1.00
2014.01.10 03:07:56.482,0.96556,0.96574,1.65,1.00
2014.01.10 03:07:56.847,0.96557,0.96578,1.15,1.00
2014.01.10 03:07:57.606,0.96556,0.96573,1.15,1.00
2014.01.10 03:08:09.755,0.96552,0.96573,1.65,1.00
2014.01.10 03:08:17.108,0.96553,0.96573,2.70,1.00
2014.01.10 03:08:17.459,0.96555,0.96573,3.08,1.00
2014.01.10 03:08:17.851,0.96566,0.96584,1.00,2.03
2014.01.10 03:08:18.002,0.96566,0.96584,1.00,2.03
2014.01.10 03:08:18.178,0.96566,0.96584,1.00,2.03
2014.01.10 03:08:18.363,0.96558,0.96578,3.08,1.13
2014.01.10 03:08:28.654,0.96561,0.96584,1.15,1.55
2014.01.10 03:08:29.170,0.96561,0.96584,1.15,1.55
2014.01.10 03:08:32.148,0.96561,0.96584,1.15,1.55
2014.01.10 03:08:35.117,0.96561,0.96584,1.15,1.55
2014.01.10 03:08:38.745,0.96561,0.96584,1.15,1.48
2014.01.10 03:08:39.461,0.9656,0.96578,2.33,1.00
2014.01.10 03:08:47.438,0.96562,0.96578,2.33,1.13
2014.01.10 03:08:47.639,0.96562,0.96584,2.33,1.13
2014.01.10 03:08:48.815,0.96561,0.96584,3.45,1.10
2014.01.10 03:08:48.865,0.96562,0.96578,1.53,1.00
2014.01.10 03:08:49.195,0.96563,0.96578,2.33,1.00
2014.01.10 03:09:06.868,0.96563,0.96579,3.08,1.00
2014.01.10 03:09:09.302,0.96562,0.96579,1.15,1.00
2014.01.10 03:09:09.453,0.96562,0.96584,1.15,1.38
2014.01.10 03:09:09.607,0.96562,0.96584,1.15,1.13
2014.01.10 03:09:10.949,0.96567,0.96588,1.10,1.55
2014.01.10 03:09:17.377,0.96571,0.96589,1.00,1.53
2014.01.10 03:09:17.660,0.96571,0.96589,1.00,1.38
2014.01.10 03:09:18.967,0.96571,0.96589,1.08,1.38
2014.01.10 03:09:23.357,0.96571,0.96589,1.15,1.38
2014.01.10 03:09:23.509,0.96571,0.96589,1.00,1.38
2014.01.10 03:09:23.878,0.96566,0.96589,1.15,1.38
2014.01.10 03:09:24.079,0.96566,0.96589,1.08,1.53
2014.01.10 03:09:25.468,0.96566,0.96589,1.08,1.53
2014.01.10 03:09:26.126,0.96562,0.96583,1.28,1.13
2014.01.10 03:09:27.427,0.96562,0.96583,1.28,1.38
2014.01.10 03:09:28.637,0.96562,0.96583,1.15,1.38
2014.01.10 03:09:40.127,0.96562,0.96583,1.15,1.38
2014.01.10 03:09:44.681,0.96562,0.96583,1.15,1.38
2014.01.10 03:09:47.418,0.96562,0.96583,1.15,1.38
2014.01.10 03:10:02.346,0.96562,0.96583,1.15,1.38
2014.01.10 03:10:10.638,0.96559,0.96578,3.08,1.38
2014.01.10 03:10:10.840,0.96557,0.96578,1.53,1.38
2014.01.10 03:10:11.367,0.96557,0.96578,1.15,1.13
2014.01.10 03:10:12.355,0.96556,0.96573,2.70,1.00
2014.01.10 03:10:12.687,0.96556,0.96573,3.45,1.38
2014.01.10 03:10:13.346,0.96556,0.96573,3.45,1.00
2014.01.10 03:10:13.448,0.96562,0.96583,1.08,1.55
2014.01.10 03:10:17.218,0.96562,0.96583,1.15,1.48
2014.01.10 03:10:19.966,0.96562,0.96583,1.15,1.48
2014.01.10 03:10:24.676,0.96562,0.96583,1.15,1.20
2014.01.10 03:10:27.724,0.96566,0.96589,1.00,3.83
2014.01.10 03:10:30.903,0.96567,0.96583,1.00,1.10
2014.01.10 03:10:31.055,0.96567,0.96583,1.00,1.15
2014.01.10 03:10:31.782,0.96567,0.96583,1.00,1.53
2014.01.10 03:10:32.156,0.96567,0.96583,1.00,1.53
2014.01.10 03:10:32.307,0.96556,0.96579,3.45,1.38
2014.01.10 03:10:32.408,0.96556,0.96579,3.45,1.38
2014.01.10 03:10:32.509,0.96556,0.96579,1.28,1.53
2014.01.10 03:10:33.193,0.96556,0.96579,1.15,1.53
2014.01.10 03:10:37.290,0.96552,0.96574,2.70,1.00
2014.01.10 03:10:40.923,0.96557,0.96578,1.18,1.53
2014.01.10 03:10:52.618,0.96557,0.96578,1.00,1.65
2014.01.10 03:10:54.875,0.96557,0.96578,1.00,1.65
2014.01.10 03:11:02.135,0.96557,0.96578,1.00,1.65
2014.01.10 03:11:13.417,0.96552,0.96573,1.15,1.13
2014.01.10 03:11:33.614,0.96552,0.96573,1.15,1.08
2014.01.10 03:11:54.579,0.96552,0.96573,1.08,1.53
2014.01.10 03:11:54.668,0.96552,0.96573,1.00,1.53
2014.01.10 03:12:15.654,0.96547,0.96575,2.70,2.03
2014.01.10 03:12:20.552,0.96547,0.96575,2.70,2.03
2014.01.10 03:12:36.669,0.96546,0.96576,1.53,2.03
2014.01.10 03:12:41.780,0.96546,0.96575,1.53,1.28
2014.01.10 03:13:17.214,0.96546,0.96576,1.53,1.28
2014.01.10 03:13:21.606,0.96547,0.96576,2.70,1.28
2014.01.10 03:13:21.915,0.96557,0.96573,1.00,1.00
2014.01.10 03:13:22.418,0.96552,0.96573,1.15,1.00
2014.01.10 03:13:23.937,0.96552,0.96573,1.15,1.10
2014.01.10 03:13:24.644,0.96552,0.96573,1.08,1.10
2014.01.10 03:13:26.665,0.96552,0.96573,1.08,1.48
2014.01.10 03:13:26.985,0.96542,0.96558,1.53,1.00
2014.01.10 03:13:27.087,0.96552,0.96568,1.00,1.20
2014.01.10 03:13:29.696,0.96552,0.96568,1.18,1.00
2014.01.10 03:13:30.385,0.96547,0.96568,1.28,1.00
2014.01.10 03:13:30.898,0.96547,0.96568,1.28,1.00
2014.01.10 03:13:32.362,0.96547,0.96568,3.08,1.00
2014.01.10 03:13:32.564,0.96547,0.96568,1.15,1.00
2014.01.10 03:13:34.284,0.96547,0.96568,1.18,1.00
2014.01.10 03:13:34.652,0.96547,0.96568,1.28,1.00
2014.01.10 03:13:36.358,0.96547,0.96568,1.15,1.00
2014.01.10 03:13:37.113,0.96547,0.96568,1.28,1.00
2014.01.10 03:13:42.320,0.96547,0.96568,1.18,1.00
2014.01.10 03:13:42.688,0.96542,0.96564,4.20,1.00
2014.01.10 03:13:47.843,0.96552,0.96568,1.00,1.00
2014.01.10 03:13:48.394,0.96552,0.96568,1.08,1.00
2014.01.10 03:13:49.952,0.96556,0.96578,1.08,1.90
2014.01.10 03:13:50.053,0.96556,0.96577,1.18,1.18
2014.01.10 03:13:50.154,0.96556,0.96579,1.18,1.83
2014.01.10 03:13:50.255,0.96556,0.96579,1.15,1.00
2014.01.10 03:13:52.961,0.96556,0.96579,1.18,1.18
2014.01.10 03:14:02.143,0.96552,0.96574,3.08,1.00
2014.01.10 03:14:07.642,0.96557,0.96578,1.08,1.45
2014.01.10 03:14:08.435,0.96557,0.96578,1.08,1.45
2014.01.10 03:14:17.343,0.96557,0.96578,1.08,1.45
2014.01.10 03:14:35.034,0.96552,0.96573,3.83,1.00
2014.01.10 03:14:47.140,0.96557,0.96578,1.08,1.45
2014.01.10 03:14:48.515,0.96557,0.96578,1.08,1.45
2014.01.10 03:14:52.675,0.96557,0.96578,1.08,1.45
2014.01.10 03:14:53.421,0.96557,0.96578,1.00,1.38
2014.01.10 03:14:54.641,0.96552,0.96568,1.50,1.00
2014.01.10 03:14:54.982,0.96552,0.96568,1.15,1.00
2014.01.10 03:15:02.390,0.96549,0.96569,1.15,1.00
2014.01.10 03:15:02.440,0.96547,0.96569,1.15,1.00
2014.01.10 03:15:02.541,0.96546,0.96569,1.15,1.10
2014.01.10 03:15:03.082,0.96546,0.96569,1.53,1.10
2014.01.10 03:15:03.133,0.96551,0.96574,1.08,1.28
2014.01.10 03:15:03.183,0.96551,0.96574,1.28,1.15
2014.01.10 03:15:03.234,0.96551,0.96574,1.28,1.18
2014.01.10 03:15:03.284,0.96551,0.96574,1.28,1.10
2014.01.10 03:15:17.835,0.96556,0.96574,1.00,1.15
2014.01.10 03:15:21.195,0.96552,0.96568,1.10,1.00
2014.01.10 03:15:32.042,0.96547,0.96563,1.28,1.00
2014.01.10 03:15:32.295,0.96547,0.96563,1.15,1.00
2014.01.10 03:15:32.597,0.96544,0.96559,3.08,1.00
2014.01.10 03:15:32.698,0.96541,0.96559,2.03,1.00
2014.01.10 03:15:32.799,0.96541,0.96559,1.28,1.00
2014.01.10 03:15:32.850,0.96551,0.96566,1.00,3.08
2014.01.10 03:15:32.951,0.96551,0.96567,1.00,1.15
2014.01.10 03:15:33.052,0.96551,0.96569,1.00,1.53
2014.01.10 03:15:33.152,0.96546,0.96564,1.28,1.00
2014.01.10 03:15:33.673,0.96546,0.96564,1.08,1.00
2014.01.10 03:15:33.724,0.96546,0.96564,1.00,1.00
2014.01.10 03:15:33.775,0.96546,0.96564,1.08,1.00
2014.01.10 03:15:35.919,0.96551,0.96569,1.00,1.18
2014.01.10 03:15:38.091,0.96547,0.96563,1.20,1.00
2014.01.10 03:15:38.904,0.96547,0.96563,1.08,1.00
2014.01.10 03:15:42.381,0.96551,0.96569,1.10,1.10
2014.01.10 03:15:45.852,0.96551,0.96569,1.00,1.28
2014.01.10 03:15:45.902,0.96546,0.96564,1.10,1.10
2014.01.10 03:15:45.953,0.96546,0.96564,1.00,1.15
2014.01.10 03:15:46.272,0.96552,0.96568,1.00,1.65
2014.01.10 03:15:46.322,0.96552,0.96568,1.00,1.58
2014.01.10 03:15:53.404,0.96556,0.96574,1.00,3.83
2014.01.10 03:15:53.507,0.96556,0.96574,1.00,1.55
2014.01.10 03:15:53.608,0.96561,0.96578,1.00,3.45
2014.01.10 03:15:53.759,0.96561,0.96579,1.00,1.28
2014.01.10 03:15:53.961,0.96561,0.96579,1.00,1.18
2014.01.10 03:16:01.329,0.96572,0.96584,1.00,3.08
2014.01.10 03:16:01.430,0.96572,0.96588,1.00,3.45
2014.01.10 03:16:01.531,0.96572,0.96588,1.00,1.15
2014.01.10 03:16:02.115,0.96576,0.96592,1.00,1.15
2014.01.10 03:16:02.216,0.96576,0.96594,1.00,1.15
2014.01.10 03:16:02.631,0.96571,0.96589,1.00,1.00
2014.01.10 03:16:13.081,0.96566,0.96589,1.53,1.00
2014.01.10 03:16:13.232,0.96566,0.96589,1.55,1.08
2014.01.10 03:16:13.735,0.96566,0.96589,1.48,1.65
2014.01.10 03:16:14.205,0.96566,0.96589,1.10,1.65
2014.01.10 03:16:15.427,0.96566,0.96588,1.00,2.33
2014.01.10 03:16:15.930,0.96567,0.96583,1.10,1.00
2014.01.10 03:16:16.233,0.96562,0.96578,1.15,1.00
2014.01.10 03:16:16.384,0.96561,0.96584,1.53,1.15
2014.01.10 03:16:16.435,0.96561,0.96584,1.20,1.15
2014.01.10 03:16:16.636,0.96567,0.96583,1.10,1.00
2014.01.10 03:16:17.195,0.96562,0.96583,1.08,1.18
2014.01.10 03:16:17.371,0.96566,0.96584,1.00,1.15
2014.01.10 03:16:17.422,0.96566,0.96584,1.08,1.00
2014.01.10 03:16:17.930,0.96562,0.96583,1.90,1.00
2014.01.10 03:16:18.956,0.96571,0.96589,1.00,1.20
2014.01.10 03:16:39.718,0.96571,0.96589,1.00,1.18
2014.01.10 03:17:20.628,0.96564,0.96593,3.45,1.53
2014.01.10 03:17:44.402,0.96567,0.96583,1.15,1.00
2014.01.10 03:17:47.131,0.96572,0.96588,1.00,1.10
2014.01.10 03:18:02.593,0.96572,0.96588,1.00,1.08
2014.01.10 03:18:02.644,0.96566,0.96589,1.00,1.28
2014.01.10 03:18:02.905,0.96572,0.96588,1.00,1.08
2014.01.10 03:18:03.106,0.96566,0.96589,1.00,1.18
2014.01.10 03:18:03.157,0.96566,0.96589,1.00,1.15
2014.01.10 03:18:03.459,0.96571,0.96589,1.00,1.65
2014.01.10 03:18:03.761,0.96571,0.96589,1.00,1.15
2014.01.10 03:18:03.913,0.96571,0.96589,1.00,1.15
2014.01.10 03:18:04.117,0.96567,0.96588,1.00,1.18
2014.01.10 03:18:04.243,0.96567,0.96587,1.00,1.15
2014.01.10 03:18:04.551,0.96567,0.96588,1.00,1.10
2014.01.10 03:18:04.761,0.96567,0.96588,1.00,1.15
2014.01.10 03:18:05.064,0.96566,0.96584,1.00,1.15
2014.01.10 03:18:05.239,0.96566,0.96584,1.00,1.00
2014.01.10 03:18:07.810,0.96571,0.96589,1.00,1.28
2014.01.10 03:18:21.090,0.96577,0.96593,1.00,4.20
2014.01.10 03:18:21.604,0.96577,0.96593,1.00,1.15
2014.01.10 03:18:25.941,0.96572,0.96591,1.00,1.15
2014.01.10 03:18:25.992,0.96572,0.9659,1.00,2.33
2014.01.10 03:18:28.320,0.96566,0.96589,1.38,1.15
2014.01.10 03:18:30.529,0.96566,0.96589,1.00,1.15
2014.01.10 03:18:31.201,0.96566,0.96589,1.10,1.15
2014.01.10 03:18:31.868,0.96566,0.96589,1.10,1.15
2014.01.10 03:18:43.773,0.96566,0.96589,1.28,1.00
2014.01.10 03:18:44.076,0.96572,0.96588,1.00,1.00
2014.01.10 03:19:10.932,0.96568,0.96589,1.15,1.10
2014.01.10 03:19:16.058,0.96577,0.96593,1.00,1.15
2014.01.10 03:19:19.013,0.96577,0.96598,1.00,3.08
2014.01.10 03:19:19.591,0.96574,0.96593,1.10,1.18
2014.01.10 03:19:39.544,0.96574,0.96593,1.08,1.10
2014.01.10 03:19:51.183,0.96576,0.96599,1.20,1.15
2014.01.10 03:20:00.669,0.96576,0.96599,1.13,1.15
2014.01.10 03:20:06.107,0.96572,0.96593,2.03,1.00
2014.01.10 03:20:06.208,0.96572,0.96593,2.03,1.20
2014.01.10 03:20:06.867,0.96572,0.96593,2.03,1.20
2014.01.10 03:20:37.636,0.96572,0.96593,2.40,1.20
2014.01.10 03:20:45.610,0.96572,0.96593,2.33,1.18
2014.01.10 03:20:45.711,0.96572,0.96593,1.50,1.15
2014.01.10 03:20:45.863,0.96572,0.96588,1.13,1.00
2014.01.10 03:20:49.587,0.96566,0.96589,1.90,1.00
2014.01.10 03:20:49.929,0.96566,0.96589,1.45,1.15
2014.01.10 03:20:53.876,0.96572,0.96588,1.00,1.15
2014.01.10 03:21:01.796,0.96566,0.96584,1.45,1.00
2014.01.10 03:21:08.068,0.96572,0.96588,1.00,1.15
2014.01.10 03:21:10.662,0.96572,0.96588,1.00,1.18
2014.01.10 03:21:29.077,0.96567,0.96583,1.10,1.00
2014.01.10 03:21:31.621,0.96562,0.96583,2.40,1.00
2014.01.10 03:21:31.722,0.96562,0.96583,2.40,1.20
2014.01.10 03:21:31.873,0.96566,0.96584,1.00,1.15
2014.01.10 03:22:11.535,0.96572,0.96588,1.00,1.15
2014.01.10 03:22:33.626,0.96572,0.96588,1.00,1.15
2014.01.10 03:22:33.676,0.96561,0.96584,2.40,1.10
2014.01.10 03:22:33.727,0.96561,0.96584,2.40,1.15
2014.01.10 03:22:33.828,0.96561,0.96584,1.53,1.10
2014.01.10 03:22:33.878,0.96572,0.96588,1.00,1.28
2014.01.10 03:22:46.986,0.96562,0.96583,1.45,1.10
2014.01.10 03:22:47.037,0.96562,0.96583,1.48,1.18
2014.01.10 03:22:47.138,0.96562,0.96583,1.20,1.18
2014.01.10 03:23:04.337,0.96562,0.96578,1.20,1.00
2014.01.10 03:23:05.047,0.96561,0.96579,1.00,1.00
2014.01.10 03:23:05.353,0.96566,0.96585,1.00,1.15
2014.01.10 03:23:14.505,0.96566,0.96587,1.08,1.18
2014.01.10 03:23:14.556,0.96566,0.96588,1.18,1.18
2014.01.10 03:23:14.707,0.96566,0.96589,1.65,1.20
2014.01.10 03:23:14.909,0.96566,0.96589,1.15,1.28
2014.01.10 03:23:15.060,0.96566,0.96589,1.08,1.18
2014.01.10 03:23:16.670,0.96566,0.96589,1.00,1.65
2014.01.10 03:23:24.294,0.96566,0.96589,1.15,1.18
2014.01.10 03:23:26.593,0.96566,0.96589,1.00,1.28
2014.01.10 03:23:49.108,0.96566,0.96589,1.28,1.28
2014.01.10 03:23:49.417,0.96572,0.96593,1.00,1.53
2014.01.10 03:23:54.884,0.96571,0.96597,1.10,3.08
2014.01.10 03:23:55.086,0.96577,0.96598,1.00,3.83
2014.01.10 03:23:55.137,0.96577,0.96598,1.00,1.90
2014.01.10 03:23:55.238,0.96577,0.96598,1.00,1.53
2014.01.10 03:24:30.603,0.96571,0.96599,1.28,1.28
2014.01.10 03:24:30.654,0.96571,0.96599,1.28,3.45
2014.01.10 03:24:31.163,0.96567,0.96594,6.38,1.28
2014.01.10 03:24:45.564,0.96576,0.96599,1.00,6.00
2014.01.10 03:24:51.577,0.96576,0.96597,1.00,3.08
2014.01.10 03:24:56.127,0.96572,0.96593,1.18,1.15
2014.01.10 03:25:32.587,0.96572,0.96593,1.18,1.08
2014.01.10 03:25:33.263,0.96572,0.96593,1.15,1.00
2014.01.10 03:25:41.482,0.96576,0.96599,1.00,1.90
2014.01.10 03:26:13.607,0.96576,0.96597,1.00,3.08
2014.01.10 03:26:16.228,0.96576,0.96598,1.00,3.08
2014.01.10 03:26:16.951,0.96576,0.96599,1.00,3.83
2014.01.10 03:26:27.571,0.96572,0.96593,1.00,1.10
2014.01.10 03:26:27.735,0.96572,0.96593,1.00,1.18
2014.01.10 03:26:28.037,0.96572,0.96588,1.00,1.10
2014.01.10 03:26:43.869,0.96577,0.96593,1.00,1.15
2014.01.10 03:26:44.122,0.96566,0.96589,1.88,1.15
2014.01.10 03:26:44.223,0.96566,0.96589,1.00,3.83
2014.01.10 03:26:46.984,0.96566,0.96589,1.00,1.15
2014.01.10 03:27:07.671,0.96566,0.96588,1.00,2.33
2014.01.10 03:27:07.974,0.96566,0.96589,1.00,2.03
2014.01.10 03:27:08.074,0.96571,0.96589,1.00,2.03
2014.01.10 03:27:26.091,0.96566,0.96589,1.00,1.65
2014.01.10 03:27:26.242,0.96566,0.96589,1.00,3.83
2014.01.10 03:27:26.962,0.96566,0.96588,1.00,2.33
2014.01.10 03:27:31.609,0.96566,0.96589,1.53,1.15
2014.01.10 03:27:31.659,0.96571,0.96589,1.00,1.15
2014.01.10 03:27:31.861,0.96571,0.96594,1.08,2.03
2014.01.10 03:27:32.062,0.96571,0.96594,1.08,1.28
2014.01.10 03:27:32.602,0.96576,0.96599,1.00,4.58
2014.01.10 03:27:52.642,0.96576,0.96598,1.00,1.28
2014.01.10 03:27:53.375,0.96576,0.96599,1.00,2.03
2014.01.10 03:28:03.071,0.96571,0.96594,1.53,1.00
2014.01.10 03:28:03.383,0.96571,0.96589,1.13,1.08
2014.01.10 03:28:03.737,0.96566,0.96589,1.28,1.08
2014.01.10 03:28:03.788,0.96566,0.96589,1.20,1.15
2014.01.10 03:28:12.669,0.96566,0.96584,1.00,1.08
2014.01.10 03:28:13.125,0.96572,0.96587,1.00,1.10
2014.01.10 03:28:13.660,0.96572,0.96588,1.00,1.00
2014.01.10 03:28:16.938,0.96572,0.96588,1.18,1.00
2014.01.10 03:28:17.370,0.96572,0.96593,1.28,1.10
2014.01.10 03:28:17.421,0.96572,0.96593,1.28,1.10
2014.01.10 03:28:17.925,0.96572,0.96593,1.53,1.00
2014.01.10 03:28:36.779,0.96576,0.96599,1.18,1.15
2014.01.10 03:28:52.839,0.96572,0.96593,1.53,1.00
2014.01.10 03:28:54.859,0.96582,0.96598,1.00,1.28
2014.01.10 03:28:55.111,0.96582,0.96598,1.00,1.00
2014.01.10 03:28:56.400,0.96576,0.96599,1.28,1.10
2014.01.10 03:28:56.602,0.96576,0.96599,1.18,1.28
2014.01.10 03:29:01.648,0.96577,0.96593,1.00,1.00
2014.01.10 03:29:05.419,0.96576,0.96599,1.00,3.45
2014.01.10 03:29:05.470,0.96576,0.96599,1.15,1.55
2014.01.10 03:29:13.858,0.96581,0.96599,1.08,1.10
2014.01.10 03:29:14.109,0.96582,0.96603,1.15,1.00
2014.01.10 03:29:17.039,0.96581,0.96599,1.53,1.00
2014.01.10 03:29:17.240,0.96581,0.96599,1.55,1.00
2014.01.10 03:29:25.879,0.96586,0.96604,1.00,1.15
2014.01.10 03:29:26.202,0.96586,0.96604,1.38,1.00
2014.01.10 03:29:26.750,0.96586,0.96604,1.53,1.00
2014.01.10 03:29:27.378,0.96586,0.96604,1.53,1.00
2014.01.10 03:29:28.898,0.96586,0.96604,1.48,1.10
2014.01.10 03:29:38.638,0.9658,0.96598,3.08,1.00
2014.01.10 03:29:38.790,0.96579,0.96598,2.40,1.00
2014.01.10 03:29:38.994,0.96579,0.96598,1.13,1.10
2014.01.10 03:29:39.196,0.96574,0.96593,1.65,1.00
2014.01.10 03:29:39.610,0.96574,0.96593,1.28,1.00
2014.01.10 03:29:41.049,0.96582,0.96598,1.00,1.15
2014.01.10 03:29:41.353,0.96582,0.96598,1.53,1.00
2014.01.10 03:29:41.631,0.96587,0.96603,1.10,1.00
2014.01.10 03:29:43.578,0.96582,0.96598,2.03,1.00
2014.01.10 03:29:43.952,0.9658,0.96598,1.65,1.00
2014.01.10 03:29:46.329,0.96587,0.96603,1.00,1.00
2014.01.10 03:29:47.699,0.96581,0.96599,1.53,1.00
2014.01.10 03:29:47.749,0.96581,0.96599,1.48,1.00
2014.01.10 03:29:49.538,0.96581,0.96599,1.10,1.00
2014.01.10 03:29:50.254,0.96578,0.96598,1.53,1.00
2014.01.10 03:29:50.649,0.96578,0.96593,1.53,1.00
2014.01.10 03:29:53.878,0.96581,0.96599,1.10,1.00
2014.01.10 03:29:53.929,0.96581,0.96599,1.15,1.00
2014.01.10 03:29:57.138,0.96586,0.96604,1.00,1.10
2014.01.10 03:29:59.558,0.96581,0.96599,2.03,1.00
2014.01.10 03:29:59.860,0.96581,0.96599,1.10,1.00
2014.01.10 03:30:10.353,0.96587,0.96603,1.00,1.08
2014.01.10 03:30:10.676,0.96587,0.96603,1.15,1.00
2014.01.10 03:30:17.040,0.96587,0.96603,2.25,1.00
2014.01.10 03:30:17.192,0.96614,0.96622,1.00,1.80
2014.01.10 03:30:17.243,0.96614,0.96626,1.00,1.00
2014.01.10 03:30:17.344,0.96616,0.96627,1.00,1.00
2014.01.10 03:30:17.596,0.96606,0.96624,1.15,1.00
2014.01.10 03:30:17.747,0.96606,0.96624,3.15,1.00
2014.01.10 03:30:18.050,0.96607,0.96629,2.33,1.10
2014.01.10 03:30:18.167,0.96606,0.96629,1.28,1.18
2014.01.10 03:30:18.374,0.96604,0.96623,2.70,1.00
2014.01.10 03:30:18.575,0.96602,0.96623,1.53,1.00
2014.01.10 03:30:18.626,0.96602,0.96618,1.45,1.00
2014.01.10 03:30:18.677,0.96602,0.96618,1.10,1.00
2014.01.10 03:30:18.828,0.96597,0.96618,2.03,1.00
2014.01.10 03:30:18.929,0.96597,0.96618,2.03,1.00
2014.01.10 03:30:19.278,0.966,0.96618,4.50,1.00
2014.01.10 03:30:19.967,0.96597,0.96618,5.25,1.00
2014.01.10 03:30:20.169,0.96597,0.96609,2.33,1.00
2014.01.10 03:30:20.270,0.96591,0.96609,2.70,1.00
2014.01.10 03:30:21.510,0.96587,0.96609,3.45,1.00
2014.01.10 03:30:21.712,0.96582,0.96608,3.45,1.10
2014.01.10 03:30:22.368,0.96584,0.96604,1.28,1.00
2014.01.10 03:30:22.807,0.96581,0.96604,1.28,1.00
2014.01.10 03:30:23.183,0.96586,0.96604,1.00,1.00
2014.01.10 03:30:23.625,0.96581,0.96599,1.28,1.00
2014.01.10 03:30:23.956,0.96576,0.96594,3.08,1.00
2014.01.10 03:30:24.007,0.96576,0.96594,1.18,1.00
2014.01.10 03:30:24.581,0.96582,0.96603,1.00,4.20
2014.01.10 03:30:24.682,0.96582,0.96603,1.00,1.15
2014.01.10 03:30:25.222,0.96582,0.96603,1.20,1.00
2014.01.10 03:30:26.362,0.96592,0.96608,1.00,1.38
2014.01.10 03:30:26.563,0.96592,0.96608,1.00,1.00
2014.01.10 03:30:26.664,0.96582,0.96603,1.65,1.00
2014.01.10 03:30:26.765,0.96582,0.96603,1.20,1.00
2014.01.10 03:30:27.329,0.96576,0.96594,1.55,1.00
2014.01.10 03:30:27.480,0.96576,0.96594,1.08,1.00
2014.01.10 03:30:27.581,0.96575,0.96594,1.10,1.00
2014.01.10 03:30:27.984,0.96571,0.96594,1.55,1.38
2014.01.10 03:30:28.136,0.96567,0.96588,1.53,1.00
2014.01.10 03:30:28.337,0.96567,0.96593,1.45,1.10
2014.01.10 03:30:28.388,0.96567,0.96593,1.45,1.48
2014.01.10 03:30:28.690,0.96571,0.96593,1.53,1.00
2014.01.10 03:30:28.841,0.96573,0.96593,1.58,1.00
2014.01.10 03:30:28.892,0.96576,0.96599,1.08,1.00
2014.01.10 03:30:28.943,0.96576,0.96599,1.45,1.00
2014.01.10 03:30:29.284,0.96583,0.96604,2.63,1.08
2014.01.10 03:30:29.587,0.96582,0.96599,1.53,1.00
2014.01.10 03:30:29.738,0.96578,0.96598,2.40,1.00
2014.01.10 03:30:30.239,0.96581,0.96598,3.45,1.00
2014.01.10 03:30:31.649,0.96581,0.96604,2.70,1.00
2014.01.10 03:30:33.196,0.96586,0.96604,3.08,1.00
2014.01.10 03:30:33.347,0.96588,0.96604,1.18,1.00
2014.01.10 03:30:33.398,0.96588,0.96613,3.45,3.00
2014.01.10 03:30:33.448,0.96598,0.96613,1.38,1.00
2014.01.10 03:30:33.549,0.96598,0.96613,1.15,1.00
2014.01.10 03:30:33.600,0.96598,0.96619,1.15,1.13
2014.01.10 03:30:33.751,0.96599,0.96619,2.33,1.00
2014.01.10 03:30:34.055,0.96597,0.96613,1.28,1.00
2014.01.10 03:30:39.777,0.96596,0.96609,3.83,1.00
2014.01.10 03:30:40.395,0.96593,0.96608,2.70,1.00
2014.01.10 03:30:40.496,0.96591,0.96608,1.53,1.00
2014.01.10 03:30:40.891,0.9659,0.96604,3.83,1.00
2014.01.10 03:30:41.389,0.96585,0.96604,5.25,1.00
2014.01.10 03:30:41.993,0.96584,0.96604,3.08,1.00
2014.01.10 03:30:43.032,0.96587,0.96608,1.28,1.10
2014.01.10 03:30:43.133,0.96587,0.96608,1.53,1.00
2014.01.10 03:30:50.881,0.96587,0.96608,2.03,1.00
2014.01.10 03:30:51.083,0.96582,0.96604,1.28,1.00
2014.01.10 03:30:51.740,0.96582,0.96604,1.28,1.00
2014.01.10 03:30:54.598,0.96581,0.96603,1.28,1.00
2014.01.10 03:30:54.717,0.96581,0.96603,1.20,1.00
2014.01.10 03:30:55.160,0.96582,0.96603,1.13,1.10
2014.01.10 03:31:09.098,0.96578,0.96599,1.15,1.00
2014.01.10 03:31:15.613,0.96579,0.96599,1.18,1.00
2014.01.10 03:31:18.577,0.96579,0.96594,1.18,1.00
2014.01.10 03:31:19.061,0.96576,0.96594,2.40,1.00
2014.01.10 03:31:19.111,0.96576,0.96588,1.53,1.00
2014.01.10 03:31:19.313,0.9657,0.96588,3.08,1.00
2014.01.10 03:31:26.410,0.96569,0.96588,3.08,1.00
2014.01.10 03:31:26.511,0.96568,0.96588,2.40,1.00
2014.01.10 03:31:26.612,0.96568,0.96589,2.40,1.10
2014.01.10 03:31:27.120,0.96566,0.96589,3.83,1.00
2014.01.10 03:31:27.645,0.96566,0.96589,1.15,1.08
2014.01.10 03:31:27.746,0.96566,0.96589,1.20,1.18
2014.01.10 03:31:27.847,0.96561,0.96584,1.28,1.00
2014.01.10 03:31:28.048,0.96559,0.96584,1.53,1.18
2014.01.10 03:31:29.571,0.96553,0.96578,6.08,1.00
2014.01.10 03:31:30.133,0.96557,0.96583,1.15,1.28
2014.01.10 03:31:30.234,0.96557,0.96583,1.65,1.15
2014.01.10 03:31:30.284,0.96557,0.96583,1.65,1.15
2014.01.10 03:31:37.927,0.96556,0.96579,5.63,1.00
2014.01.10 03:31:40.476,0.96556,0.96584,6.38,1.53
2014.01.10 03:31:41.135,0.96562,0.96583,1.15,1.00
2014.01.10 03:32:01.581,0.96562,0.96583,4.20,1.00
2014.01.10 03:32:14.088,0.96562,0.96579,2.70,1.00
2014.01.10 03:32:14.299,0.96561,0.96579,1.53,1.00
2014.01.10 03:32:14.747,0.96556,0.96579,1.90,1.00
2014.01.10 03:32:16.142,0.96556,0.96579,1.53,1.08
2014.01.10 03:32:16.294,0.96552,0.96573,1.65,1.00
2014.01.10 03:32:16.865,0.96556,0.96574,1.00,1.10
2014.01.10 03:32:19.113,0.96556,0.96574,1.00,1.20
2014.01.10 03:32:19.164,0.96551,0.96569,1.08,1.00
2014.01.10 03:32:19.265,0.96551,0.96569,1.00,1.00
2014.01.10 03:32:19.466,0.96551,0.96569,1.00,1.08
2014.01.10 03:32:20.485,0.96551,0.96569,1.00,1.65
2014.01.10 03:32:22.336,0.96547,0.96563,1.00,1.00
2014.01.10 03:32:28.427,0.96551,0.96569,1.00,1.53
2014.01.10 03:32:28.656,0.96551,0.96569,1.00,1.53
2014.01.10 03:32:31.687,0.96547,0.96563,1.08,1.00
2014.01.10 03:32:32.125,0.96547,0.96563,1.45,1.00
2014.01.10 03:32:32.346,0.96551,0.96569,1.00,1.53
2014.01.10 03:32:36.097,0.96552,0.96572,1.00,2.70
2014.01.10 03:32:36.252,0.96552,0.96573,1.00,1.53
2014.01.10 03:32:36.303,0.96552,0.96573,1.00,1.53
2014.01.10 03:32:46.802,0.96547,0.96568,1.53,1.00
2014.01.10 03:32:56.637,0.96547,0.96568,1.53,1.00
2014.01.10 03:33:05.597,0.96547,0.96563,3.45,1.00
2014.01.10 03:33:07.335,0.9655,0.96563,3.83,1.00
2014.01.10 03:33:07.386,0.96552,0.96568,1.65,1.00
2014.01.10 03:33:07.587,0.96551,0.96564,1.90,1.00
2014.01.10 03:33:18.356,0.96551,0.96569,2.40,1.00
2014.01.10 03:33:18.608,0.96552,0.96573,1.65,1.00
2014.01.10 03:33:18.709,0.96554,0.96573,1.28,1.00
2014.01.10 03:33:19.061,0.96557,0.96573,1.53,1.00
2014.01.10 03:33:19.289,0.96553,0.96573,5.63,1.00
2014.01.10 03:33:25.475,0.96557,0.96573,2.33,1.00
2014.01.10 03:33:25.576,0.96555,0.96573,1.15,1.00
2014.01.10 03:33:25.677,0.96561,0.96579,1.18,1.00
2014.01.10 03:33:27.543,0.96561,0.96579,1.00,1.20
2014.01.10 03:33:27.644,0.96556,0.96574,1.28,1.00
2014.01.10 03:33:28.592,0.96562,0.96578,1.10,1.00
2014.01.10 03:33:37.423,0.96556,0.96574,3.45,1.00
2014.01.10 03:33:37.575,0.96555,0.96574,1.53,1.00
2014.01.10 03:33:37.776,0.96552,0.96574,2.40,1.00
2014.01.10 03:33:42.365,0.96556,0.96574,1.18,1.00
2014.01.10 03:33:44.134,0.96555,0.96573,3.45,1.00
2014.01.10 03:33:46.324,0.96556,0.96574,1.65,1.00
2014.01.10 03:34:02.671,0.96557,0.96574,3.08,1.00
2014.01.10 03:34:30.140,0.96562,0.96578,1.18,1.00
2014.01.10 03:34:43.621,0.96562,0.96578,1.15,1.00
2014.01.10 03:34:51.231,0.96557,0.96578,1.90,1.00
2014.01.10 03:34:51.382,0.96558,0.96578,3.83,1.00
2014.01.10 03:34:53.072,0.96561,0.96578,2.70,1.00
2014.01.10 03:34:53.173,0.96565,0.96584,1.18,1.00
2014.01.10 03:34:53.325,0.96564,0.96584,3.45,1.00
2014.01.10 03:34:53.631,0.96569,0.96584,3.45,1.00
2014.01.10 03:34:54.113,0.96571,0.96589,1.53,1.00
2014.01.10 03:34:54.553,0.96569,0.96583,3.45,1.00
2014.01.10 03:34:55.058,0.96566,0.96583,1.53,1.00
2014.01.10 03:34:58.458,0.96569,0.96583,2.33,1.00
2014.01.10 03:35:06.845,0.96569,0.96583,1.15,1.00
2014.01.10 03:35:07.198,0.96567,0.96583,1.18,1.00
2014.01.10 03:35:07.439,0.96567,0.96583,1.10,1.00
2014.01.10 03:35:12.814,0.96562,0.96584,1.65,1.00
2014.01.10 03:35:13.336,0.96567,0.96583,1.00,1.00
2014.01.10 03:35:13.654,0.96567,0.96583,1.38,1.00
2014.01.10 03:35:18.944,0.96567,0.96583,1.45,1.00
2014.01.10 03:35:19.923,0.96567,0.96583,1.55,1.00
2014.01.10 03:35:20.843,0.96562,0.96578,4.58,1.00
2014.01.10 03:35:20.944,0.96562,0.96578,2.40,1.00
2014.01.10 03:35:22.334,0.96562,0.96578,2.03,1.00
2014.01.10 03:35:22.385,0.96562,0.96573,1.20,1.00
2014.01.10 03:35:22.486,0.96557,0.96573,2.40,1.00
2014.01.10 03:35:22.637,0.96557,0.96573,1.65,1.00
2014.01.10 03:35:26.732,0.96557,0.96573,1.10,1.00
2014.01.10 03:35:27.167,0.96557,0.96573,1.08,1.00
2014.01.10 03:35:28.288,0.96557,0.96573,1.18,1.00
2014.01.10 03:35:28.339,0.96557,0.96573,1.10,1.00
2014.01.10 03:35:28.703,0.96557,0.96573,1.00,1.08
2014.01.10 03:35:28.904,0.96551,0.96574,1.55,1.15
2014.01.10 03:35:28.955,0.96551,0.96574,1.48,1.15
2014.01.10 03:35:29.207,0.96551,0.96574,1.00,1.15
2014.01.10 03:35:29.258,0.96551,0.96574,1.08,1.15
2014.01.10 03:35:29.322,0.96551,0.96574,1.15,1.18
2014.01.10 03:35:29.930,0.96556,0.96574,1.00,1.18
2014.01.10 03:35:37.953,0.96556,0.96574,1.18,1.00
2014.01.10 03:35:38.161,0.96556,0.96578,1.00,1.15
2014.01.10 03:35:38.262,0.96556,0.96579,1.18,1.15
2014.01.10 03:35:38.424,0.96562,0.96578,1.00,1.08
2014.01.10 03:35:38.474,0.96562,0.96578,1.00,1.00
2014.01.10 03:35:40.354,0.96557,0.96579,2.40,1.00
2014.01.10 03:35:40.455,0.96557,0.96579,1.65,1.08
2014.01.10 03:35:40.556,0.96556,0.96579,3.83,1.10
2014.01.10 03:35:44.103,0.96557,0.96573,1.65,1.00
2014.01.10 03:35:44.153,0.96557,0.96573,1.65,1.00
2014.01.10 03:35:44.506,0.96557,0.96578,1.10,1.10
2014.01.10 03:35:44.556,0.96557,0.96578,1.18,1.10
2014.01.10 03:35:44.932,0.96555,0.96573,1.28,1.00
2014.01.10 03:35:50.334,0.96558,0.96578,1.65,1.00
2014.01.10 03:35:51.044,0.96557,0.96578,1.93,1.10
2014.01.10 03:36:09.413,0.96554,0.96573,1.28,1.00
2014.01.10 03:36:21.154,0.96557,0.96578,1.55,1.18
2014.01.10 03:36:48.456,0.96557,0.96578,1.48,1.15
2014.01.10 03:36:48.708,0.96551,0.96574,1.00,1.15
2014.01.10 03:36:48.961,0.96551,0.96573,1.00,2.33
2014.01.10 03:36:49.264,0.96547,0.96564,1.65,1.00
2014.01.10 03:36:49.516,0.96543,0.96559,1.15,1.00
2014.01.10 03:36:50.113,0.96546,0.96564,1.10,1.10
2014.01.10 03:36:50.213,0.96546,0.96564,1.18,1.10
2014.01.10 03:36:50.589,0.96546,0.96564,3.45,1.00
2014.01.10 03:36:57.165,0.96551,0.96574,1.28,1.08
2014.01.10 03:36:57.216,0.96553,0.96574,1.28,1.10
2014.01.10 03:36:57.317,0.96553,0.96574,1.28,1.00
2014.01.10 03:36:57.368,0.96561,0.96579,1.00,1.18
2014.01.10 03:36:57.620,0.96554,0.96573,1.53,1.00
2014.01.10 03:36:57.821,0.96562,0.96578,1.00,1.10
2014.01.10 03:37:02.659,0.96556,0.96574,2.70,1.00
2014.01.10 03:37:03.379,0.96554,0.96574,2.33,1.00
2014.01.10 03:37:04.142,0.96553,0.96574,3.45,1.00
2014.01.10 03:37:05.101,0.96562,0.96578,1.10,1.10
2014.01.10 03:37:05.405,0.96556,0.96574,3.08,1.00
2014.01.10 03:37:05.612,0.96562,0.96578,1.10,1.00
2014.01.10 03:37:08.481,0.96562,0.96578,1.00,1.18
2014.01.10 03:37:08.582,0.96557,0.96578,1.15,1.18
2014.01.10 03:37:08.684,0.96557,0.96578,1.08,1.53
2014.01.10 03:37:08.734,0.96557,0.96578,1.00,2.03
2014.01.10 03:37:13.656,0.96549,0.96568,1.53,1.00
2014.01.10 03:37:14.123,0.96547,0.96568,3.83,1.00
2014.01.10 03:37:14.432,0.96552,0.96573,1.18,1.10
2014.01.10 03:37:23.541,0.96556,0.96574,1.00,1.18
2014.01.10 03:37:23.871,0.96552,0.96573,1.18,1.10
2014.01.10 03:37:34.609,0.96552,0.96573,1.10,1.08
2014.01.10 03:37:44.692,0.96548,0.96569,1.15,1.00
2014.01.10 03:37:55.734,0.96548,0.96569,1.15,1.00
2014.01.10 03:38:00.346,0.96548,0.96564,1.15,1.00
2014.01.10 03:38:00.447,0.96546,0.96564,1.65,1.00
2014.01.10 03:38:00.998,0.96546,0.96564,1.65,1.00
2014.01.10 03:38:21.870,0.96542,0.96558,1.53,1.00
2014.01.10 03:38:22.323,0.96547,0.96568,1.10,1.28
2014.01.10 03:38:22.474,0.96547,0.96568,1.15,1.00
2014.01.10 03:38:42.603,0.96547,0.96568,1.18,1.10
2014.01.10 03:39:01.580,0.96542,0.96563,5.70,1.00
2014.01.10 03:39:08.371,0.96542,0.96563,1.15,1.00
2014.01.10 03:39:08.422,0.9654,0.96559,1.28,1.00
2014.01.10 03:39:08.473,0.9654,0.96559,1.28,1.00
2014.01.10 03:39:09.027,0.96536,0.96559,1.15,1.18
2014.01.10 03:39:09.355,0.96536,0.96559,1.10,1.15
2014.01.10 03:39:09.658,0.96535,0.96549,2.70,1.00
2014.01.10 03:39:09.809,0.96535,0.96549,1.15,1.00
2014.01.10 03:39:09.860,0.96535,0.96554,1.15,1.00
2014.01.10 03:39:10.062,0.96534,0.96549,1.65,1.00
2014.01.10 03:39:10.163,0.96534,0.96549,1.18,1.00
2014.01.10 03:39:21.927,0.96537,0.96553,1.00,1.00
2014.01.10 03:39:22.110,0.96532,0.96548,1.15,1.00
2014.01.10 03:39:34.582,0.96534,0.96548,1.15,1.00
2014.01.10 03:39:34.885,0.96537,0.96553,1.15,1.00
2014.01.10 03:39:35.137,0.96541,0.96559,1.00,1.53
2014.01.10 03:39:35.188,0.96541,0.96559,1.00,1.15
2014.01.10 03:39:35.339,0.96541,0.96559,1.18,1.00
2014.01.10 03:39:43.340,0.96538,0.96554,1.15,1.00
2014.01.10 03:39:44.659,0.96541,0.96559,1.18,1.00
2014.01.10 03:39:49.389,0.96538,0.96554,1.15,1.00
2014.01.10 03:39:55.755,0.96538,0.96554,1.15,1.00
2014.01.10 03:40:00.059,0.96541,0.96559,1.15,1.00
2014.01.10 03:40:25.799,0.96537,0.96553,3.08,1.00
2014.01.10 03:40:27.894,0.96542,0.96558,1.18,1.00
2014.01.10 03:40:27.945,0.96542,0.96558,1.18,1.00
2014.01.10 03:40:31.490,0.96538,0.96558,2.33,1.13
2014.01.10 03:40:31.541,0.96537,0.96558,1.15,1.13
2014.01.10 03:40:41.167,0.96539,0.96554,1.18,1.00
2014.01.10 03:40:41.350,0.96536,0.96554,1.00,1.08
2014.01.10 03:40:41.614,0.96531,0.96549,1.65,1.00
2014.01.10 03:41:00.300,0.96537,0.96553,1.00,1.48
2014.01.10 03:41:06.415,0.96537,0.96553,1.08,1.00
2014.01.10 03:41:06.617,0.96536,0.96559,3.83,1.13
2014.01.10 03:41:18.120,0.96542,0.96558,1.10,1.00
2014.01.10 03:41:18.221,0.96542,0.96558,1.15,1.00
2014.01.10 03:41:21.861,0.96538,0.96559,3.45,1.00
2014.01.10 03:41:22.384,0.96539,0.96559,2.70,1.00
2014.01.10 03:41:22.536,0.96547,0.96563,1.00,1.00
2014.01.10 03:41:22.638,0.96539,0.96559,2.70,1.00
2014.01.10 03:41:22.739,0.96537,0.96559,2.70,1.00
2014.01.10 03:41:26.871,0.96536,0.96559,1.18,1.15
2014.01.10 03:41:26.972,0.96536,0.96559,1.20,1.53
2014.01.10 03:41:27.023,0.96536,0.96559,1.10,3.45
2014.01.10 03:41:27.546,0.96536,0.96558,1.00,2.70
2014.01.10 03:41:27.868,0.96542,0.96558,1.08,1.13
2014.01.10 03:41:29.590,0.96542,0.96564,1.65,1.00
2014.01.10 03:41:29.691,0.96542,0.96564,1.53,1.38
2014.01.10 03:41:29.842,0.96541,0.96564,1.53,1.55
2014.01.10 03:41:30.329,0.96547,0.96563,1.00,1.20
2014.01.10 03:41:30.869,0.96547,0.96563,1.00,1.00
2014.01.10 03:41:34.720,0.96547,0.96563,1.15,1.00
2014.01.10 03:41:34.839,0.96551,0.96574,1.00,3.83
2014.01.10 03:41:35.930,0.96551,0.96574,1.65,1.28
2014.01.10 03:41:36.032,0.96554,0.96574,1.08,1.08
2014.01.10 03:41:36.082,0.96554,0.96574,3.08,1.00
2014.01.10 03:41:36.284,0.96552,0.96574,1.28,1.00
2014.01.10 03:41:41.549,0.96551,0.96563,2.70,1.00
2014.01.10 03:41:41.701,0.96549,0.96563,2.63,1.00
2014.01.10 03:41:41.802,0.96547,0.96563,1.53,1.00
2014.01.10 03:41:41.903,0.96552,0.96568,1.00,1.10
2014.01.10 03:41:44.089,0.96547,0.96568,1.15,1.00
2014.01.10 03:42:02.730,0.96547,0.96568,6.75,1.00
2014.01.10 03:42:04.354,0.96548,0.96563,1.15,1.00
2014.01.10 03:42:04.556,0.96547,0.96563,1.10,1.00
2014.01.10 03:42:07.139,0.96541,0.96564,4.58,1.10
2014.01.10 03:42:07.190,0.96541,0.96564,1.65,1.18
2014.01.10 03:42:09.320,0.96538,0.96559,1.15,1.00
2014.01.10 03:42:12.068,0.96542,0.96563,1.10,1.10
2014.01.10 03:42:17.578,0.96538,0.96558,1.15,1.00
2014.01.10 03:42:27.638,0.96538,0.96558,1.15,1.00
2014.01.10 03:42:29.361,0.96537,0.96554,1.15,1.00
2014.01.10 03:42:29.512,0.96536,0.96554,1.15,1.00
2014.01.10 03:42:30.349,0.96534,0.96549,1.15,1.00
2014.01.10 03:42:40.193,0.96534,0.96549,1.15,1.00
2014.01.10 03:42:44.629,0.96537,0.96553,1.00,1.00
2014.01.10 03:42:46.608,0.96532,0.96548,1.53,1.00
2014.01.10 03:42:46.860,0.96537,0.96553,1.00,1.13
2014.01.10 03:42:47.012,0.96537,0.96553,1.00,1.20
2014.01.10 03:42:47.687,0.96537,0.96553,1.00,1.53
2014.01.10 03:42:50.568,0.96532,0.96548,1.10,1.00
2014.01.10 03:42:50.619,0.96532,0.96548,1.18,1.00
2014.01.10 03:42:50.975,0.96532,0.96548,3.08,1.00
2014.01.10 03:42:54.309,0.96536,0.96554,1.15,1.38
2014.01.10 03:43:00.909,0.96532,0.96549,2.33,1.00
2014.01.10 03:43:11.718,0.96531,0.96549,4.20,1.00
2014.01.10 03:43:30.637,0.96537,0.96553,1.10,1.38
2014.01.10 03:43:30.688,0.96537,0.96553,1.10,1.00
2014.01.10 03:43:40.674,0.96541,0.96559,1.00,1.53
2014.01.10 03:43:40.880,0.96536,0.96559,1.08,1.53
2014.01.10 03:43:41.114,0.96537,0.96559,2.33,1.00
2014.01.10 03:43:41.758,0.96542,0.96559,2.33,1.00
2014.01.10 03:43:41.858,0.96546,0.96564,1.15,1.00
2014.01.10 03:43:44.158,0.96541,0.96564,1.65,1.00
2014.01.10 03:43:44.827,0.9654,0.96558,1.15,1.00
2014.01.10 03:43:46.058,0.9654,0.96558,1.15,1.00
2014.01.10 03:44:00.339,0.96537,0.96553,5.25,1.00
2014.01.10 03:44:03.086,0.96537,0.96558,6.38,1.00
2014.01.10 03:44:33.129,0.96537,0.96553,4.50,1.00
2014.01.10 03:44:33.230,0.96532,0.96553,2.03,1.00
2014.01.10 03:44:33.381,0.96532,0.96543,1.20,1.00
2014.01.10 03:44:33.434,0.96532,0.96543,1.13,1.00
2014.01.10 03:44:33.590,0.96531,0.96554,1.58,1.53
2014.01.10 03:44:33.847,0.96531,0.96554,1.20,1.28
2014.01.10 03:44:33.948,0.96531,0.96554,1.18,1.18
2014.01.10 03:44:33.999,0.96531,0.96554,1.15,1.20
2014.01.10 03:44:34.267,0.96532,0.96554,2.33,1.10
2014.01.10 03:44:34.569,0.96537,0.96558,1.15,1.00
2014.01.10 03:44:45.795,0.96542,0.96563,1.00,1.28
2014.01.10 03:44:46.324,0.96542,0.96563,1.08,1.20
2014.01.10 03:44:46.375,0.96542,0.96563,1.15,1.20
2014.01.10 03:44:54.832,0.96539,0.96559,1.15,1.00
2014.01.10 03:45:03.835,0.96539,0.96553,1.15,1.00
2014.01.10 03:45:06.673,0.96539,0.96553,1.15,1.00
2014.01.10 03:45:13.636,0.96542,0.96558,1.10,1.00
2014.01.10 03:45:13.888,0.96537,0.96553,1.15,1.00
2014.01.10 03:45:13.989,0.96537,0.96553,1.15,1.00
2014.01.10 03:45:14.090,0.96537,0.96558,1.15,1.00
2014.01.10 03:45:16.407,0.96536,0.96554,1.65,1.00
2014.01.10 03:45:16.806,0.96536,0.96554,1.28,1.00
2014.01.10 03:45:26.386,0.96532,0.96548,1.28,1.00
2014.01.10 03:45:39.307,0.96527,0.96548,3.83,1.00
2014.01.10 03:45:39.845,0.96527,0.96549,2.70,1.00
2014.01.10 03:45:48.000,0.96527,0.96549,2.70,1.38
2014.01.10 03:45:54.308,0.96526,0.96549,1.28,1.55
2014.01.10 03:46:40.634,0.96524,0.96554,3.08,3.08
2014.01.10 03:46:54.718,0.96524,0.96556,1.50,1.75
2014.01.10 03:46:55.662,0.96524,0.96556,1.08,1.83
2014.01.10 03:46:56.626,0.96525,0.96555,2.33,3.08
2014.01.10 03:47:17.653,0.96532,0.96548,1.00,1.18
2014.01.10 03:47:17.882,0.96527,0.96548,1.10,1.18
2014.01.10 03:47:17.933,0.96527,0.96548,1.18,1.08
2014.01.10 03:47:18.645,0.96527,0.96548,1.15,1.00
2014.01.10 03:47:26.863,0.96532,0.96553,1.00,1.53
2014.01.10 03:47:41.602,0.96527,0.96548,1.53,1.00
2014.01.10 03:47:59.696,0.96527,0.96548,1.53,1.10
2014.01.10 03:48:00.373,0.96527,0.96548,1.55,1.48
2014.01.10 03:48:33.945,0.96523,0.96543,2.70,1.00
2014.01.10 03:48:34.822,0.96527,0.96548,1.18,1.48
2014.01.10 03:48:40.565,0.96527,0.96548,1.18,1.48
2014.01.10 03:48:41.601,0.96527,0.96548,1.15,1.58
2014.01.10 03:48:42.397,0.96527,0.96548,1.15,1.58
2014.01.10 03:48:43.732,0.96527,0.96548,1.15,1.58
2014.01.10 03:48:44.902,0.96527,0.96548,1.28,1.58
2014.01.10 03:48:45.434,0.96527,0.96548,1.28,1.20
2014.01.10 03:48:46.719,0.96527,0.96548,2.03,1.20
2014.01.10 03:48:47.022,0.96537,0.96553,1.00,1.00
2014.01.10 03:48:47.602,0.96537,0.96553,1.00,1.38
2014.01.10 03:48:50.922,0.96531,0.96549,1.15,1.00
2014.01.10 03:49:01.925,0.96531,0.96549,1.18,1.00
2014.01.10 03:49:02.026,0.96531,0.96549,1.15,1.00
2014.01.10 03:49:13.141,0.9653,0.96548,2.33,1.00
2014.01.10 03:49:13.242,0.96527,0.96548,1.65,1.00
2014.01.10 03:49:13.801,0.96526,0.96544,1.53,1.00
2014.01.10 03:49:19.081,0.96527,0.96548,1.28,1.00
2014.01.10 03:49:22.822,0.96531,0.96549,1.20,1.13
2014.01.10 03:49:22.974,0.96531,0.96549,1.18,1.13
2014.01.10 03:49:29.312,0.96531,0.96554,1.15,1.55
2014.01.10 03:49:31.384,0.96531,0.96554,1.15,1.18
2014.01.10 03:49:36.584,0.96529,0.96544,1.08,1.00
2014.01.10 03:49:36.635,0.96529,0.96544,1.00,1.00
2014.01.10 03:49:36.836,0.96532,0.96552,1.00,2.70
2014.01.10 03:49:37.189,0.96532,0.96552,1.00,1.15
2014.01.10 03:50:02.638,0.96532,0.96555,1.00,1.28
2014.01.10 03:50:02.689,0.96532,0.96554,1.00,2.33
2014.01.10 03:50:02.840,0.96537,0.96558,1.18,1.28
2014.01.10 03:50:23.623,0.96537,0.96558,1.18,1.08
2014.01.10 03:50:24.404,0.96537,0.96558,1.15,1.00
2014.01.10 03:50:27.981,0.96531,0.96549,1.65,1.00
2014.01.10 03:50:28.143,0.96537,0.96558,1.00,1.53
2014.01.10 03:50:28.243,0.96537,0.96558,1.08,1.08
2014.01.10 03:50:28.344,0.96537,0.96558,1.15,1.00
2014.01.10 03:50:29.202,0.96535,0.96553,2.70,1.00
2014.01.10 03:50:29.862,0.96536,0.96559,1.28,1.20
2014.01.10 03:50:35.352,0.96536,0.96559,1.15,1.48
2014.01.10 03:50:35.403,0.96535,0.96554,3.45,1.00
2014.01.10 03:50:41.333,0.96536,0.96559,1.15,1.20
2014.01.10 03:50:45.622,0.96535,0.96553,3.08,1.00
2014.01.10 03:50:55.775,0.96532,0.96553,1.53,1.13
2014.01.10 03:51:01.611,0.96532,0.96553,1.15,1.20
2014.01.10 03:51:01.662,0.96532,0.96553,1.08,1.28
2014.01.10 03:51:21.669,0.96532,0.96553,1.15,1.10
2014.01.10 03:51:42.533,0.96532,0.96553,1.18,1.08
2014.01.10 03:51:45.903,0.96537,0.96553,1.00,1.08
2014.01.10 03:51:46.756,0.96537,0.96553,1.10,1.00
2014.01.10 03:51:57.453,0.96537,0.96553,1.15,1.00
2014.01.10 03:51:57.604,0.96542,0.96563,1.00,1.65
2014.01.10 03:51:57.655,0.96542,0.96563,1.18,1.28
2014.01.10 03:51:59.651,0.96537,0.96559,3.08,1.00
2014.01.10 03:52:02.294,0.96541,0.96559,1.65,1.00
2014.01.10 03:52:02.445,0.96547,0.96563,1.00,1.00
2014.01.10 03:52:02.873,0.9654,0.96558,3.08,1.00
2014.01.10 03:52:22.692,0.96539,0.96558,3.08,1.00
2014.01.10 03:52:25.722,0.96541,0.96564,1.28,1.00
2014.01.10 03:52:40.571,0.9654,0.96559,1.53,1.00
2014.01.10 03:53:23.390,0.96536,0.96559,2.63,1.00
2014.01.10 03:53:28.569,0.96541,0.96564,1.00,1.00
2014.01.10 03:53:37.420,0.96541,0.96564,1.38,1.00
2014.01.10 03:53:45.653,0.96541,0.96564,1.45,1.08
2014.01.10 03:53:59.689,0.96541,0.96564,1.08,1.53
2014.01.10 03:53:59.739,0.96541,0.96564,1.00,1.53
2014.01.10 03:54:20.664,0.96541,0.96564,1.18,1.53
2014.01.10 03:54:44.690,0.96536,0.96559,3.83,1.00
2014.01.10 03:55:01.632,0.96537,0.96559,2.70,1.00
2014.01.10 03:55:08.366,0.96541,0.96564,1.15,1.53
2014.01.10 03:55:18.816,0.96537,0.96559,3.08,1.00
2014.01.10 03:55:19.156,0.96547,0.96563,1.00,1.15
2014.01.10 03:55:20.158,0.96547,0.96563,1.00,1.15
2014.01.10 03:55:23.974,0.96541,0.96559,1.00,1.20
2014.01.10 03:55:24.477,0.96542,0.96563,1.00,1.15
2014.01.10 03:55:27.066,0.96537,0.96558,1.53,1.00
2014.01.10 03:55:27.947,0.96542,0.96563,1.00,1.15
2014.01.10 03:55:28.136,0.96542,0.96563,1.20,1.15
2014.01.10 03:55:30.167,0.96541,0.96559,1.53,1.00
2014.01.10 03:55:30.716,0.96541,0.96559,1.00,1.18
2014.01.10 03:55:31.257,0.96538,0.96559,1.15,1.18
2014.01.10 03:55:31.670,0.96536,0.96559,4.20,1.00
2014.01.10 03:55:34.896,0.96537,0.96553,1.90,1.00
2014.01.10 03:55:34.947,0.96537,0.96553,1.90,1.00
2014.01.10 03:55:35.480,0.96537,0.96553,1.65,1.00
2014.01.10 03:56:02.155,0.96542,0.96563,1.00,1.15
2014.01.10 03:56:02.206,0.96542,0.96563,1.10,1.18
2014.01.10 03:56:22.698,0.96542,0.96563,1.18,1.18
2014.01.10 03:56:23.746,0.96542,0.96563,1.15,1.20
2014.01.10 03:56:27.116,0.96538,0.96558,1.53,1.00
2014.01.10 03:56:28.986,0.96542,0.96563,1.15,1.20
2014.01.10 03:56:43.707,0.96542,0.96563,1.15,1.00
2014.01.10 03:56:49.886,0.96546,0.96564,1.00,1.10
2014.01.10 03:57:04.562,0.96546,0.96564,1.00,1.08
2014.01.10 03:57:05.026,0.96552,0.96568,1.00,1.15
2014.01.10 03:57:06.834,0.96546,0.96564,1.00,1.18
2014.01.10 03:57:11.335,0.96542,0.96563,1.15,1.10
2014.01.10 03:57:11.542,0.96542,0.96563,1.00,1.15
2014.01.10 03:57:11.988,0.96536,0.96559,2.78,1.00
2014.01.10 03:57:13.896,0.96541,0.96564,1.10,1.15
2014.01.10 03:57:23.654,0.96536,0.96559,1.53,1.00
2014.01.10 03:57:53.665,0.96542,0.96563,1.00,1.15
2014.01.10 03:58:08.803,0.96537,0.96553,1.53,1.00
2014.01.10 03:58:08.904,0.96537,0.96553,1.53,1.00
2014.01.10 03:58:10.893,0.96536,0.96559,1.28,1.15
2014.01.10 03:58:11.044,0.96536,0.96559,3.83,1.08
2014.01.10 03:58:11.890,0.96536,0.96559,3.08,1.00
2014.01.10 03:58:37.327,0.96536,0.96559,1.15,1.18
2014.01.10 03:58:41.112,0.96536,0.96559,1.15,1.55
2014.01.10 03:58:41.414,0.96532,0.96553,1.13,1.15
2014.01.10 03:59:01.693,0.96532,0.96553,1.13,1.15
2014.01.10 03:59:20.207,0.96531,0.96554,1.20,1.15
2014.01.10 03:59:22.677,0.96531,0.96554,1.20,1.15
2014.01.10 03:59:43.642,0.96531,0.96554,1.20,1.15
2014.01.10 03:59:54.131,0.96531,0.96554,1.20,1.18
2014.01.10 03:59:54.182,0.96531,0.96554,1.28,1.20
2014.01.10 03:59:58.925,0.96532,0.96559,2.70,2.03
2014.01.10 03:59:58.975,0.96532,0.96559,2.70,2.03
2014.01.10 03:59:59.026,0.96534,0.96559,3.08,1.45
